event 0
-4995.89 -6494.05 -11107.9 13803.2 -1
3635.81 5047.74 -14633.3 15901.1 -1
-2684.48 -3844.96 -5613.44 7315.19 1
1161.16 2669.85 -6153.4 6808.22 1
event 1
30654.8 52626.8 -142898 155335 -1
6848.85 11247.8 -27864 30819.3 1
-5426.82 -7414.4 -10484.2 13941.1 -1
-5870.69 -5662.76 -8765.97 11974.4 1
event 2
-17793 -20279.2 -35048.3 44229.3 1
10305.6 19213.5 -51336.7 55774.8 1
11559.5 17837.7 -46900.1 51492.1 -1
-2105.94 -3130.67 -4366.67 5771.92 -1
event 3
10614.6 17570.2 -44891.1 49361.9 -1
-10812.5 -13968.9 -24156.6 29926.4 1
-3104.49 -3549.87 -4781.5 6716.64 -1
2239.51 3096.89 -8894.66 9681.54 1
