event 0
-10042.8 -16886 -1304.6 19690.3 -1
-7597.56 -14381.6 -1296.06 16317 1
4514.98 -5129.5 -46.0677 6834.48 1
1109.83 2802.13 -9962.2 10408.7 1
event 1
-8399.11 -17110.7 -2093.87 19175.9 1
9904.57 -12853.2 -286.09 16229.6 1
6222.82 12370.9 -47353.6 49337 -1
3487.53 7683.16 -27134.2 28416 1
event 2
-18096.1 -30917 -1829.09 35870.3 -1
-6215.93 -13148.4 -1474.35 14618.6 1
5223.52 12688.3 -46747 48719.3 -1
5226.83 10329.7 -37387.9 39139.4 1
event 3
-10712.5 -19314.2 -684.737 22097 -1
6666.99 13561.5 -45797.5 48226.4 1
3819.75 8618.09 -32608.9 33944.3 -1
3368.41 -5938.61 1072.26 6911.88 1
event 4
-18822.6 -31842.1 -811.66 36998.4 -1
11575.8 23219 -82724 86697.1 1
4341.22 10265.8 -38684.1 40258 -1
4203.48 -5788.27 411.531 7166.15 1
