event 0
6009.21 11514.6 15239.1 20023.5 1
5403.84 2675.31 3060.92 6763.08 -1
895.456 3146.3 3308.41 4653.79 -1
-2815.25 -999.418 -1584.38 3383.18 -1
event 1
-7299.37 -13867.4 5685.7 16671 -1
4748.06 7410.15 2809.9 9239.1 1
2385.14 2393.55 453.368 3410.97 1
1502.8 1803.63 577.532 2419.96 -1
event 2
-5244.58 -10801.2 -50314.6 51727.6 -1
-7710.9 -7824.95 -64072.3 65007.4 -1
-3673.27 -3740.47 -23150.8 23737.2 1
-1462.77 -4643.79 -19463 20063 1
event 3
-12557 -23954.3 -106135 109527 -1
10664.6 18685 -12701.5 24984 1
-14563 -13993.5 -106546 108444 1
-1528.13 -2920.07 -12278.1 12713.1 1
