event 0
23274.7 -3979.17 18983.3 30297.2 -1
12644.4 -2498.12 8649.92 15522.7 1
-9045.79 -4637.96 -49711.6 50740.4 -1
-6849.39 5382.64 -42925.7 43800.9 1
event 1
7407.58 -1584.42 5052.05 9105.88 -1
6950.55 -1049.91 6244.19 9402.84 1
-3928.57 -1751.85 -22278.5 22690.2 -1
-2905.43 2186.48 -20347 20669.7 1
event 2
7853.05 -1353.79 6147.76 10065.2 1
-1813.06 3831.43 5919.06 7281.03 1
-3382.34 2193.09 -18261.7 18701.7 1
-2765.94 -880.686 -15236.4 15510.8 -1
event 3
17708.8 -2800.27 14936.3 23335.6 -1
14757.4 -4127.27 9565.51 18064.5 1
-3151.77 1693.5 9605.66 10250.9 1
-2818.69 2193.8 -19636.5 19959 1
