event 0
4825.55 1782.45 5532.18 7555.07 -1
4539.27 614.765 3711.49 5896.54 1
-3577.93 1428.49 -537.268 3891.27 -1
-3319.68 995.366 -108.935 3469.02 1
event 1
-12394.8 8088.57 -28352.7 31983.5 1
-5582.04 9919.49 -406.281 11390 1
8582.98 -6871.24 1219.35 11062.5 1
2636.1 -2529.84 1508.81 3954.34 -1
event 2
-19845.6 15023 -46034.8 52333.1 -1
-6474.48 8676.6 570.648 10841.5 -1
-2230.31 6803.52 52.453 7160.73 1
4135.28 -4103.84 1951.62 6145.08 -1
event 3
-13170.5 21025.3 2184.36 24906 1
13152.8 -12242.5 1927.37 18072.1 1
-10195.4 7613.13 -23584.5 26798.2 -1
5694.22 -6039.57 3586.84 9043.07 -1
