event 0
-3705.06 -32867.6 7970.57 34022.7 1
-3526.4 -9931.7 -458.003 10549.6 1
-412.639 -4608.07 -1819.21 4972.45 -1
404.475 -2650.65 -483.86 2726.69 1
event 1
-1311.97 -11749.7 3472.28 12322.5 1
533.997 -8354.34 -3593.25 9110.59 1
-1097.21 -4600.26 10.1576 4730.49 -1
-482.788 -3718.26 -1594.93 4075.97 1
event 2
-743.04 -9121.22 1949.43 9357.36 1
-53.318 -6757.1 -2206.18 7109.13 1
-347.118 -5912.64 -1074.37 6020.4 1
-856.964 -5365.52 -427.482 5451.34 -1
event 3
-671.778 -8883.64 1715.01 9073.2 1
-36.0152 -4081.84 -1825.57 4472.88 1
800.631 -3711.15 -57.7104 3798.43 -1
37.5552 -2933.32 -39.7302 2935.73 -1
