event 0
4018.24 4858.86 5885.78 8626.02 -1
2733.86 5584.52 7086.99 9428.55 1
-2356.32 -2072.15 -1670.4 3556.32 -1
-1106.27 -2117.74 7132.09 7522.4 1
event 1
4811.71 5285.13 5724.78 9158.02 -1
2144.05 3769.87 5287.64 6839.53 1
-1843.72 -2823.22 15155.1 15526.1 1
963.258 -3015.05 -33.9011 3167.13 1
event 2
-5877.17 1589.2 -12644.6 14034.4 -1
3525.74 3027.32 4299.47 6331.83 1
3203.36 1053.61 3483.76 4849.68 -1
-2020.75 190.623 -4785.13 5198.88 1
event 3
8001.11 3719.3 9875.57 13243.5 1
-6996.48 2082.15 -16798.1 18315.9 -1
4588.96 3272.7 6627.57 8700.86 -1
-4355.76 772.057 -11450.4 12275.6 1
