event 0
-1494.54 7621.42 -1433.9 7898.53 1
-1544.46 -4401.01 -25995.1 26410.5 -1
3336.17 -874.662 5264.98 6294.94 1
1639.17 1657.59 -6735.59 7128.38 -1
event 1
-3629.08 17430.7 -3333.13 18114.1 1
103.014 -14614.3 -72594.4 74050.9 -1
3423.03 110.315 -9209.15 9825.93 1
2116.26 -29.1685 3211.22 3847.4 1
event 2
-2766.25 12038.8 -1906.34 12499.2 1
-801.689 -11901.6 -64102.3 65202.8 -1
8399.59 3072.65 -34827.1 35957.4 1
-370.154 -4770.63 -21480 22006.8 1
event 3
-2007.33 6774.77 -1308.05 7186.73 1
-1040.6 -5703.79 -25684.6 26331.1 -1
4108.44 3030.09 -16696 17459.3 1
-444.32 -4904.16 -21807.5 22356.8 1
event 4
-440.767 -5515.17 -25832.2 26418.2 1
289.656 -4843.25 -22495.7 23013.2 -1
-1140.54 4283.08 -607.05 4474.97 1
2213.25 2033.86 -7960.52 8509.77 -1
