event 0
3154.59 -5647.43 -12779.5 14323.8 1
4599.15 -3561.22 -11266.4 12679.8 -1
-2110.84 2931.88 -10328.1 10942.2 -1
-2462.7 872.308 -3793.25 4607.13 -1
event 1
5508.24 -7122.06 -14492 17061.5 1
-4854 2677.52 -9299.05 10826.5 -1
211.566 -4979.13 -8354.44 9728.53 -1
-2478.29 2011.74 -3994.3 5114.16 -1
event 2
5032.31 -6640.28 -15453.6 17556.8 1
3770.41 -5191.54 -11539.8 13204 -1
-3826.82 2974.01 -12298.5 13219.4 -1
-3063.93 741.246 -6188.01 6945.48 -1
event 3
4297.63 -5550.99 -10592.5 12708.1 1
805.59 -5466.29 -8255.4 9934.39 -1
-2987.25 4003.76 -9824.13 11021.7 -1
1953.69 -1258.78 -5150.9 5651.93 -1
event 4
4446.4 -4586.45 -7803.31 10085.1 1
-4598.91 2359.36 -11535.4 12640.9 -1
2711.16 -3328.18 -8447.69 9476.38 -1
-2251.79 2111.4 -5700.26 6483.26 1
