event 0
-2612.63 4644.17 -2991.26 6111.71 -1
-3145.52 3874.02 -3595.23 6151.36 1
-20.0477 4103.09 -8041.61 9028.53 1
711.403 2956.24 -3312.57 4497.75 -1
event 1
-3418.38 7902.58 4861.54 9888.47 1
-714.493 -4082.23 1957.74 4584.65 1
-1335.71 3777.77 2592.62 4773.73 -1
-415.964 -3750.3 1193.63 3959 -1
event 2
7970.42 -506.592 -12867.3 15144.7 -1
4394.09 44.2295 -6767.63 8069.82 1
-3651.94 290.355 -6.06737 3665 -1
-1647.83 -1692.61 -360.501 2391.95 1
event 3
5234.81 301.63 -8667.19 10130.4 1
4793.25 1093.88 -6342.68 8025.74 -1
-3832.48 -971.165 881.234 4052.02 1
-3050.11 -497.653 -474.988 3128.51 -1
event 4
6692.47 1070.16 -12219.2 13973.3 -1
4997.57 -376.127 -8156.3 9573.58 1
-3720.85 -1613.83 -704.749 4117.89 -1
-3609.06 709.124 -490.1 3712.08 1
