event 0
7267.78 1788.75 2335.71 7841.36 -1
-6005.55 -89.8023 -9745.25 11448 1
-3542.52 142.901 -3366.9 4890.51 -1
3202.13 1251.88 1537.45 3767.72 1
event 1
-15470.1 43.9762 -20367.2 25576.6 1
13499.9 4814.16 4653.22 15069.4 -1
3352.65 755.06 2378.87 4180.97 1
-3273.41 -66.6198 -3762.03 4988.36 -1
event 2
6435.6 -2422.73 -7056.41 9853.46 -1
-3559.67 4050.96 -2370.29 5891.61 1
-2331.76 2263.45 289.271 3264.23 -1
2931.54 -694.382 -5253.29 6056.76 1
event 3
1211.93 -9191.94 -37079.8 38221.5 -1
-2897.46 5284.19 -3910.04 7184.53 1
-2794.21 4279.22 -4759.28 6984.35 -1
967.096 -3515.07 -13954.4 14423.2 1
