event 0
18184.9 12410.8 -1103.85 22044.3 1
9466.93 -12343.2 -6573.68 16887.9 -1
1854.62 -4697.64 -1464.51 5259.6 1
2209.52 1069.61 -353.135 2482.32 -1
event 1
8510.17 -13652 -4646.73 16745.3 -1
8421.3 4452.78 -788.659 9559.22 1
6166 4287.46 -1616.55 7682.85 -1
3406.95 -4756.9 -3699.23 6923.22 1
event 2
8934.72 -13514.2 -4152.86 16724.8 -1
3746.92 2384.89 -243.033 4449.42 1
2024.56 -3460.65 -1676.01 4346.85 1
1547.97 1277.54 78.5287 2011.38 -1
event 3
8176.27 -11816.4 -4745.68 15133.2 -1
4871.24 -7996.24 -4472.9 10377.2 1
6126.3 3710.04 -1402.49 7298.91 -1
2427.78 1904.34 381.16 3110.8 1
