event 0
-1067.69 10672.1 16210.2 19437.5 -1
-191.674 7864.05 14598.9 16583.7 1
-1232.23 -3492.64 -4109.69 5533.32 1
-1073.37 -1748.49 -1428.21 2502.05 -1
event 1
-2131.21 -8474.58 -7298.48 11385.9 -1
-237.38 7403.09 12248.3 14314.1 1
-499.488 4342.51 8116.07 9218.93 -1
-1465.65 -1413.32 -1344.27 2442.1 1
event 2
-4655.92 -9130.77 -10433.6 14626 1
-716.59 7703.63 11589.1 13934.8 1
-1003.87 -6750.23 -5004.63 8463.5 -1
-777.534 2592.5 5340.38 5988.03 -1
event 3
-7033.38 -13890.1 -24140.7 28726 -1
-4516.59 1308.64 -6831.75 8294.34 1
3316.23 -7.43706 -2397.9 4093.72 -1
1852.42 1961.39 -2990.04 4028.65 1
