event 0
-33763.1 13487.9 -145758 150224 1
-31009.2 13184.1 -146292 150123 -1
23336.2 4532.15 -50066.3 55423.5 -1
9115.15 1254.12 -18466 20631.6 1
event 1
34865.8 5403.04 -71639.8 79856.7 1
-6809.99 2948.91 -32749.9 33580.3 -1
-4020.2 1378.29 -16902.7 17429.1 1
4236.88 99.6273 -6965.25 8153.95 -1
event 2
-20980.9 8182.04 -94265.5 96918.2 1
17038.6 1683.44 -34652 38651.2 -1
-11782.9 5321.22 -52334.4 53907.8 -1
11315.6 2276.58 -22630.4 25404.2 1
event 3
-1057.85 6110.64 32234.7 32826 1
443.764 -4833.86 15889.4 16614.7 -1
-2493.61 3840.7 21519.2 22001.3 -1
1460.66 -2211.36 11574.1 11874.1 1
event 4
1004.41 11282.7 21768.4 24539.4 1
3118.73 -2649.02 -9558.74 10398.3 -1
927.441 -3413.9 -12276 12776 1
775.227 2378.33 4581.07 5220.61 -1
event 5
9386.94 -2780.78 -6620.04 11818.8 -1
-5945.9 343.218 660.127 5993.2 1
4127.37 -1709.69 -2997.77 5381.08 1
-2544.64 -184.156 -621.397 2628.01 -1
event 6
-10298.8 -6003.17 -32784.3 34884.4 1
-5315.98 -3198.56 -16261.4 17405 -1
4933.49 1556.15 -5119.44 7278.79 -1
1669.12 1103.4 -705.929 2124.37 1
event 7
-5278.13 15811.1 -7206.32 18160.1 -1
-2300.79 9166.44 -5545.58 10958.2 1
4530.23 -2148.9 366.12 5028.51 1
-804.8 2213.17 1537.79 2814.56 1
event 8
-1682.98 7072.24 -3580.74 8104.44 -1
-1282.95 6083.25 -3008.53 6907.55 1
4712.24 -1129.92 -462.717 4869.01 1
-1252.28 2004.3 1442.44 2770.78 1
event 9
-1803.32 -5006.8 -640.835 5361.15 1
312.732 -4207.99 881.102 4311.9 -1
1019.52 -3453.48 6467.01 7402.65 1
-1223.6 -3245.38 5114.73 6180.72 -1
event 10
-6379.79 5204.24 6412.34 10436.2 1
3043.66 7188.88 13947.3 15983.8 -1
-3056.41 2244.19 1767.69 4184.96 -1
1648.12 2925.31 6234.02 7081.52 1
event 11
1892.95 -10709.4 -3725.74 11496.4 -1
3748.71 4976.57 -18495.5 19517 1
3001.43 3294.62 -16738.2 17321.7 -1
1140.93 -3157.75 -1811.25 3816.4 1
event 12
-19036.9 -2201.16 8184.58 20838.6 -1
-8925.69 3533.55 4266.83 10505.8 1
185.939 4621.9 -8207.51 9421.83 1
-781.486 -2094 -2067.17 3046.29 -1
event 13
-8884.09 -2018.31 4774.87 10286.5 1
-8415.97 3287.61 2653.42 9417.48 1
783.537 4616.19 -7752.88 9057.68 1
-4398.6 -107.615 913.329 4494.95 -1
event 14
-18007.2 -1477 8465.58 19952.9 -1
740.669 4725.05 -6811.57 8323.66 1
-4381.14 1628.27 1779.32 5002.28 1
-2572.15 1468.97 1011.66 3131.84 -1
event 15
-6457.33 2756.68 -32550.6 33299.4 -1
-3782.28 2824.94 -20979.5 21504.4 1
3812.35 24.5538 8056.34 8913.49 1
2557.42 -604.237 5652.49 6234.37 -1
event 16
-5444.86 651.508 2550.6 6048.77 -1
-894.338 4558.49 -4375.95 6382.77 -1
2157.08 2409.65 -3721.46 4931.51 1
-1556.25 1904.39 -223.59 2471.8 1
event 17
21209.3 3774.31 11553 24445.1 1
-8945.21 -8744.45 -15624.5 20015.5 1
-5424.57 -4555.44 -9643.75 11966.2 -1
6288.97 471.077 4520.26 7759.96 -1
event 18
6730.96 -6217.09 23204.2 24948 1
-2420.58 3537.21 8069.41 9137.7 -1
1633.32 -2882.36 10068.3 10599.9 -1
-2112.88 1933.83 14988.6 15260.2 1
event 19
-17675.9 -8174.63 -10801.2 22269.7 -1
12039.2 11097 -43265.6 46260.2 1
11217.4 8163.26 -42134.9 44360.3 -1
-2370.31 -1459.5 -1331.63 3087.55 1
event 20
11522.3 9851.65 -47121.5 49500.2 1
-7954.1 -5319.69 -6304.12 11459.5 -1
3217.19 2869.93 -11891.4 12649.3 -1
-2162.02 -907.001 -1326.51 2695.88 1
event 21
-2713.18 -9638.92 -30413.2 32019.5 -1
-5182.27 -8127.12 -36608.1 37855.9 -1
-1543.71 -5944.2 -23834.5 24613.2 1
-1540.91 -5480.77 -14599.4 15670.6 1
event 22
2431.7 7763.36 -39357.1 40189.3 1
-922.657 -7053.54 -3085.82 7754.81 1
477.848 6627.09 -28077.7 28853.4 -1
182.338 -2333.25 -303.888 2362.37 -1
event 23
-7271.41 1345.28 -13294.5 15213 -1
3039 -5404.65 -3021.66 6898.36 1
-4247.28 845.12 -7464.59 8630.46 1
2199.32 -2335.01 -1056.72 3378.92 -1
event 24
-18559.1 9366.97 -5191.01 21427.5 1
-11284.8 11288.2 -7955.53 17834.6 -1
-3670.7 2140.46 -1514.71 4512.33 -1
-2156.3 3041.67 -2032.11 4247.59 1
event 25
-5971.86 3115.45 -1632.46 6931.47 -1
-3596.72 2927.11 -3065.85 5560.13 1
-4073.57 1754.49 -893.377 4525.65 1
-2481.8 2479.13 -183.541 3514.29 -1
event 26
-5998.56 7695.22 -6695.53 11833.9 -1
-4729.39 2299.26 -1570.35 5489.16 -1
-2459.85 2091.2 -1090.59 3409.48 1
-1399.38 1607.97 -353.648 2163.34 1
event 27
5333.92 -5932.44 1898.14 8201.14 -1
1030.03 -4225.01 2993.66 5280.61 1
2817.48 -1670.31 1982.88 3830.29 1
-653.29 -2663.83 1067.12 2944.94 -1
event 28
4454.84 -4403.76 -31426.2 32044.6 -1
246.008 4513.57 -2962.89 5405.81 -1
354.106 3229.58 -484.271 3286.53 1
977.925 -2008.43 -5668.81 6093.99 1
event 29
6746.9 1859.46 13475 15184.4 1
-218.007 5763.79 17729.1 18644.1 1
-1756.52 2822.21 7021.64 7769.48 -1
2853.72 427.717 9989.29 10398.3 -1
event 30
3561.94 -16254.4 47245 50089.9 -1
2329.42 -9550.35 24077.8 26007.5 1
-3260.79 8816.62 9394.76 13290.5 1
-832.388 6560.03 7763.06 10198.2 -1
event 31
5877.32 3147.55 -19951.3 21036 1
357.733 -4607.89 -4560.34 6493.72 -1
1508.66 -3128.17 -5920.01 6864.34 1
1872.99 2087.3 -10097.4 10480.1 -1
event 32
3897.03 6011.79 -13377.3 15175.4 -1
1353.74 5172.45 -11324.1 12523.3 -1
2264.5 2922.54 -8925.06 9661.11 1
-3343.94 -265.495 -1976.2 3894.73 1
