event 0
-17644.4 -12040.8 -722.148 21373.8 1
-3264.93 -8496.76 9725.73 13321.3 -1
-3052.6 -2022.13 1072.92 3817.03 -1
-1138.01 -1858.2 1994.26 2955.71 1
event 1
13549.7 1767.16 12490.3 18513.2 1
3048.65 7953.75 8264.04 11868.5 1
3875.14 5591.09 4532.49 8175.06 -1
4301.44 623.868 2879.52 5214.83 -1
event 2
-20658.5 -3980.07 34564 40463.5 -1
-15588.1 -3310.9 25636 30185.6 1
3587.4 2080.39 -7147.4 8264.02 -1
2620.61 833.963 2992.54 4065.66 -1
event 3
-23352.7 -5288.12 38345.5 45207.3 1
5701.95 4333.98 -10516.6 12724.2 -1
-6638.69 -2166.36 11982.5 13869.2 -1
4087.1 2779.26 5340.08 7277.1 1
event 4
-10126 -2290.44 16781.1 19733.1 -1
-4844.35 -792.486 7896.36 9298.36 1
3729.71 1573.85 3869.43 5601.02 -1
2564.34 691.301 3369.12 4291.37 1
event 5
-14078.4 6253.15 20626.3 25744.1 -1
-7327.01 851.143 15013 16727.5 1
-3771.72 2434.87 5964.58 7466.04 1
-3518.94 295.39 5215.46 6299.39 -1
event 6
-2024.26 7471.29 417.716 7752.64 -1
-1083.64 7467.09 515.744 7563.66 1
-850.969 -4438.62 -4006.15 6040.35 -1
2355.1 614.406 1679.57 2959.08 -1
event 7
8727.99 -8575.12 -33710.7 35862.7 1
-11163 3209.28 -8739.45 14536.2 -1
-5759.77 1556.67 -2555.68 6491.59 1
1529.48 -1790.13 -7957.13 8298.85 -1
event 8
-10855 -12757.8 7944.6 18539.7 1
10026.1 5014.26 63067.3 64055.9 1
-2102.94 -3062.74 1944.72 4194.74 -1
2339.74 2113.34 14887.1 15217.7 -1
event 9
-3127.94 -4744.91 2562.97 6235.23 -1
4003.13 2667.04 22477.3 22986.5 -1
3994.6 1374.89 24096.6 24464.4 1
-2522.31 -1338.74 1067.75 3050.5 1
event 10
3801.52 2511 723.55 4614.25 -1
663.855 -4154.08 13285.9 13936.4 1
2829.14 1592.36 -188.171 3253.65 1
1937.44 -1694.31 11040.3 11336.8 -1
event 11
5673.93 2968.06 16403.9 17609.8 -1
3971.04 1857.69 6563.14 7893.42 1
-3384.97 1923.28 4657.82 6071.53 -1
1007.88 2815.29 17926.8 18174.7 -1
event 12
-4038.65 2233.47 6017.1 7583.91 1
3875.09 2251.83 11811.7 12633.8 -1
-3590.64 1083.05 10480.8 11132.1 1
-1952.14 1151.46 1367.87 2649.33 -1
event 13
34637.3 -6615.95 -43231.5 55789.7 -1
-5010.93 3129.76 -5509.36 8078.93 1
-3246.15 3181.72 -2734.47 5305.6 -1
4370.85 -1088.6 -5267.25 6931.41 1
event 14
15.8072 4944.27 4570.93 6734.29 -1
-1190.96 4173.23 3112.04 5341.37 1
1595.29 3188.6 1709.09 3955.28 1
1915.71 -1555.47 9445.66 9763.25 1
event 15
3837.82 -4267.12 -1329.66 5892.06 1
4986.64 1537.34 -3590.52 6335.06 -1
2458.41 1828.7 -3744.47 4839.44 1
2077.91 -1740.24 -386.601 2739.85 -1
event 16
9398.06 -4633.52 4693.78 11482 -1
-8974.07 1808.54 15800.4 18261.1 -1
4303.08 -2617.61 3951.98 6402.95 1
-2188.84 1355.34 3567.18 4400.45 1
event 17
11015.6 4740.29 -1645.94 12105.2 -1
-6436.17 1091.66 -19140.6 20223.5 1
-3633.68 -1389.35 8535.83 9381.12 1
3064.76 1549.57 -215.657 3442.61 1
event 18
4285.61 1397.97 -531.652 4540.33 1
-4313.58 487.244 -6923.04 8172.16 1
-3282.37 -2054.53 8762.46 9580.55 1
1430.47 1594.41 -184.947 2152.61 -1
event 19
3105.73 8904.57 3650.57 10113.1 -1
2494.38 4427.79 2668.54 5741.04 -1
344.577 4454.47 1566.7 4735.69 1
290.88 2612.1 -310.271 2648.61 1
event 20
-12560.2 -5346.83 29014.6 32065.6 -1
-4603.43 -2198.22 11717.2 12780 1
1919.15 3123.59 12457.2 12985.9 1
3028.6 1905.79 10558 11148.4 -1
event 21
-746.962 13498.2 10346.5 17024.2 -1
5461.3 4535.03 8940.85 11416.7 -1
2971.21 3543.91 5865.38 7470.02 1
-129.233 3878.77 1975.02 4355.85 1
event 22
185.606 6751.75 4271.38 7992.27 1
4728.38 4784.49 8051.47 10492.2 -1
1115.15 5662.91 3650.86 6830.23 -1
2589.31 596.891 3861.16 4688.34 1
event 23
-11554.3 -1226.52 6945.44 13537.2 -1
-2465.32 -4562.52 -1853.24 5508.17 1
-3723.44 330.086 839.446 3832.59 1
-478.607 -1964.41 -1111.14 2309.49 -1
event 24
-921.125 -7521.66 -27279.3 28312.5 1
1355.53 5521.07 -12470.3 13705.4 -1
63.2582 -3248.08 -13976.1 14349.1 -1
887.734 2402.74 -7870.77 8277.76 1
event 25
3097.23 -4879.68 17573.7 18500 -1
-3969.66 876.205 19071.1 19499.9 1
-3649.2 882.658 17594.4 17990.8 -1
629.076 -3045.47 4969.78 5863.48 1
event 26
-8352.09 1274.89 -8162.7 11748.3 -1
-6577.12 614.051 -9944.71 11939.2 1
4864.23 450.154 -4869.2 6898.09 1
2882.03 921.638 -1391.25 3332 -1
event 27
6426.72 -2619.64 5912.81 9117.99 -1
-5192.16 3707.57 -3727.54 7389.88 -1
4331.86 -523.027 3557.87 5631 1
-3706.51 -278.9 -2939.72 4740.16 1
event 28
-4048.96 -3961.25 -2334.75 6127.63 1
-2664.5 -3489.32 -3220.95 5446.16 -1
-2986.81 -2010.37 -12474.6 12984.2 1
-2926.23 -335.582 -13617.3 13932.6 -1
event 29
-3673.94 -3042.89 -7616.86 8988.03 -1
-2895.75 2966 -21070.6 21474.7 1
-925.851 -3096.67 -4746.27 5743.24 1
-822.974 2138.2 3212.91 3947.55 -1
event 30
-7531.21 2275.94 -3901.08 8782.3 -1
3696.54 -4220.3 263.95 5617.49 -1
-5341.55 810.031 -892.159 5476.81 1
-1815.44 -3352.59 -9780.55 10497.9 1
event 31
2474.15 4619.2 -15836.1 16680.9 -1
-2940.99 -2952.44 -328.782 4181.57 1
-1638.9 -2642.9 -3293.74 4531.09 -1
-1283 -2454.66 -9108.36 9520.76 1
event 32
-5930.25 3754.85 -5744.19 9070.48 1
4835.79 -3761.17 -10885.4 12491.4 -1
-2696.75 2951.14 -2774.3 4867.2 -1
2632.65 -2221.96 -9042.03 9676.64 1
event 33
20272.1 -14295 -55841.4 61103 -1
-3859.77 4482.24 -2424.24 6393.47 -1
-3612.86 1773.58 -2477.18 4727.15 1
2180.22 -1181.01 -5657.1 6177.54 1
event 34
5641.51 -2255.88 10836.1 12423.7 -1
3770.54 -3716.6 10974.3 12185.1 1
-1628.7 4486.18 11543.6 12491.8 -1
-1813.83 2986.09 5283.62 6335.18 1
event 35
-7915.75 12608.6 29557.7 33095.4 -1
-2611.6 4932.88 9039.3 10624.2 1
4152.55 -2396.29 9645.23 10771.6 1
-1373.71 4253.11 1615.47 4753.62 1
event 36
-12350.6 3322.22 -5339.15 13859.7 1
2095.85 4796.03 -5612.76 7675.2 -1
2219.52 -3308.3 4266.97 5838.61 1
-1890.64 2102.43 11380.9 11727.3 -1
event 37
-13082.4 -2206.93 16089 20854 -1
7211.64 626.005 14287.5 16017 1
2396.49 -4847.11 -6371.74 8357.5 -1
-2177.02 92.2172 3755.87 4343.46 1
event 38
-19582.8 -3266.25 25149.4 32041.5 -1
8747.71 -968.008 16419.1 18629.4 1
-5871.86 -1428.47 9688.09 11418.8 1
1919.09 -2314.32 -5272.75 6070.59 1
event 39
-22999.9 -4157.33 31451.5 39185.3 -1
4419.98 273.715 9692.67 10656.9 1
927.314 -4093.69 -4413.86 6091.93 -1
-2320.04 27.6347 3534.73 4229.52 1
event 40
1778.77 10440.3 -10913.5 15207.8 -1
1506.83 7743.77 -6382.77 10148.3 1
-540.318 7244.38 13352.8 15201.4 1
-191.87 2032.2 6156.49 6486.93 -1
event 41
20405.1 53816.1 -734.332 57559.5 -1
26761.5 17122.6 5584.94 32257.7 1
1949.06 3494.11 112.568 4003.93 1
3138.49 1382 838.451 3531.89 -1
