event 0
6639.26 3492.41 -16350.7 17989.8 1
4291.77 3825.87 -11925.9 13239.9 -1
-3904.12 -2888.99 -25471.6 25930.7 -1
-2369.5 -3656.48 -20207.4 20672 1
event 1
-739.929 -10955.8 38166.6 39715 -1
-624.581 -5807.14 23913.6 24616.8 1
-167.958 -3952.54 12692.2 13294.9 1
862.213 -2932.64 17537.7 17802.4 -1
event 2
-10041.6 6396.07 -4270.02 12648.6 -1
-9872.9 -1958.6 9508.4 13846.7 -1
-4891.21 -2702.43 4584.79 7229.01 1
-2595.32 2076.55 -955.633 3460.08 1
event 3
2997.42 -10512.2 -37057.4 38636.2 1
1065.7 -10500.9 -43162.6 44434.5 -1
1724.94 -7315.82 -24909.8 26019.3 1
1893.62 -6851.86 -25223 26205.8 -1
event 4
-4162.58 -14359.9 -36211.7 39176.9 1
-598.632 5058.76 3281.56 6060.46 1
-1582.46 2979.38 527.212 3416.13 -1
-306.573 -3091.41 -7498.97 8117.67 -1
event 5
11947.6 2539.94 -26773.8 29428.6 -1
4550.19 2413.24 -11336.8 12452.4 1
-2575.16 3434.84 -3141.87 5320.91 1
-519.1 2263.26 -3015.43 3807.33 -1
event 6
1197.56 -6403.59 -6782.46 9404.95 1
642.063 6010.05 -1348.25 6193.7 -1
1199.78 4023.23 -1484.98 4454.46 1
67.1238 -2034.22 -1863.94 2761.88 -1
event 7
3120.43 15641.1 31869.7 35638 -1
10335.4 -3217.89 31128.2 32956.8 1
1279.02 6912.49 16569.8 17999.6 1
6014.18 -838.779 26323.5 27015 -1
event 8
10142.8 -3431.94 30717.1 32530.1 1
1797.91 6720.64 13245.3 14961.6 -1
302.747 3261.21 6688.5 7448.11 1
2991.09 -821.876 12373.1 12756.5 -1
event 9
-5720.45 -2377.78 10895.6 12534 1
-3992.22 1464.69 -4073.26 5889.47 -1
-3583 -736.176 8078.47 8868.64 -1
-2039.91 1363.9 -1232.34 2747.96 1
event 10
4520.8 -14501.3 -41584.5 44272 1
2599 -6844.02 -6771.48 9972.94 1
3123.12 5629.73 29431.4 30127.5 -1
2634.62 -1278.55 -7572.26 8119.5 -1
event 11
1864.38 6011.43 7374.76 9695.95 1
4275.49 3990.54 5166.69 7804.49 -1
2950.28 751.616 13965 14293.4 1
774.985 2309.11 3402.04 4185.41 -1
event 12
4100.68 13119 19663.7 23991.5 1
7094.09 1217.24 32924.6 33702.4 1
-4508.89 -1758.02 10342.9 11419.6 1
2384.18 3220.6 3632.01 5409.18 -1
event 13
-6019.53 -3391.33 11957.2 13810.2 1
1303.87 4623.05 6605.56 8168.06 -1
4239.37 962.98 18919.7 19413 1
1689.74 3053.73 3604.74 5018.55 1
event 14
3975.74 -4882.13 869.697 6356.83 1
3244.63 -3588.48 -998.612 4940.97 -1
-2446.28 2114.14 -6075.5 6883.08 1
-2222.38 1602.65 163.997 2746.91 1
event 15
6041.21 2642.15 11426.4 13192.8 1
4387.21 -2604.91 9327.17 10632 1
-1605.51 3555.53 -1536.99 4194.4 -1
-2307.4 1236.21 -2549.45 3655.57 1
event 16
7653.74 -2838.67 5308.75 9738.16 -1
4493.73 2969.51 1700.38 5649.25 1
3806.18 -1765.56 726.027 4259.4 1
2058.91 757.886 935.294 2387.35 -1
event 17
2146.2 12447.4 -24379.6 27457.6 1
-5266.8 -7413.9 22232 24020.4 -1
-4199.6 -3717.9 14392.8 15447.4 1
1253.74 3211.94 -7710.36 8446.85 -1
event 18
-7689.75 11570.4 62529.9 64054.7 1
4309.32 -9151.04 5535.88 11531.2 -1
1073.15 -3703.29 2376.24 4530.31 1
-500.419 1942.36 7031.85 7313.09 -1
event 19
2553.82 -7533.35 30875.3 31883.6 1
2269.22 -4591.14 20691.9 21316.5 -1
267.043 -4995.1 23945.2 24462.3 -1
-2786.8 1334.49 -2585.58 4030.33 -1
event 20
-16157.9 8674.9 8332.65 20143.8 -1
6477.71 -9927.67 -16621.4 20415.7 1
2123.96 -2454.83 -4959.29 5928.16 -1
-1812.22 1422.88 1306.68 2650.91 1
event 21
9629.91 10457.2 926.599 14246.4 -1
8309.22 9609.3 3081.48 13072.4 1
-3207.51 -5727.35 -13139.4 14688.3 -1
-1657.67 -2686.09 -5356.68 6218.38 1
event 22
-8441.36 -10471.7 -31184.8 33962 -1
8701.83 8370.88 1089.99 12124.1 1
3723.33 4431.55 938.626 5864.64 -1
-1278.65 -1839.67 -3703.54 4329.74 1
event 23
-15795.7 -23749.1 -56875.5 63626.7 -1
12969.6 13514.8 3827.36 19118.6 1
4387.44 4778.13 1034.12 6569.68 -1
-4037.47 -4132.45 -13841.8 14999.5 1
event 24
-8647.17 -11804.6 7209.45 16312.8 -1
-1970.53 10281.7 -2277.87 10714.3 -1
-3731.21 -4697.45 4129.95 7283.93 1
-426.144 2624.44 -430.105 2695.45 1
event 25
-9180.87 -4558.85 -10436.9 14629.2 1
7035.59 -5347.44 -22415.5 24094.8 -1
4859.14 -2626.64 -16661.9 17554 1
-3055.9 -990.693 -3985.68 5120.23 -1
event 26
-7414.22 2489.89 12661.7 14882.9 -1
5429.59 -2660.67 -24380.1 25118.9 1
3091.93 -2025.83 -12136.2 12687.1 -1
3005.11 -1024.67 -8033.82 8639.1 -1
event 27
-3839.1 -2642.63 2134.36 5127.26 -1
-4270.15 -1277.08 4643.89 6437.54 1
4337.43 631.469 -7551.85 8732.33 -1
2484.25 364.252 -5431.96 5985.11 1
event 28
28426.6 14523.8 50548.7 59784.6 -1
13742.2 4203.41 18673.8 23563.5 1
3475.48 1252.98 5168.63 6354.12 1
3098.31 125.428 4286.45 5291.51 -1
event 29
-7171.54 7396.49 -36975.9 38384.5 1
3927.08 -3569.4 -9074.93 10513.2 -1
-2305.19 2228.92 -11404.8 11847.5 -1
1314.48 -2086.38 -4076.19 4765.22 1
event 30
-5920.89 5041.64 3120.74 8380.05 -1
3451.33 -2703.99 -7361.84 8569.2 1
-2411.77 3253.17 1135.41 4207.14 1
1268.1 -1581.89 -7066.77 7352.61 1
event 31
38765.9 20110.5 -42188.7 60721.7 -1
19664.2 11489.6 -23033.8 32392.3 1
20017.5 -10280.8 -7228.56 23635.9 -1
12381.8 3011.85 -10583.2 16564.9 -1
event 32
51715.1 30748.2 -56875.7 82793.5 -1
11425.7 6385.36 -13676 18930.5 1
11178.5 -5175.6 -3651.96 12848.9 -1
6432.45 2258.43 -6854.74 9668.27 -1
event 33
79366.2 -39668.6 -28182.4 93095.9 -1
3909.91 973.646 -2901.27 4966.28 -1
3363.22 1823.03 -3468.41 5164.85 1
3385.18 1329.5 -3515.61 5059.41 -1
