event 0
-6856.1 -3253.11 3281.17 8268.38 -1
-4552.31 -1420.17 950.281 4863.6 1
-3172.81 -2119.1 1087.17 3968.68 1
-2066.49 70.9186 1287.87 2438.28 -1
event 1
4060.26 2701.91 10057.8 11178.4 -1
-2400.64 -3815.76 11751.1 12586.6 1
2519.91 2724.44 6668.35 7632.2 1
-2569.75 711.889 -3068.73 4066.77 -1
event 2
-12503.5 5280.47 28167 31266.8 1
4616.1 -710.024 14324.1 15066.6 -1
3925.95 -906.741 9738.84 10540 1
2884.28 -1828.35 14616.3 15010.3 1
event 3
-17532.8 2187.98 94294.9 95936.1 1
6670.31 -2134.19 -685.12 7037.64 1
-4192.71 -340.16 24151 24514.8 -1
3251.42 1048.1 216.267 3424.64 -1
event 4
19943.8 9706.87 113362 115512 -1
19434.9 8127.65 118076 119941 1
-3384.5 -53.6313 1369.47 3652.99 1
-2528.1 554.813 740.435 2694.16 -1
event 5
3110.88 4586.1 2827.06 6222 1
-4759.36 -1407.22 -4311.41 6575.04 -1
-3142.8 -2035.19 -2689.63 4611.34 1
1599.24 2232.25 1997.28 3397.18 -1
event 6
8073.85 -537.339 27354.2 28526.1 -1
4824.88 -2447.02 15844.4 16742.9 1
800.412 3121.32 -11.2014 3224.07 1
228.787 1990.08 1208.41 2341.83 -1
event 7
-27767.5 -11398.6 7251.49 30879.7 1
20023.2 7795.52 28327.2 35554.7 -1
-15439.4 -7236.06 4726.11 17694.1 -1
2533.06 1533.1 3554.76 4627.55 1
event 8
-17338.4 -8060.85 4957.95 19753.2 1
11413.8 6276.36 17218.3 21590.5 -1
-10493.6 -5019.1 3364.4 12109.4 -1
5248.54 2227.78 6567.73 8698.07 1
event 9
36478.4 17522.2 47548.2 62438.3 -1
-12608.1 -6894.73 5057.59 15234.6 1
7458.14 3871.47 9786.28 12899.4 1
-4642.98 -1812.66 1105.5 5106.5 -1
event 10
7442.77 -7257.67 -5338.41 11686.7 -1
-764.21 -4348.14 1586.63 4692.43 -1
1976.08 -3262.97 -2556.56 4593.36 1
-2529.38 559.487 -3432.09 4301.31 -1
event 11
2205.45 7283.13 1421.77 7742.13 1
4587.29 -3246.74 1341.48 5778.86 1
3325.23 -3630.04 713.154 4975.35 -1
1673.56 2783.59 1107.01 3433.05 -1
event 12
3396.55 12443.5 1865.26 13033.4 -1
8817.02 -9133.19 3928.95 13289.2 1
1190.07 4957.08 1979.29 5469.7 1
2758.47 -2694.72 858.551 3952.08 -1
event 13
1224.29 7440.92 -4298.44 8680.66 -1
3252.84 -4611.1 -3518.28 6650.76 -1
453.574 -4426.91 -2051.33 4901.26 1
-52.0345 4418.39 -2736.45 5198.48 1
event 14
-16392.5 -9740.56 25788.4 32072.5 1
-9047.22 -6312.15 15951.4 19394.7 -1
-1806.29 5473 10806.1 12247.4 1
-885.965 2015.56 3172.3 3862.91 -1
event 15
-1108.48 -7878.55 17987.1 19668.4 1
-611.606 4244.68 6678.04 7937.18 1
-1356.33 -3665.79 5518.6 6763.41 -1
-1236.64 3215.5 6408.06 7276.2 -1
event 16
-10806.6 9412.43 74855 76214.5 -1
2000.82 -4465.2 28417.1 28835.5 -1
1184.13 -4325.78 22592.2 23033.3 1
-2663.87 1909.28 13262 13661.3 1
event 17
-3711.36 6610.68 -14804.8 16633.3 1
620.987 -5825.51 10529.2 12049.8 -1
2612.06 -2161.79 5193.39 6203.12 1
-1173.08 1643.58 -1918.97 2787.66 -1
event 18
488.055 -18590.5 58242.9 61139.9 -1
-4020.77 4789.68 -8170.12 10289.3 1
1160.54 -5152.03 14461.3 15395.8 1
-1860.04 4240.29 -6110.92 7667.75 -1
event 19
-6506.99 4030.57 745.995 7691.17 -1
3196.98 -3690.96 -14282.2 15094.2 -1
2799.15 -3658.33 -20208.6 20727.2 1
2089.57 -188.186 -6888.14 7201.35 -1
event 20
-1013.8 8095.44 2092.37 8423.37 -1
-2132.72 -6082.2 -728.087 6487.13 -1
1169.38 3323.4 453.221 3553.73 1
-862.786 -2110.29 -269.493 2298.16 1
event 21
4608.35 2307.51 -455.525 5174.96 -1
4016.86 1782.39 -2230.69 4929.42 1
-3070.85 -1642.21 5831.09 6792.62 1
-1901.02 -668.956 4216.88 4674.89 1
event 22
-3762.65 -3917.99 -6494.28 8467.29 -1
-4246.59 -3266.08 -5397.61 7605.66 -1
-2289.74 -3864.96 -7343.27 8609.04 1
-3741.14 -1731.56 -6775.22 7931.53 1
event 23
4337.19 -1855.62 -12996.3 13826.4 -1
-4413.65 753.724 4309.6 6215.48 -1
1877.22 2748.49 6773.04 7547.41 1
-2455.33 2028.77 2232.47 3890.97 1
event 24
23002.3 -4987.74 -29995.8 38128 1
-2106.14 5891.67 -557.597 6282.49 1
-1192.3 6084.12 -1007.52 6282.06 -1
3777.87 -1486.95 -5133.2 6545.55 -1
event 25
-4191.08 -8383.95 -9187.91 13125.7 1
1416.72 5186.88 -21710.9 22367.1 1
2499.05 4109.15 -17388.8 18041.9 -1
-1233.76 -2777.13 -2288.61 3805.72 -1
event 26
-4426.44 5077.25 7251.92 9898.15 -1
-1079.63 3999.79 6279.14 7523.48 1
758.047 -3109.92 2761.41 4228.8 1
1409.26 -1930.03 1333.69 2738.78 -1
event 27
-9629.97 -7449.65 4525.44 12989.4 -1
-1808.27 -7154.59 3687.85 8250.42 1
-328.753 -4035.52 1837.66 4447.66 -1
-1782.02 -1661.24 1989.84 3147.37 1
event 28
-4935.02 4156.02 -7395.69 9815.01 1
3375.43 -3764.58 -3434.22 6113.15 1
3639.48 -2713.06 -4033.66 6073.56 -1
-2149.1 969.433 -1727.62 2924.77 -1
event 29
-1503.77 -5046.63 4210.56 6743.13 -1
-3920.39 -3323.91 1110.34 5259.45 1
-4692.42 -2082.71 957.393 5223.43 -1
424.617 -2298.73 173.178 2346.41 1
