event 0
6536.08 497.664 10936.9 12751.3 1
-31.7289 5076.18 -5001.65 7127.15 1
2756.48 2991.61 10898.6 11633.5 -1
-2579.05 -2984.3 -19092.8 19496.2 1
event 1
1109.11 12699.7 -9050.16 15634.2 -1
5950.09 6255.7 21430.1 23104.1 -1
-1824.58 -6847.63 -22076.7 23186.5 1
-532.241 3909.68 -2373.85 4606 1
event 2
-4803.12 -8957.25 -41664.1 42886.1 1
5328.43 6109.36 20923.4 22439.1 -1
40.1854 4814.12 -3416.35 5904.24 1
1314.76 4568.6 -3336.07 5808.72 -1
event 3
-7157.86 1208.37 -6819.77 9960.7 -1
-7175.69 -907.158 -6347.88 9623.94 1
-5513.66 -992.215 -5825.19 8082.64 -1
-2207.26 -1107.07 -2519.06 3529.09 1
event 4
-13419 -2755.79 -15028.5 20335.5 -1
-4504.62 125.149 -3087.31 5463.51 1
-3911.82 1076.9 -3704.73 5495.3 -1
-2077.41 -482.226 -2629.54 3387.3 1
event 5
4772.04 -5526.12 -34086.6 34859.9 -1
-2358.18 4168.42 -5931.95 7624.69 1
-3652.95 -1120.32 7545.84 8458.72 1
-2501.56 1615.92 -3964.63 4959.69 -1
event 6
-1084.21 5785.06 -4085.23 7165.38 -1
-1951.36 -3618.45 8915.22 9818 -1
-529.107 -3590 9030.95 9733.31 1
861.317 1805.81 -477.724 2059.66 1
event 7
-20.2398 12939.2 6081.07 14297.3 1
-4414.82 -1832.68 -89.1672 4782.1 -1
-4133.8 -1094.23 1560.63 4553.28 1
662.278 3633.36 2006.54 4204.43 -1
event 8
965.925 -4670.68 6162.67 7793.46 1
2249.86 3944.27 -782.752 4609.01 1
972.501 3718.15 -2414.54 4540 -1
2142.03 -2927.86 3585.92 5102.02 -1
event 9
-2941.72 -4151.46 14378.9 15253 1
-4218.35 -1976.06 11740.6 12631.4 -1
-1761.85 3262.46 578.531 3754.15 1
-2202.97 1125.56 -753.821 2588.32 -1
event 10
-6574.23 -1574.21 -10892.5 12820.2 1
-3361.95 -2422.62 -6990.5 8127.12 -1
2222.67 2216.94 -5133.12 6017.91 1
1288.12 1930.46 -4574.95 5131.01 -1
event 11
-2134.6 -9864.72 3727.65 10759.9 1
3207.02 8311.38 48640.9 49450.1 -1
786.363 7868.54 43432.9 44147 1
-54.1399 -2360.05 684.361 2460.14 -1
event 12
184.533 -5476.38 1470.85 5674.45 1
-3482.52 2940.09 -11260.7 12148.5 -1
-2145.64 2591.03 -7237.39 7981.74 1
313.894 -3054.75 2584.73 4015.23 -1
event 13
-1061.89 -8681.15 -5374.28 10265.7 -1
4042.21 -4683.09 -1112.17 6286.41 -1
4867.64 -3180.82 -2790.1 6450.38 1
613.599 -3412.91 -2822.17 4472.16 1
event 14
1192.79 -9502.87 45169.6 46173.9 -1
-897.255 9226.04 1369.42 9370.77 1
754.735 -3981.27 17225.4 17695.9 1
-278.42 2910.06 1384.55 3236.38 -1
event 15
8068.34 2114.25 -7604.97 11287.8 -1
-7843.12 -1863.58 36912.6 37782.8 1
-6116.87 1534.83 33727 34311.7 -1
3879.44 2144.04 -3458.06 5622.84 1
event 16
-19704.5 5688.46 -24680.4 32089.9 -1
-9989.74 852.173 -12176.4 15773.3 1
-4720.27 7268.26 -4171.83 9618.94 1
-1011.65 2140.65 2724.88 3611.36 1
event 17
-12821.5 2737.53 -18564.9 22727.7 -1
-4986.9 9011.68 -4327.85 11172.3 1
-6885.06 1228.86 -8341.3 10885.9 1
-1298.89 2453.18 -1527.15 3169.95 -1
event 18
-2452.29 4661.59 5880.52 7895.3 1
-631.803 4006.43 3616.02 5434.84 -1
3680.8 869.856 -18732.5 19110.8 1
1885.55 1448.58 -8614.86 8937.59 -1
event 19
20609 -315.188 80916.4 83500.4 1
5585.99 -3179.52 16548.1 17752.9 -1
3043.44 -436.462 8350.08 8898.76 1
2727.55 383.192 11609.5 11932.2 -1
event 20
-1364.74 -4663.46 4013.28 6303.01 1
-4306.63 -1944.8 8408.44 9645.84 1
-2939.68 -3249.23 2883.81 5246.6 -1
-2102.78 -876.03 1662.33 2821.99 -1
event 21
-13667.7 -2567.52 -1152.26 13954.8 1
-9558.26 -1473.14 1360.47 9766.9 -1
3630.57 -3956.37 2884.81 6096.49 -1
4020.39 871.765 9197.35 10076 -1
event 22
3394.73 9212.15 -5489.8 11248.9 -1
2078.08 4110.27 -729.681 4664.37 1
-3308.6 -1584.54 -3701.24 5212.28 -1
-1273.41 -2176.41 -2101.26 3284.02 1
event 23
-8541.63 -6519.74 48939.8 50105.7 -1
1757.37 4198.9 -25649.3 26050.3 -1
-3295.76 -1045.96 17063.3 17410.4 1
-2323.72 400.38 -3033.13 3843.31 1
event 24
13582.7 -2272.19 -3074.2 14110.8 1
-6331.47 3134.27 -27898.8 28779.6 -1
-3748.09 1160.82 -16993.8 17441.2 1
2704.04 -525.581 -1859.65 3325.29 -1
event 25
6708.38 -1450.17 -1604.15 7049.1 1
6198.9 238.259 -1987.27 6514.87 -1
-4306.11 810.353 -11621.4 12420.5 -1
-3852.26 1802 -22299.9 22702 1
event 26
3574.07 7641.68 12344.5 14952.1 1
-2015.29 -6957.58 -10541.9 12791.1 -1
6021.01 1385.91 6586.22 9031.21 1
1896.61 -1028.96 7632.34 7932.2 -1
event 27
16505.6 6164.38 -7668.25 19215.8 -1
-7704.98 1425.62 -34677.9 35552.3 -1
-4282.32 1770.01 -13554.6 14325.1 1
2511.16 676.256 -1494.23 3001.19 1
event 28
-9652.53 1922.98 48913.3 49893.8 1
-4531.82 363.435 18455.7 19007.7 -1
2066.09 -2746.4 2547.12 4279.06 -1
1979.85 327.597 2052.7 2872.61 1
event 29
1537.89 5891.03 4975.5 7863.59 1
-4887.52 2081.4 19179.5 19901.9 1
1338.79 -3665.72 15603.4 16084.4 -1
-2459.45 970.864 4183.98 4950.59 -1
event 30
10077.6 -10800.9 -2676.17 15013 -1
-1375.87 4542.27 12790.3 13642.9 1
2913.37 -3737.01 -1805.37 5071.84 1
-328.946 2990.35 4330.53 5274 -1
event 31
15234 -17981.2 -6851.25 24542.8 -1
4644.01 -5297.13 -1291.21 7162.74 1
572.527 3973.94 8226.97 9155.01 1
-898.78 2611.48 4413.14 5207.17 -1
event 32
-11261.2 -2732.72 18092.3 21485.4 1
9719.85 271.518 11306.7 14913.1 1
-5763.6 -3779.57 11217.5 13166.1 -1
2926.65 -586.593 2603.55 3962.2 -1
event 33
-3369.74 -7308.4 -6887.34 10593.1 -1
-289.386 5749.82 10505.5 11980 -1
-1141.38 3345.51 3464.59 4950.73 1
165.767 -2804.42 -1882.85 3383.57 1
event 34
-6400.58 3475.25 -8596.55 11267.5 1
-4814.84 1622.58 -6175.82 7997.96 -1
295.451 3826.45 -1588.79 4155.05 1
711.869 2638.77 -3297.05 4283.87 -1
event 35
5463.48 -10325.5 -56627.3 57819.8 -1
4998.23 -7110.19 -48559.8 49331.5 1
-5341.44 4632.33 10257.7 12458.7 1
-759.056 2324.62 2244.13 3320.74 -1
event 36
-366.165 -9732.94 -4852.15 10882 -1
-1652.52 -6203.5 -3672.56 7396.83 1
3615.04 -502.086 -1571.87 3975.24 -1
2059.72 -160.118 -98.9172 2071 1
event 37
7836.31 122.686 -2581.21 8252.07 1
-892.234 -5829.23 -3161.31 6691.86 -1
3924.4 -1073.34 -584.506 4111.67 -1
-1527.21 -2503.53 -1048.33 3116.12 1
event 38
9379.77 8511.64 -65561.6 66773.9 1
4639.96 3537.83 -31119.3 31661.8 1
2511.33 4231.53 -25563.5 26033 -1
2804.47 2107.31 -15695.3 16082.9 -1
event 39
7421.17 6328.18 -39800.3 40978 1
5904.4 5099.85 -41293 42023.7 -1
3005.9 3238.3 -24380.5 24777.8 1
389.454 -2176.84 -4351.18 4882.03 1
event 40
19951.4 18321.7 -132722 135458 1
6478.05 5621.24 -39766.1 40680.7 -1
37.2465 -3130.95 -4562.65 5534.72 1
2386.97 1195.87 -13808.9 14065 -1
event 41
-7873.98 -2742.96 -1828.74 8536.91 1
5421.46 -1474.31 -21373 22099.4 -1
-4561.12 -2611 -1017.62 5354.23 -1
2283.6 -105.891 -13658.7 13849.1 1
