event 0
-5057.74 14382.2 -5101.04 16076.7 1
-5854.2 -10477.3 2908.31 12349.7 -1
7674.93 -2605.11 -17545.2 19327.1 1
-638.635 2427.38 -887.006 2664.2 -1
event 1
5042.72 3091.01 4466.64 7412.52 1
-3662.77 -2953.91 -2065.66 5140 -1
3442.79 1268.11 400.354 3692.2 -1
-2040.6 -708.469 -1721.67 2764.29 1
event 2
-4456.84 -9593.33 14938.1 18304.5 -1
2081.58 4388.67 4908.82 6906.6 1
-643.171 -3354.66 3714 5047.01 1
1229.51 2007.27 3709.88 4394.91 -1
event 3
-1103.7 5038.29 6859.12 8582.61 1
1682.02 -4505.45 -545.775 4841.2 1
2075.55 -2974.61 -1596.76 3964.48 -1
-1375 2970.52 5006.83 5982.82 -1
event 4
2992.87 -6842.69 11888.4 14040.1 -1
2569.01 -6429.81 11759.2 13646.7 1
-2365.33 3054.04 933.121 3975.4 1
-129.158 -2638.63 2607.7 3713.53 1
event 5
-18008.3 -10230.3 -43358 48050.9 1
7107.01 4059.89 -42159.5 42946.8 -1
-3322.9 -3195.03 -10173.9 11170.1 -1
1990.4 2195.16 -13891.2 14204.2 1
event 6
-213.14 8197.99 -12272.2 14760.5 -1
-3883.13 -1856.89 -1560.36 4579.58 1
1114.02 3718.18 1331.25 4104.79 -1
3496.61 1588.05 1657.55 4184.12 1
event 7
-10204.3 -3838.89 -27325.5 29420.4 1
-4840.35 -5493.28 -27715.9 28666.8 1
-5595.56 -1674.15 -20765.5 21571.5 -1
-3131.17 -2698.84 -10046.6 10864.3 -1
event 8
4231.74 -7294.5 7995.69 11621.5 1
-3570.29 -5156.15 3065.89 6981.67 1
2006.98 -4858.73 6961.53 8724.07 -1
-1216.46 -2458.44 1108.42 2960.31 -1
event 9
28599.5 -19004.7 -32695.2 47414.1 -1
-11536.2 7653.13 -7915.24 15947.3 1
3225.08 -1664.55 -3533.92 5066.72 1
-2372.46 1777.96 -2121.75 3647.29 -1
event 10
-16648.9 10939.3 -11923.9 23217.4 -1
6073.98 -4350.83 -7756.16 10770 1
3118.06 -2358.55 -3087.56 4982.9 -1
-2404.94 2064.01 -2642.52 4127.7 1
event 11
5474.93 4242.38 -11900.2 13769.5 -1
-5151.91 -2487.67 -8632.61 10356.8 1
-2242.93 -2662.79 -6211.72 7121.65 -1
3010.27 -976.326 -7591.71 8225.58 1
event 12
616.769 6111.81 15572.5 16740.6 -1
1120.52 -5360.58 17371.9 18215 1
-464.072 3336.83 7045.91 7810.62 1
1158.98 -1953.88 5599.78 6043.97 -1
event 13
3419.38 6443.9 2253.21 7635.72 1
-4123.08 -4775.08 -3527.11 7228.61 -1
-2859.33 -4385.27 -5319.03 7463.89 1
1233.3 1626.67 -5893.09 6237.53 1
event 14
-371.29 4199.52 -5239.51 6725.88 1
24.3692 -4137.76 -2065.28 4625.82 1
540.825 -3077.66 -5563.11 6381.52 -1
-360.654 1986 -2197.48 2985.69 -1
event 15
993.608 4099.15 -6067.25 7390.06 -1
-88.2259 4031.43 -7327.47 8364.39 1
994.258 -3091.34 -1411.04 3542.19 -1
2078.65 -2438.92 -914.785 3334.23 1
event 16
-8453.26 -2912.73 135.759 8942.66 -1
-7797.55 -3831.6 2117.06 8942.93 1
-5198.27 -2564.43 -1471.23 5981.14 1
2292.33 1470.93 8517.13 8942.65 -1
event 17
7792.24 10807.9 9682.25 16470.8 1
-4654.4 -5185.35 490.821 6985.94 -1
2048.9 2523.92 3417.83 4718.15 -1
-1510.91 -1384.77 397.06 2090.27 1
event 18
6007.49 7684.86 -14071.7 17122.2 1
-3145.13 -3925.98 10107.1 11290.2 -1
3574.75 2398.05 -6867.64 8105.87 -1
-3347.85 -1461.9 7005.95 7901.88 1
event 19
4531.23 4318.67 -8969.25 10938.1 -1
-4538.43 -2745.51 7668.86 9325.11 -1
2494.68 4343.98 -6895.46 8523.62 1
-2146.72 -2362.02 6043.74 6835.61 1
event 20
27137.9 11253.8 -17759.7 34329.8 1
2051.27 4575.03 -2473.57 5591.81 -1
3900.86 1278.27 -3851.57 5629.96 -1
1319.55 3607.03 -3495.52 5194.39 1
event 21
3608.26 9196.01 -7695.54 12522.7 1
7525.26 3271.52 -7687.17 11244.4 1
6285.33 2444.52 -3716.66 7701.02 -1
136.562 5799.49 -4162.37 7140.68 -1
event 22
16191.8 7586.95 -9819.35 20400.2 1
9794.64 4276.59 -8782.86 13833.8 -1
1359.98 9295.76 -7697.67 12146 -1
1495.12 4648.35 -4822.63 6863.78 1
event 23
2935.19 14182 -10472.2 17872.4 -1
8926.78 3825.63 -7062.96 12009.1 -1
5882.24 4028.12 -5221.76 8837.67 1
1435.73 4172.92 -3938.97 5916.18 1
event 24
-6018.2 2886.08 2773.94 7228.7 -1
287.251 5570.95 -238.564 5584.45 1
-4165.64 1982.88 1148.16 4755.4 1
85.8416 2442.77 1091 2678.8 -1
event 25
-5660.52 -1700.58 -3510.47 6875.17 1
-4388.46 3153.11 -5736.25 7881.39 1
-4449.37 -2024.64 -2913.33 5691.64 -1
-1469.74 2179.18 -3353.53 4262.19 -1
event 26
10825.8 -2093.33 37454.7 39044.1 1
2587.41 5834.81 -13069.5 14545.2 1
-2853.17 947.773 7189.14 7793.19 -1
-2434.28 1558.99 7860.45 8375.8 1
event 27
3103.01 9550.56 -19573.6 21999.6 1
8304.08 -2489.57 24907.1 26372.9 -1
-3037.43 1701.99 8458.59 9147.76 -1
2543.74 -695.022 8562.59 8960.07 1
event 28
4943.82 -8361.09 12006.4 15443.9 1
-1393.92 4996.74 10868.7 12043.6 -1
1344.86 -3760.41 6635.87 7745.66 -1
-69.1557 2170.12 7007.81 7337.22 1
event 29
9324.24 -2780.59 -6271.77 11576.7 -1
4124.45 -6439.18 -6739.89 10193.7 1
-3944.25 367.954 -5475.58 6759.11 1
1273.81 -2186.75 -1732.96 3069.01 -1
event 30
-7340.67 1897.18 -10878.9 13260.7 1
4088.31 -1170.41 -1815 4624.88 1
3900.04 595.462 -2378.5 4607.96 -1
1744.6 -2958.91 -3246.07 4727.25 1
