event 0
-4868.32 2595.37 -16753.5 17638.8 1
4210.53 1057.99 4851.56 6511.28 -1
-3179.65 2811.21 -9898.42 10770.5 -1
3032.07 -473.233 2691.81 4083.43 1
event 1
-22213.6 -12442.1 8260.81 26767.6 -1
-7634.93 -960.627 -717.448 7729.23 1
-3671.15 -609.291 -1730.15 4105.26 -1
-1680.3 -1128.17 527.316 2094.13 1
event 2
-24300.6 -12242.1 5264.81 27714.9 -1
-12981.1 -1114.81 -3290.05 13438.3 1
-4573.84 -843.708 -2197.61 5145.14 -1
-2795.37 -2085.34 813.168 3582.62 1
event 3
-9858.45 20548.1 -120887 123017 1
-5490.39 12628.9 -61458.2 62982.2 -1
-1141.08 4706.92 -26373.4 26814.7 1
-2039.45 2372.88 -17186.7 17469.5 -1
event 4
-3933.28 -4276.94 -1356.81 5967.83 1
1423.45 5548.22 -4844.39 7502.55 1
-3272.41 -2280.98 -708.252 4052.69 -1
561.804 2882.15 -5600.45 6324.45 -1
event 5
-3905 -10799.7 -12260.7 16799.4 1
-3004.49 -10911 -9818.54 14983.1 -1
1202.45 7493.08 5740.51 9516.13 1
110.527 2929.37 1595.27 3339.08 -1
event 6
-8729.65 7246.91 8079.44 13928.9 -1
-8818.02 4885.48 5254.28 11368.6 1
-4312.11 -4124.46 18231.8 19183.8 -1
2685.54 -1499.33 -5058.17 5920.84 1
event 7
-7228.7 10622.4 -13502.1 18638.9 -1
10360.4 -6537.12 -25123.6 27951.3 -1
-4664.18 6975.46 -6271.41 10476.3 1
2866.05 -1535.09 -6272.66 7065.99 1
event 8
7674.24 3621.88 -84.0853 8487.06 -1
-7541.36 -2576.21 -31003.3 32011.3 -1
-4801.91 -1564.66 -13371.8 14294.2 1
3825.53 1790.13 1572.3 4508.05 1
event 9
3111.48 -7334.17 -24753.8 26004.5 -1
-926.893 5081.29 -10441.7 11649.8 1
-1738.41 3919.4 -10083.5 10957.8 -1
2010.36 -2838.11 -6698.47 7548.32 1
event 10
839.23 6727.5 985.963 6851.78 -1
-1833 5433.96 1431.85 5911.79 1
460.73 4476.48 535.472 4533.1 1
1595.48 2053.21 4787.77 5449.32 -1
event 11
2140.53 11149.9 5419.57 12581.1 -1
-4011.28 -7751.43 14353.4 16799 1
624.376 3261.23 2039.16 3898.05 1
-1020.77 -1892.96 3926.82 4478.43 -1
event 12
-2927.26 2939.25 -2395.26 4791.29 1
-1420.37 -3759.14 -7692.18 8679.25 -1
-1388.44 -3554.54 -6935.43 7916.68 1
-205.127 2714.75 -685.819 2809.53 -1
event 13
4491.17 1191.89 15115.5 15814 1
4315.48 207.017 10262.7 11135.6 -1
-3280.97 -1770.14 -704.786 3795.53 1
-1991.87 -1133.98 521.822 2353.07 -1
event 14
-8684.69 15788.9 9885.69 20553.6 -1
8907.88 -13048.4 4210.76 16350.9 -1
7817.27 -9719.16 3940.47 13080.9 1
-4858.26 7332.52 5007.37 10121.9 1
event 15
-15123 -1344.42 40249.3 43017.7 1
-9846.96 43.1124 25250 27102.4 -1
3221.26 89.2783 8171.49 8784.58 -1
2852.28 -675.466 6293.8 6943.69 1
event 16
3652.91 -3473.91 -22338.6 22900.6 -1
115.818 4140.94 -8465.89 9425.67 -1
2207.07 -2978.34 -10175.7 10830.4 1
963.876 1772.79 -3612.16 4138.93 1
event 17
-2460.05 5500.61 -8516.88 10433.5 -1
-3965.96 3704.94 -7449.81 9217.72 1
-2913.46 1754.67 -7708.38 8426 -1
-1170.64 2485.59 -5936.52 6542.32 1
event 18
-11787.5 -622.896 7072.61 13761 -1
-7035.45 -626.209 6708.76 9742.08 1
2952.31 -1563.75 404.627 3366.94 1
1714.95 -1754.53 1049.75 2670.68 -1
event 19
9023.44 -6962.08 -27388.4 29665.3 1
-5552.72 -1066.12 -28833.6 29383 -1
1033.42 -4428.18 2955.45 5424.26 1
-911.595 3111.61 3909.12 5079.91 -1
event 20
5511.45 6765.85 -2395.57 9050.01 -1
2817.71 4422.94 -527.861 5271.78 1
-1464.1 -4331.87 969.634 4675.47 1
-653.276 -3014.39 1016.27 3249.2 -1
event 21
185.17 -16845.2 -51123 53827.2 -1
-4300 3525.31 -6636.33 8658.52 1
-2583.77 -4368.05 441 5095.23 1
2372.64 1979.65 2170.09 3777.42 -1
event 22
-18802.2 -15237.8 39123.9 46004.4 1
-6726.59 -3805.81 11485 13843.7 -1
2945.56 2905.76 -2103.28 4642.71 1
881.567 1814.14 -427.534 2064.51 1
event 23
3713.25 3767.8 12908.4 13950.7 -1
-36.2201 -4712.59 -10729.1 11718.9 -1
3499.68 583.117 6342.15 7267.86 1
-1498.48 -2625.84 -8324.58 8857.22 1
event 24
8333.96 -3478.81 -3364.73 9637.92 1
2619.27 -4427.31 -18458.4 19162.1 -1
2981.86 -1558.37 -2163.05 4001.24 -1
-1534.56 2041.6 9602.91 9937.31 1
event 25
-2058.34 -4513.02 16272.6 17012.1 -1
4379.12 275.703 -6009.76 7441.85 -1
2955.98 1651.34 -10690.4 11214.3 1
-1012.6 2039.74 982.513 2482.42 -1
event 26
-5117.58 24.7732 16568.3 17341 1
4119.17 -1322.59 3875 5808.92 -1
3478.04 30.6526 4515.18 5700.51 1
-2540.79 545.969 7774.9 8198.41 -1
event 27
6119.27 -9688.08 22792.3 25510.9 -1
3960.46 -5771.92 11988.9 13883.2 1
-878.226 2949.71 208.891 3086.57 -1
511.432 2242.91 -392.207 2336.06 1
event 28
3453.8 -7983.8 2365.55 9015.37 -1
2675.95 -8137.25 4045.6 9473.84 1
904.441 3252.84 -2117.53 3986.74 -1
-213.306 3188.39 4789.25 5758.42 -1
event 29
13268.5 -14867.6 -4047.33 20334.5 -1
-10683.4 9069.9 -4943.61 14861 -1
2109.72 -2171.86 -1023.99 3198.07 1
-1788.88 2208.52 -1837.87 3386.23 1
event 30
-918.818 31061.1 -18958.1 36401.3 -1
-4641.03 -1718.29 220.92 4954.96 1
1837.84 -4335.01 -7173.38 8581.29 -1
1090.28 -2515.71 -7777.28 8247.11 1
event 31
30.0747 14401.9 -9819.73 17431.4 -1
332.465 6582.72 -4006.64 7714.08 1
1507.99 -4466.95 -7470.87 8834.75 -1
2012.22 -2368.58 -6447.97 7158.68 1
event 32
2898.01 4243.31 -14257.5 15155.6 1
2455.7 4063.82 -8902.79 10090.4 -1
2264.89 1976.6 -7199.13 7802.26 -1
104.085 2095.47 -2572.84 3321.52 1
event 33
37041.9 -4309.13 -11947.6 39159 1
11841.4 -3061.46 -4263.29 12952.9 -1
-6481.14 5708.88 -51937.4 52650.7 -1
-2261.98 1170.74 -11960.3 12228.9 1
event 34
-10786.3 4448.38 3694.43 12238.9 1
8402.84 -532.877 4543.1 9567.79 -1
-7131.08 1457.37 2704.16 7765.29 -1
3873.37 125.981 1879.17 4308.29 1
event 35
-18085.7 5490.24 9134.54 20992.5 -1
-6750.38 1901.94 2355.56 7398.97 1
6608.86 263.459 2560.09 7093.07 1
3270.68 -248.68 1516.9 3615.43 -1
event 36
12038 -1256.35 29658.6 32033.4 1
-8367.63 -4310.07 -13709.8 16630.2 -1
-4600.66 -1360.12 -6011.31 7691.75 1
3209.78 -433.002 6416.87 7188.71 -1
event 37
14436.3 -5561.56 -7519.05 17201.3 1
-5227.64 1449.97 -117.39 5427.3 1
4017.96 -584.124 -2027.9 4539.69 -1
-2443.06 1534.85 179.556 2892.7 -1
event 38
4367.8 287.801 9472.02 10435.1 -1
-619.105 4141.95 2778.3 5026.84 -1
-1780.66 -3222.44 -10069.3 10721.7 -1
-1310.23 1692.53 1452.75 2589.02 1
