event 0
29.0367 -6642.67 -722.573 6682.75 -1
2360.44 -5382.04 -1968.41 6198.7 1
-1403.13 3147.78 -6669.86 7508.36 1
-1607.17 2950.69 -9072.7 9675.46 -1
event 1
-8572.01 7218.33 24856.6 27266.2 -1
5852.58 -4334.65 -9984.93 12359.3 1
-3763.29 2559.49 8873.04 9972.73 1
3484.53 -2139.16 -5115.48 6549.6 -1
event 2
14731.8 -10037.6 -20407.7 27097.4 1
-6921.41 6808.76 22457.9 24467 1
-5216.76 3414.79 12056.9 13574.1 -1
4367.32 -2879.33 -5818.1 7824.67 -1
event 3
-3922.17 -2251.08 6099.59 7593.87 1
2701.11 3211.77 18760.4 19224.4 1
3361.32 1166.35 14710.8 15135.3 -1
-2410.5 -995.903 2318.06 3490.97 -1
event 4
-5222.57 -9359.32 -42.0661 10718.4 1
-3942.16 685.425 9331.13 10153.4 -1
-1905.79 -2651.2 -711.502 3343.4 -1
-1108.29 -1974.37 -4352.17 4907.03 -1
event 5
6865.72 1892.2 3058.04 7751.21 1
-6725.96 -469.345 -16121.3 17474.7 -1
3590.18 1800.05 3057.38 5048.59 -1
3257.76 850.111 -149.1 3371.81 -1
event 6
-571.726 -5735.38 -6701.1 8839.53 1
188.201 5629.3 -10299.9 11739.8 -1
929.499 3317.76 -6074.31 6984.26 1
1627.29 -1283.93 2121.26 2967.73 1
event 7
5462.39 75.1135 -362.291 5475.92 -1
5046.22 -280.28 910.351 5136.42 1
3904.12 -588.65 586.242 3992.93 -1
2714.3 822.042 -565.954 2893.89 1
event 8
-5402.39 -6825.13 7762.81 11663.6 -1
-3928.54 -5967.29 4258.56 8317.97 1
1305.94 -3045.45 -7719.12 8400.96 1
-773.828 -3004.81 6173.51 6910.22 1
event 9
4281.04 9176.45 -14098.3 17358.2 -1
-4352.61 -5102.73 5330.17 8567.67 -1
-272.389 -3983.53 3726.63 5462.75 1
-1782.78 -1976.56 2339.38 3545.27 1
event 10
6483.74 6832.75 6622.07 11514.7 -1
-2.95863 -6276.23 21802.4 22688.1 1
357.396 -3355.85 8496.05 9142.4 -1
814.475 2090.67 -4884.72 5376.42 1
event 11
5603.59 7968.94 400.103 9750.66 1
4450.41 6144.18 2593.52 8018.39 -1
-4866.02 -4033.38 -2948.55 6975.05 1
-730.774 -2170.78 -513.089 2349.62 -1
event 12
9866.28 -20144.9 -12280.9 25573.3 -1
4777.11 -8440.64 -4789.38 10817.3 1
-4190.07 8522.96 -8992.15 13079.3 -1
-26.2802 2994.48 -3367.19 4507.41 1
event 13
10387.9 -17968.1 52568.5 56517.5 1
1071.23 -8369.11 14112.5 16442.7 -1
507.988 -4556.1 9646.32 10680.8 1
1161.14 -2844.25 6856.71 7514.23 -1
event 14
9130.22 3306.32 -23212.6 25162.1 1
-4239.31 -4205.21 5858.93 8366.23 1
-3136.52 -3311.55 1498.59 4802.19 -1
2138.9 -85.3092 -6219.6 6578.5 -1
event 15
-2881.66 -4356.32 -969.814 5313.49 1
-3682.36 3109.97 1427.14 5027.88 1
-3718.98 -1878.06 -626.28 4214.42 -1
-2189.11 1717.83 -517.813 2832.39 -1
event 16
417.397 -4764.12 1376.79 4977.73 1
36.1999 -4101.94 -140.312 4105.86 -1
1702.05 3071.71 5086.83 6182.18 1
747.883 2269.74 5294.95 5810.23 -1
event 17
4174.37 3547.31 9004.53 10540.5 1
174.705 -5010.52 -4203.61 6543.49 -1
891.177 3366.68 4772.29 5908.86 -1
2228.65 -2159.91 -2076.54 3735.68 1
event 18
-3954.27 4141.05 -25890.9 26516.7 -1
-3707.93 1977.48 -21907.3 22307 1
981.574 -3153 2080.57 3904.46 -1
-642.323 -2327.8 2555.53 3517.54 1
event 19
-345.862 4067.69 -630.553 4132.13 1
3250.07 2432.87 4213.01 5851.71 1
3027.12 604.699 1187.88 3309.28 -1
1128.73 2540.8 -34.2636 2782.45 -1
event 20
827.058 4333.41 -12550.8 13304 1
-4244.8 949.991 1446.59 4585.26 1
-3290.64 -257.204 654.118 3366.52 -1
1980.64 -1234.69 4664.8 5217.17 1
event 21
2301.75 -11012.3 -18715 21836.4 1
5109.26 -1234.7 -25596.7 26131 -1
-1177.22 3187.02 -19783.4 20073.3 1
1656.92 1942.47 1285.75 2860.57 -1
event 22
27570.1 11704.1 -97116.5 101630 -1
-251.376 -8266.85 -24948.1 26283.5 1
3175.4 2054.38 -11469.1 12077 1
-217.27 -2958.24 -6169.58 6846.4 -1
event 23
10511.1 3427.72 -38988.2 40525.6 -1
7102.54 3426.66 -23191.1 24495.5 1
-4651.94 -1327.04 -1176.01 4979.53 1
29.7105 -4731.61 -13906.2 14689.5 -1
event 24
-1577.6 -6417.45 -1339.62 6743.75 -1
1884.36 3598.96 -21442.9 21824.6 1
-874.479 -3925.54 -3189.45 5134.03 1
170.886 -2930.17 3286.8 4407.87 1
event 25
-3221.74 -6870.36 8419.15 11334.7 1
-1683.95 -5455.17 4631.66 7352.42 1
-2803.62 -1914.94 2807.6 4406.93 -1
-266.01 -2597.87 943.145 2778.56 -1
event 26
11432.4 15878.4 28843.9 34854 -1
-3514.49 -5127.26 34861.2 35411.2 1
-1558.14 -2888.09 15292.7 15641.2 1
2058.01 1620.11 4261.9 5003.51 1
event 27
5487.14 7902.03 15483.3 18229 1
5383.44 5549.44 9462.24 12219.8 -1
-1459.95 -3356.77 21404.1 21715.1 -1
-1781.9 -2826.24 13347.3 13759.5 1
event 28
3946.94 -9225.6 -21403.8 23639.4 1
4638.63 -5951.56 -14474.6 16323.7 -1
-3895.03 861.69 -3564.58 5350.81 -1
-3091 1490.51 -5207.56 6237.45 1
event 29
-2117.03 -9555.16 -41490.6 42629.4 -1
3162.96 7058 -30809.3 31765.5 -1
2466.12 4125.87 -14225.6 15016.1 1
-997.397 -2002.93 -12656.5 12853.2 1
event 30
111.374 5492.09 -4103 6857.2 1
-1222.55 4020.56 -3151.78 5253.99 -1
-3987.84 808.98 -3307.81 5245 1
-2437.19 -1212.3 -1619.04 3168.92 -1
event 31
693.013 8168.4 7594.84 11175.7 1
-4210.26 -1559.05 -770.32 4556.47 -1
-2714.74 -2145.07 -313.572 3475.72 1
-397.152 2102.16 1317.21 2514.56 -1
event 32
-6906.86 17573 18136.5 26181.3 -1
-2948.16 6696.96 6104.48 9529.78 1
3276.04 -4369.58 -3677.97 6585.16 1
3274.89 -3564.21 -5738.9 7508.31 -1
event 33
-3824.48 10143.1 10652.2 15198.4 1
2906.23 -5284.71 -6555.06 8908.1 1
-573.563 4195.31 3670.65 5604.86 -1
1740.8 -1371.91 -2499.32 3342.2 -1
event 34
-9446.94 -4105.7 -30076.8 31791.9 -1
3907.09 2791.31 9587.85 10723.6 1
-4511.38 -1622.27 -9630.58 10758.4 1
4397.83 780.194 7583.7 8801.9 -1
event 35
-9776.91 -5074.22 18810.4 21798.6 1
-8862.32 -4539.02 18769 21246.9 -1
1788.99 4899.58 -9116.93 10504.1 -1
603.83 3770.85 -4731.31 6081.15 1
event 36
-12363.7 2424.1 49328.4 50912.1 1
-6980.43 374.324 24952.4 25913.3 -1
1796.77 -6490.03 16059 17414.2 -1
798.249 -2146.43 5054.24 5549.86 1
event 37
-15543.8 3833.73 51470.4 53902.9 1
-11620.4 1144.09 43133.3 44685.9 -1
1785 -3095.39 10510.7 11102 1
1936.18 -1283.75 4378.5 4957.74 -1
