event 0
3143.26 14803.3 204.205 15135.1 -1
-1304.09 -4318.79 -6725.91 8099.49 -1
1382.5 3689.94 -339.943 3956.48 1
-287.921 -3692 -3147.82 4861.45 1
event 1
9397.84 -7659.36 17682.2 21439.6 -1
-4695.07 7832.59 -4805.34 10319.7 -1
-2386.39 4253.41 -3098.7 5779.23 1
3483.64 -3018.18 7768.08 9033.24 1
event 2
8447.59 -2870.07 -43503.9 44409.5 -1
-3699.81 2838.24 -7364.04 8716.91 1
2854.32 -1258.99 -18851.4 19108 1
-2855.91 1129.57 -6860.42 7517.23 -1
event 3
6872.41 2959.32 -29605.9 30537 1
5382.42 3990.57 -31017 31732.7 -1
2406.1 -5237.6 -2837.7 6425.38 -1
2347.05 -2922.61 -2533.95 4525.75 1
event 4
890.534 -4119.36 -9328.07 10236.5 1
-1836.21 -3701.65 -10140.4 10950.5 -1
710.014 3821.88 3772.83 5418.15 -1
-203.457 2030.63 1771 2704.15 1
event 5
4788.49 2168.47 -2596.68 5863.95 -1
2321.4 3489.37 53.3713 4192.69 -1
2613.91 1809.27 -46.1681 3181.08 1
2759.83 1560.85 2038.9 3771.1 1
event 6
10401.1 9397.38 -19471.8 23992.8 1
-3359.46 -2585.23 -2516.74 4930.98 1
2874.9 2006.69 -3582.08 5013.41 -1
-2026.89 -2110.07 -2533.6 3871.81 -1
event 7
-12608.8 -3739.34 1732.71 13265.7 1
3388.75 2578 11158.8 11944 -1
-3927.92 -812.629 -730.317 4078.42 -1
2144.75 -1224.31 -2751.93 3699.08 1
event 8
4397.92 11266.7 -20483.5 23787.9 -1
8711.42 -943.691 -2260.52 9049.89 -1
1067.64 3028.99 -4800.9 5777.07 1
1811.36 950.654 -1416.55 2490.49 1
event 9
-11436.8 35109.8 -158997 163229 1
4827.34 -15024.4 -12814.4 20328.7 -1
-2548.68 7276.7 -35220.3 36054.5 -1
54.6635 2052.67 -1784.98 2722.82 -1
event 10
-1245.21 5863.27 -2882.94 6652.14 1
-2232.7 -3593.59 10331.8 11164.9 -1
-1139.33 -3827.97 17156.8 17615.9 1
-1700.75 2979.38 -1747.31 3851.43 -1
event 11
-88.6803 17634.6 -81740 83620.8 1
-1330.33 8729.16 -34644 35751.7 -1
972.923 -8747.86 -30770.2 32004.5 1
-1.87371 -3430.2 -12494.9 12957.6 -1
event 12
-7010.67 -476.385 -2150.87 7349.41 -1
70.7053 -5076.44 -1701.29 5355.44 1
198.612 -3847.7 -1591.2 4169.81 -1
-2947.22 577.995 -628.779 3070.29 1
event 13
982.137 -7005.71 -30976.3 31774 1
1172.82 6241.6 -13644.1 15050.1 1
-612.384 -3774.21 -13839 14357.9 -1
-633.252 3000.77 14150 14478.9 1
event 14
4613.6 -5794.64 1635.34 7586.08 -1
-735.551 4798.61 -1790.76 5175.49 1
1496.27 2747.34 -2299.89 3884.25 -1
501.459 -2449.83 46.5294 2503.29 1
event 15
-4915.72 78.6403 -8190.75 9553.53 1
-4140.48 2224.05 -5219.04 7024.2 -1
2526.35 -3829.28 1817.67 4935.68 1
1735.53 1555.18 8231.58 8555.74 1
event 16
18971.4 -12764.4 53364.5 58057.1 1
-2085.82 3943.73 -13115.4 13853.8 -1
2559.78 -1712.56 6131.16 6862.04 -1
-203.788 2612.49 -11517.3 11812.1 1
event 17
4839.23 10521.9 12011.6 16685.9 1
4371.66 -1807.34 289.473 4740.55 1
317.242 3066.69 -182.44 3090.25 -1
-2264.57 -1047.47 -1437.42 2881.46 1
event 18
415.732 -5475.26 -15240.1 16199.5 1
-672.219 5031.54 1933.87 5433.17 -1
853.398 -4363.57 -15579 16201.4 -1
-674.577 3266.77 1282.5 3575.3 1
event 19
369.688 -8335.57 2607.69 8742.4 1
3384.2 -5469.71 3533.27 7339.33 1
2172.16 -2209.9 419.176 3128.71 -1
529.93 -2531.76 -70.1482 2589.73 -1
event 20
3693.23 -2808.14 -2129.66 5106.1 -1
2310.22 -3335.15 -5099.53 6517.41 1
-3955.37 -648.234 -853.694 4099.4 -1
-2895.13 1313.01 1687.08 3600.44 1
event 21
-7379.62 5219.1 4798.26 10233.9 1
-4687.83 3217.33 -484.678 5707.28 -1
3999.51 -1134.71 971.156 4270.59 1
-3202.96 556.689 1677.1 3659.6 -1
event 22
10101.4 -2904.75 1702.08 10648.2 1
-6180.53 2928.95 3536.97 7700.59 1
-4108.22 4411.49 -2655.38 6587.94 -1
-1901.9 620.417 30.8902 2003.56 -1
event 23
4072.97 -6466.94 -504.045 7660.01 1
2711.69 -6060.1 -841.519 6693.09 -1
4919.23 4256.74 7530.09 9951.49 -1
-3004.73 -599.613 9984.28 10444.4 1
event 24
-16803.3 19939.2 -113682 116634 1
-8198.19 10941.4 -58453.9 60031.6 -1
-7501.02 4015.03 -38606.1 39532.6 -1
-5758.58 3955.32 -33252 33978.1 1
event 25
-6956.28 8817.79 -49702.7 50956 -1
-6693.64 8253.42 -40939 42295.8 1
-3278.37 3525.64 -27621.4 28038.1 -1
-2958.04 1870.43 -14415.7 14834.8 1
