event 0
-23385.5 -5520.82 -1068.86 24052.4 1
-20494.7 -3606.07 -2367.57 20944 -1
5013.52 308.367 -704.025 5073.19 1
1932.85 -2991.68 96.5236 3564.62 1
event 1
-16494.4 -8827.35 55427.6 58499.7 -1
-14560.3 -5374.86 49843.5 52204.2 1
3408.91 -3062.32 8346.95 9522.67 -1
3206.17 -1649.07 11414 11970.4 1
event 2
3903.37 -12151.4 -4565.47 13555.3 -1
5730.77 -10405.3 -1476.13 11970.9 1
2735.43 4263.25 -3406.56 6105.21 -1
-1195.44 4259.77 12496.4 13256.9 1
event 3
-8898.12 -4477.75 6258.66 11764.7 -1
4391.66 105.796 8311.48 9401.58 -1
4039.32 -728.625 10221.3 11015.2 1
-2004.3 -1748.21 2517.04 3663.35 1
event 4
-2809.4 4187.16 1522.46 5268.21 1
-42.6246 -4134.63 2027.61 4606.45 1
-2081.36 3166.12 -61.1891 3790.95 -1
-406.259 -3498.26 251.425 3532.32 -1
event 5
-14406.9 5949.81 7095.93 17126.7 -1
3087.77 -3923.85 -10982.6 12064.8 1
2825.58 -3744.59 -17415.3 18036.4 -1
-2638.07 1213.73 1261.58 3167.86 1
event 6
13894.7 -4168.94 42007.5 44442 -1
-7547.97 -4.81241 26915 27953.5 1
4224.01 -1497.06 14663.2 15333.1 1
-3306.49 194.402 7054.64 7794.22 -1
event 7
-5674.74 -4368.92 18823.1 20139.8 -1
5874.27 570.15 27241.6 27873.8 1
2252.05 2019.03 12982.7 13330.8 -1
-1853.74 -1295.96 5681.33 6115.92 1
event 8
4306.1 1731.53 -4379.36 6382.06 -1
-4317.23 -1677.58 5506.03 7195.85 -1
-3095.37 357.591 3604.14 4765.51 1
1790.55 918.008 -1737.81 2660.82 1
event 9
6223.43 -168.731 -7471.07 9725.61 -1
-4941.91 837.215 3693.56 6227.11 1
3179.91 -391.061 -3631.63 4844.03 1
-2784.54 31.4451 1640.88 3233.93 -1
event 10
21423.3 28135.6 -8622.67 36399.6 1
5048.85 -18321.3 16811.3 25373.1 -1
357.246 -6445.77 6247.55 8984.35 1
2333.02 3010.76 -262.138 3819.37 -1
event 11
9401.7 11813.6 -1979.78 15227.7 1
8830.45 10531.3 -4027.83 14322 -1
2112.33 -8880.51 8727.8 12629.8 1
163.373 -2127.77 3084.23 3752.03 -1
event 12
14311.5 -10312.6 20848 27309.7 -1
-10256.1 6227.34 6432.26 13614.4 1
7307.66 -5994.57 12042.1 15308.8 1
-1621.78 1732.74 1423.26 2769.37 -1
event 13
33811.6 -24503.6 54135.4 68368.9 -1
-6935.01 3715.31 4700.92 9165.58 -1
2370.76 -2111.5 4200.1 5266.02 1
-1721.59 1678.24 491.693 2456.28 1
event 14
-8860.77 7010.31 -35234.4 37001.8 1
-6696.63 4293.98 -25314.2 26534.9 -1
2875.11 -3797.11 416.788 4782.17 -1
2236.18 871.751 -413.451 2437.73 -1
event 15
5602.86 10.6329 11233.3 12553.5 1
-4309.67 2900.5 14615.1 15511.2 -1
3936.14 -879.742 4476.98 6026.75 -1
-2789.38 117.238 10771.9 11128.3 1
event 16
-12757 6596.61 -27848.6 31333.8 -1
7592.97 2788.52 -40826.6 41620.3 -1
5596.86 2669.46 -20037.5 20975.3 1
-4071.48 931.044 -8364.06 9349.46 1
event 17
-2037.06 -7566.94 -30357.9 31353.2 1
-1427.23 4035.01 -11555 12322.6 -1
-1903.54 -3133.32 -18456.1 18817 -1
-1722.68 2095.55 -11644.6 11956.8 1
event 18
-1646.97 -6099.42 10133.4 11942.1 1
-3997.6 1137.01 16947.1 17449.6 1
-3675.26 -666.732 21739.9 22058.7 -1
-747.805 -2767.25 4355.88 5215.53 -1
event 19
20739 3146.83 -89775.8 92193.9 -1
-5803.81 -1677.55 -34897.1 35416.4 1
2995.49 708.986 -11037.3 11459 1
-2749.69 95.4855 -9061.11 9470.21 -1
event 20
-5822.46 5170.04 -8723.27 11693.5 -1
-3881.23 3929.24 -3203.19 6385.49 1
686.604 -4996.93 7698.2 9204.03 1
-312.026 -2582.53 4184.97 4928.69 -1
event 21
4698.79 -4142.55 3399.19 7127.76 -1
64.5695 4946.13 791.312 5010.56 -1
-2813.3 -1196.6 -759.671 3151.95 -1
-2307.18 -1343.8 613.154 2741.53 1
event 22
-4688.91 5563.93 8444.21 11147.2 1
3621.64 5322.47 -4450.55 7827.1 1
-810.355 3218.71 5050.86 6044.76 -1
2191.7 901.913 -2198.65 3234.54 -1
event 23
-4938.03 -4892.65 -12994.1 14737 1
77.4842 5449.2 -6233.87 8280.83 1
-4734.01 -2273.44 -15027.6 15919.1 -1
1691.12 -2009.59 13927.2 14173 1
event 24
-4067.01 -13953.1 -13085.8 19557.1 1
-3149.75 9279.89 -36828.6 38110.3 1
-2922.83 9024.71 -39768.5 40884.4 -1
-619.498 -2733.29 -1887.75 3380.75 -1
event 25
-23111.8 -4261.23 -24572.7 34002.1 -1
10596.3 2069.09 7689.57 13255.3 1
5462.57 1984.1 4617.2 7423.34 -1
-3864.29 -988.743 -3429.98 5261.77 1
event 26
-9540.79 -6050.74 19128.1 22215.6 1
-4122.08 6026.08 14673.9 16390.2 -1
-4651.79 -2793.27 10454.2 11778.9 -1
1846.54 1234.79 838.036 2376.52 1
event 27
-4408.04 2167.25 -5606.55 7454.68 1
-4104.47 -376.723 -5936.3 7227.69 -1
1978.44 -2491.27 -2284.98 3918.29 1
2523.31 59.2751 -1237.23 2812.92 -1
event 28
9860.05 -1215.91 -296.473 9939.72 1
6609.23 995.996 293.394 6691.13 -1
3336.75 -893.128 -1850.87 3920.27 -1
-2130.72 -1683.28 -2456.93 3663.48 -1
event 29
1941.22 -5222.61 -10190.3 11614.5 1
1490.1 -4511.7 -7271.32 8686.72 -1
-94.6125 4600.37 -19925.3 20450 1
-2965.77 -2374.57 7645.27 8537.9 -1
event 30
-10095.6 10311.7 31964.2 35070.9 -1
-3479.55 2489.17 8409.79 9436.05 1
1831.58 -2619.65 -811.36 3299.5 1
1673.85 -1155.33 -504.861 2098.24 -1
event 31
4772.37 3593.38 34231.9 34749.4 1
-5158.15 342.419 27604.1 28084.2 1
-4147.45 -0.382642 14576 15154.9 -1
2576.42 1528.89 12646.6 12997 -1
event 32
5618.43 4327.24 27951.7 28837.5 1
-4543.71 -1171.6 22790.7 23269 1
-3392.51 1300.55 14046.1 14508.8 -1
2741.93 443.343 12849.1 13146.3 -1
event 33
-6141.01 -2083.2 32075.1 32724.2 1
4471.24 2229.59 1350.15 5176.6 1
3610.38 2919.2 1114.82 4776.04 -1
-2283.39 -2475.92 10182.3 10725.4 -1
event 34
4247.55 5156.39 9000.19 11209.1 -1
2831.74 4107.36 4294.53 6583.56 1
1080.41 -3954.2 -9622.13 10459.4 -1
-339.863 -2952.37 -4129.72 5088.98 1
event 35
5416.69 -14376.2 -49246.6 51587.4 -1
1696.06 9514.87 -3915.47 10428.4 -1
1082.28 -3232.14 -12762 13209.7 1
1738.98 -1417.81 1965.36 2984.63 1
event 36
4919.5 -13453.7 -44061.9 46332.1 -1
1218.81 13115.9 -6313.2 14607.5 -1
1306.94 -4477.86 -17829.9 18430.3 1
921.029 1900.11 -626.753 2205.15 1
event 37
3291.78 19432.5 -6374.17 20714.7 1
3291.25 -10593.8 -42999.6 44407.6 -1
694.526 6082.54 -2707.7 6694.96 -1
2130.49 -1432.79 3183.74 4091.36 1
event 38
6206.28 5504 4699.06 9534.37 1
4899.48 2680.19 1469.97 5775.83 -1
3027.77 4078.58 -647.313 5121.76 1
3917.71 3177.94 160.145 5048.22 -1
event 39
-24318.3 -6778.89 55851.2 61291.9 1
-21507.9 -12699.3 49639.5 55569.4 1
-3804.56 -1620 7128.81 8241.98 -1
-3204.45 -1288.62 8630.46 9296.51 -1
event 40
-15211.1 -7744.37 31563.9 35883.7 -1
-10670.6 -2455.49 28336.2 30378.3 1
-9418.98 -2282.11 20745.9 22898.2 -1
-2968.94 -2372.77 7812.05 8688.15 1
event 41
-11904.3 -2077.02 -39166.1 40988 1
-7593.95 1065.38 -24066.8 25259.1 -1
5825.78 -3907.2 -28127.4 28989.1 1
3406.68 -1088.82 -17104.2 17474.4 -1
event 42
9629.44 -7378.87 -44626.3 46245.9 1
-6031.93 -979.68 -21764.1 22606 1
2657.82 -2074.34 -14559.9 14945.5 -1
-2266.84 -390.941 -4366.71 4936.68 -1
