event 0
-11857.9 -1335.57 15778.2 19782.8 1
7235.37 2712.47 26995.6 28079.9 1
-5131.82 -854.395 8122.82 9646.6 -1
3241.48 148.785 15004.4 15351.7 -1
event 1
-629.159 8196.52 19525.3 21185.5 1
-606.819 6797.01 16842.5 18172.8 -1
-410.859 -6367.97 -11170.6 12865.2 1
539.184 -4088.3 -5795.29 7113.47 -1
event 2
12766.7 8510.89 25049.7 29375.6 1
5319.11 5074.98 12275.7 14309.2 -1
-2354.5 -5442.38 8614.43 10458.6 -1
-4893 -2282.7 1774.99 5684.53 1
event 3
-5490.6 -3210.55 -9557.59 11481 1
5500.69 2939.5 -11996.6 13521.3 -1
2656.69 2640.42 -10148.5 10818.2 1
-774.225 -2087.56 -2740.24 3532.33 -1
event 4
4552.19 4516.69 -15565.1 16834.7 1
-3552.44 -2417.98 -6339 7659.02 1
3038.7 884.347 -6609.79 7329.13 -1
-1581.25 -1781.5 -2016.13 3122.5 -1
event 5
652.309 6844.9 5186.15 8613.1 1
2354.66 4303.08 2497.12 5505.25 -1
-860.917 -2956.89 6167.73 6894.66 -1
-130.85 -2328.03 1786.7 2939.44 1
event 6
4839.05 -964.173 -16736.9 17449.4 1
4330.92 809.777 993.762 4517.89 1
-3320.47 2620.67 909.879 4328.1 -1
-1830.08 3422.01 -13.0502 3882.1 1
event 7
8693.38 -2157.87 501.6 8971.85 1
4477.35 -715.627 122.152 4537.05 -1
-1498.53 2903.12 1115.43 3453.85 1
2044.75 -696.865 -6762.17 7099.63 1
event 8
9097.36 -1450.96 13569 16401.1 1
-3991.51 -4044.81 -7277.4 9233.87 -1
3874.41 -217.341 6478.94 7552.89 -1
-2244.76 3054.93 1192.03 3975.38 -1
event 9
-34062.8 835.045 -19416.8 39217.3 1
3327.07 -4645.08 -4352.55 7183.45 -1
1435.68 -3525.37 -2294.69 4445.92 1
-3067.3 208.831 -1464.2 3406.9 -1
event 10
-17529.3 827.997 -8837.26 19648.7 1
6122.22 -11977.8 -9210.71 16303.3 -1
-4475.87 546.307 -2463.26 5139.13 -1
1807.19 -3811.67 -3340.74 5382.05 1
event 11
-3732.37 3790.72 3820.93 6550.63 1
-1134.62 -4893.33 -5180.42 7216.65 -1
3995.98 -415.783 15822.1 16324.5 1
-3294.02 -437.985 -1451.39 3627.68 1
event 12
-3347.97 -3919.77 6700.5 8454.67 -1
-3800.8 2675.19 -40.8424 4649.26 -1
-2599.83 3831.99 683.329 4682.02 -1
-2242.49 143.846 1318.29 2607.39 1
event 13
6217.78 -876.554 182.091 6282.8 -1
5586.64 1174.35 980.331 5793.26 1
-2035.84 -4002.41 12477.8 13261.7 -1
-1919.08 -1629.07 5122.87 5708.91 1
event 14
-7576.49 -4300.82 4699.19 9899.18 1
5565.84 5927.57 -13837.9 16050.4 1
4916.94 6229.38 -18527.9 20156.3 -1
-1827.55 -1322.76 749.782 2379.7 -1
event 15
2887.09 -6464.17 -35223.2 35927.8 1
1721.61 -4489.89 -25179.4 25634.6 -1
284.425 3730.45 -266.361 3752.23 1
2036.79 493.301 -4394.1 4869.41 1
event 16
9723.65 -2789.4 -5743.8 11633.3 -1
-2468.34 4044.13 -28182.1 28577.8 1
3867.79 -1551.46 -2699.04 4966.17 1
539.849 -2883.25 -797.381 3041.63 1
event 17
-8296.88 -656.423 13086.2 15509 -1
6311.38 3394.53 -6362.94 9584.07 1
-3893.67 -1165.87 5318.34 6694.46 1
2054.92 336.998 -2294.47 3100.32 -1
event 18
6573.36 -10976.7 -20462.7 24133.6 1
3319.64 -6603.68 -8362.29 11161 -1
-4897.38 2936.45 -28326.9 28896.9 -1
-1709.28 1074.15 -8532.6 8768.8 1
event 19
-7146.99 3263.77 4315.76 8964.86 1
-7018.62 -2143.9 -20540.2 21812.1 1
-5134.28 -3020.31 -14087 15295 1
-3011.7 -991.416 -4346.4 5381.04 -1
event 20
-3011.99 -4118.01 -17.6397 5103.1 -1
-3187.82 -3955.41 -1966.45 5448.44 1
3554.9 40.6053 8413.88 9134.74 -1
2905.75 -802.615 5452.3 6231.08 1
event 21
3882.17 -14671.7 27935.2 31791.8 -1
506.717 -10825.1 19507.9 22316.1 1
-3291.68 6847.13 -6110.35 9750.18 1
-2103.06 4463.44 -2785.77 5667.17 -1
event 22
-18603.1 31572.8 8011.37 37511.4 1
-5979.8 -2051.78 2367.3 6751.53 1
-4653.4 -4032.43 2111.54 6510.33 -1
-2593.93 3979.04 1090.84 4874.66 -1
event 23
-21217.8 35585.3 9239.58 42448.6 1
-17157.1 31476.3 7013.79 36528.5 -1
-7594.16 -1679.71 2779.83 8260.22 -1
-2103.05 -1211.64 466.797 2473.85 1
event 24
-5023.61 -3684.91 -19291.2 20272.6 -1
3946.77 -665.965 -11645.7 12314.8 -1
2588.64 -2615.97 -6465.21 7440.06 1
-2303.37 -701.782 -5683.18 6173.14 1
event 25
991.396 7964.48 25658.8 26885 1
786.346 7429.95 29972.1 30889.5 -1
-3243.29 -6086.04 1901.96 7154.54 1
-1462.9 -3440.21 2251.05 4365.03 -1
event 26
11357.9 6324.38 32402.6 34913.3 -1
-7945.45 3676.57 8310.53 12071.6 1
4064.3 3005.58 9258.53 10549.1 1
-4136.45 1235.14 3624.03 5637.42 -1
event 27
-188.707 -5012.93 297.153 5026.39 1
-3260.66 3172.08 3724.78 5880.4 1
-2822.08 2174.13 4692.07 5892.17 -1
1173.52 -3255.21 -2561.05 4306.24 -1
event 28
5463.77 -1281.61 -2609.68 6190.07 -1
-2450.02 4326.2 -8682.03 10005.4 1
-2728.23 4083.6 -7036.14 8581.22 -1
1756.39 -1146.43 -1618.39 2651.33 1
event 29
4371.69 16704.6 -10089.9 19999.3 1
1115.79 -5045.81 -28903.5 29362 1
432.598 -3230.47 -8256.41 8877.08 -1
55.2218 2724.43 -1759.22 3245.24 -1
event 30
-4997.22 -2584.74 -1544.66 5835.25 -1
-4891.06 -238.693 -60.3198 4898.39 1
2228.79 -2152.2 -2219.58 3812.76 1
2278.32 349.952 -2424.12 3346.75 -1
event 31
-10930.5 -2725.65 48642.6 49930.1 -1
1543.69 7865.72 31794.4 32789.5 -1
-4839.73 -1377.45 15251.7 16060.7 1
970.886 2460.86 9821.15 10171.8 1
event 32
13851.4 3124.89 7733.23 16169.1 -1
6902.63 2395.39 5856.09 9364.25 1
-1354.5 -3848.96 -2062.73 4573.31 1
-1488.08 -2849.05 -1798.83 3684.89 -1
event 33
5712.79 -2022.99 7655.91 9764.87 1
4285.71 -558.991 7627.69 8767.7 1
2783.73 -1575.97 2623.5 4138.45 -1
2659.39 -162.909 6409.26 6941.8 -1
event 34
3205.04 3585 -5514.07 7317.15 -1
3944.01 -1631.35 7688.98 8794.78 -1
3460.6 -908.348 6202.47 7161.19 -1
2840.64 1479.02 8723.73 9293.62 1
event 35
2643.11 4944.52 26024.4 26621.7 -1
107.673 4311.56 10407.8 11266.5 -1
-1662.63 -3390.97 -1449.02 4046.47 1
1300.41 1687.55 6715.19 7045.84 1
event 36
16496.3 24512.3 -62868.1 69465 -1
6870.74 8971.8 -26337.6 28659.8 1
-3275.36 -2290.57 8298.9 9211.82 1
-1744.28 -1325.31 -4549.59 5050.63 -1
event 37
11859.7 14885.6 -41659.4 45801.2 1
8409.77 14686.6 -39610.9 43075 -1
-2576.31 -2096.41 6037.03 6891.24 1
-2174.88 129.806 -5319.01 5748.91 1
event 38
3940.95 5858.78 -14167.6 15830 -1
-4343.06 -2728.91 -13054.4 14026.3 1
2174.46 3553.25 -9232.3 10129.2 1
-2145.98 -1935.31 6580.63 7187.94 1
event 39
2617.49 5617.25 34869.1 35415.7 -1
-5318.59 -65.0743 5166.68 7416.02 -1
1974.81 3089.28 16009.5 16424.3 1
-1906.57 1573.53 4538.46 5169.12 1
event 40
5664.41 -1233.92 -4453.54 7311.18 -1
-4442.39 89.9799 11094.3 11951.4 1
-3559.42 527.974 8839.69 9544.61 -1
1909.19 -1801.58 -3953.67 4746.93 1
event 41
8829.59 -5214.77 -29172.4 30922.4 1
-6220.93 2429.73 -5118.27 8414.95 1
-2965.32 2691.73 -2303.09 4621.03 -1
3450.11 -896.715 -9182.77 9850.98 -1
