event 0
-24619.2 -5373.21 -29588.1 38864.4 -1
-4478.39 10152.3 -26410.3 28646.8 1
-449.756 4903.13 -13815.5 14667.1 -1
-3463.89 -572.348 -4004.96 5327 1
event 1
-4858.2 9055.94 2852.19 10665.8 1
-2894.34 5635.86 2696.94 6886.56 -1
2503.77 -2645.89 -7824.97 8631.97 -1
-2529.2 631.402 -4276.65 5009.64 1
event 2
349.703 14570.3 2252.7 14747.9 1
-6621.45 -2547 -9712.4 12028 1
237.658 3160.34 638.321 3234.63 -1
-2484.79 -632.166 -2876.07 3854.44 -1
event 3
6283.52 5434.59 19772.6 21447.2 1
1610.92 -5845.49 22354.4 23162.3 -1
2259.9 2392.51 7052.67 7783.48 -1
-696.719 -2131.95 -2541.18 3391.07 -1
event 4
13072.8 1272.89 17856 22166.7 -1
9359.54 2176.98 13679.8 16717.9 1
-3641.94 4378.53 -9008.06 10657.9 -1
-1747.06 1625.29 -7078.33 7470.45 1
event 5
-2568.94 4316.88 -1171.42 5159.29 1
-2331.45 -4340.68 -6259.56 7966.83 1
-3793.65 2434.33 -3854.69 5931.9 -1
102.558 -3356.51 -3177.98 4624.65 -1
event 6
1553.14 29345 -53329 60889.6 1
-2077.57 -19791.3 -27960.7 34319.4 1
1920.22 16254.7 -33268.8 37077.3 -1
-428.573 -2923.23 -4013.28 4984.63 -1
event 7
-3023.43 -22676.2 -32870 40047.5 1
-816.522 11129.5 -19479.9 22450.2 -1
-1343.36 -9969.32 -12779.3 16263.9 -1
689.107 4741.33 -8949.51 10151.8 1
event 8
916.109 22785.9 -45434.3 50836.2 -1
995.197 9500.79 -17738.1 20147.1 1
-354.399 -8147.13 -8983.53 12133.3 1
-826.312 -5893.71 -7799.53 9811.35 -1
event 9
5192.05 -5375.71 -12453.6 14524.4 -1
1177.78 4268.95 4437.83 6270.3 -1
3690.65 653.251 12546.9 13095.2 -1
-2259.22 -1125.16 10172.3 10481.3 -1
event 10
754.257 10348.5 -2464.59 10665.1 1
-4369.02 -1170.68 -5829.23 7379.02 1
1308.97 3346.13 -1084.39 3754.6 -1
-2094.12 -285.661 -1718.11 2725.8 -1
event 11
8058.9 -1492.84 -7858 11354.9 -1
-7694.97 285.684 -3197.84 8338.55 -1
6694.36 158.635 -6624.06 9419.6 1
-3935.8 -305.056 -969.768 4066.35 1
event 12
3436.91 -3703.82 5277.48 7307.09 -1
4024.03 -2172.09 5138.73 6879.57 1
475.995 2975.22 7279.56 7879.19 1
-1899.54 1508.57 2735.17 3657.37 -1
event 13
-3407.09 14056.3 -6349.61 15796.1 1
-1288.85 5842.45 -2033.98 6320.09 -1
4505.57 -556.94 4154.11 6154.52 -1
1632.54 -1582.68 1956.4 3001.45 1
event 14
1121.49 -17613 82088.7 83964.5 1
779.184 -7917.19 42449.9 43189 -1
-632.869 7584.66 12597.8 14718.8 -1
-772.965 2829.29 4978 5778.76 1
event 15
3559.21 3629.52 -8340.82 9768.41 -1
3476.49 2297.1 -8736.93 9680.28 1
3569.73 -788.659 -2780.64 4594.35 -1
2288.06 -1482.17 -4473.33 5239.64 1
event 16
1849.47 7776.36 5488.86 9696.96 1
-5613.85 480.891 3641.92 6709.79 -1
1462.06 -4610.34 -3644.23 6056.77 1
-2199.36 916.855 532.977 2443.98 1
event 17
10490.7 -3480.74 13364 17342.9 -1
-5935.21 -1698.21 -5357.62 8174.71 -1
-2979.56 -1777.92 -1899.4 3956.98 1
3224.61 -1004.3 3288.07 4714.8 1
event 18
5368.43 2175.95 2813.82 6440.77 -1
5175.91 2181.5 6103.08 8295.04 1
-501.007 -4046.33 -4517 6085.91 -1
968.422 2156.71 10626.3 10886.7 1
event 19
6897.36 6753.32 -8082.06 12590.1 1
4113.01 4565.93 -7240.05 9497.06 -1
3833.66 1754.47 -6011.48 7343.31 1
2499.97 880.227 -3569.1 4446.83 -1
event 20
-29445.2 19890.1 -32803.5 48360.3 -1
21108.9 -3823.32 73433.5 76502.9 1
-3329.85 -5016.85 -17785.4 18777.3 1
-3454.98 2618.42 -3735.57 5723.52 1
event 21
17854.4 -3326.02 63604.3 66146.5 1
-8880.04 4881.28 -8328.32 13116.9 -1
-3735.35 5400.21 7362.01 9865.37 -1
-2683.59 -3795.23 -12228.3 13082.3 -1
event 22
-9733.62 6792.25 -9347.22 15108.3 -1
8964.04 -1820.71 30779.6 32110.2 1
-3413.33 -3329.93 -15286.1 16012.9 -1
-2749.36 1635.24 -3089.4 4448.44 1
event 23
-12135.8 11061.8 -15593.9 22645.6 -1
-12826.3 9484.06 -13910.6 21165.4 1
14543.8 -2051.21 51035.6 53107.2 1
-5350.48 6226.11 8953.98 12148.1 -1
event 24
-454.031 -8375.26 11715.9 14409.2 -1
-1355.45 7394.75 1175.36 7610.01 -1
351.32 -3040.26 5213.71 6046.53 1
-55.6965 -2892.64 1204.67 3135.74 1
event 25
5618.68 101.426 8481.45 10174.8 -1
4691.76 75.5383 11956.9 12845.1 1
-3316.6 959.253 1086.87 3621.11 -1
-2754.06 -1738.73 -3376.17 4692.31 1
event 26
3962.32 -3232.8 8137.24 9611.29 -1
-2404.41 3967.41 5605.47 7276.94 -1
-1440.55 2796.3 3025.78 4365.89 1
-2014.94 -449.907 7392.69 7676.29 -1
event 27
15910.4 22504.9 -4155.98 27872.8 -1
13984.4 18278.5 299.151 23016.7 1
2498.2 3296.64 -515.359 4169.61 1
1768.56 2867.26 3.47191 3370.49 -1
event 28
8553.14 11779.9 -1909.3 14682.6 -1
4693.82 8495.79 1408.02 9808.37 1
4160.79 4332.26 -247.065 6012.72 -1
1476.47 1720.39 -169.543 2275.88 1
event 29
-93.0653 -9301.34 11775 15006.2 1
-543.401 5879.59 -21374.2 22175 1
-745.283 -5784.55 12397.5 13701.3 -1
365.625 -3732.22 3774.27 5321.6 -1
event 30
-6886.71 3333.12 28316.7 29332.3 -1
4721.26 -3375.73 5884.82 8266.08 -1
4108.36 -1898.27 8882.86 9969.88 1
-1703.25 1169.07 8441.72 8691.47 1
event 31
-4358 4467.65 -9276.21 11180.8 1
336.172 5835.18 -11212.2 12644.6 -1
1538.9 -5008.46 15987.7 16824.7 -1
-1999.47 2313.58 -7508.71 8108.17 -1
event 32
-11972.2 -11288.5 10638.3 19594.6 -1
6735.79 5253.81 4174.34 9508.39 1
3809.76 3631.14 1536.11 5483.64 -1
-1848.02 -2187 1691.99 3327.48 1
event 33
6071.96 2135.32 176.803 6439.78 1
2483.47 -4238.04 -2406.38 5470.87 1
-189.098 -3178.73 -690.43 3260.05 -1
1972.9 1914.66 696.562 2838.07 -1
event 34
7493.26 -380.506 4226.87 8612.28 -1
7347.55 57.6137 5574.6 9223.73 1
6203.33 1604.82 2647.75 6933.87 1
2226.37 242.894 1566.42 2735.06 -1
event 35
6462.64 7575.58 -40531.3 41736.7 1
-5133.4 -6739.87 -25803.4 27158.9 -1
4752.45 4561.55 -27900.9 28668.2 -1
-2262.6 -2765.21 -7741.12 8526.53 1
event 36
-26280.9 -29406.9 -103569 110825 -1
5346 6701.17 -32675.3 33781.2 1
4963.89 4544.98 -28594.3 29375.9 -1
-3513.87 -4912.36 -19296.4 20219.8 1
event 37
-2771.67 -3898.78 -1032.63 4894.9 1
989.933 4033.33 2385.82 4790.72 -1
-1777.18 2543.86 2093.93 3745.04 1
-175.595 -2172.88 518.7 2243.31 -1
event 38
8128.42 -6254.3 4779.77 11315.7 1
4716.26 -2788.09 1319.78 5636.45 -1
-1630.83 2898.67 -3941.98 5158.7 1
-2189.94 -129.582 -1310.17 2557.41 -1
event 39
6907.35 -4125.35 -8434.93 11657.2 1
3762.91 5001.59 -2923.04 6908.74 -1
-3054.32 -2087.4 -2055.16 4233.31 1
-1057.46 -2857.31 -5234.74 6057.73 -1
event 40
8526.95 -1796.92 -8152.44 11933.6 1
4095.27 4726.5 -5090.03 8064.16 -1
4155.15 -1626.54 -4442.8 6297.66 -1
-1310.8 -2229.5 -4178.67 4915.42 -1
event 41
-10393.1 -11566.4 12325.4 19842.4 -1
-5170.53 -4156.77 3476.35 7490.61 1
2986.63 -1683.79 3231.39 4712.55 1
1999.04 -2437.7 3470.57 4689.83 -1
