event 0
-801.029 -5289.27 -7100.59 8890.87 -1
-2615.95 -4147.21 -4093.87 6388.54 1
1497.23 2715.4 313.446 3118.42 1
1005.95 2143.41 -833.753 2512.46 -1
event 1
-4770.57 2925.24 -17408.2 18285.8 -1
2678.72 -3585.38 6031.96 7511.74 -1
-3655.06 424.758 -12161.2 12706.1 1
2236.63 -1842.85 4786.57 5596.52 1
event 2
-3657.28 -8144.45 18924.1 20924.7 1
2892.48 3344.32 552.805 4457.32 -1
-1840.22 -3839.8 7252.62 8410.83 -1
1959.7 1747.45 -1666.07 3111.42 1
event 3
-1865.07 10599 -12099.5 16193.4 1
-1000.14 4687.03 -4388.28 6498.97 -1
2189.19 -2424.52 -3914.72 5099.71 -1
2497.76 -1195.95 -7069.76 7593.54 1
event 4
-326.652 -10154.1 39215.3 40510.1 -1
2656.35 8511.96 -6924.04 11290 -1
-151.537 -3037.04 7072.1 7698.86 1
961.395 2248.13 -1756.14 3012.24 1
event 5
-56.6473 -6969.06 1474.02 7124.25 1
785.989 -6033.2 1604.77 6293.15 -1
1038.33 3978.76 5261.22 6678.34 -1
360.439 2059.67 1536.12 2596.73 1
event 6
-18794.5 20829.3 -25861.7 38156.7 -1
8212.75 -11289 6947.65 15594 -1
8255.71 -8495.92 5913.8 13240.9 1
-2895.8 2887.62 -3171.63 5176.33 1
event 7
-11194 11745.8 -11670.8 19987.2 -1
-4341.06 4576.96 -6464.51 9032.96 1
3431.97 -4293.82 2468.24 6026.5 -1
3117.52 -2983.34 3112.47 5321.46 1
event 8
704.489 -8841.94 -3702.44 9612.25 1
-7187.36 -1935.66 -9344.81 11947.5 -1
-3890.59 294.663 -3750.21 5412.83 1
16.6022 -2047.68 -326.277 2076.27 -1
event 9
-885.686 -12454.9 -10326.9 16203.8 1
4276.41 5178.61 1072.41 6801.98 1
308.481 -3763.21 -2280.64 4412.41 -1
2707.84 1156.82 -4558.26 5427.67 -1
event 10
-310.006 -7595.27 -5483.8 9373.76 -1
4993.75 4784.39 -9096.35 11427.3 -1
814.366 -5810.89 -2935.34 6561.78 1
1719.42 2613.38 -3349.36 4584.27 1
event 11
-384.167 -5359.41 -3283.43 6297.85 1
3028.53 4199.55 2250.71 5646.69 -1
2666.29 3291.6 -5506.52 6948.14 -1
1351.08 2203.35 -3739.74 4547.2 1
event 12
5867.88 -6602.6 21417.2 23167.6 1
2757.15 -3585.57 15799.6 16434.6 -1
2665.5 -1852.1 2047.41 3839.04 1
1364.8 -2394.49 1329.24 3061.74 -1
event 13
6101.05 2700.77 -16105.8 17433.5 1
-2645.41 4721.52 18876 19636.8 1
-3988.34 434.1 17420.2 17876.5 -1
-2148.32 -361.983 11939.4 12137 1
event 14
-5408.3 783.73 -2186.73 5887.01 -1
2789.33 -3448.6 4281.4 6165.61 -1
-3292.8 -1316.87 18042 18387.5 -1
-2603.67 1537.75 -381.521 3049.68 1
event 15
10218.3 -1490.86 -14156.5 17522.9 -1
5451.97 -875.213 -5986.41 8144.82 1
-3052.3 -1902.41 -15484.6 15897.2 -1
-178.558 -3228.23 -16158.9 16479.5 1
event 16
2109.15 -10749.2 5509.82 12262.3 1
-4471.49 6501.34 30915.2 31906.5 -1
-4944.58 5335.98 27687.6 28627.5 1
-88.5742 -4199.38 1879.56 4602.88 -1
event 17
-152.512 -6137.84 563.344 6166.43 1
-2415.72 3332.31 5714 7042.79 1
-798.508 3162.42 1391.41 3547.64 -1
446.93 -2846.76 -1201.56 3123.89 -1
event 18
4148.95 -10863.4 52064.2 53347.2 -1
2157.88 -7957.95 30670.5 31759.6 1
-980.412 5674.56 28838 29407.5 1
-1366.06 1682.56 4748.36 5220.65 -1
event 19
8725.33 -21729.5 97160.7 99942.6 -1
-9727.61 6222.01 24388.1 26983.9 1
-775.759 8810.92 46956.3 47782.2 1
1953.65 -7016.38 28666 29577 1
event 20
-6545.66 4211.71 15292.1 17159.4 -1
2166.22 -6857.12 32049.1 32846.1 1
1963.97 -6514 23710.6 24667.7 -1
-4002.7 1285.62 11606.3 12344.7 1
event 21
4976.43 2299.44 -2623.02 6078.13 -1
-5236.72 -628.682 -16874.5 17679.9 -1
-2623.09 -1618.08 -14167.2 14499 1
2963.75 200.861 -1133.45 3181.2 1
event 22
-8343.15 -1524.68 -817.695 8521.3 1
5471.88 -2652.7 -28350.4 28995.4 1
3900.47 -762.491 -13191.9 13778 -1
-1837.71 -1118.18 -349.237 2181.89 -1
event 23
14557.9 -5770.85 -68890.9 70648.5 -1
-3954.85 -2229.9 -1223.4 4703.32 1
-3880.86 -678.156 -1106.72 4093.53 -1
1919.79 -1239.67 -9187.47 9468 1
event 24
4852.5 7471.34 16705.7 18933.1 1
5005.79 3620.17 12232.4 13704.3 -1
-4201.27 9.07316 -5630.49 7025.97 -1
2067.37 -1951.43 764.646 2945.84 -1
event 25
-19297.5 -8433.68 53295.6 57305.8 -1
9577.62 637.104 1334.01 9691.62 1
-2835.46 -1028.81 9304.75 9782.01 1
2128.07 -297.918 794.891 2293.56 -1
event 26
-10109.7 -1503.78 -8877.84 13538.6 1
6041.96 7262.3 -14266 17110.7 -1
2395.83 2503.11 -4649.51 5799.54 1
1737.66 -1049.41 -4804.45 5216.76 1
event 27
3338.86 -7447.07 -14284.8 16452.2 -1
5588.97 -5679.43 -13894.4 16017.4 1
-1256.68 4164.13 -344.904 4364.56 -1
-637.905 3874.61 -2819.36 4835.23 1
event 28
8156.94 9464.92 70781 71875.4 1
-500.799 -5837.12 10504.8 12028.5 -1
-5259.94 116.512 21528.9 22162.7 1
1516.62 1384.56 10181.4 10386.9 -1
event 29
158.628 8233.85 26518.5 27768.1 -1
-5337.46 -3028.89 14612.2 15849 -1
-4390.81 -1313.94 8221.72 9413.48 1
688.365 3457.8 8545.76 9245.07 1
event 30
-3559.4 6848.26 -19682.4 21141.8 -1
732.267 -5028.59 -11790.9 12839.7 -1
-2956.66 2686.02 -13449.4 14030.5 1
1242.2 -2918.58 -9702.55 10208.4 1
event 31
1945.51 15205.2 -45746.2 48246.4 1
1868.04 5856.99 -22858 23670.5 -1
604.569 4280.55 -14171.1 14816.2 1
914.268 2584.75 -15018.2 15266.8 -1
event 32
-4568.36 15100.2 -30555 34387.6 1
-40.4014 8458.11 -13489.9 15922.6 1
-1260.2 6367.29 -14496.2 15883.3 -1
572.046 2092.08 -3391.86 4027.4 -1
event 33
-1553.91 10097.5 46591.3 47698.3 -1
-325.324 4856.1 18340.5 18975.5 1
-2955.7 -1882.88 6454.2 7345.01 -1
-2350.72 -1289.9 6008.04 6580.08 1
event 34
338.879 -6875.36 12239.4 14042.8 -1
2477.38 5354.14 -10167.6 11755.7 -1
322.433 4234.42 -4811.46 6418.38 1
285.815 -3806.49 7990.93 8856.47 1
event 35
-1618.72 -8333.02 14707.1 16981.5 -1
1936.89 4823.87 -7114.67 8811.98 1
580.406 3081.16 -5002.47 5904.76 -1
391.863 -2688.62 6320.49 6880.56 1
event 36
-9944.51 -9344.34 15876.3 20935.1 -1
5619.65 4699.45 11.1379 7326.43 1
4007.2 -1215.91 -7664.31 8734.35 1
1381.98 2007.21 -550.439 2500.58 -1
event 37
-10788.3 -7470.45 14047.9 19223.6 -1
6195.47 6559.16 -1222.33 9105.58 1
3208.78 -421.829 -5077.27 6021.97 1
-2012.32 -1443.75 3851.66 4580.43 1
event 38
-5386.17 -5528.48 8422.19 11424.5 -1
2321.76 4185.9 -1593.81 5046.16 1
-1666.2 3184.16 -4197.75 5526.96 -1
-313.827 -2120.1 2716.6 3461.85 -1
event 39
-1583.65 -6167.22 7612.31 9924.77 -1
-3076.24 -2913.48 6913.26 8109 -1
-2924.23 -1872.79 4826.84 5947.1 1
-1635.76 2204.43 -2974.85 4049.21 -1
event 40
-2789.75 12533.2 14042.8 19028.2 1
1239.29 -5036.41 -1287.2 5345.03 -1
43.5496 3128.54 4074.12 5138.02 -1
389.471 -2083.32 -1194.4 2435.09 1
