event 0
9918.45 4661.98 2769.33 11304.4 1
-5239.6 -7876.36 9603.69 13480.8 1
-2416.79 -1918.39 5863.41 6626.6 -1
2472.04 1138.6 1384.54 3055.41 -1
event 1
14615.7 -12056.7 -8936.65 20948.9 1
-4110.13 4363.64 -10456.1 12053 -1
-2551.97 2304.42 -5576.81 6552.48 1
2298.32 -965.509 -1176.25 2758.48 -1
event 2
-1652.71 5422.07 -15573.4 16573.2 -1
-5228.19 317.506 -12184.7 13263.2 -1
-3734.97 727.556 -10466.6 11137.4 1
899.897 2088.44 -7062.07 7419.93 1
event 3
-8137.85 3172.38 -11661.3 14570.1 1
6183.77 2067.26 -38219 38771.4 1
4147.96 756.128 -18951.1 19414.7 -1
-2846.57 1157 -4190.58 5197.47 -1
event 4
3645.98 5454.93 11499.6 13240.1 -1
4078.25 4268.41 9332.02 11043.1 1
2131.65 3276.98 4673.87 6094.16 1
2497.63 1377.24 3160.1 4258.21 -1
event 5
8096.71 2359.88 19239 21006.5 -1
3417.23 3129.89 16450.5 17091 -1
3985.36 949.847 11715.5 12411.7 1
-2296.35 -1418.81 -8321.18 8748.68 1
event 6
1830.11 6661.41 10457.4 12533.6 1
1745.78 6589.87 4555.86 8200.07 1
3296.16 5598.64 7629.18 10021.2 -1
211.035 2616.78 2013.95 3310.47 -1
event 7
-7632.86 -14356.4 53358.1 55780.5 1
8444.13 8631.34 9716.92 15499.5 -1
2007.52 2643.95 2340.48 4063.21 1
-1845.89 -2329.06 10166.1 10592.1 -1
event 8
-4868.14 3563.32 -7331.29 9495 1
-2914.53 2914.46 -2285.57 4714.18 -1
-2286.41 2466.05 -3878.09 5134.19 -1
2979.98 -1084.42 -7152.75 7824.91 1
event 9
-9277.37 -8748 -28439.8 31167.8 1
-4908.68 -2643.69 -10526.7 11912.5 -1
2137.5 -2570.05 2444.23 4142.4 -1
1085.76 -2546.03 3711.92 4631.49 1
event 10
-18453.4 -35269.8 -11264.4 41368.9 1
1627.55 9873.67 23889 25900.5 1
-1672.89 -3465.85 -12270 12859.8 -1
-899.203 -2393.18 -748.541 2665.96 -1
event 11
-13066.7 -27223.5 -8413.13 31347.3 -1
1668.36 13574 33693.9 36363.8 1
-4611.53 -9644 -21379.2 23903.1 -1
-1107.02 2099.05 4396.74 4997.4 -1
event 12
-7180.5 -12706.9 -3314.25 14967.3 1
2281.74 9597.44 25102.2 26971.2 1
-2697.84 -6171.11 -2363.95 7138.65 -1
-2341.67 1451.37 356.722 2779.98 1
event 13
-13973.3 -1360.07 -57326.4 59020.6 1
-7355.98 308.356 -4998.25 8899.39 -1
-5256.8 460.537 -4823.98 7150.38 1
-2566.62 -725.65 -13775.3 14031.5 -1
event 14
2720.55 -4931.61 -25635.2 26246.9 -1
-731.843 4101.68 -5604.71 6984.51 -1
-1566.23 2954.34 -6525.25 7332.89 1
824.213 -2366.34 -9017.36 9359.64 1
event 15
-9255.94 -1712.46 29969.8 31413.5 -1
4340.46 -4992.95 4266.06 7872.71 1
-3285.85 532.11 10668.4 11176.1 1
2036.75 -1256.8 1118.47 2643.87 -1
event 16
-13157 388.806 -6103.26 14509.2 -1
4099.82 -11935.5 10147.8 16194.3 1
-5831.42 -691.652 -3609.55 6893.76 1
1631.2 -2499.59 2143.57 3676.25 -1
event 17
-3681.59 5322.85 11639.4 13318.2 1
-3250.11 -3304.6 2040.08 5065.24 1
-2415.06 3376.04 10416 11213.1 -1
2518.61 845.493 6164.56 6713.51 1
event 18
6331.99 1917.93 21880 22858.6 1
4056.37 159.198 15789.3 16303.1 -1
-3124.11 1384.36 5249.15 6264.28 -1
-2518.09 1524.91 3403.35 4501.12 1
event 19
8573.03 -318.098 34345.9 35401.3 1
-4997.37 2789.01 9350.96 10963.8 -1
-4212.11 2175.88 6527.85 8068.48 1
2748.38 954.11 10042.7 10456.1 -1
event 20
5688.58 -1256.51 189.033 5829.72 -1
5436.33 -683.733 4.17142 5480.18 1
-3051.86 3881.45 1926.46 5301.12 1
-1478.98 1666.94 3.09376 2230.97 -1
event 21
248.179 -5369.89 12017.3 13165.2 1
-3814.46 2745.39 5794.29 7461.38 1
128.081 -3359.05 5490.74 6438.87 -1
-633.489 -2654.46 -2802.9 3913.42 1
event 22
4945.4 10306.6 11158.7 15975.3 1
2769.14 3328.2 3139.98 5349.36 -1
-3500.39 -638.355 -396.866 3581.75 1
-1564.92 -1807.33 62.3061 2393.83 -1
event 23
-5699.06 -2265.56 -869.323 6195.07 1
2355.6 5222.96 7562.66 9488.58 -1
-753.668 -3276.11 19075.5 19369.7 -1
1317.12 2318.86 2991.3 4008.86 1
event 24
-444.792 4645.98 -9498.35 10583.6 1
-1102.45 4515.93 -6042.52 7624.45 -1
152.075 -4521.59 -4709.67 6531.47 1
2125.26 -1248.27 -5393.52 5930.94 1
event 25
9195.99 -2322.25 31926.9 33306.2 1
-1275.58 4156.05 6699.44 7987.09 1
3630.44 -1204.9 17847.3 18252.9 -1
-296.819 2218.43 1681.92 2801.7 -1
event 26
3849.71 -2304.64 18132.3 18679.5 1
3299.96 -2965.97 24820.7 25214.3 -1
-3704.61 1954.54 339.296 4203.65 1
-1201.49 1637.3 414.153 2075.33 -1
event 27
7828.91 2845.07 -491.704 8345.02 1
-3695.22 -2063.38 9123.91 10058.3 -1
3333.2 2185.71 800.063 4066.79 -1
2332.69 -56.804 2764.26 3618.98 1
event 28
19248.3 26569.2 -7785.51 33720.1 -1
2100.86 -4988.58 -27191.8 27725.6 -1
-136.072 -3408.19 -10193.9 10749.9 1
1217.29 2006.54 -925.397 2524.98 1
