event 0
405.701 -10064.6 -36627.4 37987.3 -1
1123.17 -4514.09 -15480.9 16165.1 1
597.8 4092.73 -9328.94 10205.3 1
-11.0361 3022.75 -3600.24 4702.13 -1
event 1
3661.98 13838.3 -28108.2 31543.5 1
1649.27 6289.68 -10488.8 12341.2 -1
-735.094 -3196.99 394.68 3305.76 1
566.609 -3172.97 -469.05 3258.83 -1
event 2
4327.23 3529.27 -1096.67 5691.61 1
3393.36 4377.56 98.1728 5540.64 -1
-2146.35 -4874.08 -266.072 5333.43 1
-668.59 -3789.1 1033.86 3985.51 -1
event 3
-5384.43 7912.25 -3293.82 10122.1 -1
-1991.09 -7813.37 -33559.7 34514.9 1
-4702.16 5255.9 -1823.71 7285.05 1
769.695 -4199.34 -14821.8 15424.7 -1
event 4
11179.2 5071.98 26456.8 29166.3 1
1395.76 -3994.69 834.583 4314.32 1
-427.987 -3769.2 -471.003 3824.01 -1
1636.35 1176.41 3979.72 4462.17 -1
event 5
3396 -6264.24 -1276.81 7239.82 -1
2165.2 -6473.2 -350.455 6835.52 1
-5209.11 2634.16 19619.5 20469.8 -1
-2405.38 2658.01 10607.3 11197.2 1
event 6
5810.3 6965.49 -45617.4 46510.6 -1
-6133.19 2224.69 -20232 21258.2 -1
3698.63 1425.99 -21004.1 21375.2 1
-2391.55 1443.21 -6087.86 6698.93 1
event 7
-2324.53 -4569.98 7975.86 9482.28 -1
3266.92 2441.3 1561.38 4368.27 1
901.028 3379.16 9231.53 9872.33 1
-2516.56 -1765.43 5467.99 6273.75 1
event 8
12235.9 -2808.51 31830.2 34216.7 -1
8144.26 -917.299 19205 20880.9 -1
-3301.95 631.427 4021.57 5242.69 1
-2053.99 -1441 3944.91 4676.41 -1
event 9
7695.79 -1340.82 20237 21692.7 1
6320.36 -1389.95 12943.8 14471.8 1
5303.13 -2716.48 12894.9 14205.4 -1
-2183.47 -2065.92 6610.34 7262.46 -1
event 10
11231.9 -2194.03 26208.9 28598.7 1
9829.48 -3547.01 21218.7 23652.5 -1
9108.33 -2361.63 19024.7 21224.7 1
-2648.33 -2610.83 7631.71 8490.25 -1
event 11
-5013.55 -3591.73 18575.6 19572.9 -1
1809.34 4228.62 16145.2 16787.9 -1
1397.73 3197 13534.1 13977 1
-2177.51 -1028.76 13214.8 13432.8 1
event 12
-4847.06 -560.492 11897.1 12859.2 -1
-4748.64 161.861 8451.34 9695.98 1
3572.47 545.937 17703.5 18069 -1
589.319 1993.75 5596.35 5970.98 1
event 13
4896.35 -5272.52 9293.74 11754.1 -1
-2186.08 4261.45 25428.3 25875.6 1
2486.83 -2082.95 2986.42 4410.54 1
-803.9 2398.83 12035.3 12298.8 -1
event 14
6457.04 3433.3 -30200.2 31073.2 -1
-7271.82 267.191 8095.18 10885.5 -1
-4764.22 392.11 3759.07 6082.21 1
1616.86 1268.76 -9384.12 9607.12 1
event 15
-15210.5 14677 11839.1 24227.1 1
4595.02 3156.53 -5814.65 8056 1
-1888.46 2400.54 1185.41 3277.99 -1
2472.55 1420.25 -3031.19 4162.92 -1
event 16
765.889 -4264.71 -12186.3 12934.2 -1
-1019.01 -3971.66 -16617.5 17116.3 1
88.4462 3266.2 -3931.16 5112.83 -1
789.857 2411.96 -2137.86 3320.09 1
event 17
19180.5 -14215.6 -60452.1 64995.7 -1
-1479.73 15411.4 -38424.1 41426.1 1
7019.59 -5084.6 -23582.1 25124.7 1
3555.57 474.355 -6875.83 7755.98 1
event 18
1141.89 6066.23 12342.2 13800.1 -1
2318.12 -5576.7 5309.97 8042.4 -1
3462.69 3696.69 11347.4 12427 1
1261.43 -3390.48 5320.23 6434.48 1
event 19
2813.99 -4703.12 7625.61 9391.43 -1
3110.62 -4190.56 3973.32 6560.12 1
858.217 4342.68 9930.18 10872.7 1
1038.87 3649.3 9582.46 10306.9 -1
event 20
-13794.9 -17323.9 44002 49260.5 1
8788.38 13944.9 -2543.93 16678.7 1
-2144.17 -3019.41 9323.4 10032.5 -1
1139.89 1781.2 567.587 2192.11 -1
event 21
-12020 -1986.86 12714.7 17609.7 -1
-4394.65 61.457 3397.73 5556.3 1
1778.85 -3694.48 -1079.32 4241.42 1
-423.223 -2973.45 89.1923 3006.6 -1
event 22
-9488.87 -2186.26 11605.3 15149.7 -1
2894.54 -4841.26 2018.47 5991.79 1
-4381.77 781.893 4308.05 6195.3 1
2116.24 -2088.85 935.578 3119.01 -1
event 23
-6249.46 284.349 1133.7 6358.7 1
5547.53 -2.49663 2880.19 6251.54 1
-2760.54 2557.43 1791.01 4168.92 -1
2256.07 870.81 1097.7 2657.87 -1
event 24
13268.6 15227.7 14112.4 24639.6 1
-8761.6 -7089.26 43593.5 45027 -1
-6740.65 -4924.36 27583.7 28819.3 1
2242.13 2108.76 2569.17 4010.71 -1
event 25
3364.84 6440.1 -22402.5 23551.6 1
-1750.19 -4081.8 -12503.9 13269.6 1
2137.89 2691.53 -13253.3 13692.2 -1
-1361.19 -3026.76 -6587.97 7377.44 -1
event 26
21565.3 7926.88 8115.4 24367.4 1
5622.33 1910.49 1906.52 6237.52 -1
490.746 3342.06 -13406.6 13826 -1
1104.09 2327.52 -425.707 2613.19 -1
event 27
4032.81 42584.1 -63840.8 76846.1 -1
-1691.59 -7860.57 11047.7 13664.3 -1
-1831.81 -6246.18 10182.9 12086 1
-93.032 3686.54 -6497.25 7471.59 1
event 28
2225.95 19157.2 -31100.1 36594.8 -1
-4527.05 -15922 25622.3 30504.3 1
-2969.38 -12164.5 16851.1 20994.3 -1
695.267 5151.16 -7557.94 9173.41 1
event 29
-7866.84 -10738.6 -37749 40027.5 1
-6720.56 -9022.08 -36593.2 38283.7 -1
4139.16 2767.05 -18541.4 19198.5 1
2593.31 2241.22 -7240.51 8011.51 -1
event 30
-3169.54 -8215.39 4419.35 9852.94 1
-1082.24 -6168.45 1776.74 6510.68 -1
-3083.85 -5157.15 2829.1 6642.39 -1
-1259.19 -1869.7 134.626 2260.67 1
event 31
7882.31 -3600.74 8172.07 11911.8 1
-6436.12 5058.52 1485.67 8320.5 -1
-3527.56 2439.15 199.722 4294.67 1
3056.15 -1682.11 2497.49 4291.64 -1
event 32
2343.93 6748.23 1974.65 7412.36 1
-2813.35 -6026.4 -31930.4 32615.9 -1
-3848.32 -1985.47 -20250.2 20708.3 1
912.477 2745.76 2065.32 3556.48 -1
event 33
7105.08 4699.91 12016.4 14730.1 1
2990.22 -3019.57 -5134.56 6665.89 -1
3207.66 -908.232 -3055.04 4523.09 1
-1585.05 2006.33 12168.4 12434.5 1
event 34
-1252.08 -6895.23 2142.15 7328.84 1
849.903 -4997.97 2033.22 5463.26 -1
1340.89 4396.29 16207.7 16847.1 -1
813.123 2680.05 11459.7 11797.4 1
event 35
17807.1 10117.3 -1720.09 20552.9 -1
-10730.9 -1602.85 -2812.93 11209.1 -1
6331.34 4066.89 -1039.42 7597.17 1
-7010.39 -309.124 -1897.63 7270.03 1
event 36
6940.25 1999.58 -3530.73 8040.07 1
4777.17 795.684 -1117.8 4971.43 -1
2023.79 -3792.27 -2643.03 5047.16 -1
2938.64 -2601.68 542.752 3963.6 1
event 37
5741.42 -4459.2 -31954.2 32770.8 1
-4731.7 3976.91 -2947.69 6848.71 1
3673.34 -4961.84 -31806.8 32400.6 -1
-792.993 2483.19 -1726.37 3128.35 -1
event 38
8088.99 -7404.95 -44178.8 45519.7 1
-3417.53 2892.19 -3414.74 5631.69 -1
1750.91 -2469.92 -17854.3 18109.5 -1
-2090.57 2019.3 -910.703 3047.72 1
