event 0
2521.85 14672.7 -15645.7 21597.4 -1
2087.77 7905.23 -6197.05 10259.9 1
218.256 -4762.5 -20556.4 21102.3 1
2315.86 -540.113 -8163.61 8503.56 -1
event 1
-3556.19 -2658.27 10389.6 11299.1 -1
-472.904 -4182.36 16694.2 17217 1
-542.273 -3440.74 12898.1 13360.6 -1
-2395.69 -8.68437 5680.15 6165.6 1
event 2
-6650.71 -1675.62 1403.04 7001.39 -1
-4443.08 -156.772 2986.82 5357.04 1
4299.94 -878.165 -2459.3 5031.9 -1
2836.11 753.616 -2534.3 3878.83 1
event 3
-2846.34 5559.37 -24405 25191.8 -1
2893.89 -4263.66 10541.3 11733.9 1
-1375.07 4219.83 -19494.8 19993.9 1
1675.36 -2579.81 8136 8698.73 -1
event 4
-5435.86 2140.68 13644 14842.5 -1
4171.19 -1751.7 14287.7 14987.2 -1
-3358.25 387.615 5765.79 6684.58 1
1856.94 -2215.98 12739 13063.4 1
event 5
-11437.1 -6877.06 -1914.25 13482.5 -1
4479.35 4590.47 -16652.6 17845.4 1
4676.65 360.356 2707.33 5416.79 1
4298.25 579.926 4100.8 5969.84 -1
event 6
-10967.3 349.299 48729.4 49949.7 1
8697.66 -2142.54 7929.67 11963.7 -1
6378.52 -2084.44 8172.91 10575.4 1
-4562.3 1092.94 26722.6 27131.5 -1
event 7
-6201.26 133.833 -1455.27 6372.01 -1
-4918.36 1875.19 -1081.81 5374.76 1
-3249.33 2636.49 -2755.93 5011.54 -1
-2574.57 199.222 -1120.57 2816.91 1
event 8
47.6267 -8321.95 13062.5 15488.6 1
-1610.93 7050.2 12130.9 14123.4 -1
-223.009 4374.6 8433.84 9504.09 1
664.768 -2484.56 3702.26 4509.2 -1
event 9
9400.2 10292 7162.59 15671.7 1
-10826.8 -3392.42 23085.7 25723.3 -1
2769.83 1374.95 1210.92 3322.64 -1
-1879.88 -748.679 5536.83 5895.94 1
event 10
8096.85 2256.87 28364.5 29583.9 -1
-5247.31 -1795.73 4132.32 6917.09 -1
-3611.11 501.143 3785.59 5256.72 1
2583.28 1154.85 7108.37 7651.61 1
event 11
21997.4 464.056 3119.46 22222.6 1
-14588.6 -3235.17 13937.5 20434.2 -1
5376.5 966.992 721.699 5511.25 -1
-4348.49 -225.314 4308.75 6126.71 1
event 12
-16447.6 -648.587 13549.6 21320.1 -1
7002.56 1060.25 1090 7166.53 1
5271.77 -73.9196 1080.1 5382.82 -1
-4793.76 -354.639 3971.73 6236.32 1
event 13
16939.7 1486.02 92317.9 93871 -1
-7187.22 103.86 11552.2 13606.3 1
-3860.46 583.243 5941.37 7110.16 -1
2785.84 -136.347 15707.8 15953.9 1
event 14
10579.8 1853.56 54412.1 55462.1 1
-7786.55 2885.1 12405.6 14928.6 1
3147.68 534.306 18469.1 18743.4 -1
-2040.8 360.683 4186.27 4672.36 -1
event 15
-17114.9 2666.61 25898.3 31157.1 1
8947.76 1433.49 45907.3 46793.2 -1
6965.43 139.928 36952.3 37603.5 1
-2877.82 -0.23169 4074.13 4989.14 -1
event 16
5907.86 -582.936 -5503.79 8096.02 1
3689.18 -1936.81 -1756.67 4523.09 -1
-2891.01 2255.33 5946.88 6987.2 1
715.049 2174.02 7159 7516.65 -1
event 17
-2029.12 -26770.4 11709 29289.7 1
-719.773 13203.9 -9631.34 16359.5 -1
795.746 6020.69 -2697.02 6645.83 1
-100.318 -2077.77 1035.14 2325.91 -1
event 18
-6245.17 3203.55 -19406.9 20637.4 -1
2122.73 -4010.8 6506.31 7933.21 1
-3369.76 818.823 -8213.32 8916.03 1
2102.43 -768.333 7027.92 7376.54 -1
event 19
-12730.6 5295.86 19725.3 24066.8 -1
-13537.3 -1973.41 22468 26305.4 1
-6866.51 3594.66 9922.91 12591.5 1
-6797.71 -1330.32 12888.5 14632.3 -1
event 20
-9549.67 5114.24 14788.8 18332.2 1
-10387.1 -2322.43 18943.8 21729.3 -1
-6821.81 3884.43 11597 14004.5 -1
-3954.32 -924.612 -10376.7 11143.6 -1
event 21
-4725.84 5149.02 -6570.13 9592.9 1
5309.86 -2087.52 463.743 5725.26 1
3407.47 -1453.33 818.903 3795.37 -1
-1635.19 2459.61 -3549.39 4618.76 -1
event 22
-4267.58 2008.23 -4419.35 6464.29 -1
4045.5 -1755.71 476.417 4436.97 -1
-1826.8 3902.63 -3885.69 5803.23 1
2672.76 -2597.34 343.359 3744.18 1
event 23
5642.14 2139.91 9314.93 11099.2 1
-5572.45 -691.421 3056.04 6393.81 1
4431.32 432.978 5381.05 6985.05 -1
-2201.23 1367.66 2678.79 3728.67 -1
event 24
6437.25 4652.01 -1681.61 8119.02 1
-2825 -5546.33 -12979.2 14394.9 1
3894.41 1819.75 -1350.93 4507.11 -1
156.088 -2465.36 -6311.34 6778.39 -1
event 25
-6974.62 -7255.1 2418.71 10351 1
6756.72 7020.71 -46510.8 47520.6 -1
-4499 -4198.18 1495.41 6333.49 -1
3966.11 1474.64 -19376.1 19833 1
event 26
777.269 -5514.32 1704.51 5824.8 -1
2833.84 -4472.32 3082.75 6127.55 1
864.03 4262.9 19229.1 19715.2 -1
-1252.29 3503.94 13395 13902.6 1
event 27
-10024.7 -10962 -13953.6 20380.8 -1
10959.1 6188.16 -38281.3 40297.2 -1
-2327.39 -4474.71 -5000.86 7103.49 1
2097.38 2938.84 -12057.8 12587.2 1
event 28
-1085.25 6776.29 5231.23 8629.77 -1
-1578.97 3978.53 1844.39 4662.06 1
-1710.79 3310.65 2530.83 4505.93 -1
-139.919 2964.08 3089.93 4285.34 1
event 29
187.888 7074.78 -18133.2 19465.7 1
-1751.27 5938.1 -18391.5 19405.9 -1
-1969.73 -3385.16 -1693.35 4268.22 -1
-722.769 -2981.68 -21.9656 3069.93 1
event 30
-6923.45 4817.71 10416.4 13403.6 -1
-4777.14 4626.12 10081.3 12077.5 1
-2402.83 2109.12 -120.762 3201.21 -1
-1504.72 1937.32 -140.74 2459.35 1
event 31
-4131.75 -2875.59 -3149.54 5938.95 -1
-776.234 -4721.35 -4265.97 6411.19 1
-636.349 -3241.05 -1515.95 3635.74 1
1432.54 -2422.7 -13478.4 13769.5 -1
event 32
-22718.3 13852.8 -3252.8 26807 1
9972.26 -9158.75 -8170.99 15814.7 -1
-7632.2 4126.63 -1976.84 8899.36 -1
5561.19 -5248.49 -3826.42 8551.38 1
event 33
-4748.76 10721.6 -3322.43 12188.2 1
-1817.32 -3856.02 -6998.73 8195.42 -1
-1224.66 -2764.63 -5049.42 5886.5 1
-1727.33 1307.4 -153.686 2174.34 -1
event 34
-6532.39 10482.2 -2601.59 12622.5 1
-1915.41 4007.97 -1853.08 4814.32 -1
-1539.53 -3328.06 -5768.96 6836.53 -1
-1290.19 -2960.66 -5163.39 6091.13 1
event 35
-7311.49 10824.4 -3979.55 13655.5 1
-4629.44 -8435.18 -15468.5 18217.3 -1
-3561.28 6911.98 -1030.7 7844.22 -1
-2150.85 -2710.32 -6933.84 7749.92 1
event 36
-11811.7 -13217 -46844.6 50086.2 -1
-5455.82 -8480.65 -26505.1 28358.8 1
1557.95 7122.44 -24611.5 25668.9 1
-528.207 2831.56 -9513.14 9940.21 -1
