event 0
-6022.31 -12799.4 21556.8 25783.7 -1
5914.45 5252.92 16890.1 18651.1 1
3587.51 2737.81 8463.45 9592.03 -1
-778.204 -2319.8 3918.15 4620.63 1
event 1
11637 12457.5 33806.6 37861.6 1
-2771.77 -6351.8 10369.4 12472.5 1
4560.79 3363.47 11152.1 12509.7 -1
-420.95 -4662.87 5757.43 7421.5 -1
event 2
-5857.21 -3691.44 -4158.17 8076.83 1
4477.33 4694.62 -674.339 6523.17 -1
4498.2 2093.29 217.117 4967.29 -1
997.208 2708.27 670.153 2964.69 1
event 3
-772.834 -10214.7 -13610.7 17035.3 -1
-652.928 -5921.83 -5245.52 7938.58 1
-3378.38 -735.361 -3647.85 5027.15 1
-1679.12 1217.21 -955.025 2285.67 -1
event 4
1724.49 -7551.61 32523.8 33433.6 -1
-3534.95 5468.8 4440.97 7882.71 1
-1784.61 3114.13 4592.49 5829.64 -1
1067.79 1903.98 -3202.47 3877.15 1
event 5
10057.3 -1851.65 19172.3 21729.4 -1
-6858.18 1607.09 39221.8 39849.4 -1
3085.67 403.892 3708.11 4842.08 1
-2392.46 1595.15 -938.004 3026.45 1
event 6
-7254.05 1801.33 -21782.6 23029.5 -1
-5335.62 593.684 -11441.1 12638.5 1
-2809.01 1467.75 -14455.1 14798.8 1
-2772.06 1407.5 -7496.92 8116.67 -1
event 7
7650.3 -7515.28 85.4019 10725 1
-678.027 8038.5 19262.7 20883.9 1
-545.825 5329.66 9856.62 11219.1 -1
1931.01 -868.629 272.667 2137.48 -1
event 8
4428.98 856.34 -7194 8492 1
-393.527 -4228.79 -7363.77 8501.41 -1
-908.909 -3296.67 -3797.28 5111.23 1
2019.32 435.939 -2169.85 2997.85 -1
event 9
-6540.85 -2804.45 -5318.4 8885.06 1
-4968.64 -2360.54 -5316.69 7651 -1
-3198.7 4347.08 -6769.53 8658.32 1
-1314.78 1542.8 -1856.57 2750.8 -1
event 10
4819.11 -7966.14 -43068.2 44063.2 1
2946.64 -5774.36 -7495.75 9910.77 -1
1945.27 -4424.99 -17063.3 17735 -1
1080.63 -3530.95 -6504.43 7480.25 1
event 11
-10342.4 -4209.11 25861.2 28169 -1
-3826.72 -1655.24 7920.47 8951.46 1
3600.03 1552.63 12988 13567.2 1
2197.35 8.12692 4140.56 4688.69 -1
event 12
-1983.87 -5330.94 3447.48 6652.14 -1
-3437.06 -4193.39 1232.26 5561.25 1
-475.784 3040.17 -16849.5 17128.5 -1
1176.76 2111.27 -11014.9 11277.5 1
event 13
1168.38 -5298.25 2426.84 5944.52 1
4317.81 -3150.39 1645.39 5593.48 1
3747.48 -3601.89 2688.21 5852.76 -1
855.78 -1966.57 1935.04 2890.55 -1
event 14
-747.143 -4652.74 -2515.52 5342.77 -1
-467.312 4494.39 -2516.7 5173.29 1
1037 2930.36 -2867.75 4230.55 -1
-1331.47 -2226.99 -1558.86 3028.78 1
event 15
-6138.02 -2311.67 10278.9 12193.7 -1
719.283 4210.18 13321.3 13989.7 -1
1714.66 3819.46 11832.3 12551.6 1
-3293.37 -2400.57 6852.79 7973.76 1
event 16
1874.21 8969.78 -4198.68 10080.2 -1
1888.3 6978.4 -2915.47 7795.83 1
-4035.65 -4771.24 -7184.81 9522.81 -1
-1824.99 -2133.64 -2004.12 3451.18 1
event 17
-5673.9 2333.19 -7693.91 9840.95 -1
4626.22 1078.85 -848.952 4826.77 1
-3167.37 91.6029 -1772.82 3632.45 1
2545.69 -623.14 -1903.48 3240.87 -1
event 18
8249.43 -6899.77 4243.52 11561.9 1
3920.1 -6447.5 3189.95 8192.94 -1
-2745.62 -3252.27 -1040.81 4382.94 -1
1589.06 1480.79 -5068.74 5515.53 1
event 19
-8966.38 -531.251 -4273.85 9947.62 -1
-6936.44 -1540.15 -3540.54 7939.32 1
-1559.67 6832.47 -11008.1 13050.1 1
-2155.59 2851.39 -19264.4 19593.5 -1
event 20
-8768.6 -869.85 -15227.5 17593.5 -1
7022.73 3740.7 -24352.6 25619.7 1
3175.6 2030.13 -16106.5 16541.9 -1
-1887.99 -714.881 -2572.41 3271.7 1
event 21
12762.7 8998.92 -58905.6 60940.5 1
-10383.9 -3026.67 -18634.2 21546 -1
-3169.5 92.8805 -5288.52 6167.17 1
2515.31 309.838 -7711.1 8117.57 -1
event 22
6068.13 10300.1 62756.6 63885.2 1
-2835.09 -9398.62 -2946.53 10250.1 1
-927.81 8914.69 12120.6 15074.9 -1
256.985 2582.76 4760.67 5423.27 1
event 23
-6471.12 5989.81 -34017.9 35142.3 -1
-6833.97 3766.53 -26012.8 27158.2 1
3642.92 -2319.62 -12446.8 13175.2 1
631.056 -2278.1 -12618.1 12838.1 -1
event 24
-5366.78 5349.71 -30918.7 31833.9 1
-4383.33 1821.81 -14109 14886.5 -1
1456.56 -2949.04 -13828.4 14214.6 1
2020.53 -722.426 -6458.31 6806.27 -1
