event 0
3423.78 -3686.3 6922.41 8558.15 -1
2501.75 -3661.22 5756.25 7266.97 1
-2248.77 2676.82 -241.284 3505.95 -1
-2625.18 2124.6 1168.13 3575.08 1
event 1
8431.23 2328.88 -2740.59 9166.86 1
7995.72 2462.73 -1821.5 8563.03 -1
-6888.77 -3996.24 -3306.4 8623.72 -1
-2494.82 -1182.73 -2844.41 3965.45 1
event 2
1472.46 15378.5 -22380.2 27194.7 -1
-1694.54 -9842.96 -16017.6 18876.7 1
-1235.11 -6310.17 -13763.6 15191.8 -1
1440.22 2817.16 -5093.85 5997.42 1
event 3
-2957.6 -3940.9 466.194 4950.41 1
1770.79 4057.66 -10831.9 11702.2 -1
-3224.15 -800.493 557.075 3370.08 -1
1811.51 2524.91 -4755.1 5681.45 1
event 4
10272.2 16828.2 -23842.7 30938.5 1
-4390.61 -1499.62 -2096.04 5092.24 1
2039.6 3634.74 -3532.45 5464.5 -1
210.092 -2749.56 -4501.2 5279.79 -1
event 5
11454 9188.93 -46395.8 48664.3 -1
5888.57 3414.94 -20551.5 21649.7 1
5885.87 292.964 8746.97 10547.5 1
2289 -700.731 3969.63 4636.78 -1
event 6
-7766.4 -4931.71 -32354.7 33637.5 1
4174.51 -4500.49 -33670.1 34225.2 1
4591.43 -2010.72 -23950.5 24469.6 -1
-2802.21 -1391.04 -15469.5 15783 -1
event 7
3247.98 -3838.86 10099.9 11283 1
-3361.33 3396.45 -6483.55 8054.94 -1
71.7678 3372.54 -608.459 3429.37 1
-1891.46 1411.57 -438.758 2402.88 -1
event 8
11026.5 -977.381 -15186.4 18793 1
8783.57 1450.57 -14119.3 16691.9 -1
3194.59 587.907 -6026.27 6846.76 1
2111.6 -459.362 -1611.06 2697.51 -1
event 9
8478.14 -961.577 -11599.9 14400.4 1
7161.67 161.183 -12350.7 14278.2 1
4962.05 295.928 -13670.5 14546.6 -1
2285.55 1889.05 -6211.21 6883.5 -1
event 10
6655.98 -3526.1 15542.5 17271.8 1
4308.02 2336.35 7026.28 8567.22 -1
3808.97 -955.71 10475.9 11188.3 -1
3353.63 -1401.91 7010.57 7897.56 -1
event 11
5514.3 6953.55 -50.9641 8875.42 1
-5406.98 -6633.37 119.417 8559.35 1
-1978.39 -6200.8 1758.1 6742.85 -1
-3777.11 -925.113 12062.8 12674.6 -1
event 12
4552.85 -2601.18 -3150.79 6118.27 -1
5017.08 -503.845 -2213.39 5507.74 1
2894.03 858.561 4775.42 5650.52 1
-2691.5 1064.44 6948.83 7528.25 -1
event 13
-3023.38 -10127.1 -12964.5 16726.9 -1
2820.79 8069.6 1962.06 8771.33 -1
1676.08 5366.23 -1055.42 5721.08 1
11.0232 -2288.39 -2584.38 3453.55 1
event 14
414.564 4519.22 4673.86 6515.47 -1
-5.32885 4202.55 6505.03 7745.19 1
893.683 4003.8 -14474.3 15044.8 -1
938.446 2443.92 3064.16 4031.58 -1
event 15
-6120.82 3564.27 -13256.5 15030.5 1
-4587.95 3993.34 -14159.7 15411.2 -1
-4668.31 1345.72 -1218.19 5009.91 -1
-1555.33 1374.16 -1015.75 2313.06 1
event 16
324.125 -10060.9 -50043.2 51045.6 -1
495.986 5073.33 -5816.73 7735 -1
1055.96 4673.56 -3693.3 6050.53 1
-320.146 -2337.05 -9964.15 10240.1 1
event 17
8154.27 5128.8 -6802.47 11793.3 -1
-1681.13 -5820.2 599.165 6088.61 1
4601.51 2319.41 -2474.57 5717.36 1
-1125.86 -2414.87 -120.194 2669.23 -1
event 18
-268.089 -12782.7 -27986.9 30769.3 -1
-1318.93 -3872.56 -12247.8 12913.4 1
3258.75 2222.14 -9823.68 10586.5 1
1425 1615.71 -9171.17 9421.39 -1
event 19
-10466.3 3677.89 6525.43 12871 -1
4171.34 -347.005 8551.99 9521.98 1
-486.975 3670.09 3235.35 4917.86 -1
-1716.19 1402.52 2188.78 3116.78 1
event 20
1971.63 -4798.23 -13996.8 14927.5 1
1243.96 4028.49 -12004.2 12723.5 1
418.024 3133.42 -10256.6 10733.2 -1
115.731 -2316.54 -6694.69 7085.88 -1
event 21
7405.9 -4385.71 7010.52 11101.4 1
3685.07 1983.19 379.672 4203.34 -1
583.846 -3123.71 -2871.71 4284.43 -1
2127.67 2206.37 -854.01 3183.64 1
event 22
-2824.41 -10163.1 -5322.16 11815.3 -1
896.103 8255.75 -11514.5 14197.1 -1
-1063.71 -7283.76 -1444.44 7502.14 1
875.657 2617.34 -5172.01 5863.29 1
event 23
-2035.78 -6002.87 -1041.5 6424.54 1
-1323.93 -5139.48 -2834.83 6017.85 -1
1936.39 4171.58 -6473.31 7941.45 -1
-26.9312 2725.65 -5235.23 5903.28 1
event 24
-5304.81 -6112.27 6918.65 10648 1
4431.04 145.051 9698.69 10664.5 1
-2621.02 -2433.68 1133.66 3753.52 -1
2526.13 437.381 3121.4 4040.66 -1
event 25
5037.99 10128.4 15649.3 19310.1 -1
4482.12 7628.47 13521.3 16159.2 1
985.221 6403.31 16160.6 17411.2 1
1552.37 4255.5 12437.4 13237.1 -1
event 26
5144.33 1388.24 4614.87 7049.79 -1
-4102.07 -1870.73 949.369 4608.59 -1
3362.11 1737.13 5727.65 6865.75 1
-2440.73 500.117 12940 13178.1 -1
event 27
-11326.5 3354.14 2519.4 12078.9 1
-5677.61 3614.99 2003.18 7023.34 -1
4675.78 -462.466 4002.65 6173.26 1
4235.23 -707.972 6017.39 7393.14 -1
event 28
-10562.7 5604.07 -7283.42 14001.3 -1
-6756.99 -1167.98 510.567 6876.98 -1
-3695.82 1907.89 -11991.3 12692.6 1
-2157.76 1277.96 -2293.78 3400.25 1
event 29
-500.303 -9578.78 -558.364 9608.65 1
1979.05 4841.4 -27416 27910.6 -1
2014.21 4087.06 -20559.4 21058.5 1
911.392 -2666.96 135.908 2823.64 -1
event 30
-3691.22 3757.47 -6543.15 8400.45 1
-303.068 -4165.93 10904.4 11677.5 1
-903.459 -3201.42 7176.7 7910.85 -1
1536.23 -2824.55 2455.72 4047.2 1
event 31
-16197.6 3228.58 69410.2 71348.3 1
-9278.36 -1322.59 55506.8 56292.5 1
-7022.26 -878.531 34200.7 34925.4 -1
-5508.33 401.544 19726.2 20485 -1
event 32
11262 9723.08 -15863.2 21749.1 -1
-4607.7 -5377.56 -5653.51 9062.14 1
3296.2 3433.7 -4891.63 6826.01 1
-1000.98 -2645.54 -2076.52 3510.55 -1
event 33
-6238.5 -8005.22 -5556.31 11570.9 1
3077.46 4898.66 -4964.7 7624.11 -1
2209.42 2526.41 -3514.68 4860.9 1
-1251.68 -1820.08 -1227.14 2529.12 -1
event 34
-5567.12 -10477.2 -7867.24 14236.2 -1
-3058.18 -4949.72 -3499.96 6790.66 1
4577.31 3343.78 -4947.6 7524.8 -1
2384.92 3090.25 -5263.94 6554.21 1
event 35
-2364.96 -18637.1 8348.19 20558.2 -1
-225.744 -7309.2 3562.9 8135.16 1
-4868.09 3270.03 6679.97 8889.58 1
-1815.26 1079.1 1689.12 2706.27 -1
event 36
-11982.5 186.957 7874.22 14339.8 -1
-5920.99 -3296.56 3349.18 7560 -1
-2652.81 -2021 562.36 3383.67 1
2143.91 -1063.56 -11023 11280.3 -1
event 37
-19917.3 -9413.32 8873.96 23750.1 1
-7242.29 198.764 4644.64 8606.64 1
5957.81 -3775.33 -35956.3 36641.7 -1
-4058.64 -650.995 4135.04 5831.47 -1
event 38
-7028.27 11408 18750.7 23046.5 -1
-2786.7 3785.99 6987.63 8422.45 1
-1598.95 -3414.33 8821.99 9594.42 -1
-3014.47 -1363.04 6347.69 7158.86 1
event 39
21534.4 -3976.93 -98149.3 100563 1
-2029.52 -5211.65 -6210.14 8358.07 -1
4190.25 -1668.81 -21996.6 22454.5 -1
-2583.59 -1418.26 -2871.88 4116.46 1
event 40
1283.93 4152.22 -748.716 4411.48 1
-1682.63 -3887.98 1491.22 4492.49 -1
-996.705 -3777.08 -360.175 3924.36 1
2577.9 -5.39248 -686.893 2669.94 1
event 41
-1517.1 6407.7 1180.36 6690.64 -1
-2512.05 3645.13 1813.02 4784.94 1
-3200.42 -348.626 -1076.91 3396.34 -1
-1909.9 -1565.85 -520.893 2526.29 1
