event 0
5894.84 -1332 -3262.83 6868.82 1
3821.95 -1851.58 -2599.21 4980.23 1
3265.86 177.12 -3355.21 4686.77 -1
1935.66 -707.316 -500.777 2123.45 -1
event 1
-634.608 -5245.19 7406.2 9098.22 1
-714.573 -5036.25 10696.8 11845.1 -1
-368.042 3839.9 -3516.67 5220.96 1
1127.92 -1751.97 4498.2 4958.49 1
event 2
-3879.38 6886.95 -5015.51 9361.95 1
-3661.32 5309.86 -2964.64 7099.31 -1
-2958.82 4512.06 -3051.48 6199.68 1
-1809.6 2111.94 -195.741 2790.06 -1
event 3
3701.22 3809.34 -1204.64 5447.24 1
1899.27 4003.84 2763.32 5223.51 1
2819.58 2440.77 4976.6 6219.74 -1
-1137.68 -2949.75 9610.26 10117.5 -1
event 4
7378.98 -7792.56 17296.6 20355.8 -1
1384.88 9584.9 4150.4 10536.8 1
5005.82 -6864.59 17291.5 19266.3 1
-304.915 2251.21 1327.85 2633.48 -1
event 5
6700.17 5988.59 -15295.4 17740.2 1
-3939.61 -1176.51 1084.66 4253.51 -1
2622.11 2638.54 -6212.95 7242.19 -1
-3107.63 -335.854 -405.32 3153.67 1
event 6
7771.11 650.58 -4375.95 8942.79 1
-6779.74 2446.71 -16099.6 17639.7 -1
-3940.41 -131.935 7220.05 8227.06 -1
3094.66 885.843 -2532.39 4097.05 -1
event 7
-6287.21 -171.504 9527.46 11416.8 -1
-5778.29 1058.02 -12743.7 14032.9 -1
-1051.33 3876.35 4448.73 5994.48 1
-2026.54 315.276 -6551.64 6865.96 1
event 8
-4114.61 10309.7 12770.7 16921.1 1
-5984.47 -281.645 9373.38 11125 -1
-4902.68 1527.23 -12295.1 13324.7 1
-3095.72 407.42 -8607.82 9157.25 -1
event 9
8421.08 4054.61 -47903.3 48806.7 1
-4771.47 -775.686 -804.615 4901.75 1
3181.59 812.48 -14303.1 14675.6 -1
-1751.6 -995.559 -370.456 2051.25 -1
event 10
-11347.1 -1210.46 -257.847 11414.8 1
7091.51 1835.28 -37619.6 38326.3 -1
3775 2733.93 -16978.5 17607 1
-2230.72 -970.526 360.499 2461.54 -1
event 11
1787.37 10059.7 -1044.76 10271.1 1
-3469.98 -5095.19 19258 20220.8 -1
1378.91 -3931.29 1929.36 4592.39 -1
570.463 -2636.42 179.31 2705.45 1
event 12
-3700.16 9967.87 -24444.2 26656.7 -1
-3564.1 8637.83 -14115 16928.1 -1
3572.63 -5048.8 3768.16 7243.22 -1
-1855.67 3158.39 -3276.81 4916.06 1
event 13
-3092.73 8305.21 -15313.3 17693.2 1
-1699.93 4500.45 -7411.83 8836.87 -1
-12.195 3996.13 -8531.28 9421.41 -1
-1237.5 3454.74 -6134.29 7148.94 1
event 14
-5587.77 10702.9 -16487.8 20436.1 1
4091.89 -5070.41 3427.74 7362.96 -1
-398.763 3901.14 -9764.14 10522.7 -1
924.703 -2577.09 1084.75 2946.91 1
event 15
-3882.4 8008.26 -15949 18264.4 1
4924.38 -5751.3 4267.64 8692 -1
-1669.52 4218.4 -10782.2 11698.2 1
-1713.41 3576.24 -4899.23 6303.88 -1
event 16
1671.31 5577.11 -11420.5 12819.4 1
1756.69 4241.73 -7769.04 9024.82 -1
3732.64 -595.943 5478.7 6656.95 -1
-2041.75 -1616.93 1065.14 2815.83 1
event 17
-7949.23 -1896.68 -1217.96 8263.31 1
-4067.74 614.605 1035.37 4243.51 -1
-3099.29 361.247 -914.085 3253.12 1
-2185.13 -625.427 -1310.87 2625.93 -1
event 18
7664.87 912.247 -417.922 7731 -1
-2245.38 -6101.12 5093.05 8259.28 -1
-298.334 -3527.37 1356.98 3792.62 1
2678.34 1109.93 838.806 3019.97 1
event 19
12710.2 14294.4 -52372.4 55756.2 1
-4218.05 -6588.25 -1426.29 7952.51 -1
-3085.21 -3190.37 -297.858 4449.37 1
2854.33 2824.55 -11428.4 12113.8 -1
event 20
7438.02 4768.83 -14262 16777.4 -1
-3037.98 -4667.63 -7738.46 9534.72 -1
-2390.17 -3434.54 -7496.77 8586.13 1
3826.61 668.456 -8648.46 9481.39 1
event 21
-6563.07 -897.763 -4742.16 8147.34 1
-6239.53 1743.42 -5526.11 8515.88 -1
5002.89 -1867.95 -13017.7 14070.9 -1
1983.73 -441.35 -3978.5 4468.74 1
event 22
10579.9 -6084.2 -59513 60751.6 1
6563.57 -1733.29 -14458.9 15973.6 -1
5706.57 -2043.57 -14782.5 15977.3 1
2686.4 -2479.75 -13821.1 14296.9 -1
event 23
5178.03 -3318.41 -26972.1 27664.6 -1
5445.58 -2379.63 -15455.5 16559 1
5421.6 -2357.97 -18363 19291.6 -1
3648.99 -2426.94 -22264 22691.5 1
event 24
6049.24 1423.48 22297.2 23147.2 -1
5694.01 -1155.7 24475.6 25156 -1
4831.85 153.346 29201.8 29599.4 1
4258.71 -401.013 14931.4 15532.4 1
event 25
19421.8 767.156 69094 71775.9 1
6006.34 -1504.42 26802 27508.1 -1
5525.88 299.867 31237 31723.6 1
3769.4 -1082.34 6840.62 7885.75 -1
event 26
-13786.3 -1122.21 -721.702 13851.1 1
-3897.07 -1357.14 -22.7167 4128.03 -1
-1542.79 -3165.06 2605.65 4381.6 -1
1816.53 2312.21 9923.77 10350.8 -1
event 27
-8649.06 -2098.33 -23626.8 25247.7 -1
7102.74 1977.21 -30569.4 31446.1 1
-4630.66 -802.147 -8694.57 9883.99 1
2809.69 -271.57 -9947.14 10340.4 -1
event 28
-11847.7 461.964 18257.4 21769.8 -1
4739.88 1586.92 -234.988 5005.12 -1
-3463.01 133.404 6626.06 7478.37 1
1743.18 1329.67 564.282 2266.34 1
event 29
-8937.3 9304.25 38194.1 40314.3 1
-6225.71 10464 39460.3 41296.2 -1
3294.73 -2885.34 2909 5258.7 -1
1645.98 -2729.28 453.136 3220.98 1
