event 0
7013.87 1189.53 4051.41 8187.46 -1
-4290.75 202.237 1877.98 4689.29 -1
4001.63 1154.54 1944.67 4597.71 1
-2004.37 304.573 2055.74 2889.21 1
event 1
6332.78 2011.12 19989.3 21064.9 1
4045.6 774.492 15814.4 16342.4 -1
-3253.79 1442.51 4775.87 5957.19 -1
-2029.35 -1590.01 716.422 2677.84 1
event 2
870.161 -5234.12 -5119.33 7373.73 -1
-2636.02 3162.15 1145.96 4274.6 1
955.025 -3646.51 -5937.22 7033.56 1
-2407.88 1480.63 1336.58 3128.54 -1
event 3
-4860.74 4075.66 -8406.66 10531.9 1
3129.78 3605.97 1999.44 5177.59 1
2925.71 3182.23 1420.81 4551.51 -1
-1662.03 1722.33 -2925.45 3781.3 -1
event 4
-5152.88 14705.3 -3862.09 16053.8 1
2531.14 -12124.7 4361.89 13132.1 -1
-1338.24 4191.16 -2257.58 4946.16 -1
428.003 -3648.82 722.959 3745.79 1
event 5
-7338.18 6338.27 -6447.19 11644.7 -1
7675.26 2272.34 -35576.6 36466.1 1
-3093.94 2861.44 -3783.39 5664.41 1
3185.77 1538.31 -12519.6 13010.3 -1
event 6
3730.79 14179.6 -19368.9 24293 1
-5265.41 -6771.32 -15726.8 17914.2 -1
-1826.91 -3949.3 2717.94 5131.56 -1
-343.408 2049.67 -2799.17 3487.92 -1
event 7
9951.51 -3515.27 -6061.48 12171.4 -1
-6886.55 1180.2 6034.22 9232.58 -1
-6855.65 1270.97 7329.79 10116.9 1
2626.61 -652.974 -2612.16 3762.98 1
event 8
-7784.26 3439.15 -6817.39 10904.6 -1
5673.25 442.945 -20555.4 21328.8 1
-3451.7 1029.83 -1989.09 4116.12 1
2901.11 -1694.31 -8829.93 9448.07 1
event 9
12931.8 5540.09 -53.5922 14069 1
-4657.02 -9716.54 -4307.34 11604.5 -1
2935.19 628.528 -915.232 3139.94 -1
-1019.94 -2480.44 -1279.93 2973.59 1
event 10
4590.88 5699.18 -21242.2 22467.7 1
689.941 -4942.37 -836.887 5061.08 -1
1679.8 4150.48 -12766.1 13529 -1
-332.106 -2279.39 -900.551 2475.5 1
event 11
-1455.99 -10352.3 11800.3 15765.4 -1
-2318.57 7989.52 -25194.6 26532.8 1
4481.41 2354.63 14948.3 15782.6 1
-826.362 -2295.55 2235.63 3310.83 1
event 12
7719.4 5884.52 -14439.4 17399 -1
3684.4 4620.78 -11408.8 12849.1 1
4935.37 2633.66 -11483.5 12774.1 1
2131.82 851.896 -2705.99 3550.2 -1
event 13
125.819 -9839.26 36283.3 37594.1 -1
-2818.6 5868.83 -5035.94 8231.62 1
3603.76 -1501.99 1521.43 4191.54 1
492.961 -2949.71 8240.69 8767.21 1
event 14
2321.86 -5971.01 16490.5 17691.6 -1
-2248.79 5369.06 -4928.48 7627.9 1
-233.399 -3585.39 12096.1 12618.9 1
1774.54 -1510.9 2104.31 3141.84 1
event 15
-1059.52 8474.49 3216.6 9126.73 -1
-3167.78 -4687.05 17917.8 18789.9 1
-2853.94 -2984.77 17357.8 17842.6 -1
-1812.1 2224.1 816.448 2984.65 1
event 16
-1575.62 -6193.2 -1900.07 6667.81 -1
2304.42 4475.68 9430.77 10690.8 1
-81.1267 4145 9901 10734.5 -1
-434.256 -2088.76 -1585.9 2660.4 1
event 17
1620.03 11020.3 23233.3 25765.7 -1
-1900.79 -9196.86 -2472.94 9711.95 -1
-2445.68 -8598.91 -4844.19 10168.6 1
-231.079 3070.76 6990.5 7639.45 1
event 18
680.238 9505.04 21504.8 23521.8 -1
1413.69 5383.2 8611.18 10253.8 1
-1224.35 -4394.95 -2954.38 5436.37 1
-526.129 -3601 -555.246 3682.86 -1
event 19
5348.98 -2290.97 -2519.94 6342.03 -1
-4171.28 587.302 10276.9 11107.2 -1
-2989.52 -2083.25 8704.71 9437.18 1
-8.51959 3363.51 11525.5 12006.8 1
event 20
6706.4 583.293 3131.08 7425.02 1
-5952.49 1197.33 3202.67 6865.42 -1
-3780.24 875.991 1402.79 4127.54 1
2887.1 213.654 51.0038 2897.37 -1
event 21
-3892.1 5117.48 -7686.79 10021.7 1
-5685.96 -1753.56 -1109.23 6053.65 -1
3907.81 -640.782 2997.15 4967.46 1
1582.9 -1334.59 -1210.37 2400.59 -1
event 22
-10557.6 9719.74 32915.7 35908.1 -1
2620.95 -5266.44 3804.47 7006.42 -1
2418.37 -5268.1 2025.73 6141.34 1
-1314.46 3460.87 7266.99 8156.33 1
event 23
-12862.4 15117.4 50057 53848.8 1
-2387.93 3836.27 11724.6 12565.7 -1
1522.15 -3267.6 2017.94 4132.48 1
1122.14 -2276.62 2095.82 3293.3 -1
event 24
-8834.09 10308 33332.3 35990.9 -1
-4518.93 7966.97 24536.6 26190.6 1
-3691.65 5111.47 12920.9 14377.6 -1
1061.53 -2737.74 1580.55 3336.37 1
event 25
3234.12 -6353.3 3408.77 7902.84 -1
-1825.35 4761.65 -2708.43 5775.11 1
-1086.16 4768.77 -3304.88 5903.75 -1
1695.19 -1551.31 -341.4 2325.5 1
event 26
-2618.01 6251.56 17481.3 18749.5 -1
-2250.3 4699.99 10640.8 11848.7 -1
-2141.56 2736.69 7970.38 8695.62 1
316.436 2474.94 8142.77 8517.12 1
event 27
759.047 -9214.48 -20298.4 22305.1 1
-3421.76 -5544.42 -7743.36 10120.3 -1
1315.99 -5109.49 -7886.71 9489.47 -1
-2132.31 -391.04 -12.9585 2170.48 -1
event 28
65.537 8883.14 -26031.9 27506.1 -1
-3364.22 -4933.71 -10679.4 12236 -1
-277.629 5941.25 -14889.5 16033.9 1
-3257.85 -4090.7 -15341.8 16208.9 1
event 29
11468.8 -8459.83 66618.9 68126.3 -1
11398.6 -8431.54 73558.7 74912.7 1
-3344.83 10144.6 26354.5 28437.2 1
-1069.09 4277.39 11359.9 12186 -1
