event 0
-4747.09 21185 29063.3 36277.1 1
-3578.4 7038 9187.11 12114.1 -1
-1308.63 -5919.75 11448.2 12954.8 1
-467.957 -4059.2 10299.6 11081 -1
event 1
4640.39 -8203.82 24497.5 26248.4 -1
3381.41 -2707.04 12429.6 13163.1 1
-1460.22 4049.86 4069.02 5924.66 -1
75.1632 3256.21 835.526 3364.2 1
event 2
3031.97 -3797.72 -2128.93 5306.51 1
3695.42 -2544.23 -5970.33 7468.96 1
1826.2 -3134.49 -3508.58 5047.9 -1
2527.74 -427.048 -3591.6 4413.91 -1
event 3
345.575 9927.66 6222.61 11722.2 -1
-6665.5 944.608 10022.4 12074 1
1214.31 4198.59 4016.84 5937.08 1
-3094.69 -1194.31 5723.87 6616.44 -1
event 4
-1834.86 11555.1 -15581.9 19485.7 1
-2783.58 9066.63 -14550.5 17368.9 -1
3207.43 2105.23 -2431.27 4543.33 -1
2531.95 1665.61 -2922.89 4211.83 1
event 5
-4985.45 18268.2 -25540.3 31794.7 1
7219.25 6608.68 -7931.39 12598 1
-1405.44 7798.68 -11094.8 13634.5 -1
1615.35 2392.61 -3851.35 4814.36 -1
event 6
6228.56 -8904.03 7419.12 13157.9 1
-6623.85 3207.07 8026.3 10890.1 -1
-4771.75 3467.18 4828.01 7623.1 1
2904.09 -4089.82 3608.66 6180.13 -1
event 7
-967.979 -10121.5 17687.5 20401.9 -1
3087.23 5035.89 2900 6581.21 -1
3971.31 4173 4838.97 7524.1 1
-42.2964 -2375.34 5449.91 5946.16 1
event 8
3958.84 8130.3 3658.66 9755.57 1
-980.695 -7441.22 12203 14326.8 -1
2138.21 3101.92 2308.38 4419.69 -1
119.234 -3275.8 5778.55 6644.39 1
event 9
2803.52 4961.13 -11874.2 13171.2 1
-4327.46 3443.99 -6175.35 8290.61 -1
-3644.29 492.336 -2837.71 4646.18 1
991.391 -2143.93 2715.42 3600.55 1
event 10
-909.89 -8088.94 4156.02 9140.16 -1
939.927 -4680.11 585.414 4810.49 1
-937.642 -3189.24 2231.09 4004.91 1
1539.26 -1351.57 791.421 2198.54 -1
event 11
6636.38 -758.086 -11771.3 13534.8 -1
4159.11 -747.121 -13207.6 13867.5 1
-2882.72 -1423.97 -2790.35 4258.52 1
-2528.9 -755.92 -5240.97 5869.04 -1
event 12
-1998.77 -14747.2 -49991.1 52159.4 1
-7588.94 -8627.39 -20990.7 23930 1
-32.6683 -3942.1 -12300.6 12917.3 -1
-2406.42 -1236.12 -3485.5 4413.47 -1
event 13
7007.74 5532.04 -5809.4 10652.3 1
-3770.5 -2425.2 8839.12 9911.58 1
-2083 -3070.99 10004.4 10671 -1
2915.34 2248.64 -1935.1 4160.69 -1
event 14
-1429.37 -7377.29 11877.9 14055.7 1
503.21 4806.39 3755.86 6121.45 1
-1037.89 4106.82 875.136 4326.69 -1
-544.643 -1965.27 4138.29 4614.7 -1
event 15
-5712.81 2475.05 3401.04 7095.09 -1
-3927.48 768.965 3010.5 5009.07 1
3474.65 -930.332 -7597.79 8406.92 1
3389.83 -1102.71 -7453.48 8262.71 -1
event 16
5325.69 -4987.34 32657.4 33462.8 -1
-2966.29 2917.56 9037.99 9950.25 1
3142.7 -1105.57 1925.43 3849.32 -1
-1943.89 1158.48 6358.41 6749.92 -1
event 17
4083.56 1572.15 7913.99 9043.75 1
4206.51 1012.89 9625.62 10553.9 -1
-2006.45 -3670.69 6458.51 7695.67 -1
-2373.06 -1142.19 2892.2 3913.05 1
event 18
-6641.59 -2393.16 23479.4 24518 1
1396.55 -4135.68 -3182.1 5402.88 -1
-2976.74 -1572.67 13826.6 14231 -1
2624.39 1042.24 -12545.4 12859.7 -1
event 19
-5128.57 12478.8 16054.2 20970.7 -1
-3086.16 4138.39 7206.63 8865.51 1
1935.7 -2997 5054.75 6187.94 -1
2014.69 -408.302 3265.23 3859.86 1
event 20
-6576.45 -2330.85 -8728.95 11175.3 -1
1557.88 -3902.25 545.725 4238.34 1
-2884.68 -1230.2 -3371.34 4605.63 1
1056.93 -1797.9 1500.89 2571.65 -1
event 21
9927.59 7366.12 378.146 12368.1 1
6462.76 -205.431 -6874.76 9438.38 -1
-1607.65 -3458.39 -7995.67 8859.28 -1
-1853.82 -855.83 -8028.72 8284.96 -1
event 22
993.155 10739.8 -54846.3 55896.9 -1
2321.56 5187.04 -28904.2 29457.8 1
-2685.09 -4899.8 3558.65 6625.17 1
-1822.32 -3157.72 2833.06 4618.38 -1
event 23
8406.6 -3690.6 1049.44 9241.43 1
7341.11 -4579.47 220.076 8655.81 -1
-4774.3 2862.31 20579.4 21319.2 -1
-2005.19 851.183 12192.4 12385.9 1
event 24
-6071.83 -1710.69 4036.58 7489.91 -1
-4323.68 -326.868 4322.69 6123.55 1
3175.41 2009.46 1188.47 3942.69 1
2226.83 2744.43 1627.13 3892.22 -1
event 25
9625.27 -7925.01 -13638.4 18478.9 -1
9956.16 -7178.96 -11110.6 16556.6 1
-5932.75 -1113.85 -9671.56 11401.3 -1
-2486.29 -621.511 -3177.07 4083.24 1
event 26
-12928 -392.843 -18642 22689.8 1
7141.7 -7856.3 -10956.6 15257.2 -1
-6410.17 -1771.83 -10300.7 12261.6 -1
3051.9 -2589.19 -4450.67 5986.46 1
event 27
9744.2 8588.91 26462.5 29478.7 1
3477.99 4944.4 13674.1 14951.1 -1
1102.27 -3448.51 -292.786 3633.75 1
2380.7 -673.83 129.335 2479.85 -1
event 28
-3948.52 -9818.33 30806.6 32573.8 1
-3112.35 8478.28 -10489.2 13842 -1
-1512.5 -3410.39 10956 11574.3 -1
-428.05 2337.56 -2254.1 3277.12 1
event 29
-5344.44 -10681.7 33000.7 35095.8 1
342.496 4979.8 -5655.85 7544.24 -1
-1376.24 3525.49 -5166.33 6405.1 1
-704.761 -3442.96 8068.1 8800.91 -1
event 30
-7076.44 -3713.87 3734.5 8821.93 -1
5193.16 4641.36 23229.5 24251.5 1
4352.28 4250.58 7033.33 9299.92 1
2174.66 1040.91 887.194 2571.17 -1
event 31
-10352.8 -6244.03 5313.49 13206.5 -1
3164.19 3199.08 2997.57 5407.66 1
-2740.25 -3206.23 15548.2 16110.5 -1
3236.87 1731.98 2859.23 4654.4 -1
event 32
5885.14 6747.17 47493.4 48330 1
-6118.64 -5474.97 32796.7 33809 -1
-2767.34 -5010.92 20596 21376.9 1
2128.45 2250.3 13146.3 13506.7 -1
event 33
-2119.85 -4114.06 24412.4 24847.4 -1
1854.47 3977.87 23337.2 23746.6 1
-2066.6 -2820.13 11765.6 12274.5 1
2586.21 1648.45 12877.5 13238.1 -1
event 34
-3947.22 8525.03 8617.21 12748.5 1
8461.62 -2359.73 -6815.65 11119 -1
-1316.92 3200.84 5254.21 6292.66 -1
2588.38 -210.005 -1638.01 3072.14 1
event 35
-7491.57 16809.3 22161.5 28806.6 1
14022.3 -3228.64 -14250.8 20252 -1
4706.61 -983.397 -3034.02 5686.45 1
-595.723 2178.83 1654.52 2801.93 -1
event 36
-5734.9 321.931 -180.358 5747.73 -1
4575.19 -48.1226 14395.9 15105.9 1
-4061.15 -1593.97 -1697.24 4682.47 1
-2645.22 58.5867 256.168 2660.34 1
event 37
5916.56 4555.77 628.222 7494.44 1
4527.59 5041.01 -360.146 6786.14 -1
3564.29 2225.91 475.749 4230.41 1
1765.65 2767.17 1368.03 3557.73 -1
event 38
10814.4 -654.362 21948.7 24477.3 1
-7730.92 5542.77 32936.1 34282.4 -1
-3338.57 3412.97 19529.4 20104.8 1
2434.08 -708.82 4829.34 5455.35 -1
event 39
4616.29 -4641.91 7312.48 9815.34 -1
464.261 4031.65 16680.1 17167.1 1
-2494.36 -2782.26 61.1938 3738.67 1
2185.1 926.573 -4754.17 5314.74 -1
event 40
6228.03 -2737.47 8306.29 10737.2 -1
5381.16 2429.58 -15961.7 17019 -1
1458.36 5020.46 22721.5 23315.5 1
-2445.5 -4218.93 581.012 4912.09 1
