event 0
-312.548 8450.99 -36057.9 37036.4 1
6437.62 -209.94 -27235.3 27986.8 -1
-473.811 3219.36 -4345.53 5429.88 -1
-811.598 1986.54 -5943.2 6319.64 -1
event 1
4268.29 -3291.54 -13340.7 14388.8 -1
4005.44 -2364.54 -14396.5 15129.6 1
2964.91 1402.47 -8291.13 8916.92 -1
2151.85 1441.59 -3379.58 4259.27 1
event 2
31348.2 1000.37 72558 79046.7 1
-1121.5 -3909.53 15691 16209.9 -1
-967.345 -3700.52 11255.7 11888.3 1
2522.67 -203.246 5872.34 6395.37 -1
event 3
21905.2 1004.26 49156.1 53825.5 1
4483.69 -272.202 9601.84 10601.1 -1
-1040.83 -3473.94 11682.2 12232.6 1
-1148.56 -2944.55 7605.86 8237.1 -1
event 4
5086.42 -14626.4 36413.5 39569.7 -1
2731.86 3672.16 1613.34 4854.05 1
3796.34 2215.8 3395.23 5555.24 -1
902.538 -1994.31 8299.35 8583.83 1
event 5
4849.96 3900.67 2400.59 6671.68 1
1667.65 -5274.5 15547.2 16502.3 -1
585.372 -3750.47 8994.42 9763.17 1
2447.61 943.189 1891.84 3235.83 -1
event 6
-15233.9 465.066 -10403.2 18453.3 1
4555.67 -926.078 -1043.14 4765.61 -1
2636.87 3026.7 3344.04 5225.69 1
2257.25 723.395 2349.53 3339.15 -1
event 7
7553.28 -1464.38 -37646.7 38425 -1
-4973.9 -2626.81 -4772.19 7377.31 1
3040.42 -1159.32 -10823.1 11302.1 1
-704.014 2328.31 9559.96 9865.12 -1
event 8
11543.9 -4447.76 -49780.6 51294.9 -1
-6176.72 -2594.34 -8885.93 11128.9 1
-6120.34 -1491.74 -5507.47 8368.23 -1
-670.52 3087.75 13138.5 13513.5 -1
event 9
-24781 -1875.53 39613.4 46763.7 1
9676.98 -125.583 -10063.4 13962.2 -1
-5767.28 12.4606 11296.1 12683.7 -1
3656.59 -460.94 -1984.09 4186.99 1
event 10
-6469.25 -5882.59 -22148.9 23812.6 -1
-231.883 7381.74 3760.5 8288.33 1
656.621 3468.69 187.049 3536.83 -1
-1405.51 -1478.93 -3808.36 4321.74 1
event 11
-5550.74 -2934.09 -647.933 6312.73 -1
1381.91 5515.23 -14588.9 15658.1 1
2575.61 2880.51 -9089.22 9877.05 -1
3237.8 1100.2 -17676.8 18004.8 -1
event 12
-5752.42 6674.73 4656.58 9966.81 1
3025.13 2674.82 3420.41 5293.05 -1
3456.06 -1806.62 -11961.9 12581.9 1
1779.29 987.509 725.877 2163.12 1
event 13
-24697.4 2445.41 -4608.89 25242.7 -1
-8833.38 1869.19 -2571.19 9388.54 1
5515.28 -4646.19 1476.74 7361.88 1
808.128 -1990.38 -350.387 2179.13 -1
event 14
23920.5 -3272.87 -53376.7 58583.1 1
979.748 -7822.44 2227.41 8192.86 1
3202.95 -731.793 -7729 8398.99 -1
-2810.18 -310.671 -6744.05 7313.48 1
event 15
-15205.6 16060.8 23026.9 31928.2 -1
6331.85 -1806.66 -28382.3 29136.3 -1
-3235.97 3046.29 3246.88 5504.98 1
1455.84 -1411.1 -6779.81 7077.26 1
event 16
3055.89 4392.96 2213.06 5791.83 1
-4812.31 889.337 2770.77 5624.73 -1
-3905.79 -825.04 1985.5 4459.74 1
2147.75 1922.83 1603.82 3300.53 -1
event 17
2220.55 9132.89 2245.6 9664.07 -1
1511.17 4784.22 1846.56 5347.28 1
378.252 -3333.6 4141 5330.58 -1
-861.1 -2006.44 2721.04 3490.35 1
event 18
7312.56 -1300.05 -21006.2 22280.9 1
-4753.3 1036.54 -1236.16 5020.71 -1
4544.49 285.947 -7601.31 8861.45 -1
2138.55 -399.251 -5197.12 5635.07 -1
event 19
-8322.37 293.77 -2683.1 8749.76 -1
5112.05 291.773 -12868.2 13849.9 -1
3331.55 -1113.5 -7974.48 8714.5 1
2072.22 749.364 -4844.18 5322.87 -1
event 20
5036.82 -830.778 -10874.1 12013.2 1
4967.59 282.221 -12907.5 13833.7 -1
-3138.15 616.085 -771.35 3291.46 -1
2177.92 585.224 -3685.83 4322.31 1
event 21
-3734.13 -7642.05 -1223.34 8593.74 -1
-2881.74 -3139.62 -630.742 4309.37 1
-1485.81 -3752.1 1050.65 4171.44 1
-600.987 -2315.85 2402.05 3391.96 -1
event 22
-2027.9 -5732.04 13992.9 15257.2 -1
-3804.76 2611.14 -3157.37 5592.35 -1
-2277.59 3277.99 -3109.36 5060.82 1
3255.08 -1903.51 -1429.92 4034.2 1
event 23
5864.66 -4976.03 -6097 9815.27 -1
3821.5 -3973.73 12059.5 13260.3 1
3728.8 -1246.14 -3899.98 5538.76 1
-2436.51 1290.79 2070.25 3449.61 -1
event 24
-13414.9 26243.5 -13285.8 32329.6 -1
7394.32 -5877.2 33471.7 34779.1 1
-2457.59 6857.34 -2978.2 7870.43 1
4297.77 -3218.79 25542.3 26100.8 -1
event 25
-8748.79 3495.49 20204.3 22293.2 -1
-4510.19 1021.09 7744.22 9020.45 -1
-3691.31 1129 8122.22 8993.45 1
-2919.37 106.102 8812.33 9284.52 1
event 26
23348.4 2087.47 12060.9 26362.5 -1
15379.9 -2104.8 11756.3 19472.9 -1
-3093.79 622.629 -5255.67 6131.27 1
-1912.56 -2338.93 -2927.18 4208.09 -1
event 27
13330.9 -1940.59 9899.09 16717.7 -1
11916.4 2262.19 3775.98 12703.8 -1
-8422 1986 -14638.7 17005.2 1
3886.05 624.302 2183.57 4502.25 1
event 28
17201.4 -2773.34 13019.5 21750.8 -1
8410.05 455.103 2022.86 8662.52 -1
5869.51 -1751.71 5560.33 8273.34 1
-5675.59 1465.55 -10392.2 11931.9 1
event 29
-7497.34 -9234.25 -1130.66 11948.7 -1
-4931.8 -4481.97 -978.015 6736.35 1
-2517.81 -2976.66 -107.327 3901.61 1
-1034.21 -1820.03 -538.499 2164.08 -1
event 30
-12602.9 -4218.28 -36953.7 39271 1
-7562.41 -1269.45 -22449.4 23723.2 -1
4016.59 -1091.68 -22579.3 22960 -1
2073.82 -1535.29 -10429.4 10744.4 1
event 31
3191.29 3885.2 102.195 5029.98 1
3415.88 2523.5 -1851.53 4634.18 -1
-1860.79 -3008.71 -17596.4 17948.8 -1
-1670.93 -1490.56 2013.89 3013.41 1
event 32
-7994.73 -10360.7 -45152.9 47011.3 -1
-1077.12 -4108.71 -15312.9 15891.4 1
685.286 3086.88 -1178.9 3376.3 1
1216.79 2616.03 -33.3523 2887.29 -1
