event 0
-2968.83 8792.52 -22743.8 24564.5 1
2529.97 -4224.25 709.335 4975.88 -1
-2102.45 4194.24 -15645.9 16334.5 -1
1823.03 -867.651 570.649 2100.73 1
event 1
-15221.9 -4481.14 -7196.68 17423.8 -1
8136.94 -5210.57 27147.1 28815.6 1
3065.98 -3501.9 16451.5 17097.6 -1
-2243.22 -510.706 -1510.26 2754.07 1
event 2
-4320.52 4566.7 -6461.93 9016.06 -1
3248.03 -4671.35 7507.31 9420.3 -1
2021.63 -2782.06 3428.07 4856.92 1
2788.89 1339.7 16375.1 16665.2 1
event 3
12074.7 12940 17692.2 25025.4 1
-7566.99 -4829.86 34332.4 35486.7 -1
-6970.4 -1957.65 32641.6 33435.1 1
2395.05 2401.52 3397.05 4801.52 -1
event 4
-6906.22 -885.585 6586.55 9585.09 -1
-4161.42 -72.3238 2347.53 4779.62 1
2282.58 -2238.28 3715.35 4902.55 -1
1730.1 -1242.73 4275.31 4777.76 1
event 5
-13425.6 -24655.7 55544.5 62236.3 -1
9514.1 17416 53412 56979.7 -1
4125.14 7222.41 20185.3 21832 1
-1380.13 -2864.71 5096.79 6008.31 1
event 6
3623.83 7121.13 20204.9 21727.6 -1
-3050.91 -5272.29 11640.4 13138.3 1
1796.74 4583.02 12529.6 13462.4 1
-1097.66 -2350.61 4343.3 5060.2 -1
event 7
-11272.6 1799.06 -440.717 11424.2 -1
6367.83 72.7524 20080.9 21066.7 -1
-4151.82 541.679 -1465.7 4437.39 1
3197.83 -118.223 7249.47 7925.03 1
event 8
9387.86 -1798.98 29266 30787.6 -1
-4496.28 249.298 151.09 4506.95 1
-4295.35 359.018 -981.876 4422.01 -1
2164.4 26.9284 5159.01 5595.7 1
event 9
2632.85 4931.78 -3539.72 6617.79 1
4168.2 -2744.91 4122.05 6473.86 -1
3361.03 -211.844 2751.53 4350.11 1
1471.22 2072.03 3626.2 4429.26 -1
event 10
5496.22 -4211.4 7011.75 9854.96 -1
-6012.61 -773.63 -4314.49 7441.51 1
-5432.5 -24.1461 -2508.25 5984.58 -1
1068.88 -1699.8 516.701 2076.05 1
event 11
-4288.25 -2794.94 2825.41 5847.64 1
-3301.22 -3195.28 4070.94 6139.35 -1
1674.18 2962.88 -20476.1 20757.3 -1
1220.61 -1726.88 7934.68 8212.33 1
event 12
-4661.79 5292.34 -13242.1 15003.6 1
3981.54 -4116.86 -3102.73 6514.54 1
3757.34 -1134.92 -3392.04 5188.71 -1
-1903.52 1526.44 -4570.16 5181.79 -1
event 13
-5686.72 -10293 7570.05 13985.8 1
5369.64 -971.105 -16638.8 17511 -1
-651.782 4199.97 -10718 11530.5 -1
-729.038 -1907.07 710.917 2164.48 -1
event 14
-10392.7 -609.413 2350.02 10673 1
2547.4 5265.5 -8898.74 10649.6 -1
-3435.78 323.601 1777.84 3883.44 -1
790.959 -2897.13 -36.8898 3005.24 1
event 15
-7495.42 1487.01 -11482 13792.8 1
6406.37 -3352.1 5730.17 9226.27 -1
4577.45 -3073.16 2009.25 5869.04 1
-3321.3 1003.41 -6525.43 7391.23 -1
event 16
4119.67 -9979.94 -1621.81 10918.4 -1
-6735.2 -1177.72 -6140.52 9190.6 1
294.449 -4333.4 246.573 4351.67 1
-1857.02 -938.609 -1778.21 2739.11 -1
event 17
16406.5 3264.76 -1686.81 16813.4 -1
-6586.94 941.724 -11292.8 13107.7 -1
5548.35 1708.56 -525.428 5830.15 1
-4137.13 1643.9 -10714.1 11602.7 1
event 18
189.513 -4442.65 4263.95 6161.61 1
-3486.9 2569.76 -13569.7 14244.7 -1
2266.42 -3664.72 3494.83 5549.04 -1
-3622.52 1747.27 -19346.8 19760.7 1
event 19
23025.3 -3432.18 -52427 57363.3 1
7587.36 -621.419 -20628.8 21988.9 -1
-563.715 4638.42 3816.71 6034.17 -1
833.589 3852.21 3268.54 5121.42 1
event 20
4506.18 2451.68 5996.43 7892.07 1
-4682.81 -1893.26 1905.5 5399.56 -1
-1602.15 -3288.85 -280.543 3670.6 -1
1985.39 1231.71 11069.6 11314 -1
event 21
2184.27 7698.82 -11817.5 14272.6 -1
-326.574 -5422.83 -8769.83 10316.7 -1
515.087 3179.47 -8822.29 9392.46 1
-725.471 -2681.61 -5245.96 5937.05 1
event 22
-12606.9 2695.33 -65766.1 67017.8 1
7211.17 -944.598 754.685 7312.59 -1
6392.33 -2830.1 -65.1339 6991.91 1
-4754.73 2714.42 -27889.4 28421.9 -1
event 23
-5183.01 -841.405 8219.49 9754.11 -1
3605.54 -3520.94 24098.4 24619.9 1
-3682.92 -1217.46 3690.07 5354.79 1
1002.23 -2524.77 16002.3 16231.5 -1
event 24
-6479.13 -1362.08 1628.57 6818.93 1
5953.78 -14.3166 -9950.28 11596 -1
5423.18 -1083.12 -6681.05 8673.62 1
-424.868 -4085.59 -1137.85 4263.62 -1
event 25
8743.56 -459.172 -11223.1 14234.8 1
-5901.5 -1887.33 1580.55 6395.23 1
-345.986 -4967.36 -1214.04 5126.34 -1
2773.14 20.2405 -4789.51 5535.46 -1
event 26
19454.6 -7708.83 -5982.46 21764.8 1
-11672 10292 -42040.7 44828.5 -1
4987.61 -1649.21 -2644.82 5882.38 -1
-1658.54 2595.17 -9668.51 10147.7 1
event 27
-3454.26 2316.46 -6840.77 8006.57 1
-2772.51 3041.28 -6525.51 7715.54 -1
3604.86 315.464 -1803.49 4044.54 1
3205.23 1106.92 80.4221 3393.58 -1
event 28
-5774.56 4364.99 -11781.2 13827.7 1
5962.53 991.624 -2205.19 6434.99 1
-2429.15 2752.01 -5087.93 6274.76 -1
2495.97 -6.79327 -515.738 2550.9 -1
event 29
-27213.1 88.9625 -24627.1 36702.4 -1
-6077.7 443.859 -5781.15 8400.49 1
4181.43 -2883.65 -26190.2 26678.4 1
3355.76 -430.695 -16675.8 17015.8 -1
event 30
-1370.27 7807.32 27204.4 28335.9 -1
639.589 7124.6 17441.3 18851.5 1
4336.47 -1126.57 -4268.83 6189.37 -1
1255.09 3883.78 -1123.33 4234.63 1
event 31
2590.89 6512.63 -1752.65 7225.65 1
4372.84 -3582.8 -5226.12 7699.45 -1
3026.79 -1223.17 -4662.15 5692.49 1
1565.21 -2160.4 4659.9 5370.58 1
event 32
-23408.3 23457.8 25481.2 41803.4 1
29157.7 -12344.7 2586.06 31768.9 1
7109.32 -2453.67 1575 7684.71 -1
-3188.05 2548.91 3402.46 5314.93 -1
event 33
36619.9 -14155.7 3615.57 39427 -1
34941.1 -15155.4 3636.02 38259.6 1
-8332.59 10770.4 10278.8 17061.6 1
-5613.82 5107.54 6439.79 9954.09 -1
event 34
46789.1 -18865.8 6075.81 50814 -1
-17206.4 17538.6 18157.2 30550.9 -1
-4947.47 4547.09 6637.68 9445.81 1
2694.34 -1263.26 376.83 3001.41 1
event 35
-28015.9 29093 31599.7 51282 1
27246.9 -9884.05 3292.7 29170.9 -1
4573.4 -2350.87 511.28 5168.66 1
-1377.5 1678.86 1890.72 2881.33 -1
event 36
-2363.01 8319.02 -13000.7 15614.7 -1
-1381.75 -5461.53 -6860.37 8877.69 -1
-53.5063 -5024.89 -3066.41 5887.82 1
1334.84 -1989.61 9934.96 10220.3 1
event 37
12067.9 5932.89 78549.1 79692 1
3894.49 1753.96 20113.3 20562.1 -1
-2495.73 2423.1 1958.24 3993.23 -1
-1693.7 1103.99 1754.99 2679.28 1
event 38
7042.7 5777.69 52957.9 53735.8 1
-5109.11 3030.15 3770.54 7036.54 1
-3038.73 3410.32 2861.57 5391.1 -1
2087.72 1151.84 11250.4 11500.8 -1
