event 0
3266.84 -7406.13 10943 13611.9 1
1819.18 -5594.29 9073.65 10814.2 -1
196.028 5541.25 -2310.34 6007.72 1
1007.45 4382.02 -1315.3 4685.96 -1
event 1
-124.337 12056.8 -3923.24 12680.1 -1
3583.94 -8379.07 14234.2 16902 1
1553.33 -4934.4 8190.03 9687.56 -1
300.302 3348.34 -845.624 3468.11 1
event 2
11551.6 6599.38 -24497.1 27876.7 1
4031.87 -8939.6 11892.5 15414.8 -1
3055.48 -5499.1 6226.88 8852.19 1
1882.04 1270.66 -2507.55 3384.62 -1
event 3
49.093 12126 29051.1 31480.4 1
-7563.2 -974.166 20097.2 21495.5 1
-169.984 4692.14 14181.2 14938.7 -1
-2045.42 639.216 8083.04 8362.96 -1
event 4
2375.73 4256.99 -16894.5 17584.1 1
-4212.07 -834.154 -9466.09 10395 1
-4191.24 -152.772 -16356.5 16886 -1
-3392.65 262.473 -19748.8 20040.1 1
event 5
500.407 -4711.17 12283.2 13165.6 1
-4208.57 -79.3092 1763.88 4565.17 -1
-3565.55 1686.09 839.198 4033.79 1
2603.37 -1885.28 12303.4 12716.8 1
event 6
5527.87 4284.97 1014.58 7068.16 -1
-4717.42 2874.76 20043.1 20790.8 1
-3424.01 659.498 11238.5 11767.5 -1
1542.06 1790.2 975.87 2558.56 1
event 7
-5595.27 1446.47 -15818.1 16841.1 1
-4127.33 599.944 -19276.5 19722.8 -1
-1648.24 -3497.24 -1260.75 4067.93 1
-2098.08 -614.985 134.49 2193.04 -1
event 8
-5028.96 51781.6 -81002.3 96270.5 1
-2032.69 17865.2 -27426.1 32794.8 -1
5823.18 -12315.8 -9885.24 16832.1 -1
1293.88 -3279.58 -2101.82 4105.92 1
event 9
4665.77 -340.099 5140.24 6951.14 1
-4588.73 -758.251 12409.4 13252.8 -1
-3647.43 107.933 6625.3 7564.47 1
-2429.42 -492.724 4884.63 5478.65 -1
event 10
-2112.91 5904.16 -16603.3 17748.3 -1
2286.94 -4885.53 -7043.41 8872.39 -1
-1507.26 4166.25 -13341.6 14058.4 1
2161.01 -1719 -4147.37 4983.65 1
event 11
-277.374 -5863.28 -13077.6 14334.9 1
-3294.72 2751.04 -6676.92 7938.25 -1
-580.501 3172.66 -3583.81 4822.62 -1
1319.79 -2614.19 -7908.72 8434.15 -1
event 12
11008.8 -8216.44 -10485.1 17281.6 -1
-2400.39 4232.41 7394.81 8852.65 1
1350.03 4249.11 7322.41 8573.58 -1
1510.85 -1808.02 -1544.4 2819.21 1
event 13
-5962.37 793.499 -2346.36 6457.25 -1
-5654.08 1814.73 -1918.13 6241.18 1
2666.34 -1433.59 9444.37 9918.26 -1
2664.48 -391.016 8759.52 9164.76 1
event 14
2133.85 9189.94 -43628.5 44637 -1
-6532.52 3744.3 3737.96 8406.97 1
964.292 -3042.09 -116.362 3195.13 -1
2087.45 -539.084 660.368 2257.28 1
event 15
-5435.35 19446 -39232.3 44123.4 -1
-4388.28 7317.96 -22867.4 24407.8 -1
-3179.92 7665.9 -17236.3 19130.6 1
-1688.02 3431.33 -5248.86 6495.01 1
event 16
-2912.33 -4022.55 -1145.5 5097.64 1
2810.35 -3495.23 -2071.17 4941.22 -1
3943.69 -612.114 3290.12 5173.34 -1
-530.848 -2629.26 -1614.98 3132.75 -1
event 17
4957.2 4993.64 -6605.57 9651.68 1
3923.61 3536.99 -2322.32 5771.42 -1
3508.07 2844.52 -2665.68 5245.47 1
1433.26 2315.55 -3130.17 4150.32 -1
event 18
6199.51 -437.104 -17405.8 18482.4 1
-4133.25 -3641.76 15591.2 16536.1 -1
3172.7 -1138.25 -8501.35 9145.8 -1
1119.67 1879.02 2358.93 3218.71 -1
event 19
-1487.39 5536.24 -16231.3 17214.2 -1
-1768.35 4950.6 -16239.4 17069.4 1
-617.179 3042.5 -15249.6 15562.7 -1
-919.559 1941.76 -6768.27 7101.88 1
event 20
-8234.48 -12312.4 51223.9 53322.6 1
2649.53 5380.67 -446.012 6015.13 1
2218.83 2870.53 -561.203 3672.78 -1
-1608.19 -1670.17 8145.4 8469.62 -1
event 21
-13329.8 448.399 1919.18 13475.1 1
-6466.01 -298.532 -371.768 6484.43 1
-5765.07 383.714 549.284 5804.84 -1
-3458.49 -312.443 979.295 3609.56 -1
event 22
3815.75 10954.8 -28552.6 30819.3 -1
2335.17 10627.7 -30833.4 32697.3 1
1431.39 -4311.16 -7138.15 8461.64 -1
2377.92 -2728.88 -5903.37 6925.48 1
event 23
6150.7 -11513 -71878.7 73054.4 -1
2904.58 -3940.95 -26644.2 27090.4 1
3815.44 146.583 -14955.6 15435.7 1
2253.72 -2032.53 -17554.7 17815.5 -1
event 24
5158.61 9844.31 -1959.21 11285.9 1
-988.643 -4890.31 3428.14 6054.4 1
953.126 3338.69 234.529 3481.59 -1
-794.152 -2850.11 4447.82 5343.04 -1
event 25
-9668.43 -177.698 -859.985 9708.8 1
-8499.04 1959.55 87.139 8723.09 -1
4069.17 835.424 79.6785 4156.15 -1
2283.52 -730.441 210.147 2409.01 1
event 26
-2006.6 -16622.3 -18051.6 24621.1 -1
12.9086 -11068.5 -11287.2 15809 1
1809.66 5097.76 16899.4 17744.4 1
1436.75 3813.62 10875.6 11614.6 -1
event 27
-384.695 -40660.8 -39419.1 56633.3 -1
6275.56 19471.4 59117.3 62557 1
-366.364 -8661.35 -9068.8 12546.2 1
665.889 4064.06 10856.8 11612.2 -1
event 28
-3852.87 7935.59 13673.9 16272.8 -1
-351.474 -4840.96 23277.8 23778.7 -1
-938.865 4589.35 9390.74 10494.8 1
2513.84 -3148.27 -613.372 4076.57 -1
event 29
-15328.1 4509.6 11186.3 19504.7 -1
-6673.45 355.847 4926 8302.9 1
2066.55 3199.69 7624.4 8523.57 1
1713.49 1234.33 4554.34 5021.23 -1
event 30
-7192.7 -5353.88 -11261.2 14395.3 1
-2706.21 -5431.84 -3832.51 7178.29 1
-2909.08 -3571.93 -4402.9 6373.24 -1
-703.921 -1986.71 -3058.96 3716.3 -1
