event 0
1507.49 -16169.1 -3956.97 16714.7 -1
-3563.83 -2394.44 5837.62 7247.29 1
619.34 -3005.9 -329.555 3088.49 1
-2545.61 -977.115 4044.6 4879.02 -1
event 1
4965.95 -19265.4 -3050.68 20128 -1
-8358.64 -3095.45 6616.99 11101.6 1
-3302.23 -962.797 4077.68 5335.76 -1
176.142 2274.55 -8775.41 9067.73 1
event 2
14722 2164.34 46620.5 48937.8 1
-12608.9 447.221 5808.81 13890.2 -1
6476.24 -1104.26 19510.9 20587.6 -1
-3415.46 136.913 1873.95 3899.61 1
event 3
-10543.2 2825.05 19111 22008.6 -1
-2160.46 9277.26 10011.9 13819.7 -1
-1401.3 2840.56 3433.38 4672.44 1
-2475.21 158.713 7718.09 8107.52 1
event 4
6920.72 1893.15 -4576.3 8510.82 -1
5192.84 12.7025 -2476.52 5754.14 1
-3158.48 3236 -4790.15 6588.2 -1
3651.98 -525.517 2249.4 4322.51 1
event 5
-2777.35 -3641.87 -17995 18569 -1
-1982.5 -3760.91 -18301.5 18789.1 1
3680.62 -1981.57 -19837.2 20273.1 1
956.943 -2290.66 -11049.6 11325.5 -1
event 6
-1651.77 -5008.04 -29633.2 30099 -1
710.371 4152.66 -1507.46 4475.81 1
2411.39 2143.92 1644.97 3623.3 1
-2907.91 -645.105 -11258.8 11646.6 1
event 7
-9282.5 10791.9 -10669.1 17789.6 -1
6398.94 -4713.65 962.464 8006.4 1
-2328.91 2512.65 -2213.83 4080.38 1
1934.26 -2530.36 -11503.2 11936.4 -1
event 8
4601.02 7142.43 18456.7 20318.6 -1
-3822.44 -2008.86 8200.58 9268.61 1
-1680.28 -3185.26 6383.67 7330.18 -1
2043.86 1496.52 6766.95 7226.32 1
event 9
2572.01 10259.7 -39630.4 41017.8 1
-2304.66 3800.52 -7314.59 8559.78 1
1576.58 3627.78 -21674.8 22033 -1
-545.34 2455.11 -3563.47 4362.85 -1
event 10
-5947.77 805.575 -1727.12 6246.52 -1
-4321.3 1330.77 1178.12 4673.73 1
3725.6 -92.3524 6427.08 7430.15 1
2005.67 -1135.57 2319.74 3271.79 -1
event 11
5398.07 6708.84 23751.1 25264.1 1
-3956.63 -4760.06 11525.1 13082.5 1
-3668.25 -2983.18 12115.3 13005.7 -1
1985.06 3595.06 9799.61 10625.8 -1
event 12
3916.44 -5042 19422.5 20445.2 -1
4374.18 -4228.24 18896.7 19852.2 1
-3001.62 0.412319 1944.87 3578.19 1
-2370.33 -714.062 3382.12 4192.65 -1
event 13
9235.36 14937.5 -5362.19 18362.6 -1
-3943.59 -16170.8 36342 39972.5 -1
3476.38 6765.23 -2911.11 8144.89 1
-910.415 -3463.99 8629.79 9344.11 1
event 14
-12233.3 16507.9 -10305 22986.3 -1
-2946.1 3718.61 -2298.61 5272.79 1
3666.45 -2330.95 -11794.4 12569.6 -1
497.711 -2252.49 -8719.87 9020.46 1
event 15
6381.54 662.478 19696.7 20715.5 -1
-2005.2 -4218.02 3446.28 5805.22 1
2929.25 1820.73 12947.6 13399.5 1
1566.91 1553.58 -882.541 2378.84 1
event 16
12360.5 -4833.65 11061.5 17277.6 1
6038.73 -1439.48 4174.34 7481.62 -1
-4154.17 707.77 4285.76 6011.4 1
-2093.25 1702.77 2906.11 3967.08 -1
event 17
-6280.57 5404.31 -1938.25 8510 1
4132.86 -4218.86 35356.6 35846.6 1
-3454.38 2206.69 -1946.19 4538.83 -1
2085.59 -2822.43 19618.1 19929.8 -1
event 18
382.753 9449.36 -958.594 9506.16 1
-3379.9 -6913.46 -21183.8 22538.5 -1
274.286 6206.19 244.758 6217.97 -1
-1335.17 -1800.34 -3800.46 4413.46 1
event 19
-3382.41 -5968.95 1781.05 7088.89 -1
-4941.39 -2729.05 59.2367 5646.21 1
2287.7 2241.45 4819.14 5787.31 1
-2802.34 699.872 2200.19 3632.48 1
event 20
5229.81 3901.63 -29407.7 30123 1
-5540.91 -1275.77 6649.06 8749.31 -1
-3521.48 3753.65 6986.98 8678.69 -1
4618.98 1221.38 -20257 20813.1 -1
event 21
-499.017 -5360.87 5356.12 7595.2 -1
-3427.4 -3586.92 -3989.93 6367.4 1
-1637.62 -2542.23 -1990.5 3621.88 -1
77.4635 -2040.4 2247.5 3038.37 1
event 22
1763.17 9996.87 15319.9 18378.2 -1
2730.23 6629.24 14515.1 16189.5 1
3263.11 -1238.18 -271.584 3502.27 1
2286.02 -2361.88 298.311 3302.2 -1
event 23
-7089.86 -6967.24 -1696.69 10084.6 1
-4507.43 -2679.51 8190.94 9726.22 -1
2398.73 3417.76 2932.72 5103.63 -1
-3180.92 -2562.64 4241.46 5889.52 1
event 24
324.168 -5105.62 4503.51 6816.54 -1
-3322.8 3546.26 233.579 4866.48 -1
-2869.4 3273.13 -5993.83 7408.37 1
2499.18 1418.81 800.247 2985.04 1
event 25
-3724.92 6079.93 2685.91 7620.1 -1
-3400.75 4730.04 -1694.62 6068.05 1
-2982.78 4130.46 1087.44 5210.7 1
-2741.53 2565.36 -220.176 3762.54 -1
event 26
-8243.36 -736.115 -210.742 8279.52 1
-4762.53 -1534.23 408.502 5021.32 -1
60.1611 3286.25 2265.76 3993.48 -1
-1887.68 -821.704 -2161.42 2986.88 -1
event 27
3998.36 14202.2 -5615.3 15787.1 1
7349.24 -2097.52 43.4736 7643.56 -1
2472.3 -2277.41 -825.028 3462.76 1
1556.03 2158.31 -471.689 2704.29 -1
event 28
-8827.59 -2804.24 17027.1 19383.6 1
33.4067 -6464.05 14673 16034.1 -1
-3022.87 1.11448 6005.48 6724.19 -1
373.192 -2227.72 3293.98 3995.43 1
event 29
1252.78 5659.29 -5902.17 8273.08 1
1123.94 5433.59 -8975.32 10552.5 -1
-303.254 -5387.01 -14148.5 15142.7 1
-172.509 -2237.65 11583.1 11799 -1
event 30
-4167.4 -3482.89 -14383.2 15374.8 -1
-3581.18 -3303.66 -11027 12055.9 1
3074.18 1454.54 -820.446 3500.08 -1
2061.91 844.137 498.686 2285.58 1
event 31
8213.78 38.5756 14653.7 16799.1 -1
6983.27 -792.819 10673.3 12779.8 1
2273.6 -4567.35 5300.4 7357.67 -1
696.658 -2413.48 3264.66 4120.61 1
event 32
4585.29 -1585.22 3674.77 6087.11 1
3288.14 -2316.96 1851.23 4429.27 -1
-3691.02 1395.78 9890.19 10648.9 1
-2723.78 195.749 7301.84 7796.5 -1
event 33
-3685.15 5013.49 -542.494 6246.67 1
1836.12 -3656.09 1575.39 4385.36 -1
-2329.47 2553.5 751.418 3538.73 -1
-513.087 2744.26 -4761.75 5520.84 1
event 34
6351.04 17686 -6483.4 19879.1 1
3712.71 8081.77 -2977.73 9379.62 -1
-5612.8 -5220.47 7273.17 10567.3 1
-6839.58 -2391.89 8019.87 10808.8 -1
event 35
11659.5 10145.9 -2118.45 15600.7 -1
3148.6 2902.05 -802.849 4357.91 1
1224.18 -3076.88 486.784 3348.72 -1
1758.48 -1726.8 478.096 2512.73 1
event 36
-1772.76 -5766.95 1412.13 6197.23 -1
-2225.45 -5111.43 1261.82 5716.88 1
747.482 -3255.29 2183.69 3991.9 -1
1054.18 -2902.92 3431.9 4618.16 1
event 37
-601.298 6356.41 1092.29 6478.41 -1
4684.25 2539.44 7961.02 9580.18 -1
3333.49 2167.48 3898.16 5569.29 1
-1536.91 2699.4 342.815 3126.91 1
event 38
1679.45 15845 -56903.4 59092.2 1
678.54 12042.3 -45122.3 46706.6 -1
-2472.41 -3428.68 12646.4 13334.6 -1
-1476.09 -3391.67 8454.5 9228.86 1
event 39
7092.41 239.687 40667.1 41281.7 1
-2946.54 3921.62 2067.87 5324.32 -1
-713.266 3001.25 2257.99 3824.38 1
2584.53 -916.612 13437 13714.4 -1
