event 0
-7152.93 7770.17 -5166.98 11757.9 1
4676.33 2480.08 12313.1 13403.1 -1
2425.8 -3954.88 7113.37 8493.33 1
-2304.61 1740.41 993.74 3055.97 -1
event 1
5181.01 7070.56 5360.83 10275.5 -1
-8513.49 8.05651 -7819.88 11560.3 1
-3858.42 1470.62 -3287.18 5278.9 -1
2506.4 1413.15 1825.43 3409.16 1
event 2
-7275.26 -5465.78 24412.9 26053.9 -1
-5376.05 -4638.12 27110.5 28025.1 1
4987.18 2688.72 17016.7 17935.4 1
2079.1 1754.88 8554.58 8977.43 -1
event 3
3347.9 13444.4 -38115.2 40555.4 1
1092.19 -8315.93 -10708.5 13602.6 -1
-131.21 4044.04 -9295.01 10138 -1
-167.557 -2131.41 -2491.68 3284.91 1
event 4
6581.6 12097.8 8284.44 16072.3 -1
9117.83 5480.79 -9335.93 14154.3 -1
2783.81 7558.06 4430.87 9193.35 1
3029.85 3328.93 -4059.56 6062.42 1
event 5
4689.91 -13455.8 -12130.7 18714.1 1
5215.38 11195.1 7524.44 14462.3 -1
5803.31 3112.48 -5939.42 8868.7 -1
2868.39 3812.78 -3477.58 5905.06 1
event 6
1244.14 -7969.55 -7259.81 10852.5 1
2838.31 -6464.32 -7495.41 10297.4 -1
5166.56 2588.19 -5978.89 8315.67 -1
1235.07 2045.63 1867.98 3034.88 -1
event 7
5674.76 10136.8 7544.93 13852.6 -1
6878 7492.28 -8637.42 13343.8 -1
3340.69 -7242.97 -6077.81 10028.5 -1
2201.52 4818.9 3082.05 6130.14 1
event 8
-4219.39 7686.31 -2675.87 9168.1 1
-1489.94 4090.52 -2253.4 4903.19 -1
-2965.64 -1469.09 -4592.44 5661.71 -1
-771.479 -2475.83 -2429.26 3554.91 1
event 9
19384.7 -21134.7 12540 31300.2 1
4836.62 -4415.19 3251.4 7312.29 -1
-4574.61 1140.23 557.113 4748.55 1
-1926.84 789.44 1530.14 2586.2 -1
event 10
5202.87 4413.93 -7455.08 10106.5 1
5854.06 3457.34 -11891 13697.8 -1
3419.06 1450.07 -5188.82 6381.83 1
2653.21 1445.85 -3521.04 4641 -1
event 11
436.875 4430.63 -3731.21 5809.86 1
-1093.48 -4196.15 -1232.55 4509.29 -1
509.913 -3647.7 -1899.08 4145.29 1
1186.93 2222.42 -2734.91 3720.06 -1
event 12
14537.5 12422.8 -24660.9 31206.3 -1
-803.558 6477.68 -15280.6 16616.7 1
-1414.19 2947.17 -6058.57 6884.99 -1
1867.54 2004.43 -4445.6 5223.03 1
event 13
27559.3 8078.89 -38635.8 48140.6 -1
10118.9 3311.26 -14655.6 18115 1
-3629.83 2871.5 -2149.15 5104.04 1
-1567.8 1346.22 -1440.85 2521.42 -1
event 14
14142.6 2861 -18144.1 23182.3 -1
5620.93 2028.03 -7764.65 9798.4 1
-3151.61 2381.14 -4934.47 6321.6 1
-2744.21 -1327.8 -6690.32 7352.92 1
event 15
13035.4 3840.46 -18186.4 22703 1
-10549.7 6857.3 -10302.2 16262.4 1
-5768.14 -3544.88 -15502.6 16916.8 1
5156.04 1119.21 -8769.81 10235.1 -1
event 16
-16986.5 -10666.4 -42829 47293.2 1
6184.74 1267.44 -8043.84 10226 -1
-4668.34 3353.63 -3326.5 6642.07 -1
-2543.16 -2239.85 -9723.97 10298.1 -1
event 17
5613.09 3159.24 2416.61 6880.31 1
-1510.76 -3821.44 3191.06 5203.83 -1
-1648.25 -3304.41 4129.36 5540.64 1
2059.16 1536.06 673.389 2657.86 -1
event 18
-5750.61 5467.17 -12190.7 14545.9 -1
-1333.92 -3917.34 239.681 4146.51 -1
-816.68 -3746.45 -716.871 3902.29 1
-1788.36 1011.13 -2746.98 3431.87 1
event 19
6250.19 -111.293 -5023.82 8020.43 1
-4336.25 -2994.7 -2288.24 5746.17 1
4881.64 885.228 -3663.39 6168.11 -1
-1350.4 -2169.72 -1788.65 3121.17 -1
event 20
-6280.14 11105.5 15079.5 19752.8 -1
-5649.73 10998.9 17862.6 21725.1 1
-3828.3 -4113.21 -9543.36 11075.3 -1
-1798.58 -2556.66 -5279.58 6136.49 1
event 21
-4822.93 3759.32 1477.74 6291.9 -1
366.418 -6065.63 8078.19 10109.1 1
5740.05 514.419 -2070.3 6124.55 -1
-2095.8 1451.68 2436.2 3527.89 1
event 22
7642.73 894.161 -3205.69 8336.58 -1
-5620.61 2524.38 2224.26 6551.51 -1
-2949.48 3925.48 2926.4 5716.97 1
-163.177 -2261.26 2505.02 3380.27 -1
event 23
8796.31 -157.392 5391.28 10318.8 -1
-1778.49 -3633.85 -2055.26 4539.07 1
3853.75 288.097 4848.32 6200.95 -1
1856.34 -1025.4 2677.7 3417.41 1
event 24
4946.01 -5998.05 9443.96 12232.7 -1
4198.26 -6423.1 9501.61 12213.7 1
4591.97 -2556.33 4119.68 6678.61 -1
3349.23 3274.18 4791.65 6701.4 -1
event 25
7260.73 -12313.2 16647.7 21942.9 1
3179.95 2515.43 2797.57 4927.17 -1
2218.36 -3256.28 4863.78 6260.35 -1
3297.82 -1727.65 2766.7 4639.63 -1
event 26
352.757 14827.1 -16039.8 21846.1 -1
-726.636 8208.78 -14700.9 16853.5 -1
1086.18 5447.2 -6730.58 8727.18 1
-184.677 4971.6 -8397.63 9761.26 1
event 27
-3094.44 -4758.22 11670.1 12977.6 1
4005.3 3694.72 13740.2 14781.6 -1
-1444.03 -4461.45 6306.21 7859.34 -1
1240.16 1591.04 3404.84 3958.98 1
event 28
-17086.1 1257.35 -5478.04 17987.1 -1
-15307 606.345 -6068.89 16477.7 1
2674.48 -2470.58 12634.1 13148.7 -1
1191.97 -3394.01 12546 13052 1
event 29
-1249.21 4890.43 21392.3 21980 -1
-3881.08 -2237.61 6223.06 7668.6 1
-2621.67 -2581.44 4238.76 5613.85 -1
-589.928 2857.38 16485.7 16742.3 1
