event 0
4579.36 -2155.72 5333.1 7353.28 -1
4372.09 -385.858 6229.42 7621.08 1
329.535 2993.01 4369.75 5307.78 1
905.077 2388.11 7625.52 8042.51 -1
event 1
-8000.86 5617.05 50705.7 51639.5 1
-8104.69 2287.01 48260 48989.3 -1
1661.04 2540.27 4820.71 5697.59 1
-1288.98 -2331.16 9190.31 9569.15 1
event 2
241.233 -5115.39 370.884 5135.57 -1
216.515 4037.78 1678.03 4379.21 1
-1234.32 -2993.94 1599 3613.2 1
131.018 2499.28 -384.212 2534.24 -1
event 3
-7584.75 3533.72 -10909.8 13749.5 -1
4535.3 -45.9746 -1955.87 4940.41 -1
1215.33 3007.25 -5471.44 6361.47 -1
2383.52 528.446 -2731.84 3665.32 1
event 4
2659.35 -5026.23 -5191.25 7700.35 1
-3729.3 4219.54 8192.03 9941.46 1
-712.122 -3664.51 -6162.61 7205.88 -1
1870.91 -1253.75 -2164.28 3125.3 -1
event 5
-18107.7 4771.18 2439.42 18884.3 -1
4651.34 -3234.95 -10878.1 12265.6 -1
3637.23 -3628.32 -5063.61 7214.26 1
2025 -668.753 -2428.3 3233.52 1
event 6
-20058.3 5407.16 5491.34 21488.1 1
-9682.02 1243.01 1004.85 9813.64 -1
4597.9 -2089.42 -9810.13 11034.3 -1
3630.83 -1822.7 -4166.12 5820.04 -1
event 7
-22248 5322.59 5323.82 23487.4 -1
-5825.24 2089.64 704.538 6229.57 1
3237.78 -825.283 -4485.97 5594.59 1
2672 -1247.35 -3137.54 4307.06 -1
event 8
-5314.64 -4553.34 -1496.17 7157.37 -1
4091.9 755.59 -787.455 4236.25 1
-3231.72 83.3127 -1408.92 3528.05 1
2235.41 -67.4773 -541.812 2303.54 -1
event 9
-6434.62 3792.62 -6254.21 9742.42 1
-4982.47 2757.37 -2684.34 6296.42 -1
3532.81 -2582.33 -718.755 4435.88 1
2114.53 2802.65 -7429.83 8218.24 1
event 10
-8170.5 5925 -7858.44 12791.7 -1
3786.4 -1699.85 1081.06 4290.25 -1
1377.3 3354.33 -6442.35 7393.48 1
2383.56 -2249.25 -476.564 3313.42 1
event 11
1579.26 5455.21 7795.99 9645.83 1
-707.293 -4520.71 -5480.83 7140.57 -1
-1053.93 -3499.64 -4816.51 6047.16 1
1268.42 1574.96 2431.76 3164.49 -1
event 12
5913.78 5727.49 -33753.3 34743 -1
-2721.9 -2971.09 -2283.18 4632.51 1
3003.96 1464.5 -14564.3 14943.2 -1
-2705.34 -981.358 -10273.9 10669.9 -1
event 13
8623.1 4475.09 -5416.92 11123.8 -1
319.752 -9707.79 4609.18 10751.7 1
989.803 -9560.97 3054.01 10086.1 -1
7403.84 3399.36 -3915.97 9039.83 1
event 14
-5665.59 599.29 -13683.7 14822.7 1
5448.18 -1525.35 -6677.07 8752.36 -1
-4055.68 -291.187 -7447.11 8485.52 -1
-2719.2 813.656 679.606 2920.46 1
event 15
-2747.57 -11684.7 22528.8 25527.2 1
-7765.4 -6698.27 18711.4 21337.7 -1
-5116.45 -4901.53 9809.77 12101.5 1
430.106 -2300.24 3589.71 4286.41 -1
event 16
-14338.3 17151.9 -22301.7 31577.7 -1
5524.19 505.86 -8732.89 10346.4 1
3675.85 375.596 -3796.65 5298.93 -1
-2363.04 1776.51 -2767.87 4051.2 1
event 17
-57.5772 -9636.75 -9192.99 13318.9 -1
-2732.19 6895.42 -7677.04 10675.2 1
-531.922 5203.15 7047.95 8777.27 -1
305.72 -2063.29 -1109.07 2364.7 1
event 18
-1097.7 -10088.7 -18359.9 20978.2 1
3341.41 8621.39 -3749.02 9977.96 -1
742.716 3614.13 -1128.03 3859.68 1
-789.107 2555.84 1061.82 2879.87 1
event 19
700.988 -7445.45 -6974.14 10226.2 -1
355.034 6262.71 7704.16 9935.43 1
-3001.76 1415.71 1549.04 3664.08 1
-933.569 2262.92 1670.05 2965.23 1
event 20
-6660.75 3733.19 32756.9 33635.2 -1
6487.79 -2058.78 4718.17 8282.65 1
-3215.06 1239.04 11877.9 12368 1
3127.37 -1142.2 3040.05 4509.78 -1
event 21
3734.63 -8989.47 -16489.7 19148.9 -1
1736.96 -4998.47 -10523.1 11779.1 1
-3945.86 827.745 -13074.8 13682.7 -1
-2305.33 606.634 -8740.87 9060.71 1
event 22
-13605.5 5334.84 -53983.3 55926.6 -1
3728.29 -12726.3 -25362.5 28620.4 1
-6451.68 739.737 -25473.8 26288.7 1
1240.39 -2747.47 -5975.63 6693.76 -1
event 23
3107.24 -4870.83 -15387.8 16437 1
4460.99 -3656.17 -9924.75 11479.5 -1
-3252.31 3405.28 969.928 4808.89 1
-1348.59 1944.11 890.422 2530.27 -1
event 24
7781.46 -21937.4 36045.6 42908.1 -1
5082.63 -14771.3 20508.8 25780.7 1
-5530.99 3899.89 13253.2 14881.5 1
-2054.07 2428.41 5656.77 6490.5 -1
event 25
-1435.02 -10154.6 -4581.7 11232.9 1
5901.68 -609.708 -1511.34 6123.47 -1
4088.97 -319.347 -920.297 4204.73 1
614.531 -1988.72 -1832.45 2775.19 -1
event 26
-6164.85 -6907.55 6758.24 11463.2 -1
3025.87 2824.71 -348.412 4155.41 -1
240.387 3288.95 2848.34 4358.8 1
-2057.41 -1480.06 1942.48 3194.98 1
event 27
1596.58 5961.5 -5227.94 8088.95 1
2350.86 4318.13 -9192.16 10425 1
3801.24 2760.06 -4541.9 6535.09 -1
1469.97 3500.9 -1415.81 4053.74 -1
event 28
-673.734 4549.43 3476.6 5766.21 1
-3476.5 -2897.53 -1089.07 4656.07 -1
3320.75 231.773 -10855.5 11355 1
-1929.34 -1450.67 -1725.35 2968.97 1
event 29
-9388.92 781.507 -4458.31 10423.5 1
7175.79 2633.58 -36880.6 37664.6 -1
-6684.57 -1184.12 -3458.94 7619.78 -1
2575.83 192.821 -13958.6 14196 1
event 30
-4703.44 -8767.13 12749.6 16172.4 1
5084.77 1905.86 2580.09 6012.92 -1
4094.69 415.337 1171.14 4280.38 1
-885.911 -1976.58 1270.67 2513.46 -1
event 31
-1771.52 5354.76 22579.4 23273.4 -1
5447.3 976.443 13371.5 14471.9 -1
216.638 3912.79 675.901 3978.05 1
2333.8 1096.71 6955.93 7419.26 -1
event 32
13809.5 -14410.2 -63537.5 66598.7 1
-15197.9 11353.6 -2462.46 19130 -1
2396.64 -2571.37 -10914.7 11467.2 -1
-2299.4 939.911 -490.732 2534.3 1
event 33
12265.7 -12975.8 -48950.2 52105.2 1
9801.87 -12245.1 -48333.3 50814.8 -1
-11889.6 8567.03 -2712.04 14903.8 -1
-3520.13 2758.75 -126.251 4475.4 1
event 34
12395.1 -1151.59 -9903.91 15908 1
-5370.4 2009.44 -754.304 5784.39 1
4528.36 -1082.1 -1758.82 4978.12 -1
-2564.05 2674.81 297.09 3718.65 -1
event 35
-7560.3 -11137.5 -57488.9 59044 -1
-6399.71 -11059.5 -55480.1 56932.6 1
-3213.51 4235.95 -900.465 5393.7 1
-982.922 2312.12 -128.03 2517.85 -1
event 36
19008.5 -1428.23 -21332 28608.2 1
-3789.97 3001.34 5704.46 7478.23 -1
3941.59 -679.5 -4964.47 6376.13 -1
-3896.77 816.417 4962.86 6363.38 1
event 37
-730.142 -10044 -25136.4 27078.8 -1
2708.2 4492.61 -12687.4 13729.5 1
-3067.36 -82.2204 -1553 3440.7 1
2130.45 615.925 2019.53 3001.3 -1
