event 0
16742.5 -13040 -32708.7 39112.7
12290.8 -9207.86 -21043.5 26051.6 -1 1
4451.7 -3832.11 -11665.3 13061.1 1 1
269.117 -2214.67 -792.683 2369.95 1 0
3966.29 4708.78 5368.34 8169.1 -1 0
event 1
16756.7 204.837 5689.31 17966.3
10337.2 -508.626 4922.09 11461 -1 1
6419.47 713.462 767.215 6505.26 1 1
-938.22 -2965.38 2722.3 4134.71 -1 0
-1605.2 -6819.05 2815.29 7550.71 1 0
event 2
-14284.5 157.842 7945.85 16637.3
3454.72 637.188 -1194.77 3712.11 1 0
-4341.87 1222.88 3415.08 5658.74 -1 1
3007.82 607.402 -1.66206 3070.36 -1 0
-9942.62 -1065.04 4530.76 10978.6 1 1
