event 0
624.324 -38419.5 -20091 43470.5
-644.191 6944.24 -20006.9 21187.8 -1 0
-551.11 -2178.94 -1654.31 2792.74 1 1
1175.43 -36240.6 -18436.7 40677.8 -1 1
7.10387 24350 -73296.6 77235.6 1 0
event 1
5348.63 -5603.7 -8957.78 12241.2
1769.2 -3900.35 -4420.48 6155.87 1 0
2030.41 -3284.71 -2444.03 4571.25 -1 1
2107.67 -1012.62 -3001.52 3806.31 -1 0
3318.22 -2318.99 -6513.74 7669.96 1 1
event 2
16197.7 2141.36 4690.59 17278.4
-6236.96 1001.2 2454.94 6777.9 -1 0
5857.34 1832.6 2861.44 6772.43 1 1
10340.4 308.767 1829.15 10506 -1 1
-4130.19 633.003 4213.03 5934.64 1 0
