event 0
644.779 12586.2 -52820.1 54391
-6416.09 -1243.07 36056.8 36644.5 -1 0
46.7192 4457.32 -12949.5 13695.6 1 1
21941.1 -1143.82 16801.1 27658.7 -1 0
598.06 8128.84 -39870.6 40695.3 -1 1
event 1
1910.92 45628.8 12238.8 47381.6
-5600.42 -4715.81 -16213 17789.8 -1 0
1095.09 4996.37 966.458 5206.55 1 1
815.826 40632.4 11272.4 42175.1 -1 1
-19015.3 -16425.7 -52616.9 58308.9 1 0
event 2
-40226.5 -34636.4 -111623 123641
2882.93 17703.3 4010.87 18379.8 1 0
-19041.5 -17171.6 -57228.3 62709.9 1 1
-707.943 8278.37 2360.68 8638.08 -1 0
-21185 -17464.8 -54394.7 60931.2 -1 1
event 3
3197.53 42219.4 8739.14 43343.6
1912.66 37698.4 7558.29 38496.3 -1 1
1284.86 4521.05 1180.85 4847.31 1 1
-2228.69 -1276.34 -5983.89 6512.62 -1 0
-18232.2 -16647.9 -49925.2 55696.5 1 0
