event 0
3437.19 -7820.31 -4561.3 10167
2954.92 -3453.76 -3224.16 5573.72 1 1
482.262 -4366.55 -1337.14 4593.31 -1 1
16163.5 -20125 -11683 28333.3 -1 0
3304.18 -4565.62 -3025.55 6397.46 1 0
event 1
4733.68 -13013.6 -6824.44 15745.7
2137.24 -9899.39 -5076.15 11328.9 1 1
2596.44 -3114.24 -1748.29 4416.75 -1 1
14896.1 -20026.3 -12678.4 27994.7 -1 0
2760.5 -2608.81 -2229.67 4405.55 1 0
event 2
5124.06 -11663.6 -7150.62 14933.7
3268.46 -3502.13 -3143.02 5730.4 1 0
1832.94 -3265.88 -619.763 3797.49 -1 1
13516 -16041.9 -9765.38 23138.7 -1 0
3291.12 -8397.7 -6530.86 11136.3 1 1
event 3
-156.229 12395.8 13634.2 18685.9
-437.116 -7279.92 2180.13 7612.65 1 0
897.481 2308.12 1613.4 2957.55 -1 1
-1053.71 10087.7 12020.7 15728.4 1 1
303.821 -9101.51 1382.66 9211.55 -1 0
event 4
-212.793 8016.14 11134 14066.3
-293.009 -3362.83 857.225 3484.32 1 0
-234.467 3147.4 2066.99 3774.22 1 1
1272.17 -5289.84 2132.76 5844.71 -1 0
21.6736 4868.73 9067.01 10292.1 -1 1
