event 0
25816.4 -11257.4 40108.7 49107.2
13600.1 -4304.39 20905.1 25308.7 1 1
12216.3 -6953.03 19203.5 23798.5 -1 1
-3787.35 -576.288 -1642.34 4169.48 -1 0
-2178.41 -222.226 -1171.92 2485.84 1 0
event 1
-27326.1 1352.66 -13419.3 30630.3
12935.9 -5399.88 17673.3 22557.7 -1 0
-12288.8 -915.598 -6238.02 13812.2 1 1
-15037.3 2268.26 -7181.29 16818.1 -1 1
2719.03 -1770.09 6694.35 7439.88 1 0
event 2
18359.3 -5975.48 28308.8 34405.7
-12490.2 645.727 -8834.58 15312.8 -1 0
6016.24 -3129.53 11609.9 13445.8 1 1
12343.1 -2845.95 16699 20959.9 -1 1
-6480.24 -327.433 -2947.01 7127.19 1 0
