event 0
4603.11 8537.71 7143.84 12438.1
-3416.11 -1649.37 13486.5 14010.3 1 0
1459.96 2509.76 4009.15 4951.25 -1 1
-4965.44 -6976.65 24289.7 25755.2 -1 0
3143.16 6027.95 3134.69 7486.86 1 1
event 1
-12244.9 -11186.7 55525.3 58032.2
-7650.88 -4926.52 29180.7 30566.8 1 1
-4593.98 -6260.16 26344.6 27465.3 -1 1
4925.55 5238.06 5589.23 9107.63 -1 0
1879.19 2265.62 2158.93 3651.92 1 0
event 2
-6341.36 5698.84 -17196.3 19442
2771.93 -2845.55 -6989.63 8040.33 -1 0
-2602.32 652.253 -6577.01 7103.92 1 1
-3739.04 5046.59 -10619.3 12338.1 -1 1
3803.91 -1317.6 -8465.26 9374.31 1 0
