event 0
-2523.41 7953.65 6839.66 11401.5
-1483.05 -2928.75 -3968.42 5151.36 1 0
459.045 2466.42 3531.7 4333.36 1 1
-2982.46 5487.23 3307.97 7068.14 -1 1
-3480.03 -3833.98 -1767.96 5472.37 -1 0
event 1
4913.76 6654.28 4515.12 10119.4
3506.12 -308.305 1286.55 3748.91 -1 0
2147.63 981.521 2620.56 3529.06 1 1
2766.13 5672.76 1894.56 6590.31 -1 1
5761.94 -79.2711 7015.42 9079.29 1 0
event 2
-8827.14 287.003 -18421 20662.2
-5666.13 -1278.69 -12110.3 13431.7 1 1
-3161 1565.69 -6310.71 7230.46 -1 1
-3059.23 7188.19 30137.5 31133.7 -1 0
-1811.48 6218.7 31111.8 31779 1 0
