event 0
-7152.93 -4471.74 -6041.47 10828.3
-4719.27 -1178.2 -2880.34 5653.95 -1 1
-2433.66 -3293.54 -3161.13 5174.37 1 1
3020.9 -1531.62 -2438.45 4174.79 -1 0
814.533 -2412.16 -1390.69 2902.95 1 0
event 1
-7464.61 -2365.06 33935.6 34964.7
-4242.49 -2901.75 19856.6 20511.3 1 1
-3222.12 536.692 14079 14453.4 -1 1
-8345.92 432.937 15574.2 17675.1 -1 0
-1958.85 -506.901 3033.44 3647.87 1 0
event 2
-9357.65 6088.17 9589.2 15039.1
-3399.33 -2301.01 1513.11 4376.16 -1 0
-1608.6 2557.51 3120.52 4344.8 1 1
-7749.05 3530.66 6468.68 10694.3 -1 1
-5773.57 -6133.98 5198.74 9899.39 1 0
