event 0
2637.77 -6803.25 2500.25 8311.67
29.4034 -4000.56 637.22 4052.48 -1 1
2608.37 -2802.69 1863.03 4259.19 1 1
11529.7 2380.72 9054.79 14852.7 -1 0
4959.6 570.487 2983.1 5816.63 1 0
event 1
4551.42 -8864.5 705.815 10458.6
5921.8 1712.86 4488.9 7626.47 1 0
494.358 -4106.95 748.315 4205.06 1 1
16976.9 2883.43 11712.9 20826.2 -1 0
4057.06 -4757.56 -42.5008 6253.56 -1 1
event 2
2085.27 -9087.42 1484.97 9936.07
3635.1 425.06 2110.84 4226.28 1 0
2301.85 -3424.02 251.078 4134.81 -1 1
2261.76 -248.643 1813.52 2911.6 -1 0
-216.58 -5663.39 1233.9 5801.26 1 1
