event 0
-9462.98 10520.9 -22476.3 26739.7
4399.2 -9781.4 -18070.5 21013.9 -1 0
-1341.4 3434.75 -6319.51 7317.39 -1 1
-8121.58 7086.13 -16156.8 19422.3 1 1
1865.32 -2503.41 -3908.13 5003.11 1 0
event 1
-7592.6 11217 -19380.4 23846.6
-4794.43 7001.58 -9451.7 12702.5 1 1
-2798.17 4215.39 -9928.71 11144 -1 1
5632.38 -8654.44 -15043.8 18246.9 -1 0
1051.11 -2255.78 -3304.15 4137.87 1 0
event 2
-7509.16 14441.6 24297.8 29409.6
-3020.8 8934.63 12946.3 16017.8 -1 1
-4488.36 5506.97 11351.5 13391.8 1 1
4647.09 3064.41 4581.18 7210.02 -1 0
2897.46 1061.83 1697.63 3523.62 1 0
event 3
-12461.9 21461.8 35337.3 43292.3
-7897.01 12544 18581.6 23769.7 -1 1
-4564.94 8917.8 16755.7 19522.6 1 1
6263.06 4137.87 4847.67 8936.39 -1 0
2035.45 1284.56 1872.59 3051.38 1 0
