event 0
-6721.84 3326.46 -13466.6 15722.3
4040.23 2440.11 -2422.9 5306.52 1 0
-2006.33 1011.89 -7206.93 7549.85 -1 1
10174.1 6161.59 -8071.58 14374.9 -1 0
-4715.51 2314.58 -6259.69 8172.4 1 1
event 1
-10737.2 2222.63 -19790.8 22836.2
4992.62 3040.62 -2710.52 6444.35 1 0
-3105.12 -181.984 -8020.02 8602.72 1 1
10241.6 6787.49 -6112.29 13723.4 -1 0
-7632.12 2404.61 -11770.8 14233.5 -1 1
event 2
21636 5612.95 -13651.1 26373.5
11006.1 2546.58 -5124.16 12405.1 -1 1
10629.9 3066.37 -8526.91 13968.4 1 1
-6049.83 -10254.5 20251.6 23492.4 -1 0
-1638.85 -2379.18 4187.19 5088.23 1 0
