event 0
2321.93 -13461.4 77631.7 78885.2
1000.29 -6336.49 18000.2 19109.4 -1 0
2198 -4267.79 28071.1 28478.8 1 1
123.933 -9193.63 49560.7 50406.4 -1 1
891.946 -2979.31 17374.2 17650.6 1 0
event 1
5744.31 7084.56 -32425.9 33826.3
-2919.81 -1859.43 -5094.49 6160.18 1 0
2370.14 1723.68 -6391.2 7031.88 -1 1
3374.17 5360.88 -26034.7 26794.4 1 1
-4138.87 -174.716 -5610.8 6975.17 -1 0
event 2
5426.14 7914.87 -34209.7 35664.9
-3216.32 -828.801 -2634.22 4240.51 1 0
3035.18 2935.24 -10450.2 11271.5 -1 1
-2162.35 -1215.77 -3822.19 4557.87 -1 0
2390.96 4979.63 -23759.5 24393.4 1 1
