event 0
-10361.8 5132.57 -2549 12239.3
5475.19 405.825 3548.2 6537.84 1 0
-4195.27 694.247 -96.1879 4254.73 -1 1
-6166.58 4438.32 -2452.81 7984.53 1 1
5621.02 1301.6 6304.58 8546.87 -1 0
event 1
11506.7 474.893 10401.3 15824.2
-3671.04 2311.62 -2341.43 4930.88 1 0
3618.76 -765.559 4842.4 6094.38 1 1
7887.92 1240.45 5558.87 9729.86 -1 1
-4914.17 1885.46 476.814 5286.07 -1 0
event 2
-14114 25211.7 1157.85 29082.1
-11451 22380.5 1457.46 25182.3 1 1
-2663.05 2831.21 -299.612 3899.81 -1 1
-2496.08 2773.23 -5618.94 6745.73 -1 0
11411.4 -10775.9 1491.83 15766.3 1 0
