event 0
-13237 -1536.67 -10946.8 17521.5
-2665.74 4948.09 -5129.71 7610.18 -1 0
-4740.77 -1021.68 -2233.67 5340.33 1 1
-8496.25 -514.994 -8713.13 12181.2 -1 1
-944.478 2013.31 -291.696 2245.38 1 0
event 1
-10009.8 3226.5 -33815.5 35548.4
3448.29 -2645.62 -2618.18 5075.04 -1 0
-4054.9 1115.17 -18659.4 19127.8 1 1
-5954.92 2111.33 -15156.1 16420.6 -1 1
2780.15 -267.916 -1755.79 3300.76 1 0
event 2
-4574.06 -4915.82 -79.2994 7394.89
2272.99 2206.29 -15921.6 16234 1 0
-2337.2 -864.653 921.512 2659.04 -1 1
7586.02 11113.2 -57839.1 59383.7 -1 0
-2236.86 -4051.17 -1000.81 4735.85 1 1
