event 0
-4184.89 8270.88 -27827.4 29493.7
1305.98 -5730.09 130.518 5879.43 1 0
-2609.23 3175.53 -15985.2 16505.4 -1 1
473.699 -2044.08 -548.318 2171.28 -1 0
-1575.66 5095.35 -11842.3 12988.3 1 1
event 1
-14870.8 -14099.6 23733.7 31509
-8867.06 -9581.8 13161.6 18538.5 -1 1
-6003.78 -4517.84 10572 12970.5 1 1
4090.34 5595.72 3300.15 7677.57 1 0
2900.4 2970.95 2533.4 4864.99 -1 0
event 2
22992.7 23426.2 23405.6 40433.4
12391.1 11850.2 13986.8 22127.1 -1 1
10601.5 11576 9418.8 18306.3 1 1
-24264 -24204.5 40081.5 52736.5 -1 0
-2693.88 -1781.23 3306.6 4623.26 1 0
event 3
7150.04 2506.67 21181.3 22707.9
3071.43 2710.78 10347.2 11129.1 -1 1
4078.61 -204.109 10834.2 11578.8 1 1
-6067.18 2208.58 2954.89 7101.48 -1 0
-2520.23 -82.8989 1031.62 2726.51 1 0
