event 0
12393.5 8112.43 -27742.3 31601.2
-3157.69 -3352.35 4114.52 6176.55 1 0
2120.76 1319.35 -2614.01 3616.98 -1 1
10272.8 6793.07 -25128.3 27984.3 1 1
-5551.03 -8509.86 10317.4 14480.8 -1 0
event 1
11276.6 5473.64 -22866.6 26260.2
8270.48 3963.82 -19228.7 21304.1 1 1
3006.13 1509.83 -3637.98 4956.05 -1 1
-8334.53 -8600.13 10373.2 15844.2 -1 0
-1399.22 -1953.45 2309.6 3334.55 1 0
event 2
-6635.63 6862.44 2857.76 10434.7
-2042.76 2840.54 2609.85 4366.23 1 0
-2414.24 660.872 383.35 2534.45 -1 1
-4221.39 6201.57 2474.41 7900.22 1 1
-3493.7 3573.12 2300.05 5502.23 -1 0
event 3
-9574.28 12626.3 13872.5 21286.8
-3024.32 2162.07 2702.45 4597.33 1 0
-1172.27 1658.33 3352.14 3920.75 -1 1
-8402.01 10968 10520.4 17366 1 1
-4703.5 6138.23 1436.99 7866.18 -1 0
event 4
-840.986 -6059.83 -4059.3 7968.79
761.257 -4620.19 -3037.29 5582.29 -1 1
-1602.24 -1439.64 -1022 2386.51 1 1
1624.61 7058.87 -15856.8 17433.2 1 0
1307.86 5484.4 -11334.9 12660.1 -1 0
