event 0
5286.41 8019.63 -808.351 10124.4
-895.638 -3152.66 -978.574 3422.02 -1 0
2760.06 3068.6 -1753.1 4485.39 -1 1
-1772.19 -2711.81 953.432 3378.58 1 0
2526.35 4951.03 944.746 5639.05 1 1
event 1
9593.24 -1006.52 14596.6 17767.8
6333.36 581.154 7809.91 10072.5 -1 1
3259.87 -1587.67 6786.7 7695.32 1 1
-4917.84 7825.26 7954.05 12194.2 -1 0
-874.411 2320.23 2321.78 3398.51 1 0
event 2
8756.87 -370.349 -3799.35 10042.2
-1659.14 -3863.94 -1439.54 4445.92 1 0
2444.63 -1341.57 -1908.73 3380.89 -1 1
6312.24 971.218 -1890.62 6661.33 1 1
-3097.29 -5046.49 -710.997 5964.64 -1 0
