event 0
12302.5 2258.13 25196.8 28300.6
-3279.25 -2285.45 4827.18 6268.15 -1 0
3579.87 1041.54 10770.9 11398.4 1 1
8722.63 1216.59 14426 16902.2 -1 1
5077.92 1673.11 5014.69 7330.95 -1 0
event 1
13826.2 -5393.36 -25870.8 29985.7
-3356.7 2903 -628.12 4483.36 -1 0
2909.04 100.429 -4314.44 5205.59 1 1
-7817.72 11588.5 -6199.52 15292.3 1 0
10917.1 -5493.79 -21556.4 24780.1 -1 1
event 2
3854.7 -9886.25 -7906.96 13590.7
3171.71 4442.59 -22621 23270.6 -1 0
726.677 -3228.88 -4214.18 5359.5 1 1
7498.02 4405.49 -42706.2 43582.8 1 0
3128.03 -6657.37 -3692.77 8231.21 -1 1
