event 0
22580.2 -12992.5 -34199.1 43102.7
16846.1 -8282.98 -23399.3 29999 1 1
5734.09 -4709.54 -10799.8 13103.7 -1 1
13290.8 -13705.8 -24601 31140.2 -1 0
3294.79 -3440.12 -6195.29 7815.55 1 0
event 1
26646 -15147.1 -36099 47457.1
23629 -12707 -30207.4 40401.7 1 1
3016.99 -2440.11 -5891.57 7055.36 -1 1
1323.71 -2651.38 -2508.48 3884.03 -1 0
4561.11 -4990.8 -8657.71 10985.4 1 0
event 2
14386 -18063.4 -28256.8 36623.5
11698 -8300.99 -19580 24272.1 -1 0
3472.36 -2566.05 -4602.4 6311.51 -1 1
10913.6 -15497.4 -23654.4 30312 1 1
13279.6 -6377.6 -17063 22542.8 1 0
