event 0
-8851.32 12794.4 15854 22427.3
-6572.96 6871.18 9194.14 13227.3 1 1
-2278.36 5923.23 6659.82 9200 -1 1
8286.79 -6862.7 6311.09 12474.3 1 0
6381.61 -7249.5 5905.48 11321 -1 0
event 1
-8729.37 14980.1 18828.5 25859.4
7232.69 -7350.39 7905.92 12994.4 -1 0
-603.987 3529.69 2772.9 4530.31 -1 1
-8125.38 11450.4 16055.6 21329 1 1
11369.2 -7001.16 8504.31 15830.6 1 0
event 2
-8786.34 3337.99 22252.1 24353.4
-5205.77 3520.8 13340.5 14747 1 1
-3580.58 -182.805 8911.68 9606.41 -1 1
10503.3 -353.345 -20314.8 22872.4 -1 0
2180.99 942.058 -3238.6 4017.94 1 0
