event 0
-5182.72 14326.6 -39972.7 42889.7
-1182.54 7733.51 -20908.9 22324.9 -1 1
-4000.19 6593.1 -19063.8 20564.8 1 1
5486.12 -10744.6 4871.49 13011 -1 0
2037.38 -2008 876.596 2993.76 1 0
event 1
-2213.39 12367.5 -36393.1 38625.2
-2630.02 7571 -25079.8 26329.6 -1 1
416.635 4796.52 -11313.3 12295.6 1 1
3705.86 -7538.44 4804.83 9677.76 -1 0
1174.78 -1716.41 551.599 2154.44 1 0
event 2
3786.42 -4258.94 -13229 14733.3
1944.71 -2819.34 -10923.8 11448.7 -1 1
1841.71 -1439.6 -2305.14 3284.69 1 1
4506.53 29.4709 -2372.48 5094.06 -1 0
3728.97 1451.47 -3782.33 5507.19 1 0
