event 0
-5361.7 -2286.96 20396.8 21438.2
-3264.95 -340.47 14700.5 15063 -1 1
-2096.75 -1946.49 5696.22 6375.21 1 1
9784.78 -988.705 50129.8 51085.5 -1 0
4007.27 -1197.27 19336.8 19784.2 1 0
event 1
9172.38 -3897.68 14841 18143.1
4574.75 -3347.31 9596.33 11146 -1 1
4597.63 -550.371 5244.66 6997.05 1 1
-6689.09 813.391 1200.41 6845.27 -1 0
-2309.49 559.733 -654.746 2467.17 1 0
event 2
9072.61 4813.8 13325.9 17107.2
-3269.76 -908.849 -235.701 3403.53 -1 0
2496.12 399.767 1733.92 3067.26 -1 1
6576.49 4414.03 11592 14039.9 1 1
-4160.77 -4730.1 51.0455 6300.77 1 0
event 3
-14607.7 -20885.1 57784.1 63231.1
2633.36 5063.29 -28651.2 29214.3 1 0
-863.145 -2838.86 5913.49 6617 -1 1
-13744.6 -18046.3 51870.6 56614.1 1 1
11844.1 11875.1 -77029.9 78834.8 -1 0
event 4
10031 13104.2 -75353.6 77201.7
-5633.03 -5685.16 14880.1 16896.2 1 0
1694.42 3780.05 -14765 15335.4 1 1
8336.59 9324.14 -60588.7 61866.3 -1 1
-4871.96 -8021.66 21690.2 23633.9 -1 0
event 5
7778.33 10363.5 -57146.5 58678.9
4653.11 6199.23 -27203 28286 -1 1
3125.22 4164.32 -29943.5 30393 1 1
-5397.77 -6548.38 17198.2 19178.3 -1 0
-1793.43 -2992.19 6655.83 7515.37 1 0
