event 0
-24150.6 1387.03 27828.2 37002.4
-6832.37 -1624.43 6100.74 9303.24 1 0
-6883.24 -970.389 8363.49 10875.6 1 1
-17267.4 2357.41 19464.7 26126.7 -1 1
-10601.9 1240.47 8191.82 13455.7 -1 0
event 1
12522.9 -10677.9 -37287.8 40875.5
-8540.74 -434.622 -45367.6 46166.7 1 0
5372.19 -3409.64 -17378.7 18507.2 -1 1
-36980.8 -5939.96 -172511 176530 -1 0
7150.66 -7268.29 -19909 22368.3 1 1
event 2
15996.1 -12749.5 -45831.4 50284.5
9210.76 -5501.57 -25160.8 27352.9 -1 1
6785.32 -7247.94 -20670.6 22931.6 1 1
-9222.64 -1798.97 -49554.3 50437.5 -1 0
-3063.69 -748.102 -16184.3 16489.1 1 0
event 3
18018.8 -14465.2 -56882.7 61474.8
12674.1 -8318.37 -37692.1 40626.8 1 1
5344.68 -6146.85 -19190.6 20848 -1 1
-21139.8 -1067.14 -105725 107823 -1 0
-5186.21 -786.906 -24998.5 25543.1 1 0
event 4
-11746.3 9233.74 -69808.9 71457.1
4878.78 -1580.43 -5102.74 7235.29 1 0
-3452.25 4368.85 -29066.5 29595.2 1 1
2286.95 1047.53 -1968.68 3195.98 -1 0
-8294.06 4864.88 -40742.5 41861.9 -1 1
event 5
-9329.41 -250.414 -30426 31975.5
3837.52 1450.03 467.185 4130.21 1 0
-4147.53 1423.27 -13422.2 14120.7 -1 1
2098.62 -497.153 -1690.75 2742.47 -1 0
-5181.89 -1673.69 -17003.8 17854.8 1 1
