event 0
4856.61 -10216.7 -21672.4 24642.5
1638.15 -6852.82 -12250.6 14132.7 1 1
3218.46 -3363.93 -9421.76 10509.8 -1 1
-2993.54 1081.45 -1925.39 3721.44 -1 0
-2003.42 -120.583 -99.8399 2012.3 1 0
event 1
5891.25 -8964.64 -16958.9 20304.3
5821.88 -6720.47 -14062.6 16638.2 1 1
69.3693 -2244.17 -2896.27 3666.15 -1 1
-21029.6 -20038.5 1200.09 29073 -1 0
-8195.59 -9016.22 2314.27 12402.7 1 0
event 2
13534.3 -17902.2 -32297.5 39451.1
10930.1 -13988.6 -27509 32740 -1 1
2604.22 -3913.58 -4788.53 6711.13 1 1
-3018.39 -2552.21 444.737 3979.12 -1 0
-2292.22 -2244.24 443.503 3240.18 1 0
