event 0
-4153.31 -29872.3 2539.03 30424.4
2211.68 2235.32 -8539.74 9100.91 -1 0
347.486 -2193.4 -278.134 2240.59 1 1
-4500.8 -27678.9 2817.16 28183.8 -1 1
1649.78 4022.41 -7828.98 8955.76 1 0
event 1
2258.67 -8175.5 5659.24 10656.4
-2388.17 2943.13 22280.8 22601.1 1 0
-382.933 -2544.81 2818.14 3817.83 1 1
-4169.03 6353.14 41182.7 41878 -1 0
2641.6 -5630.68 2841.1 6838.54 -1 1
event 2
-4183.71 13077.9 -36697.3 39355
3536.36 1950.08 -2156.69 4579.42 1 0
-372.254 6545.26 -14777 16166.3 1 1
1883.09 -972.129 -2441.77 3234.88 -1 0
-3811.46 6532.61 -21920.3 23188.6 -1 1
