event 0
9129.3 -4122.47 -3215.61 10966.8
5558.86 -2055.73 -3404.1 6835.64 1 1
3570.44 -2066.73 188.491 4131.12 -1 1
-8924.67 5010.28 16498.4 19415.5 -1 0
-2300.17 782.892 3660.83 4395.06 1 0
event 1
-17651.6 -4326.83 -10180.7 21060.3
-11686.3 -4330.95 -7144.15 14365.8 1 1
-5965.26 4.12293 -3036.6 6694.51 -1 1
1865.98 1819.98 -1701.14 3114.36 -1 0
6656.96 2256.29 -6029.99 9261.64 1 0
event 2
6020.78 -16278.3 32558.4 37025.3
4290.99 -13019.2 22953 26735 -1 1
1729.79 -3259.06 9605.48 10290.3 1 1
1079.35 -2972.89 5007.69 5923.78 -1 0
456.936 -4681.41 9667.11 10751.2 1 0
event 3
7768.54 -15783.9 34292.8 38666.1
5790 -9217.15 23148.1 25579.7 1 1
1978.54 -6566.79 11144.7 13086.4 -1 1
2701.56 -14157.7 31745.7 34864.6 -1 0
1622.56 -4330.83 7740.16 9017.21 1 0
