event 0
-68352.4 16477.2 28144.8 75797.5
-50151.4 10696.9 20263.9 55138.2 -1 1
-18200.9 5780.28 7880.92 20659.3 1 1
332.457 -5336.14 -6029.01 8058.85 -1 0
424.228 -3931.22 -3330.95 5171.16 1 0
event 1
-52157.4 13287.1 20403 57643.8
-43001.5 11716.7 17834.7 48005.1 -1 1
-9155.92 1570.38 2568.31 9638.69 1 1
-69.5929 -4374.89 -7901.93 9033.06 -1 0
-558.034 -2769 -1686.68 3291.63 1 0
event 2
-59506.1 13184 25335 66077.6
-38221.3 8111.93 17791.5 42932.8 -1 1
-21284.7 5072.1 7543.51 23144.8 1 1
343.984 -5589.8 -3247.87 6474.88 -1 0
-591.856 -2315.34 -2986.45 3826.37 1 0
