event 0
-10949.3 -40043.5 -31898.6 52483.1
1740.83 17583.5 -54916.7 57689.4 1 0
-1619.47 -7247.93 -4057.53 8463.44 1 1
-9329.8 -32795.6 -27841.1 44019.7 -1 1
3391.85 22977.9 -81556.7 84799.7 -1 0
event 1
-10922.8 -47736 -37474.6 61741.1
415.949 3981.73 -16980.9 17446.8 -1 0
-1039.13 -1813.45 -1538.39 2597.34 1 1
-9883.64 -45922.5 -35936.2 59143.8 -1 1
1780.36 9617.57 -29903.6 31462.7 1 0
event 2
-7571.72 -27554.6 -22697.5 36624.5
-5740.54 -24159.5 -20367.9 32116.9 -1 1
-1831.18 -3395.15 -2329.6 4507.6 1 1
949.144 3111.12 -8589.02 9184.9 -1 0
1877.07 14978.3 -51568.9 53732.9 1 0
