event 0
-21443.8 23515.6 36756.8 48718.3
3540.01 -8756.26 19643.2 21796.1 1 0
-6144.37 8731.87 13148 16937.6 1 1
-286.428 -2820.95 3920.94 4839.91 -1 0
-15299.4 14783.8 23608.8 31780.7 -1 1
event 1
3083.27 -13781.4 23279.4 27403.6
-4256.41 5035.57 7936.75 10318.8 -1 0
2072.37 -4857.88 6539.42 8406.48 1 1
-8314.37 8719.46 13638.4 18198.2 1 0
1010.89 -8923.52 16740 18997.1 -1 1
event 2
1595.49 -10497.1 19965.9 22912.1
-4230.54 4651.84 7216.22 9571.94 1 0
-1199.65 -3014.53 5460.67 6352.69 1 1
-21942.9 23471.5 34457.6 47114.2 -1 0
2795.14 -7482.58 14505.3 16559.5 -1 1
event 3
3263.68 -10977.4 21323.7 24401.7
-3106.08 3330.78 4390.35 6326.78 1 0
-91.2692 -3051.74 7736.06 8317.41 1 1
-7933.25 8602.24 12922.9 17434.1 -1 0
3354.95 -7925.62 13587.6 16084.3 -1 1
