event 0
10355.4 -10392.1 -1859.5 15108.9
-3082.07 2968.35 1086.54 4416.11 -1 0
2786.93 -1255.44 207.074 3065.48 -1 1
7568.5 -9136.67 -2066.57 12043.4 1 1
-1281.47 1620.43 816.32 2223.85 1 0
event 1
-382.126 5874.3 -10132.6 12284.6
-2977.87 -1784.77 11368.7 11887.4 1 0
-1829.2 1628.62 -3310.11 4119.03 -1 1
-5311.47 -4815.67 29503.2 30362.1 -1 0
1447.08 4245.68 -6822.46 8165.59 1 1
event 2
-3991.58 10869.8 -9530.55 15313.7
-2887.15 6223.75 -3765.88 7827.11 1 1
-1104.43 4646.1 -5764.67 7486.56 -1 1
3519.8 -392.697 4103.8 5421.77 -1 0
2263.44 326.558 4460.46 5013.65 1 0
