event 0
-23429.1 18758.6 38246 48715
747.243 4921.7 5074.91 7109.67 -1 0
-8393.87 7541.25 16589.5 20063.6 1 1
1169.68 -2392.48 6994.42 7485 -1 0
-15035.2 11217.3 21656.5 28651.4 -1 1
event 1
-13771.3 10406.1 23158.7 29049.2
3197.8 -4998.03 12917.6 14215.5 -1 0
-3463.34 4400.86 7073.62 9022.73 1 1
-10308 6005.21 16085.1 20026.4 -1 1
5992.62 -3848.56 11010.4 13113.4 1 0
event 2
-23043.3 16902.6 37193.4 47006.7
4002.34 -2531.53 6173.53 7781.45 1 0
-11651.5 7818.59 15913.7 21216.6 1 1
1521.1 -2240.78 7463.51 7940.4 -1 0
-11391.7 9083.96 21279.7 25790.1 -1 1
event 3
6472.57 -655.3 5232.62 8904.75
-3155.27 160.788 9666.08 10169.9 1 0
1957.15 -1655.71 2128.65 3333.78 -1 1
-4375.68 1583.1 10967.4 11914.2 -1 0
4515.42 1000.41 3103.97 5570.96 1 1
