event 0
3858.52 3900.53 14447.9 15761.9
1915.45 3006.53 11954.1 12474.7 1 1
1943.08 893.992 2493.87 3287.14 -1 1
1907.43 -5907.42 -3023.97 6905.9 -1 0
2149.63 -5077.4 250.036 5520.38 1 0
event 1
-335.655 11775.9 4866.31 13117
3038.55 -2772.94 -8522.12 9463.6 -1 0
-1393.24 2888.48 1631.88 3599.81 1 1
1057.58 8887.44 3234.43 9517.23 -1 1
2474.08 605.394 -6281.76 6779.32 1 0
event 2
-10460.4 -5359.14 43622 45283.6
-5673.7 -2755.06 29019.3 29697 1 1
-4786.66 -2604.07 14602.7 15586.6 -1 1
3581.05 -1490.43 11283.1 11931.7 -1 0
2420.55 1520.92 9475.16 9897.58 1 0
event 3
-10404.8 2430.45 -1512.21 11227
-6076.17 2854.4 -346.985 6723.02 -1 1
-4328.65 -423.947 -1165.22 4503.98 1 1
2591.6 3163.21 6523.9 7700.31 -1 0
5410.55 3154.89 9621.1 11480.6 1 0
