event 0
241.265 6267.74 18092.8 19398
999.513 3519.78 6503.89 7463.22 -1 1
-758.247 2747.96 11588.9 11934.8 1 1
-7128.89 -12295 38001.2 40572.1 -1 0
-4326.3 -11253.1 36727.8 38656 1 0
event 1
11532.6 1284.47 1286.69 12243.1
6298.43 -1141.38 822.594 6454.51 1 1
5234.13 2425.85 464.094 5788.56 -1 1
-5180.29 1289.48 5509.12 7672.01 -1 0
-4714.47 1760.12 7079.36 8686.36 1 0
event 2
5530.78 -4968.37 2053.04 8311.46
2975.92 -2714.72 -489.554 4059.14 -1 1
2554.86 -2253.66 2542.59 4252.32 1 1
-4185.43 6010.22 9517.6 12009.9 -1 0
-802.117 2455.65 3809 4603.61 1 0
