event 0
33146.6 -33029.2 -17506.6 50056.9
-2818.03 4595.22 12553.9 13662.6 1 0
16462.9 -14229.5 -8144.27 23234.6 1 1
-1068.43 1702.62 2920.97 3547.35 -1 0
16683.7 -18799.7 -9362.31 26822.3 -1 1
event 1
-3584.13 8225.31 21971 23933.7
5135.39 -3838.62 -3388.06 7252.4 1 0
-66.6223 2833.24 9265.21 9689.53 1 1
21100.6 -21724.3 -10865.6 32175.3 -1 0
-3517.5 5392.07 12705.8 14244.2 -1 1
event 2
26293 -23996.9 -12308.8 37792.4
13896.1 -13077.4 -8194.28 20767.2 -1 1
12396.8 -10919.5 -4114.51 17025.2 1 1
-12783 21083.5 57091.4 62188.1 -1 0
-1394.78 2626.36 6853.04 7471.18 1 0
event 3
19625.2 -20224.1 -10164.7 30117.7
-5786.36 9993.66 26085 28527 -1 0
2280.23 -3962.55 -1523.8 4820.2 1 1
17345 -16261.5 -8640.88 25297.5 -1 1
-984.132 2428.75 5323.02 5934.06 1 0
