event 0
3387.65 10484.4 1802.88 11586.2
-3412.23 -4929.07 13187.4 14486.5 -1 0
2120.21 4516.42 -603.621 5026.82 -1 1
1267.44 5967.97 2406.5 6559.38 1 1
-1351.66 -3608.09 8206.64 9066.72 1 0
event 1
-607.606 6166.83 -22317.1 23367.5
-207.116 -3424.98 -12341.2 12809.7 1 0
1232.19 2243.32 -9384.33 9727.67 1 1
1578.16 -5499.95 -19735.1 20548.1 -1 0
-1839.8 3923.51 -12932.8 13639.9 -1 1
event 2
418.28 12159.3 -33643.1 35909.2
-1162.8 7576.98 -21971.8 23270.9 -1 1
1581.08 4582.35 -11671.3 12638.3 1 1
-222.471 -3981.05 -9487.68 10292 -1 0
603.185 -3243.51 -12208.3 12646.6 1 0
