event 0
-21439.5 10716.4 7674.11 25357
-10382.5 6596.38 4856.14 13225.1 -1 1
-11057 4120.05 2817.97 12131.9 1 1
-68.543 -4099.82 7336.07 8404.9 -1 0
-872.74 -1862.76 6337.32 6663.66 1 0
event 1
8489.21 1176.48 7037.89 11514.1
1277.02 -2986.4 -5698.28 6559.79 1 0
4266.44 -812.562 2547.71 5036.34 1 1
1612.74 -1218.37 -5036.86 5428.3 -1 0
4222.77 1989.04 4490.18 6477.73 -1 1
event 2
62726.8 10664.1 87880.8 108540
33638.5 4160.11 46970.4 57923 1 1
29088.3 6504.03 40910.5 50617.3 -1 1
-4557.76 -1603.44 6525.85 8120.47 -1 0
-2780.51 287.412 4268.55 5103.49 1 0
