event 0
-7901.99 11104.3 -2346.74 14172
-5450.14 7122.06 -68.6689 8969.03 -1 1
-2451.85 3982.25 -2278.07 5202.95 1 1
2074.52 -3325.09 -9068.77 9879.95 -1 0
798.05 -2494.74 -7273.88 7731.82 1 0
event 1
-6299.52 -7899.27 23592.2 25850.8
-4027.36 -5287.88 11613.6 13381.6 -1 1
-2272.17 -2611.39 11978.6 12469.1 1 1
7903.98 1550.41 13620.6 15824.3 -1 0
1978.41 515.747 2511.23 3239.99 1 0
event 2
15154.9 2096.97 1945.34 15730.3
9672.89 103.465 2077.82 9894.65 -1 1
5481.98 1993.51 -132.48 5835.66 1 1
-4446.34 2521.61 4642.2 6905.77 -1 0
-1829.09 2401.5 2809.66 4125.3 1 0
