event 0
-11512.9 -8830.6 -10893.4 18406
-7782.89 -5070.95 -8506.59 12596.1 -1 1
-3729.98 -3759.65 -2386.79 5809.96 1 1
17132.1 8355.52 -7763.35 20581.7 -1 0
4189.92 1368.11 -1735.96 4738.34 1 0
event 1
-11467.4 -9075.52 -12093.2 19227.7
-7159.89 -4904.26 -5314.67 10177.1 -1 1
-4307.54 -4171.27 -6778.53 9050.63 1 1
4235.41 1954.39 -1841.09 5015.89 -1 0
6294.93 2305.34 -3492.6 7559.77 1 0
event 2
-434.006 -10324.3 20180.2 22882.5
1094.64 3879.75 15057.3 15587.9 1 0
786.763 -3231.45 4218.24 5372.71 1 1
4701.81 10608.4 49487.7 50830 -1 0
-1220.77 -7092.81 15962 17509.8 -1 1
event 3
-1251.68 -17270.9 35521.4 39638.5
2395.08 6739.54 30015.4 30856 1 0
-1249.1 -2300.31 5211.77 5833.13 1 1
4556.09 14746.7 58174.1 60186.9 -1 0
-2.57717 -14970.6 30309.7 33805.4 -1 1
