event 0
-6259.98 3953.96 -8966.88 12034
-5233 2230.19 -4944.83 7537.94 1 1
-1026.98 1723.77 -4022.06 4496.02 -1 1
29669.8 -7225.29 -38382.5 49048.2 -1 0
16149.4 -3491.09 -19568.2 25610.8 1 0
event 1
-13268.9 8412.99 -17879.7 24002.4
4253.33 -747.379 -6044.72 7429.61 1 0
-2014.82 219.766 -1615.05 2593.72 -1 1
16071.2 -3345.48 -21235.5 26840.9 -1 0
-11254.1 8193.23 -16264.7 21408.7 1 1
event 2
-12282.6 6778.75 -14877.6 20682.1
7746.84 -2447.04 -10310.4 13127 1 0
-5929.77 1530.12 -6246.26 8748.16 1 1
21658.6 -3743.69 -29179.7 36531.9 -1 0
-6352.82 5248.62 -8631.39 11933.9 -1 1
