event 0
3105.32 -9908.29 -7055.39 12930.1
-7306.74 10377.8 -23389.2 26611.2 1 0
2529.51 -3488.42 -3599.76 5615.77 1 1
-187.553 3112.6 -7239.93 7883.6 -1 0
575.811 -6419.87 -3455.63 7314.29 -1 1
event 1
-32726.7 19486.8 41062.3 56093.4
-24978.7 15277.3 33335.3 44368.7 -1 1
-7748.01 4209.48 7727.01 11724.7 1 1
478.472 -2082.99 213.369 2150.46 -1 0
9530.02 -12348.8 -2959.38 15877.1 1 0
event 2
-30373.7 15621.8 36683.4 50218.2
12819.5 -17467.6 -4668.17 22164.4 -1 0
-4546.98 1344.98 4248.12 6367.24 1 1
-25826.7 14276.8 32435.3 43851 -1 1
584.767 -2068.22 -511.585 2211.87 1 0
