event 0
3836.07 14408.4 30996.8 34535.6
-862.36 9253.84 12986.8 15970.1 1 0
640.651 3464.29 4710.77 5883.38 1 1
-1721.19 12584.9 19795.3 23520.4 -1 0
3195.42 10944.1 26286 28652.2 -1 1
event 1
3097.77 14097.9 28193.3 31824.6
-391.106 3778.1 4456.68 5856.63 -1 0
181.076 3309.27 4162.23 5321.59 1 1
2916.7 10788.6 24031.1 26503 -1 1
-598.371 7474.97 11371.3 13621.7 1 0
event 2
2640.99 9711.89 19826 22449
2964.27 5129.4 11646.6 13067.3 -1 1
-323.274 4582.5 8179.37 9381.74 1 1
-2217.88 13509.7 23679 27352.1 -1 0
-1687.11 9025.18 14459 17128.1 1 0
