event 0
25871 15009.6 33288.6 44858.9
8578.81 -2006.78 2968.58 9297.68 1 0
10356.6 5016.46 10972.7 15900.8 1 1
7442.33 518.513 4465.55 8695.37 -1 0
15514.4 9993.14 22316 28958.1 -1 1
event 1
12185.5 -1314.65 5851.15 13929.9
4874.32 2571.11 5540.75 7815.42 1 0
3394.61 791.096 2490.61 4285.27 -1 1
20499.7 13335.6 28588.2 37621.4 -1 0
8790.88 -2105.74 3360.54 9644.59 1 1
event 2
13863.6 -3267.18 -49460.7 51563.8
7551.69 6285.88 2553.05 10152.3 -1 0
6880.02 -1012.22 -29135 29953.6 -1 1
917.1 -1836.63 210.77 2066.37 -1 0
6983.53 -2254.96 -20325.7 21610.2 1 1
