event 0
-5401.13 -6533.29 -47452 48302.6
3339.72 -2451.97 -11319.2 12054.1 -1 0
-3319.35 -1856.71 -16762.2 17188.6 1 1
-2081.78 -4676.58 -30689.8 31114 -1 1
2377.7 -219.353 -6927.49 7328.23 1 0
event 1
-8092.22 42.4667 -17008.2 19088.1
-4943.48 3366.53 10359.7 11962.7 -1 0
-3224.64 -1379.32 -5682.42 6678.47 1 1
1871.74 -1060.08 -525.979 2216.98 1 0
-4867.59 1421.78 -11325.8 12409.6 -1 1
event 2
-12025.9 1726.14 -26070.3 28928.5
-6497.26 161.869 -10708.4 12526.8 -1 1
-5528.62 1564.28 -15362 16401.6 1 1
19145 -8853.68 -2583.68 21251 1 0
4760.93 1169.47 -976.168 4999.82 -1 0
