event 0
-11770.9 1108.68 -7007.81 14088.4
-7909.77 1868.68 -3632.74 8903.06 -1 1
-3861.08 -760.005 -3375.06 5185.34 1 1
8682.21 -2952.07 -22831 24604.1 -1 0
3595.71 -762.781 -8412.12 9180.73 1 0
event 1
-9980.48 22959.4 30550 39618.6
-7030.09 13458.1 16777.3 22628.1 -1 1
-2950.39 9501.3 13772.7 16990.5 1 1
1264.21 -5472.31 20722 21469.9 -1 0
1369.17 -3071.76 10995.1 11498.4 1 0
event 2
-8838.63 19830 26388.1 34311.4
-7187.69 13053.2 19061.2 24194.8 -1 1
-1650.94 6776.86 7326.93 10116.6 1 1
-2246.11 5977.57 4293.04 7695.3 -1 0
-2667.02 4758.07 2754.85 6111.68 1 0
