event 0
30655.4 7262.53 -23449.4 39395
16894.1 5560.29 -13459.8 22304.8 1 1
13761.3 1702.23 -9989.55 17090.2 -1 1
-12265.7 -1399.3 21179 24514.6 -1 0
-2691.8 -506.165 4455.45 5231.08 1 0
event 1
11844.2 3703.71 -10244.9 16387.6
6416.68 775.14 -6523.4 9183.71 -1 1
5427.56 2928.57 -3721.52 7203.87 1 1
-19548.2 -4252.1 40080.5 44795.9 -1 0
-11698.4 -548.23 23448.9 26211 1 0
event 2
19373.5 4412.88 -15649.6 25481.5
12815.5 3189.53 -12158.5 17951.4 -1 1
6557.97 1223.35 -3491.12 7530.12 1 1
-15354.9 -1153.5 32932.4 36354.6 -1 0
-3649.84 -1175.2 5823.91 6973.63 1 0
