event 0
15411.9 4952.92 -65625.9 67663.9
-3971.94 -511.071 1598.32 4313.16 -1 0
2008.9 100.859 -5128.59 5509.94 1 1
13403 4852.06 -60497.3 62154 -1 1
-4817.14 -1281.17 4774.06 6902.83 1 0
event 1
-1658.03 15507.7 6344.07 17119.5
-1110.59 -3886.29 5854.04 7114.61 -1 0
-1754.58 4584.08 2701.03 5603.49 -1 1
2713.76 1517.36 10078 10547.3 1 0
96.5488 10923.7 3643.04 11516 1 1
event 2
-3231.03 29604.3 15511.1 33720
-1046.23 21992.7 11624.7 24898.1 1 1
-2184.8 7611.64 3886.41 8821.89 -1 1
2870.69 2418.19 11751.6 12336.9 1 0
-856.02 -2704.86 3546.59 4542.96 -1 0
