event 0
-2683.16 5622.89 -126.8 6958.7
2807.82 -2817.18 -139.403 3981.33 1 0
505.178 2229.19 148.006 2292.94 1 1
6301.72 -6242.52 -2103.41 9116.81 -1 0
-3188.33 3393.7 -274.806 4665.76 -1 1
event 1
1995.72 9823.63 -8375.6 13424.9
1063.64 5276.19 -4785.91 7203.17 1 0
-239.634 4950.42 -5238.17 7212.05 -1 1
838.967 1891.3 -597.035 2156.04 -1 0
2235.35 4873.21 -3137.44 6212.86 1 1
event 2
3582.18 17925.2 -15976.8 24555.9
144.407 9544.54 -9024.12 13136.4 1 1
3437.77 8380.69 -6952.7 11419.5 -1 1
-429.21 4392.86 -3154.49 5426.18 -1 0
1425.68 2588.71 -3678.02 4719.42 1 0
