event 0
443.522 -8306.81 -17252 19401.6
-2101.25 3269.67 3890.92 5500.59 -1 0
-1204.52 -2877.63 -4920.27 5826.82 -1 1
-1004.02 5955.3 5479.18 8155.13 1 0
1648.04 -5429.18 -12331.7 13574.8 1 1
event 1
-2244.26 10256.6 7727.02 13398.9
1317.11 -2878.24 -6611.26 7330.69 -1 0
69.7644 2534.59 531.381 2592.78 1 1
-1028.24 -8530.4 -13684.3 16158.5 1 0
-2314.02 7722.01 7195.64 10806.1 -1 1
event 2
5796.76 -12988.3 -24769.7 28730.2
1775.58 -7541.28 -14233.3 16205.6 1 1
4021.17 -5447.01 -10536.3 12524.6 -1 1
-3452.47 -5226.99 -8099.96 10240.2 -1 0
-2310.01 -4448.11 -6427.68 8151.57 1 0
