event 0
13611.7 -5175.5 -67264.2 68892.1
-4003.96 -956.879 -5536.2 6899.85 1 0
4142.53 -156.515 -17069.6 17566.1 1 1
-2173.34 -898.705 -3715.19 4398.28 -1 0
9469.18 -5018.99 -50194.6 51326 -1 1
event 1
11399.8 -5007.01 -51548.7 53121.4
-4613.61 -1147.11 -6907.76 8386.27 -1 0
2108.24 -1965.86 -15730.1 15992.4 1 1
9291.55 -3041.15 -35818.6 37129 -1 1
-7736.24 -1644.92 -9570.98 12416.5 1 0
event 2
3786.71 -7867.86 18341.6 20548.6
-2563.08 2602.97 -3215.89 4868.06 -1 0
380.225 -3053.16 8883.43 9401.75 -1 1
3406.48 -4814.7 9458.13 11146.9 1 1
-1476.03 4659.15 -3922.91 6267.91 1 0
