event 0
-17253.4 -4729.06 5539.81 18982.2
-6886.02 -1311.3 7722.99 10430.4 -1 0
-3271.25 72.8287 261.841 3284.22 1 1
-13982.1 -4801.89 5277.97 15698 -1 1
-2212.8 100.761 2203.44 3126.17 1 0
event 1
-13389.2 -3373.86 4335.94 14800.2
-9176.71 -797.941 2797.43 9627.33 -1 1
-4212.52 -2575.92 1538.51 5172.9 1 1
-14283.6 -2479.01 20256.3 24909.7 -1 0
-2300.51 -667.466 2069.97 3167.61 1 0
event 2
-13603.5 -4168 4445.52 15224.3
-3369.2 -876.537 3552.13 4974.8 -1 0
-2552.54 -1259.6 2149.02 3568.12 -1 1
-11051 -2908.4 2296.5 11656.2 1 1
-5150.23 -708.548 7043.29 8754.77 1 0
