event 0
13233.4 13533.9 -32854 38042.9
-2487.05 -7569.83 -15091.8 17066.4 1 0
6164 6504.64 -12527.8 15403.3 1 1
-2013.59 -3562.33 -7770.9 8783.1 -1 0
7069.36 7029.24 -20326.2 22639.6 -1 1
event 1
6859.99 6095.88 -8910.69 13161
-1338.38 -4082.24 -7343.89 8508.81 -1 0
3155.69 2700.17 -1987.26 4605.39 -1 1
3704.3 3395.71 -6923.43 8555.56 1 1
-1755.94 -1614.22 -2742.36 3636.03 1 0
event 2
5610.69 -10313.4 11464.6 16699.6
4764.53 -6633.87 9168.71 12279.5 1 1
846.162 -3679.53 2295.92 4420.11 -1 1
-2412.5 -95.3987 -1874.77 3058.62 -1 0
-5840.48 2681.38 -2808.66 7014.32 1 0
