event 0
6361.77 4929.09 17231.7 19268.9
4366.89 2563.09 7716.83 9230.37 1 0
2980.31 747.1 4525.37 5470.88 -1 1
6343 6453.7 20260.7 22189.9 -1 0
3381.46 4181.99 12706.3 13798 1 1
event 1
14291.3 9002.79 31986.5 36304.5
10259.4 4874.08 22376.5 25094.4 -1 1
4031.9 4128.71 9609.97 11210 1 1
9470.95 9750.06 27919.1 31052.4 -1 0
3744.79 1394.38 6707.52 7808.31 1 0
event 2
-5910.96 1883.68 -13432.3 15116.4
-4345.29 -19.686 -9855.34 10771.3 1 1
-1565.68 1903.37 -3576.91 4345.07 -1 1
-4315.54 -2497.6 -6008.7 7808.81 1 0
-3868.54 -3012.73 -7083.66 8615.77 -1 0
