event 0
-18574 -7479.31 -26596.3 33434.8
2191.36 9074.62 592.541 9354.84 1 0
-6918.87 -3668.69 -12501.9 14752.6 -1 1
-11655.1 -3810.62 -14094.4 18682.2 1 1
2444.77 10143.8 2621.6 10759.1 -1 0
event 1
28990.6 -49869.4 -23938 62530.2
-10791.8 -12283.6 -985.975 16380.9 -1 0
5194.71 -11023.4 -5811.46 13501.3 1 1
23795.8 -38846 -18126.5 49028.9 -1 1
-2607.63 -5440.89 532.544 6057.87 1 0
event 2
-11184.7 -13201.5 -913.674 17601.2
-8191.74 -8041.36 -1620.22 11593.3 1 1
-2992.97 -5160.16 706.547 6007.95 -1 1
2719.03 -4239.67 -2838.94 5782.62 -1 0
3179 -5597.17 -2561.58 6928.72 1 0
