event 0
-14943.3 -16480.8 37318.8 43556.9
-9224.38 -11896 23361.8 27791.9 -1 1
-5718.93 -4584.8 13957 15765 1 1
4357.32 4725.2 9291.55 11298.6 -1 0
3894.56 3714.81 8487.82 10051 1 0
event 1
-18978.2 -19823.9 44162.8 52087.4
-11689 -10092.9 23844.1 28408.6 -1 1
-7289.2 -9731.02 20318.7 23678.8 1 1
5584.57 4636.7 10957.3 13143.8 -1 0
3750.42 3716.46 9126.07 10543.9 1 0
event 2
-20897.8 -24013 56234.2 64693.2
8385.56 5282.19 14198.6 17315.6 -1 0
-6336.42 -6988.54 13939.8 16832.1 1 1
-14561.3 -17024.5 42294.3 47861.1 -1 1
9851.87 10347 22520 26669.9 1 0
