event 0
-8813.38 12833.7 -18239.5 24179.5
5243.7 -2427.05 -1916.57 6088.63 -1 0
-1799.85 2879.09 -6115.38 6995.55 1 1
-7013.53 9954.57 -12124.1 17184 -1 1
1917.12 -1110.71 14.5314 2218.19 1 0
event 1
-3658.38 12194.9 -34700.7 37092.2
5604.21 3505.88 -19493.7 20584.4 -1 0
-750.897 5623.54 -18909.4 19742.5 -1 1
-2907.48 6571.34 -15791.3 17349.7 1 1
4525.28 2110.2 -15038.4 15846 1 0
event 2
-1746.31 13441.7 -38064 40524
6189.7 3048.81 -25076.3 26008.4 -1 0
691.185 3374.06 -11732.6 12228.1 1 1
-2437.49 10067.7 -26331.4 28295.8 -1 1
2686.37 1124.34 -9166.17 9618.24 1 0
event 3
-10094 -3583.62 16590.5 19989.1
971.449 -4900.24 6126.41 7905.7 -1 0
-4022.92 -1622.87 9537.44 10478.1 1 1
-6071.09 -1960.75 7053.01 9510.99 -1 1
241.922 -3408.09 4535.84 5679.67 1 0
event 4
-7979.48 -2296.79 11785.1 14745.3
-4468.85 -1520.11 9116.06 10266.2 -1 1
-3510.64 -776.679 2669.02 4479.13 1 1
818.756 -13524.5 21366.8 25300.9 -1 0
629.813 -2504.07 3568.66 4406.08 1 0
