event 0
-44168.1 -60999.6 88422 116206
-30863.3 -42715.9 64429.5 83236.8 1 1
-13304.8 -18283.7 23992.5 32969.1 -1 1
-10131.2 -11085.2 15938 21898.7 -1 0
-2086.19 -2217.38 2892.57 4200.84 1 0
event 1
-44340.5 -58811.8 84527.8 112158
-27958.1 -39256 54248.2 72564.3 -1 1
-16382.3 -19555.8 30279.6 39593.9 1 1
-2882.59 -2681.52 4925.03 6306.11 -1 0
-1026.85 -1841.25 2569.13 3325.09 1 0
event 2
-67693.7 -92530.9 134737 176941
-4012.68 -4966.12 6150.65 8865.98 1 0
-26375.9 -38460.8 55610.7 72577.4 1 1
-2659.7 -809.342 3306.23 4321.04 -1 0
-41317.8 -54070.1 79126.7 104364 -1 1
