event 0
-9029.99 1197.86 23550.5 25439.9
4249.03 -601.51 4712.03 6374.21 -1 0
-3757.92 1640.25 7622.86 8656.3 1 1
-5272.07 -442.389 15927.6 16783.6 -1 1
1993.24 1272.19 1383.79 2741.81 1 0
event 1
2659.59 7659.17 -7494.85 11467.3
-17.0704 4607.3 -3711.29 5917.13 1 1
2676.66 3051.87 -3783.56 5550.21 -1 1
1096.1 -7039.92 -1645.22 7312.99 -1 0
2982.81 -3695.94 -544.275 4781.69 1 0
event 2
-14360.8 4129.6 25934.3 30091
-7094.72 3464.72 12068.2 14421.9 1 1
-7266.07 664.879 13866.2 15669.1 -1 1
11476.5 -3156.25 15826.6 19803.1 -1 0
4872.33 -2079.93 9354.6 10751.1 1 0
event 3
-17991.3 5621.77 31980.9 37251.3
5854.58 -1911.96 7954.39 10060.6 1 0
-7548.57 3779.19 15587.9 17727.3 -1 1
4726.42 -2351.94 7871.72 9478.7 -1 0
-10442.7 1842.59 16393 19524 1 1
