event 0
-3873.87 -6271.03 -9315.35 12276
1738.91 2874.1 -5743.8 6654.82 1 0
-1018.5 -2529.61 -5769.2 6382.09 1 1
8935.74 8026.68 -16203.2 20170 -1 0
-2855.37 -3741.41 -3546.16 5893.87 -1 1
event 1
-4339.18 -10985.5 -16193.8 20281.5
3335.85 3686.52 -7866.94 9306.89 1 0
-1239.59 -3625.5 -7824.24 8712.67 -1 1
-3099.6 -7360.04 -8369.55 11568.8 1 1
5488.95 5266.31 -10662.3 13098 -1 0
event 2
-574.621 -13407.9 14413.7 19936.1
-2502.47 -3110.59 2244.22 4581.03 -1 0
-688.927 -2873.65 4993.59 5803.42 -1 1
114.306 -10534.2 9420.07 14132.7 1 1
-2508.99 -3707.15 4451.76 6314.06 1 0
