event 0
-6322.59 -12061.8 10968.4 17758.4
-4961.3 -6194.89 5998.79 9949.26 -1 1
-1361.29 -5866.95 4969.63 7809.13 1 1
-2708.49 4122.32 -3142.95 5849.68 -1 0
-833.492 2164.77 -1955.01 3035.48 1 0
event 1
13824 -22219 -1200.66 26378.4
2723.56 7354.19 3393.64 8545.75 -1 0
3979.77 -4022.76 -410.855 5674.6 1 1
9844.24 -18196.2 -789.807 20703.8 -1 1
222.036 8309.93 2244.75 8611.29 1 0
event 2
10878.3 -18754.6 -2409.84 22033.4
879.316 11035.7 2887.71 11441.6 -1 0
3685.09 -8504.72 -2114.03 9507.39 1 1
7193.22 -10249.9 -295.815 12526 -1 1
1147.9 4977.76 2085.55 5518.74 1 0
