event 0
-2422.49 -11739.1 -30830.6 33223.4
-594.545 3100.12 -7560.73 8193.91 1 0
-320.541 -4964.99 -9204.89 10464 -1 1
-2336.08 2028.1 -8654.92 9191.8 -1 0
-2101.95 -6774.15 -21625.7 22759.4 1 1
event 1
10958.4 -6311.72 23994.7 27299.5
3605.83 1021.62 6607.66 7597.24 1 0
3792.38 -2726.98 6027.61 7626.39 -1 1
2190.55 553.788 4324.96 4880.75 -1 0
7166.05 -3584.74 17967.1 19673.1 1 1
event 2
6407.56 3212.5 11318.7 13895.3
4985.94 934.659 9063.96 10387.5 1 1
1421.62 2277.84 2254.78 3507.81 -1 1
7542.77 -4449.83 17376.3 19458.7 1 0
6932.6 -4102.86 10370.9 13132.5 -1 0
event 3
1893.3 -5259.16 3295.02 7189.84
-3168.07 -2612.76 3054.14 5118.8 1 0
1918.16 -1095.24 1368.54 2600.57 -1 1
-4858.93 -1708.45 5837.61 7785.68 -1 0
-24.8651 -4163.92 1926.48 4589.27 1 1
