event 0
-9720.69 2389.48 837.579 10511.6
-6240.11 -2.0064 243.753 6245.76 -1 1
-3480.58 2391.49 593.826 4265.85 1 1
8676.19 -5477.33 -1194.52 10330.3 -1 0
2149.08 -1869.91 212.851 2858.6 1 0
event 1
14485.3 -2549.11 -59732.5 61594.6
-3249.68 -30.4807 -2847.22 4321.94 1 0
2513.44 -1624.91 -13483.6 13812.2 1 1
11971.9 -924.203 -46249 47782.4 -1 1
-5147.71 -1640.34 -8428.29 10011.8 -1 0
event 2
27685.1 9244.07 26767.2 39723.9
6115.74 -757.045 3870.27 7277.74 -1 0
12736.2 2917.08 13116.7 18514.3 1 1
5549.43 1844.49 -83.0587 5849.48 1 0
14948.9 6326.99 13650.5 21209.6 -1 1
