event 0
-12830.4 -33722.1 6694.41 36826.7
-2278.34 -6460.16 941.595 6915.36 1 0
-3202.43 -7467.17 252.614 8129.52 1 1
-2399.77 -3708.32 1935.59 4823.71 -1 0
-9628.01 -26255 6441.8 28697.2 -1 1
event 1
-12110.5 -35726.8 6160.12 38348.5
-7161.91 -16146.6 3270.96 17964.3 -1 0
-5502.88 -15958 1204.59 16923.4 -1 1
-6607.6 -19768.8 4955.53 21425.1 1 1
-1177.1 -1991.04 889.636 2480.41 1 0
event 2
-14262.3 -43564.4 8229.62 46675.4
-2643.82 -8677.45 2055.15 9301.76 1 0
-4980.08 -11731.1 3161.23 13131.1 -1 1
-2432.53 -5177.28 2466.52 6230.28 -1 0
-9282.23 -31833.3 5068.39 33544.3 1 1
event 3
-13392.5 -40676.1 6611.96 43442.1
-8250.19 -21403.2 4581.92 23391.6 -1 1
-5142.33 -19272.9 2030.04 20050.5 1 1
-2015.13 -5740.94 2139.62 6450.45 -1 0
-1715.57 -5374.73 1513.29 5842.27 1 0
