event 0
-10392.8 -17390.2 106217 108176
-6552.47 -8201.4 57738.7 58685.4 1 1
-3840.3 -9188.76 48478.2 49490.7 -1 1
3518.36 8136.64 23168.7 24806.9 -1 0
2083.36 4839.47 19002.9 19720.1 1 0
event 1
5492.79 8820.97 -1035.4 10892.3
7468.32 2938.91 100.313 8027.09 1 0
-6.5697 2332.57 -308.302 2355.24 1 1
11500.3 3410.2 3508.5 12498.3 -1 0
5499.36 6488.4 -727.096 8537.11 -1 1
event 2
31394.9 8892.6 -6565.84 33427.9
22040.5 4813.13 -4124.24 22934.1 1 1
9354.41 4079.47 -2441.6 10493.8 -1 1
2102.53 -4139.79 725.303 4700.61 -1 0
2694.71 -856.544 -306.45 2846.09 1 0
event 3
-3550.3 17103.9 36532.3 40612.1
-3066.08 13908.9 26694.2 30256.4 -1 1
-484.215 3195.01 9838.11 10355.8 1 1
243.913 -18251.3 74364.8 76572.2 -1 0
-72.7864 -2980.64 11735.7 12109 1 0
event 4
10682.4 11104.5 -53585.2 55842.5
-108.451 -3517.71 -1042.23 3671.98 1 0
2119.44 1608.87 -5908.33 6480.74 -1 1
8562.93 9495.63 -47676.8 49361.7 1 1
-695.637 -5668.23 -6382.28 8564.9 -1 0
event 5
-314.5 -8303.38 -9960.68 13336.1
4098.65 1492.04 -20691.2 21146.2 -1 0
1304.31 -2329.25 -2787.58 3861.14 1 1
-1618.81 -5974.12 -7173.1 9474.98 -1 1
3225.95 3897.66 -15959.3 16742.4 1 0
event 6
-3051.78 13237.1 576.694 13945
-362.29 6959.16 -670.146 7001.53 1 1
-2689.49 6277.97 1246.84 6943.49 -1 1
1742.59 -6010.42 -1363.41 6405.61 -1 0
1532.59 -2475.72 -2657.74 3943.7 1 0
event 7
21689.2 -7056.92 28904.6 36949.8
-2573.14 2583.95 -5789.36 6842.93 1 0
4859.37 -875.365 8083.84 9473.09 1 1
-2253.19 -179.105 -2331.88 3249.27 -1 0
16829.8 -6181.56 20820.8 27476.7 -1 1
event 8
-5359.84 -16922.4 73979 76141.8
-3648.68 -9579.67 48444.5 49517.3 1 1
-1711.16 -7342.69 25534.5 26624.5 -1 1
564.659 6341.16 16837.2 18000.9 -1 0
1207.21 1623.58 2525.58 3237.76 1 0
event 9
6423.11 -5035.88 -31491.1 32678.6
2594.88 -3959.41 -18105.2 18714.2 -1 1
3828.23 -1076.46 -13385.8 13964.4 1 1
-3011.02 4376.37 -19113.4 19838.1 -1 0
-1576.24 3196.65 -21221.8 21519.3 1 0
event 10
13501.4 2529.54 17269.2 22282.4
-3981.19 -602.76 1341.61 4245.5 1 0
6615.7 -311.811 8492.27 10770.1 1 1
-2047.54 -770.637 3747.17 4340.36 -1 0
6885.74 2841.35 8776.97 11512.3 -1 1
event 11
13659.4 563.203 -6798.75 15579.2
-4568.55 266.434 5306.32 7007.91 -1 0
4416.92 1041.86 -971.792 4642.21 -1 1
9242.46 -478.658 -5826.96 10936.9 1 1
-6963.85 823.678 5315.24 8799.81 1 0
event 12
-10594 3640.71 -27880.9 30206.3
7045.05 73.1714 -8005.11 10664.5 -1 0
-3260.75 1237.02 -12776.5 13244.4 -1 1
-7333.24 2403.69 -15104.4 16961.9 1 1
2912.89 455.941 -4344.68 5251.68 1 0
event 13
5620.05 -6656.55 4129.95 10126.3
2216.12 -4872.62 1895.26 5679.51 -1 1
3403.93 -1783.93 2234.69 4446.82 1 1
4435.12 3763.71 8375.83 10198.1 -1 0
2247.01 2026.92 6047.2 6762.93 1 0
event 14
-5868.96 -3038.34 4001.24 8323.25
3281.59 -757.083 6246.7 7097.49 -1 0
-859.877 -2001.8 1137.42 2459.98 -1 1
-5009.08 -1036.54 2863.83 5863.27 1 1
4487.33 856.493 9601.54 10633.5 1 0
event 15
-1169.61 6194.96 -1430.51 7168.17
-1971.72 -3546.45 -16427.9 16921.9 1 0
929.194 2461.53 54.8015 2633.76 -1 1
276.822 -4460.75 -11221.7 12079.4 -1 0
-2098.81 3733.43 -1485.31 4534.4 1 1
event 16
6951.65 -5146.44 46275.9 47179
-2157.46 -3680.95 6962.61 8166.59 1 0
3606.69 -793.461 19080.3 19434.7 -1 1
-1322.48 -6474.99 8252.4 10573 -1 0
3344.96 -4352.98 27195.5 27744.3 1 1
event 17
-6317.19 -6764.18 5632.06 11268.1
2440.24 3691.43 18023.9 18559.4 1 0
-2516.82 -1021.01 730.757 2814.61 1 1
-3800.38 -5743.18 4901.3 8453.45 -1 1
4945.52 -1408.64 -214.201 5147.76 -1 0
event 18
6251.31 2743.81 -11408.3 13650.9
-2946.96 -1202.75 -2709.24 4181.18 1 0
1513.56 1771.46 -5758.79 6213.19 1 1
-5413.06 -441.221 -5868.72 7996.8 -1 0
4737.74 972.349 -5649.53 7437.75 -1 1
event 19
12042.2 -18682.3 8893.48 24139.8
7009.5 -12800.8 4684.59 15328.1 1 1
5032.66 -5881.54 4208.89 8811.7 -1 1
-3693.82 5401.92 -2604.15 7043.99 -1 0
-4905.02 8240.89 -53.4327 9590.91 1 0
event 20
-7709.39 8310.63 -1883.9 11901.3
2678.73 -4672.11 3673.86 6520.17 -1 0
-3320.63 1497.16 -683.217 3707.56 -1 1
-4388.76 6813.47 -1200.68 8193.74 1 1
1900.49 -3062.89 1120.45 3776.21 1 0
event 21
-12357 -13143.5 -13037.6 22472.6
6567.87 5846.99 9146.92 12688.6 -1 0
-4473.36 -6794.16 -6601.25 10476.6 -1 1
-7883.62 -6349.39 -6436.38 11996 1 1
7381.79 4985.57 8295.53 12172.7 1 0
event 22
-17799.9 -17880.4 -16852.4 30498.2
6852.1 3223.5 7346.24 10550.9 1 0
-2360.64 -3984.26 -2678.41 5350.89 -1 1
-15439.3 -13896.2 -14174 25147.3 1 1
9566.03 7948.81 11912.7 17222.5 -1 0
event 23
11798.1 -29429.6 -10977.5 33695.6
6567.3 -18015.2 -8087.69 20811 -1 1
5230.79 -11414.4 -2889.81 12884.6 1 1
2325.7 11996.1 -15387.7 19649.7 -1 0
743.446 3450.54 -6445.98 7349.88 1 0
event 24
20850.4 1243.46 -70124.5 73234.7
11105 1302.71 -42288.3 43741.6 1 1
9745.39 -59.2547 -27836.3 29493.1 -1 1
-8365.52 3378.14 9823.14 13337.9 -1 0
-4212.72 919.063 5097.38 6677.29 1 0
event 25
14502.7 -14097.6 64127.3 67312.5
-11524.4 18616.8 34225.1 40629.6 -1 0
4161.38 -4408.02 14912.6 16097.9 1 1
3504.86 2579.17 -3405.12 5526.49 -1 0
10341.3 -9689.57 49214.8 51214.6 -1 1
event 26
1528.18 6968.18 25235.2 26406.4
2148.9 -2581.95 1069.27 3526.86 1 0
53.4431 2159.56 12977.2 13156.2 1 1
4435.77 -5534.08 1474.03 7244.73 -1 0
1474.74 4808.63 12258 13250.1 -1 1
event 27
2819.37 -7589.41 -16983.4 19067.6
2494.43 -1980.84 -1232.57 3417.06 1 0
1788.98 -1448.91 -3206.6 3948.82 -1 1
6275.84 -4554.33 -4711.59 9074.05 -1 0
1030.39 -6140.5 -13776.8 15118.8 1 1
event 28
6501.69 -3048.15 3501.83 8568.08
2230.9 2553.3 4113.79 5332.04 1 0
1121.12 -2060.01 1006.07 2554.19 -1 1
3561.13 7662.74 4653.92 9647.25 -1 0
5380.57 -988.144 2495.76 6013.9 1 1
event 29
11560.9 -5410.12 2218.39 13320.5
-2052.14 5255.56 23956.1 24611.7 -1 0
3888.08 -1673.26 -717.638 4294.54 1 1
7672.82 -3736.86 2936.03 9025.95 -1 1
-2226.93 1749.72 10005.5 10399.1 1 0
event 30
7714.33 8914.87 21192.1 24447.5
-6740.89 1649.39 26428.6 27324.8 -1 0
2636.84 3331.78 4863.21 6458.77 -1 1
-8435.6 5186.74 46272.3 47320.2 1 0
5077.49 5583.09 16328.8 17988.7 1 1
event 31
-8400.28 -2109.18 27505.8 29003
-5936 -311.398 20844.4 21675.6 1 1
-2464.28 -1797.78 6661.42 7327.37 -1 1
2998.96 448.323 -1808.88 3532.42 -1 0
3794.35 2073.38 -3850.9 5791.08 1 0
event 32
-10070.7 -17102.8 -15749.9 25526
5391.43 3888.57 -22300.2 23270.1 -1 0
-1340.71 -1898.25 -727.276 2437.4 -1 1
-8730.01 -15204.6 -15022.6 23088.6 1 1
8376.71 8788.27 -36775.3 38727.7 1 0
event 33
-9375.83 -17102.6 -13081.5 23688
-7581.62 -11113.1 -9635.83 16548.2 -1 1
-1794.21 -5989.49 -3445.64 7139.81 1 1
3406.91 2633.53 -13647.1 14310.7 -1 0
6654.43 6226.47 -28754.6 30164.3 1 0
event 34
8308.96 10500.4 -4576.37 14485.6
4152.97 7638.36 -2996.3 9196.78 -1 1
4155.99 2862.08 -1580.07 5288.81 1 1
4091.76 2134.63 -1229.92 4777.35 -1 0
1936.16 682.1 -2593.76 3309.49 1 0
event 35
-19497.9 -3091 -11497.7 23054.5
-13811.9 -3070.65 -9426.84 17002.2 -1 1
-5686.01 -20.3455 -2070.89 6052.35 1 1
3774.44 -3939.8 -5509.16 7754.38 -1 0
1280.58 -1663.32 -2077.35 2955.18 1 0
event 36
-3713.15 15085.2 -3074.13 16260
-4010.32 2138.85 -1543.08 4801 1 0
-2604.37 6560.46 195.667 7062 1 1
-4215.22 802.361 -417.673 4312.48 -1 0
-1108.78 8524.77 -3269.79 9198.03 -1 1
event 37
-9391.93 -4568.43 -2372.07 11148.8
1610.88 3974.64 -2989.14 5228.65 1 0
-1824.08 -2077.68 -1461.38 3129.03 1 1
-7567.85 -2490.75 -910.684 8019.77 -1 1
3481.94 6480.02 -4303.62 8523.31 -1 0
event 38
-10622.4 -8663.01 -14959.8 20524.9
-5989.19 -5549.6 -10910.7 13628 1 1
-4633.24 -3113.41 -4049.08 6896.84 -1 1
2827.86 2987.82 -19616.5 20043.5 -1 0
2832.57 1437.14 -17449.8 17736.8 1 0
event 39
28816.9 -3261.61 -55617.1 62800.4
-3554.66 974.121 -1392.02 3941.24 1 0
2288.49 547.008 -4065.8 4698.76 1 1
26528.4 -3808.62 -51551.2 58101.7 -1 1
-23371.3 7472.58 -5411.99 25126.8 -1 0
event 40
3180.68 31202.3 -70967.5 77650.9
-863.424 -5469 -1128.55 5651.57 1 0
645.833 3033.93 -9375.34 9875.72 -1 1
2534.85 28168.3 -61592.1 67775.2 1 1
-2003.23 -20630 -7595.9 22075.3 -1 0
event 41
-30146.5 -13108.7 8164.29 34013.2
-16093.6 -8058.2 3232.25 18286.5 -1 1
-14052.9 -5050.51 4932.04 15726.7 1 1
-2614.91 -1208.77 -264.102 2894.79 -1 0
-11476.5 -11901.7 4867.9 17235.7 1 0
event 42
-5719.29 -6822.43 -9669.43 13503.5
4293.84 -1924.53 -4234.67 6331.23 1 0
-3384.97 -2366.41 -2809.79 4996.4 1 1
4912.11 -3203.75 -6416.72 8693.57 -1 0
-2334.32 -4456.02 -6859.64 8507.11 -1 1
event 43
-10600.8 -164.831 -7379.88 13283.8
3172.05 -2877.87 -2916.44 5182.74 -1 0
-3916.03 -1443.2 -2124.62 4684.37 1 1
-6684.79 1278.36 -5255.26 8599.39 -1 1
3766.14 -1162.18 375.721 3960.66 1 0
event 44
5281.87 -6675.62 7289.2 11626.9
-1383.09 3565.91 -11516.6 12135.5 -1 0
449.883 -2869.01 2314.77 3715.23 1 1
4831.99 -3806.62 4974.43 7911.67 -1 1
164.639 4046.84 -15261.9 15790.5 1 0
event 45
505.107 -13532.1 4747.84 14680.2
-787.196 -9261.21 4140.28 10175.6 1 1
1292.3 -4270.94 607.56 4504.58 -1 1
-3815.68 -765.813 14620.4 15129.8 -1 0
-1840.27 1969.76 12068.2 12366.1 1 0
event 46
-997.613 8008.24 7633.41 11532
3459.28 2153.95 -5994.17 7248.95 1 0
-1271.08 1857.54 952.916 2446.49 -1 1
273.466 6150.7 6680.49 9085.49 1 1
4504.39 -703.327 -5433.74 7093.72 -1 0
event 47
-4994.54 -2314.95 4356.84 7673.13
-2131.69 -2679.48 2476.12 4226.83 1 1
-2862.84 364.532 1880.72 3446.3 -1 1
3774.59 -1827.01 917.499 4294 -1 0
2680.23 -3025.17 1926.37 4478.54 1 0
event 48
-3404.21 -8555.39 7477.1 12258.9
-3421.03 -4671.63 5001.28 7651.9 1 1
16.8152 -3883.76 2475.82 4607.04 -1 1
294.206 -7015.86 4008.95 8086.51 -1 0
-1341.13 -2307.48 667.015 2753.02 1 0
event 49
12204 -6579.6 -8252.15 16550.4
5915.84 -4906.62 -5658.86 9544.94 -1 1
6288.15 -1672.98 -2593.29 7005.43 1 1
2890.18 -3310.77 -6123.27 7537.9 -1 0
3120.82 -609.233 -4557.19 5557.86 1 0
event 50
-5815.91 6530.7 -6438.44 11292.4
2517.13 -2613.62 631.768 3684.73 -1 0
-912.241 3104.42 -2867.4 4324.67 1 1
-4903.67 3426.27 -3571.04 6967.69 -1 1
5082.94 -2430.19 5697.94 8013.73 1 0
event 51
-11982.6 13628.4 2913.59 18638.6
6485.82 -3719.99 28330.6 29300.8 1 0
-5491.83 6291.4 -214.829 8354.59 1 1
5441.09 -1933.37 16756.6 17723.9 -1 0
-6490.81 7336.98 3128.42 10284 -1 1
event 52
3603.55 10261.2 -946.33 11347.4
-1234.04 -3399.85 5743.37 6788.17 -1 0
294.603 2347.49 -1410.7 2756.58 -1 1
3308.94 7913.68 464.368 8590.82 1 1
-89.6013 -4713.88 7854.46 9161.47 1 0
event 53
2799.59 8196.94 -74.6624 9199.11
-964.2 -5121.89 7511.26 9142.96 1 0
2289.76 2508.25 587.894 3448.35 1 1
-1505.36 -12202.4 20066.5 23533.9 -1 0
509.828 5688.69 -662.557 5750.76 -1 1
event 54
-2469.38 -5589.88 20838.1 21935.4
3848.57 395.762 5612.22 6817.35 1 0
-1962.2 -1157.14 8986.47 9271.3 1 1
3535.93 3050.59 3897.98 6083.94 -1 0
-507.179 -4432.74 11851.6 12664.1 -1 1
event 55
2227.99 10520.4 -6490.39 12936.7
-1073.05 -2959.26 721.505 3231.16 1 0
-406.27 5223.57 -2548.91 5827.42 1 1
887.845 -2280.12 -17.7328 2449.22 -1 0
2634.26 5296.79 -3941.48 7109.28 -1 1
event 56
4464.7 -18612.8 -15780.9 24999.9
4501.96 -14493.8 -13367.2 20224.5 1 1
-37.2658 -4119.04 -2413.68 4775.45 -1 1
7585.71 14818.1 6699.28 17944.7 -1 0
612.297 2928.53 948.935 3140.52 1 0
event 57
-9077.73 -4804 565.369 10742.2
1102.63 -4036 -645.162 4234.67 1 0
-3958.25 -1868.58 -1273.92 4559.97 1 1
1122.85 -2381.3 -145.186 2638.87 -1 0
-5119.49 -2935.43 1839.29 6182.23 -1 1
event 58
-17328 5661.3 74642.3 76898.5
7314.56 -2285.31 13873.6 15849.7 -1 0
-4990.85 1712.45 27876.5 28371.6 -1 1
-12337.2 3948.84 46765.9 48526.9 1 1
7364.75 -2989.28 20738.7 22209.9 1 0
event 59
-6549.95 943.529 -8814.22 11448.7
-3407.91 1934.23 -12688.8 13280.5 1 0
-2751.6 -896.659 -4898.24 5690.27 1 1
-4451.05 -71.4017 -8256.73 9380.93 -1 0
-3798.35 1840.19 -3915.98 5758.46 -1 1
event 60
-13420.6 2613.94 -3362.2 14416.7
-7353.5 1162.64 -3381.43 8177.46 1 1
-6067.14 1451.3 19.234 6239.23 -1 1
7800.22 -4494.82 -10580.1 13892.3 -1 0
1940.84 -1601.8 -3777.53 4540.21 1 0
event 61
-5664.81 -12449.8 9870.11 17149.3
-3026.19 -3295.02 1142.15 4618.51 1 0
-722.049 -4847.56 4189.87 6448.74 -1 1
-1768.2 -2345.73 1338.51 3229.82 -1 0
-4942.76 -7602.29 5680.25 10700.6 1 1
event 62
-7734.54 27320.4 63268 69416.6
-3273.49 2143.05 7970.77 8879.91 1 0
97.1302 3067.19 7231.71 7856.58 1 1
-7831.67 24253.3 56036.3 61560 -1 1
-12574.1 9709.01 40462.9 43469.9 -1 0
event 63
-9235.33 30524.2 70590.8 77522
-5962.53 18521 46539.8 50443.5 1 1
-3272.8 12003.2 24051 27078.6 -1 1
-2975.82 3057.8 10192.9 11050.4 -1 0
-3200.66 1740.7 8020.42 8809.8 1 0
event 64
-8209.21 -386.904 14997.7 17380
4024.54 -2106.73 -177.725 4547.3 -1 0
-1905.83 -919.656 1951.11 2880.27 -1 1
-6303.38 532.752 13046.6 14499.7 1 1
4882.42 321.488 -44.7566 4894.34 1 0
event 65
-24009.7 39409.5 -178603 184494
-14351.1 25297.6 -107681 111539 1 1
-9658.6 14111.9 -70922.3 72954.9 -1 1
31822.7 -19058.1 -133635 138687 -1 0
5145.4 -3477.82 -21582.7 22458.7 1 0
event 66
-1032.61 6886.02 -724.169 7654.99
-2037.1 3608.92 21.8375 4145.57 1 1
1004.49 3277.09 -746.006 3509.42 -1 1
2928.65 -7449.5 -30346.8 31384.9 -1 0
2841.99 -3917 -23671.7 24161.6 1 0
event 67
-6451.6 -8134.32 17129.8 20268.5
6698.47 778.038 37086.6 37694.8 1 0
-1293.26 -4043.17 6963.27 8155.86 1 1
1924.19 2029.81 12559.8 12867.9 -1 0
-5158.34 -4091.15 10166.6 12112.6 -1 1
event 68
9978.24 -8365.36 15058 20146.5
4328.71 -5611.49 8376.61 10972.9 1 1
5649.53 -2753.87 6681.42 9173.53 -1 1
4317.11 -2178.35 5719.74 7490.61 -1 0
3128.62 173.039 2938.14 4296.75 1 0
event 69
185.583 -9077.67 15000.3 17805.6
-2987.77 4285.04 2150.98 5650.33 -1 0
-1016.74 -2626.25 6349.06 6946.41 -1 1
-4305.94 5005.49 4958.49 8257.96 1 0
1202.32 -6451.42 8651.25 10859.2 1 1
event 70
4432.54 -12497.6 17146.2 21895.7
4166.69 -7965.53 10195.4 13593 -1 1
265.847 -4532.12 6950.81 8302.75 1 1
-1203.12 3728.69 21883.9 22232.1 -1 0
-1489.16 2142.02 10676.4 10991.1 1 0
event 71
-2166.21 -6164.73 -4899.15 8734.34
-2747.19 -3990.95 -4088.09 6340.22 1 1
580.98 -2173.78 -811.054 2394.12 -1 1
8418.91 -1077.23 -5436.22 10079.8 1 0
4872.09 -33.4685 -6221.33 7902.82 -1 0
event 72
12620.7 -1779.01 -20823.4 24610
-5842.95 -1151.21 -14747.9 15905.3 -1 0
4218.83 709.764 -8095.12 9156.66 -1 1
8401.84 -2488.77 -12728.3 15453.4 1 1
-2575.69 -423.572 -7803.12 8228.81 1 0
event 73
17033.7 -3724.53 -24443.4 30184.2
-4005.02 249.745 -11623.8 12297.4 1 0
2650.05 -1598.8 -3318.54 4539.04 1 1
14383.6 -2125.73 -21124.8 25645.2 -1 1
-7617.84 1049.43 -24800.6 25965.7 -1 0
event 74
5564.04 -5266.41 8149.24 11605.8
-3606.84 -1091.32 12193.5 12762.9 -1 0
1340.38 -1503.42 4338.29 4784.23 1 1
-4838.47 -4768.98 21137.4 22202.6 1 0
4223.66 -3762.99 3810.95 6821.57 -1 1
event 75
29136.5 7526.16 -21943 37372
21896.1 4296.25 -15784.9 27332.6 -1 1
7240.43 3229.92 -6158.06 10039.4 1 1
-5920.31 -3024.88 -6000.44 8956.36 -1 0
-7922.82 -1844.52 -8161.61 11523.7 1 0
event 76
23579.6 5663.27 -17817.5 30251
-17875 -5435.08 -17896.2 25871.7 1 0
9108.57 3679.98 -7703.51 12484.5 1 1
-2255.48 -628.544 -1237.8 2650.58 -1 0
14471 1983.3 -10114 17766.4 -1 1
event 77
17800.5 7891.33 45158 49274.4
10730.6 6813.33 33830.9 36140.1 -1 0
3797.09 1787.86 6866.76 8048.47 1 1
14003.4 6103.47 38291.2 41225.9 -1 1
2153.85 590.182 8223.03 8521.55 1 0
event 78
2649.22 17746.7 -55960.6 58848.5
85.7948 10049.5 -28900.4 30598.1 -1 1
2563.43 7697.28 -27060.2 28250.4 1 1
-3742.97 -901.609 -359.548 3868.22 -1 0
-7046.72 -6513.88 -298.931 9601.42 1 0
event 79
27287.8 -11152.7 56279.8 63608.3
16467.7 -8259.14 36045.7 40480.9 1 1
10820.1 -2893.6 20234.1 23127.4 -1 1
4420.23 4097.1 5255.59 7997.32 -1 0
4193.75 3265.66 7482.59 9178.91 1 0
event 80
2563.19 18396.3 18189.9 26181.2
2081.83 12609.7 14363.1 19226.2 -1 1
481.364 5786.59 3826.79 6954.98 1 1
-3548.82 -3495.43 2412.77 5535.77 -1 0
-2865.34 -3201.92 1926.62 4710.15 1 0
event 81
16494 23599.9 -113841 117466
8738.29 12039.1 -64956.3 66638.1 -1 1
7755.67 11560.8 -48884.6 50828.3 1 1
-5473.08 -2749.81 -4084.94 7363.02 -1 0
-2891.46 -984.601 -751.265 3147.31 1 0
event 82
-7487.02 -11793.5 -11061.2 18085.4
2970.86 8497.39 -1323.58 9099.16 -1 0
-3122.37 -2637.94 -2357.69 4719.94 1 1
-4364.65 -9155.57 -8703.5 13365.5 -1 1
556.161 2454.37 -979.928 2702.72 1 0
event 83
-5375.07 618.046 11139.6 12765.4
-2841.67 1580.69 7878.47 8523.8 -1 1
-2533.4 -962.646 3261.18 4241.61 1 1
4937.23 7806.1 29439.2 30854.3 1 0
5435.48 3896.46 19377.4 20499.3 -1 0
