event 0
8088.13 7230.94 1798.12 11424.8
-3594.89 -759.666 13070.7 13577.7 1 0
3453.56 4081.22 2251.27 5801.97 1 1
-1621.15 -2685.7 17458.6 17738.5 -1 0
4634.57 3149.72 -453.147 5622.85 -1 1
event 1
-7801.44 -14603.9 -913.584 16868.9
-4068.37 -10488.1 -87.9934 11250.4 -1 1
-3733.07 -4115.71 -825.59 5618.51 1 1
269.572 -3888.5 2214.79 4484.37 -1 0
67.8162 -2087.16 -455.964 2140.07 1 0
event 2
-8505.07 4105.85 11206.4 14978.9
3228.91 -2274.65 7222.48 8232.58 1 0
-2624.05 -56.5827 2078.96 3349.94 -1 1
-5881.02 4162.43 9127.4 11629 1 1
6189.32 -2929.3 14202.6 15767.5 -1 0
event 3
-14812.1 2293.24 -70218.7 71867.3
9060.25 -3485.81 -9855.63 13834.1 -1 0
-4305.31 -316.553 -25031.5 25401.2 -1 1
-10506.8 2609.79 -45187.2 46466.1 1 1
2794.78 -1823.21 -3381.06 4751.59 1 0
event 4
4786.51 6135.73 3697.01 9155.14
-196.34 -3950.43 -23380.6 23713 1 0
2261.37 2109.03 -61.7045 3094.64 -1 1
-584.833 -5820.01 -22693.5 23435.5 -1 0
2525.14 4026.69 3758.71 6060.5 1 1
event 5
14278.8 8429.84 -2711.47 17201.5
10319.9 4236.51 -1085.48 11208.9 1 1
3958.82 4193.33 -1625.99 5992.6 -1 1
903.557 -3683.74 -2389.82 4484.28 -1 0
-1494.73 -3451.92 -665.619 3821.54 1 0
event 6
14865.9 6891.26 -3281.79 17112.3
10653.9 4028.05 -3761.99 11995.6 1 1
4212 2863.21 480.2 5116.7 -1 1
-1869.64 -4558.97 -4067.1 6390.02 -1 0
-428.024 -2675.99 164.076 2717.03 1 0
event 7
-2229.16 19861.5 7435.24 21548.2
-2788.96 14904.4 4798.54 15904.6 -1 1
559.801 4957.18 2636.7 5643.61 1 1
2871.74 -683.167 -3794.5 4808.64 -1 0
3236.07 -4150.29 -5749.2 7794.97 1 0
event 8
-4638.64 5386.36 975.612 7814.92
3424.46 2818.63 1448.27 4666.93 1 0
-1137.27 1686.98 -1098.07 2314.35 1 1
4764.57 3083.29 1082.8 5778.53 -1 0
-3501.36 3699.38 2073.68 5500.57 -1 1
event 9
-9713.03 11115.9 -695.768 15099.1
3559.2 2929.78 1757.7 4934.79 1 0
-3244.8 1754.82 106.275 3691.96 1 1
8809 9134.43 3169.44 13080.2 -1 0
-6468.23 9361.08 -802.043 11407.1 -1 1
event 10
-2921.29 7392.87 8450.58 12008
461.193 3482.22 -5364.42 6413.01 -1 0
-1718.17 1879.96 1193.18 2814.46 -1 1
-1203.12 5512.92 7257.4 9193.52 1 1
-21.9225 4007.32 -7582.69 8577.15 1 0
event 11
11626.4 11358.7 28147.1 32650.3
-4208.45 -119.864 15948.6 16495.3 -1 0
2292.69 3359.06 9267.78 10121.4 -1 1
9333.73 7999.63 18879.3 22528.9 1 1
-2275.24 -1082.42 6526.74 6996.98 1 0
event 12
23442.9 6834.27 -30089.8 38875
-2890.83 1740.35 6374.4 7213.18 1 0
2041.2 1087.51 -4204.44 4799.76 1 1
21401.7 5746.76 -25885.4 34075.2 -1 1
-15776.8 911.4 27112.5 31382.1 -1 0
event 13
12797 4076.76 -17587.7 22345.1
9397.03 2633.63 -14747.9 17684.8 1 1
3399.95 1443.13 -2839.86 4660.28 -1 1
-19350.3 737.329 34669.2 39710.8 -1 0
-2642.46 482.062 5752.26 6349.38 1 0
event 14
-10539.6 -11435.9 -14483.4 21476.1
2909.07 5822.71 -18537 19646.9 1 0
-4679.05 -3660.53 -7087.12 9248.32 -1 1
-5860.59 -7775.34 -7396.28 12227.8 1 1
6112.17 5821.6 -16947.5 18933.5 -1 0
event 15
7103.18 9612.19 6867.76 14128.2
3101.72 5409.85 1989 6546.33 1 1
4001.46 4202.33 4878.76 7581.87 -1 1
-3606.16 -7181.24 1265.62 8135.57 -1 0
-1742.56 -4141.62 708.779 4550.06 1 0
event 16
12202.9 1969.65 53886.1 55408.4
7418.89 202.242 38176.3 38891.1 -1 1
4783.99 1767.4 15709.8 16517.3 1 1
3012.99 2135.54 -324.525 3708.79 -1 0
1637.85 1470.54 -859.2 2365.25 1 0
event 17
2837.64 -6847.01 -9954.36 12791.3
596.352 -4310.69 -7255.02 8460.74 -1 1
2241.29 -2536.33 -2699.34 4330.58 1 1
-2149.6 7115.06 2135.67 7734.15 -1 0
-2309.96 4266.76 317.702 4863.46 1 0
event 18
10521.1 -6843.38 22792.3 26203.2
5184.87 -5124.74 12002.7 14043.6 -1 1
5336.24 -1718.64 10789.6 12159.6 1 1
-3857.07 -10249.2 42264.6 43660.4 -1 0
-1463.56 -9336.51 34217.9 35499.2 1 0
event 19
16932.4 -11871.3 38866.9 44134.5
-3377.87 -10381.2 39092.6 40588.5 -1 0
6000.05 -5706.21 17340.3 19216.1 1 1
10932.3 -6165.13 21526.6 24918.5 -1 1
-576.064 -3824.32 14932.6 15425.7 1 0
event 20
14444.2 -9153.5 30112.7 34767.6
6580.76 -5711.18 16832.9 18954.7 1 1
7863.45 -3442.31 13279.8 15812.9 -1 1
-3230.23 -14175.4 47081.8 49275.6 -1 0
-765.212 -3702.4 16253.8 16688.1 1 0
event 21
-12938.8 -7321.7 -53709 55814.5
-6370.89 83.9354 -16933.9 18093.2 1 0
-3818.56 -2833.07 -12610.1 13477.1 -1 1
-18857.1 -367.448 -57546.3 60558.3 -1 0
-9120.28 -4488.63 -41098.9 42337.4 1 1
event 22
-16494.5 -7632.14 -16147.6 24508.2
2549.62 -6357.81 -10992.9 12952.9 -1 0
-4169.43 -2967.16 -5923.04 7828.27 -1 1
-12325 -4664.98 -10224.5 16679.9 1 1
-894.07 -3746.55 -3800.91 5412.4 1 0
event 23
-8127.22 4537.29 -43625.2 44714.5
-2196.07 -2334.63 -6890.81 7600.5 1 0
-1440.27 2157.3 -8886.18 9257.63 -1 1
-8649.76 -6272.82 -22591.7 24991.2 -1 0
-6686.94 2379.99 -34739 35456.9 1 1
event 24
3927.4 -7668.9 34881.6 36063.2
1083.41 -5418.91 20843.9 21564.3 1 1
2843.99 -2249.99 14037.7 14498.9 -1 1
-9603.48 -2032.67 5309.23 11160.5 -1 0
-2524.95 321.245 1410.81 2912.06 1 0
event 25
5398.51 -6740.95 30380.7 31735.8
-2887.77 -1509.84 -484.789 3296.21 1 0
1270.07 -1856.86 13449.9 13637.2 -1 1
-7572.63 -1827.91 -5939.33 9796.57 -1 0
4128.44 -4884.09 16930.8 18098.6 1 1
event 26
-12322.7 22743.2 -79598.2 83753
128.7 -5269.65 -1965.38 5626.69 -1 0
-1606.33 1293.53 -6919.7 7221.28 -1 1
-10716.4 21449.7 -72678.5 76531.7 1 1
-720.5 -7913.66 -1342.54 8059.69 1 0
event 27
9747.83 13964.8 -9420.7 19707.3
-7482.96 -1046.99 -18535.9 20017 -1 0
3412.15 6265.49 -5432.07 8967.59 1 1
6335.68 7699.36 -3988.64 10739.7 -1 1
-2151.79 -1374.72 -4975.09 5593.1 1 0
event 28
2122.88 -14403.8 -30865.7 34267.4
2338.93 -8937.37 -16763.3 19140.7 1 1
-216.058 -5466.45 -14102.4 15126.7 -1 1
-589.992 2522.23 5677.32 6241.22 -1 0
-3891.98 5529.95 11670.2 13488.2 1 0
event 29
19153.6 5100.73 -18535.6 27313.7
10125.1 2960.43 -4926.44 11643.1 -1 0
3970.42 716.999 -5532.07 6847.87 -1 1
15183.2 4383.73 -13003.5 20465.8 1 1
2166.65 -576.313 -1058.94 2481.74 1 0
event 30
11712.5 5314.4 -59852.1 61296.7
7336.29 2049.53 -30201.5 31147.5 1 1
4376.19 3264.87 -29650.5 30149.2 -1 1
-592.568 -1976.75 2246.29 3052.16 -1 0
-4876.78 -4061.57 8439.55 10560.1 1 0
event 31
18640.8 12237.1 -21709.6 31275
10140.6 5514.08 -9507.81 14954.8 -1 1
8500.17 6723.05 -12201.8 16320.2 1 1
-2791.17 -2275.24 -14800 15232.1 -1 0
-1742.46 -1472.94 -7507.46 7847.22 1 0
event 32
-4222.3 4351.11 9539 11719.3
1199.19 -3409.66 230.235 3623.26 -1 0
-2189.09 317.176 3989.52 4562.91 1 1
-2033.21 4033.93 5549.48 7156.43 -1 1
900.145 -4101.97 804.055 4277.16 1 0
event 33
-5287.62 11701.7 -1444.23 13287.8
-4305.74 6775.36 107.77 8029.17 -1 1
-981.884 4926.34 -1552 5258.59 1 1
-1587.69 1731.74 532.613 2411.33 -1 0
-1491.25 6597.8 -375.065 6775.45 1 0
event 34
-7161.04 11200.7 -673.625 13666.8
-3822.81 8505.01 -901.369 9368.71 1 1
-3338.23 2695.72 227.743 4298.11 -1 1
-3825.56 11465.2 -759.391 12110.9 -1 0
-1209.1 3708.12 362.267 3918.48 1 0
event 35
1398.33 -16367.5 20556.8 26495.7
-2046.79 -3349.75 741.974 3996.48 1 0
1319.38 -5314.7 8744.96 10318.5 1 1
-1986.56 -1967.71 2955.47 4069.92 -1 0
78.9459 -11052.8 11811.8 16177.2 -1 1
event 36
-13497.9 13210.4 68884.1 71493.5
4706.41 -3205.83 -3150.91 6509 1 0
-3309.18 1556.9 12980.1 13485.8 1 1
-10188.7 11653.5 55904.1 58007.7 -1 1
6819.63 -3890.77 -4890.5 9250.6 -1 0
event 37
12954.3 -10881.5 -12112.3 21036.2
-2808.41 4357.76 24154.9 24705.2 -1 0
3064.91 -4143.4 -4581.83 6896.8 1 1
9889.41 -6738.12 -7530.51 14139.4 -1 1
-7417.79 5461.25 32766 34036.3 1 0
event 38
7396.08 7200.06 -1096.63 10832.2
-1703.36 -3006.21 1171.73 3650.05 1 0
2167.11 710.065 -1010.8 2496.68 -1 1
5228.97 6489.99 -85.8347 8335.51 1 1
-1739.25 -5290.64 3991.4 6852.61 -1 0
event 39
2042.18 -12463.2 -17308.1 21740.6
237.786 -7101.12 -6960.77 9947.15 1 1
1804.4 -5362.12 -10347.3 11793.5 -1 1
-47.9662 3251.97 -10090.1 10601.8 -1 0
-3912.76 4299.28 -16935 17905.2 1 0
event 40
-1871.67 7756.29 5634.77 10247.2
3401.23 -2732.44 6417.8 7761.05 -1 0
462.761 3015.14 984.848 3207.23 1 1
-2334.44 4741.14 4649.92 7039.95 -1 1
1969.58 609.983 4894.15 5311.8 1 0
event 41
-6325.22 -8004.71 -1017.12 10710.2
-3901.53 -3481.48 -1772.36 5522.24 -1 1
-2423.69 -4523.23 755.24 5188.01 1 1
6783.31 5966.39 2564.78 9391.5 -1 0
2784.98 2638.9 -66.5066 3838.69 1 0
event 42
-8916.87 3087.75 -27271.9 29024
-3781.01 -5422.51 -1587.31 6799.29 -1 0
-2277.09 712.34 -3571.05 4296.06 -1 1
-5373.34 7254.25 -18820.9 20874.2 -1 0
-6639.78 2375.41 -23700.8 24727.9 1 1
event 43
0 0 0 0
-6323.33 6146.69 -25238 26734.5 -1 0
-1868.6 -3311.58 -957.862 3922.61 -1 0
12892.9 -161.525 5207.13 13906 1 0
-2497.2 1914.32 -8684.26 9237.32 1 0
event 44
17742 6613.04 -16409.8 25246.5
-6526.03 -284.386 15861.8 17154.5 -1 0
2956.54 2356.81 -3673.74 5272.87 1 1
14785.5 4256.23 -12736.1 19973.6 -1 1
-8025.9 -2825.1 24231.4 25682.1 1 0
event 45
12186.3 2607.76 -11298.6 17104.3
-4892.6 -1420.23 10645.4 11802.1 -1 0
2034.82 -63.8326 -3410.15 3973.01 -1 1
10151.5 2671.6 -7888.44 13131.2 1 1
-9792.51 -1811.75 31234.4 32783.7 1 0
event 46
-6528.27 4521.84 2105.77 8780.13
-4389.33 2301.12 2690.42 5640.11 1 1
-2138.94 2220.73 -584.647 3140.01 -1 1
16117.9 -21807.1 7323.5 28088.8 -1 0
2977.24 -4323.28 1284.7 5405.21 1 0
event 47
-11296.3 6496.61 1880.3 13525.5
-5757.66 3865.53 2474.82 7364.02 -1 1
-5538.62 2631.09 -594.516 6161.45 1 1
9106.37 -9839.96 5472.24 14481.3 -1 0
6757.73 -9021.45 3514.21 11807.4 1 0
event 48
10511.4 -1773.08 7237.57 13251.7
7273.64 -2565.5 5629.03 9549.07 1 1
3237.79 792.415 1608.54 3702.67 -1 1
-6414.07 8025.11 15565.3 18650.2 -1 0
-2066.41 2056.97 4721.48 5550.2 1 0
event 49
4157.75 -4355.77 15554.8 16964.7
1886.02 3583.13 5944.23 7193.12 -1 0
2474.05 -590.289 7397.54 7823.3 1 1
3753.03 3584.29 12410 13451.8 1 0
1683.7 -3765.48 8157.24 9141.42 -1 1
event 50
10256.9 -1740.15 40962.8 42376.6
-5277.97 971.207 6731.58 8609.62 -1 0
4091.34 418.967 20017.7 20436.1 1 1
6165.52 -2159.11 20945.1 21940.5 -1 1
-1672.77 -1279.61 4381.35 4862.4 1 0
event 51
14731 304.467 -23825.8 28184.2
-5426.25 2458.45 1092.4 6057.45 1 0
3797.71 877.614 -4349.2 5841.18 -1 1
10933.3 -573.147 -19476.6 22343.1 1 1
-5355.29 2620.71 -359.29 5973.9 -1 0
event 52
-6641.65 -7897.48 -31835.5 33609.1
-3559.07 -5093.81 -23234 24050.9 1 1
-3082.58 -2803.67 -8601.44 9558.18 -1 1
906.205 -1915.12 -5221.24 5635.72 -1 0
2977.03 -5353.09 -16252 17368.3 1 0
event 53
8245.9 -10364.2 -36029.2 38511.2
5409.05 -7660.21 -28783.9 30273.1 1 1
2836.84 -2704.01 -7245.33 8238.04 -1 1
-5609.99 -7556.87 -30963.5 32362.5 -1 0
-2183.25 -595.752 -8623.66 8916.29 1 0
event 54
3464.42 3412.46 942.921 5841.98
3025.03 850.411 275.362 3156.1 -1 1
439.389 2562.04 667.558 2685.88 1 1
-7156.65 1046.47 8940.23 11500.1 -1 0
-4259.86 -495.128 7327.57 8490.93 1 0
event 55
13663.5 3249.97 2160.8 14543.5
10222.4 3531.98 851.176 10849.3 1 1
3441.12 -282.011 1309.63 3694.2 -1 1
-1815.88 945.644 -663.094 2154.65 -1 0
-6009.77 -180.033 1013.07 6098.14 1 0
event 56
-13264.7 -6458.84 78712.9 80143.5
3065.73 -1653.94 7524.06 8291.97 1 0
-4283.89 -3558.63 25658.7 26256.4 -1 1
941.126 -2160.28 3738.42 4420.35 -1 0
-8980.77 -2900.21 53054.1 53887.1 1 1
event 57
-1740.11 -8442.83 11306.4 14551.1
1909.66 3506.05 -740.012 4061.77 1 0
-1220.7 -2802.56 1995.04 3651.82 1 1
7586.18 7368.37 1773.9 10723.9 -1 0
-519.412 -5640.27 9311.33 10899.3 -1 1
event 58
-4808.37 -2283.59 -2855.12 6787.8
-3736.73 -409.975 -884.633 3863.28 -1 1
-1071.64 -1873.61 -1970.49 2924.52 1 1
-4172.43 -4292.71 -13424.9 14699.5 -1 0
-1460.58 -5511.01 -17135.8 18059.7 1 0
event 59
-12177.6 -7615.18 10716.5 18185.6
2961.44 3766 -13148.4 13994.4 -1 0
-2722.69 -310.152 2110.06 3460.17 1 1
-9454.88 -7305.03 8606.42 14725.5 -1 1
4718.02 1253.5 -14606 15400.6 1 0
event 60
2663.67 3905.86 -11220.3 12563.3
570.652 3408.45 -6166.4 7069.57 -1 1
2093.02 497.408 -5053.92 5493.76 1 1
-8611.08 -1819.04 49234.3 50014.8 -1 0
-4055.46 -376.949 15684.3 16204.8 1 0
event 61
-20162.6 5158.8 53527.4 57514.5
-13828.7 2529.33 38795.7 41264.4 1 1
-6333.95 2629.47 14731.7 16250.1 -1 1
9370.72 11415.3 51539.8 53614.2 -1 0
1959.94 1913.78 9084.62 9489.23 1 0
event 62
-16820.6 4113.29 41282.3 44874
-13776.2 2652.34 35577.8 38244.1 -1 1
-3044.31 1460.95 5704.48 6629.82 1 1
10575 10402 52790.6 54835.1 -1 0
1769.02 2738.03 12394.7 12816.7 1 0
event 63
-6558.54 8459.42 -27809.9 29959.3
3280.58 316.507 -1626.16 3676.68 1 0
-978.103 2568.22 -4465.1 5244.11 -1 1
9309.68 -187.814 -1445.98 9423.77 -1 0
-5580.43 5891.2 -23344.8 24715.2 1 1
event 64
1329.94 26395 5343.3 27140.6
-2523.55 -8008.15 17943.7 19811.2 1 0
-846.686 10888.7 2816.01 11279.3 -1 1
-2005.27 -6593.34 20819.2 21930.4 -1 0
2176.63 15506.3 2527.29 15861.3 1 1
event 65
16491.4 6842.07 -2027.9 18234.1
10962.2 4999.84 40.2768 12049.1 -1 1
5529.18 1842.24 -2068.18 6184.99 1 1
-166.336 3547.88 -1005.73 3692.94 -1 0
1895.42 866.913 -1007.34 2317.33 1 0
event 66
8834.19 12360.5 9449.01 18157.6
-3484.83 3861.99 7436.41 9075.81 -1 0
934.274 3317.6 2725.98 4395.62 -1 1
7899.91 9042.91 6723.03 13762 1 1
-329.416 2693.88 3229.87 4220.04 1 0
event 67
6897.56 5141.27 -15937.6 18374
4633.67 3015.15 -7592.61 9392.61 1 0
2114.2 119.302 -2737.57 3462.59 1 1
23189.1 18663.7 -37880.1 48176.6 -1 0
4783.36 5021.97 -13200 14911.5 -1 1
event 68
7335.58 1017.87 6078.29 10068.9
4031.14 -952.618 2680.88 4935.17 1 1
3304.43 1970.49 3397.41 5133.78 -1 1
-2708.53 3638.67 5184.29 6889.41 -1 0
-3113.77 318.659 4351.6 5361.41 1 0
event 69
-3595.26 8486.65 628.569 9743.54
-3386.19 5073.07 -549.066 6124.94 -1 1
-209.069 3413.58 1177.63 3618.59 1 1
7687.98 -7864.43 -3361.91 11500.8 -1 0
1884.76 -1060.28 -370.962 2196.66 1 0
event 70
-5468.16 2337 -6260.83 9173.67
-3561.19 -30.2605 -4159.12 5476.53 1 1
-1906.98 2367.26 -2101.71 3697.14 -1 1
3793.41 -2876.12 11222.3 12190.7 -1 0
2502.84 -3247.26 16694.5 17190.8 1 0
event 71
-1184.84 6641.56 26619.9 27635.6
1232.9 3945.1 -15578.1 16117.5 1 0
826.527 2052.51 5503.43 5932.52 -1 1
-3245.51 -4086.89 -856.652 5289.7 -1 0
-2011.37 4589.05 21116.5 21703 1 1
event 72
-5708.83 5702.93 -9999.8 13217.5
-3511.02 3324.08 -3549.34 5998.82 1 1
-2197.81 2378.84 -6450.46 7218.64 -1 1
-99.4049 -3102.03 654.436 3173.63 1 0
-4327.14 493.301 4849.45 6518.88 -1 0
event 73
-6028.97 5818.26 -13339.8 16054.4
-2964.84 3553.17 -9862.28 10894.5 -1 1
-3064.12 2265.09 -3477.56 5159.85 1 1
-3567.74 252.58 2396.34 4306.53 -1 0
-650.431 -4452.38 300.086 4510.87 -1 0
event 74
4042.4 -13948.1 -28323.5 31979.7
3744.05 -7807.92 -15388.1 17657.5 -1 1
298.349 -6140.21 -12935.4 14322.3 1 1
-4117.74 3899.4 -5801.9 8113.83 -1 0
-2969.32 -2285.99 4802.04 6092.07 1 0
event 75
-13283 -1901.73 36175.1 38707.7
-8115.84 302.813 22628.7 24042.2 1 1
-5167.15 -2204.54 13546.5 14665.5 -1 1
1757.22 -3029.76 3567.5 5000.55 -1 0
1493.12 -2287.24 1501.92 3118.94 1 0
event 76
5398.44 -2560.37 -22411.9 23400.5
-2021.63 3611.22 -2917.45 5064.64 1 0
843.437 -1874.07 -5507.67 5879.55 1 1
-7955.64 4961.9 -3173.88 9899.36 -1 0
4555 -686.307 -16904.2 17521 -1 1
event 77
-8719.76 -7320.83 21366.5 24407.9
4177.28 -3425.03 1356.83 5570.69 -1 0
-2969.2 -2648.11 10731.5 11445.8 -1 1
-5750.57 -4672.72 10635 12962.1 1 1
2334.38 574.204 923.097 2577.26 1 0
event 78
-7364.66 -4717.04 -18689.5 20865.7
-4702.56 -1191.34 -10170.7 11268.9 1 1
-2662.1 -3525.7 -8518.82 9596.81 -1 1
3820.68 -2160.7 2026.09 4835.54 -1 0
3025.03 -1856.91 6.30576 3551.08 1 0
event 79
-12444.1 -18428.1 2247.61 22563.1
1214.03 12302 -20350 23810.7 -1 0
-4343.52 -4041.9 358.836 5945.01 -1 1
-8100.57 -14386.2 1888.78 16618 1 1
1021.97 4519.24 -6479.67 7966.5 1 0
event 80
3209.01 23405.5 -33486.9 41098.4
-9253.92 -16531.3 954.247 18969.5 1 0
2774.99 10236.2 -13705.6 17330.1 -1 1
-1784.31 -3762.08 1663.04 4484.85 -1 0
434.023 13169.3 -19781.3 23768.2 1 1
event 81
8438.42 -10807.9 7988.76 16291.9
-2481.84 2536.18 -1623.02 3903.47 1 0
2842.38 -4907.76 5197.78 7693.72 1 1
-1211.09 2126.3 1264.08 2756.25 -1 0
5596.04 -5900.16 2790.98 8598.15 -1 1
event 82
8713.27 387.984 34408.6 35631.7
-4281.88 -6027.32 5099.07 8981.91 1 0
3810.63 1693.17 14715.4 15295.1 -1 1
-1875.48 -810.983 140.819 2050.89 -1 0
4902.64 -1305.19 19693.3 20336.5 1 1
event 83
20806.5 782.735 89232.7 91682
-7556.63 623.208 18142.7 19663.7 -1 0
4334.64 -727.946 22875.8 23294.5 -1 1
16471.9 1510.68 66356.9 68387.5 1 1
-2401.18 238.044 7574.99 7950.72 1 0
event 84
14808.3 578.078 62329.1 64141.4
-4247.36 2572.83 10299.1 11434.2 -1 0
4658.21 1273.68 24258.4 24734.6 1 1
10150.1 -695.604 38070.7 39406.8 -1 1
-9146.02 1217.71 23827.4 25551.6 1 0
event 85
7204.32 9714.87 -6291.19 13980.5
-4238.36 -2676.87 -29449.3 29873.1 1 0
1523.17 1440.87 -2467.31 3239.59 1 1
-13456.3 -7219.78 -71668.7 73277.7 -1 0
5681.15 8274 -3823.88 10740.9 -1 1
event 86
-36673.6 -36540.9 85096.4 99655.3
-1154.84 2884.58 2704.21 4120.48 1 0
-3681.12 -3332.78 6590.53 8252.53 1 1
-2791.25 1145.39 2696.37 4047.78 -1 0
-32992.5 -33208.1 78505.9 91402.8 -1 1
event 87
-6598.51 3215.92 904.117 8018.16
3589.38 1107.17 -10170.5 10842.4 1 0
-2192.24 2467.68 -482.262 3337.53 1 1
6158.77 295.376 -22840.7 23658.5 -1 0
-4406.28 748.242 1386.38 4680.64 -1 1
event 88
-10911.4 5012.23 -19637.4 23224.9
-6886.32 4469.05 -11503.6 14132.8 1 1
-4025.06 543.184 -8133.79 9092.08 -1 1
-1403.78 1741.72 -4942.21 5425.94 -1 0
-3970.22 1420.75 -8256.01 9271.14 1 0
event 89
5842.26 -763.938 -5436.83 8594.48
-3074.28 233.934 1299.32 3347.43 1 0
1942.14 1120.14 -1248.49 2568.37 1 1
-5046.7 -1867.36 2420.76 5901.49 -1 0
3900.12 -1884.08 -4188.34 6026.12 -1 1
