event 0
-2041.26 -21640.4 -18685.6 28830.9
-4370.65 479.789 10712.3 11580.1 1 0
-1782.2 -6108.94 -4503.64 7796.75 1 1
-2237.28 -924.142 2274.15 3323.01 -1 0
-259.055 -15531.5 -14182 21034.1 -1 1
event 1
-5161.55 10620.5 -9578.79 15517.1
-4083.81 5082.18 -4476.05 7909 -1 1
-1077.74 5538.34 -5102.74 7608.15 1 1
4932.67 -6131.57 -3117.15 8464.94 1 0
5082.13 -5465.69 -6435.99 9855.7 -1 0
event 2
5204.29 -7496.28 -45607.5 46614.5
1798.77 -4827.02 -28887.4 29343.2 -1 1
3405.52 -2669.25 -16720.1 17271.3 1 1
836.634 -3005.49 453.638 3154.34 -1 0
-282.087 -3064.25 -129.612 3081.74 1 0
event 3
-2328.25 -8518.71 21529.2 23475.2
-2768.42 -4427.75 12785.8 13811.5 1 1
440.169 -4090.96 8743.37 9663.72 -1 1
5285.26 8649.96 -3891.33 10858.6 -1 0
1537.24 1331.98 -677.805 2146.59 1 0
event 4
2820.7 -8710.82 -7331.86 12131.8
-3121.29 2483.13 -654.242 4043.22 1 0
-99.9423 -2626 -825.84 2756.64 -1 1
2920.65 -6084.81 -6506.02 9375.21 1 1
-4948.58 2115.58 39.8771 5383.02 -1 0
event 5
9308.84 4715.12 -1975.58 11062.6
-2570.42 -3963.34 -2827.35 5506.38 -1 0
3026.3 1619.71 803.64 3526.89 -1 1
-4446.86 -7275.69 -7303.91 11228 1 0
6282.53 3095.42 -2779.22 7535.72 1 1
event 6
1149.71 -8729.29 23011.1 24831.9
1993.37 -5474.95 16580.2 17574.5 -1 1
-843.661 -3254.34 6430.92 7257.44 1 1
-6068.86 -6467.21 -5516.81 10445.2 1 0
-5591.27 -4430.14 -1655.25 7323.89 -1 0
event 7
-359.902 11966.7 49735.8 51250.1
-3090.43 -3585.09 -16970.2 17618.2 -1 0
-179.677 5213.57 28223.5 28701.7 -1 1
4284.45 -1638.48 1350.75 4782.97 1 0
-180.225 6753.16 21512.3 22548.3 1 1
event 8
425.237 16729.3 67253 69373
-3880.58 -3391.32 -16055.7 16862.8 -1 0
-1257.57 7707.73 28853.8 29892.2 1 1
2285.6 -922.253 862.172 2613.24 1 0
1682.81 9021.57 38399.2 39480.7 -1 1
event 9
523.313 7038.01 -33701.4 34571.4
-274.213 -13422.4 -54950.6 56566.9 1 0
-1185.13 2776.55 -16089.8 16370.9 1 1
1148.54 -2038.42 -8152.87 8482.61 -1 0
1708.44 4261.46 -17611.7 18200.6 -1 1
event 10
-2787.67 -6679.18 -16570.4 18345.3
-2747.43 -2927.15 -7081.75 8141.19 1 1
-40.2405 -3752.03 -9488.6 10204.1 -1 1
-309.693 4614.16 -26754.3 27151.2 -1 0
489.142 2496.72 -10637.8 10938.3 1 0
event 11
1691.15 5662.03 -7915.86 10352.3
344.103 3643.92 -2549.04 4461.54 -1 1
1347.05 2018.11 -5366.81 5890.77 1 1
-3999.79 2596.13 -12026.5 12937.8 1 0
-4228.94 1996.69 -10987.5 11941.8 -1 0
event 12
-9656.35 -1006.92 -18086.7 20760
5052.52 -1547.85 -6592.25 8449.42 1 0
-2469.6 -42.243 -7737.79 8123.13 -1 1
-7186.75 -964.673 -10348.9 12636.9 1 1
4348.42 -3198.05 -6233.03 8246.1 -1 0
event 13
35676.1 7594.52 23464.4 43481.3
27295.4 6023.92 16402.4 32409.4 -1 1
8380.7 1570.59 7062.06 11071.9 1 1
6480.28 -1937.88 -16208.3 17563.3 -1 0
2877.35 -44.7147 -6726.52 7316.99 1 0
event 14
18752.9 -13583.9 80727.2 84039.7
-3034.61 -6486.7 24482.5 25508.7 -1 0
3920.44 -2062.45 19467.4 19965.4 -1 1
14832.5 -11521.4 61259.8 64074.3 1 1
-1836.93 -3867.53 12717.3 13419.1 1 0
event 15
5987.54 -18910.6 56555.6 60013.3
-2938.11 6360.68 5258.87 8761.14 -1 0
479.229 -6093.43 16292.1 17401.3 1 1
5508.31 -12817.2 40263.5 42612 -1 1
-150.327 2331.91 2739.86 3602.56 1 0
event 16
-8517.48 -7444.68 -9512.22 15101.2
2682.48 5133.89 -17658.6 18584.7 -1 0
-4579.67 -1980.71 -4187.71 6514.96 -1 1
-3937.81 -5463.97 -5324.51 8586.2 1 1
2203.28 3584.32 -10019.5 10867.6 1 0
event 17
7813.36 -3287.95 -460.427 9036.72
4619.88 -354.972 -726.497 4691.3 1 1
3193.48 -2932.98 266.07 4345.42 -1 1
-6355.09 -2053.19 227.316 6683.24 1 0
-5225.64 819.094 1437.39 5482.29 -1 0
event 18
-10090.6 1385.19 -13546.9 17229.3
4555.91 1609.93 23974.8 24457.1 -1 0
-1983.67 -686.001 -4113.6 4619.35 -1 1
-8106.91 2071.19 -9433.32 12609.9 1 1
3631.72 4281.18 32884.2 33360.2 1 0
event 19
-537.509 -5754.27 -4185.9 7778.99
1086.87 -3078.31 -2984.09 4424.16 -1 1
-1624.38 -2675.96 -1201.81 3354.83 1 1
202.639 4823.66 1298.53 5000.61 1 0
2265.7 3699.46 1473.63 4582.81 -1 0
event 20
16358 1289.37 -7765.15 18415.6
-4423.93 -594.28 -3061.75 5413.86 1 0
3690.25 1418.89 -1124.36 4111.76 1 1
-21433.8 1771.73 -15368.1 26433.6 -1 0
12667.7 -129.518 -6640.79 14303.8 -1 1
event 21
6484.51 9339.73 35611.5 37510.7
1904.8 -4025.43 3546.56 5693.99 -1 0
829.914 3507.84 9350.47 10021.8 -1 1
5654.6 5831.9 26261 27488.9 1 1
-145.934 -3217.64 1737.45 3661.2 1 0
event 22
-2049.65 10861.2 -29759 31896
-1373.96 2953.62 -413.008 3285.33 1 0
-1739.93 2720.21 -6661.25 7403.4 1 1
-5754.3 10200.7 -358.008 11717.8 -1 0
-309.719 8141 -23097.8 24492.6 -1 1
event 23
-9998.22 1436.64 -4935.87 11661.2
-5728.42 -610.942 -2055.21 6117.44 1 1
-4269.8 2047.58 -2880.66 5543.75 -1 1
-1100.66 3897.99 -397.244 4071.21 -1 0
-45.8432 3058.67 -1401.78 3366.56 1 0
event 24
-33505.1 -19356.2 -27706.8 47691.8
-20076.2 -10327.1 -17426.3 28520 -1 1
-13428.9 -9029.14 -10280.5 19171.8 1 1
-2503.54 3438.87 -2050.18 4723.13 -1 0
-1690.34 2021.11 -442.683 2673.81 1 0
event 25
-24069.2 -15270.4 -22025 36155.3
-3805.52 5435.27 -1775.88 6869.43 1 0
-7484.96 -5611.81 -5669.63 10939.5 -1 1
-2336.37 3456.4 -131.97 4175.39 -1 0
-16584.2 -9658.62 -16355.4 25215.8 1 1
event 26
-17375.6 10704.4 26984.9 33974.6
-8556.89 6852.32 13128.4 17103.8 1 1
-8818.75 3852.08 13856.6 16870.8 -1 1
-8135.87 17620.4 5363.59 20135.8 -1 0
-3245.67 8810.68 706.943 9416.66 1 0
event 27
8587.62 7104.5 3549.15 12100
42.7624 5151.3 3010.7 5967.68 1 0
2230.16 1408.25 2242.86 3463.86 1 1
6357.46 5696.25 1306.3 8636.1 -1 1
-1321.83 6468.26 6111.96 8997.38 -1 0
event 28
3980.77 10691.2 -17735.6 21314.1
-2753.83 -3168.6 -1308.25 4398.44 1 0
422.261 2938.23 -2637.1 3972.02 1 1
-8474.71 -8215.83 -5365.91 12966.3 -1 0
3558.51 7753.01 -15098.5 17342.1 -1 1
event 29
12673.1 -11786.9 16944.6 24418.2
6241.84 -6767.86 7066.53 11606.5 1 1
6431.3 -5019 9878.08 12811.7 -1 1
-10762.7 -1876.87 1379.17 11012.3 -1 0
-3053.22 1136.52 1520.1 3596.62 1 0
event 30
16302.2 -11275.5 8570.47 21816.1
-5139.08 1612.19 -113.49 5388.26 1 0
7403.17 -6398.18 5439.15 11195.5 -1 1
-3833.89 3237.9 -1357.06 5199.57 -1 0
8899.06 -4877.27 3131.32 10620.6 1 1
event 31
-7261.55 -8004.44 -2629.95 11545.9
-4693.63 -3610.71 -253.096 5928.12 1 1
-2567.93 -4393.73 -2376.85 5617.8 -1 1
3754.57 -8750.86 16586.1 19125.5 -1 0
1113.92 -2092.16 5662.85 6139.79 1 0
event 32
7780.44 -410.442 9405.07 12757.2
4342.07 1316.88 6531.44 7953.53 -1 1
3438.37 -1727.32 2873.63 4803.63 1 1
2887.04 -3682.78 10071.6 11106.1 1 0
3757.64 -2586.22 18304.1 18864.2 -1 0
event 33
-6091.53 -7511.08 16588.8 19450
-2512.46 -4620.09 6504.69 8365.4 1 1
-3579.06 -2890.99 10084.1 11084.6 -1 1
3554.07 -183.023 8337.17 9065.56 -1 0
3220.76 -170.485 4536.1 5566.84 1 0
event 34
6136.62 -5180.84 13377.7 15907.6
-4374.13 2229.61 -8602.94 9905.86 1 0
3923.46 -1415.66 7523.64 8603.14 1 1
-314.974 2149.81 -4906.18 5366.82 -1 0
2213.16 -3765.18 5854.04 7304.5 -1 1
event 35
-18574 -16373.1 73833.2 77935.9
-11685.7 -8272.29 42778.4 45110.8 -1 1
-6888.3 -8100.78 31054.8 32825 1 1
6132.19 -2117.85 5210.61 8321.7 -1 0
5683.51 -2307.68 4204.04 7437.26 1 0
event 36
-4735.57 6548.19 -13897.7 16371.9
-1243.65 4192.92 -8087.59 9194.97 -1 1
-3491.92 2355.26 -5810.08 7176.97 1 1
8084.25 -1615.87 -11616.9 14245.3 -1 0
2029.67 140.878 -2401.95 3149.59 1 0
event 37
10086 -5126.15 8337.17 14391.1
4814.94 -4160.85 4751.16 7942.35 1 1
5271.04 -965.301 3586.02 6448.75 -1 1
-9096.7 2442.64 -17213 19621.8 -1 0
-2670.09 1121.27 -7385.42 7933.61 1 0
event 38
-10016.8 8928.93 3142.28 14125.4
-4459.19 -3087.52 -6143.8 8196.01 -1 0
-2644.5 3023.02 2328.02 4643.58 -1 1
-7372.28 5905.91 814.261 9481.8 1 1
-3203.69 -1898.22 -3565.28 5156.48 1 0
event 39
-18569.4 -11962.4 -20407.1 30231.9
-10940.4 9696.04 4245.53 15223.1 1 0
-6899.81 -6081.55 -7557.63 11904.7 -1 1
-6338.67 4029.87 290.901 7517.6 -1 0
-11669.6 -5880.87 -12849.5 18327.2 1 1
event 40
-19636.2 -12327.8 304.846 23393.2
1438.56 -3692.39 1762.12 4338.14 1 0
-2378.11 -544.891 511.457 2495.01 -1 1
-17258.1 -11782.9 -206.611 20898.2 1 1
-202.64 -4459.09 4439.85 6296.67 -1 0
event 41
-14921 -21777.8 -34066.4 43209
-9978.08 -12291.8 -21626 26802 1 1
-4942.94 -9486.01 -12440.4 16407 -1 1
11098.3 12129.6 -73641.2 75454.2 -1 0
3481.07 2733.84 -22722.9 23150.3 1 0
event 42
-9145.22 -11925.4 -21107.7 26095.6
-6780.9 -8136.57 -16981.9 20014.5 -1 1
-2364.32 -3788.87 -4125.83 6081.05 1 1
-2318.96 1794.44 -12824.7 13156 -1 0
-5283.54 4443.43 -19444.5 20634 1 0
event 43
408.838 9383.22 -11802.4 15398
3827.19 -3200.68 1763.09 5292.58 -1 0
-74.1035 3316.44 -6613.6 7399.67 -1 1
482.941 6066.79 -5188.75 7998.34 1 1
2083.09 -2322.43 -490.528 3159.86 1 0
event 44
11668.7 -7684.61 -8774.63 16786.8
5615.29 -5536.58 -4776.03 9219.91 1 1
6053.45 -2148.04 -3998.6 7566.92 -1 1
-3669.45 2713.7 134.999 4567.1 -1 0
-1456.31 1421.77 1212.24 2371.27 1 0
event 45
16600 9034.72 -5809.35 20013.1
-13067.9 -1364.41 -50807.6 52479.1 1 0
4237.46 2248.31 -102.9 4799.24 -1 1
-31156.2 1187.28 -127124 130892 -1 0
12362.5 6786.4 -5706.45 15213.9 1 1
event 46
28548.4 13550.5 -6981.47 32510.9
-14590.7 -1054.3 -52282.6 54290.7 -1 0
9863.1 4111.74 -3769.55 11331.7 -1 1
18685.3 9438.77 -3211.92 21179.2 1 1
-5218.65 -181.573 -23807.9 24374.1 1 0
event 47
19085.4 8915.66 -5610.7 22018.4
-9163.34 -1038.4 -39270.7 40339.1 1 0
7809.72 4487.28 -1028.32 9066.2 1 1
-12699.3 1118.49 -51180.6 52744.5 -1 0
11275.6 4428.38 -4582.38 12952.2 -1 1
event 48
6731.32 -35822.1 -106201 112324
1715.06 3298.84 -5178.75 6376.08 1 0
974.205 -6287.8 -15228.3 16504.5 1 1
274.615 3272.73 -6378.78 7175.39 -1 0
5757.12 -29534.3 -90972.7 95819.9 -1 1
event 49
-5293.13 6721.14 7978.09 12100.9
3094.65 -2318.03 8004.84 8890.38 -1 0
-2577.08 1147.89 1802.67 3349.59 1 1
-2716.06 5573.25 6175.42 8751.29 -1 1
-5221.87 -2455.38 -3911.92 6972.17 1 0
event 50
5940.27 18680.7 -6367.28 20842
-560.823 -10644.9 5559.49 12022.8 -1 0
3960.47 7989.27 -3636.46 9630.62 1 1
1979.8 10691.4 -2730.81 11211.3 -1 1
-41.9261 -3124.71 1611.98 3517.84 1 0
event 51
-1195.52 -7234.77 -12505.4 14823.8
-2224.67 -4413.87 -8159.3 9540.27 1 1
1029.16 -2820.9 -4346.07 5283.57 -1 1
3432.29 3817.44 -3.43118 5134.65 -1 0
1298.15 1736.94 -568.076 2244.11 1 0
event 52
22004.9 8662.1 -4898.2 24348.1
3263.46 -230.033 -13597.7 13986.1 1 0
9045.06 2835.18 -583.193 9497.51 -1 1
1452.23 1495.44 -6451.18 6780.43 -1 0
12959.9 5826.92 -4315.01 14850.6 1 1
event 53
4502.7 -3082.15 -7680.93 9917.76
1928.46 -2432.47 -6048.3 6799.19 1 1
2574.25 -649.678 -1632.63 3118.57 -1 1
-7930.3 269.643 2752.75 8399.47 1 0
-3724.12 -1984.91 894.458 4315.11 -1 0
event 54
9918.31 -498.013 -12534.1 16288.5
-16969.5 -6686.71 3806.31 18632.7 1 0
4881.57 1258.67 -5528.8 7482.83 1 1
-2427.88 -1018.22 -619.545 2706.73 -1 0
5036.74 -1756.69 -7005.29 8805.67 -1 1
event 55
-11595.4 -8421.55 70638.1 72143.7
2128.51 3143.98 6465.3 7498.43 1 0
-942.493 -1796.92 7440.46 7712.9 -1 1
11326.6 10095.1 28012.7 31857.9 -1 0
-10652.9 -6624.63 63197.7 64430.8 1 1
event 56
2795.95 -3592.95 7919.96 9645.89
2824.83 -1135.66 4374.95 5331.11 1 1
-28.8863 -2457.29 3545.01 4314.79 -1 1
-3499.99 3152.91 8931.27 10098 1 0
-1548.14 3723.34 3840.57 5569.66 -1 0
event 57
11695.4 2713.67 -33124.4 35368.9
-5656.61 -1846.56 3292.21 6801.24 -1 0
4592.48 966.204 -17468.1 18087.9 -1 1
7102.9 1747.47 -15656.3 17281.1 1 1
-2295.78 -55.1441 -146.38 2303.52 1 0
event 58
-11369.9 -15557 -81924.7 84217.2
5263.41 -6060.51 -13445.2 15659.4 1 0
-551.719 -2266.82 -11808.5 12037.2 -1 1
-10818.1 -13290.2 -70116.1 72180 1 1
8526.36 -4802.67 -17817.4 20328.2 -1 0
event 59
6093.78 -1314.87 16839.5 18221.4
4032.51 -184.357 13792.7 14371.7 -1 1
2061.27 -1130.51 3046.71 3849.73 1 1
-5119.16 3306.38 5139.84 7972.89 -1 0
-4805.09 3705.91 3738.02 7127.87 1 0
event 60
8646.51 5320.1 26263.4 28327
-3732.2 -3582.64 11095.5 12242.8 -1 0
4695.93 1112.75 11226.6 12220.4 -1 1
3950.57 4207.35 15036.8 16106.7 1 1
-1894.79 -2035.21 5585.27 6240.09 1 0
event 61
9360.51 -2361.17 -4899.13 11259.9
5079.32 -615.226 -4120.33 6570.11 1 1
4281.19 -1745.94 -778.798 4689.83 -1 1
-7116.02 1551.37 8519.85 11209.1 -1 0
-2310.16 733.044 4574.54 5178.01 1 0
event 62
-11069.8 -2535.77 19003.2 22353.6
-6546.13 408.063 14096.5 15548 1 0
-4462.72 -1645.52 5350.9 7160.09 -1 1
-13859.8 3239.13 32957.4 35899.6 -1 0
-6607.1 -890.253 13652.3 15193.5 1 1
event 63
753.251 9388.61 -8636.33 13299.9
11741.2 -1128.32 -13015 17565 1 0
1728.81 3719.11 -5103.57 6548.14 -1 1
2966.77 1284.43 -3700.34 4914.79 -1 0
-975.554 5669.5 -3532.77 6751.78 1 1
event 64
7943.13 2434.77 -34785.8 35898
4757.14 -138.498 -19510.3 20082.6 1 1
3185.99 2573.27 -15275.6 15815.4 -1 1
-3540.28 -5292.36 3912.63 7474.12 1 0
-3241.79 -5115.48 1408.71 6218.76 -1 0
event 65
5924.26 1259.21 -27298.5 28133.3
3466.54 -830.482 -13625.5 14084.4 1 1
2457.71 2089.69 -13673 14048.8 -1 1
-3063.07 -5200.56 3464.66 6960.12 1 0
-4520.87 -3889.25 3507.32 6919.32 -1 0
event 66
-4940.37 -21647.2 -105624 107977
3764.1 -43.6871 -12432.8 12990.6 1 0
-615.324 -2427.06 -7939.46 8325.59 -1 1
-4325.04 -19220.2 -97684.7 99651.6 1 1
6437.62 -3774.36 -18391 19847.7 -1 0
event 67
-3770.24 5618.29 5018.39 8975.24
-745.273 3674.92 3267.48 4974.74 1 1
-3024.97 1943.37 1750.91 4000.5 -1 1
17556.7 630.607 8979.11 19730 -1 0
6003.05 -954.27 4753.47 7717.11 1 0
event 68
-2853.93 -6137.66 4465.22 8680.13
-692.122 -3963.73 1984.57 4487.74 1 0
-1520.48 -2337.17 3607.82 4560.89 1 1
2424.45 -6114.41 3369.13 7390.95 -1 0
-1333.45 -3800.5 857.398 4119.24 -1 1
event 69
30932.9 -8281.01 1917.05 32290.6
5869.43 -954.432 -336.388 5956.97 1 0
3933.23 -6.5542 -407.721 3955.72 -1 1
26999.7 -8274.45 2324.77 28334.9 1 1
12967.2 -2048.95 -1645.46 13231.2 -1 0
event 70
-19313.2 33965.1 55970.5 68329.5
-11497.1 19068.8 29386.2 36869.6 -1 1
-7816.1 14896.3 26584.3 31459.9 1 1
8156.94 -22391 49724.8 55140.4 -1 0
2859.18 -9025.81 24138.7 25929.3 1 0
event 71
-17586.9 32883.9 52729.3 64657.7
5003.32 -15034.5 35202 38603.9 -1 0
-3345.8 4620.76 6740.96 8831.62 1 1
-14241.1 28263.1 45988.3 55826.1 -1 1
1270.99 -2750.54 6941.28 7574.52 1 0
event 72
-18997 36838.7 60695.2 73562.7
4494.3 -11530.2 29185.8 31701.2 -1 0
-1094.71 2807.95 3228.69 4417.98 -1 1
-17902.3 34030.8 57466.5 69144.7 1 1
5535.07 -13722.6 31006.1 34356 1 0
event 73
-13466.7 5688.3 37701.8 40555.2
7020.5 -5453.31 10344.2 13639.6 -1 0
-4750.55 3277.37 17330.6 18266.7 1 1
-8716.18 2410.93 20371.2 22288.6 -1 1
2344.12 -836.546 5661.98 6185.78 1 0
event 74
9594.21 -2030.02 15956.9 18983.7
4795.41 -2399.49 9761.1 11137.5 1 1
4798.81 369.471 6195.75 7846.25 -1 1
2807.89 2567.79 4784.88 6114.24 -1 0
2400.8 499.489 4154.25 4825.17 1 0
event 75
-11273.9 -9130.73 -21614.7 26215.5
3926.11 3513.36 -18577.3 19310.3 1 0
-1263.72 -1768.78 -1788.35 2816.9 1 1
-10010.2 -7361.95 -19826.3 23398.6 -1 1
6716.47 6703.25 -36401.9 37618.5 -1 0
event 76
16316.2 -17697.4 19254.1 30979.5
-5239.74 4519.13 -528.106 6940.28 1 0
3814.87 -2550.09 2974.52 5469.47 1 1
12501.3 -15147.3 16279.6 25510 -1 1
-5124.91 5431.11 -1223.27 7567.64 -1 0
event 77
14893.3 -14103.8 19164.3 28241.6
8243.39 -9104.89 9783.68 15703 -1 1
6649.91 -4998.87 9380.62 12538.6 1 1
-2908.05 3850.73 458.663 4848.34 -1 0
-2371.22 2019.68 -332.408 3134.24 1 0
event 78
-4095.04 2843.88 -12515.2 13823.1
-1449.21 2866.67 -6519.2 7268.37 1 1
-2645.83 -22.7894 -5996.03 6554.73 -1 1
3918.57 -6365.54 -7457.78 10559.6 -1 0
3715.84 -2888.47 5387.31 7154.37 -1 0
event 79
-4184.8 -10430.1 16989.7 20604.4
-2333.72 7032.16 14237.5 16050.4 -1 0
-745.208 -3711.48 3554.89 5194.12 -1 1
-5621.97 8067.23 14630.6 17628.1 1 0
-3439.6 -6718.64 13434.8 15410.3 1 1
event 80
-8605.06 -489.297 -2138.47 9404.86
-5502.53 288.923 -2730.06 6150.25 -1 1
-3102.53 -778.219 591.585 3254.61 1 1
14820.4 -7467.59 -18358.4 24747.8 -1 0
2947.84 -448.591 -3839.01 4862.11 1 0
event 81
-2902.95 7137.99 -17384.2 19266
3700.53 1894.84 -161.19 4161.91 -1 0
-761.876 2027 -8683.24 8949.81 1 1
-2141.08 5110.99 -8700.97 10316.2 -1 1
4515.93 -1103.99 -561.03 4683.84 1 0
event 82
1796.78 -6235 -7937.68 10709.8
182.536 3245.04 1859.87 3746.18 1 0
975.958 -2184.2 -5272.37 5790.71 1 1
4679.44 6054.43 2861.46 8170.21 -1 0
820.82 -4050.8 -2665.31 4919.12 -1 1
event 83
20662 22061.5 -67443.8 73972.2
17596.7 17055.5 -55052.3 60260.2 1 1
3065.3 5006.05 -12391.5 13711.9 -1 1
2212.91 -5316.35 -6863.29 8959.71 -1 0
1220.24 -1701.17 -3312.31 3919.89 1 0
event 84
14705.9 356.126 39772.8 42518.9
-5156.59 588.753 3598.05 6316.19 1 0
5156.92 -1192.59 12238.1 13334.1 -1 1
-2173.97 78.5107 2023.87 2973.14 -1 0
9548.97 1548.71 27534.7 29184.8 1 1
event 85
-15711.7 9400.5 99746.4 101460
2570.25 -7688.06 2325.97 8434.08 -1 0
-4153.29 4143.35 30618.8 31176 1 1
-11558.4 5257.15 69127.6 70284.2 -1 1
2049.94 -3743.02 1545.92 4540.2 1 0
event 86
-10180.5 1343.92 8962.28 13977.2
-6163.14 1527.27 3687.51 7343.41 -1 1
-4017.39 -183.358 5274.77 6633.81 1 1
8837.76 -936.72 -32565.8 33756.9 -1 0
2829.11 204.258 -10448.4 10827.1 1 0
event 87
1352.75 -9709.74 -42113.6 43350.4
1725.8 -5353.08 -28552.4 29101.3 1 1
-373.051 -4356.66 -13561.2 14249.1 -1 1
-19.9748 10705.8 -18890.2 21713.3 -1 0
-655.394 8637.64 -13647.1 16164.5 1 0
event 88
34198.2 23182.5 -177672 182439
16826.1 12576.6 -95531.5 97813.9 1 1
17372.2 10605.9 -82140.5 84624.8 -1 1
-14449.1 -8301.56 1204.73 16707.9 -1 0
-3354.98 -2218.51 -321.299 4036.35 1 0
event 89
42645.3 27529.7 -216685 222573
-10937.6 -7819.56 1314.04 13509.8 -1 0
5405.8 3729.21 -32768.4 33420.1 1 1
37239.5 23800.5 -183917 189153 -1 1
-4459.87 -2506.57 -561.753 5147.82 1 0
event 90
-830.808 10706.7 -32650.8 34510.7
804.719 4751.18 10397 11459.9 -1 0
-1517.29 3748.82 -14686.4 15233.4 -1 1
686.479 6957.84 -17964.4 19277.3 1 1
2215.17 -4421.78 -2616.59 5596.15 1 0
event 91
10621.8 4361.21 -31533.1 33701.2
-3699.94 -2219.89 -40.1744 4316.28 -1 0
1565.82 1277.82 -3103.98 3705.46 -1 1
9055.99 3083.39 -28429.2 29995.8 1 1
-3716.96 -2223.23 1393.35 4550.95 1 0
