event 0
4336.39 9574.87 -21073.3 23752
-3154.88 2264.59 2974.5 4892.9 -1 0
-148.241 2958.28 -5668.87 6396.93 -1 1
4484.63 6616.59 -15404.4 17355 1 1
601.469 -4197.17 -16905.4 17429.3 -1 0
event 1
-18122.1 -37542.2 -27079.3 49806.7
2264.88 5440.39 -8051.2 9978 -1 0
-1929.52 -4769.8 -4533.57 6858.46 1 1
-16192.6 -32772.4 -22545.7 42948.2 -1 1
285.187 2747.25 -3730.53 4642.93 1 0
event 2
-16425 -33876.4 -24344 44940.1
-13104.6 -24672.7 -16965.1 32684.8 1 1
-3320.36 -9203.7 -7378.93 12255.3 -1 1
2512.49 8350.9 -8855.81 12429.3 -1 0
-288.897 2689.38 -3724.91 4604.6 1 0
event 3
-10654.8 8645.63 -25532.2 29150.5
-6431.49 3644.05 -11580 13738.6 1 1
-4223.34 5001.58 -13952.2 15411.9 -1 1
9254.44 -1721.56 56100.1 56884.4 -1 0
-2215.2 748.021 9599.55 9880.75 1 0
event 4
10493.8 2992.87 23943.6 26494.6
5761.43 2946.68 15814.9 17088 1 1
4732.39 46.1958 8128.65 9406.59 -1 1
-17486.1 3332.63 107399 108864 1 0
-6318.04 3134.81 40537.3 41146.5 -1 0
event 5
5206.57 -1713.89 -7799.88 10023.7
2754.9 -1658.24 -2166.15 3878.48 -1 1
2451.67 -55.6521 -5633.72 6145.23 1 1
-5046.88 488.609 32.6993 5071.68 -1 0
-4191.16 -415.135 1331.48 4418.39 1 0
event 6
-394.836 8810.82 -14080 16900.3
-457.148 4564.87 -4529.41 6447.77 1 1
62.312 4245.95 -9550.55 10452.6 -1 1
-533.315 7517.71 -9668.66 12259.5 -1 0
158.35 2255.73 -1841.03 2917.86 1 0
event 7
3448.25 -11298.8 -9968.44 15764.4
-3256.7 5808.35 -2864.22 7249.69 -1 0
1450.04 -2167.54 -3626.78 4468.28 -1 1
1998.21 -9131.31 -6341.66 11296.1 1 1
-1643.55 8700.31 -1587.39 8995.97 1 0
event 8
3578.37 -11287.8 -14735.2 19155.6
1360.05 -7389.83 -7330.91 10498.2 -1 1
2218.32 -3897.99 -7404.25 8657.33 1 1
-3901.55 8107.4 -2863.11 9442.49 -1 0
-968.144 1990.94 39.1228 2216.71 1 0
event 9
-10627.7 -3769.73 -4677.97 12595.1
504.042 5303.03 -6875.58 8698.33 1 0
-2647.13 -479.302 163.545 2697.21 1 1
1794.25 13989.6 -19907.2 24397.4 -1 0
-7980.58 -3290.43 -4841.51 9897.88 -1 1
event 10
-28868.6 -12912.6 116377 120637
-3154 -1551.75 10805.8 11363.7 1 0
-6157.77 -1853.74 20268.7 21264.7 -1 1
-2513.43 -1383.5 6702.59 7291.59 -1 0
-22710.9 -11058.9 96107.9 99372.2 1 1
event 11
-40252.1 -2789.43 10483.9 41803.3
-22500.4 -75.3179 6249.38 23352.5 -1 1
-17751.7 -2714.11 4234.5 18450.8 1 1
7838.73 4966.95 -6202.16 11162.2 -1 0
2136.21 845.682 -1155.69 2573.97 1 0
event 12
-34125.5 -2685.75 8661.09 35445.3
-21140.9 -227.158 5797.87 21923 -1 1
-12984.5 -2458.59 2863.23 13522.3 1 1
8855.68 4188.64 -9063.41 13346.3 -1 0
3121.27 648.183 -1948.59 3737.73 1 0
event 13
10684.9 -6471.98 13747.4 18831.8
-4867.75 -1997.88 17108.9 17900.1 -1 0
2221.19 -431.563 3901.29 4511.22 -1 1
8463.74 -6040.42 9846.16 14320.6 1 1
-5369.72 -2799.5 19833.6 20737.7 1 0
event 14
9339.41 1740.43 14623.5 17711.3
5205.92 1995.25 6296.07 8410.37 -1 1
4133.49 -254.816 8327.39 9300.93 1 1
606.426 -2709 -667.537 2857.13 -1 0
2757.75 -3838.16 2452.92 5325.84 1 0
event 15
9521.72 3888.72 -11682.8 15870.2
-3218.17 -640.251 15527.5 15870.8 1 0
3899.38 2929.88 -6751.91 8330 1 1
-2633.44 1926.09 7393.33 8081.91 -1 0
5622.34 958.847 -4930.87 7540.21 -1 1
event 16
-6258.45 -13964.3 34049.3 37458.2
2160.53 9691.86 14464.9 17545.5 -1 0
-2679.86 -4476.17 8553.45 10019.5 1 1
-3578.58 -9488.16 25495.8 27438.7 -1 1
594.604 2200.5 4996.09 5492.52 1 0
event 17
-25942.9 -2005.66 54813.1 60754.6
12434.6 -1595.69 53958.2 55395.5 -1 0
-5270.19 -433.584 8477.23 9991.87 -1 1
-20672.8 -1572.08 46335.9 50762.8 1 1
3886.41 -322.963 21321.9 21675.9 1 0
event 18
-35912.3 -2451.29 72809.4 81280.4
15604.7 -657.462 66141.1 67960.2 -1 0
-13016.4 -1146.83 23206.8 26632.8 -1 1
-22895.9 -1304.46 49602.7 54647.6 1 1
2586.63 -421.215 13403.9 13658.1 1 0
event 19
9503.7 10638 53200.8 55167.1
8099.18 1348 26316.9 27568.2 1 0
3213.45 5862.71 25532.1 26393.1 -1 1
5427.95 1494.66 16361 17302.9 -1 0
6290.25 4775.25 27668.7 28773.9 1 1
event 20
9016.56 11932.7 49145.8 51464.4
5078.66 5728.19 20260.2 21658.5 -1 1
3937.9 6204.48 28885.6 29805.9 1 1
20622 2364.98 67828.2 70933.3 -1 0
3623.37 940.032 11645 12232.3 1 0
event 21
7613.37 7070.27 37861.7 39383.4
6633.39 2118.38 23092.1 24119.4 1 0
3133.9 1097.31 9935.82 10476.5 1 1
12584.2 1197.99 45881.7 47591.4 -1 0
4479.47 5972.97 27925.9 28906.9 -1 1
event 22
9738.51 11840.5 54309.3 56516.6
6145.79 5127.41 29303.7 30377.3 -1 1
3592.72 6713.13 25005.6 26139.4 1 1
6615.43 675.35 21049.6 22075.3 -1 0
4877.58 1281.46 15907.9 16688.5 1 0
event 23
-946.372 -9889.91 22872.5 25128.7
993.536 4635.32 2179.12 5218.53 1 0
1095.04 -4470.45 10695.5 11644.3 1 1
-2041.41 -5419.46 12177.1 13484.4 -1 1
1283.45 5299.49 6196.66 8254.79 -1 0
event 24
-2095.85 -10423.1 29079.5 31116.6
1246.34 3531.75 1726.36 4125.3 1 0
271.715 -5236.25 11601.9 12732.2 1 1
-788.511 2503.87 2316.68 3502.75 -1 0
-2367.57 -5186.87 17477.6 18384.4 -1 1
event 25
-13191.2 -2150.69 52196.8 54006.7
-6948.9 574.887 29272.3 30091.5 -1 1
-6242.27 -2725.58 22924.5 23915.2 1 1
3238.28 156.982 11884.8 12319.5 -1 0
1786.33 1319.62 7516.89 7838.82 1 0
event 26
-3028.36 -10689.4 17745.7 21164.5
-1437.69 -3851.3 1776.82 4479.7 1 0
-2458.07 -4918.42 10767.1 12090.3 1 1
-60.4357 -2371.75 2800.71 3672.06 -1 0
-570.298 -5770.93 6978.59 9074.19 -1 1
event 27
7239.6 4665.08 5795.72 11016
5449.95 2196.36 2139.9 6254.3 -1 1
1789.65 2468.73 3655.82 4761.68 1 1
3924.9 -4731.43 -646.53 6182.27 -1 0
1941.6 -1962.46 1257.75 3035.48 1 0
event 28
4016.59 1025.25 2247.02 5641.25
2226.6 2113.07 1205.38 3299.53 1 1
1789.99 -1087.82 1041.64 2341.71 -1 1
3050.36 -4930.78 2301.1 6238.87 -1 0
3400.84 -3322.83 -196.03 4759.88 1 0
event 29
-8278.5 -5451.31 -17661.8 20488.6
2256.36 2054.47 -5824.22 6576.08 1 0
-2797.29 -3647.11 -8392.75 9569.51 -1 1
788.299 2768.65 -4724.32 5533.28 -1 0
-5481.21 -1804.2 -9269.06 10919 1 1
event 30
11022.9 1220.37 6448.82 13197.4
-3280.54 -2675.27 3490.27 5487.45 1 0
4245.06 716.507 4257.21 6055.48 1 1
-2936.87 -373.471 3569.39 4638.57 -1 0
6777.79 503.865 2191.61 7141.89 -1 1
event 31
2251.08 -5857.29 -2774.15 7527.56
-2426.72 3282.32 747.991 4151.29 1 0
1586.97 -1531.11 227.325 2219.37 1 1
-3568.52 7136.66 993.525 8041.42 -1 0
664.109 -4326.18 -3001.47 5308.19 -1 1
event 32
12422.8 3989.39 -45290.8 47234.4
6799.45 1331.02 -27171.2 28040.8 -1 0
4004.46 65.946 -16644.6 17120 1 1
10279.5 1845.07 -54794.9 55781.4 1 0
8418.29 3923.45 -28646.2 30114.4 -1 1
event 33
15576.5 6143.4 -62884.2 65148.9
7419.64 4554.77 -31023 32221.6 -1 1
8156.82 1588.63 -31861.2 32927.2 1 1
6547.37 2135.19 -31124.3 31877.3 -1 0
5402.84 1701.68 -26815.9 27407.9 1 0
event 34
2191.85 7260.78 -5640.33 9946.21
-250.16 4083.26 -2108.89 4603.72 -1 1
2442.01 3177.52 -3531.44 5342.49 1 1
6163.93 -13176.2 6525.78 15943.7 -1 0
1808.29 -3758.9 1513.65 4438.64 1 0
event 35
-7972.65 2712.63 283.022 8977.32
-4812.14 50.379 -185.56 4817.14 -1 1
-3160.5 2662.25 468.582 4160.18 1 1
1653.99 -1947.81 -2752.42 3757.21 -1 0
3797.22 -1978.46 -9319.48 10256.6 1 0
event 36
-7834.29 -9647.86 12131.7 17641.6
-3761.71 -5386.18 4355.38 7883.01 1 1
-4072.59 -4261.68 7776.3 9758.58 -1 1
3230.18 9951.84 62869.8 63734.6 -1 0
834.608 2633.16 12414 12718 1 0
event 37
13230.5 -29814.1 59698.4 68098.6
8005.02 -14337 29171.7 33475.8 1 1
5225.49 -15477.1 30526.7 34622.8 -1 1
-1113.69 8922.16 28063 29468.4 -1 0
-1366.11 5425.6 25168.7 25783.3 1 0
event 38
5747.45 -16364.4 30113.7 34889.2
-1374.68 5176.4 18681.9 19434.8 1 0
2132.9 -5740.2 13686.4 14994.3 1 1
388.805 2339.44 6416.7 6841.74 -1 0
3614.54 -10624.2 16427.3 19894.9 -1 1
event 39
-9298.6 11987 17917.2 23680.5
-5840.4 9607.17 13787.5 17790.9 -1 1
-3458.21 2379.83 4129.62 5889.63 1 1
781.903 -3748.3 2571.03 4613.29 -1 0
3902.52 -5656.05 5051.56 8529.36 1 0
event 40
6615.65 7285.18 -11628.4 15545.2
3677.44 4213.59 -8837.76 10459.2 -1 1
2938.21 3071.59 -2790.68 5085.94 1 1
-132.146 2056.92 3582.07 4134.1 -1 0
-3075.15 -3731.53 18049.2 18685.9 -1 0
event 41
-2703.77 -7562.72 -3815.83 9415.73
-3078.63 2098.8 -7330.6 8223.86 -1 0
-1583.67 -1914.76 36.1258 2487.33 -1 1
-1120.1 -5647.96 -3851.96 6928.4 1 1
-5014.73 1525.07 -5030.75 7265.88 1 0
event 42
-6527.06 7213.35 2133.26 10429.7
-3089.28 -482.37 -1735.73 3577.74 1 0
-1817.49 3984.9 1710.48 4703.15 1 1
-2755.82 -20.9114 -1339.43 3065.97 -1 0
-4709.56 3228.45 422.788 5726.5 -1 1
event 43
-21939.5 -8116.93 -64080.8 68287.4
-15931.6 -4747.35 -47828.1 50634.9 -1 1
-6007.9 -3369.58 -16252.6 17652.4 1 1
23620.9 -3385.79 -64852.4 69103.2 -1 0
2197.09 -424.289 -5811.92 6228.71 1 0
event 44
9024.04 -8869.81 6509.07 14562.5
327.05 2984.68 13872 14193.6 -1 0
4477.41 -3143.3 4187.37 6890.05 -1 1
-1888.7 -2324.87 8170.13 8702.55 -1 0
4546.63 -5726.51 2321.7 7672.43 1 1
event 45
9175.54 982.358 -4340.3 10657.6
-3315.88 -3725.05 3951.9 6363.94 -1 0
4141.98 1762.61 -2927.08 5370.46 -1 1
5033.56 -780.257 -1413.22 5287.14 1 1
-1771.72 -2553.01 1099.9 3298.15 1 0
event 46
-733.621 24492.3 -11600.3 27286.8
303.686 -9112.72 4488.05 10163.1 -1 0
623.185 3225.73 -741.895 3369.76 1 1
-1356.81 21266.6 -10858.4 23917 -1 1
104.068 -2164.56 1040.19 2406.1 1 0
event 47
-9925.06 2083.99 -21249 23747.9
-2764.69 1425.01 -8035.19 8616.82 1 0
-3968.77 -686.285 -8430.05 9343.39 -1 1
146.254 2549.76 -7509.28 7932.41 -1 0
-5956.28 2770.27 -12819 14404.5 1 1
event 48
-16506.5 -11397.6 18903.8 27736.5
-3981.73 -1270.68 3530.51 5472.15 1 0
-3326.98 -3424.13 5799.06 7512.24 -1 1
-2284.69 -2598.21 3133.86 4669.34 -1 0
-13179.5 -7973.48 13104.7 20224.2 1 1
event 49
-3538.66 -6778.99 -20491.1 22089.7
3766.44 -5590.69 6792.53 9570.35 1 0
-2292.2 -2528.31 -5652.91 6604.02 1 1
64.7819 -3052.54 2276.91 3810.21 -1 0
-1246.46 -4250.68 -14838.2 15485.6 -1 1
event 50
17044.4 -19567.5 17261.1 31319.9
-4509.53 10489.5 8864.02 14455 1 0
2722.61 -4535.83 4526.77 6963.41 1 1
-13310.9 29884.2 26745.7 42256.3 -1 0
14321.8 -15031.7 12734.4 24356.5 -1 1
event 51
8533.91 -9984.84 9424.82 16460.3
-3333.59 4938.45 3662.71 6994.83 -1 0
3959.35 -3709.05 5618.36 7810.93 -1 1
4574.56 -6275.79 3806.46 8649.41 1 1
-1801.19 3596.65 3269.12 5184.45 1 0
event 52
17066.1 -19175.8 15651.8 30290.7
11329 -12352.1 8143.35 18634.6 -1 1
5737.09 -6823.68 7508.45 11656.1 1 1
-4723.81 6842.67 5993.11 10250.1 -1 0
-2143.08 5520.12 4802.53 7624.96 1 0
event 53
-25784.9 3543.29 32542.3 41785.3
-18241.7 3579.28 21657.2 28541.5 -1 1
-7543.25 -35.9974 10885.1 13243.8 1 1
5633.93 1480.09 21936.9 22697.4 -1 0
2477.52 318.482 10613.8 10904.3 1 0
event 54
3115.84 7378.4 -16181.9 18319.3
538.436 5108.69 -10189.4 11411.6 1 1
2577.41 2269.7 -5992.5 6907.67 -1 1
-9190.26 253.87 -25531 27136.1 -1 0
-6165.6 179.533 -13057.9 14441.9 1 0
event 55
-5663.19 1828.62 -33831.6 34490.4
1478.65 -3450.22 -12021.5 12594.4 -1 0
-1601.96 2008.89 -10754.7 11057.8 1 1
3916.83 -4973.85 -13916.1 15288.8 1 0
-4061.23 -180.263 -23077 23432.5 -1 1
event 56
11716.5 -307.726 -15249.9 19481.3
-3478.4 -516.131 4661.31 5839.92 1 0
2010.49 -1249.36 -3091.34 3894.94 -1 1
9705.96 941.629 -12158.6 15586.4 1 1
-7578.96 916.56 6894.66 10287.3 -1 0
event 57
-4500.64 -10594.3 -23956 26757.7
4686.5 599.025 8421.16 9656.57 -1 0
-2438.98 -2945.23 -10045.4 10749.1 1 1
-2061.66 -7649.11 -13910.6 16008.6 -1 1
2764.12 1363.76 11321.2 11733.7 1 0
event 58
3310.97 11194.1 2791.6 12395.7
762.072 7494.36 2288.17 7873.57 1 1
2548.9 3699.74 503.431 4522.12 -1 1
496.333 -3035.85 2400.95 3903.64 -1 0
1961.75 -2044.59 1715.78 3314.19 1 0
event 59
5339.98 3919.83 15369.1 17020
2355.49 2642.4 4813.18 5975.66 1 1
2984.49 1277.43 10555.9 11044.4 -1 1
-7717.92 -3237.59 26064.9 27375.8 -1 0
-6924.26 -2015.89 22059.9 23209 1 0
event 60
-6080.65 13175.4 80934 82282.8
-2286.73 8518.74 46706.4 47532 1 1
-3793.92 4656.67 34227.6 34750.8 -1 1
7389.74 -6709.09 44750.3 45850 -1 0
2639.89 -2115.55 12315.1 12771.7 1 0
event 61
-12293.9 -7619.25 3023.99 15097.3
-7365.54 -2762.21 1780.98 8066.22 -1 1
-4928.32 -4857.04 1243.01 7031.03 1 1
-3940.48 1150.4 608.976 4151.25 -1 0
-2524.77 -938.532 2460.88 3649.98 1 0
event 62
-5492.34 -7376.97 -16340.2 19004.7
-6449.94 -1681.27 -11204.7 13037.8 -1 0
-1958.88 -621.617 -4020.53 4516.58 1 1
-9686.97 -5932.48 -23735.8 26314.1 1 0
-3533.46 -6755.36 -12319.7 14488.2 -1 1
event 63
3806.99 -14539.2 25094 29414
3365.48 257.969 -1883.95 3866.97 1 0
2254.92 -3316.35 6298.51 7467.61 -1 1
1167.07 2154.33 -52.5599 2452.98 -1 0
1552.07 -11222.9 18795.5 21946.4 1 1
event 64
5607.8 -6844.18 -6115.37 11192.8
-2580.93 2508.27 -7928.88 8708.1 1 0
2525.61 -3365.84 -1092.39 4348.8 1 1
-2782.81 1805.69 -5909.03 6777.34 -1 0
3082.19 -3478.35 -5022.98 6844 -1 1
event 65
-9806.31 3424.55 12933.1 16874.5
3490.46 2002.88 3153.36 5113.68 -1 0
-2543.95 1350.47 5840.93 6513.3 1 1
10891.8 4831.79 16927.5 20700.9 1 0
-7262.37 2074.08 7092.18 10361.2 -1 1
event 66
-9058.64 4192.84 -1863.84 10616.1
2423.22 -2047.31 5579.61 6419.25 -1 0
-3951.21 1976.58 -2387.57 5023.01 -1 1
-1841.68 -1226.18 -1977.87 2969.58 1 0
-5107.43 2216.26 523.735 5593.13 1 1
event 67
5740.72 13752.8 -51766.1 53957.5
-3585 -6095.89 -3128.62 7733.79 -1 0
2195.3 2312.82 -12838.6 13229.1 -1 1
3545.42 11440 -38927.6 40728.5 1 1
-1999.81 -1650.9 -1244.1 2878.13 1 0
event 68
-20164.9 -18505 -13195.6 30541.4
3793.13 7632.9 -29892.3 31083.9 -1 0
-3189.08 -1905.73 -996.772 3847.96 -1 1
-16975.8 -16599.3 -12198.9 26693.4 1 1
2597.19 13258.6 -42340.1 44443.6 1 0
event 69
-6870.78 651.136 -19836.3 21229.7
-4170.36 -1126.14 -10827.6 11658 -1 1
-2700.41 1777.27 -9008.66 9571.73 1 1
-5670.22 -1193.38 -27591.4 28193.5 -1 0
-1617.11 -1353.89 -12721.6 12895.7 1 0
event 70
8752.43 4799.96 6230.86 12168
337.467 3920.51 4468.78 5955.29 -1 0
3041.76 84.5821 1852.31 3563.94 -1 1
5710.67 4715.38 4378.55 8604.03 1 1
1503.85 5140.11 9297.05 10729.8 1 0
event 71
-2730.83 -12286.7 16770.4 21195.7
-2910.34 -6502.98 10164.4 12413.1 -1 1
179.513 -5783.71 6605.91 8782.52 1 1
-416.018 -4822.89 791.208 4906.17 -1 0
1096.22 -3984.6 3014.1 5116.12 1 0
event 72
-7703.12 13566.2 20920.7 26280.2
-5688.19 8624.01 15833.7 18906.2 1 1
-2014.93 4942.22 5087.03 7373.9 -1 1
2534.5 3504.21 3078.39 5309.5 -1 0
2541.83 1402.99 2016.47 3536.47 1 0
event 73
4236.4 5834.2 1197.97 7937.81
1684.29 4180.27 -353.89 4521.94 -1 1
2552.11 1653.92 1551.86 3415.87 1 1
-2091.12 -7740.89 6378.91 10246.7 -1 0
-3114.12 -5520.78 3853 7418.46 1 0
event 74
25479.2 -3305.16 -14278.1 29556.2
21273.9 -3504.69 -12898.7 25124.7 1 1
4205.33 199.528 -1379.33 4431.52 -1 1
2649.73 -1298.63 -790.919 3056.84 -1 0
7165.06 -2939.03 -4518.5 8966.82 1 0
event 75
51096.7 -8632.34 -25701.1 57926.9
27261.2 -5870.84 -14821.5 31580.5 -1 1
23835.5 -2761.5 -10879.5 26346.4 1 1
30062.5 -13389.2 -18474 37740.2 -1 0
5860.42 -2030.54 -3269.25 7011.91 1 0
event 76
51560.5 -21860.5 -31421.5 64290.5
10833.5 -2826.95 -6956.55 13181.9 1 0
9622.11 -3177.94 -4724.08 11180.9 1 1
41938.3 -18682.6 -26697.4 53109.6 -1 1
35083.1 -4525.72 -18345.4 39848.1 -1 0
event 77
-12675.3 -17969.4 -85454.1 88292.5
-7530.03 -12432.8 -60292.6 62020.1 -1 1
-5145.26 -5536.6 -25161.5 26272.4 1 1
3155.41 793.815 -2090.95 3869.11 -1 0
8051.4 1619.1 -3698.23 9007.48 1 0
event 78
4586.35 -10228.8 -3390.75 12277.9
1176.92 -5839.56 -414.203 5972.3 1 1
3409.43 -4389.2 -2976.55 6305.58 -1 1
-3652.88 1039.78 15594.6 16050.8 -1 0
-985.135 2408.93 6377.88 6889.26 1 0
event 79
-569.349 -14443.9 67774.2 69367.7
-1623.01 -9670.04 41538 42679.8 1 1
1053.66 -4773.87 26236.1 26687.9 -1 1
3282.57 -558.773 -747.758 3414.35 -1 0
2433.42 1002.27 -2345.5 3526.85 1 0
event 80
-3151.58 -6514.63 -5108.24 9383.89
-2398.58 2224.48 -3732.61 4964.38 1 0
-486.806 -2894.53 -3589.42 4637.93 1 1
-3248.24 4230.01 -1468.68 5532.84 -1 0
-2664.78 -3620.1 -1518.82 4745.96 -1 1
event 81
-13193.5 10779.3 10866.5 20443.4
3767.48 1809.6 -1248.13 4363.21 1 0
-2151.17 1667.78 3203.32 4204.93 -1 1
-11042.3 9111.56 7663.22 16238.5 1 1
4498.58 88.3275 893.005 4588.43 -1 0
event 82
-7320.6 6134.23 5601.67 11497.4
-3176.24 3854.08 4297.5 6589.54 1 1
-4144.36 2280.15 1304.17 4907.84 -1 1
8234.97 2254.61 -3067.16 9072.85 -1 0
3228.53 403.801 -406.944 3280.73 1 0
event 83
-9522.32 -1346.57 -27127.3 28947.7
5767.65 3.75265 -8817.56 10536.9 1 0
-3569.89 811.172 -12060.2 12604.1 1 1
18714.3 -4271.03 -28373.8 34257.1 -1 0
-5952.43 -2157.74 -15067 16343.6 -1 1
event 84
5528.35 -5380.35 15843.5 17891.9
-3263.67 5128.39 3519.28 7024.84 1 0
1418.03 -3300.52 8415.97 9151.17 1 1
-709.713 2328.59 1801.85 3030.49 -1 0
4110.33 -2079.83 7427.55 8740.72 -1 1
event 85
-6466.28 7230.02 18683.8 21278.2
10998.4 -7547.18 -2137.69 13509.5 1 0
-1968.08 4248.76 7202.29 8591.24 -1 1
1259.36 -1829.63 -36.0187 2223.96 -1 0
-4498.2 2981.27 11481.5 12686.9 1 1
event 86
8725.7 -2533.26 -156.078 9600.55
-2310.59 -4543.26 -10281.2 11475.9 -1 0
3400.25 481.441 379.597 3456.7 1 1
-7425.76 -8794.94 -19192.8 22380.1 1 0
5325.45 -3014.7 -535.675 6143.85 -1 1
event 87
-5976.01 -11653.1 -25737.8 29043.6
3178.32 -6473.68 1850.19 7446.11 -1 0
-1488.48 -2188.42 -2956.98 3969.85 -1 1
4571.57 -9895.6 473.356 10911.3 1 0
-4487.54 -9464.69 -22780.8 25073.8 1 1
event 88
-10970.5 -24949.4 -51806.4 58620.1
4475.91 -11872 1341.37 12758.9 -1 0
-5277.02 -10887.6 -26157.1 28820 1 1
-5693.45 -14061.8 -25649.3 29800.1 -1 1
2245.47 -4773.67 -235.201 5281.72 1 0
event 89
-8231.15 -5048.06 -14260.3 17498
1887.29 5675.56 -14085.8 15303.5 1 0
-4799.93 -1179.96 -7579.8 9049.65 -1 1
468.804 3480.16 -12787.5 13261.3 -1 0
-3431.22 -3868.09 -6680.45 8448.37 1 1
event 90
6988.04 -5785.84 -16935.5 19460.5
4544.49 -2131.62 -10821.4 11929.4 -1 1
2443.54 -3654.22 -6114.06 7531.08 1 1
-8765.96 6618.7 -39219.6 40728.9 -1 0
-1939.59 1365.51 -7154.34 7538.07 1 0
event 91
13159.4 -406.647 4668.5 14308
8347.51 -1257.04 4107.11 9388.33 -1 1
4811.88 850.396 561.392 4919.72 1 1
3448.76 1705.73 -1216.67 4036.7 -1 0
5596.59 5.60185 166.306 5600.06 1 0
event 92
20637.3 522.184 5216.79 21609.5
5661.49 1762.17 579.293 5958.56 -1 0
5695.73 844.056 -62.239 5759.24 -1 1
14941.5 -321.873 5279.03 15850.3 1 1
8421.66 1351.52 -962.436 8584.2 1 0
event 93
7916.92 4936.52 -15618.6 18454.8
4146.73 4332.78 -9085.06 10886.6 1 1
3770.19 603.74 -6533.58 7568.2 -1 1
187.831 -2828.6 -4429.35 5259.9 -1 0
-1899.96 -3785.34 -7558.07 8664.54 1 0
event 94
-8612.39 -10564.4 2435.83 14188.2
1587.98 5440.37 3426.46 6623.53 -1 0
-2493.76 -3363.92 2209.51 4735.81 1 1
-6118.63 -7200.53 226.313 9452.38 -1 1
-221.459 2108.64 336.36 2149.35 1 0
event 95
4912.29 8438.42 18171.7 20860
1721.34 5160.16 7661.61 9396.9 1 1
3190.94 3278.26 10510.1 11463.1 -1 1
1735.72 -6746.94 -8707.15 11151.7 -1 0
2043.93 -2172.34 -2980.17 4217.73 1 0
