event 0
8386.88 -4704.77 2387.88 10381.1
3718.02 -3438.15 2244.54 5540.19 1 1
4668.86 -1266.63 143.341 4840.9 -1 1
12946.5 -15138.4 13091.3 23836.5 -1 0
5470.25 -4310.34 3187.19 7659.76 1 0
event 1
-1799.09 -7420.21 8929.4 12149.9
1436.91 4545.54 -2866.21 5563.54 -1 0
-1398.72 -2033.16 4619.9 5238.77 1 1
397.2 6470.8 -5423.05 8452.79 1 0
-400.368 -5387.06 4309.5 6911.12 -1 1
event 2
4874.94 -9185.47 -807.514 10880.3
2449.08 2030.02 3553.45 4770.44 -1 0
305.992 -2933.89 -1049.05 3132.58 1 1
4568.95 -6251.58 241.539 7747.71 -1 1
3466.5 2755.11 5509.08 7068.83 1 0
event 3
-23368.8 1341.96 -110334 112832
17370.9 4005.5 -10324 20600.7 -1 0
-4591.89 -580.55 -26295.8 26700.2 -1 1
-18776.9 1922.51 -84038.2 86131.9 1 1
2444.83 -64.8992 -1259.14 2752.82 1 0
event 4
8571.69 -305.01 -11386.3 14587.9
4328.42 126.342 -8161.81 9239.99 1 1
4243.28 -431.351 -3224.5 5347.9 -1 1
2273.41 -2879.57 -15960.3 16376.9 -1 0
1523.28 -1760.37 -5902.37 6345.74 1 0
event 5
-12063.8 -345.643 1697.8 12574.8
-6398.67 -216.106 -658.538 6436.96 1 1
-5665.1 -129.537 2356.34 6137.88 -1 1
6109.05 -2845.09 286.257 6745.97 -1 0
2961.79 -1792.19 392.348 3485.58 1 0
event 6
29324.8 -3139.08 41485.9 50994.8
14990.6 -1440.02 18537 23883.5 1 1
14334.2 -1699.06 22948.9 27111.2 -1 1
-26140.8 -21445.5 -46421.9 57430.4 -1 0
-1469.57 -1607.37 -3304.23 3958.84 1 0
event 7
18233.8 -8322.69 -50179.9 54123.5
13839.1 -7268.17 -36202.8 39433.5 1 1
4394.73 -1054.52 -13977.1 14690 -1 1
-3262.52 2265.06 -4963.93 6358.17 -1 0
-3949.93 2574.26 -6178.87 7772.93 1 0
event 8
5420.12 -6203.22 -21848.9 23554.7
4299.63 -3193.67 -16112.5 16979.7 -1 1
1120.49 -3009.55 -5736.4 6574.98 1 1
3790.44 3850.66 6859.7 8732.79 -1 0
1370.55 1483.54 1821.77 2722.01 1 0
event 9
43294.1 17537.2 17211.2 49877.3
25873.2 10999 11877.8 30520.4 1 1
17420.8 6538.16 5333.43 19356.9 -1 1
5839.78 2436.35 3598.83 7280.22 -1 0
3214.24 1999.39 3366.17 5066.67 1 0
event 10
23275.4 9494.73 8361.83 26672.2
9232.25 6038.45 8612.04 13995.6 1 0
10729.1 2969.64 4537.48 12022.2 -1 1
2159.58 1024.79 337.845 2416.46 -1 0
12546.3 6525.08 3824.35 14650 1 1
event 11
6980.23 7691.55 -41748.8 43132.8
4716.31 6565.39 -38504.2 39343.7 -1 0
2087.83 903.275 -6000.9 6418.49 -1 1
7284.5 8375.66 -45502.3 46836.8 1 0
4892.4 6788.27 -35747.9 36714.3 1 1
event 12
5120.05 6121.52 -650.057 8584.94
2412.64 3589.75 -1824.1 4695.28 1 1
2707.41 2531.76 1174.05 3889.66 -1 1
-7168.03 -2554.66 4434.11 8807.92 -1 0
-1670.01 -1100.72 1045.97 2259.59 1 0
event 13
9143.52 -4396.28 34490.9 36085.2
4256.11 -3734.71 17606.2 18494.6 -1 1
4887.41 -661.562 16884.7 17590.6 1 1
-8890.75 3323.31 25239.3 26965.2 -1 0
-3841.57 250.325 6383.25 7455.02 1 0
event 14
-541.698 19451.7 -37599.7 42449.8
-6865.92 1937.52 -26408.9 27355.7 -1 0
-1006.95 4015.65 -9992.68 10816.8 -1 1
465.253 15436 -27607 31633 1 1
-3193.82 2090.71 -11574 12187.7 1 0
event 15
-12187.5 -8787.61 -38456.3 41403.3
-6473.73 -4660.08 -16205.5 18062.5 1 1
-5713.79 -4127.53 -22250.7 23340.7 -1 1
5141.91 2368.64 -1446.28 5844.02 -1 0
1627.34 1310.68 -724.604 2214.12 1 0
event 16
-9216.12 1168.05 25224.7 27058.8
-3722.93 -517.153 7569.74 8452.21 1 0
-3829.24 1975.86 12271.7 13006.6 -1 1
-2249.5 893.461 6372.84 6817.83 -1 0
-5386.88 -807.809 12953.1 14052.2 1 1
event 17
-6088.81 -4624.06 1607.23 8404.11
364.702 3861.71 -3514.33 5235.22 1 0
-2505.14 -968.551 1874.38 3276.93 1 1
-3583.67 -3655.51 -267.151 5127.18 -1 1
2690.34 3046.7 -1434.13 4311.4 -1 0
event 18
52472.8 7613.43 38023.7 65320.4
-7357.76 -4545.21 -286.468 8653.83 1 0
24807.4 2042.34 17889.5 30653.3 1 1
-5533.34 -4529.3 -2716.26 7649.94 -1 0
27665.4 5571.09 20134.2 34667.1 -1 1
event 19
-15061 -10100.8 -3894.71 18804.8
-10059.8 -8391.58 -2493 13335.8 -1 1
-5001.2 -1709.26 -1401.71 5468.96 1 1
20208.5 4950.18 14404.1 25305.7 1 0
18849 1613.19 12685.8 22777.8 -1 0
event 20
-318.105 9059.14 -25729.5 27454.8
761.577 -4181.28 -1814.24 4622.31 -1 0
-1302.31 3171.4 -6971.37 7769.49 1 1
984.208 5887.74 -18758.1 19685.3 -1 1
805.969 -1972.49 506.041 2192.61 1 0
event 21
-3892.8 -9891.71 -4225.24 11850.9
-2781.25 -6396.4 -4274.56 8181.22 1 1
-1111.55 -3495.31 49.3182 3669.65 -1 1
10940.4 2128.19 -60621.1 61637.3 -1 0
2078.39 815.697 -10598 10831.1 1 0
event 22
-759.876 -10515.7 15703.9 19166.7
-1833.76 -6475.48 8567.93 10895.6 -1 1
1073.88 -4040.26 7135.99 8271.06 1 1
665.611 2333.39 -20.5964 2428.86 -1 0
-485.002 5206.87 2203.28 5675.59 1 0
event 23
-7372.67 -19606.7 -31288.3 37780
2553.55 -3257.62 -5636.13 6993.56 1 0
-862.218 -6252.04 -9714.96 11585.5 1 1
-254.703 -2527.06 -3203.84 4089.83 -1 0
-6510.46 -13354.6 -21573.3 26194.5 -1 1
event 24
11550.3 -4550.24 35482.9 37719.2
-7312.55 3411.86 -2474.29 8440.82 -1 0
3635.23 40.5354 10666.7 11269.7 -1 1
7915.05 -4590.78 24816.2 26449.6 1 1
-1912.97 1191.23 -379.626 2287.74 1 0
event 25
3963.61 5627.27 5405.79 9496.58
726.985 3577.8 9384.49 10070.2 -1 0
1302.13 1907.28 4152.7 4752.83 -1 1
5078.32 7795.25 15806.6 18341.6 1 0
2661.49 3719.99 1253.09 4743.76 1 1
event 26
-8033.7 3119.4 26409.9 27952.6
-4454.62 1074.22 18160 18729.5 -1 1
-3579.08 2045.18 8249.93 9223.08 1 1
3262.88 2156.79 6048.93 7204.09 -1 0
1523.86 1770.52 4874.52 5406.38 1 0
event 27
1864.84 6118.17 -15996.6 17504.1
-556.146 -3655.69 -4792.28 6053.97 -1 0
2087.23 1849.69 -5430.98 6106.12 1 1
1128.03 -4197.62 -1950.61 4765.35 1 0
-222.396 4268.48 -10565.6 11398 -1 1
event 28
4617.96 8599.92 4146.56 11048.5
-1775.28 -4089.98 -7103.89 8387.85 -1 0
803.105 3550.76 2758.9 4568.98 1 1
3814.85 5049.16 1387.66 6479.5 -1 1
-2072.95 -2759.71 -3114.45 4650.17 1 0
event 29
-955.962 -8037.93 71.4481 8667.08
-611.213 -4413.42 -1496.78 4701.42 1 1
-344.749 -3624.51 1568.23 3965.66 -1 1
-3500.66 3077.63 -9522.57 10602.7 -1 0
-1126.09 2437.21 -5536.49 6154.02 1 0
event 30
-9054.71 13907.2 87412 89027.2
4174.79 -2047.71 1694.65 4950.26 1 0
-1946.73 1223.46 9989.35 10251.1 -1 1
-7107.98 12683.8 77422.6 78776.1 1 1
7363.48 -1154.86 3038 8049.54 -1 0
event 31
-3870.93 -6880.33 12505.1 15109.4
-1770.08 -3405.89 8043.48 8913.02 -1 0
-960.499 -3185 2903.2 4416.62 1 1
-2910.43 -3695.33 9601.95 10692.7 -1 1
-825.099 -4125.5 5356.83 6812.29 1 0
event 32
-8775.15 -1012.28 -12392.8 15530.6
-1461.23 3632.59 -6555.37 7636.43 1 0
-2439.14 -156.247 -1414.78 2826.06 1 1
-2673.86 7906.4 -6933.34 10850.9 -1 0
-6336.01 -856.031 -10978 12704.5 -1 1
event 33
-6853.17 -9654.98 -5790.47 13539
-2132.91 2158.99 2310.35 3815.68 1 0
-3872.46 -3220.73 -3300.17 6022.57 1 1
656.609 2532.96 2834.81 3859.32 -1 0
-2980.71 -6434.25 -2490.3 7516.44 -1 1
event 34
-3335.32 8612.53 9748.05 13781
-633.532 5401.17 6483.97 8463.27 -1 1
-2701.78 3211.36 3264.08 5317.69 1 1
-1414.99 -2918.97 7817.62 8464.57 -1 0
15.211 -2839.87 15742.1 15996.5 1 0
event 35
13030.4 -9469.92 20570.5 26309.9
-3888.31 5818.26 1377.28 7132.97 1 0
4424.35 -4208.87 5793.82 8418.37 1 1
-6368.41 13187.3 2870.28 14923.5 -1 0
8606.08 -5261.05 14776.7 17891.5 -1 1
event 36
10297.1 -8487.96 14828.8 20188.1
-1970.65 3181.7 684.93 3806.18 1 0
1775.92 -953.813 4012.73 4491.86 1 1
8521.18 -7534.15 10816.1 15696.3 -1 1
-3601.93 7302 2340.07 8472.32 -1 0
event 37
-3827.08 4373.7 -6942.85 9569.14
-1389.88 3689.58 -5043.96 6402.93 1 1
-2437.2 684.116 -1898.89 3166.21 -1 1
9719.8 7350.21 -34464.1 36555.2 -1 0
3936.39 2241.86 -9587.4 10604.3 1 0
event 38
-9926.97 45772.2 -109618 119245
5625.12 -2820.45 -8548.81 10615.6 1 0
-3115.25 13706.9 -29412.4 32598.8 -1 1
2754.18 -533.215 -4059.33 4935.5 -1 0
-6811.71 32065.3 -80205.3 86645.7 1 1
event 39
-4490.56 26600 -64385.2 69876.9
-2392.97 14333.9 -38615.1 41259.2 -1 1
-2097.59 12266.2 -25770.2 28617.7 1 1
3602.05 -893.36 -6798.84 7746.5 -1 0
1949.79 -1066.6 -3514.84 4159.88 1 0
event 40
-6308.93 34532.9 -82241.6 89473.9
10826.4 -4998.36 -20804.6 23979.9 1 0
-1279.57 14768.7 -36188.5 39107.1 -1 1
1528.16 -2383.13 -4658.52 5452.3 -1 0
-5029.35 19764.2 -46053.1 50366.8 1 1
event 41
8476.19 13335 48551.9 51152.2
2024 -3819.86 -210.037 4329.34 -1 0
1019.98 3754.75 13922 14455.9 -1 1
7456.22 9580.29 34629.9 36696.3 1 1
1565.69 -1446.12 -423.522 2175.59 1 0
event 42
-3823.61 7980.02 847.593 9413.33
-3479.13 3710.71 576.42 5120.27 -1 1
-344.481 4269.31 271.172 4293.06 1 1
-5063.23 9666.49 -6373.2 12637.5 -1 0
-174.753 2345.85 -2400.54 3362.63 1 0
event 43
-18609.9 -7156.2 -46678.4 50852.8
-449.245 -5974.13 -19220.2 20132.5 1 0
-5515.16 -3626 -16168.1 17463.8 1 1
-2846.38 -2388.16 -12837.8 13365.1 -1 0
-13094.7 -3530.21 -30510.3 33389 -1 1
event 44
2531.2 8409.05 4575.96 10375.4
1817.99 -3989.86 1259.78 4563.14 1 0
-205.252 4644.59 2095.21 5100.53 -1 1
2095.47 -558.193 1690.27 2751.5 -1 0
2736.45 3764.46 2480.75 5274.9 1 1
event 45
-9973.87 -8493.69 -11259.8 17549.8
3835.09 2127.56 1096.51 4521.94 -1 0
-1854.94 -1871.98 -827.15 2764.14 1 1
-8118.93 -6621.7 -10432.6 14785.6 -1 1
4447.42 337.003 1371.46 4667.46 1 0
event 46
-10493.2 -5476.56 -18142 21882
-1045.19 5068.98 3270.06 6123.03 -1 0
-3498.16 -3532.57 -7527.05 9021.3 -1 1
-6995.08 -1943.99 -10614.9 12860.7 1 1
-787.921 1870.65 1428.64 2484.41 1 0
event 47
-791.377 -6785.79 32134.7 32998.5
2268.69 3162.54 14192.2 14716.6 1 0
-1223.14 -1929.06 6176.92 6586.57 1 1
431.767 -4856.72 25957.8 26412 -1 1
3700.39 1689.35 16854.4 17338.6 -1 0
event 48
-3869.72 10576.6 15299.3 19248.4
-6596.59 2385.8 -338.143 7023.71 -1 0
-2177.68 3584.68 7794.89 8852.33 -1 1
-1692.04 6991.92 7504.44 10396 1 1
-1904.38 1803.33 -480.579 2668.48 -1 0
event 49
-8764.32 -15635.4 -9799.59 20661.6
-6285.55 -3085 -11853.8 13767.7 -1 0
-818.32 -3140.66 -839.237 3353.93 -1 1
-7946 -12494.7 -8960.35 17307.7 1 1
-1757.22 -1230.29 -2643 3405.6 1 0
event 50
-3119.87 -15038.2 -30847.5 34598.2
-1733.24 3554.77 -2850.26 4876.03 1 0
-3041.39 -7056.78 -15111.2 16953.1 1 1
867.427 2709.56 -384.196 2872.79 -1 0
-78.4793 -7981.43 -15736.3 17645.2 -1 1
event 51
-9192.29 -2013.45 -13624.1 16845.2
-5040.64 397.453 -6165.43 7974.31 1 1
-4151.65 -2410.9 -7458.71 8870.86 -1 1
6222.14 -1837.51 -2291.89 6881.53 -1 0
2156.05 -90.4905 -111.412 2163.4 1 0
event 52
8853.13 -46135.1 -71481.2 85592
5725.58 -34374.9 -54841 64976.6 -1 1
3127.55 -11760.2 -16640.2 20615.4 1 1
-645.591 6107.24 -8027.63 10107.9 -1 0
-25.4232 2910.8 -3119.05 4267.67 1 0
event 53
17539.5 -7248.07 16085.7 25070.1
-3477.38 -790.832 7088.06 7935.32 -1 0
6698.91 -1672.77 4432.52 8205.61 -1 1
-3141.21 715.16 -5978.86 6792.39 -1 0
10840.6 -5575.3 11653.2 16864.5 1 1
event 54
11117.2 4472.8 11840.7 17128.7
6428.59 1648.97 8220.05 10565.3 1 1
4688.65 2823.83 3620.65 6563.36 -1 1
-13839.3 -4071.28 15635.2 21273.7 -1 0
-3083.09 -457.758 4179.68 5214.97 1 0
event 55
4124.91 7662.4 -16824.8 19193.5
-6535.87 -965.231 -18984.8 20101.8 1 0
3035.31 2772.21 -9095.7 9982.04 1 1
-2331.18 1444.54 -8896.41 9310.12 -1 0
1089.6 4890.19 -7729.08 9211.47 -1 1
event 56
-10737.4 1585.6 -7555.04 13582.2
4011.72 -1028.11 3179.07 5221.94 1 0
-4627.62 878.921 -5142.73 6974.69 1 1
3207.63 -1727.87 3015.97 4730.93 -1 0
-6109.79 706.681 -2412.31 6607.52 -1 1
event 57
8259.46 -3597.88 600.958 9545.36
-4494.37 5333.27 13938.8 15586.7 -1 0
2187.94 100.954 -730.912 2311.42 1 1
-5650.8 6126.87 13656.1 15999 1 0
6071.52 -3698.83 1331.87 7233.93 -1 1
event 58
-14948.8 11767.6 -13963.8 23801.7
-9426.54 7396.47 -10591.2 15992.2 1 1
-5522.26 4371.13 -3372.6 7809.46 -1 1
2144.57 -5967.21 60.1883 6342.04 -1 0
1858.98 -2933.46 1556.19 3807.09 1 0
event 59
-3834.3 18768.5 -26899.1 33168
-3156.05 15283.3 -19632.6 25079.6 1 1
-678.245 3485.27 -7266.57 8088.35 -1 1
2021.15 57.4567 -1555.98 2553.54 -1 0
7032.68 -3139.6 -13702.1 15718.6 1 0
event 60
-12303.8 -1443.95 14123.3 19040.1
-6308.52 -1450.17 9367.37 11386.8 1 1
-5995.33 6.21566 4755.9 7653.35 -1 1
-1635.21 4802.36 5360.34 7381.12 -1 0
-1978.79 1073.25 2674.99 3497.74 1 0
event 61
12171 2687.99 -3376.82 13279.8
-5108.47 -3228.85 13486.1 14778.7 -1 0
4624.31 -294.997 -467.172 4658.4 -1 1
-9739.66 -5296.25 16199.7 19630.4 1 0
7546.73 2982.99 -2909.64 8621.4 1 1
event 62
32005.7 -73836.6 138433 160155
-12456 47132 -4686.73 48975 1 0
15014.7 -30807.2 58700.8 67972.9 -1 1
-676.824 5992.83 52.7498 6032.09 -1 0
16990.9 -43029.4 79732.5 92181.9 1 1
event 63
-13783 58822.3 -4014.74 60627.9
4590.16 -12497.4 21997.8 25713.2 -1 0
-3167.22 12042.1 375.201 12457.7 -1 1
-10615.8 46780.2 -4389.94 48170.2 1 1
7566.34 -16074.4 29612.1 34533 1 0
event 64
-18362.9 64473.7 -5809.59 67360.2
19211.9 -42232.7 78342 91050.4 -1 0
-4622.72 15806.7 -100.991 16469.4 1 1
-13740.1 48667 -5708.6 50890.8 -1 1
2595.5 -5557.1 10086.3 11805.2 1 0
event 65
4549.49 3270.27 -27225.8 27968.3
2093.83 2900.05 -20230.2 20544.2 1 1
2455.66 370.223 -6995.66 7424.13 -1 1
431.57 5004.53 -18621.1 19287 -1 0
-370.546 -4542.67 13265.1 14026.7 1 0
event 66
-785.504 -14847 13046.7 20021.4
-428.05 5108.89 7997.82 9500.54 1 0
230.267 -6112.15 7261.43 9494.78 -1 1
530.906 2339.69 6797.83 7209.56 -1 0
-1015.77 -8734.86 5785.28 10526.6 1 1
event 67
-6208.71 6245 -2383.19 9634.16
-3297.38 3120.76 363.147 4555.75 1 1
-2911.32 3124.25 -2746.33 5078.41 -1 1
1057.43 -12292.2 -19101.5 22739.8 -1 0
3305.12 -9987.87 -19134 21835.8 1 0
event 68
16652 -4561.42 15366.2 23319.7
-3676.13 1176.51 14217.4 14732.4 1 0
2870.47 76.5554 3651.5 4646.51 -1 1
13781.6 -4637.97 11714.7 18673.2 1 1
-6577.18 3565.89 26767.2 27793.3 -1 0
event 69
-25292.4 -8035.47 28868.5 39335.2
-4206.82 2100.24 6462.08 7992.37 1 0
-8639.25 -1424.87 8432.04 12156.4 -1 1
-2854.84 2829.25 3192.07 5133.73 -1 0
-16653.2 -6610.6 20436.5 27178.8 1 1
event 70
-25848.2 -11034.5 4931.42 28701.9
8297.85 2960.79 -17870.3 19924.3 1 0
-9936.06 -4972.3 3325.35 11598.2 -1 1
1907.34 1370.96 -3832.23 4496.07 -1 0
-15912.1 -6062.22 1606.07 17103.7 1 1
event 71
-25522.4 -12267.5 5241.94 28964.7
5520.05 2066.25 -10221.3 11799.4 1 0
-11210 -6459.84 1173.08 12991.6 1 1
3345.63 2492.47 -9043.67 9960.15 -1 0
-14312.4 -5807.7 4068.86 15973.2 -1 1
event 72
5840.15 9000.85 -14599.2 18380.7
5152.16 5264.46 -9617.06 12114.4 -1 1
687.985 3736.39 -4982.18 6266.36 1 1
-2598.85 386.45 352.41 2653.06 -1 0
-5395.69 -1046.09 -1628.27 5733.25 1 0
event 73
4220.19 15442.5 22719.3 27965
-2118.76 -4446.58 3271.28 5913.85 -1 0
-58.3379 4650.22 7452.32 8785 -1 1
4278.52 10792.2 15267 19180 1 1
-1902.03 -1728.71 3095.41 4024.78 1 0
event 74
-6312.06 12061.6 -11284.5 18062.4
-2738.06 4003.34 -282.085 4859.47 -1 0
-1911.08 3106.26 -5274.55 6413.52 1 1
-4400.98 8955.35 -6009.91 11648.9 -1 1
152.123 3192.64 442.093 3228.42 1 0
event 75
9963.2 0.61207 -27937.7 29822.3
-4633.95 -1809.27 -13039.4 13956.5 -1 0
3282.5 -243.459 -13739.3 14128.5 1 1
6680.7 244.071 -14198.4 15693.8 -1 1
-1916.94 -1450.31 -4458.24 5066.08 1 0
event 76
4290.9 -5591.85 -19837.9 21279.4
-5969.32 -1697.57 -27959.3 28640 -1 0
726.71 -3018.31 -5951.93 6713.79 1 1
1793.36 1012.06 -7165.86 7456.61 1 0
3564.19 -2573.54 -13886 14565.6 -1 1
event 77
8760.58 -2536.22 -542.764 9647.01
-3959.69 3296.56 6086.33 7975.03 1 0
2954.37 622.412 -183.76 3026.65 1 1
-5725.28 6167.94 10256.2 13267.4 -1 0
5806.21 -3158.63 -359.004 6620.35 -1 1
event 78
4279.13 -2495.1 -154.485 5843.92
3466.24 -409.058 454.466 3521.35 -1 1
812.891 -2086.04 -608.951 2322.57 1 1
-10747.5 8893.3 14417 20061.4 -1 0
-5005.46 2980.67 7980.84 9881.49 1 0
event 79
-2980.3 7470.33 -1147.97 8694.66
-241.58 4555.33 -1098.07 4693.22 -1 1
-2738.72 2915.01 -49.9012 4001.44 1 1
-2878.74 8861.01 3047.62 9803.25 -1 0
-1734.73 7554.05 5591.36 9557.59 1 0
event 80
6625.39 -4954.59 -26956.6 28367.1
-2167.34 5086.47 -23595.8 24235.2 1 0
862.49 -2335.46 -8259.26 8626.98 -1 1
-3405.43 6215.16 -22949.7 24019.3 -1 0
5762.9 -2619.13 -18697.3 19740.1 1 1
