event 0
-9801.25 13602.1 -10000.9 19765.9
-4731.99 -6620.37 1166.12 8221.44 1 0
-1859.64 935.479 -1493.14 2563.98 1 1
-7941.62 12666.6 -8507.75 17201.9 -1 1
-3538.92 -7555.55 4802.38 9627.27 -1 0
event 1
-11001.3 -17912 7207.92 22436.9
-5852.79 9895.75 -5845.65 12898.2 -1 0
-2640.47 -6891.22 3109.58 8008.85 -1 1
-8360.86 -11020.8 4098.33 14428.1 1 1
-2991.82 4198.19 -3554.57 6262.74 1 0
event 2
-4298.38 18043.1 13247.3 23002.4
-2001.69 14051.8 9781.29 17237.9 1 1
-2296.69 3991.25 3466.03 5764.5 -1 1
-3117.75 27965.9 10009.6 29866.6 1 0
-169.277 19075.1 5072.62 19739.1 -1 0
event 3
-2318.12 37774.1 10830.2 39485.9
-1113.5 4678.45 3298.99 5832.86 1 0
-61.1416 8220.25 1127.49 8298.11 1 1
-1637.19 2999.13 1022.55 3568.19 -1 0
-2256.98 29553.9 9702.72 31187.8 -1 1
event 4
8535.02 -3355.37 4862.19 10832.2
-2611.51 1861.1 -5458.51 6331.68 -1 0
1518.48 -1779.74 2041.59 3106.85 1 1
7016.55 -1575.62 2820.59 7725.37 -1 1
-1193.8 5378.91 -11260.3 12536.4 1 0
event 5
14890.1 -5697.99 21981.2 27330.3
8652.11 -2117.65 13919.9 16526.3 1 1
6237.95 -3580.33 8061.3 10804 -1 1
-3555.94 3426.75 5146.39 7133.29 -1 0
-3299.09 377.005 1734.56 3747.8 1 0
event 6
1041.97 -5916.83 1062.2 6842.1
1086.54 -3865.63 -769.311 4089.83 -1 1
-44.57 -2051.19 1831.52 2752.27 1 1
-6951.08 1529.46 -21089.4 22258.3 1 0
-5797.1 2454.89 -30303.9 30951.1 -1 0
event 7
-7089.68 2596.81 9418.02 12461.8
-3105.83 2776.38 4609.45 6213.91 1 1
-3983.85 -179.577 4808.57 6247.94 -1 1
10991.5 12.4664 9642.78 14622.2 -1 0
2314.88 -549.789 1519.69 2825.16 1 0
event 8
-9708.09 -5491.8 5374.7 12762.6
-5757.64 -978.711 -1301.13 5984.34 -1 0
-3096.8 -2368.45 405.038 3921.09 1 1
-6611.29 -3123.35 4969.66 8841.56 -1 1
2164.29 -547.25 -2633.96 3454.35 -1 0
event 9
-8181.33 18276.5 -34030.1 39605.6
-5796.31 15051.1 -28857.1 33058.6 1 1
-2385.02 3225.47 -5173.01 6547 -1 1
2309.11 -2656.52 -12757.9 13235 -1 0
3809.77 -2642.82 -15583.5 16259 1 0
event 10
-6357.2 -3743.99 -4547.95 9418.26
1683.32 3188.59 8939.77 9640.09 1 0
-1680.46 -2722.25 -2997.46 4385.26 -1 1
-1.29615 5033.34 10123.5 11306.2 -1 0
-4676.74 -1021.75 -1550.49 5032.99 1 1
event 11
-11745.9 2451.39 7949.91 14723.1
-3576.52 566.156 5046.21 6211.88 1 0
-3265.09 -249.363 3418.03 4734.67 -1 1
-8480.85 2700.76 4531.88 9988.39 1 1
-3129.07 2624.35 7443.39 8490.79 -1 0
event 12
10097.6 11622.8 67453 69286
-3046.84 6376.15 22395.2 23483.9 -1 0
2307.82 3232.91 11316.4 11993.8 1 1
7789.76 8389.86 56136.6 57292.2 -1 1
-37.0476 2569.99 7609.64 8032.68 1 0
event 13
8140.33 9168.6 58495.6 59847
-2142.16 4208.76 12968.1 13801.7 -1 0
2072.15 2640 10286.2 10820.3 -1 1
6068.19 6528.59 48209.5 49026.6 1 1
-609.409 2993.93 7745.52 8327.01 1 0
event 14
9325.9 -3429.5 55783.5 56746.2
-3242.94 -4366.62 6865.71 8759.75 -1 0
2825.55 -2599.09 19245.7 19625.2 -1 1
6500.34 -830.409 36537.8 37121 1 1
-2611.89 -2033.02 5454.88 6381.38 1 0
event 15
-4599.44 -9751.29 -2248.58 11440.7
-3517.31 -4454.46 -271.022 5683.15 1 1
-1082.13 -5296.84 -1977.55 5757.55 -1 1
4549.31 6534.01 26748.1 27908.1 -1 0
3090.84 5013.39 23699.4 24420.5 1 0
event 16
-9241.79 -4141.76 -24937.6 27093.2
6244.94 744.468 356.669 6300.15 -1 0
-1365.66 -1968.38 -6402.17 6836.56 -1 1
-7876.13 -2173.38 -18535.4 20256.6 1 1
6482.76 -1549.2 -1785.98 6901.23 1 0
event 17
13107.4 5393.47 59337.8 61085.7
8710.09 3453.3 44939.1 45905.6 -1 1
4397.33 1940.17 14398.8 15180.1 1 1
-148.549 -2619.32 -5722.16 6295.81 -1 0
-3959.56 -3356.52 -7080.04 8779.66 1 0
event 18
-9858.48 -2010.85 2329.26 10781.9
-5259.6 -486.913 2678.55 5923.36 1 1
-4598.89 -1523.94 -349.289 4858.53 -1 1
1147.71 -3557.3 4598.16 5926.71 -1 0
-554.212 -2096.97 1907.39 2890.28 1 0
event 19
64390.3 -17509 48057.6 82290.9
38627.1 -10351.3 30646.6 50382.8 -1 1
25763.2 -7157.66 17411 31908.1 1 1
-21767.6 669.673 41834.5 47163.7 -1 0
-3668.45 591.58 7828.4 8666.17 1 0
event 20
33487.6 -9688.37 26271.5 43761.5
-8378.05 1002.29 17866.3 19758.9 1 0
5494.96 -513.862 3612.58 6597.01 1 1
27992.7 -9174.51 22659 37164.5 -1 1
-9103.31 -255.266 15553.4 18023.7 -1 0
event 21
-7692.11 -4224.95 -28353.3 29841.6
1073.11 3976.69 9214.77 10094 1 0
-2053.17 34.3417 -9171.38 9399.05 1 1
204.907 7104.94 10527.9 12703.1 -1 0
-5638.94 -4259.29 -19182 20442.5 -1 1
event 22
9302.95 234.042 -12465.4 15861.2
5053.36 -564.467 -8922.22 10270 -1 1
4249.59 798.509 -3543.19 5591.24 1 1
-5070.75 -3218.04 2788.37 6622.27 -1 0
-2362.05 -500.273 1250.3 2721.02 1 0
event 23
2556.7 9665.95 11129.6 15278.3
-1582.17 -4962.07 -7439.87 9082.3 1 0
902.834 4894.16 7713.49 9180.25 -1 1
-83.657 -3367.94 -8915.05 9530.96 -1 0
1653.87 4771.79 3416.15 6098.07 1 1
event 24
-2752.48 -8065 13673.7 16406.7
-837.471 4274.81 -1216.43 4523.96 -1 0
-2356.99 -2566.19 6289.7 7191.12 1 1
-395.493 -5498.81 7383.96 9215.6 -1 1
-1057.23 2277.58 1252.32 2807.95 1 0
event 25
12569.5 2567.56 -32758.2 35316.8
1501.58 5370.97 4967.14 7468.99 1 0
5109.34 -282.024 -10802.6 11953.7 1 1
7460.15 2849.58 -21955.6 23363.1 -1 1
1914.87 5826.48 6739.26 9112.82 -1 0
event 26
-11493.6 -3094.64 -9850.11 15757.4
6907.53 -7.08123 -29239.5 30044.6 -1 0
-4699.63 101.477 -2891.21 5519.7 -1 1
-6794.01 -3196.12 -6958.89 10237.7 1 1
3929.83 -1595.28 -16225 16770.5 1 0
event 27
-1674.57 11512.4 27557.4 30072.3
6064.46 -931.408 5991.12 8576.12 -1 0
-25.5744 5478.39 9566.46 11024.6 -1 1
-1649 6033.98 17991 19047.7 1 1
2459.79 564.344 4048.92 4772.21 1 0
event 28
-2243.79 5816.77 26196.3 27105.5
-2916.85 3574.34 17747 18337.2 1 1
673.065 2242.42 8449.3 8768.32 -1 1
-8999.96 -13011.9 27039 31327.7 1 0
-6458.11 -6964.01 20513.3 22605.5 -1 0
event 29
-6053.56 18499.8 -26151.5 32747.3
-4814.45 11386.4 -14681.6 19193.5 -1 1
-1239.11 7113.39 -11469.9 13553.8 1 1
3279.2 -4479.23 -7571.18 9388.86 -1 0
-317.928 -2296.1 -1988.55 3055.92 1 0
event 30
-29767.9 -834.637 -15811.3 33858.7
6307.07 -5483.04 16022 18070.9 -1 0
-3660.47 -1102.03 -1778.88 4217.71 -1 1
-26107.4 267.393 -14032.5 29641 1 1
2570.01 -1163.63 4680.7 5466.18 1 0
event 31
10849.7 -7186.26 -18217.1 22601.2
7047.75 -4851.78 -9351.27 12675.5 1 1
3801.96 -2334.48 -8865.84 9925.67 -1 1
7798.57 -4116.27 -10856.9 13987.3 -1 0
3881.44 -1600.18 -5310.09 6770.1 1 0
event 32
5413.48 1053.06 26486.4 27231.2
773.534 4113.8 5436.01 6861.71 1 0
1277.03 1708.46 8973.22 9223.85 1 1
-2180.11 4582.71 4659.2 6890.1 -1 0
4136.45 -655.406 17513.2 18007.3 -1 1
event 33
-3536.32 6302.78 30927.4 31911.2
3066.55 -1337.61 11026.3 11523.2 1 0
-2312.73 1199.32 10863.9 11172.4 -1 1
3221.34 -5433.3 15604.1 16834.4 -1 0
-1223.59 5103.46 20063.4 20738.7 1 1
event 34
-12238.8 -3817.55 55019.7 56578.4
-8383.91 -1067.62 35034.1 36039.3 1 1
-3854.92 -2749.93 19985.6 20539.1 -1 1
17714.8 10192.4 24607 31987.7 -1 0
2173.55 680.837 2125.52 3117.19 1 0
event 35
11155.6 11157.1 398.524 16083.3
9268.92 7407.98 588.625 11880.6 -1 1
1886.65 3749.08 -190.101 4202.66 1 1
-3017.42 -2599.64 -1447.03 4238.87 -1 0
-2468.39 -2574.43 -2256.9 4222.01 1 0
event 36
10189 7457.84 -10.4365 13001
4674.99 4567.44 1231.82 6651.74 -1 1
5513.98 2890.39 -1242.25 6349.23 1 1
-8879.49 -7556.28 -8129.41 14214.1 -1 0
-2471.79 -2657.99 -2376.21 4339.61 1 0
event 37
13500.6 14474 3884.17 20407
6565.71 8393.2 3336.56 11166.8 -1 1
6934.93 6080.84 547.616 9240.17 1 1
1179.42 2912.22 -384.78 3167.22 -1 0
1888.24 1371.14 -1484.61 2767.79 1 0
event 38
-5110.31 -7179.47 -11687.3 14961.4
-4171.23 -4294.91 -9462.26 11197.8 -1 1
-939.081 -2884.56 -2225.02 3763.57 1 1
3056.87 6996.36 -1154.22 7722.5 -1 0
1167.89 2075.68 125.28 2387.31 1 0
event 39
1077.88 -9974 -25291.4 27384.1
2168.58 -6204.85 -15743.1 17060.5 1 1
-1090.69 -3769.14 -9548.26 10323.6 -1 1
1320.83 2293.26 -14654.7 14892.1 -1 0
-375.296 5881.83 -25510.4 26182.6 1 0
event 40
10473.5 -6553.47 -9952.4 16164.3
1273.18 8305.61 -4308.56 9443.47 -1 0
2496.46 -1833.85 -4323.69 5319.85 1 1
7977.04 -4719.62 -5628.71 10844.4 -1 1
-991.77 2761.78 -115.029 2938.61 1 0
event 41
30349.1 -11064.5 100362 105478
7894.33 -3741.27 12685.4 15402.8 -1 0
4506.68 -1574.72 18718 19317.5 1 1
25842.4 -9489.74 81644.1 86160.6 -1 1
9900.76 -5027.19 12026.6 16369.1 1 0
event 42
-6090.99 -6734.89 9976.49 13841.2
1497.96 4619.23 5240.82 7145.53 1 0
-1445.08 -3233.9 5304.76 6379.5 -1 1
-446.107 5859.01 3126.7 6656.91 -1 0
-4645.92 -3500.99 4671.73 7461.75 1 1
event 43
2035.59 7693.24 8604.13 12122.4
322.249 4054.11 2387.21 4716.95 -1 1
1713.34 3639.13 6216.92 7405.41 1 1
-4119.26 2622.97 -1071.74 5000.8 -1 0
-1088.53 2594.86 -712.477 2904.65 1 0
event 44
-11682.9 -1555.01 32083.1 34319.4
-7256.75 -332.199 15607.6 17215.6 -1 1
-4426.1 -1222.81 16475.5 17103.8 1 1
31401.6 33716.4 169911 176047 -1 0
8772.79 7268.85 43743.1 45202.5 1 0
event 45
16485 -4890.04 66190.8 68457.9
9124.9 -4024.41 41289.6 42477.1 -1 1
7360.1 -865.637 24901.2 25980.8 1 1
-1661.09 3235.01 6512.83 7460.07 -1 0
-384.807 2574.79 1988.52 3277.65 1 0
event 46
4135.1 6172.5 9974.3 12972
1732.67 3608.55 7985.38 8933.15 1 1
2402.44 2563.95 1988.92 4038.88 -1 1
683.916 4506.06 9882.95 10883.8 -1 0
-739.681 -3338.63 -2222.67 4079.83 -1 0
event 47
4115.75 9888.79 4046.46 11861.4
2957.16 5953.46 3997.17 7757.39 1 1
1158.59 3935.33 49.2866 4103.99 -1 1
-113.057 2096.22 817.354 2255.25 -1 0
1274.12 4084.11 1659.43 4590.01 1 0
event 48
-8626.49 -8346.58 12408.6 17539.8
3039.44 -1782.91 3319.95 4842.53 1 0
-4174.75 -2122.61 5555.52 7266.98 1 1
231.022 -3119.34 3172.29 4456.26 -1 0
-4451.74 -6223.97 6853.08 10272.9 -1 1
event 49
2209.59 -7184.62 -2.02659 8129.73
-4055.39 -1172.28 -5618.57 7028.51 -1 0
-453.073 -3542.99 417.903 3597.76 1 1
2662.67 -3641.63 -419.929 4531.97 -1 1
-3348.23 557.323 -2647.96 4306.29 1 0
event 50
-17098.6 1171.45 38.0877 17416.3
-12283.8 544.869 -1337.02 12368.8 1 1
-4814.8 626.581 1375.11 5047.47 -1 1
21587.1 2248.9 21679.8 30677.1 -1 0
2370.47 35.0341 1671.36 2902.58 1 0
event 51
-19569.8 1420.73 201.866 19865.2
10124.9 586.326 11105.9 15040.2 1 0
-4600.45 1377.07 -766.974 4864.14 -1 1
20560.9 2841.54 17063.1 26869.7 -1 0
-14969.3 43.6527 968.839 15001.1 1 1
event 52
132.34 -12919.4 6290.58 14700.1
804.717 4960.05 -1441.04 5228.53 -1 0
-457.016 -5472.77 1096.58 5601.22 1 1
-3132.19 1982.48 3594.21 5164.34 1 0
589.356 -7446.67 5194 9098.85 -1 1
event 53
1642.85 -6473.52 3113.77 7993.23
885.679 3279.6 6048.02 6937.58 1 0
2116.77 -2233.99 1053 3254.44 -1 1
2671.01 6415.83 14838.2 16385.4 -1 0
-473.916 -4239.53 2060.76 4738.79 1 1
event 54
-13336.3 3982.53 14994.6 20691.7
-8626.88 2961.63 7640.67 11899 1 1
-4709.42 1020.9 7353.94 8792.75 -1 1
-4345.14 -102.292 2231.79 4887 -1 0
-3095.59 -354.551 701.51 3195.57 1 0
event 55
-923.426 -7543.3 13022.7 15392.7
270.464 -4750.99 5466.42 7248.31 1 1
-1193.89 -2792.31 7556.32 8144.41 -1 1
2821.9 5461.55 -1242.66 6272.72 -1 0
5404.62 1529.93 5045.77 7551.26 -1 0
event 56
26081.7 108962 224031 250504
1463.96 -4869.93 -5375.86 7400.7 1 0
6825.38 28258.7 55149.1 62342.4 1 1
835.713 -2547.51 -2181.54 3458.1 -1 0
19256.3 80703 168882 188162 -1 1
event 57
22446 101430 208001 232521
13345.1 63957.8 133618 148736 1 1
9100.92 37472.1 74383.6 83785 -1 1
6472.1 -19570.8 -17734.2 27192.3 -1 0
983.395 -2567.93 -2215.95 3533.12 1 0
event 58
-10569 -4673.88 53810.5 55124.5
3293 -2892.17 9663.1 10611.1 1 0
-1798.86 -2211.44 13217.6 13521.9 1 1
-8770.18 -2462.45 40592.9 41602.6 -1 1
6924.99 -1641.49 11575.2 13588.5 -1 0
event 59
-19289.1 -10180.2 21646 30884.4
-12492.3 -5065.7 12334.3 18272 1 1
-6796.83 -5114.46 9311.74 12612.5 -1 1
-4898.46 -1289.49 -9018.02 10343.8 1 0
902.042 2539.94 -2000.9 3358.53 -1 0
event 60
7202.54 -1745.68 1016.88 8096.22
5547.24 -135.603 -50.3735 5550.14 -1 1
1655.3 -1610.08 1067.26 2546.09 1 1
25761.4 -15665.8 6423.54 30827.6 -1 0
15921.8 -7783.75 5558.3 18574.1 1 0
event 61
-2286.07 10319.6 20706.4 23453.4
-413.806 7144.44 11620.4 13647.7 -1 1
-1872.26 3175.11 9085.96 9805.74 1 1
672.545 -2433.39 3221.6 4094.33 -1 0
3380.73 -6275.35 10665.8 12828.9 1 0
event 62
9403.21 4972.45 -17173.4 20533.7
-3781.6 -217.244 -18763.9 19142.7 1 0
5361.09 899.933 -7133.21 8969.11 -1 1
-1832.56 -2477.5 -15332.7 15639.7 -1 0
4042.12 4072.52 -10040.2 11564.6 1 1
event 63
-13192.6 26678.8 -26534.9 39993.7
6244 -4981.65 -8808.98 11891.7 1 0
-3733.19 8887.37 -10390.5 14173.7 1 1
3149.98 -6282.67 -8403.39 10955.5 -1 0
-9459.46 17791.4 -16144.4 25820 -1 1
event 64
4696.27 -5157.26 1737.81 7827.08
2156.74 -3227.34 2403.85 4566.94 -1 1
2539.53 -1929.92 -666.035 3260.15 1 1
16296.4 -2569.67 -3264.68 16818 1 0
5244.47 -1731.72 328.794 5533.77 -1 0
event 65
2582.69 -3803.83 5268.69 7647.86
424.398 -3086.94 2152.71 3788.75 1 1
2158.3 -716.892 3115.98 3859.1 -1 1
-768.613 8620.3 -41205.9 42105 -1 0
166.276 5478.19 -30376.6 30867.2 1 0
event 66
5112.08 -4588.45 6934.67 10240.5
2938.18 -2981.3 2062.62 4667.61 -1 1
2173.9 -1607.16 4872.05 5572.87 1 1
-393.219 13612.5 -80042.5 81192.8 -1 0
-6.53362 5097.63 -21016 21625.6 1 0
event 67
12008.9 -2502.23 595.727 12665.8
-8346.55 1153.98 10452.3 13426 -1 0
5888.61 39.0866 1199.29 6010.55 -1 1
2656.78 -604.041 5.73424 2726.64 -1 0
6120.33 -2541.31 -603.566 6655.23 1 1
event 68
-26414 -7522.47 76019.5 80887.8
4705.1 -1198.66 14814.9 15590.6 1 0
-9054.28 -1152.24 23748 25441.8 1 1
3376.28 -1406.09 8062.41 8853.81 -1 0
-17359.7 -6370.24 52271.5 55446 -1 1
event 69
6824.47 -2225.77 -489.341 7833.13
-481.936 3519.68 832.103 3650.2 -1 0
1903.81 -1269.49 1143.33 2560.17 1 1
2966.67 4687.72 1971.38 5888.41 1 0
4920.66 -956.282 -1632.67 5272.96 -1 1
event 70
18647.3 1060.34 23799.6 30411.5
-3012.53 -729.112 -8354.1 8911.17 -1 0
2795.76 947.314 2562.91 3910.67 -1 1
15851.5 113.027 21236.7 26500.8 1 1
-3809.09 1491.26 -7076.4 8174.32 1 0
event 71
-9576.46 14444.9 10226.7 20360.3
-2265.84 8033.09 1272.31 8443.61 -1 0
-5611.71 5969.8 5574.1 9910.17 -1 1
-3964.75 8475.08 4652.63 10450.1 1 1
-1497.39 2051.37 641.823 2621.71 1 0
event 72
6025.72 -9840.18 -2477.68 12201.1
242.394 3829.27 1120.72 3998.66 -1 0
1089.76 -2747.29 -1951.28 3543.13 -1 1
4935.96 -7092.89 -526.405 8658.01 1 1
-3048.26 3958.52 1711.69 5282.31 1 0
event 73
7361.04 6567.94 7024.46 12500.3
-4828.15 -741.641 -1513.97 5115.11 -1 0
2305.79 4002.95 2550.2 5277.78 -1 1
5055.25 2564.99 4474.26 7222.53 1 1
-2036.38 -560.405 -1005.54 2341.62 1 0
event 74
9414.8 11169.3 65082 66773.1
6238.59 9423.93 48552.6 49850.7 -1 1
3176.21 1745.4 16529.4 16922.4 1 1
-2021.37 -13077.2 30203.1 32974.8 -1 0
-501.686 -3113.67 7079.57 7751.01 1 0
event 75
8377.25 -4565.05 -2944.74 10453.7
-2408.9 1994.96 -843.285 3241.13 1 0
2877.67 -3094.1 -496.593 4255.84 -1 1
-2860.23 211.819 467.031 2907.76 -1 0
5499.58 -1470.95 -2448.15 6197.88 1 1
event 76
2403.55 -11216.5 -49242.4 50655.6
3445.97 2173.52 -146.523 4078.17 1 0
-392.629 -4128.15 -20827 21236.1 -1 1
1692.82 1105 -645.249 2124.66 -1 0
2796.18 -7088.34 -28415.4 29419.5 1 1
event 77
-1383.34 8067.58 2140.75 9009.87
542.782 5558.54 1300.9 5735.46 -1 1
-1926.13 2509.04 839.853 3274.41 1 1
-3645.8 -13248.7 -27830.8 31038.4 -1 0
-3556.9 -10075.7 -25897.8 28015.7 1 0
event 78
9367.61 -434.045 -32278.1 33755.1
5605.25 -787.829 -23935.7 24596.1 -1 1
3762.36 353.784 -8342.42 9159.02 1 1
5592.61 1292.48 -9289.67 10920.5 -1 0
2912.13 2258.54 -6397.69 7383.97 1 0
event 79
-5510.52 11839.1 -27744.2 30819.8
-4871.06 6954.45 -17818 19737.9 -1 1
-639.454 4884.64 -9926.16 11081.9 1 1
11.2454 -4656.19 -7859.17 9135.53 -1 0
216.016 -2443.63 -4526.03 5149.18 1 0
event 80
-7177.09 7093.52 -5227.46 11779.1
-5230.55 3467.96 -2132.85 6629.15 -1 1
-1946.54 3625.56 -3094.61 5149.9 1 1
9159.31 -820.465 16540.1 18924.9 -1 0
2029.12 -207.811 2366.34 3125.9 1 0
event 81
-16441.5 5006.12 42918.6 46335.5
-4879.86 1880.24 11615.5 12738.9 1 0
-6749.15 755.25 19082.1 20254.9 -1 1
-4367.11 2327.39 9684.25 10875.9 -1 0
-9692.32 4250.87 23836.5 26080.7 1 1
