event 0
8284.12 -4901.63 13575.7 16927.6
5397.47 -1910.45 9577.76 11159.2 1 1
2886.65 -2991.19 3997.92 5768.41 -1 1
-1453.34 1587.22 2031.01 2961.02 -1 0
-3345.59 3335.07 -82.0748 4725.84 1 0
event 1
-312.977 7907.3 -15679.8 17834.5
-193.307 4516.23 -5595.04 7193.7 -1 1
-119.67 3391.07 -10084.7 10640.8 1 1
5166.51 -1157.26 740.797 5347.15 -1 0
2779.11 -1179.43 -245.615 3030.84 1 0
event 2
-8284.6 191.818 -10861.5 14008.3
-7998.98 -178.618 -15791.3 17702.9 1 0
-3606.62 607.465 -2545.52 4457.3 1 1
-2530.02 2159.22 -6736.68 7513.8 -1 0
-4677.98 -415.647 -8315.94 9551.04 -1 1
event 3
-672.284 -14643.7 -9231.95 17598.5
-3844.53 1719.84 -3718.37 5619.23 1 0
978.151 -6938.87 -3366.46 7774.89 -1 1
-3136.43 654.138 -12.4122 3205.69 -1 0
-1650.43 -7704.83 -5865.49 9823.61 1 1
event 4
7590.52 251.451 -5412.09 9826.64
4973.99 1249.93 -2250.4 5601.64 1 1
2616.53 -998.477 -3161.69 4225 -1 1
5698.28 -5665.5 -9042.28 12097.2 -1 0
4218.45 -3361.2 -7148.6 8955.82 1 0
event 5
31526.9 20479.4 -165590 169833
16746.3 9342.74 -88105.3 90168.1 1 1
14780.6 11136.7 -77485.1 79664.6 -1 1
-3909.6 -5502.2 -33369.9 34045.9 -1 0
-2567.2 -4906.4 -26887.6 27452.1 1 0
event 6
3256.15 6560.12 14339.5 16396.6
-2893.59 -1838.23 -288.052 3441.82 1 0
-372.01 2124.39 3070.08 3753.4 -1 1
-6758.36 -4284.54 1920.1 8229.86 -1 0
3628.16 4435.73 11269.4 12643.2 1 1
event 7
3955.22 -3968.95 -3988 7542.66
-3357.6 -1393.19 2367.37 4339.36 1 0
2322.42 -267.066 -1709.43 2897.98 1 1
-5430.67 1054.58 6387.31 8450.63 -1 0
1632.8 -3701.89 -2278.57 4644.68 -1 1
event 8
5458.95 -10490.3 39561.1 41406.8
3613.58 -5288.34 16646.9 17836.9 -1 1
1845.37 -5201.97 22914.2 23569.9 1 1
3351.57 4198.33 -17260.7 18077.7 -1 0
822.373 1868.93 -8316.27 8563.92 1 0
event 9
-6584.87 11051.2 -5970.26 14516.4
4278.26 -1649.17 -8703.14 9837.64 1 0
-1303.7 4936.71 -2896.8 5871.4 1 1
2325.56 -937.87 -6562.97 7026.49 -1 0
-5281.18 6114.51 -3073.45 8644.96 -1 1
event 10
-30192.5 -6903.03 -94223.4 99231.4
4884.54 2629.88 -7676.69 9471.95 1 0
-15328.4 -2008.39 -45201.7 47772.4 1 1
2634.94 -653.818 -5563.48 6191.44 -1 0
-14864.1 -4894.64 -49021.7 51459.1 -1 1
event 11
-10203.8 -9411.01 -13043.6 19297.9
4000.09 5702.23 -7726.28 10403 1 0
-4143.68 -2134.23 -3312.08 5718.92 -1 1
6229.45 8010.88 -8086.63 12976.3 -1 0
-6060.15 -7276.78 -9731.48 13579 1 1
event 12
-10488.2 -10883.6 -14721.1 21325
-7828.13 -9248.63 -10252.8 15872.9 -1 1
-2660.04 -1634.97 -4468.35 5452.18 1 1
7080.9 12395.8 -15587.7 21137.2 -1 0
1739.74 2292.23 -2884.81 4076.06 1 0
event 13
-5831.94 -10794.1 9204.09 15647.1
3604.63 5061.38 -17099.8 18194.1 1 0
-2491.81 -3739.87 1661.22 4792.34 1 1
5189.9 6463.82 -16565.9 18524.4 -1 0
-3340.12 -7054.27 7542.87 10854.7 -1 1
event 14
-6786.91 -10417 9852.12 16162.7
-3837.56 -6735.97 7862.67 11042.3 -1 1
-2949.34 -3681.06 1989.45 5120.34 1 1
5815.22 6946.3 -25723 27271.8 -1 0
3254.09 2744.04 -10195.4 11048.8 1 0
event 15
13412.8 -3594.61 16952.5 22131.5
8557.15 -1986.33 8337.08 12111.5 1 1
4855.67 -1608.28 8615.4 10020 -1 1
2184.1 -1372.53 1891.97 3200.76 -1 0
5507.47 -4924.93 8624.37 11356.8 1 0
event 16
12058.7 2860.68 16213.2 20737.7
-5027.96 -1181.88 975.363 5257.35 -1 0
4393.43 1283.35 8983.81 10083.1 1 1
7665.3 1577.33 7229.43 10654.6 -1 1
-2770.55 -645.935 -448.229 2881.88 1 0
event 17
3723.45 6826.22 9928.51 12985.7
996.964 4371.66 3981.76 5997.58 1 1
2726.49 2454.57 5946.75 6988.11 -1 1
4271.28 -3063.2 4877.58 7171.4 -1 0
1375.5 -1701.09 5634.74 6045.42 1 0
event 18
11325.1 4916.22 -31532.4 34004.6
-5707 2648.87 -27992.1 28690.7 -1 0
4888.94 2849.08 -10729.6 12130.8 -1 1
6436.17 2067.14 -20802.8 21873.8 1 1
-2303.35 2525.86 -8740.19 9385.49 1 0
event 19
-7073.96 -3456.11 -6931.45 10937.2
-3747.32 -1893.12 -1673.04 4520.68 1 1
-3326.64 -1562.99 -5258.41 6416.5 -1 1
2670.82 -4900.51 1734.91 5845.46 -1 0
1965.71 -1277.43 996.066 2549.34 1 0
event 20
1425.12 -8157.71 3584.56 9540.41
-304.807 3429.64 1862.85 3916.21 1 0
49.0719 -3194.13 -114.185 3198.29 -1 1
1376.05 -4963.58 3698.74 6342.12 1 1
-1926.28 4750.34 7540.58 9118.54 -1 0
event 21
3652.75 -9921.98 -665.006 11037.2
1416.67 -5634.24 -1772.8 6074.99 1 1
2236.07 -4287.75 1107.79 4962.17 -1 1
-2914.78 7597.47 -22152.9 23600.4 -1 0
-1899.33 1528.07 -7663.84 8042.89 1 0
event 22
-5612.96 -655.128 3190.43 7190.53
-3145.16 897.041 680.864 3342.37 -1 1
-2467.8 -1552.17 2509.56 3848.16 1 1
15647.5 159.538 27122 31312.6 1 0
13194.9 969.238 28875.7 31762.6 -1 0
event 23
-815.071 6906.59 9450.42 12135.4
-1952.17 3474.6 5250.32 6592.48 -1 1
1137.1 3431.99 4200.1 5542.88 1 1
-7286.37 -4990.54 -1655.53 8986.02 1 0
-4558.5 -2752 1119.51 5442.23 -1 0
event 24
31438.3 850.96 18805.4 36828.4
18201.4 -1059.34 9739.45 20670.8 -1 1
13237 1910.3 9065.92 16157.6 1 1
5350.81 -951.732 1707.36 5697.65 -1 0
2093.65 949.358 308.922 2321.91 1 0
event 25
50423.5 1161.04 29507.7 58516.4
31807.4 -209.208 19926 37534.2 -1 1
18616.1 1370.24 9581.72 20982.3 1 1
4995.22 -449.052 801.722 5080.13 -1 0
2378.74 -122.416 1308.31 2719.6 1 0
event 26
45316.5 2608.61 24232.6 51548.1
24628.5 2794.34 13990.5 28462.5 -1 1
20688.1 -185.734 10242.1 23085.5 1 1
9724.82 -192.852 2983.63 10174.6 -1 0
2204.07 -1587.08 1063.73 2918.81 1 0
event 27
317.625 5504.64 -15676.4 16903.9
56.2763 3453.91 -13349.2 13789.3 -1 1
261.349 2050.73 -2327.21 3114.62 1 1
-3466.29 -5499.41 -13873.7 15321.5 -1 0
-2276.51 -5834.52 -18579.4 19606.9 1 0
event 28
5638.12 6248.42 14977.1 17456.7
-4609.31 1572.74 7936.6 9312.36 1 0
3288.99 2120.08 4576.32 6022.13 -1 1
-2109.05 -472.938 2389.63 3223.86 -1 0
2349.13 4128.34 10400.8 11434.5 1 1
event 29
17841.7 6397.24 35489.9 40353.1
10940.9 4720.1 19432.6 22795.2 1 1
6900.79 1677.14 16057.2 17557.9 -1 1
16341.1 2537.56 8544.8 18614.4 1 0
12294.6 640.923 5388.5 13439.3 -1 0
event 30
17939.1 5879.33 34710.1 39632.8
5285.35 -225.625 3536.55 6364.28 1 0
2866.89 -49.7676 4141.13 5038.02 1 1
15072.2 5929.09 30569 34594.8 -1 1
7760.26 966.128 3034.71 8389.02 -1 0
event 31
3352.29 -13552.7 45072.6 47286.9
-2911.02 -1215.2 967.039 3301.07 -1 0
-454.639 -1990.34 8459.23 8702.76 1 1
3806.93 -11562.4 36613.4 38584.1 -1 1
-4629.46 1094.15 2382.65 5321.39 1 0
event 32
-41572.1 11473.3 -156579 162451
-12592.5 -1682.6 -37606 39694.1 -1 0
-7495.74 3256.18 -33004.1 34001 -1 1
-34076.3 8217.07 -123575 128450 1 1
-3956.42 -505.948 -8935.59 9785.97 1 0
event 33
6424.36 7361.57 -3216.47 10742.5
686.431 4642.62 1002.09 4800.05 -1 0
2794.44 3622.72 76.7441 4577.12 -1 1
3629.91 3738.85 -3293.21 6165.36 1 1
376.708 2192.91 483.995 2279.51 1 0
event 34
6359.18 9161.98 -4606.06 12616.7
227.753 6307.34 654.974 6346.22 1 0
2633.54 3522.86 -3792.08 5808.37 -1 1
281.757 6950.91 2573.36 7418.08 -1 0
3725.63 5639.13 -813.979 6808.36 1 1
event 35
8557.04 2050.14 43562.3 44549.9
4776.59 -8.95172 27912.4 28318.4 -1 1
3780.45 2059.09 15649.9 16231.5 1 1
-5899.77 163.228 19767.3 20629.9 -1 0
-2016.78 -657.623 6645.29 6976.45 1 0
event 36
7422.48 737.65 37783.7 38637.3
-4699.67 248.214 15701.7 16392.1 1 0
2145.49 -1042.91 8529.78 8857.71 1 1
-12298.1 -3166.33 53131.3 54627.9 -1 0
5276.99 1780.56 29254 29779.6 -1 1
event 37
-4981.9 181.496 -1873 6160.43
-2947.3 1446.44 -1833.81 3762.02 1 1
-2034.6 -1264.95 -39.1949 2398.42 -1 1
9419.92 -3007.61 3911.83 10634.6 -1 0
5843.71 -2124.43 2229.35 6606.31 1 0
event 38
3420.08 -11978.5 -30686.7 33263.3
3665.87 -8026.63 -19767.9 21648.2 1 1
-245.785 -3951.89 -10918.8 11615 -1 1
-883.748 2271.89 -2453.18 3460.02 -1 0
-957.649 6117.96 -6191.12 8757.15 1 0
event 39
8301.18 1484.61 34902 36039.6
4149.99 -3014.83 1583.75 5369.45 1 0
2664.36 -790.715 13891.9 14167.6 -1 1
6673.65 -8402.52 3502.24 11287.9 -1 0
5636.82 2275.32 21010.1 21872.1 1 1
event 40
15327.6 -5772.91 7607.26 18322.7
12531.1 -3662.8 6822.89 14731.2 1 1
2796.48 -2110.12 784.373 3591.56 -1 1
-1384.32 2532.42 6351.2 6976.99 -1 0
-3309.07 2716.69 6469.01 7758.2 1 0
event 41
-7752.78 -444.772 10393 13338.2
-4729.12 -589.22 8560.21 9797.96 -1 1
-3023.66 144.448 1832.76 3540.27 1 1
2665.63 -4151.03 15909.6 16657.2 -1 0
576.282 2774.88 -2156.32 3562.71 1 0
event 42
7318.52 -2269.39 43337.8 44118.8
-4887.54 -2103.16 11999.5 13126.7 -1 0
3352.2 532.078 18993.4 19294.5 1 1
2048.14 -1096.65 -854.408 2477.64 -1 0
3966.32 -2801.47 24344.4 24824.2 -1 1
event 43
16307.6 -7742.43 6649.62 19485.7
4633.05 -4576.24 2533.25 6988.25 1 0
7537.37 -3799.82 4740.88 9681.82 1 1
3392.36 -380.645 1308.02 3657.2 -1 0
8770.22 -3942.61 1908.75 9803.85 -1 1
event 44
8770.78 1867.11 17843 20208.3
5119.96 796.307 6950.42 8669.93 -1 1
3650.82 1070.8 10892.6 11538.4 1 1
-3704.38 6498.7 1723.27 7677.01 -1 0
-3163.02 4740.44 -512.509 5722.79 1 0
event 45
-5846.27 -59.697 -717.626 6654.99
-3039.16 -273.32 1163.55 3267.44 1 1
-2807.12 213.623 -1881.17 3387.55 -1 1
3619.17 -5090.89 830.729 6302.13 -1 0
-3044.51 4234.04 -1002.29 5311.49 -1 0
event 46
3056.32 -3957.8 1037.02 5972.55
2585.33 -1959.59 -653.641 3310.94 1 1
470.993 -1998.21 1690.66 2661.61 -1 1
4083.62 3498.65 -3316.42 6318.73 -1 0
2470.95 3710.68 -2127.72 4940.97 1 0
event 47
-16915.9 -6783.79 15039.5 23831.6
3981.85 910.177 13384.1 13993.8 1 0
-3893.71 -355.429 2480.42 4631.52 1 1
-13022.2 -6428.36 12559.1 19200.1 -1 1
3518.25 3313.06 9730.99 10865.4 -1 0
event 48
6891.04 -416.553 -7362.54 10557.4
-4057.65 -1197.92 7135.4 8296.07 1 0
1865.99 759.867 -714.006 2140.16 1 1
5025.05 -1176.42 -6648.53 8417.2 -1 1
-4533.22 1681.66 5937.11 7657.58 -1 0
event 49
3526.01 2693.12 -21475.9 22237.1
942.722 3015.8 -12009.5 12418.7 1 1
2583.29 -322.677 -9466.4 9818.42 -1 1
-4292.6 -5350.59 -26076.8 26964.2 -1 0
-2820.66 -4069.07 -24849 25337.7 1 0
event 50
2654.32 5056.54 5520.04 8525.05
2919.92 2318 3445.6 5077.64 1 1
-265.599 2738.54 2074.44 3447.41 -1 1
-2928.03 -4140.36 7017.04 8658.29 -1 0
-2284.45 -3749.16 8686.7 9733.7 1 0
event 51
-19068.7 1276.28 35286.7 40249.1
664.902 5171.46 3640.4 6360.01 -1 0
-4461.79 -618.079 10328.8 11268.7 1 1
-14606.9 1894.36 24958 28980.4 -1 1
4006.78 -1437.86 -2860.24 5129.71 -1 0
event 52
5043.26 -7705.77 -14209.4 17213.7
54.6993 6633.36 -10074.7 12063 1 0
1221.17 -4646.8 -7497.3 8905.31 1 1
-520.114 2358.74 -1805.61 3017.54 -1 0
3822.08 -3058.97 -6712.06 8308.34 -1 1
event 53
5776.29 -3721.68 22991.3 24195.2
3220.37 -1504.31 7022.57 7871.56 1 1
2555.93 -2217.37 15968.8 16323.7 -1 1
7554.21 3086.4 15713.4 17706.3 -1 0
-2934.55 -2847.35 -3600.12 5448.95 1 0
event 54
5538.31 5991.46 36501.1 37529.8
3917.85 2166.15 21649 22107.3 1 1
1620.46 3825.32 14852.1 15422.5 -1 1
-3020.35 964.563 -676.443 3243.71 -1 0
-1671 -1115.23 168.787 2018.81 1 0
event 55
-5781.62 5297.18 -5392.85 10008.1
-2912.53 3640.46 -1507.69 4901.03 1 1
-2869.09 1656.72 -3885.17 5107.06 -1 1
4766.06 -1983.7 755.717 5218.49 1 0
4669.37 -1612.15 -244.248 4947 -1 0
event 56
11742.2 24076.3 6693.94 27783.9
4599.7 12931.4 3591.26 14187.6 1 1
7142.49 11144.8 3102.68 13596.3 -1 1
4980.8 -19235.9 53397.1 56974.5 -1 0
719.235 -10895.6 26511.2 28672 1 0
event 57
8475.63 18766.3 5745.91 21601.3
3492.15 11401.9 3052.54 12309.6 1 1
4983.49 7364.44 2693.38 9291.7 -1 1
411.065 -12161.7 30503.9 32841.7 -1 0
425.956 -2232.2 5865.98 6291.67 1 0
event 58
6048.77 15055.2 2873.72 16765.9
3715.67 9872.66 3332.11 11063 -1 1
2333.09 5182.54 -458.396 5702.92 1 1
1481.96 -16204.9 46089.5 48877.9 -1 0
3474.26 -11932.2 31833.6 34173.6 1 0
event 59
-3055.2 -12631.4 -9303.71 16280
-2055.02 -8595.95 -7999.68 11921.4 1 1
-1000.18 -4035.49 -1304.03 4358.57 -1 1
1954.17 897.175 -1225.76 2477.37 -1 0
4644.2 934.132 -5301.76 7110.62 1 0
event 60
-7028.26 3275.01 -7134.13 11162.7
-5097.71 870.573 -5882.12 7832.95 1 1
-1930.56 2404.44 -1252.01 3329.72 -1 1
6301.43 470.932 1830.29 6579.58 -1 0
1666.75 1370.84 324.149 2184.83 1 0
event 61
-4702.63 11320.5 2263.21 12844.5
-4131.77 4756.75 2801.09 6896.05 -1 0
-686.064 5228.08 1624.95 5518.62 -1 1
-4016.57 6092.42 638.261 7325.91 1 1
-2446.08 4467.52 -146.801 5096.54 1 0
event 62
-12141.9 -3340.86 23543 26878.5
-6940.38 -2956.15 16203.8 17874.1 -1 1
-5201.51 -384.715 7339.22 9004.4 1 1
4924.87 -1310.04 1564.88 5332.03 -1 0
2214.99 904.229 850.954 2541.47 1 0
event 63
-8753.16 -2754.02 15091.8 17931.9
-5261.18 -2433.6 6847.57 8972.34 1 1
-3491.98 -320.416 8244.19 8959.59 -1 1
2528.63 -710.402 2305.74 3496.61 -1 0
5632.41 1348.4 2105.18 6163.22 1 0
event 64
-21389.9 -1688.32 -8555.07 23305.7
519.423 -3598.84 239.062 3645.52 1 0
-4560.82 -1521.47 -2494.8 5417.67 -1 1
186.503 -2485.35 -1027.57 2697.93 -1 0
-16829.1 -166.85 -6060.27 17888.1 1 1
event 65
-23227.9 -2383.45 -8977.73 25207.3
-15354.2 -217.005 -6475.22 16665.5 1 1
-7873.74 -2166.45 -2502.51 8541.83 -1 1
1621.81 -5443.49 -127.378 5682.36 -1 0
-10.5272 -4120.54 658.044 4174.1 1 0
event 66
6196.85 -24598.3 -19749.8 32297.4
3027.2 4097.13 -16448.7 17219.8 1 0
3167.8 -6928.29 -6267.97 9865.84 1 1
406.051 2194.83 -12013.4 12219.5 -1 0
3029.06 -17670 -13481.8 22431.6 -1 1
event 67
13767.2 8786.32 -9141.76 18971
-3185.71 4215.58 -2077.68 5678.72 1 0
5911.44 4308.8 -2427.71 7708.16 -1 1
610.118 1907.61 11.7666 2005.62 -1 0
7855.8 4477.52 -6714.05 11262.8 1 1
event 68
10860.8 -7208.77 40911.3 43095.8
-593.987 -6440 18570.4 19664.6 -1 0
5627.6 -2716.8 14320.5 15625 -1 1
5233.2 -4491.97 26590.8 27470.8 1 1
347.274 -2009.59 3274.65 3859.21 1 0
event 69
-4511.29 11170.4 -26983.2 29712.2
-1292.3 -3979.67 -19752 20190.6 -1 0
-963.175 3544.87 -11747.4 12308.8 -1 1
-3548.12 7625.56 -15235.8 17403.5 1 1
-3227.1 -3027.07 -22077.9 22517.1 1 0
event 70
-26627 20063.8 59177.8 67993.8
5631.77 481.678 10753.2 12148.8 -1 0
-3358.73 1409.7 5799.4 6849.28 -1 1
-23268.2 18654.1 53378.4 61144.5 1 1
2782.78 -423.518 8000.42 8481.81 1 0
event 71
-43.2429 -4976.71 -26961.8 27591.6
1336.15 -2692.71 -17652.8 17907.2 1 1
-1379.4 -2284 -9308.97 9684.39 -1 1
-6202.29 -815.323 -12217.7 13726.5 -1 0
-3925.77 1553.17 -6464.76 7721.93 1 0
event 72
-7860.3 13120.4 -5723.5 16621.6
-4773.59 9081.81 -5221.49 11512.7 -1 1
-3086.71 4038.54 -502.017 5108.89 1 1
3948.67 -3012.03 -10722.9 11817.6 -1 0
1074.43 -2411.3 -4238.72 4994.67 1 0
event 73
-11092.4 3376.26 20886.2 24088.7
-5803.2 3369.02 11664.7 13457.5 -1 1
-5289.18 7.23522 9221.55 10631.3 1 1
3675.61 3746.56 181.598 5252.71 -1 0
2843.64 3304.35 -613.983 4403.76 1 0
event 74
454.737 -12349.6 36230.4 38405.1
3647.09 6393.37 -8169.66 10996.9 1 0
-552.444 -6196.68 14076.9 15390.7 -1 1
27.0206 2483.97 -1140.41 2735.42 -1 0
1007.18 -6152.91 22153.5 23014.4 1 1
event 75
-12667.4 -4433.05 -11018.3 17751.1
-7848.64 -817.431 -6172.22 10018.8 -1 1
-4818.74 -3615.62 -4846.09 7732.32 1 1
3962.65 2911.17 3725.18 6169.73 -1 0
1151.15 2125.95 1949.06 3107.22 1 0
event 76
366.183 -6728.67 -13794.9 15662
-1186.32 -4040.89 -6660.59 7881.04 1 1
1552.5 -2687.79 -7134.28 7780.97 -1 1
1149.03 4813.16 -8228.25 9602.19 -1 0
-1013.88 2378.33 -2322.27 3476.85 1 0
event 77
-6838.69 2432.4 -9550.85 12389.2
3287.6 1656.08 519.959 3719.2 1 0
-1926.96 978.084 -917.601 2350.1 1 1
7648.36 -213.102 2603.46 8082.82 -1 0
-4911.73 1454.32 -8633.25 10039.1 -1 1
event 78
-3918.91 -6462.3 2313.79 8489.05
3150.5 -1090.36 -7458.63 8170.49 -1 0
-528.707 -3070.66 -100.125 3119.24 1 1
6015.06 368.479 -24338.7 25073.9 1 0
-3390.2 -3391.64 2413.92 5369.81 -1 1
event 79
12672.9 -3606.23 9664.17 16631.1
9917.05 -2314.06 5830.56 11735 1 1
2755.9 -1292.16 3833.61 4896.16 -1 1
-26131.8 -18150.9 71298.5 78075.7 -1 0
-1981.1 -1888.91 6386.36 6949.06 1 0
event 80
13125.7 -4433.41 12502.7 18916.9
9241.89 -4263.82 10134.7 14363.7 1 1
3883.84 -169.592 2368.07 4553.23 -1 1
-20744.5 -14027.8 61391.6 66302.7 -1 0
-15156.7 -11559.8 40577 44831.4 1 0
event 81
15056.5 -4173.95 11217.7 19482
9230.85 -3699.59 8272.79 12936.2 -1 1
5825.65 -474.357 2944.9 6545.74 1 1
-15110.5 -10337.6 41438.2 45302.6 -1 0
-12160.5 -11902.2 37906.6 41550.7 1 0
event 82
-11714.6 13466.3 -62207 64791.1
12021.4 -2743.96 864.044 12361.3 -1 0
-2965.29 2816.55 -19132.5 19565 -1 1
-8749.27 10649.8 -43074.6 45226.1 1 1
1928.43 -1214.57 1293.06 2622.44 1 0
event 83
-14161.2 16549 -70737.7 74079.8
-8571.54 10084.1 -37751.7 40004.6 -1 1
-5589.65 6464.9 -32985.9 34075.3 1 1
7095.38 -243.354 230.191 7104.07 -1 0
2668.42 -282.879 781.996 2797 1 0
event 84
-773.258 7400.21 6210.72 10174.8
3439.89 897.071 10958.4 11521.1 -1 0
-1442.08 3103.38 1427.19 3709.26 -1 1
6451.45 -1927.19 22620 23601.1 1 0
668.827 4296.84 4783.53 6465.55 1 1
event 85
-12529 9284.37 -19979.2 25533
4179.88 -2768.7 3195.77 5946.53 -1 0
-1519.72 2611.72 -3682.83 4764.98 1 1
-11009.3 6672.65 -16296.3 20768 -1 1
2739.97 348.417 424.706 2796.49 1 0
event 86
4992.64 -57.4546 -4004.34 7110.23
3188.16 836.706 -917.56 3423.09 1 1
1804.48 -894.16 -3086.78 3687.14 -1 1
-6591.34 5576.28 -2256.81 8924.4 -1 0
-2623.45 3063.57 -1999.81 4503.15 1 0
event 87
19175.6 -17395.9 109777 112831
-7557.7 6310.11 27016.9 28755.2 -1 0
3838.03 -3993.56 29113.5 29635.9 -1 1
15337.5 -13402.4 80663.3 83195.2 1 1
-3945.65 1859.47 10776.8 11626.6 1 0
