event 0
3625.67 7426.2 33038.3 34196.7
4185.35 -6584.77 1133.75 7884.98 1 0
0.535389 3353.28 11576.5 12052.9 -1 1
1008.47 -2371.27 2295.08 3452.32 -1 0
3625.14 4072.93 21461.8 22143.8 1 1
event 1
5228.86 -6973.27 27928.9 29420.8
-3745.7 729.666 8113.42 8966.69 -1 0
445.954 -2382.16 5084.4 5633.46 1 1
4782.91 -4591.1 22844.5 23787.3 -1 1
-5619.45 -832.928 13091.2 14271.1 1 0
event 2
-6735.25 3619.89 -12963 15365.5
-2539.79 -2843.94 -554.448 3854.49 -1 0
-3374.4 114.014 -5761.45 6678.7 -1 1
-3360.85 3505.87 -7201.55 8686.77 1 1
-3450.27 -2088.34 -1371.49 4261.18 1 0
event 3
-8965.62 6270.13 142.156 11371.4
-2792.17 -1563.62 322.708 3218.14 1 0
-2144.18 252.931 -603.09 2244.18 -1 1
-6821.43 6017.2 745.246 9127.17 1 1
-4975.41 -2502.14 141.957 5571.96 -1 0
event 4
-8660.85 11087.7 55981.6 57805.5
3136.68 -6774.46 5137.6 9063.01 -1 0
-3902.65 2916.97 16305.5 17018.2 1 1
-4758.2 8170.75 39676 40787.3 -1 1
367.15 -2770.46 776.778 2902.55 1 0
event 5
-640.466 -6870.17 -30644 31563.5
-1548.49 -3454.02 -19755.4 20115 1 1
908.025 -3416.15 -10888.6 11448.5 -1 1
1006.84 4242.77 2174.25 4873.74 -1 0
-829.312 3969.91 1199.04 4230.46 1 0
event 6
-6167.73 8756.16 1840.95 11300.1
-3776.01 6827.76 2424.53 8171.05 1 1
-2391.72 1928.41 -583.574 3129.02 -1 1
2450.59 -7823.96 -1467.84 8329.8 -1 0
489.995 -2297.56 -835.535 2495.63 1 0
event 7
20633.9 16964.2 -8707.72 28265.8
-1021.09 -10402.9 -2374.46 10719.7 1 0
8748.44 5932.39 -2229.8 10803.3 -1 1
498.706 -2314.02 -1935.55 3059.56 -1 0
11885.5 11031.8 -6477.92 17462.5 1 1
event 8
0 0 0 0
-3137.63 -3363.49 -558.331 4634.72 1 0
2723.1 1335.81 7254.13 7863.41 1 0
-2523.01 -7094.33 -947.609 7589.75 -1 0
2078.94 4227.17 19777.7 20331.3 -1 0
event 9
-1865.97 -5349.14 5873.46 8728.31
-1576.51 -3176.35 1533.17 3864.76 -1 1
-289.463 -2172.78 4340.29 4863.55 1 1
5810.3 -1481.44 -10503.1 12094.7 1 0
-3009.85 2771.46 1430.13 4335.5 -1 0
event 10
11891.7 -7030.98 451.173 14164.8
7581.28 -3799.27 1662.24 8642.02 -1 1
4310.38 -3231.72 -1211.06 5522.79 1 1
-3709.91 2099.02 -5718.34 7133.01 -1 0
-5507.81 -55.2616 -7601.22 9387.69 1 0
event 11
-3792.72 9514.2 -1186.25 10765.8
3082.64 -2713.43 9150.6 10030.5 1 0
8.79612 2600.32 -1221.67 2874.96 1 1
-3801.52 6913.88 35.4204 7890.87 -1 1
5758.18 -461.971 11955.7 13278.6 -1 0
event 12
-5084.3 -11668.2 69148.8 70406.9
-1054.88 -6979.37 38089 38737.7 1 1
-4029.42 -4688.84 31059.7 31669.2 -1 1
-2557.14 1639.54 276.136 3051.96 -1 0
-125.98 2560.25 -109.368 2567.85 1 0
event 13
2258.83 -7152.34 24392.3 25706.6
3732.82 -987.873 16561.7 17006.2 1 0
1211.76 -1868.8 11824.1 12032.5 1 1
7080.37 -3270.21 40419.5 41165.2 -1 0
1047.08 -5283.54 12568.1 13674.1 -1 1
event 14
8770.24 8115.75 40065.5 41923.9
358.259 -3216.22 4166.82 5276.93 1 0
3262.1 3556.33 11398 12378 -1 1
-388.971 -2732.29 3408.77 4387.21 -1 0
5508.14 4559.42 28667.5 29546 1 1
event 15
2552.5 -9896.13 -4427.59 11560.4
-4011.66 3133.4 23284.9 23835 -1 0
1993.08 -3795.03 -584.803 4327.56 -1 1
559.421 -6101.1 -3842.78 7232.87 1 1
-790.946 2360.65 11844.6 12103.9 1 0
event 16
-14458.3 7044.75 54421.4 56832.6
-9024.41 5562.97 38971 40387.3 -1 1
-5433.85 1481.78 15450.4 16445.3 1 1
2171.43 -3594.61 4952.76 6494.41 -1 0
6369.11 -3935.29 7679.49 10725.6 1 0
event 17
7540.99 1118.81 -8182.42 11604.4
-3963.55 -457.081 -22485.7 22837.2 -1 0
2170.28 -580.352 -3995.12 4584.66 -1 1
-6758.04 -2685.04 -39788.9 40448.1 1 0
5370.7 1699.17 -4187.3 7019.71 1 1
event 18
6191.4 962.28 -6824.78 9768.7
4309.92 -276.149 -2778.26 5136.3 -1 1
1881.48 1238.43 -4046.52 4632.4 1 1
-10844 -3909.56 -65755.1 66757.9 -1 0
-4425.37 -2194.58 -25220.5 25699.9 1 0
event 19
-7774.99 4092.13 -4976.83 10562
-3352.04 116.375 -3108.03 4573.92 1 0
-2338.92 428.184 -84.8539 2381.65 -1 1
-5436.07 3663.95 -4891.97 8180.34 1 1
-3853.93 1412.66 -5498.79 6862.67 -1 0
event 20
6026.87 -4627.33 12047.4 14576.2
5190.04 -2516.45 9847.46 11412.8 -1 1
836.837 -2110.89 2199.98 3163.41 1 1
-6780.19 1493.35 10915.9 12937.1 1 0
-6123.23 457.262 5344.02 8140.81 -1 0
event 21
9982.01 3316.8 38384.2 39919.7
5729.74 680.515 16822.5 17784.9 -1 1
4252.27 2636.29 21561.7 22134.8 1 1
4463.35 -2248.67 17997 18678.3 -1 0
1969.4 -746.669 3927.9 4458.21 1 0
event 22
-8191.4 -841.789 -46860.8 47679.5
3097.62 569.145 3312.24 4571.79 -1 0
-2406.15 -1681.65 -16932.9 17185.8 1 1
10198.6 1965.59 20926.1 23362.1 1 0
-5785.25 839.862 -29927.9 30493.6 -1 1
event 23
-6633.97 -20415.4 17296.1 27740.7
-5894.19 3542.54 9371 11624 1 0
-3655.22 -9263.44 9829.29 13992.8 1 1
-2356.31 3229.22 3944.73 5617.13 -1 0
-2978.75 -11151.9 7466.85 13747.9 -1 1
event 24
-4287.75 -12468.6 10858.8 17359.6
-4141.74 4659.29 9042.62 10983.8 -1 0
-2790.44 -4161.66 5034.94 7104.06 -1 1
-1497.31 -8306.98 5823.83 10255.5 1 1
-3379.32 1716.56 5659.28 6812.12 1 0
event 25
-11022.1 -26554.5 23248.7 37104.2
-9178.97 -18776 16145.4 26409.8 1 1
-1843.1 -7778.46 7103.32 10694.4 -1 1
-3944.16 5593 10247.9 12323.5 -1 0
-2354.79 1635.72 2455.89 3776.67 1 0
event 26
8501.04 793.3 3678.79 9799.15
5571.12 1633.8 3418.24 6738.12 1 1
2929.92 -840.499 260.551 3061.03 -1 1
-3949.42 6909.54 18739.9 20360.1 -1 0
-939.604 2053.79 6799.16 7165.24 1 0
event 27
-6567.97 -1254.76 5848.25 9407.72
-4646.65 3493.63 12239.6 13550.5 1 0
-3163.29 938.488 2314.46 4031.76 -1 1
-1628.2 1674.14 6788.62 7179.86 -1 0
-3404.67 -2193.24 3533.78 5375.96 1 1
event 28
-8213.37 1213.31 34833.7 35943.1
-4471.42 -776.051 15556.2 16205 1 1
-3741.95 1989.36 19277.6 19738.2 -1 1
5351.26 -645.876 3790.12 6590.09 -1 0
1784.1 -1772.99 2829.45 3787.28 1 0
event 29
16720.2 2162.96 34679.2 38684.4
-4042.19 -741.822 8481.08 9424.94 1 0
3649.71 -544.306 5891.37 6952.42 -1 1
13070.5 2707.27 28787.9 31732 1 1
-5619.22 2121.56 8612.94 10501 -1 0
event 30
-12828 2697 23053.6 26700
-9577.56 2191.43 19625.5 21947.7 -1 1
-3250.47 505.563 3428.11 4752.29 1 1
14066.9 886.591 23295.5 27227.8 -1 0
2231.36 837.786 3901.51 4573.16 1 0
event 31
4054.41 6985.1 -3619.15 9376.61
-2396.17 -3216.01 720.402 4076.09 -1 0
837.22 3423.02 -296.473 3537.95 -1 1
3217.19 3562.08 -3322.68 5838.67 1 1
-2771.68 -1904.54 -1058.33 3527.14 1 0
event 32
-5922.02 -2884.32 21737.6 22923.9
3245.95 -486.036 10191.6 10707.6 1 0
-1554.56 -1776.89 4229.55 4845.02 1 1
13543.4 3492.85 54585.2 56348.7 -1 0
-4367.45 -1107.44 17508.1 18078.8 -1 1
event 33
194.274 6452.56 34569.4 35303.1
-1240.45 -2918.82 9331.73 9856.5 -1 0
-1410.91 2472.7 15044.9 15312.3 -1 1
700.859 -5015.43 16936.4 17677.6 1 0
1605.19 3979.85 19524.5 19990.8 1 1
event 34
8413.61 -11306.7 59223.4 60956
4711.16 -6483.73 39945.2 40741.4 1 1
3702.45 -4822.93 19278.2 20214.6 -1 1
-1336.24 5714.2 30330.7 30893.4 -1 0
-2284.82 2245.39 16859.3 17161.2 1 0
event 35
12460.9 -12339.9 69569.6 71812.8
7729.04 -7761.84 49220.7 50424.9 1 1
4731.86 -4578.09 20349 21387.9 -1 1
-2877.77 5196.7 33217.8 33744.9 -1 0
-1711.99 3560.22 19925.4 20313.5 1 0
event 36
-6991.11 21636.4 53002.4 57756.9
867.34 4666.12 5962.21 7621.29 -1 0
-1811.06 2479.69 8170.33 8728.93 1 1
-5180.05 19156.7 44832.1 49027.9 -1 1
207.329 2023.97 3185.61 3781.37 1 0
event 37
-3331.84 9535 22490.4 24848.1
-1495.01 5490.35 16002.5 16984.4 1 1
-1836.82 4044.65 6487.88 7863.64 -1 1
101.401 7395.75 10187.3 12589.6 1 0
940.958 6321.48 7434.56 9804.61 -1 0
event 38
-6197.18 16295.7 41923.3 45509.5
311.877 8452.04 12530.9 15118.5 1 0
7.40275 2989.31 6092.78 6787.43 -1 1
160.398 19114.7 26611.2 32765.3 -1 0
-6204.58 13306.4 35830.5 38722 1 1
event 39
-3964.22 8593.5 -12428.5 15925.5
-3357.2 3788.85 -7149.67 8761 -1 1
-607.018 4804.64 -5278.79 7164.49 1 1
9084.89 -19552.2 -25746.6 33581.6 -1 0
7554.17 -15243 -24809.9 30082.5 1 0
event 40
-4219.41 -11496.4 -26316.4 29191
-1450.68 -8062.2 -16181.2 18136.8 1 1
-2768.74 -3434.16 -10135.2 11054.1 -1 1
2486.96 3141.85 11060.6 11764.6 -1 0
1679.9 2311.18 7853.4 8357.67 1 0
event 41
14295.1 -86.1721 -8847.16 17094.5
-1586.04 3924.56 17462.7 17968.7 1 0
4383.77 1293.79 -3424.43 5712.2 1 1
-1.147 4060.62 24243 24581 -1 0
9911.34 -1379.96 -5422.72 11382.3 -1 1
event 42
12776.9 539.901 -8404.03 15612.8
7639.51 -905.495 -6008.86 9762.15 -1 1
5137.42 1445.4 -2395.17 5850.67 1 1
-2433.93 8389.01 47461.2 48258.4 -1 0
-724.734 2694.37 11904 12227.1 1 0
event 43
9762.35 2727.46 -5951.54 12155.4
5750.61 1368.68 -1696.74 6150.85 1 1
4011.74 1358.79 -4254.81 6004.57 -1 1
-7083.32 7497.81 -3830.6 11003.4 -1 0
-1140.58 2494.16 -1129.12 2967.8 1 0
event 44
11280.8 3223.61 -8364.27 14737.7
-2787.82 4629.57 -4303.36 6909.05 -1 0
3216.47 -402.174 -1676.67 3651 -1 1
-5220.27 7438.44 -2518.98 9430.7 1 0
8064.31 3625.79 -6687.6 11086.7 1 1
event 45
-12921.6 -4216.88 1501.94 14021.3
-7649.94 -917.074 507.326 7722.12 -1 1
-5271.65 -3299.81 994.61 6299.16 1 1
6114.25 -513.577 35741.4 36264.4 -1 0
2185.01 646.561 8989.74 9274.63 1 0
event 46
9834.2 1027.13 22332.8 24619.3
-520.534 -3424.72 -3970.98 5270.63 -1 0
1774.64 1442.94 5053.88 5548.36 1 1
8059.56 -415.818 17278.9 19071 -1 1
-2188.39 -3396.61 -6223.82 7421.12 1 0
event 47
-3649.53 11738.4 11794 17314.7
2099.44 -2734.43 -7222.56 8003.83 1 0
-785.935 2460.67 4425.35 5125.18 -1 1
4210.51 -12522.2 -27922.1 30890 -1 0
-2863.6 9277.77 7368.65 12189.6 1 1
event 48
9198.88 1037.27 8454.05 12913.4
-2168.76 -4300.62 2613.79 5481.05 -1 0
3407.48 968.958 5128.39 6233.89 -1 1
5791.4 68.3108 3325.66 6679.54 1 1
453.973 -3337.51 946.423 3500.28 1 0
event 49
4575.71 -5497.19 2829.76 8291.84
2235.36 -3230.52 -67.6573 3930.5 -1 1
2340.35 -2266.67 2897.42 4361.34 1 1
-6326 -1716.97 4328.87 7855.99 -1 0
-5792.35 -654.082 3080.35 6593.85 1 0
event 50
-4306.57 4185.8 -1297.57 6880.56
4106.68 904.313 5350.77 6806.21 -1 0
-2175.44 346.495 -1146.43 2485.57 -1 1
8969.48 -1252.41 12639.1 15549.2 1 0
-2131.13 3839.3 -151.136 4394.99 1 1
event 51
-6432.18 1988.89 14150.9 15974
-3576.86 89.2944 9797.96 10431.3 -1 1
-2855.32 1899.6 4352.99 5542.65 1 1
14012.2 -3086.22 -11003.2 18081.7 -1 0
8710.73 -1082.55 -4641.96 9930.14 1 0
event 52
-7694.78 243.185 19746 21418.8
3141.65 -61.5399 -1969.02 3709.71 1 0
-2803.25 -948.47 10263.9 10682.5 1 1
10235 -1233.19 -6021.55 11939.3 -1 0
-4891.53 1191.65 9482.07 10736.3 -1 1
event 53
7924.87 -783.314 31190 32339.2
-2131.17 2306.31 -2279.61 3881.85 1 0
3655.48 -1778.59 12645.6 13283.4 -1 1
-2864.99 -532.074 -3439.25 4508.98 -1 0
4269.39 995.272 18544.4 19055.8 1 1
event 54
-2364.37 -8106.69 -2676.33 9384.15
-2529.84 -4244.16 -2434.27 5509.07 -1 1
165.469 -3862.53 -242.056 3875.08 1 1
4225.39 3593.48 -6239.79 8349.44 -1 0
2611.14 920.044 -3040.84 4113.69 1 0
event 55
-11073.7 -16504 -80628.7 83099.8
8458.26 2420.9 -28188.3 29529.5 -1 0
-4292.3 -4549.84 -29503.8 30159.8 -1 1
-6781.39 -11954.1 -51124.9 52940.1 1 1
4167.31 674.534 -15609.2 16170.4 1 0
event 56
14086.4 10141.3 39760.7 43494.5
-2381 -4810.14 -31365.3 31821.3 1 0
6975.42 3167.38 17984.4 19548.4 1 1
-381.326 -5008.09 -30148.5 30564.2 -1 0
7110.98 6973.88 21776.3 23946.2 -1 1
event 57
11817 266.303 -45866.8 47466.5
-3923.42 -1744.19 -14293.1 14924.4 1 0
3373.56 1213.9 -17041.3 17414.7 -1 1
-11474.7 -4752.41 -55966.1 57327.7 -1 0
8443.39 -947.598 -28825.5 30051.8 1 1
event 58
28440.3 -2918.91 -19059.6 34499.7
2702.9 7885.36 -8015.39 11564.7 1 0
7754.29 -502.46 -6839.78 10352.6 -1 1
20686 -2416.45 -12219.8 24147.1 1 1
3553.85 8859.93 -8622.55 12864.2 -1 0
event 59
8929.63 1608.9 16366.9 18968.2
4846.9 -654.97 9066.64 10302.3 -1 1
4082.73 2263.87 7300.3 8665.99 1 1
-3796.88 -135.874 8045.56 8898.14 -1 0
-3251.92 -652.217 5057.52 6048.97 1 0
event 60
5197.05 -4469.3 -15457.3 17306.1
2794.09 -4415.62 -8896.75 10318.3 -1 1
2402.96 -53.68 -6560.55 6987.78 1 1
1974.98 6244.09 -121.41 6550.96 -1 0
1220.08 5540.36 -937.233 5750.98 1 0
event 61
-1302.43 6567.56 -7492.76 10514.8
-2235.88 3668.63 -3895.96 5800.66 1 1
933.457 2898.93 -3596.8 4714.16 -1 1
247.088 -5121.22 -222.05 5133.07 -1 0
647.416 -2710.87 -1444.63 3141.03 1 0
event 62
-2666.68 5953.01 -6676.61 9834.51
691.802 -4103.07 -1336.16 4371.53 1 0
-492.17 2279.63 -604.904 2411.64 -1 1
-8.84221 -8316.91 -3436.47 8999.54 -1 0
-2174.51 3673.38 -6071.71 7422.87 1 1
event 63
12304 14135.3 6193.04 19978.5
7429.34 10063 5208.7 13550 1 1
4874.67 4072.24 984.337 6428.5 -1 1
9511.07 13351.5 967.841 16421.7 -1 0
1609.53 1487.14 -233.809 2206.36 1 0
event 64
-14128 -7038.84 -12735.5 20516.6
4385.68 2479.66 911.765 5121.07 -1 0
-2605.76 -1991.2 -1344.88 3546.09 -1 1
-11522.2 -5047.64 -11390.6 16970.5 1 1
1979.06 1101.28 740.811 2385.26 1 0
event 65
-10237.9 -4197.82 -48.9107 11490.4
4198.62 1444.4 14358.1 15029.3 1 0
-3212.35 -816.725 1328.11 3572.29 1 1
8951.81 2354.92 24927.9 26591.2 -1 0
-7025.5 -3381.1 -1377.02 7918.13 -1 1
event 66
-8857.61 -7364.92 41480 43161
-3590.07 1832.91 9126.34 9977.44 -1 0
-3392.72 -1713.41 18081.3 18476.8 -1 1
-5464.89 -5651.52 23398.7 24684.3 1 1
-1561.23 2248.03 7434.67 7923.16 1 0
event 67
8950.17 5885.57 31408.9 33329.5
-5340.72 -4178.91 -14311 15836.8 -1 0
3165.02 2915.59 16718.6 17263.9 1 1
2108.93 1784.52 10103.2 10474.6 -1 0
5785.14 2969.98 14690.3 16065.6 -1 1
event 68
8166.31 3812.43 25577.8 27295.3
7216.03 539.792 21924 23087.5 -1 0
2562.45 2313.4 6579.86 7431.27 1 1
-2279.42 -1782.11 -5645.82 6344.93 -1 0
5603.85 1499.03 18997.9 19864.1 -1 1
event 69
7776.71 -4703.14 40484.7 41607.7
-4350.77 1542.09 6760.47 8186.72 1 0
2578.35 -16.3509 9728 10064.5 1 1
-7659.98 5242.27 9617.77 13366.7 -1 0
5198.36 -4686.79 30756.7 31543.2 -1 1
event 70
9769.73 392.909 -18644.3 21372.8
897.964 -3111.95 19281.4 19551.9 -1 0
1804.14 1525.25 -3506.44 4229.37 1 1
7965.59 -1132.34 -15137.8 17143.4 -1 1
-120.385 5700.66 -22785.2 23488.1 -1 0
event 71
-9910.54 5341.55 -1705.31 11800.4
4866.16 1724.5 -4432.01 6804.94 -1 0
-2217.7 58.7265 -1015.73 2442.23 1 1
-7692.85 5282.83 -689.583 9358.14 -1 1
9075.07 2104.56 -6371.68 11287 1 0
event 72
-17046.3 3474.64 -17405.4 24803
12259.2 2704.75 2605.75 12822.1 -1 0
-2930.07 1729.3 -4064.21 5301.39 1 1
-14116.3 1745.34 -13341.1 19501.6 -1 1
2984.84 -508.815 -345.594 3049.39 1 0
event 73
-133.278 -13712.5 7517.97 15942.4
-1953.06 7695.76 263.11 7944.78 -1 0
116.868 -5335.73 4664.34 7088.79 1 1
-5162.2 8711.26 578.364 10143 1 0
-250.145 -8376.72 2853.63 8853.61 -1 1
event 74
16.5734 29182.2 10499.9 31167.9
3630.63 -3143.72 4013.14 6259.46 -1 0
903.024 4048.16 2116.06 4657.46 -1 1
-886.451 25134 8383.8 26510.4 1 1
3356.16 -3927.29 5774.92 7749.08 1 0
event 75
1237.44 21398.5 9328.25 23580.4
1770.25 14657 7573.58 16593.1 -1 1
-532.808 6741.49 1754.67 6987.25 1 1
13406.4 -19415.9 25109 34455.5 -1 0
2959.79 -4736.33 6134.79 8296.99 1 0
event 76
-8312.4 3185.74 32944.4 34266.2
4616.16 -2135.22 3202.74 6011.39 -1 0
-3203.14 1325.65 18700.3 19019.2 -1 1
-5109.26 1860.09 14244.1 15247 1 1
2122.22 -234.287 2759.32 3490.52 1 0
event 77
0 0 0 0
1860.56 -2609.85 4034.65 5153.89 1 0
1297.36 -2603.79 -1678.67 3360.35 1 0
9727.56 -10817.9 23745 27847.6 -1 0
2183.04 -5306.42 -78.1829 5739.43 -1 0
event 78
-16665.5 20560.6 10518.3 28647.9
2209.09 -6294.04 585.177 6696.91 -1 0
-3135.36 5302.57 1450.06 6329.42 1 1
-13530.1 15258 9068.22 22318.5 -1 1
5635.59 -12193.9 -8341.31 15812.6 1 0
event 79
-22018.1 31837.9 14947.1 41610.8
-12687.3 18541.7 10296.9 24714.3 -1 1
-9330.84 13296.3 4650.2 16896.5 1 1
1994.08 -5519.94 577.056 5898.33 -1 0
13448.1 -15916.3 29926.9 36466.6 -1 0
event 80
-8797.16 -7791.74 13956.5 18506.1
5746.07 191.349 10540.4 12006.9 -1 0
-2056.05 -3694.73 5543.5 6972.8 1 1
-6741.11 -4097.01 8412.97 11533.3 -1 1
2353.52 -1593.18 5647.34 6323.05 1 0
event 81
-4608.24 -7628.68 4082.98 10280.8
-3638.96 -3048.67 1903.33 5115.68 -1 1
-969.275 -4580.01 2179.66 5165.08 1 1
6453.14 4488.53 11074.2 13580.8 -1 0
2073.44 1471.33 1192.69 2810.27 1 0
event 82
819.536 -8494.51 2637.36 9453.83
2246.19 3480.58 1008.71 4264.8 -1 0
-1179.18 -2781.03 783.84 3122.52 -1 1
1998.72 -5713.49 1853.52 6331.31 1 1
3523.45 3033.59 389.524 4666.93 1 0
event 83
6729.24 -10621.7 -16345.4 20853.5
5762.88 -7693.82 -13978.2 16964.8 -1 1
966.359 -2927.89 -2367.28 3888.64 1 1
-2051.44 2288.24 -6093.11 6825.07 -1 0
-3555.5 2473.38 -5435.91 6951.23 1 0
event 84
-2805.51 -7104.45 -19856.8 21499.5
2064.04 3266.56 -10660.1 11339.3 -1 0
-315.891 -3213.39 -11558.6 12001.6 -1 1
100.254 7073.24 -24936.9 25921.1 1 0
-2489.62 -3891.06 -8298.15 9497.84 1 1
event 85
2283.45 -10751.1 -37688.1 39380
3022.18 -7641.59 -27527.3 28727.9 -1 1
-738.734 -3109.48 -10160.8 10652.1 1 1
-9481.88 10751.6 -18409.2 23332.7 -1 0
-5071.46 9615.19 -12723.3 16735.1 1 0
event 86
2761.3 -4796.38 -17831 18925.3
190.913 -3364.73 -8658.6 9291.95 1 1
2570.39 -1431.66 -9172.42 9633.32 -1 1
-4868.75 9745.86 -13787.8 17572.8 1 0
-5842.29 6338 -8921.41 12405.9 -1 0
event 87
2760.44 8795.57 48.0028 9724.99
2044.87 4330.71 -1374.21 4983.58 -1 1
715.567 4464.86 1422.21 4741.4 1 1
190.281 16448 1720.54 16539.2 -1 0
-328.091 2542.16 571.134 2628.23 1 0
event 88
-8246.57 -5618.35 496.545 10459.9
73.9945 4018.53 5846.61 7095.64 1 0
-2270.01 -699.397 -992.949 2576.66 -1 1
-5976.56 -4918.95 1489.49 7883.22 1 1
-2045.3 6406.1 14151.1 15668 -1 0
event 89
-2927.93 20369.4 33194.6 39178.5
-3914.11 -1129.27 -545.77 4111.51 1 0
-2513.77 7335.92 11675.4 14016.4 1 1
-1599.4 -2771.78 904.953 3327.31 -1 0
-414.158 13033.5 21519.2 25162 -1 1
event 90
-11077.6 4626.82 -4335.13 13134.2
-6425.27 -779.325 -5069.23 8221.9 -1 0
-5144.98 567.575 -1353.86 5351.36 1 1
-5932.61 4059.24 -2981.27 7782.83 -1 1
-3248.29 84.151 -2150.01 3897.71 1 0
