event 0
13876.2 3600.56 12087.1 19005.3
10625.1 2598.79 6526.04 13108.3
6985.84 2712.7 3109.55 8114.26 -1 2
4208.84 1307.65 1982.27 4833.72 1 1
9667.37 2292.91 10104.8 14171.6 -1 1
3639.22 -113.91 3416.49 4994.04 1 2
event 1
16947.2 3208.23 16138.6 23823.2
4468.15 -7463.41 649.701 9256.39
9481.57 2042.76 6983.14 11951.9 1 1
7465.63 1165.46 9155.43 11871.3 -1 1
1261.27 -5076.37 477.632 5253.54 -1 2
3206.88 -2387.04 172.069 4002.85 1 2
event 2
6735.58 1714.09 35301.3 36112.1
-3692.87 -14043.8 -10717 18311.5
4518.87 2484.31 26818.7 27310.2 -1 1
2216.7 -770.225 8482.6 8801.85 1 1
-3441.06 -8510.44 -7820.82 12060 -1 2
-251.816 -5533.34 -2896.19 6251.43 1 2
event 3
-7655.56 6294.64 10900.3 15054.5
15472.3 -2443.42 45242.4 47977.4
-4973.84 2123.97 5285.57 7562.99 -1 1
-2681.72 4170.67 5614.74 7491.5 1 1
9996.51 -1497.06 33388.4 34885.1 -1 2
5475.77 -946.363 11854 13092.3 1 2
event 4
7337.14 2295.08 -241.854 8291.74
-6601.24 6717.63 -17403.7 20029.5
4139.69 702.243 1304.02 4397.93 -1 1
3197.45 1592.84 -1545.87 3893.8 1 1
-5771.16 4167.35 -11214.7 13283.6 -1 2
-830.085 2550.29 -6188.92 6745.88 1 2
event 5
-6303.02 4668.35 -17261 19210.8
5780.67 2205.06 -199.327 6921.64
-4073.05 1363.05 -7150.39 8341.87 -1 1
-2229.97 3305.3 -10110.6 10868.9 1 1
4417.03 123.676 -289.122 4429.47 -1 2
1363.64 2081.38 89.7947 2492.17 1 2
