event 0
8968.36 435.68 -27168.5 28780.9
7040.61 8016.21 -20109.1 22973.8
1807.05 4224.7 -7300.93 8627.18 -1 2
3877.41 391.855 -7365.42 8333.57 -1 1
5233.56 3791.51 -12808.2 14346.6 1 2
5090.95 43.8255 -19803.1 20447.3 1 1
event 1
80.7828 -8876.52 11659.8 14978
579.386 -12785 25659.3 28840.6
-686.53 -10666.9 21230.2 23769.4 1 2
-1279.74 -2869.62 4999.35 5905.69 -1 1
1265.92 -2118.06 4429.1 5071.17 -1 2
1360.52 -6006.9 6660.45 9072.3 1 1
event 2
-4340.37 5794.65 9020.65 11974.1
-3609.26 -22082.8 -25631.1 34164.6
-1179.95 -3085.57 -2564.68 4183.51 1 2
-307.229 2690.04 3940.22 4781.96 1 1
-2429.31 -18997.2 -23066.4 29981 -1 2
-4033.14 3104.62 5080.43 7192.14 -1 1
event 3
-3992.25 5538.76 13017.1 15021.7
-2762.53 -15504.7 -17698.5 23892.6
-1519.3 4600.04 8172.64 9501.15 1 1
-2472.95 938.727 4844.5 5520.6 -1 1
-641.355 -10628.7 -10624.9 15042.6 -1 2
-2121.17 -4876.03 -7073.65 8850.01 1 2
