event 0
-2770.81 9726.68 42539.4 43834.7
2483.57 -5737.95 8918.94 11323.8
1086.28 -3817.61 3098.11 5036.23 1 2
-2518.45 3369.81 16207.1 16744.5 -1 1
1397.29 -1920.34 5820.84 6287.56 -1 2
-252.362 6356.87 26332.4 27090.2 1 1
event 1
19259.4 35.5515 -94503 96495.2
-7116.31 -716.758 -23327.4 24595
11915 -1441.46 -59833.3 61025.2 1 1
7344.36 1477.01 -34669.7 35470 -1 1
-5191.34 -1324.47 -19966.3 20672.9 -1 2
-1924.97 607.713 -3361.14 3922.15 1 2
event 2
-7812.42 -1494.81 -27157.1 28466.9
33961 -2285.74 -175663 178957
-5651.31 -2403.78 -18251.7 19257.5 -1 1
-2161.11 908.976 -8905.44 9209.48 1 1
27130.8 -579.634 -139133 141755 1 2
6830.21 -1706.11 -36529.6 37202 -1 2
event 3
-7775.25 -1209.36 -22846 24360.8
37058.6 -2194.38 -177654 181517
-4432.8 -1778.04 -16333.6 17017.9 1 1
-3342.45 568.682 -6512.36 7342.85 -1 1
21454.2 238.54 -101114 103365 -1 2
15604.4 -2432.92 -76539.5 78151.9 1 2
