event 0
-6897.61 -6940.25 42056.3 43290.5
10411.8 4784.84 15068.8 19182.3
3673.36 684.961 6763.63 7727.91 1 2
-1844.67 -2809.81 9278.2 9868.84 -1 1
6738.46 4099.87 8305.12 11454.3 -1 2
-5052.94 -4130.44 32778.1 33421.7 1 1
event 1
5584 9419.27 -29419.5 31543.7
7539.96 -3994.99 14380.2 17005.6
1922.46 6202.33 -16141.3 17398.8 1 1
3661.54 3216.94 -13278.2 14144.9 -1 1
3890.61 -1948.85 4427.56 6208.81 -1 2
3649.35 -2046.14 9952.61 10796.8 1 2
event 2
8833.33 12923.3 -39289.6 42406.4
6294.46 -4443.37 11055.1 13826.4
2959.7 -3941.14 6571.09 8214.79 -1 2
1962.67 2944.04 -12742.5 13225.1 1 1
6870.66 9979.28 -26547.1 29181.4 -1 1
3334.76 -502.231 4484 5611.62 1 2
