event 0
11343.9 292.94 -15153.7 19183.2
-1836.57 5814.31 -136.218 6840.25
-26.2695 4719.16 -81.1874 4721.12 1 2
4608.13 -1328.84 -6951.01 8445.61 1 1
-1810.3 1095.14 -55.0301 2119.13 -1 2
6735.77 1621.78 -8202.68 10737.6 -1 1
event 1
-5210.88 1674.39 1587.23 6485.92
16167 13317.7 -4884.15 21729.7
-2706.97 1383.45 2356.98 3848.13 -1 1
-2503.91 290.936 -769.75 2637.78 1 1
8674.07 7315.04 -4215.61 12105 1 2
7492.93 6002.67 -668.537 9624.66 -1 2
event 2
-1491.92 -15592.5 12436.4 20238.7
2217.44 -6145.48 9412.55 11868.9
2884.24 -4184.36 7409.26 8985.32 1 2
-307.79 -5573.39 6351.99 8456.73 1 1
-666.801 -1961.11 2003.3 2883.57 -1 2
-1184.13 -10019.1 6084.43 11782 -1 1
event 3
-2563.68 -9660.6 -9596.49 14198
-11255.7 16322.9 55652.3 59159.9
-1809.33 4708.27 15934.7 16714.3 -1 2
26.0629 -4527.56 -2929.52 5393.77 -1 1
-9446.37 11614.6 39717.6 42445.6 1 2
-2589.74 -5133.04 -6666.96 8804.23 1 1
