event 0
2074.46 7792.32 2210.34 8916.28
-1816.23 -6493.15 4644.33 8753.31
-1799.13 -4203.17 4561.61 6459.33 -1 2
-504.622 3064.48 1599.88 3495.21 1 1
2579.08 4727.84 610.456 5421.07 -1 1
-17.1063 -2289.98 82.7183 2293.97 1 2
event 1
-23860.3 -15871.1 -28464.4 40509.5
1006.59 5514.5 44.1147 6404.45
-19945.5 -13689.2 -25414.5 35087.4 1 1
-3914.82 -2181.87 -3049.91 5422.13 -1 1
-923.857 3456.6 -36.8288 3579.68 -1 2
1930.45 2057.91 80.9435 2824.77 1 2
event 2
-42384.3 -30539.3 -51142.7 73172.7
2365.74 6874.97 58.9452 7902.94
315.922 4190.84 1138.86 4355.58 1 2
-10579.6 -7309.1 -14457.8 19349.2 -1 1
2049.82 2684.13 -1079.92 3547.35 -1 2
-31804.6 -23230.2 -36684.9 53823.5 1 1
