event 0
-6416.06 1925 -9040.69 11670.3
6251.33 5354.12 -20044.4 21888.7
2389.74 2620.69 -5099.89 6212.8 1 2
-1913.08 -825.908 -2911.76 3582.11 1 1
-4502.98 2750.91 -6128.93 8088.22 -1 1
3861.6 2733.43 -14944.5 15675.9 -1 2
event 1
-6819.71 12696.9 11113.2 18461.1
-10096.9 -1222.64 -6089.17 12252
-7738.57 -1836.47 -3485.79 8684.47 -1 2
-1571.53 2960.73 4363.22 5503.13 1 1
-5248.19 9736.2 6749.94 12958 -1 1
-2358.35 613.827 -2603.38 3567.54 1 2
event 2
-7613.28 15152.6 14158.9 22307.6
-10109.9 -621.11 -6373.57 12361.6
-5162.43 7564.14 8786.21 12691.6 1 1
-2450.85 7588.45 5372.73 9616.06 -1 1
-5930.06 392.976 -5211.26 7904.97 -1 2
-4179.88 -1014.09 -1162.3 4456.66 1 2
event 3
-10974.6 18858 11527.2 24870.3
381.222 -6498.44 3841.19 8168.26
-9390.58 15080.7 10535.2 20654.6 -1 1
-1583.98 3777.32 991.946 4215.71 1 1
127.07 -3900.8 513.724 3937.96 -1 2
254.152 -2597.63 3327.46 4230.3 1 2
