event 0
-11272.6 1147.8 -19186.3 22496.5
8398.98 -2838.7 18202.1 20481.9
3493.25 51.854 9062.85 9713.49 -1 2
-1880.8 -807.24 -2344.88 3114.27 1 1
-9391.78 1955.04 -16841.4 19382.2 -1 1
4905.72 -2890.55 9139.25 10768.4 1 2
event 1
223.011 -7066.57 10250.4 12831.5
-9963.09 3219.98 4006.04 11630.7
1485.27 -4316.24 5003.91 6773.94 1 1
-1262.26 -2750.33 5246.47 6057.58 -1 1
-8011.38 1262.56 2536.27 8498.24 -1 2
-1951.71 1957.42 1469.77 3132.42 1 2
event 2
1031.68 -8460.13 17631.6 19826.8
-8735.68 3656.44 4689.18 11011.9
-4159.39 1001.87 593.846 4320.66 -1 2
1279.89 -2691.99 3745.99 4788.38 -1 1
-248.203 -5768.14 13885.6 15038.5 1 1
-4576.29 2654.57 4095.33 6691.19 1 2
