event 0
10311.5 9042.2 5692.56 15168.5
-8162.25 -3523.34 -15923.2 18498
-4207.95 -193.114 -6425.4 7683.82 -1 2
1423.73 1736.49 2198.04 3144.03 1 1
8887.72 7305.71 3494.52 12024.5 -1 1
-3954.3 -3330.23 -9497.82 10814.2 1 2
event 1
-12714.5 52493.5 18728.6 57250.1
-12971 -41069.4 -89793.1 99636
-4916.9 -12725.6 -31133.9 33991.9 -1 2
-1574.7 3579.76 942.677 4024.2 -1 1
-11139.8 48913.7 17785.9 53225.9 1 1
-8054.15 -28343.7 -58659.1 65644 1 2
event 2
-10726.7 42565.4 13213.6 45946.4
-17825.8 -52324.9 -113315 126117
-5974.19 24557.1 9182.11 26889.8 -1 1
-4752.52 18008.4 4031.5 19056.5 1 1
-8452.85 -28618.5 -58986.4 66105 -1 2
-9372.94 -23706.4 -54328.7 60012.2 1 2
