event 0
8330.01 -10102.1 -24777.8 28195.3
-9595.67 7259.65 7616 14573.1
-3572.51 1512.3 1201.1 4062.47 -1 2
1195.18 -3195.22 -8017.2 8713.47 1 1
7134.83 -6906.86 -16760.6 19481.8 -1 1
-6023.16 5747.35 6414.9 10510.6 1 2
event 1
-9799.68 6164.97 6676.71 13863.9
6545.76 -8664.92 -22320.9 25014.8
4511.55 -7693.63 -16233.1 18522.2 1 2
-3756.61 3161.06 4780.17 6853.14 -1 1
2034.21 -971.287 -6087.77 6492.58 -1 2
-6043.07 3003.91 1896.54 7010.72 1 1
event 2
10131.9 -5680.48 -34171 36224
-6873.38 6027.65 -47128 48106.3
-2471.59 3695.76 -17160.2 17727.1 1 2
3021.06 -2176.95 -7126.41 8041.32 -1 1
7110.81 -3503.53 -27044.6 28182.7 1 1
-4401.79 2331.89 -29967.8 30379.2 -1 2
