event 0
-13361.7 5121.42 57442.1 59278.6
10478.9 368.397 12517.3 16619.7
5198.09 -1223.82 7132.22 8910.53 -1 2
-1803.9 1938.12 9986.35 10331.9 -1 1
-11557.8 3183.3 47455.8 48946.7 1 1
5280.8 1592.22 5385.06 7709.22 1 2
event 1
-11491.2 3674.48 47579.1 49182.5
11782.5 348.296 11538 16782.9
-7838.84 3176.87 27646.9 28911.9 -1 1
-3652.33 497.603 19932.3 20270.5 1 1
9301.96 60.0522 10624.7 14121.8 -1 2
2480.53 288.243 913.344 2661.1 1 2
event 2
-11526.6 4089.04 52317.9 53817.6
11853.7 15.7839 13298.3 18081.7
-8213.21 4052.33 41707.2 42701.1 -1 1
-3313.42 36.7123 10610.7 11116.5 1 1
9156.92 -1284.63 9748.32 13436.5 -1 2
2696.8 1300.41 3549.97 4645.13 1 2
event 3
-13578 4749.76 54804.2 56745.1
11828.6 -1479.07 14345.8 19013
4999.3 -2467.18 6490.49 8556.73 -1 2
-3404.55 2674.72 16042.5 16616.8 -1 1
-10173.5 2075.04 38761.6 40128.3 1 1
6829.35 988.107 7855.31 10456.3 1 2
event 4
-8818.28 -21387.4 47166.9 52626
2349.43 5406.59 -5539.98 8662.18
2737.52 2744.76 -2562.55 4648.18 1 2
-4950.1 -8385.21 18266.6 20700.1 -1 1
-388.094 2661.82 -2977.44 4014 -1 2
-3868.17 -13002.2 28900.3 31925.9 1 1
