event 0
-4003.3 -9400.17 16621 19754.5
-5815.33 -5630.75 6909.16 11083.8
-3720.95 -3040.03 5882.42 7596.14 1 2
-2750.9 -3950.74 5525.79 7329.48 1 1
-2094.37 -2590.72 1026.73 3487.63 -1 2
-1252.4 -5449.43 11095.3 12425 -1 1
event 1
-7294.36 -5034.71 5816.07 11044.2
-3506.68 -5429.31 14201.3 15907.4
-3709.09 -4365.53 3806.57 6878.69 1 1
-3585.27 -669.175 2009.5 4165.48 -1 1
53.1852 -2522.33 4211.57 4910.55 -1 2
-3559.87 -2906.99 9989.77 10996.8 1 2
event 2
-805.796 -14444.6 -21265.8 25906
10657.6 -4979.6 -20849.7 24138.8
7219.54 -4586.39 -13027.7 15584.9 -1 2
1117.64 -4095.45 -6756.12 7979.86 -1 1
-1923.43 -10349.1 -14509.6 17926.1 1 1
3438.08 -393.21 -7821.91 8553.86 1 2
event 3
12786.5 4565.25 14071.2 19797.1
-6074.86 -35000.8 8499.55 36657.8
7266.28 1033.49 8095.3 10927.6 -1 1
5520.22 3531.76 5975.88 8869.53 1 1
-5062.2 -33219.5 7883.3 34515.5 -1 2
-1012.66 -1781.25 616.242 2142.25 1 2
event 4
8595.26 3521.68 10124.3 14084.5
-4474.23 -24438.2 6167.79 25785.2
6530.17 1171.27 6393.69 9214.41 -1 1
2065.1 2350.41 3730.62 4870.09 1 1
-4564.89 -21867.3 6290.15 23207.7 -1 2
90.6617 -2570.86 -122.358 2577.53 1 2
