event 0
-8293.73 1542.67 3992.38 9833.24
-14411.1 -3304.9 7732.17 16970
-3851.06 -1871.99 1117.19 4426.54 -1 2
-2062.76 -938.372 808.832 2408.51 -1 1
-10560.1 -1432.91 6614.98 12543.4 1 2
-6230.97 2481.04 3183.55 7424.74 1 1
event 1
-6214.37 3137.37 2474.12 8010.88
-12137.4 -3570.83 5156.21 14008.8
-2981.89 -1804.05 312.371 3500.71 1 2
-1814.41 2136.59 2056.26 3478 -1 1
-9155.55 -1766.78 4843.84 10508.1 -1 2
-4399.96 1000.78 417.862 4532.88 1 1
event 2
-2520.01 -8803.83 5334.79 11041.3
-4678.85 9064.25 17816.5 20762.3
-2597.27 3462.08 10196.9 11077.9 1 2
258.322 -3468.1 982.218 3615.29 -1 1
-2778.33 -5335.73 4352.57 7425.99 1 1
-2081.57 5602.17 7619.59 9684.35 -1 2
