event 0
2638.79 49319.5 108616 119358
-7460.12 -28908.9 101566 105908
451.614 34733.7 75896.4 83468 -1 1
2187.17 14585.8 32719.4 35890.1 1 1
-1899.16 -11064.6 34050.3 35853.4 -1 2
-5560.97 -17844.3 67515.6 70055 1 2
event 1
1523.97 43626.9 98703.2 107970
-5770.29 -29617.3 100017 104516
-1880.42 -13970 51162.8 53069.3 -1 2
1294.36 11469.2 28670.6 30906.8 1 1
229.607 32157.7 70032.6 77063.3 -1 1
-3889.88 -15647.2 48854.4 51446.4 1 2
event 2
743.766 34553.7 80342.3 87515.6
-4813.08 -21994.4 77289.8 80561.9
-4855.02 -19095.1 64248.8 67202.1 -1 2
-36.0299 11547.3 30546.3 32656.2 -1 1
779.796 23006.4 49796 54859.4 1 1
41.9393 -2899.25 13041 13359.8 1 2
event 3
-11263 -49555.8 167215 174794
1202.98 26465.4 58985.1 64735.6
13.1815 8050.08 14719.3 16777.2 1 2
-674.206 -7288.96 22384 23550.7 -1 1
-10588.8 -42266.8 144831 151243 1 1
1189.8 18415.3 44265.8 47958.5 -1 2
