event 0
-9087.92 -2987.21 17049.6 19793.7
10160.1 1010.37 -4553.88 11600.7
-4519.12 -1640.75 5533.67 7331.24 -1 1
-4568.79 -1346.46 11515.9 12462.5 1 1
6893.51 1070.33 -4554.47 8331.89 -1 2
3266.59 -59.9641 0.590368 3268.85 1 2
event 1
9186.31 888.947 -2312.51 10005.9
-13591.6 -4388.01 23895.7 28010.3
-10211.7 -3371.97 15152.7 18581.2 1 2
3600.39 -964.873 -1665.47 4083.96 -1 1
-3379.92 -1016.05 8743.02 9429.09 -1 2
5585.92 1853.82 -647.045 5921.9 1 1
event 2
-1025.32 7896.32 24368.1 25822.4
3867.55 9451.41 37830.9 39307.2
2650.68 7165.9 22584.6 23842.2 1 2
882.651 3030.61 11684.7 12104 1 1
1216.88 2285.51 15246.3 15464.9 -1 2
-1907.98 4865.71 12683.4 13718.4 -1 1
event 3
121.094 6608.29 18627.9 20006.9
1773.7 6814.01 33684.9 34552
-582.25 3234.03 17669.1 17972.4 1 2
-389.401 2189.67 10572.4 10804.3 1 1
510.495 4418.62 8055.48 9202.54 -1 1
2355.95 3579.99 16015.8 16579.6 -1 2
