event 0
12162.8 -3163.47 16366.1 20961.5
3228.5 -11116 -14931.1 19144.7
157.009 -4649.19 -4357.16 6374.61 -1 2
2033.74 -2075.38 3495.02 4546.38 1 1
10129 -1088.09 12871.1 16415.1 -1 1
3071.49 -6466.84 -10574 12770.1 1 2
event 1
21702.5 16249.9 33317.1 43065.9
15791.1 12604.3 39636.8 44597
7333.3 6471.64 22378.4 24422.6 1 2
2728.47 1305.37 2597.11 3988.06 1 1
18974 14944.5 30719.9 39077.8 -1 1
8457.75 6132.63 17258.5 20174.4 -1 2
event 2
25930.6 17174.5 39374 50271.8
16280.8 14138.4 41238.4 46638.5
12540.3 11199.3 34624.1 38490.6 -1 2
5452.89 3584.67 6347.47 9104.14 1 1
20477.7 13589.8 33026.5 41167.7 -1 1
3740.52 2939.12 6614.25 8147.97 1 2
