event 0
858.38 -5884.17 -7303.03 9913.9
-1465.89 11003.4 -27295.8 29628.9
-368.87 -3594.13 -2325.3 4297.91 -1 1
1227.25 -2290.04 -4977.73 5616 1 1
-640.821 5829.12 -18311.3 19227.7 -1 2
-825.067 5174.33 -8984.46 10401.3 1 2
event 1
6941.02 11568.9 -12813.6 18968.1
3458.29 -9835.29 -17077.8 20246.8
5196.44 8084.35 -6694.31 11712.6 1 1
1744.59 3484.56 -6119.29 7255.53 -1 1
1679.11 -2091.75 -2629.53 3757.71 -1 2
1779.19 -7743.54 -14448.3 16489.1 1 2
event 2
3393.21 5921.89 -7053.34 10291.9
-11488.1 -3183.45 -6130.63 13758.2
1329.15 3768.22 -2116.74 4523.04 1 1
2064.06 2153.67 -4936.6 5768.87 -1 1
-6510.8 -2476.44 -1992.66 7246.04 1 2
-4977.34 -707.011 -4137.97 6512.13 -1 2
event 3
-5377.34 4604.1 -700.614 7758.57
7861.4 -2147.19 183.58 8719.9
3311.98 -26.1836 -1179.6 3517.46 -1 2
-1932.04 626.568 -1370.99 2452.79 1 1
-3445.29 3977.53 670.375 5305.79 -1 1
4549.42 -2121 1363.18 5202.44 1 2
