event 0
5490.37 -15999.7 -4043.16 17665.6
-7693.08 4568.42 -12766.3 15894.1
-3693.52 2093.18 -8677.37 9660.81 1 2
2257.41 -2762.75 -764.335 3650.21 1 1
3232.97 -13237 -3278.82 14015.4 -1 1
-3999.56 2475.24 -4088.89 6233.25 -1 2
event 1
8003.02 -18840.1 -6925.1 21829.9
-7568.06 3617.74 -13680.5 16343.4
-3393.97 211.211 -6802.83 7606.13 -1 2
2184.54 -2451.43 -1505.79 3613.9 1 1
5818.48 -16388.6 -5419.31 18216 -1 1
-4174.1 3406.53 -6877.62 8737.3 1 2
event 2
7574.34 365.957 25928.5 27191.6
-384.717 6737.85 24109.2 25226.8
1114.28 4167.52 11850.5 12611.7 -1 2
2818.84 -1334.53 9013.35 9538.26 -1 1
4755.5 1700.48 16915.2 17653.3 1 1
-1499 2570.33 12258.7 12615.1 1 2
