event 0
-17580.9 2062.32 -44385 47884.9
-19230.8 11953.2 -50349.7 55329.7
-17229 9430.12 -44716.8 48840.2 1 2
-3457.54 -676.531 -10363.2 10946.2 -1 1
-2001.79 2523.09 -5632.88 6489.5 -1 2
-14123.4 2738.85 -34021.8 36938.6 1 1
event 1
-16083.2 2507.39 -42846.1 45938.4
-13152.3 8382.06 -33822.8 37374
-4534.07 2141.95 -7968.2 9415.37 -1 2
-2513.88 -285.274 -4459.79 5128.53 1 1
-13569.3 2792.66 -38386.3 40809.9 -1 1
-8618.23 6240.11 -25854.6 27958.6 1 2
event 2
3451.83 -6684.76 14032.2 16220.2
-5007.19 5960.51 -9001.9 12297.3
-2189.12 4171.4 -6885.5 8343.51 1 2
2778.96 -2614.27 5004.81 6294.14 -1 1
-2818.06 1789.11 -2116.4 3953.82 -1 2
672.879 -4070.49 9027.37 9926.04 1 1
event 3
4976.53 -6057.81 13998.7 16340.6
-6284.14 4436.54 -8095.33 11588.7
-2092.63 2898.59 -2223.2 4211.26 -1 2
2549.12 -1103.69 6121.42 6723.03 1 1
2427.41 -4954.12 7877.27 9617.6 -1 1
-4191.51 1537.95 -5872.13 7377.47 1 2
