event 0
204.751 16745.1 47756 50701.7
1094.71 -5129.05 7943.98 10010.1
1407.94 10569.7 32266 33982.4 1 1
-1203.19 6175.4 15490 16719.3 -1 1
-459.67 -3680.87 6339.52 7345.8 -1 2
1554.38 -1448.17 1604.46 2664.35 1 2
event 1
-257.381 11508.7 27584.8 30050.4
4265.87 -7004.05 10857.5 13954.6
4341.83 -4704.84 8672.3 10779.9 -1 2
944.018 4682.03 14111.9 14898.6 -1 1
-1201.4 6826.62 13472.9 15151.8 1 1
-75.9576 -2299.21 2185.16 3174.62 1 2
event 2
-6318.4 -8537.79 -4519.95 11951.4
1796.01 9638.94 -23940 26054.7
1711.91 4515.7 -14894.6 15658.3 -1 2
-2988.88 -3104.02 -328.01 4322.85 1 1
-3329.52 -5433.77 -4191.94 7628.57 -1 1
84.1028 5123.24 -9045.32 10396.3 1 2
