event 0
1447.16 6138.63 -143.45 7027.73
2126.36 -10118.1 5146.4 11957.1
-491.649 -3007.32 562.602 3100.54 1 2
1851.59 1545.55 -42.7537 2414.56 -1 1
2618.01 -7110.77 4583.8 8856.6 -1 2
-404.432 4593.09 -100.696 4613.17 1 1
event 1
6061.68 2895.91 -16.1897 7397.38
-17518.2 -6195.93 25000.4 31303.2
4011.79 256.227 -352.05 4036.73 1 1
2049.89 2639.69 335.861 3360.65 -1 1
-11155.1 -4395.18 18379.9 21945.1 -1 2
-6363.09 -1800.75 6620.51 9358.09 1 2
event 2
11855.1 5197.21 57157.9 58687.1
-6451.55 5433.9 31511.7 32767.7
-3803.24 3665.77 24543.9 25106.1 -1 2
4650.58 828.471 25060.7 25502.2 1 1
7204.56 4368.74 32097.3 33184.9 -1 1
-2648.31 1768.13 6967.72 7661.6 1 2
