event 0
-12344.4 -2360.07 10740.8 16819.9
8199.19 -38.8795 23359.5 24949.7
4052.47 1395.18 13313.4 13986.6 -1 2
-4015.49 607.878 3997.47 5699.53 1 1
-8328.88 -2967.95 6743.35 11120.4 -1 1
4146.72 -1434.06 10046.2 10963.1 1 2
event 1
131.423 -6954.54 -18560 20061.1
4342.78 10997.3 -32209.9 34451
2273.67 2872.51 -7310.88 8178.08 1 2
-858.306 -2144.53 -9251.62 9536.21 -1 1
2069.11 8124.78 -24899 26272.9 -1 2
989.729 -4810.02 -9308.39 10524.9 1 1
event 2
4234.62 7503.27 -26864 28381.3
-1761.21 -4471.83 -17464.5 18376.5
178.941 -3193.73 -7695.97 8334.93 1 2
1299.6 3817.23 -8299.29 9227.66 -1 1
-1940.15 -1278.1 -9768.54 10041.6 -1 2
2935.02 3686.04 -18564.7 19153.6 1 1
event 3
7402.59 -1222.37 -26235.9 27462.8
-15749.8 -9936.48 -404.951 18882.4
-3581.62 -2594.75 1190.15 4581.3 1 2
2139.6 -1718.24 -7189.29 7695.93 1 1
-12168.2 -7341.73 -1595.1 14301.1 -1 2
5263 495.873 -19046.6 19766.9 -1 1
