event 0
-3971.08 -14128.6 40029.9 42747.7
9213.2 -255.494 8395.19 12846
-983.4 -8289.16 24720.9 26092.3 -1 1
-2987.68 -5839.43 15309 16655.4 1 1
6242.87 -1547.35 4955.79 8120.27 -1 2
2970.33 1291.86 3439.4 4725.72 1 2
event 1
-1619.74 -10753.2 33664.1 35512.2
11856.8 -685.88 9497.65 15519.5
3473.27 -1393.91 3942.57 5437.06 -1 2
800.899 -2398.45 9446.57 9779.72 1 1
-2420.64 -8354.71 24217.6 25732.5 -1 1
8383.52 708.032 5555.08 10082.4 1 2
event 2
5891.25 -1032.14 19935.8 21137.7
-9097.31 4284.9 -4561.82 11468.3
3209.78 -1106.58 16108.2 16462.4 1 1
2681.47 74.4438 3827.65 4675.24 -1 1
-4304.76 3627.84 -3024.24 6391.35 -1 2
-4792.55 657.064 -1537.58 5076.97 1 2
