event 0
-6299.76 -14328.6 -58698.2 60828.1
12424.9 41341.2 -6245.53 43727.2
-4728.84 -6936.96 -31396.6 32499.9 1 1
-1570.92 -7391.66 -27301.6 28328.3 -1 1
10005.3 29500.9 -5360.33 31609.4 -1 2
2419.57 11840.2 -885.198 12117.8 1 2
event 1
-3448.75 -12616.9 -44069.4 46073.7
6998.05 27212.9 -2712.33 28398.3
4689.6 22884 -2128.54 23456.6 1 2
-2773.91 -5354.1 -22982.3 23760.4 1 1
2308.45 4328.9 -583.792 4941.69 -1 2
-674.844 -7262.79 -21087.2 22313.3 -1 1
event 2
7288.23 31534.2 -3739.74 32727.7
-2297.24 -9422.26 -37039.7 38413.4
4478.69 16829.5 -570.946 17424.9 1 1
2809.54 14704.7 -3168.79 15302.8 -1 1
-2085.04 -7253.21 -32653 33514 -1 2
-212.2 -2169.05 -4386.66 4899.37 1 2
event 3
-5694.39 20.2967 23838.3 24703.9
12507.6 17065.7 32952.7 39282.9
-2876.58 -1440.49 9974.58 10481.1 1 1
-2817.8 1460.79 13863.7 14222.8 -1 1
8153.18 10140.8 17616.6 21901.2 -1 2
4354.38 6924.99 15336.1 17381.7 1 2
