event 0
-3805.27 -9858.06 -11229.1 15727.2
6346.88 2238.87 5622.37 9300.44
-3677.61 -5323.66 -6774.68 9368.76 1 1
-127.652 -4534.4 -4454.42 6358.47 -1 1
3954.9 63.1131 4187.77 5761.41 -1 2
2391.98 2175.76 1434.6 3539.03 1 2
event 1
-6985 4342.96 -4106.23 9700.7
-9532.96 -880.363 -5100.64 11281
-4879.45 1095.58 -2679.07 5674.32 1 2
-2269.28 1912.69 -3113.1 4302.39 -1 1
-4715.72 2430.27 -993.134 5398.31 1 1
-4653.52 -1975.94 -2421.57 5606.67 -1 2
event 2
-3619.78 -8323.84 -1054.23 9648.39
691.051 10461.1 1629.63 11052.5
-772.816 7991.06 839.946 8072.85 1 2
-180.275 -4162.86 -128.599 4170.09 -1 1
1463.87 2469.99 789.684 2979.69 -1 2
-3439.5 -4160.97 -925.63 5478.31 1 1
