event 0
-10585.8 -1233.97 -19343.2 22301
3752.76 -7389.46 -4881.82 10105
454.925 -4107.12 -1712.85 4474.42 1 2
-1864.53 755.845 -5073.39 5458.78 -1 1
-8721.32 -1989.81 -14269.8 16842.2 1 1
3297.83 -3282.34 -3168.96 5630.54 -1 2
event 1
-12207.8 -1515.71 -20699.7 24277.5
5351 -10171.8 -7438.45 14036.4
-6073.26 -2297.51 -10224.1 12112.3 -1 1
-6134.57 781.798 -10475.6 12165.3 1 1
3036.29 -7184.98 -3414.93 8515.63 -1 2
2314.7 -2986.81 -4023.51 5520.75 1 2
event 2
346.245 -24717.8 17890.8 30736.9
-10410.7 -2769.35 24987 27386.1
-4149.08 161.944 7357.19 8448.7 -1 2
112.645 -2256.29 3116.98 3851.01 1 1
233.6 -22461.5 14773.8 26885.9 -1 1
-6261.63 -2931.3 17629.9 18937.4 1 2
