event 0
6645.21 10731 -32257.9 34777.5
1677.93 11253.6 -26817.2 29295.3
-534.783 5627.59 -11143.9 12496.1 -1 2
1449.23 1542.08 -2995.65 3669.24 -1 1
5195.98 9188.92 -29262.2 31108.3 1 1
2212.71 5625.96 -15673.3 16799.1 1 2
event 1
860.586 17669.3 523.314 17966.9
1761.64 7670.83 -428.853 8468.76
-499.142 3384.52 696.006 3492.81 -1 2
-854.605 2376.77 -356.612 2552.98 -1 1
1715.19 15292.5 879.925 15413.9 1 1
2260.78 4286.31 -1124.86 4975.95 1 2
event 2
5828.68 -6117.55 -25341.8 26892.3
6630.54 329.092 -16890.8 18411
4352.35 471.979 -14304.4 14959.7 -1 2
1130.34 -3346.13 -10587.9 11162 1 1
4698.34 -2771.41 -14753.9 15730.3 -1 1
2278.19 -142.887 -2586.41 3451.26 1 2
