event 0
-6302.74 720.135 -7571.72 10352
5362.03 6369.44 -27296.2 28705.3
1226.59 2896.72 -6541.81 7259.61 1 2
-2320.31 56.6291 -781.119 2451.19 -1 1
4135.45 3472.72 -20754.4 21445.7 -1 2
-3982.43 663.506 -6790.6 7900.85 1 1
event 1
10233.9 5418.17 -44734.7 46312.7
-7497.48 -2392.51 -8098.97 11709.9
8055.63 3013.4 -35388.4 36418.7 1 1
2178.23 2404.77 -9346.26 9894.01 -1 1
-2251.24 281.825 -988.483 2477.05 -1 2
-5246.24 -2674.34 -7110.49 9232.84 1 2
event 2
-6930.93 6849.32 -43678.2 44858.9
-9546.84 -4926.26 -32024.8 33920.4
-3404.73 -2724.64 -9211.96 10192.5 -1 2
-2099.82 3447.1 -23047.2 23398.2 1 1
-6142.11 -2201.62 -22812.9 23727.8 1 2
-4831.12 3402.23 -20631 21460.7 -1 1
event 3
-11270.7 -5455.06 -34375.8 36716.1
-6116.92 6506.31 -38359.1 39506.4
-8350.18 -3517.94 -20671.6 22570.5 -1 1
-2920.53 -1937.12 -13704.2 14145.6 1 1
-438.214 2376.48 -10669.6 10940.3 -1 2
-5678.71 4129.84 -27689.5 28566.1 1 2
