event 0
4435.15 11660.3 36038.6 38262.3
5572.65 -6126.78 22679.1 24341.8
3748.46 -2427.76 8898.42 9956.81 1 2
796.305 6229.56 16253.1 17424.6 1 1
1824.19 -3699.01 13780.7 14385 -1 2
3638.85 5430.7 19785.5 20837.7 -1 1
event 1
1022.74 6764.9 23760.1 24918.8
4258.92 -6816.63 20174.7 21936.6
2934.38 -1907.63 9082.91 9734.48 -1 2
-833.56 3125 7823.54 8466.37 1 1
1324.53 -4909.01 11091.8 12202.1 1 2
1856.3 3639.9 15936.6 16452.4 -1 1
event 2
-7119.85 14126 12411.5 20343.9
-9536.57 -6180.42 10724 15929.2
-5247.69 7005.76 6911.31 11153.3 -1 1
-1872.16 7120.29 5500.2 9190.59 1 1
-8140.92 -4330.57 7151.94 11670 -1 2
-1395.65 -1849.85 3572.06 4259.17 1 2
event 3
-7588.19 -11183.2 -6426.18 15281.8
7041.7 3099.38 -30591.6 31695.9
-4671.22 -6646.76 -5492.93 9807.3 1 1
-2916.97 -4536.46 -933.253 5474.52 -1 1
4187.74 184.388 -14415.1 15012.6 -1 2
2853.96 2914.99 -16176.5 16683.3 1 2
event 4
6390.75 5288.46 -31420.9 32705.8
-5295.7 -7295.36 -6711.93 11657.9
-3975.67 -5315.32 -6459.46 9262.52 1 2
4010.58 1322.3 -11406 12163.1 1 1
-1320.03 -1980.05 -252.475 2395.41 -1 2
2380.17 3966.16 -20014.9 20542.7 -1 1
event 5
-5683.24 1177.62 5822.3 8785.01
7500.21 -4729.68 13642.4 16562.9
3046.3 -812.416 6869.83 7559.47 1 2
-2022.91 -937.326 2831.79 3605.68 -1 1
4453.91 -3917.26 6772.61 9003.43 -1 2
-3660.34 2114.95 2990.51 5179.32 1 1
