event 0
2800.91 -9365.05 5145.38 11472.4
7441.79 -4165.81 12935.2 15800.1
1855.25 -2405.14 3027 4289.58 1 2
-537.677 -2248.66 1785.53 2923.15 -1 1
3338.58 -7116.4 3359.85 8549.21 1 1
5586.54 -1760.67 9908.19 11510.6 -1 2
event 1
7314.06 13822.9 -15074.9 22031.9
-5440.07 -5648.49 -2566.78 8813.66
-1826.81 -3213.15 -2483.43 4454.23 -1 2
-24.8125 2805.86 -3081.41 4168.9 1 1
7338.87 11017 -11993.5 17863 -1 1
-3613.26 -2435.34 -83.3586 4359.43 1 2
event 2
-8473.08 -5957.11 -5030.75 11923.9
4015.37 8055.31 -8894.35 13027.4
-4450.93 -3224 -957.7 5579.72 1 1
-4022.15 -2733.11 -4073.05 6344.17 -1 1
3841.77 4832.1 -6765.46 9159.21 -1 2
173.6 3223.21 -2128.89 3868.14 1 2
