event 0
-11598.6 -1107.03 -3782.89 12635.4
16717.5 -22435.6 102040 105852
3355.53 -6701.27 28571.2 29538 1 2
-2866.75 888.184 -1653.96 3428.4 1 1
13362 -15734.3 73468.5 76313.5 -1 2
-8731.86 -1995.22 -2128.93 9207.05 -1 1
event 1
-7660.6 -972.176 -2162.1 8596.25
11076 -13724.4 69425.8 71697.8
-3739.18 -1730.11 -153.202 4124.25 1 1
-3921.42 757.938 -2008.9 4472.01 -1 1
5698.26 -9337.69 40580.5 42029.2 -1 2
5377.78 -4386.68 28845.3 29668.6 1 2
event 2
-257.491 -5931.71 -24629.7 25523.8
-6618.63 8486.13 -13324.6 17405.7
-1509.11 -3401.52 -16580.5 16993.2 -1 1
1251.62 -2530.19 -8049.29 8530.57 1 1
-3988.97 5038.77 -10215.3 12069.1 -1 2
-2629.66 3447.35 -3109.35 5336.53 1 2
