event 0
-8293.72 7852.68 -3551.73 12355.4
12079.2 -13594.7 13917.9 23108.9
11064.6 -11200.7 11043.3 19231.4 1 2
-2932.34 4270.84 -454.621 5201.59 -1 1
1014.6 -2394 2874.56 3877.49 -1 2
-5361.38 3581.84 -3097.11 7153.83 1 1
event 1
-4642.81 5126.37 42124.8 42801
222.472 7712.63 4729.54 9565.29
-1152.24 3406.97 3132.06 4770.33 1 2
-180.295 2150.23 9933.84 10166 1 1
-4462.51 2976.14 32191 32635 -1 1
1374.72 4305.66 1597.49 4794.96 -1 2
event 2
-4947.95 6608.08 21714.7 23436.5
3626.67 15568 34708 38337.4
165.087 4049.12 6347.76 7531.79 -1 2
-1903.21 1527.58 3392.62 4180.52 1 1
3461.58 11518.9 28360.3 30805.6 1 2
-3044.74 5080.5 18322.1 19256 -1 1
