event 0
-10288.7 5775.1 47194.6 48745.6
3935.67 -4702.14 2909.55 7460.03
3375.25 -2244.91 2813.86 4935.68 1 2
-3389.38 3565.57 20857.4 21430 1 1
560.419 -2457.23 95.6855 2524.35 -1 2
-6899.35 2209.54 26337.2 27315.6 -1 1
event 1
-8049.21 -39041.3 60599.4 72600.9
-5518.05 10928.5 19719.3 23416.3
-3693.1 -24274.5 38652.3 45792 1 1
-4356.11 -14766.8 21947.1 26809 -1 1
-4798.93 7458.37 15889.2 18197.1 -1 2
-719.125 3470.14 3830.15 5219.21 1 2
event 2
-15841.2 -69423.9 106582 128219
-6815.8 11256.1 22892.7 26661.1
-6549.22 8804.93 16576.2 19879.6 1 2
-6788.35 -27827.6 40273.4 49420.8 -1 1
-266.578 2451.13 6316.51 6781.49 -1 2
-9052.84 -41596.3 66309.1 78797.9 1 1
event 3
-620.974 10162.3 -41933.2 43262.5
7246.22 -15163.4 6295.1 18211.4
-1273.5 5571.37 -28002.7 28580.1 -1 1
652.522 4590.93 -13930.5 14682.4 1 1
4702.66 -9839.69 2480.46 11184.7 1 2
2543.56 -5323.71 3814.64 7026.68 -1 2
event 4
622.289 8788.79 -31332.1 32694.3
4257.7 -10255.7 5094.73 12603.7
3204.63 -3784.25 2464.16 5538.36 1 2
1637.68 2672.67 -10193.3 10664.9 -1 1
1053.06 -6471.42 2630.57 7065.35 -1 2
-1015.4 6116.12 -21138.8 22029.5 1 1
