event 0
13418.3 -7284.97 -7473.29 17278.9
-2027.31 -13089.2 -20574.9 24664.8
-950.68 -7281.59 -14113.2 15909.7 -1 2
6568.28 -1823.46 -3326.07 7585.59 1 1
6849.97 -5461.5 -4147.22 9693.34 -1 1
-1076.63 -5807.63 -6461.68 8755.12 1 2
event 1
12486 -7796.27 -6972.11 16579.6
-755.362 -13725.2 -23659.3 27537.3
-1838.34 -6224.54 -10183.6 12076.5 1 2
4088.71 -3182.65 -4002.66 6548.23 1 1
8397.3 -4613.62 -2969.45 10031.4 -1 1
1082.98 -7500.66 -13475.7 15460.9 -1 2
event 2
2304.79 27777.2 -52481.9 59504.9
-145.851 10928.1 -26152.1 28512.6
2256.9 20564 -41409.5 46289.6 1 1
47.8961 7213.25 -11072.4 13215.3 -1 1
66.3766 2134.37 -8824.88 9080.18 -1 2
-212.227 8793.75 -17327.2 19432.4 1 2
