event 0
-12843.5 24287.1 27542.5 39025.6
5957.76 -4024.43 9066.3 12144
-6691.32 14947.2 17864.3 24235.1 1 1
-6152.15 9339.91 9678.18 14790.6 -1 1
5125.11 -1392.13 5764.33 7838.59 -1 2
832.652 -2632.3 3301.96 4305.4 1 2
event 1
8103.92 -3555.59 8302.75 12523.7
-12654.8 22476.9 25954.4 36723
3731.65 -2569.53 5891.92 7433.28 -1 1
4372.27 -986.062 2410.82 5090.41 1 1
-9877.73 15997.3 20440.8 27772.7 -1 2
-2777.09 6479.56 5513.56 8950.27 1 2
event 2
-7201.52 1171.48 13413.8 15580.6
-3209.68 -10313.9 1254.7 11306.8
-1941.55 -4147 1937.31 4973.08 -1 2
-1391.4 1491.97 2671.29 3362.88 -1 1
-1268.13 -6166.86 -682.608 6333.68 1 2
-5810.12 -320.49 10742.5 12217.7 1 1
event 3
-7006.87 1100.48 15688.3 17493.5
-3154.35 -9725.65 1088.98 10738.5
-271.945 -5028.9 -326.49 5047.92 1 2
-2201.94 -859.822 3290.39 4052.86 -1 1
-2882.4 -4696.75 1415.48 5690.56 -1 2
-4804.94 1960.3 12397.9 13440.6 1 1
