event 0
8480.85 5619.56 -4048.91 11379.4
-10292 926.326 37901.1 39406.4
5459.29 4853.79 -3840.12 8253.53 -1 1
3021.56 765.773 -208.793 3125.86 1 1
-8292.17 -531.133 29424.9 30575.7 -1 2
-1999.87 1457.46 8476.22 8830.69 1 2
event 1
7171.24 6267.7 36796.3 38134.8
-6003.12 -660.797 17485 18756.1
4844.58 4317.17 18916.3 19998.6 1 1
2326.66 1950.53 17880 18136.2 -1 1
-1985.26 820.532 3304.7 3942.93 -1 2
-4017.87 -1481.33 14180.3 14813.2 1 2
event 2
-10942.3 -3520.2 -4491.73 12723.7
13600.3 20593.4 -30368.4 39254.1
-5105.19 -3205.77 -1838.27 6303.2 1 1
-5837.11 -314.433 -2653.46 6420.49 -1 1
8047.12 14698 -21124 26963.4 -1 2
5553.14 5895.41 -9244.39 12290.8 1 2
