event 0
45133.5 -9825.12 11115.7 47610
8565.39 -6868.67 -3487.64 11928.9
26364.8 -4410.57 7245.65 27696 1 1
18768.7 -5414.56 3870 19914.1 -1 1
5646.64 -4332.61 -682.431 7150.73 -1 2
2918.75 -2536.06 -2805.21 4778.18 1 2
event 1
7660.08 -7717.99 -2195.46 11517.6
29365.3 -4470.93 7223.66 30725.9
5079.61 367.451 1493.29 5308.34 -1 2
3641.46 -2137.89 216.608 4229.52 -1 1
24285.7 -4838.38 5730.37 25417.6 1 2
4018.63 -5580.1 -2412.06 7288.08 1 1
event 2
-3611.99 4974.25 32642.2 33360
-18743.1 -23502.2 22650.6 37766.3
-3272.84 2016.04 16203.5 16653.6 1 1
-339.153 2958.21 16438.6 16706.4 -1 1
-14227.9 -19555.1 17373.3 29777.1 1 2
-4515.26 -3947.07 5277.28 7989.23 -1 2
event 3
7745.16 -7601.45 -6201.3 12877
-6226.89 -897.086 -3952.43 8049.33
-4303.14 -78.3078 -982.638 4415.87 -1 2
2865.51 -954.957 -1980.93 3613.64 1 1
4879.64 -6646.5 -4220.37 9263.34 -1 1
-1923.75 -818.778 -2969.79 3633.46 1 2
