event 0
-5726.33 -117.181 25027.2 25860.3
2922.88 -7164.09 45937.4 46687.2
-3135.3 1424.1 14916.3 15309 -1 1
-2591.03 -1541.28 10110.9 10551.3 1 1
2885.72 -3031.09 24420.2 24776.4 1 2
37.1616 -4133 21517.2 21910.8 -1 2
event 1
6242.42 -259.461 10853.6 12900.7
-1823.54 10400.3 -1497.98 11105.3
-1853.05 2595.96 -620.18 3250.93 1 2
2273.7 -958.235 2019.32 3190.1 -1 1
29.5107 7804.36 -877.802 7854.34 -1 2
3968.72 698.774 8834.33 9710.59 1 1
event 2
6909.03 635.072 16800.3 18438.6
-3337.44 9914.53 -1315.89 10989
-238.232 3170.52 781.158 3275.72 -1 2
2339.56 1242.6 8948.46 9332.93 -1 1
-3099.21 6744 -2097.05 7713.33 1 2
4569.47 -607.528 7851.89 9105.63 1 1
event 3
-8290.94 17476.6 -50627.4 54285.3
10884 628.892 -23758 26322.8
-5739.56 14324.2 -37692 40728.6 -1 1
-2551.39 3152.39 -12935.4 13556.7 1 1
3006.02 564.703 -3889.99 4949.57 -1 2
7877.95 64.189 -19868 21373.2 1 2
