event 0
44275.2 5427.53 -62313.1 76695.9
-10234.9 -11225.8 8334.72 17602
37725.8 3666.88 -53794.2 65806.6 1 1
6549.43 1760.65 -8518.82 10889.3 -1 1
-1570.43 -2350.82 350.273 2850.69 -1 2
-8664.5 -8874.95 7984.44 14751.3 1 2
event 1
4740.94 -3321.89 -10936.3 12911.3
-6121.95 8466.89 -39107.9 40597.9
2451.59 -3666.41 -8311.28 9409.64 1 1
2289.35 344.517 -2625.01 3501.67 -1 1
-4332.18 4228.25 -17896.2 18892.6 1 2
-1789.78 4238.64 -21211.8 21705.3 -1 2
event 2
6207.17 -3251.48 -16517.4 18207.6
-9405.73 11626.5 -49694.6 51988.3
-974.209 3194.81 -11469.6 11946.5 1 2
1909.01 -2696.18 -6489.9 7283.11 1 1
-8431.52 8431.65 -38225 40041.8 -1 2
4298.15 -555.301 -10027.4 10924.4 -1 1
event 3
-3823.5 3518.12 -19104.6 20039.3
-17120.9 9435.79 -50362.6 54112.3
-3266.04 952.027 -10028.2 10590.1 1 1
-557.463 2566.09 -9076.39 9449.21 -1 1
-10687.3 6189.47 -27633.6 30268 1 2
-6433.57 3246.32 -22729 23844.3 -1 2
event 4
-14832.2 10837.1 -49855.6 53222.2
-5040.64 2340.02 -18251.7 19431.8
-2605.36 2648.78 -7115.54 8027.82 1 2
-6454.18 3801.08 -24148.3 25283.5 1 1
-2435.27 -308.76 -11136.2 11404 -1 2
-8378.01 7035.97 -25707.2 27938.7 -1 1
