event 0
7043.52 2547.64 -13044.2 15357.2
-7585.18 1358.06 -12914.8 15354.6
-3553.84 1968.21 -7956.67 8934.39 1 2
2532.62 1962.19 -3286.89 4591.21 -1 1
4510.9 585.451 -9757.32 10766 1 1
-4031.34 -610.146 -4958.17 6420.17 -1 2
event 1
-9540.83 -356.807 -18737.8 21256.8
10464.4 1492.31 -18048.7 21144.1
5299.13 -262.066 -11152.2 12350.4 1 2
-3472.26 983.089 -4893.3 6081 1 1
-6068.58 -1339.9 -13844.5 15175.8 -1 1
5165.25 1754.37 -6896.49 8793.77 -1 2
event 2
-8832.82 2205.76 -16768.1 19329.9
9273.25 2797.76 -17891.2 20579.3
4910.11 -100.241 -9269.6 10490.8 1 2
-3230 -474.769 -4299.3 5399.39 -1 1
-5602.81 2680.52 -12468.8 13930.5 1 1
4363.14 2898 -8621.61 10088.5 -1 2
