event 0
-9525.3 -275.683 -47756.9 48796.7
19602.7 12872.4 -101104 103834
-7457.19 997.451 -33554.7 34388 -1 1
-2068.1 -1273.13 -14202.3 14408.8 1 1
11368.8 5646.54 -53176.8 54671 -1 2
8233.93 7225.9 -47927 49163.2 1 2
event 1
-4259.25 -11037.3 5354.67 13350.1
2253.87 6119.77 1009.59 7289.92
2969.17 4046.63 812.043 5085.45 -1 2
-2167.23 -4503.51 673.701 5044.16 -1 1
-2092.02 -6533.76 4680.97 8305.97 1 1
-715.293 2073.13 197.552 2204.48 1 2
event 2
-14934.9 -9077.82 -14248.8 22761.3
4566.73 -2628.06 4246.31 7441.93
3413.3 -392.589 1607.54 3794.75 1 2
-5965.13 -5388.01 -6058.26 10066.1 -1 1
1153.43 -2235.47 2638.76 3647.18 -1 2
-8969.74 -3689.81 -8190.55 12695.2 1 1
event 3
1459.56 -6655 -22209.1 23436.2
6876.87 -10713.2 -44317.3 46213.4
2935.54 -2065.08 -11510.7 12057.8 -1 2
-872.011 -2927.71 -10147.1 10597.5 1 1
3941.33 -8648.1 -32806.5 34155.6 1 2
2331.57 -3727.28 -12062 12838.7 -1 1
event 4
-3701.36 -11448 2493.82 12671.5
-203.294 5436.07 -7834.7 10028.3
47.0536 3432.71 -2294.16 4130.38 1 2
-152.817 -4026.53 1802.94 4415.66 1 1
-250.348 2003.36 -5540.54 5897.87 -1 2
-3548.55 -7421.49 690.88 8255.85 -1 1
