event 0
-7423.75 4509.5 14017.8 16779
-3161.64 5365.98 1793.4 7183.11
-3265.64 3562.92 8790.25 10031.9 -1 1
-4158.11 946.575 5227.54 6747.16 1 1
-2318.03 2942.43 -448.332 3774.04 -1 2
-843.607 2423.55 2241.73 3409.07 1 2
event 1
-5171.03 -597.824 -3446.64 6969.04
10334.5 9004.85 -15263.4 20747.4
-2929.76 -1667.84 -1092.54 3545.41 -1 1
-2241.28 1070.01 -2354.1 3423.62 1 1
7381.76 5124.74 -11454.7 14559.3 -1 2
2952.79 3880.12 -3808.69 6188.02 1 2
event 2
6352.34 -14677.9 -11608.6 20003.5
1004.63 5430 -11874.1 13456.5
2465.36 -9400.09 -7371.36 12197.9 1 1
3886.98 -5277.77 -4237.22 7805.68 -1 1
2097.78 3665.14 -7342.89 8471.31 -1 2
-1093.14 1764.86 -4531.17 4985.21 1 2
