event 0
5299.64 -6489.87 -1055.22 8994.91
-3780.59 9099.96 -57768.9 58685.1
-3945.62 6046.15 -43069.2 43670.3 1 2
3355.21 -1824.56 46.0009 3820.96 -1 1
165.03 3053.81 -14699.7 15014.9 -1 2
1944.42 -4665.31 -1101.22 5173.95 1 1
event 1
8583.1 -2163.98 6300.31 11297.7
-4442.54 -11690.4 -245.276 12886.1
-2848.78 -3393.69 39.0333 4432.31 -1 2
2227.11 -110.605 183.305 2239.87 1 1
-1593.77 -8296.7 -284.31 8453.83 1 2
6355.99 -2053.38 6117.01 9057.81 -1 1
event 2
-10133.1 -20745.2 -50.3722 23294.6
10057.4 -1096.93 6408.4 12369.9
6964.84 -80.2993 2797.02 7506.66 -1 2
-2519.27 -3576.56 -1000.96 4489.05 -1 1
-7613.88 -17168.6 950.589 18805.5 1 1
3092.55 -1016.63 3611.38 4863.19 1 2
