event 0
4061.47 6712.61 -10430.2 13414
-2347.13 -27259.8 -7512.06 28541.7
2115.52 5911.7 -7158.48 9522.53 1 1
1945.95 800.913 -3271.75 3891.49 -1 1
-1399.1 -19824.7 -4040.79 20281 -1 2
-948.029 -7435.11 -3471.28 8260.78 1 2
event 1
-1651.04 -32031.2 -8532.84 33333.5
3171.41 7923.57 -9222.33 12941.5
3339.14 4459.98 -6246.29 8370.7 1 2
-832.545 -15428.5 -2515.4 15654.7 -1 1
-167.736 3463.59 -2976.04 4570.84 -1 2
-818.49 -16602.7 -6017.44 17678.8 1 1
event 2
8244.7 11450.2 12301.6 18973.7
-17351.7 -4699.53 -20611.3 27524.3
6015.8 9257.28 10999.9 15585.2 -1 1
2228.91 2192.89 1301.66 3388.55 1 1
-14377.9 -4460.21 -18580.9 23914 -1 2
-2973.78 -239.32 -2030.46 3610.34 1 2
event 3
-11060.9 -1714.78 -12120 16785.9
10650.6 17061.7 17718.4 26982.8
-5893.4 -2435.6 -6210.16 8901.78 -1 1
-5167.48 720.821 -5909.86 7884.16 1 1
5508.64 10813.3 12050.4 17102.5 1 2
5141.96 6248.43 5667.98 9880.27 -1 2
event 4
7246.97 10157.8 9600 16045.3
-7918.61 -972.17 -11334.9 14202.9
-5603.16 -678.518 -10074.3 11548.1 1 2
4303.01 3999.47 3213.51 6696.97 1 1
-2315.44 -293.651 -1260.65 2654.79 -1 2
2943.96 6158.36 6386.49 9348.3 -1 1
