event 0
-2621.17 -9989.86 -8486.97 13721.8
11180.7 -236.52 19860.3 23088.6
6409.49 30.0644 14795.2 16124.2 1 2
-2732.78 -4382.19 -4315.75 6731.16 -1 1
4771.18 -266.585 5065.16 6964.36 -1 2
111.612 -5607.67 -4171.23 6990.61 1 1
event 1
1710.99 -8854.21 -16077 18691.8
-7421.66 -272.551 -1816.86 8249.06
-3095.25 -1552.61 -256.599 3473.93 -1 2
1387.8 -1636.83 -2383.52 3208.98 1 1
323.192 -7217.38 -13693.4 15482.8 -1 1
-4326.4 1280.06 -1560.26 4775.13 1 2
event 2
1119.42 -8990.25 -15646.1 18343.1
-4705.24 -1041.39 -979.038 6145.76
-2417.78 -2231.64 -1311.66 3543.66 1 2
1940.68 -3976.23 -6212.81 7628.03 -1 1
-2287.46 1190.25 332.627 2602.11 -1 2
-821.267 -5014.03 -9433.28 10715.1 1 1
