event 0
7238.13 -4986.22 -17638.3 19948.8
9723.14 -11441.1 -10691.5 18690.6
4656.41 -3343.61 -4707.37 7418.38 -1 2
2497.01 -785.237 -2908.9 3914.65 1 1
5066.73 -8097.53 -5984.13 11272.2 1 2
4741.13 -4200.99 -14729.5 16034.2 -1 1
event 1
9798.94 -3044.55 3362.41 11233.1
-1947.17 12567.2 -929.427 13121.8
5234.29 -2907.27 2864.06 6638.07 -1 1
4564.65 -137.276 498.354 4595.04 1 1
-1696.81 10515.1 404.24 10659.3 -1 2
-250.366 2052.11 -1333.67 2462.45 1 2
event 2
8400.44 -2572.15 3369.18 9905.86
-2105.91 8359.97 -1359.24 9260.79
3966.82 -2827.9 1800.91 5194.91 -1 1
4433.62 255.746 1568.26 4710.94 1 1
-1596.06 5295.24 634.351 5567.82 -1 2
-509.855 3064.72 -1993.6 3692.97 1 2
