event 0
-9985.1 -19426.4 -29041.1 36470
118.592 7115.54 -7053.56 10487.5
-4304.83 -11712.4 -16643.2 20801.9 -1 1
-5680.27 -7714.03 -12397.9 15668.2 1 1
-1282.54 3995.51 -2880.45 5090.89 -1 2
1401.13 3120.03 -4173.1 5396.64 1 2
event 1
-3728.53 4211.24 -6141.86 8885.37
8814.26 1804.04 -13562.2 16567.2
-3624.09 1949.64 -4411.52 6033.89 -1 1
-104.438 2261.6 -1730.34 2851.49 1 1
4757.77 -418.414 -5624.9 7379.84 1 2
4056.49 2222.45 -7937.35 9187.33 -1 2
event 2
8784.16 7296.38 3841.82 12439.8
-9408.93 -7772.54 4294.15 13303.1
-4595.65 -2476.17 3023.55 6033.61 -1 2
2754.58 2018.94 -279.957 3428.32 -1 1
6029.58 5277.44 4121.78 9011.52 1 1
-4813.28 -5296.37 1270.6 7269.44 1 2
event 3
-8833.59 -3890.09 -46853.2 47937.3
1489.23 19166.2 -35614.5 40589.9
-6579.75 -4129.5 -33207.2 34103.9 1 1
-2253.84 239.403 -13646 13833.4 -1 1
1902.62 10252.5 -16933.1 19886.5 -1 2
-413.385 8913.71 -18681.4 20703.4 1 2
