event 0
9824.54 19366.3 42834.8 48124.7
-5928.16 9455.2 5715.69 12915.3
-4737.49 4688.22 3381.16 7474.4 1 2
2431.53 6450.57 16365.5 17758.4 -1 1
-1190.67 4766.97 2334.53 5440.85 -1 2
7393.01 12915.8 26469.3 30366.2 1 1
event 1
-3979.59 7713.36 4117.59 10093.5
9592.68 16535 37122.4 41869.9
2350.09 3790.57 6088.01 7547.61 -1 2
-1755.48 1449.51 2216.68 3179.24 -1 1
7242.59 12744.4 31034.4 34322.3 1 2
-2224.11 6263.85 1900.91 6914.27 1 1
event 2
-7128.34 -3507.7 -4891.94 9830.46
1458.56 9739.19 -872.001 10551.2
-4051.22 -1261.94 -4172.98 5952.3 1 1
-3077.12 -2245.75 -718.958 3878.16 -1 1
2350.86 7534.52 296.715 7899.03 -1 2
-892.303 2204.67 -1168.72 2652.14 1 2
event 3
-8060.63 -5396.5 -9248.81 13756
82.3116 10882.2 -924.087 11352.3
-3376.81 -3796.57 -3507.5 6174.99 -1 1
-4683.82 -1599.93 -5741.31 7581.01 1 1
1019.89 7237.35 -1708.03 7506.53 -1 2
-937.576 3644.85 783.939 3845.74 1 2
