event 0
-3444.09 -7674.84 27328.4 28761.1
4599.43 7544.83 22728 24581.1
1279.88 3668.62 6544.89 7612.07 1 2
-2188.43 -1555.56 7185.99 7671.94 1 1
-1255.65 -6119.28 20142.4 21089.1 -1 1
3319.55 3876.2 16183.1 16969 -1 2
event 1
-10243.4 -10386.2 42752.7 45278.9
7173.44 -1102.91 33937.1 34842.4
4336.19 790.384 21379.4 21829.3 1 2
-4119.36 -2566.21 16909.7 17592.8 1 1
2837.25 -1893.29 12557.7 13013.1 -1 2
-6124 -7819.95 25842.9 27686.1 -1 1
event 2
10171.5 -1512.09 40342.2 41747.2
-4755.49 -4991.34 25164.6 26275
-3358.15 -2799.15 20221.9 20689.3 1 2
3996.96 -2125.5 16364.1 16979.1 -1 1
-1397.34 -2192.19 4942.74 5585.7 -1 2
6174.51 613.404 23978.1 24768.1 1 1
event 3
8984.55 -247.084 34435.8 35724
-9693.95 -9955.76 47249.7 49347.9
-3520.44 -2767.12 20066.1 20559.9 1 2
4080.37 1123.51 19133.6 19596.3 -1 1
-6173.5 -7188.64 27183.6 28787.9 -1 2
4904.18 -1370.6 15302.3 16127.6 1 1
