event 0
-5133.82 -11639.1 21699.5 25343.3
-1514.37 6643.71 2872.03 8016.95
-2850.91 -7013.34 15700.6 17430.9 -1 1
-2282.91 -4625.74 5998.87 7912.44 1 1
-1216.51 4241.66 3357.84 5545.97 -1 2
-297.858 2402.05 -485.805 2470.98 1 2
event 1
-1357.51 8277.78 11260.5 14379
-6035.71 -3211.48 5586.37 9356.38
-3457.53 -104.073 2394.24 4208.2 -1 2
820.668 1829.77 3669.71 4183.24 -1 1
-2178.18 6448.01 7590.8 10195.7 1 1
-2578.18 -3107.4 3192.13 5148.18 1 2
event 2
3267.95 -6627.77 -6341.24 10218.1
-9318.42 4698.38 -27446.9 29526.8
-2790.04 3048.61 -9642.25 10491.1 -1 2
1880.66 -2257.01 -4272.76 5186.39 -1 1
-6528.38 1649.78 -17804.6 19035.7 1 2
1387.29 -4370.76 -2068.47 5031.69 1 1
