event 0
6407.51 -5623.86 6655.83 11250.5
-8950.16 5195.72 14837.9 18353.6
4117.31 -1897.13 2331.92 5099.06 1 1
2290.2 -3726.73 4323.91 6151.49 -1 1
-6577.45 2379.66 10981.9 13020.7 -1 2
-2372.7 2816.05 3855.98 5332.88 1 2
event 1
7034.59 -7112.71 7110.96 12658.3
-7168.13 2433.87 9090.2 12228.2
-4859.67 3110.26 6353.18 8582.78 -1 2
1487.84 -2998.61 1168.91 3547.23 -1 1
5546.75 -4114.11 5942.05 9111.06 1 1
-2308.46 -676.39 2737.02 3645.4 1 2
event 2
-5283.52 -1739.19 -2493.16 6837.18
13071.2 -463.889 -13048.9 18733.3
-3112.39 -112.958 51.013 3116.65 -1 1
-2171.13 -1626.23 -2544.17 3720.54 1 1
7921.09 1130.66 -8551.65 11711.7 -1 2
5150.06 -1594.55 -4497.25 7021.55 1 2
event 3
-16155.4 -19576 120986 123659
9867.3 7640.19 21078.5 24690.6
6844.31 3624.22 14136.4 16119.2 1 2
-7535.07 -8138.39 46143.1 47457.5 1 1
3022.99 4015.97 6942.07 8571.46 -1 2
-8620.34 -11437.6 74843.2 76201.4 -1 1
