event 0
8744.57 -6673.18 20445.4 23422.3
-18585 -3253.47 64876.5 67635.4
5012.96 -3375.53 8074.43 10086.2 1 1
3731.61 -3297.65 12371 13336.1 -1 1
-10677 -2745.4 42094 43513.8 -1 2
-7908.01 -508.077 22782.5 24121.5 1 2
event 1
3516.37 4839.06 7171.22 9838.64
9719.91 14589.2 10175.5 20504.9
1332.91 3770.29 5799.44 7045.31 -1 1
2183.46 1068.77 1371.78 2793.33 1 1
4476.58 9315.99 6488.68 12204.2 -1 2
5243.32 5273.19 3686.8 8300.76 1 2
event 2
8150.81 13385.6 8077.24 17900.9
5374.38 4509.95 9891.61 12516.3
4571.89 10216.4 5619.57 12524.7 -1 1
3578.92 3169.21 2457.66 5376.23 1 1
2479.77 4027.49 5972.84 7619.44 -1 2
2894.62 482.455 3918.77 4896.89 1 2
