event 0
-8147.23 -1587.08 929.47 8907.86
16369.6 -5635.35 31988.4 36504.4
3259.46 -1867.29 4900.52 6175.52 1 2
-3313.32 -253.045 -1093.03 3499.71 1 1
13110.1 -3768.05 27087.9 30328.9 -1 2
-4833.91 -1334.04 2022.5 5408.15 -1 1
event 1
14605.2 -5781.99 30479.9 34429.1
-9869.84 -2001.18 1353.86 10622.7
-7569.49 -1733.39 2328.76 8107.78 -1 2
3193.79 47.1339 6032.52 6826.78 1 1
11411.4 -5829.12 24447.4 27602.3 -1 1
-2300.34 -267.794 -974.898 2514.93 1 2
event 2
-10073.8 -4151.5 1808.19 11470.7
6453.2 -2459.15 11730 13959.7
-5486.85 -3881.23 843.232 6774.34 -1 1
-4586.95 -270.27 964.962 4696.33 1 1
3030.9 -2094.45 3699.15 5221.87 -1 2
3422.3 -364.702 8030.83 8737.88 1 2
event 3
1638.32 -5721.34 9510.64 11638.8
21088.1 -17202.4 -20548.8 34241.5
2176.84 -3745.33 4612.89 6328.98 -1 1
-538.525 -1976 4897.75 5309.78 1 1
13968.4 -9589.71 -12041.4 20786.7 1 2
7119.73 -7612.7 -8507.42 13454.8 -1 2
