event 0
-4239 1781.9 -846.053 5608.13
-9559.68 -15732 46237.2 49863.3
-1869.02 2444.66 -401.326 3105.13 -1 1
-2369.99 -662.762 -444.727 2503.01 1 1
-8277.97 -11521.4 37119.9 39738.7 -1 2
-1281.71 -4210.62 9117.24 10124.6 1 2
event 1
-5336.18 8100.49 -2339.67 10447.9
16955.7 9506.08 -39721.9 44331.5
-1917.24 5422.43 -2000.92 6090.43 1 1
-3418.94 2678.06 -338.75 4357.42 -1 1
9943.44 6793.26 -26789.5 29371.9 1 2
7012.29 2712.82 -12932.4 14959.6 -1 2
event 2
3710.63 5630.04 15828.3 17481.2
-8914.07 -11183.8 13868 20160.6
2823.58 3361.32 13128.1 13843 -1 1
887.046 2268.72 2700.18 3638.14 1 1
-5117.56 -8625.6 10047.4 14196.9 -1 2
-3796.51 -2558.24 3820.62 5963.75 1 2
