event 0
8283.21 -14392.1 -1108.08 16928.2
-11115.2 12946.9 -77798.3 79707.8
-6327.69 5289.06 -33758.9 34751.8 -1 2
3724.48 -5176.49 -1787.28 6623.7 -1 1
4558.72 -9215.63 679.202 10304.5 1 1
-4787.49 7657.8 -44039.4 44956 1 2
event 1
-6041.32 -4002.78 7201.09 10675.5
7880.7 5158.07 -1990.35 10112.6
-3513.01 -3049.86 2578.18 5319.87 1 1
-2528.3 -952.922 4622.91 5355.64 -1 1
3595.29 3331.61 316.974 4912.98 -1 2
4285.42 1826.47 -2307.33 5199.59 1 2
event 2
12476.3 1065.05 19826.8 23653.5
-9819.13 5062.62 -13539.8 17747.2
7831.66 887.279 15040.3 16980.7 -1 1
4644.68 177.775 4786.56 6672.85 1 1
-7955.85 4063.27 -8725.64 12488.1 -1 2
-1863.28 999.347 -4814.13 5259.05 1 2
event 3
-8877.02 3346.14 -12124 15702.9
12814.6 747.429 18608.6 22817.6
5072.18 982.408 9860.8 11132.8 1 2
-4275.92 -20.3142 -5176.37 6714.9 -1 1
7742.45 -234.979 8747.79 11684.9 -1 2
-4601.1 3366.45 -6947.6 8987.96 1 1
event 4
13966.7 -4793.44 -34209.5 37388.8
-1760.78 6183.53 -24039.3 25076.1
9911.39 -2329.36 -25729.3 27670.7 1 1
4055.28 -2464.08 -8480.19 9718.11 -1 1
-2040.46 2895.08 -15950.4 16339.2 -1 2
279.686 3288.46 -8088.89 8736.9 1 2
