event 0
7623.77 7073.22 5797.9 12302.8
-6146.98 -1906.94 24774.2 25783.3
-4620.78 93.4562 15820.1 16481.7 1 2
4784.43 2412.56 2391.85 5868.84 1 1
-1526.19 -2000.39 8954.17 9301.56 -1 2
2839.34 4660.66 3406.05 6433.97 -1 1
event 1
-9657.69 -6829.37 -22131.4 25284.4
7417.66 -6624.68 -16862.3 19820.1
-6617.18 -3536.65 -16162.5 17819.4 -1 1
-3040.5 -3292.72 -5968.92 7464.97 1 1
4017.37 -1556.95 -6753.8 8011.77 -1 2
3400.29 -5067.74 -10108.5 11808.4 1 2
event 2
-3151.13 16848.9 23436.9 29269.3
8123.26 -12696.1 -7797.55 17250.2
-131.696 10337.6 13218.2 16781.4 1 1
-3019.44 6511.26 10218.7 12487.9 -1 1
3869.52 -3386.54 -2874.52 5892.02 -1 2
4253.74 -9309.52 -4923.03 11358.2 1 2
