event 0
8748.17 10908.9 -23640.6 27640.6
-15084.4 7981.09 -60116.5 62568.5
-4581.4 4074.15 -22049.5 22886.3 -1 2
4693.8 3919.86 -12020.1 13486.7 1 1
-10503 3906.94 -38067 39682.3 1 2
4054.37 6989.04 -11620.5 14153.8 -1 1
event 1
-2081.63 10033.7 -5342.96 11964.4
1218.57 -7908.91 -20396.9 22128.3
-763.915 6656.3 -1903.48 6965.94 -1 1
-1317.72 3377.37 -3439.48 4998.42 1 1
1629.99 -1721.21 -5297.36 5804.53 -1 2
-411.416 -6187.7 -15099.6 16323.7 1 2
event 2
2816.14 9317.94 -4956.11 11528.4
241.297 -5644.26 9910.48 11820.5
1928.94 5285.9 -4798.05 7395.54 -1 1
887.202 4032.04 -158.062 4132.87 1 1
1244.22 -3627.15 4238.6 5716.74 -1 2
-1002.92 -2017.11 5671.88 6103.77 1 2
event 3
16630 -4459.72 -84349.6 86144.6
860.919 -8510.04 -40659.7 41664.9
13030.8 -2332.52 -67288.8 68578.7 -1 1
3599.22 -2127.2 -17060.8 17565.9 1 1
-892.655 -3188.52 -11319.5 11794.3 -1 2
1753.57 -5321.51 -29340.2 29870.6 1 2
