event 0
11799.4 2520.12 -26716.4 29477.7
-5999.52 6.37372 -14052.9 15590.7
6735.44 155.333 -16680.8 17990.3 -1 1
5063.94 2364.78 -10035.6 11487.4 1 1
-3856.47 504.602 -11862.3 12484.1 -1 2
-2143.06 -498.228 -2190.54 3106.53 1 2
event 1
13454.7 2931.5 -30011.2 33164.5
-7097.9 122.819 -14201.5 16176.2
6442.72 2930.97 -16015.1 17509.8 -1 1
7011.95 0.527216 -13996.1 15654.7 1 1
-4466.93 483.705 -11671.1 12506.5 -1 2
-2630.97 -360.886 -2530.42 3669.67 1 2
event 2
367.574 6268.15 11738.8 13668.1
-3868.45 -11553.6 2704.91 12859.1
1552.04 3133.02 7395.31 8180.86 1 1
-1184.47 3135.12 4343.53 5487.2 -1 1
-922.304 -6568.35 466.784 6650.03 1 2
-2946.15 -4985.21 2238.12 6209.07 -1 2
