event 0
-10093.3 -15447.4 -1775.87 18794.7
-16942.9 11091.5 5612.01 21240.7
-6283.69 4168.69 557.146 7562.03 1 2
-777.391 -1989.89 678.547 2244.02 -1 1
-9315.87 -13457.5 -2454.41 16550.7 1 1
-10659.2 6922.79 5054.87 13678.7 -1 2
event 1
-12572.6 11513.1 5078.95 18055.7
-11619.6 -19263.4 -3198.29 22932.8
-5352.51 -8609.22 -2990.43 10569.9 -1 2
-4346.3 2987.09 2864.57 6002.49 -1 1
-6267.1 -10654.1 -207.86 12362.9 1 2
-8226.3 8526.02 2214.38 12053.2 1 1
event 2
-19000.4 14952.6 7692.59 25561
-11254.8 -20548 -2986.79 23820.3
-8765.82 -13006.4 -2211.23 15840 1 2
-8757.29 8240.18 2632.84 12309.9 1 1
-2488.98 -7541.65 -775.56 7980.23 -1 2
-10243.1 6712.41 5059.75 13251.1 -1 1
