event 0
-5788.18 -8982.51 1051.15 11175.1
4580.74 -3692.82 -8686.05 10938.8
1912.63 -3384.24 -5910.4 7074.97 1 2
-2716.28 -3308.1 1865.72 4670.52 -1 1
2668.11 -308.573 -2775.66 3863.86 -1 2
-3071.9 -5674.41 -814.568 6504.63 1 1
event 1
-6749.89 -3243.85 5954.26 10056.2
4289.72 9384.43 3738.09 11403.2
880.569 3101.91 -216.811 3233.49 -1 2
-2083.03 -856.222 3734.81 4362.58 1 1
3409.15 6282.52 3954.9 8169.75 1 2
-4666.86 -2387.62 2219.45 5693.64 -1 1
event 2
-6746.97 -4841.79 3456.34 9513.24
3708.74 -6428.32 39532.5 40342.2
3945.11 -4277.8 26579.5 27209.2 1 2
-2230.39 -3405.09 2104.03 4583.38 -1 1
-236.368 -2150.51 12953.1 13132.9 -1 2
-4516.58 -1436.69 1352.32 4929.86 1 1
event 3
6032.95 7570.62 7400.32 12572.4
-9471.51 -9958.73 33054.9 35931.9
-4297.1 -4548.72 19046 20047.9 -1 2
1132.31 3477.41 3642.87 5162.97 1 1
-5174.41 -5410 14008.9 15884.1 1 2
4900.64 4093.21 3757.45 7409.46 -1 1
event 4
-5226.94 2685.4 5261.21 8473.61
5383.75 10881.4 24394.3 27423.7
-3382.36 375.119 1586.73 3756.32 1 1
-1844.58 2310.29 3674.48 4717.29 -1 1
2620.38 5750.93 16011.8 17214.2 1 2
2763.36 5130.44 8382.51 10209.6 -1 2
