event 0
5025.26 -5172.98 -14169.5 16198.1
-6709.03 -321.098 -690.557 7693.05
-2665 1428.6 632.852 3091.08 1 2
2248.21 -1470.32 -2614.15 3749.83 1 1
2777.05 -3702.65 -11555.4 12448.3 -1 1
-4044.03 -1749.69 -1323.41 4601.98 -1 2
event 1
-3713.26 -4737.43 -19859.2 20981.2
3926.37 8857.02 -33538.8 35047.2
-1655.63 -4151.88 -11163.4 12025.5 1 1
-2057.63 -585.55 -8695.84 8955.75 -1 1
764.913 5418.56 -19330.2 20090.2 -1 2
3161.45 3438.46 -14208.5 14957 1 2
event 2
-6757.93 -10999.6 -34062.6 36612.9
5053.18 9933.09 -34758.7 36632.7
-5081.31 -6201.04 -16762.9 18581.7 1 1
-1676.62 -4798.6 -17299.7 18031.3 -1 1
3326.55 8791.93 -30101.3 31535.1 -1 2
1726.62 1141.15 -4657.34 5097.59 1 2
