event 0
2465.96 8465.64 7317.46 11869.5
5036.08 -2936.84 4566.74 8027.02
4251.84 -810.918 3114.06 5333.32 -1 2
915.093 3831.64 1371.91 4172.79 1 1
1550.86 4634 5945.55 7696.74 -1 1
784.24 -2125.92 1452.69 2693.7 1 2
event 1
-8201.27 2933.07 6899.02 11534.8
4162.48 -10175.2 6633.01 13207.9
1831.81 -3575.95 803.448 4098.74 1 2
-3272.03 2296.89 1711.99 4350.17 -1 1
2330.67 -6599.21 5829.56 9109.14 -1 2
-4929.24 636.183 5187.03 7184.6 1 1
event 2
-5121.8 3072.43 6626.71 9443.36
5550.52 -12501.5 10475.6 17505
-2534.38 3142.14 4804.27 6276.01 -1 1
-2587.42 -69.7159 1822.45 3167.35 1 1
2413.8 -8989.15 6711.46 11475.5 1 2
3136.72 -3512.38 3764.09 6029.54 -1 2
