event 0
-2750.99 8815.27 -1494.07 9853.92
-6003.01 -8822.68 -3902.78 11777
-774.755 -3659.12 -1659.6 4093.27 -1 2
-1110.97 1675.91 815.596 2172.39 1 1
-5228.25 -5163.55 -2243.18 7683.75 1 2
-1640.03 7139.36 -2309.67 7681.52 -1 1
event 1
-2681.66 -7957.27 12652.7 15498.1
10318.8 12941.1 24349.5 29604.7
2011.34 3613.98 8236.59 9217.32 1 2
-1853.59 -1382.71 3560.75 4247.09 -1 1
8307.51 9327.09 16112.9 20387.4 -1 2
-828.076 -6574.56 9091.95 11251 1 1
event 2
8120.16 -15207.2 37994.9 41837.8
-5637.52 9906.13 -1296.81 11882.2
-2643.64 6058.3 625.802 6640.38 1 2
2308.62 -7519.54 17814.6 19474.2 1 1
-2993.88 3847.83 -1922.61 5241.82 -1 2
5811.54 -7687.71 20180.3 22363.6 -1 1
event 3
8327.85 -15487.3 34578.4 38916.1
-6657.01 10465.1 -1117.56 12832.6
-2834.84 7196.23 -343.11 7742.8 -1 2
2816.87 -4990.88 14599.7 15684.6 -1 1
5510.98 -10496.4 19978.7 23231.5 1 1
-3822.17 3268.89 -774.447 5089.75 1 2
