event 0
-4188.39 10763.6 -10806.8 16117.6
18896.6 11197.1 106356 108645
5544.31 1728.92 26888.3 27508.6 -1 2
-536.176 4322.79 -2644.99 5097.17 -1 1
13352.3 9468.13 79467.7 81136 1 2
-3652.21 6440.85 -8161.78 11020.4 1 1
event 1
-4658.06 10365.5 -12166.6 16933.9
8343.41 5611.18 44930.5 46145.9
-2956.32 6349.96 -5240.68 8748.59 1 1
-1701.74 4015.5 -6925.91 8185.32 -1 1
6182.52 5594.51 36741.7 37676 -1 2
2160.89 16.6715 8188.85 8469.83 1 2
event 2
7490.05 5021.6 44150.6 45168.4
-7524.23 15380.6 -14217.8 22470.3
3015.41 3812.3 20623.7 21189 -1 1
4474.65 1209.3 23526.9 23979.4 1 1
-7330.25 12352.8 -11740.9 18552.2 -1 2
-193.979 3027.84 -2476.85 3918.09 1 2
event 3
83.864 -11324.7 -6384.04 13364.3
2381.38 9385.55 2176.72 10396.5
805.203 -6650.38 -5217.38 8491.66 -1 1
-721.339 -4674.36 -1166.66 4872.6 1 1
-383.21 3499.8 1596.29 3867.13 -1 2
2764.59 5885.76 580.431 6529.41 1 2
