event 0
11940.8 2595.21 25078.3 28068.4
-10425.2 -3168.92 33750.8 35601.1
-6287.68 -641.43 21965.8 22857.3 -1 2
5241.19 1361.15 7806.34 9501.21 -1 1
6699.62 1234.06 17272 18567.2 1 1
-4137.53 -2527.49 11785 12743.8 1 2
event 1
-10840.7 -1365.54 34477.1 36299.4
8604.3 1564.38 17928.3 20186.5
5470.24 2161.06 9498.56 11172.6 -1 2
-3868.89 -1991.97 12801.1 13521 -1 1
-6971.8 626.426 21676 22778.5 1 1
3134.06 -596.687 8429.71 9013.85 1 2
event 2
11719.8 1630.11 26582.7 29261.6
-4216.04 -1988.52 847.944 5660.69
-3018.54 160.697 1020.21 3192.09 1 2
4706.06 -332.343 7804.48 9120.23 -1 1
-1197.5 -2149.22 -172.271 2468.6 -1 2
7013.74 1962.45 18778.2 20141.4 1 1
event 3
-5760.64 4540.48 -1925.27 8191.37
3646.57 -8288.51 7351.37 12067.7
2427.44 -2084.73 3036.72 4412.64 1 2
-734.657 2333.88 -309.883 2468.59 -1 1
1219.13 -6203.78 4314.65 7655.1 -1 2
-5025.98 2206.6 -1615.39 5722.78 1 1
