event 0
-3476.01 5692.05 -34.5599 7353.7
2436.6 -11016.3 -1350.94 11777.6
-3323.08 3045.46 785.667 4576.69 1 1
-152.938 2646.59 -820.227 2777 -1 1
1768.21 -5781.55 -2193.63 6432.43 -1 2
668.397 -5234.77 842.698 5345.17 1 2
event 1
-3002.04 4899.86 -284.595 6534.02
5512.65 -12270.5 -936.248 13835.5
-2423.51 2492.17 -1483.22 3780.93 1 1
-578.533 2407.69 1198.62 2753.1 -1 1
1682.02 -7464.23 -699.178 7684.01 1 2
3830.63 -4806.26 -237.07 6151.52 -1 2
event 2
-12168.3 3131.4 -15841.1 20455
5371.79 -3854.53 -14995 16678
-8739 3170.85 -13097.5 16061.7 1 1
-3429.34 -39.4464 -2743.62 4393.24 -1 1
2374.86 -617.028 -2884.12 3788.14 -1 2
2996.93 -3237.5 -12110.9 12889.9 1 2
