event 0
186.876 12693.7 -12525.1 18100.7
14135 3164.83 -34825.9 37845
9585.48 3601.88 -24176.1 26255.4 1 2
-1071.93 6111.45 -4619.44 7736.23 -1 1
4549.48 -437.046 -10649.8 11589.6 -1 2
1258.81 6582.26 -7905.71 10364.5 1 1
event 1
9179.86 3688.85 -24248.3 26371.3
36.4683 11451.3 -11798.5 16731.1
-1358.38 3499.15 -3173.03 4916.15 -1 2
3473.4 1077.05 -12896.9 13400.2 1 1
1394.85 7952.15 -8625.46 11814.9 1 2
5706.46 2611.8 -11351.4 12971.1 -1 1
event 2
4320.33 -6806.1 -22420.4 24026.1
-1122.84 8395.2 -13595.1 16314.3
-747.856 3425.37 -3041.72 4642.81 1 2
1560.15 -2597.63 -12957.8 13307.8 -1 1
2760.18 -4208.46 -9462.62 10718.3 1 1
-374.984 4969.83 -10553.4 11671.5 -1 2
