event 0
16604.9 6057.66 -17060.8 24760.5
-14365.2 1198.16 -75000.7 76436.1
-6689.64 -383.015 -28317.2 29099.4 -1 2
2949.64 2379.34 -3257.8 4998.6 -1 1
13655.3 3678.32 -13803 19761.9 1 1
-7675.52 1581.17 -46683.5 47336.8 1 2
event 1
-7119.25 3136.58 -35612.8 36584
15282.6 7942.32 -18487.1 25455.9
-5164.45 1492.49 -28998.9 29493.1 1 1
-1954.8 1644.09 -6613.97 7090.84 -1 1
8001.91 5876.29 -10687.2 14587.3 -1 2
7280.69 2066.03 -7799.86 10868.6 1 2
event 2
-5890.74 2004.41 -25994.7 26907.9
17177.1 9286.38 -21629.3 29303.7
-4398.59 158.782 -19539.4 20029.2 -1 1
-1492.16 1845.63 -6455.38 6878.66 1 1
12663.9 5288.99 -15570.2 20755.5 -1 2
4513.14 3997.4 -6059.15 8548.22 1 2
