event 0
-2793.67 -8674.32 316.38 9630.12
8176.51 5874.1 -9839.66 14414.2
-1919.11 -4563.09 1650.15 5219.09 -1 1
-874.567 -4111.23 -1333.77 4411.03 1 1
5104.81 4778.55 -5080.13 8643.64 -1 2
3071.7 1095.54 -4759.53 5770.6 1 2
event 1
7245.2 5355.27 -6631.61 11607.8
-4404.62 -9216.04 852.414 10707.6
-1841.74 -3031.51 -1131.13 3724.6 -1 2
3382.96 852.978 -1649.64 3860.63 1 1
-2562.89 -6184.53 1983.55 6983.01 1 2
3862.24 4502.29 -4981.97 7747.17 -1 1
event 2
10985.6 7169.99 -10959 17371.9
-4042.67 -10653.8 1923.85 11964.1
7381.04 3629.77 -5302.75 9787 1 1
3604.55 3540.22 -5656.26 7584.88 -1 1
-13.1053 -4096.18 398.108 4116.85 -1 2
-4029.56 -6557.63 1525.74 7847.22 1 2
event 3
-7870.36 6126.71 21365 23780.9
2889.62 -22239.1 14306.5 26780.5
-350.736 -7499.74 4026.04 8519.94 1 2
-2732.83 435.28 6041.12 6645.61 1 1
3240.35 -14739.3 10280.5 18260.5 -1 2
-5137.53 5691.44 15323.9 17135.3 -1 1
