event 0
-6415.22 15925.6 -20393.9 26838
-4747.94 71.1513 3493.43 6659.05
-4860.8 7956.16 -11090.7 14489.4 -1 1
-1554.42 7969.43 -9303.17 12348.6 1 1
-3205.56 -1426.23 2322.12 4208.7 -1 2
-1542.38 1497.38 1171.31 2450.35 1 2
event 1
10528.4 -4454.67 -19662.7 22954.4
-5651.71 636.289 -12417.1 14004.4
-3768.36 1630.04 -6246.5 7475.8 1 2
5168.95 -559.73 -9272.43 10631.1 -1 1
-1883.36 -993.747 -6170.62 6528.57 -1 2
5359.42 -3894.94 -10390.3 12323.3 1 1
event 2
1076.47 -7581.75 14149.3 16384
-9965.01 -10549 20594.4 25383.1
-976.357 -4100.89 7350.38 8474.07 -1 1
2052.83 -3480.86 6798.97 7909.97 1 1
-7153.59 -6023.36 11287.1 14658.2 -1 2
-2811.43 -4525.64 9307.37 10724.9 1 2
