event 0
-16152.5 4087.89 -53485.2 56106
-7101.73 -22.5025 -26370.8 27485.3
-5135.07 -999.217 -14559.1 15470.8 -1 2
-3356.65 2189.94 -12316.6 12952.7 -1 1
-12795.9 1897.95 -41168.6 43153.2 1 1
-1966.66 976.715 -11811.7 12014.5 1 2
event 1
8815.95 7761.12 -18111.6 21807.8
-6960.42 -3861.49 5124.89 9960.63
-3615.61 -3668.51 2646.49 5791.86 -1 2
4240.53 2527.94 -5386.65 7307.51 1 1
4575.42 5233.19 -12725 14500.2 -1 1
-3344.81 -192.984 2478.4 4168.77 1 2
event 2
2617.45 5918.88 -7689.42 10516.8
-1307.37 13043.2 15764.3 20735
-1701.16 3278.12 4438.93 5775.4 1 2
-338.654 2814.68 -3678.29 4645.22 -1 1
393.787 9765.13 11325.4 14959.6 -1 2
2956.11 3104.2 -4011.14 5871.54 1 1
