event 0
6709.99 -5309.3 -6353.71 11098.4
-1460.63 6872.21 -29995.4 31027
-455.834 4338.7 -24570 24954.5 -1 2
2126.45 -3511.04 -2215.19 4665.56 -1 1
4583.54 -1798.26 -4138.52 6432.81 1 1
-1004.79 2533.52 -5425.4 6072.43 1 2
event 1
-5599.34 -8488.26 36863.8 38417.8
6369.5 9470.61 24999 27655.1
6194.87 7046.48 20305.8 22368.8 1 2
-2837.64 -1566.47 13964.4 14336 -1 1
174.631 2424.13 4693.24 5286.26 -1 2
-2761.7 -6921.79 22899.4 24081.8 1 1
event 2
7337.46 12257.7 31226.4 34478.5
-6766.93 -8765.37 44558.2 46017.9
2681.08 7440.18 17461.9 19169.6 -1 1
4656.37 4817.51 13764.5 15308.9 1 1
-1559.53 -2855.78 8338.51 8951.51 -1 2
-5207.4 -5909.59 36219.7 37066.4 1 2
