event 0
3943.66 8428.8 -20066.3 22334.8
-13296.1 849.604 -50892.2 52698.3
-5849.55 645.593 -28428.5 29031.4 -1 2
2354.98 1736.55 -5892.55 6579.88 -1 1
-7446.59 204.011 -22463.7 23666.9 1 2
1588.68 6692.26 -14173.7 15754.9 1 1
event 1
5350.64 13153.8 -37436.2 40158.6
-12599.6 2861.8 -48841.2 50655.7
4901.57 8191.89 -25038.1 26796.5 1 1
449.073 4961.96 -12398.1 13362.2 -1 1
-9322.65 3362.89 -40089.8 41296.8 -1 2
-3276.94 -501.095 -8751.46 9358.88 1 2
event 2
4054.53 10274.3 -25555.5 28012
-9457.25 1475.35 -39643.6 40900.2
-4611.2 -837.267 -18859.7 19433.5 1 2
2796.42 3598.49 -8342.98 9507.13 1 1
1258.11 6675.78 -17212.5 18504.9 -1 1
-4846.04 2312.62 -20784 21466.7 -1 2
