event 0
5894.41 958.611 11670.1 13470.1
-8251.13 -5095.77 4960.07 11324.4
-2259.78 -2845.21 2730.36 4546.19 -1 2
1829.64 1596.53 2911.74 3792.88 -1 1
-5991.35 -2250.56 2229.72 6778.21 1 2
4064.77 -637.923 8758.34 9677.24 1 1
event 1
6179.74 3472.71 -4844.71 9127.45
-6887.33 -11423.7 3531.46 14142.1
4101.74 3008.73 -4800.52 6995.2 1 1
2077.99 463.984 -44.189 2132.24 -1 1
-5332.79 -6171.76 1468.55 8288.37 -1 2
-1554.54 -5251.89 2062.92 5853.7 1 2
event 2
-2806.37 4471.84 -7163.78 9422.53
8740.55 3708.95 -11598.6 15305.9
-2751.53 1851.83 -2850.98 4374.87 1 1
-54.8367 2620.01 -4312.8 5047.66 -1 1
4848.52 747.15 -4328.49 6543.19 -1 2
3892.04 2961.8 -7270.1 8762.74 1 2
