event 0
6381.21 -9030.13 -51540.4 52842.1
-5029.17 7392.28 -11534.2 14918.7
3157.49 -7335.71 -33714.3 34647.5 1 1
3223.73 -1694.41 -17826.1 18194.6 -1 1
-2641.47 1370.16 -3400.69 4520.02 -1 2
-2387.7 6022.12 -8133.49 10398.6 1 2
event 1
-12243.5 9952.16 -35714.4 39167
-1707.29 -14678.1 -84066.4 85411.4
-6902 6684.58 -18457.5 20808.9 -1 1
-5341.5 3267.58 -17256.9 18358.1 1 1
-2086.59 -5094.16 -30545.7 31038 -1 2
379.297 -9583.93 -53520.6 54373.4 1 2
event 2
-17271.4 -2944.33 -32392.4 36957.2
14637.5 8779.22 36684.9 40579.6
6120.06 5120.07 19114 20712.9 1 2
-5007.69 484.826 -10084.7 11270.5 -1 1
-12263.7 -3429.16 -22307.8 25686.7 1 1
8517.4 3659.15 17571 19866.7 -1 2
event 3
-16825.4 -1996.55 -31684.8 36063.8
8478.14 5298.01 24050.5 26229.1
-13871.3 -620.163 -24222.8 27920.5 1 1
-2954.16 -1376.39 -7461.97 8143.32 -1 1
1800.66 1691.42 3226.6 4065.14 -1 2
6677.48 3606.59 20823.9 22163.9 1 2
