event 0
-13942.9 460.847 -13008.5 19324.3
-11489.6 -12111.4 -9131.15 19278.6
-5972.09 -4515.16 -5106.94 9063.36 1 2
-6071.28 1073.96 -7434.12 9658.73 -1 1
-5517.52 -7596.29 -4024.21 10215.3 -1 2
-7871.58 -613.113 -5574.38 9665.53 1 1
event 1
-11320.7 -10637 -9704.33 18575.9
-9059.26 -256.867 -10076.4 13901.8
-6915.72 -7453.07 -7802.6 12816.7 -1 1
-4405.01 -3183.89 -1901.73 5759.26 1 1
-3129.54 1253.42 -4488.97 5614.9 -1 2
-5929.72 -1510.29 -5587.47 8286.95 1 2
event 2
-14109.3 -276.481 -10502.5 17861.8
-13300.8 -11562 -8878.68 19975.3
-4339.31 -5581.38 -4243.6 8246.25 1 2
-2806.93 -1302.91 -2377.65 3903.96 1 1
-11302.4 1026.43 -8124.88 13957.9 -1 1
-8961.5 -5980.63 -4635.08 11729.1 -1 2
event 3
-6724.45 165.54 -21464.8 22706.3
-11389.4 9179.41 -44562.2 47003.9
-4923.92 -1146.65 -12897.9 13853.8 1 1
-1800.53 1312.19 -8566.9 8852.5 -1 1
-8525.94 5000.88 -29681.3 31284.1 1 2
-2863.43 4178.53 -14880.9 15719.8 -1 2
