event 0
9573.72 1208.88 7227.37 12607.2
-12352.9 -5345.67 4734.8 14600.7
5944.47 2096.5 5918.06 8646.77 -1 1
3629.25 -887.611 1309.31 3960.39 1 1
-9740.1 -4655.44 4971.85 11885.8 -1 2
-2612.85 -690.231 -237.041 2714.91 1 2
event 1
19080.9 -8958.21 -32354.1 38739
-9890.32 6754.25 -34208.2 36376.2
14964.6 -8187.12 -24782.6 30085.9 1 1
4116.32 -771.09 -7571.49 8653.17 -1 1
-1778.91 1142.48 -10260.9 10477 -1 2
-8111.4 5611.77 -23947.3 25899.3 1 2
event 2
-4839.66 4176.83 -19440.5 20697.6
13173.4 -5268.48 -24094.4 28132.3
3254.9 -2631.14 -8297.3 9293.74 -1 2
-2095.33 811.788 -10741.6 10974.6 1 1
9918.51 -2637.34 -15797.1 18838.5 1 2
-2744.32 3365.04 -8698.89 9723 -1 1
event 3
5384.97 9924.25 9846.88 15298.3
-4745.24 -7471.87 9319.89 13221.1
4051.93 5415.91 7292.09 9946.66 -1 1
1333.04 4508.34 2554.78 5351.66 1 1
-1275.63 -4147.68 5889.35 7316.16 -1 2
-3469.61 -3324.19 3430.54 5904.93 1 2
event 4
3815.09 2335.57 196.968 5799.86
105.212 -11769.8 23819.5 26748.8
1513.95 2590.9 1252.15 3253.29 -1 1
2301.14 -255.338 -1055.19 2546.57 1 1
916.168 -7314.18 17347 18848.5 1 2
-810.956 -4455.59 6472.42 7900.21 -1 2
event 5
-6296.44 1711.07 91.0903 7223.08
9543.06 -3099.47 14066.9 17554.1
3370 -2689.22 5695.71 7144.31 1 2
-1815.79 1019.3 1389.87 2505.79 -1 1
6173.06 -410.245 8371.18 10409.7 -1 2
-4480.65 691.763 -1298.78 4717.28 1 1
