event 0
6060.52 -7541.42 33285.7 34801.3
-9120.2 8815.66 29977.3 32697.5
-6904.16 4619.57 19398 21102.2 1 2
2056.77 -4427.94 19791.1 20384.7 -1 1
-2216.04 4196.09 10579.3 11595.3 -1 2
4003.75 -3113.48 13494.6 14416.6 1 1
event 1
9947.72 -14769.2 64606.7 67087.2
-5443.69 5691.44 18561.5 20399.7
4326.37 -8640 38097.4 39303.8 -1 1
5621.35 -6129.16 26509.3 27783.4 1 1
-1926.07 4235.51 10263.4 11269.3 -1 2
-3517.63 1455.93 8298.13 9130.36 1 2
event 2
8808.43 -11932 -29872 33494.6
5182.81 5435.03 -7563.53 11099.5
3748.2 -6632.61 -17955.8 19505.5 -1 1
5060.23 -5299.41 -11916.2 13989.2 1 1
4128.89 2561.3 -5793.71 7562.16 -1 2
1053.91 2873.73 -1769.82 3537.3 1 2
