event 0
6846.49 -10730.5 -541.798 13111.2
3643.44 -7436.98 -15918.1 18208.8
3497.91 -5046.05 -9071.74 10954.7 -1 2
2735.5 -3652.56 1247.53 4731.98 -1 1
4110.99 -7077.97 -1789.33 8379.18 1 1
145.529 -2390.93 -6846.38 7254.09 1 2
event 1
5621.21 -10121.3 -23470 26352.8
5495.98 -6871.51 394.773 9336.46
2934.33 -5629.23 -449.975 6364.92 -1 2
2792.06 -3471.27 -11943.9 12748 1 1
2829.15 -6650.03 -11526.1 13604.8 -1 1
2561.64 -1242.28 844.748 2971.54 1 2
event 2
6429.24 10600.2 -9412.81 15871.1
-660.846 20582.8 -13388.3 24757.4
65.6447 8468.31 -3765.02 9268.4 -1 2
1383.54 2002.69 -475.932 2482.47 -1 1
-726.491 12114.5 -9623.32 15489 1 2
5045.69 8597.54 -8936.88 13388.6 1 1
