event 0
-22550.7 12077.4 -12885 28809.9
26792.1 -9721.44 -42002.6 50854
22752.4 -7249.94 -33855.9 41430.3 1 2
-10421.8 3891.84 -5957.62 12620 -1 1
4039.67 -2471.49 -8146.66 9423.72 -1 2
-12128.9 8185.57 -6927.36 16189.9 1 1
event 1
-28018.6 15466 -15399.1 35650.6
33770.3 -12832.7 -52603.9 63889.5
15697.2 -5337.81 -26651.5 31388 -1 2
-11051.3 7493.14 -7420.82 15276 -1 1
18073 -7494.86 -25952.4 32501.4 1 2
-16967.3 7972.9 -7978.32 20374.5 1 1
event 2
44778.8 -16529.9 -70933 85553.8
-27094.2 14067.7 -16768.8 34968.3
-12525.7 8199.45 -8578.16 17254.6 -1 2
8741.48 -3682.47 -16238.4 18806.2 -1 1
36037.4 -12847.4 -54694.5 66747.7 1 1
-14568.5 5868.23 -8190.68 17713.7 1 2
