event 0
-1613.42 11180.2 -1129.19 11767.1
4280.79 -18590.8 -98201.4 100085
2026.52 -3362.94 -20894.3 21260.3 -1 2
-373.778 3253.29 -1758.71 3718.59 1 1
2254.27 -15227.9 -77307.1 78824.9 1 2
-1239.64 7926.86 629.528 8048.56 -1 1
event 1
275.597 12522.1 -1682.27 13011.5
3586.07 -12208.8 -68530.9 69799.6
883.713 -8964.38 -48202.4 49037 1 2
1525.84 5239.78 -126.518 5459.91 1 1
2702.35 -3244.44 -20328.4 20762.6 -1 2
-1250.24 7282.33 -1555.75 7551.62 -1 1
event 2
2276.9 -5512.78 23987.2 24990.9
-1084.97 14615.2 49810.3 52013.8
185.513 -4774.51 15687 16398.9 1 1
2091.39 -738.265 8300.19 8592.04 -1 1
-1105.12 7475.78 30599.1 31518.6 1 2
20.1478 7139.38 19211.2 20495.2 -1 2
event 3
-34584.3 5640.23 -139114 143507
20216.3 -158.831 -10415.3 22952
-17667.5 1020.51 -70329.3 72521.8 -1 1
-16916.8 4619.72 -68785 70985.2 1 1
11761.7 -1615.9 -6096.89 13346.6 -1 2
8454.56 1457.07 -4318.44 9605.35 1 2
