event 0
-8211.31 -5767.87 8345.67 13414
23676.1 36906.2 -53973.8 69608.8
-6938.93 -3267.09 5703.22 9558.27 -1 1
-1272.38 -2500.78 2642.45 3855.72 1 1
15131.9 21375.4 -30700.3 40353.5 1 2
8544.16 15530.8 -23273.5 29255.3 -1 2
event 1
15244.7 23825.7 -32800.4 43422.6
-10442.2 -6240.97 8898.74 15387.2
-7473.93 -5977.45 6841.95 11764.9 -1 2
2693.49 3328.58 -6598.88 7867.07 1 1
12551.2 20497.1 -26201.6 35555.5 -1 1
-2968.23 -263.516 2056.78 3622.34 1 2
event 2
-11314.3 -9367.47 12570.1 19579.6
18768.4 27277.2 -43191.4 54510.4
-6863.67 -3940.35 7648.55 11006.7 -1 1
-4450.64 -5427.13 4921.55 8572.9 1 1
11363.6 13832.6 -22853.5 29030.4 1 2
7404.72 13444.7 -20337.9 25480 -1 2
event 3
2877.39 10042.6 7175.73 13046.7
8412.41 7757.78 10473.6 15819
2813.61 4654.06 5183.83 7513.99 1 2
365.372 3838.35 4254.63 5742.78 1 1
2512.02 6204.29 2921.1 7303.93 -1 1
5598.8 3103.72 5289.81 8305 -1 2
