event 0
-7221.55 -5789.32 -2429.91 10254.6
9417.8 -109.738 -16587.1 19324.3
6965.91 187.357 -9247.35 11579.4 1 2
-2277.89 -2729.79 738.34 3632.75 -1 1
2451.89 -297.095 -7339.76 7744.89 -1 2
-4943.66 -3059.53 -3168.25 6621.89 1 1
event 1
463.007 -7991.01 12315.9 15011.4
-5381.83 10264.6 17310.4 21061.1
-5193.27 7503.27 12046 15112.5 1 2
-347.306 -3550.21 8023.59 8781.45 1 1
-188.558 2761.33 5264.39 5948.57 -1 2
810.313 -4440.81 4292.29 6229.95 -1 1
event 2
-180.87 -15494.1 90441 91811
121.449 9321.74 34405.2 35780.1
1182.94 3825.64 18182.8 18618.8 -1 2
-1109.13 -2120.93 13824.3 14030.3 -1 1
928.263 -13373.2 76616.7 77780.7 1 1
-1061.49 5496.1 16222.4 17161.3 1 2
event 3
4748.6 -16176.9 21394.9 27414.8
10089.5 -10191.5 13342.9 19932
3777.65 -2559.84 2344.4 5131.35 1 2
1861.18 -2280.87 3501.72 4575.98 -1 1
2887.42 -13896 17893.2 22838.9 1 1
6311.84 -7631.67 10998.5 14800.7 -1 2
event 4
2777.95 -12558.4 13566.2 18949
5929.97 -4790.74 7684.99 11259
3879.75 -3437.41 6991.76 8704.25 1 2
2512.73 -4837.69 6442.29 8439.87 -1 1
2050.22 -1353.33 693.235 2554.73 -1 2
265.216 -7720.72 7123.93 10509.1 1 1
