event 0
9983.72 6955.69 -37608.9 39649.4
-8661.47 272.738 -29238.2 30652.3
-6161.76 1080.62 -23846.8 24653.9 -1 2
5580.26 2021.72 -18378 19312.9 -1 1
4403.46 4933.97 -19230.9 20336.5 1 1
-2499.71 -807.884 -5391.49 5998.38 1 2
event 1
-11980.7 -2592.61 -44152.6 45927.1
7392.61 3587.9 -25333.8 26812.6
2217.83 2753.68 -9955.49 10565.3 1 2
-2915.97 488.588 -13199.6 13527.1 1 1
-9064.68 -3081.2 -30953 32400 -1 1
5174.78 834.216 -15378.3 16247.4 -1 2
event 2
18213.8 -9878.35 3161.83 21187.5
-506.557 8419.59 10463.1 13791.8
-163.517 4525.18 7929.52 9131.94 1 2
7722.33 -5488.61 2479.59 9793.81 1 1
-343.04 3894.41 2533.54 4659.84 -1 2
10491.5 -4389.75 682.24 11393.7 -1 1
event 3
18444.2 -12149.2 4851.74 22823.7
-168.509 7207.19 8986.52 11929.8
112.266 3774.74 2341.61 4444.73 1 2
6092.7 -2724.66 524.775 6695.62 -1 1
-280.775 3432.44 6644.91 7485.08 -1 2
12351.5 -9424.58 4326.97 16128.1 1 1
