event 0
17011.5 18426.6 43378.8 50202
-10312.8 -10315.9 15219.8 21307.4
-7365.52 -9108.4 12290.2 16978.6 -1 2
5245.39 3932.94 12601.8 14205.6 1 1
11766.1 14493.6 30777 35996.4 -1 1
-2947.23 -1207.53 2929.61 4328.75 1 2
event 1
21864.7 26094.2 61091.3 70005.1
-13005.4 -10927.6 15612.6 23278.7
12303.2 12561.8 29962.1 34740.6 1 1
9561.53 13532.4 31129.2 35264.5 -1 1
-5883.96 -6804.66 7352.12 11618.5 -1 2
-7121.48 -4122.98 8260.49 11660.2 1 2
event 2
-11422.2 3392.36 1293.6 12378.9
6936.59 -2665.43 -24869.6 26140.1
3288.29 -943.13 -6651.05 7479.97 1 2
-2835.25 980.187 1700.08 3449.76 -1 1
-8586.91 2412.17 -406.483 8929.16 1 1
3648.3 -1722.3 -18218.5 18660.2 -1 2
