event 0
-7418.88 -1643.41 9757 12748.7
-6926.26 -4970.11 26006.9 27543.1
-4165.61 603.156 4399.96 6089.9 1 1
-3253.28 -2246.57 5357.03 6658.82 -1 1
-4518.25 -4486.48 21318.2 22249 -1 2
-2408.01 -483.63 4688.71 5294.1 1 2
event 1
-8134.79 -3723.47 11754.3 15092.8
7484.19 -4066.11 -4990.53 10346.1
4730.92 -2525.71 -4776.21 7182.21 1 2
-3703.63 -1882.96 7941.14 8963 1 1
2753.27 -1540.4 -214.317 3163.93 -1 2
-4431.16 -1840.52 3813.19 6129.78 -1 1
event 2
-1086.06 5179 -813.964 6185.07
3994.39 -11045.4 -344.282 12151.7
-1917.28 3032.25 -1322.75 3825.09 -1 1
831.222 2146.75 508.787 2359.97 1 1
1401.81 -6223.76 1133.21 6480.4 -1 2
2592.58 -4821.63 -1477.49 5671.31 1 2
