event 0
-2535.12 -4033.85 -105.579 5683.38
17765.2 3315.47 -26058.2 31862.5
-2989.59 -2056.77 -300.102 3642.69 -1 1
454.475 -1977.08 194.523 2040.69 1 1
11444.6 1130.55 -14484.5 18495.1 1 2
6320.58 2184.91 -11573.8 13367.4 -1 2
event 1
-6911.97 -5440.11 28922.5 30388.6
5116.9 7822.24 2347.85 10122.9
3368.93 2937.39 111.598 4472.31 1 2
-2833.12 -735.775 6745.56 7354.02 -1 1
-4078.85 -4704.34 22176.9 23034.6 1 1
1747.97 4884.86 2236.26 5650.59 -1 2
event 2
-11863.4 -36747.1 27008.6 47224.4
-286.867 13104.5 26150.9 29415.4
-267.86 10642.8 23483.1 25783.9 -1 2
-3581.88 -9843.58 8968.96 13790.6 -1 1
-8281.53 -26903.5 18039.6 33433.9 1 1
-19.0077 2461.64 2667.74 3631.53 1 2
event 3
-13740.1 -39807.6 28524.9 50957.8
-1755.83 28489.8 59113.9 65717.6
-9581.79 -23500.7 17869.8 31039.2 1 1
-4158.32 -16306.9 10655.2 19918.6 -1 1
-486.401 8096.02 13753.4 15967.1 -1 2
-1269.43 20393.7 45360.5 49750.4 1 2
