event 0
5412.43 -1273.98 -11780.7 13390.1
-8828.3 5123.06 -9651.98 14385.3
3007.56 -663.175 -9608.73 10090.8 -1 1
2404.87 -610.802 -2172.01 3299.28 1 1
-4577.26 3365.38 -7197.73 9170.37 1 2
-4251.03 1757.68 -2454.25 5214.9 -1 2
event 1
5590.7 -302.401 -12230.9 13803.4
-10763 3236.77 -9456.11 15010.9
3014.91 9.97011 -9772.34 10227.4 -1 1
2575.79 -312.371 -2458.57 3576.03 1 1
-6513.36 2043.45 -3728.41 7778.93 -1 2
-4249.68 1193.33 -5727.71 7231.99 1 2
event 2
5778.87 1413.46 4452.85 8050.59
15257.9 -3331.37 5206 16750.9
3714.23 1280.79 1052.29 4068.71 1 1
2064.64 132.671 3400.57 3981.88 -1 1
10891.1 -3692.14 4281.67 12271.6 1 2
4366.74 360.765 924.334 4479.3 -1 2
event 3
4598.84 578.121 4322.61 7331.68
17704.7 -5621.26 5366.04 19581.6
2778.84 -1465.14 1881.9 3663.51 -1 1
1820 2043.26 2440.7 3668.17 1 1
12461.7 -4383.39 2386.23 13424.3 1 2
5243.06 -1237.87 2979.81 6157.31 -1 2
