event 0
8608.79 855.385 -2536.1 9532.5
-6346.3 -7404.32 -1745.6 10379.7
-1532.48 -3330.45 -1770.18 4072.47 1 2
2648.99 1129.57 -2068.34 3547.15 1 1
-4813.82 -4073.88 24.5735 6307.23 -1 2
5959.8 -274.185 -467.763 5985.35 -1 1
event 1
9119.16 -13708.4 -79729.8 81471
-13117.6 7553.87 -54878.7 57012.2
-10200.3 4378.89 -37703.5 39303.8 1 2
3580.54 -6313.92 -28199.9 29119.3 1 1
-2917.23 3174.98 -17175.2 17708.4 -1 2
5538.61 -7394.52 -51529.9 52351.7 -1 1
event 2
8105.84 -15318.9 -85102.1 86904.1
-8939.88 4841.72 -38353.8 39799.1
-7043.36 2334.2 -28802.3 29742.9 -1 2
1592.96 -6030.93 -32340.9 32937.2 -1 1
6512.88 -9287.93 -52761.1 53967 1 1
-1896.52 2507.52 -9551.53 10056.2 1 2
event 3
-6517.91 -7380.53 17958 20713.2
8429.8 6069.77 -8183.99 13582.1
3283.71 4259.56 -3881.15 6633.33 -1 2
-1138 -2016.6 7039.43 7411.24 1 1
-5379.91 -5363.93 10918.6 13302 -1 1
5146.09 1810.21 -4302.85 6948.72 1 2
event 4
-6474.23 -6358.81 12370.3 15651.3
10156.1 6567.67 -8396.99 15045.9
-3073.59 -4799.78 8758.86 10450.5 -1 1
-3400.64 -1559.03 3611.39 5200.79 1 1
4414.83 4580.43 -4938.68 8054.37 -1 2
5741.23 1987.24 -3458.31 6991.56 1 2
event 5
-16303.7 7944.24 -13501.1 22820.9
2885.35 8481.1 2470.36 9795.32
1141.44 6729.46 951.74 6892.42 1 2
-6162.68 4698.93 -5652.14 9592.52 1 1
1743.91 1751.64 1518.62 2902.9 -1 2
-10141 3245.31 -7848.99 13228.4 -1 1
