event 0
-4699.89 -1408.81 -5087.88 7716.97
14353.9 2566.83 -66079.8 67740.4
-3193.19 621.458 -2568.9 4146.46 1 1
-1506.69 -2030.27 -2518.98 3570.51 -1 1
7868 301.94 -40202.3 40966.2 -1 2
6485.88 2264.89 -25877.6 26774.2 1 2
event 1
-4522.42 3955.2 26902.8 27738.9
10446.4 19037.1 6356.9 22837.2
-2323.31 3591.9 20929.3 21362.3 -1 1
-2199.1 363.296 5973.45 6376.62 1 1
7371.9 15661.7 5692.51 18222.3 1 2
3074.46 3375.34 664.393 4614.96 -1 2
event 2
-9141.37 -3953.65 -1056.58 10483.5
6192.73 3195.78 17787.1 19352.9
-5853.34 -2311.41 -2143.93 6649.19 -1 1
-3288.03 -1642.24 1087.35 3834.27 1 1
1998.6 -332.547 3434.03 3988.57 -1 2
4194.13 3528.33 14353.1 15364.3 1 2
event 3
-15475.2 -7408.34 -2839.29 17664
9263.66 3934.82 28105.6 30013.5
-10107.7 -4268.25 -3213.5 11433.3 -1 1
-5367.54 -3140.1 374.212 6230.72 1 1
1941.84 792.275 10215.5 10429.1 -1 2
7321.83 3142.54 17890.1 19584.5 1 2
