event 0
5517.43 6797.93 -22220.2 24082.8
-9634.74 -7732.18 -32178.7 34607.4
-7992.73 -6450.68 -29332.2 31078.7 1 2
2023.63 3516.23 -6644.13 7785.53 1 1
-1642.01 -1281.5 -2846.51 3528.77 -1 2
3493.8 3281.69 -15576 16297.2 -1 1
event 1
-9353.5 -3932.66 612.405 10812.7
-7169.25 -5117.42 9872.83 13588.6
-4037.12 -1284.86 3363.45 5410.47 -1 2
-2358.49 594.783 463.618 2478.37 -1 1
-6995.01 -4527.44 148.787 8334.34 1 1
-3132.13 -3832.56 6509.38 8178.14 1 2
event 2
-10267.6 -5568.18 -149.169 12084.8
-4764.91 -3606.42 7035.35 9736.4
-2121.4 -3086.8 2653.08 4591.15 1 2
-5298.12 -1377.15 731.04 5523.79 1 1
-2643.51 -519.617 4382.27 5145.25 -1 2
-4969.51 -4191.03 -880.21 6561 -1 1
