event 0
-26996.7 2204.01 126502 129407
8954.82 -2306.35 -8391.44 12865.3
-24028.7 1166.35 114409 116911 -1 1
-2968.02 1037.66 12093.9 12496.4 1 1
1981.14 -684.694 -402.592 2137.04 -1 2
6973.69 -1621.65 -7988.85 10728.2 1 2
event 1
-15301.7 -6552.05 -3680.86 17326.6
6027.46 3962.59 10240.9 12903.5
-8287.83 -5160.93 -2494.89 10077.7 -1 1
-7013.87 -1391.12 -1185.98 7248.95 1 1
4834.95 1562.9 5762.76 7683.75 -1 2
1192.51 2399.69 4478.16 5219.74 1 2
event 2
7629.83 4987.15 11652.6 15114.9
-14914.5 -8051.62 -2605.43 17425.6
-5657.65 -1849.04 118.322 5954.25 1 2
2820.58 1086.8 6049.28 6763.26 -1 1
-9256.9 -6202.58 -2723.75 11471.4 -1 2
4809.25 3900.35 5603.36 8351.68 1 1
event 3
-7705.71 -15.7699 20431 22054.4
4964.22 8050.18 1183.81 10022
1678.15 3814.85 1956.04 4605.05 -1 2
-2550.89 585.549 3676.51 4514.18 1 1
3286.08 4235.33 -772.234 5416.99 1 2
-5154.82 -601.319 16754.5 17540.2 -1 1
event 4
1171.75 -6159.41 1982.96 7538.6
7827.69 5265.98 -19814.7 22163.4
545.013 -3191.69 2920.9 4361.96 -1 1
626.733 -2967.72 -937.931 3176.64 1 1
3658.19 3681.07 -13206 14189.5 -1 2
4169.51 1584.91 -6608.67 7973.86 1 2
