event 0
6999.98 6203.08 -32497.4 33958
-5935.85 -2669.62 -4421.35 8455.77
-3811.62 -405.587 -1291.91 4046.37 1 2
4258.2 1916.3 -13252.4 14051.4 1 1
-2124.23 -2264.04 -3129.44 4409.4 -1 2
2741.79 4286.78 -19245 19906.7 -1 1
event 1
6096.15 4851.44 20373.4 22031.2
-9106.44 677.442 8455.52 12824.8
-3781.31 -1239.92 3401.9 5236.39 1 2
3538.36 1039.54 7391.88 8261.45 -1 1
-5325.13 1917.36 5053.62 7588.38 -1 2
2557.79 3811.91 12981.6 13769.7 1 1
event 2
-10083.5 5947.18 16059.2 20113
9382.68 10020.7 26748.2 30224.3
-5865.71 1669.58 7929.45 10004.1 -1 1
-4217.82 4277.6 8129.72 10109 1 1
6730.24 8328.36 18223 21136.4 -1 2
2652.44 1692.36 8525.16 9087.85 1 2
