event 0
-7489.93 -4162.5 -8626.76 12547.4
11584.3 1147.36 -12046.3 17035.8
9414.42 489.155 -11134.1 14589.4 1 2
-2223.66 -2238.58 -1546.66 3515.57 -1 1
2169.88 658.208 -912.181 2446.39 -1 2
-5266.27 -1923.93 -7080.1 9031.84 1 1
event 1
-7899.88 4151.72 -1638.11 9587.46
9359.85 -2114.44 -26257.3 28126.8
3823.47 643.738 -9310.03 10085.7 -1 2
-2906.26 1839.24 854.159 3545.41 1 1
5536.38 -2758.18 -16947.3 18041.1 1 2
-4993.62 2312.49 -2492.27 6042.05 -1 1
event 2
7407.02 -2048.31 -25541.2 26851.5
-5365.34 3491.66 -2641.64 7585.99
4419.84 27.6535 -10847.1 11713.5 -1 1
2987.18 -2075.96 -14694 15138 1 1
-4412 1299.11 -1071.24 4723.57 -1 2
-953.34 2192.55 -1570.4 2862.42 1 2
