event 0
15120.7 -5245.29 -11573.8 19992.3
-10702.2 3986.18 22079 25050
-5399.64 988.268 7930.77 9645.78 -1 2
1782.82 -1775.43 -1868.48 3135.76 1 1
13337.9 -3469.86 -9705.36 16856.6 -1 1
-5302.51 2997.91 14148.3 15404.2 1 2
event 1
-554.684 5419.01 -3767.63 7311.61
11456.6 -21788.4 -55562.2 60850.1
-1478.16 2668.8 -790.413 3153.31 -1 1
923.478 2750.21 -2977.21 4158.3 1 1
5262.66 -12708.1 -28703.3 31828.9 1 2
6193.91 -9080.29 -26858.9 29021.1 -1 2
event 2
11458.3 -23491.4 -54475 60500.1
968.674 6618.59 -3947.49 8361.66
1637.16 3937.87 -1127.55 4412.44 1 2
3379.24 -4114.9 -11170.9 12375.5 1 1
-668.489 2680.72 -2819.93 3949.22 -1 2
8079.02 -19376.5 -43304.1 48124.6 -1 1
