event 0
3028.52 -9580.91 -9295.12 14034.1
-7876.51 -5219.45 11566.1 15252.8
754.121 -5078.93 -6440.58 8237.5 -1 1
2274.4 -4501.98 -2854.53 5796.57 1 1
-4778.99 -4296.52 5878.55 8710.19 -1 2
-3097.52 -922.935 5687.5 6542.57 1 2
event 1
3318.94 -14682.2 -15995.7 22181.9
-11348.6 -6628.81 18596.3 22981.4
2874.73 -10095.4 -9129.16 13911.6 -1 1
444.206 -4586.83 -6866.59 8270.28 1 1
-3875.08 -1886.76 8662.38 9675.95 -1 2
-7473.48 -4742.05 9933.95 13305.4 1 2
event 2
1184.65 -7841.59 -8888.9 12308.4
-6223.98 -5621.62 12770.2 15588.8
-2087.03 -3178.25 3608.01 5242.7 1 2
1550.87 -1554.07 -2645.27 3439.33 1 1
-366.225 -6287.52 -6243.63 8869.11 -1 1
-4136.95 -2443.36 9162.23 10346.1 -1 2
event 3
11101.1 -5156.82 8477.76 15339.2
-9632.97 6764.98 21854.7 25015.5
7495.47 -3412.39 3499.99 8949.17 1 1
3605.64 -1744.42 4977.77 6390.07 -1 1
-7772.52 5862.28 19964.6 22212 -1 2
-1860.44 902.7 1890.09 2803.52 1 2
