event 0
-12263.9 -9008.76 57997.6 60040.6
2976.26 7418.42 16201.5 18329.5
926.332 6008.66 11339.4 12866.9 1 2
-6580.5 -2972.09 28359.3 29264.3 1 1
2049.92 1409.76 4862.04 5462.62 -1 2
-5683.36 -6036.67 29638.3 30776.3 -1 1
event 1
6145.56 -13393.1 -48814.5 51084.1
16592.5 -5489.52 -16813.6 24448.6
13375.9 -3093.69 -13307.4 19120.3 1 2
3360.85 -3830.83 -16701.2 17461.7 1 1
3216.6 -2395.83 -3506.16 5328.31 -1 2
2784.71 -9562.29 -32113.2 33622.4 -1 1
event 2
5893.19 -12536.5 -43726.9 45973
7912.46 -1818.53 -9732.98 13047.4
4693.56 262.897 -4132.9 6260.24 -1 2
406.527 -4150.6 -13060.4 13710.5 -1 1
5486.66 -8385.91 -30666.4 32262.5 1 1
3218.9 -2081.43 -5600.08 6787.18 1 2
event 3
12137.9 -2364.5 -10942.1 16800.1
2934.14 -7822.66 -26445.5 27906.3
7650.99 -2950.55 -7506.68 11117.8 1 1
4486.91 586.049 -3435.41 5682.34 -1 1
-372.401 -2491.32 -9749.26 10070 -1 2
3306.54 -5331.34 -16696.3 17836.3 1 2
event 4
6980.05 23822.6 69253.6 73633.5
5481.41 1938.69 8845.29 11208.7
2265.06 13034 37798.5 40046.9 1 1
4714.99 10788.6 31455.1 33586.6 -1 1
2306.33 2472.63 2940.35 4482.18 -1 2
3175.07 -533.946 5904.94 6726.49 1 2
