event 0
-11545.4 2629.71 -2232.6 12441.3
-6993.87 1834.16 3944.64 8799.4
-9064.23 916.977 -2393.65 9420.28 -1 1
-2481.15 1712.74 161.046 3021.03 1 1
-1579.45 1524.74 197.588 2206.74 -1 2
-5414.42 309.424 3747.05 6592.67 1 2
event 1
-13047.4 1765.51 16771.5 21545.9
6389.25 4733.98 27471.7 28766.6
-7059.28 915.613 6579.36 9693.86 1 1
-5988.12 849.902 10192.2 11852.1 -1 1
5005.25 2928.46 14875.6 15966.3 -1 2
1384 1805.51 12596.1 12800.3 1 2
event 2
-6203.66 -2734.57 26212.2 27251.3
-659.738 12321.2 40874 42808
-3065.3 -2997.02 14273.9 14904.1 1 1
-3138.36 262.444 11938.3 12347.2 -1 1
-68.4994 7009.53 28085.3 28947.1 -1 2
-591.239 5311.62 12788.7 13860.9 1 2
event 3
-164.199 -8750.72 994.824 9337.17
6568.82 -4911.42 -744.713 8798.68
2400.32 -3432.34 455.49 4214.4 1 2
1321.83 -3497.45 1018.89 3876.68 -1 1
-1486.03 -5253.28 -24.065 5460.49 1 1
4168.5 -1479.07 -1200.2 4584.29 -1 2
