event 0
-1005.89 10466.8 -6842.88 12922.1
-723.903 -7801.96 15017 17219
1138.61 -3913.42 8086.99 9056.59 -1 2
-1092.84 3717.78 -4080.81 5628.52 1 1
86.9515 6748.98 -2762.07 7293.59 -1 1
-1862.51 -3888.53 6929.98 8162.44 1 2
event 1
-4827.18 -4085.51 -13116.8 14887.4
5277.79 6461.96 -22132.7 23855
-3318.51 -2346.13 -4970.94 6421.7 1 1
-1508.67 -1739.38 -8145.88 8465.69 -1 1
3855.53 2460.5 -13030.1 13809.9 -1 2
1422.26 4001.46 -9102.59 10045 1 2
event 2
-10202.5 -4829.6 -38640 40374
-7301.54 12198.6 11235.9 18383.5
-4934.56 -3689.02 -17340.3 18402.6 1 1
-5267.97 -1140.58 -21299.7 21971.4 -1 1
-5920.25 8606.34 6597.48 12355.4 -1 2
-1381.29 3592.26 4638.39 6028.11 1 2
