event 0
-577.182 11267.5 4981.3 12715.9
3970.34 -4526.14 9733.23 11856.5
1661.87 -4090.12 6511.8 7868.01 -1 2
52.5093 3158.65 -32.1393 3161.02 -1 1
-629.692 8108.89 5013.44 9554.91 1 1
2308.48 -436.016 3221.43 3988.48 1 2
event 1
2966.93 -6233.08 -27895.3 28903.2
8254.07 2680.62 -10959.8 14318.7
393.43 -4031.96 -12541.1 13179.6 -1 1
2573.5 -2201.12 -15354.2 15723.6 1 1
4650.69 771.791 -7972.58 9262.71 1 2
3603.38 1908.83 -2987.26 5055.97 -1 2
event 2
19028.5 -8861.32 -32675.6 38960.1
-15279.7 10448.3 -18750.1 26529
-11169.5 6253.49 -14040.6 19000.4 -1 2
7015.86 -1825.52 -9997.37 12349.6 -1 1
12012.6 -7035.8 -22678.2 26610.5 1 1
-4110.19 4194.8 -4709.5 7528.65 1 2
event 3
-9682.2 6309.09 -12994.2 17663.2
25149.7 -9249.29 -41061.4 49129.3
4105.89 -2620.3 -6440.28 8075.44 1 2
-2634.86 1907.68 -1791.6 3715.21 -1 1
21043.8 -6628.99 -34621.2 41053.9 -1 2
-7047.34 4401.41 -11202.6 13948 1 1
