event 0
23730.8 -1710.88 28631.6 37355.5
-4696.98 5156.53 8066.64 11104.6
14013.9 -2355.66 18082 22998 -1 1
9716.87 644.781 10549.6 14357.5 1 1
-1796.31 3588.05 2815.22 4902.8 -1 2
-2900.67 1568.48 5251.41 6201.82 1 2
event 1
13973.8 12425.1 18440.3 26444
-15306.7 -11797.4 17384.4 26177.9
-5834.3 -3249.76 7461.32 10014.1 1 2
4456.84 2321.76 4101.57 6487.53 -1 1
9516.98 10103.3 14338.7 19956.4 1 1
-9472.41 -8547.68 9923.04 16163.8 -1 2
event 2
-12754.6 -8333.51 11924.9 19593.9
15992.1 13502.9 18419.6 28052.5
4868.08 5862.53 7502.32 10694.1 1 2
-2989.63 -524.52 2554.91 3968.85 -1 1
11124 7640.32 10917.2 17358.4 -1 2
-9764.97 -7808.99 9369.96 15625.1 1 1
