event 0
9054.24 2506.77 -108.713 9892.75
-7858.83 7368.88 -25753.8 28087.5
-5895.57 6686.71 -22739 24424.2 1 2
4526.21 -149.203 688.767 4581.96 -1 1
-1963.26 682.164 -3014.82 3663.34 -1 2
4528.03 2655.97 -797.48 5310.78 1 1
event 1
-6134.85 1054.63 -17560.8 18887.1
3948.23 -6985.67 -21606 23255.1
230.007 -3051.8 -5993.96 6730.91 1 2
-1824.66 1812.61 -6358.44 6859.72 1 1
3718.23 -3933.87 -15612 16524.2 -1 2
-4310.19 -757.981 -11202.4 12027.3 -1 1
event 2
-10107.2 -7524.76 -46460 48238
5181.64 346.378 -17737.1 18739.3
2729.06 1588.72 -11422.2 11851.2 1 2
-3077.13 -4149.35 -17610.5 18352.8 -1 1
2452.58 -1242.35 -6314.84 6888.17 -1 2
-7030.03 -3375.4 -28849.5 29885.2 1 1
