event 0
3325.87 9270.67 -8717.88 13512.9
-3716.79 -8097.67 -20351 22430.8
-2203.13 -4775.28 -8194.55 9737.5 -1 2
430.65 4132.45 -2130.22 4670.28 -1 1
2895.22 5138.23 -6587.67 8842.63 1 1
-1513.66 -3322.39 -12156.5 12693.3 1 2
event 1
366.739 -4275.44 1120.65 5409.26
-7209.8 8101.26 4575.81 12171.3
1686.63 -2673.98 308.562 3178.25 1 1
-1319.89 -1601.46 812.091 2231.01 -1 1
-4252.53 3740.81 874.944 5731.87 1 2
-2957.27 4360.45 3700.87 6439.45 -1 2
event 2
13188 -4615.34 -19456.4 24153
7986.01 -1864.12 -12033 14887.4
4199.24 57.6723 -7969.62 9009.05 -1 2
1826.53 -1712.98 -2530.34 3561.5 -1 1
11361.5 -2902.37 -16926.1 20591.5 1 1
3786.76 -1921.79 -4063.35 5878.34 1 2
