event 0
12062.2 4783.34 8849.8 16133.4
8789.54 3329.05 1360.09 9988.96
3275.24 194.706 -625.442 3341.77 1 2
1878.53 2255.65 2581.27 3910.37 1 1
10183.7 2527.69 6268.53 12223 -1 1
5514.3 3134.34 1985.53 6647.19 -1 2
event 1
6673.16 4637.64 4925.39 9994.46
5629.58 3039.34 2368.29 7492.14
2756.35 3672.91 1997.45 5008.86 -1 1
3916.82 964.723 2927.94 4985.59 1 1
2397.33 2834.89 489.062 3746.22 -1 2
3232.25 204.451 1879.23 3745.92 1 2
event 2
-5072.28 8166.45 11892 15602.3
3297.81 -8444.92 2012.49 9789.47
2167.77 -4000.14 2472.15 5179.1 1 2
-2792.34 2697.76 2960.76 4883.89 1 1
-2279.94 5468.69 8931.29 10718.4 -1 1
1130.04 -4444.78 -459.656 4610.37 -1 2
event 3
1445.56 -7573.57 2454.8 8664.02
-4349.91 7454.53 14484.6 17143.1
-3903.17 4265.97 7674.32 9609.35 1 2
484.412 -3401.56 -482.098 3471.15 1 1
-446.741 3188.56 6810.27 7533.75 -1 2
961.15 -4172 2936.89 5192.87 -1 1
event 4
-20027.7 -13503.1 39029.6 46003.8
5514.83 8598.89 -27923.3 29894.1
-10638.1 -8732.97 20552.5 24735.6 -1 1
-9389.64 -4770.14 18477.1 21268.2 1 1
2765.3 6797.51 -20526 21798.6 -1 2
2749.54 1801.38 -7397.28 8095.42 1 2
event 5
-15522.8 -9381.9 31962.3 36934.4
5590.95 11224.8 -35973.1 38221.9
3286.45 5077.31 -21386.8 22225.8 -1 2
-2475.03 -1418.07 2747.05 3961.58 1 1
-13047.7 -7963.83 29215.2 32972.8 -1 1
2304.49 6147.48 -14586.3 15996.1 1 2
