event 0
-6663 3318.69 5956.35 10023.9
12216.5 3990.39 21595 25319.9
9208.49 3185.17 18601.5 20999.2 1 2
-2067.78 2718.91 2290.29 4113.97 -1 1
3007.97 805.215 2993.48 4320.69 -1 2
-4595.22 599.782 3666.06 5909.9 1 1
event 1
-1593.24 -9107.53 -18229.6 20673.5
12987.9 -7895.16 -81147.5 82616.7
3696.3 -1758.48 -15512.6 16043.9 1 2
456.665 -2984.86 -8259.77 8795.05 1 1
9291.59 -6136.68 -65634.9 66572.8 -1 2
-2049.91 -6122.68 -9969.86 11878.5 -1 1
event 2
5878.53 -687.18 2695.64 7203.2
1927.92 -7263.89 4228.7 9162.65
979.579 -3315.25 3702.23 5066.37 1 2
2117.3 934.237 1972.56 3042.69 1 1
3761.23 -1621.42 723.078 4160.51 -1 1
948.343 -3948.64 526.479 4096.28 -1 2
