event 0
8031.5 -1201.75 11350.9 14296.3
-10942.4 -7868.12 6739.93 15383.8
-2390.65 -3329.2 2591.15 4850.16 1 2
3857.52 -474.782 7995.34 8890.58 -1 1
-8551.78 -4538.92 4148.77 10533.7 -1 2
4173.98 -726.969 3355.61 5405.73 1 1
event 1
21490.1 16396.4 -2330.84 27307.3
-39688.1 -31937 118000 128564
10399.9 9397.53 -2223.47 14192.5 -1 1
11090.2 6998.88 -107.377 13114.8 1 1
-36365.5 -28294.6 107810 117243 -1 2
-3322.62 -3642.43 10190.2 11320.7 1 2
event 2
-8403.93 -335.719 -26259.8 27747.2
6355.91 -293.63 7584.78 10373.2
-4376.72 1274.6 -11792.1 12643 1 1
-4027.21 -1610.32 -14467.8 15104.3 -1 1
3519.41 -1617.54 4907.62 6252.89 -1 2
2836.49 1323.91 2677.16 4120.29 1 2
