event 0
-6309.29 11245.3 -6453.76 14748.1
2973.61 -3863.85 -10489.7 11974.8
-4148.49 5920.93 -5087.29 8840.76 1 1
-2160.8 5324.38 -1366.47 5907.32 -1 1
2640.89 -1462.7 -3772.82 4833.12 -1 2
332.719 -2401.15 -6716.9 7141.72 1 2
event 1
12574.3 -1663.75 -38888.2 41021.5
-23926.5 -8825.46 -35872.6 44122.5
7004.71 -1149.46 -16851.7 18286 -1 1
5569.57 -514.285 -22036.5 22735.5 1 1
-13453.6 -4806.44 -17441.2 22545.7 -1 2
-10472.9 -4019.02 -18431.4 21576.9 1 2
event 2
3678.64 2763.47 10661 12017.3
8671.47 -16517.5 34187.3 39069
1596.24 2936.18 5347.88 6307.14 -1 1
2082.4 -172.708 5313.08 5710.18 1 1
5159.86 -10600.9 18484.2 21924.5 -1 2
3511.61 -5916.61 15703 17144.5 1 2
event 3
3176.53 5394.26 14095.7 15731.2
7367.31 -12533.9 27129.4 30935
384.516 3655.15 7972.58 8779.59 -1 1
2792.02 1739.1 6123.17 6951.56 1 1
5762.06 -6841.37 15965.9 18301 1 2
1605.25 -5692.49 11163.5 12634 -1 2
