event 0
-6437.65 10776.1 35107.6 37465.9
14901.6 -3981.15 -7594.75 17469.4
-1845.52 6596.32 19489.1 20658.1 -1 1
-4592.14 4179.81 15618.4 16807.9 1 1
8866.55 -3921.22 -4628.95 10743.8 -1 2
6035.08 -59.9242 -2965.8 6725.54 1 2
event 1
-7418.86 -15963.8 7244.02 19389.3
-1616.36 7193.84 -23845.1 25150.4
53.9439 4441.87 -17217 17781.2 -1 2
-1162.25 -3296.01 3079.59 4659.36 1 1
-6256.61 -12667.8 4164.43 14730 -1 1
-1670.31 2751.97 -6628.03 7369.2 1 2
event 2
-2522.63 7557.62 -25080.1 26496.9
-5084.48 -12964.8 5930.43 15578.8
-720.834 4985.5 -18949.7 19608.1 -1 1
-1801.79 2572.12 -6130.43 6888.8 1 1
-3014.66 -7028.33 5200.01 9248.62 1 2
-2069.82 -5936.5 730.415 6330.15 -1 2
event 3
-4544.42 -13894.3 7700.79 16810.6
255.695 8376.59 -25011.5 26559.3
-1397.77 4635.39 -13538 14378.1 1 2
-1424.59 -5659.48 4741.34 7520.01 1 1
1653.47 3741.2 -11473.5 12181.2 -1 2
-3119.83 -8234.78 2959.45 9290.56 -1 1
event 4
-4611.27 -10685.9 66456.6 67539
6301.7 7556.64 29485.3 31237.6
869.49 3186.76 8271.26 8907.1 -1 2
167.104 -2774.06 13833 14109.8 1 1
-4778.37 -7911.81 52623.6 53429.2 -1 1
5432.21 4369.87 21214 22330.5 1 2
event 5
-649.975 12199.7 6676.36 14262.5
-17734.5 2318.01 11493.4 21484.3
-3564.37 -293.162 3506.3 5009.59 1 2
-1353.52 2251.56 1452.02 3003.5 -1 1
-14170.2 2611.17 7987.05 16474.7 -1 2
703.546 9948.13 5224.34 11259 1 1
