event 0
9804.07 6399.88 2549.23 12376.1
-1849.23 -7133.61 -5202.12 9537.35
-775.504 -4119.54 -1102.3 4335.69 1 2
3536.75 3493.19 2257.35 5460.56 1 1
-1073.73 -3014.07 -4099.82 5201.65 -1 2
6267.32 2906.7 291.881 6915.53 -1 1
event 1
-2349.82 8499.02 -17582.3 19911.9
-1226.02 -9684.79 -2545.31 10553.1
988.26 -4257.98 -1280.32 4556.03 1 2
-1846.01 2500.12 -4096.42 5142.97 -1 1
-503.803 5998.9 -13485.9 14768.9 1 1
-2214.28 -5426.81 -1264.99 5997.05 -1 2
event 2
-1841.55 9431.33 -20690.3 23022.2
-1263.97 -7981.07 -2216.25 8932.96
216.791 5446.53 -13338.3 14409.5 1 1
-2058.34 3984.81 -7351.99 8612.69 -1 1
-450.83 -5778.74 -2904.58 6484.2 -1 2
-813.137 -2202.33 688.332 2448.75 1 2
