event 0
4439.94 -3866.24 3493.75 7513.89
-4314.71 7877.82 5451.11 10953.6
-2653.52 2367.71 3159.38 4758.15 1 2
2033.03 50.1235 822.663 2196.28 -1 1
-1661.2 5510.11 2291.73 6195.49 -1 2
2406.91 -3916.37 2671.08 5317.61 1 1
event 1
6863.96 -4138.97 4693.78 9791.18
-1994.6 6690.38 3570.75 8430.93
3342.81 -3570 3549 6043.66 1 1
3521.15 -568.967 1144.78 3747.52 -1 1
646.718 3137.87 1630.54 3596.43 -1 2
-2641.31 3552.51 1940.21 4834.51 1 2
event 2
7928.25 2642.47 5770.26 10804
-6127.03 -2245.4 -12124.1 14112.6
4774.36 3383.13 4191.07 7198.35 -1 1
3153.89 -740.663 1579.19 3605.64 1 1
-2415.18 185.053 -6570.74 7003.79 -1 2
-3711.85 -2430.46 -5553.32 7108.83 1 2
