event 0
-4950.11 8518.54 -15843.1 18912.1
-4878.3 22057.1 -24497.8 33467.1
-2824.42 18167.1 -20245.1 27347.7 1 2
-898.216 4531.1 -7710.59 8988.99 1 1
-2053.88 3889.97 -4252.66 6119.36 -1 2
-4051.9 3987.44 -8132.55 9923.06 -1 1
event 1
-7477.39 -11164.2 -45714.8 47749.2
545.176 5503.79 -3402.51 7193.92
-6238.99 -6940.57 -29039.4 30502.4 -1 1
-1238.4 -4223.63 -16675.4 17246.8 1 1
1819.54 3370.02 -2336.35 4487.48 -1 2
-1274.37 2133.77 -1066.15 2706.44 1 2
event 2
-4770.63 4742.19 22894.8 24062.6
-18910.2 1186.92 31741.3 37095.9
-3082.88 2052.73 16636.5 17044.1 -1 1
-1687.75 2689.45 6258.29 7018.47 1 1
-13546.1 2003.81 24183.7 27791.6 1 2
-5364.13 -816.885 7557.63 9304.31 -1 2
