event 0
6085.52 3946.26 7109.75 10618.2
-8681.59 -1355.48 -15697.2 18253.7
3153.51 2296.94 1722.51 4266 1 1
2932.01 1649.32 5387.23 6352.2 -1 1
-4394.08 -2094.48 -9580.66 10746.9 1 2
-4287.51 739.005 -6116.55 7506.81 -1 2
event 1
-7516.27 -3051.12 -23506.2 25138.3
3556.47 7007.9 1274.07 8542.44
2675.17 4627.08 -608.225 5380.29 1 2
-3205.91 -1448.19 -5315.91 6375.36 1 1
881.295 2380.82 1882.3 3162.15 -1 2
-4310.36 -1602.93 -18190.3 18762.9 -1 1
event 2
-6443.89 -1989.37 -25498.1 26556.1
6104.19 8189.87 1614.95 10795.1
-3000.47 -2464.14 -15115.7 15606.8 1 1
-3443.42 474.761 -10382.4 10949.3 -1 1
2097.01 4917.69 -86.9103 5347.88 -1 2
4007.18 3272.19 1701.86 5447.22 1 2
event 3
4352.01 -5009.29 -3203.97 7993.07
614.885 13443.5 -50663.3 52511.6
1448.6 3856.66 -12958.7 13598.2 1 2
2931.57 -1052.5 -1425.95 3427.3 -1 1
-833.714 9586.79 -37704.6 38913.4 -1 2
1420.44 -3956.79 -1778.02 4565.78 1 1
