event 0
-13851.7 -4356.05 -76615.7 78041
1428.86 -16893.8 -85427.9 87149.1
1412.32 -4011.49 -25461.8 25814.7 -1 2
-1976.51 -1523.93 -9440.41 9765.31 1 1
16.5471 -12882.3 -59966.1 61334.3 1 2
-11875.2 -2832.13 -67175.3 68275.7 -1 1
event 1
330.669 -6423.91 236.505 7417.49
9625.41 -13471.5 22539.2 28137.8
605.782 -3984.37 -1612.7 4342.14 1 1
-275.114 -2439.54 1849.21 3075.35 -1 1
6458.12 -8961.61 12474.5 16662.6 -1 2
3167.29 -4509.87 10064.7 11475.2 1 2
event 2
-183.417 -9005.45 33599.5 34923.4
3891.08 5866.05 19713.1 21160.1
347.525 -4773.45 12257.2 13158.9 1 1
-530.942 -4231.99 21342.2 21764.5 -1 1
1772.69 5082.06 14886.9 15830.4 -1 2
2118.39 783.99 4826.19 5329.67 1 2
