event 0
-9681.04 11228.8 61875.8 63702.5
6866.08 -527.896 6228.86 9788.33
3781.34 -1269.22 4970.01 6373.5 1 2
-4122.9 4948.4 20619.5 21602.3 -1 1
3084.74 741.322 1258.86 3414.83 -1 2
-5558.14 6280.4 41256.3 42100.2 1 1
event 1
-1745.1 -8707.3 -25376 27062.8
-6097.88 6041.2 -9336.9 13055.6
-2763.52 1953.49 -1741.71 3807.61 1 2
-1666.64 -2840.23 -6374.09 7175.28 1 1
-78.4557 -5867.07 -19001.9 19887.5 -1 1
-3334.37 4087.72 -7595.19 9248 -1 2
event 2
-2566.5 6429.42 3389.11 8306.69
-13519.1 -8441.34 -6766.18 17589.6
-1920.51 3811.64 412.918 4289.36 -1 1
-645.993 2617.78 2976.19 4017.33 1 1
-8171 -5283.78 -2478.15 10041.7 1 2
-5348.06 -3157.55 -4288.03 7547.86 -1 2
