event 0
13455.2 3517.54 35329.3 38094.1
-7335.74 -152.449 -19776.2 21319.6
8885.46 3779.15 24721.6 26540.5 1 1
4569.75 -261.603 10607.7 11553.6 -1 1
-2308.57 -914.283 -9944.93 10250.8 -1 2
-5027.17 761.834 -9831.31 11068.8 1 2
event 1
31625.4 -805.976 6890.05 32525
-7827.96 3931.91 -3635.3 9977.13
25058.9 568.217 5072.86 25573.8 1 1
6566.45 -1374.19 1817.18 6951.26 -1 1
-5376.53 1004.32 -2207.01 5898.96 -1 2
-2451.43 2927.59 -1428.29 4078.17 1 2
event 2
-2458.52 -9082.43 -23995.3 26036.4
-3691.23 7023.71 -2646.91 8919.36
350.406 -5218.56 -10742.1 11948.2 -1 1
-2808.93 -3863.88 -13253.1 14088.2 1 1
-2123.82 5067.29 -3187.21 6352.75 -1 2
-1567.41 1956.42 540.301 2566.61 1 2
event 3
-14174.9 3337.55 -14715.4 20933.2
9333.39 -3641.46 -450.333 10496
4350.01 -251.708 523.655 4389.91 1 2
-1637.95 1316.62 -2935.07 3611.4 -1 1
-12536.9 2020.92 -11780.3 17321.8 1 1
4983.38 -3389.76 -973.988 6106.09 -1 2
