event 0
2864.31 6499.48 -33749.7 34627.7
-2153.51 -8604.29 -6633.75 11500.8
-1038.81 -4097.27 -1289.01 4420.35 1 2
425.888 3024.05 -8710.27 9230.72 1 1
-1114.7 -4507.02 -5344.74 7080.48 -1 2
2438.42 3475.43 -25039.4 25397 -1 1
event 1
-7567.33 1996.68 9393.82 12612.9
-4514.57 5646.13 7442.81 10828.1
-3574.49 2143.67 3263.57 5294.75 1 1
-3992.85 -146.987 6130.26 7318.17 -1 1
-2189.63 2381.53 1290.34 3484.58 -1 2
-2324.94 3264.6 6152.47 7343.5 1 2
event 2
5330.55 -8568.62 16302.7 19421.8
2147.53 29256.7 -7310.79 30390.8
-685.453 7329.9 -2387.11 7739.94 1 2
1992.79 -894.979 3362.24 4010.99 1 1
2832.99 21926.8 -4923.68 22650.9 -1 2
3337.76 -7673.64 12940.5 15410.8 -1 1
event 3
2868.58 23521 -4644.4 24344
8298.06 -13322.3 19566.5 25274.1
2884.76 17727.5 -4635.16 18549.5 1 1
-16.1827 5793.51 -9.24743 5794.5 -1 1
783.179 -3020.55 2687.06 4119.29 -1 2
7514.88 -10301.7 16879.4 21154.8 1 2
