event 0
-4911.5 6150.14 -26215.7 27546.4
321.565 -11799.9 -7412.41 14278.5
-3648.89 2136.38 -12207.5 12919.5 1 1
-1262.61 4013.76 -14008.2 14626.9 -1 1
-1067.37 -6896.46 -3256.99 7701.92 -1 2
1388.93 -4903.47 -4155.42 6576.61 1 2
event 1
-4692.72 10816 -33316 35476.1
1142.96 -14141.5 -9360.13 17276.9
1978.09 -5679.73 -3708.49 7066.56 -1 2
-2583.74 2484.34 -9193.45 9868.05 1 1
-2108.98 8331.61 -24122.6 25608.1 -1 1
-835.132 -8461.79 -5651.64 10210.4 1 2
event 2
-5919.96 6066.64 -3245.85 9590.47
3632.95 -8546.86 4987.77 10987
2398.07 -3004.56 3285.81 5058.25 1 2
-3034.12 1664.43 -2505.64 4273.82 -1 1
1234.87 -5542.3 1701.96 5928.73 -1 2
-2885.85 4402.21 -740.211 5316.64 1 1
event 3
-3993.64 -46265.9 29622.8 55204.9
-7243.55 2485.25 -2208.9 8550.8
-5073.81 334.316 -2068.76 5490.56 1 2
-433.832 -22250.8 12879 25713.2 1 1
-2169.74 2150.93 -140.143 3060.24 -1 2
-3559.8 -24015.1 16743.8 29491.7 -1 1
event 4
-4173.33 -40180.1 27214.7 48806.7
-5522.13 2435.41 -2220.43 7137.7
-3559.72 -33468.9 21237 39797.7 1 1
-613.61 -6711.24 5977.69 9008.95 -1 1
-2787.21 2466.61 -2340.49 4397.92 -1 2
-2734.92 -31.197 120.067 2739.77 1 2
