event 0
4296.14 -6687.57 675.151 8557.29
-7730.68 5308.79 -5268.7 11193.6
3531.59 -2935.78 1038.85 4709.7 1 1
764.545 -3751.79 -363.697 3847.58 -1 1
-5879.58 3893.29 -2300.06 7418.12 -1 2
-1851.11 1415.49 -2968.64 3775.48 1 2
event 1
-6711.39 5487.65 -4652.63 10314.8
4909.86 -5455.2 901.816 8016.97
-4039.35 3606.57 -1176.07 5542.38 1 1
-2672.04 1881.08 -3476.56 4772.41 -1 1
1011.91 -1731.83 -1070.45 2276.02 -1 2
3897.95 -3723.37 1972.27 5740.95 1 2
event 2
4426.37 9131.06 -32526.1 34212.7
4125.05 -5095.4 -3146.77 7903.95
2801.32 -1208.41 -1962.43 3629.05 -1 2
2293.62 1819.05 -10784.2 11174.9 1 1
2132.75 7312.01 -21741.9 23037.7 -1 1
1323.73 -3887 -1184.34 4274.91 1 2
