event 0
-6472.31 5804.07 9668.08 13365.7
9425.79 -9928.98 15900.1 21209.3
-4186.24 3576.13 3819.2 6701.55 -1 1
-2286.07 2227.94 5848.88 6664.11 1 1
8319.04 -6940.51 11889.9 16086 -1 2
1106.75 -2988.47 4010.18 5123.33 1 2
event 1
-10701.4 -513.995 24897.3 27280.9
8302.82 -7454.04 19465.3 22649.3
4653.28 -5382.81 14464.7 16120.4 1 2
-4208.87 1139.63 11549.9 12346.1 -1 1
3649.54 -2071.23 5000.62 6528.9 -1 2
-6492.58 -1653.62 13347.3 14934.9 1 1
event 2
-218.95 -5678.47 -7454.98 9872.17
-7725.18 12578 -21515.9 26275.6
1193.44 -3057.36 -2655.24 4222.94 -1 1
-1412.39 -2621.12 -4799.74 5649.22 1 1
-4277.44 6505.8 -8664.2 11649.1 -1 2
-3447.75 6072.24 -12851.7 14626.5 1 2
event 3
-6073.61 3276.11 -2770.09 8299.69
-2428.43 -5313.86 -7095.96 9903.23
-290.246 -4413.85 -5615.39 7149.13 -1 2
-1596.67 2752.89 -1899.71 3707.81 -1 1
-4476.93 523.222 -870.381 4591.89 1 1
-2138.18 -900.015 -1480.57 2754.11 1 2
