event 0
4635.18 -8762.35 11992.8 15864.5
-9247.33 -4827.07 4659.42 11837
-5773.44 -2198.26 1249.6 6303.78 1 2
3385.91 -3704.3 4524.62 6757.93 1 1
-3473.89 -2628.81 3409.82 5533.23 -1 2
1249.27 -5058.05 7468.16 9106.55 -1 1
event 1
11068.2 -147.025 -8841.93 14501.6
-743.244 -12175 -27823.3 30537
-1829.88 -5360.42 -13360.5 14512 1 2
5006.4 -184.399 -5966.27 7791.38 -1 1
1086.64 -6814.55 -14462.7 16025 -1 2
6061.82 37.374 -2875.66 6710.27 1 1
event 2
11652.9 -1636.42 -8298.09 14728.1
-2007.65 -11994.4 -27481.4 30211.2
-1847.61 -4302.57 -12905.4 13729 -1 2
4213.16 -1900.26 -4109.78 6185.72 1 1
-160.043 -7691.86 -14576 16482.1 1 2
7439.78 263.835 -4188.31 8542.43 -1 1
