event 0
11919.7 -5247.18 52670 54344.5
-35542.6 13140.7 -103318 110092
-32933.4 11284.4 -95003.3 101181 1 2
5834.83 -1186.87 20139.7 21001.7 -1 1
-2609.18 1856.36 -8315.03 8910.94 -1 2
6084.9 -4060.3 32530.3 33342.8 1 1
event 1
14309 -7751.05 58077.4 60393.7
-20869.1 7206.89 -56969.6 61176.6
10078.1 -4045.96 40988 42402.4 -1 1
4230.95 -3705.09 17089.5 17991.4 1 1
-15537.9 6647.64 -44620.5 47713.9 -1 2
-5331.15 559.253 -12349.1 13462.7 1 2
event 2
-10421.7 5661.05 -1929.98 12408.7
9598.52 -1653.87 43030.5 44227.6
-6150.34 3827.83 302.039 7251.3 -1 1
-4271.37 1833.21 -2232.02 5157.36 1 1
3354.15 865.453 13319 13762.5 -1 2
6244.37 -2519.32 29711.5 30465.1 1 2
event 3
-8959.71 6267.21 -949.748 11403.8
12501.8 -2079.93 51777.1 53395.4
10029.9 -2068.62 45710.4 46843.7 1 2
-4461.7 1840.83 705.063 4878.91 1 1
2471.9 -11.304 6066.66 6551.79 -1 2
-4498.01 4426.38 -1654.81 6524.91 -1 1
