event 0
-8529.23 -229.543 -16070.4 18456.7
-8157.27 -2720.12 -12277.9 15306.1
-3186.13 -2512.4 -6675.03 7812.22 -1 2
-3034.45 -1223.49 -4092.03 5240.29 -1 1
-5494.78 993.948 -11978.4 13216.4 1 1
-4971.14 -207.721 -5602.84 7493.89 1 2
event 1
6998.14 507.444 -9850.62 12484.3
-7379.6 -8808.79 22149.4 25144.4
4028.48 1808.7 -5388.54 6967.61 1 1
2969.66 -1301.25 -4462.07 5516.65 -1 1
-6467.82 -6024.93 14902.5 17327.1 -1 2
-911.776 -2783.87 7246.92 7817.31 1 2
event 2
-4478.46 -7786.38 -33052.7 34391.2
11420.7 -11755.7 -67201 69240.1
-4523.86 -5141.83 -24324.9 25270.9 -1 1
45.3998 -2644.55 -8727.78 9120.36 1 1
5487.42 -6795.48 -41065.3 41984 1 2
5933.25 -4960.19 -26135.8 27256.1 -1 2
