event 0
13261 -612.526 -34667.1 37304.5
11026.5 -12512.7 -46944.4 49915.1
7877.39 -1649.48 -23943.5 25260.2 -1 1
5383.66 1036.96 -10723.6 12044.4 1 1
7027.1 -10032 -33272.6 35455.6 -1 2
3999.43 -2480.66 -13671.8 14459.5 1 2
event 1
10753.8 1801.44 -32556.9 34473.7
10088.5 -9640.61 -39800.9 42289.7
4283.42 -2586.54 -17160.5 17875.5 -1 2
2819.2 466.843 -4935.97 5704.45 1 1
5805.09 -7054.08 -22640.3 24414.2 1 2
7934.58 1334.6 -27621 28769.2 -1 1
event 2
-7744.3 5731.63 36930.6 38292.1
-3260.63 -3629.87 7315.32 9322.61
-3137.82 -1421.66 5338.79 6354.6 1 2
-3039.97 3034.16 11193.7 11989.9 1 1
-122.809 -2208.21 1976.52 2968.01 -1 2
-4704.33 2697.47 25736.9 26302.2 -1 1
