event 0
-10433 -8579.38 4593.71 14599.5
7338.16 2000.32 -5837.56 10075.6
-6916.24 -5446.97 1416.43 8917.48 1 1
-3516.77 -3132.41 3177.28 5682.07 -1 1
3992.4 2047.66 -4798.49 6570.3 -1 2
3345.76 -47.3414 -1039.07 3505.31 1 2
event 1
-7046.17 -5279.67 3311.47 9903.53
10921.9 2656.62 -9390.96 14970.9
3391.17 2022.09 -2117.68 4481.59 1 2
-1026.99 -2408.42 511.166 2669.76 -1 1
7530.71 634.522 -7273.28 10489.3 -1 2
-6019.18 -2871.25 2800.3 7233.77 1 1
event 2
-7481.4 -1379.09 -14107.2 16324.2
7863.63 -11065.6 -19783.7 24192.3
2691.19 -1652.37 -5097 5996.95 1 2
-1846.48 -1194.8 -2027.77 2993.34 1 1
5172.44 -9413.18 -14686.7 18195.4 -1 2
-5634.92 -184.283 -12079.5 13330.8 -1 1
