event 0
7497.27 -374.597 2145.48 8398.75
10067.9 -1738.62 -892.425 10713.3
4344.34 548.888 452.804 4403.5 -1 2
2337.21 837.852 1832.87 3087.9 -1 1
5723.59 -2287.51 -1345.23 6309.75 1 2
5160.06 -1212.45 312.613 5310.86 1 1
event 1
6123.1 3106.62 23641.5 24812.4
-15070 -3980.38 -33704 37262.6
-3068.37 -1210.13 -10289.4 10805.6 -1 2
1888.65 2671.17 10077.4 10595.6 1 1
-12001.6 -2770.25 -23414.6 26456.9 1 2
4234.44 435.455 13564.1 14216.8 -1 1
event 2
15136.1 9357.52 59904.5 62568.4
-12844.8 -2747.41 -28973.9 31962.7
-4955.52 -2213.88 -9452.74 10900.6 -1 2
2059.59 328.442 9100.25 9336.78 1 1
13076.5 9029.08 50804.3 53231.6 -1 1
-7889.23 -533.527 -19521.2 21062.1 1 2
event 3
8092.16 -6141.42 47533.4 48705.4
-2533.89 13620.3 67181.5 68665
-2692.74 6076.97 30823.6 31532.3 -1 2
1960.25 -670.356 5546.54 5921.76 1 1
6131.91 -5471.06 41986.9 42783.7 -1 1
158.845 7543.29 36357.9 37132.6 1 2
event 4
12223.8 -9605.85 3444.47 16221.9
5263.09 -2652.66 -2201.24 7291.76
7371.54 -5399.36 3536.69 9798.58 1 1
4852.24 -4206.49 -92.2251 6423.28 -1 1
3022.49 -2851.04 -2737.63 4976.91 -1 2
2240.6 198.383 536.389 2314.85 1 2
