event 0
-1169.55 -5701.14 -5117.62 8345.47
-3584.46 -6938.18 -20643.3 22287.3
-2784.8 -2387.59 -10951.8 11550.2 1 2
-1590.66 -1267.74 -2310.85 3080.35 1 1
-799.659 -4550.59 -9691.54 10737.1 -1 2
421.111 -4433.4 -2806.76 5265.11 -1 1
event 1
-4329.16 -11745.1 -7993.57 15171.6
-2231.07 -7407.02 -22367 23868.7
-3572.22 -5567.79 -3421.2 7448.28 1 1
-756.94 -6177.28 -4572.37 7723.31 -1 1
-2269.95 -4062.84 -9579.81 10651 -1 2
38.8833 -3344.19 -12787.2 13217.7 1 2
event 2
1542.15 6230.24 -7753.02 10530.8
-7812.22 -5541.35 -36383.6 37750.5
-3104.01 -3367.84 -21682.9 22161.6 -1 2
-873.233 2334.79 -3323.29 4155.62 1 1
-4708.21 -2173.51 -14700.8 15589 1 2
2415.38 3895.45 -4429.73 6375.13 -1 1
