event 0
-7865.56 1492.7 -29509.8 30733
-10063 -2880.51 -34328.6 36022.3
-4427.56 -1029.75 -20072.1 20580.7 1 2
-3745.95 -465.57 -17073.1 17485.7 1 1
-5635.48 -1850.76 -14256.5 15441.6 -1 2
-4119.61 1958.27 -12436.8 13247.3 -1 1
event 1
-2114.13 5764.01 4682.7 8319.43
11149.7 -5324.29 5834.36 14010.5
-2663.3 2838.28 2510.05 4632.55 1 1
549.172 2925.73 2172.66 3686.88 -1 1
5560.04 -3298.28 1459.85 6628.35 -1 2
5589.66 -2026.01 4374.51 7382.17 1 2
event 2
-4592.9 11734.6 7717.34 15097.8
11476.3 -6825.34 6075.55 14993.1
3069.12 -2049.3 3251.26 4919.45 1 2
129.72 3004.12 1300.38 3277.76 -1 1
-4722.62 8730.49 6416.96 11820 1 1
8407.16 -4776.04 2824.29 10073.7 -1 2
event 3
668.829 5459.57 -1081.08 6404.19
8104.25 -3084.71 -16293.9 18715.7
3335.68 -2093.74 -10060.7 10804.6 -1 2
1432.31 1404.81 -1071.32 2276.81 1 1
4768.56 -990.97 -6233.26 7911.12 1 2
-763.483 4054.76 -9.76235 4127.38 -1 1
