event 0
-3529.81 -8133.37 21244.3 23227.6
5341.45 5112.36 638.294 8286.19
-3354.32 -3918.2 12277.9 13317.7 1 1
-175.486 -4215.18 8966.34 9909.84 -1 1
1682.28 2654.61 -1383.6 3435.48 -1 2
3659.17 2457.75 2021.9 4850.7 1 2
event 1
-4038.08 -7381.62 24198.4 25806
8418.88 7944.84 2954.4 12341.7
-3798.29 -4033.39 16538.8 17442.4 -1 1
-239.79 -3348.23 7659.6 8363.54 1 1
7600.33 5929.23 3182.35 10151.8 -1 2
818.556 2015.6 -227.946 2189.93 1 2
event 2
8282.67 5765.29 3256.81 11047.1
-2356.91 -4084.73 14921 15952
-2299.14 -1928.27 5298.58 6090.19 1 2
4587 1917.99 2761.78 5688.39 -1 1
-57.7723 -2156.45 9622.41 9861.82 -1 2
3695.67 3847.3 495.03 5358.73 1 1
event 3
1832.93 -10650.2 4586.43 12141.3
-5008.95 1132.42 -2421.35 6770.04
-3198.93 2361.61 -832.052 4063.72 1 2
-565.31 -4661.89 2707.96 5421.9 1 1
-1810.02 -1229.19 -1589.3 2706.31 -1 2
2398.24 -5988.27 1878.47 6719.43 -1 1
event 4
-8704.46 -8842.84 -25104.6 28174.4
-8139.3 -3535.91 -32740.9 34063.3
-3473.32 -5592.01 -11783.6 13498.1 -1 1
-5231.14 -3250.84 -13321 14676.3 1 1
-3924.51 -2137.72 -21828 22281 -1 2
-4214.78 -1398.19 -10912.9 11782.3 1 2
