event 0
-5496.32 8398.96 -606.73 10521.9
10158.7 690.093 10221.4 14756.2
-2442.11 5749.71 -1394.41 6401.45 1 1
-3054.21 2649.25 787.685 4120.48 -1 1
7639.03 1839.9 7232.04 10679.6 -1 2
2519.71 -1149.81 2989.37 4076.58 1 2
event 1
-17635.2 -11778.3 32739.4 39130.5
-5626.78 -18316.6 39472.4 43986.6
-3337.69 -9899.96 24896 26999.4 -1 2
-8140.85 -4529.66 11940.6 15145.3 1 1
-9494.33 -7248.68 20798.8 23985.2 -1 1
-2289.09 -8416.59 14576.4 16987.1 1 2
event 2
5976.89 -2094.73 4881.83 8575.12
1672.26 -10740.1 -980.759 11344.6
3039.19 -2292.93 1508.92 4096.61 -1 1
2937.7 198.206 3372.91 4478.51 1 1
2545.92 -6754.19 -710.763 7253.77 -1 2
-873.655 -3985.95 -269.996 4090.86 1 2
event 3
4325.3 -4061.41 -9505.26 11625.2
-6700.34 5481.63 -17730 19972.2
-1597.14 3217.32 -6360.95 7305.81 1 2
2131.24 -230.831 -4248.59 4759.96 -1 1
-5103.2 2264.31 -11369.1 12666.4 -1 2
2194.06 -3830.57 -5256.67 6865.19 1 1
