event 0
3536.2 -6160.28 -7868.93 11043.8
-112.218 7075.06 1151.75 7809.42
1325.46 2716.4 1100.21 3218.27 1 2
2300.34 -1153.31 -2950.58 3916.48 1 1
1235.85 -5006.97 -4918.35 7127.3 -1 1
-1437.68 4358.66 51.541 4591.15 -1 2
event 1
-16091.3 6412.12 13302.3 22058.8
-7953.43 -1899.34 9041.09 12577.6
-5103.41 -2706.11 5831.45 8208.82 -1 2
-4247.1 380.964 3879.1 5765.55 1 1
-11844.3 6031.16 9423.18 16293.2 -1 1
-2850.03 806.769 3209.64 4368.8 1 2
event 2
-14943.9 3805.38 9801.03 18532.4
-8223.05 -1909.27 9991.93 13442.2
-10507.8 3261.19 8415.41 13852 1 1
-4436.08 544.186 1385.62 4680.39 -1 1
-4416.01 274.464 6338.53 7730.76 -1 2
-3807.03 -2183.73 3653.4 5711.45 1 2
event 3
12482.7 -6472.07 -53132.4 55048.6
-16878.7 6092.65 -44639.3 48210.6
-2269.14 2003.74 -6862.99 7501.72 -1 2
2576.27 -1435.65 -7005.44 7601.68 -1 1
-14609.5 4088.91 -37776.3 40708.9 1 2
9906.47 -5036.42 -46126.9 47446.9 1 1
event 4
552.863 11298.3 55082.1 56316.9
-4406.13 -5773.47 -8628.65 11695.8
-2672.4 -3366.27 -2731.54 5093.72 -1 2
-296.373 3130.93 9697.57 10195.3 -1 1
849.236 8167.35 45384.6 46121.5 1 1
-1733.74 -2407.2 -5897.11 6602.09 1 2
