event 0
-10132.8 -2215.42 35669.6 37275.9
5942.16 2653.78 22824.4 23935.3
-5008.44 -2034.94 14005.5 15013 1 1
-5124.4 -180.484 21664.1 22262.9 -1 1
4341.24 755.334 17689.7 18230.6 -1 2
1600.92 1898.44 5134.7 5704.68 1 2
event 1
5705.28 23625.3 12664.6 27580.6
-7032.52 2604.31 15512.3 17506
-3801.78 2045.29 5642.4 7105.25 1 2
2091.11 7886.54 5914.5 10077.8 1 1
-3230.74 559.02 9869.88 10400.8 -1 2
3614.17 15738.8 6750.09 17502.7 -1 1
event 2
-10306.5 3291.34 19987.5 22937.9
3920.58 12520 6749.66 15075.5
2975.08 10211.4 4006.32 11366 1 2
-4333.8 114.762 6034.56 7431.16 1 1
945.508 2308.66 2743.34 3709.58 -1 2
-5972.68 3176.58 13952.9 15506.8 -1 1
