event 0
6625.49 1420.01 -1621.59 7624.58
-2245.32 -9739.34 -2049.92 10662.5
-2130.26 -2791.52 -755.584 3593.41 1 2
1948.1 -544.301 559.713 2101.38 1 1
-115.067 -6947.83 -1294.34 7069.09 -1 2
4677.39 1964.31 -2181.3 5523.2 -1 1
event 1
6436.02 -160.67 -797.896 7188.56
-4099.74 -15691.5 -3273.29 16832.6
3621.68 1426.1 -183.393 3898.09 -1 1
2814.35 -1586.77 -614.503 3290.47 1 1
-2995.83 -9371.9 -528.042 9853.81 1 2
-1103.91 -6319.6 -2745.24 6978.79 -1 2
event 2
6090.61 3252.61 -29211.2 30175.5
-6075.36 6178.07 6086.54 11032.5
-2843.9 2387.22 4431.5 5782.38 1 2
1031.21 2111.53 -7959.29 8299.61 -1 1
5059.4 1141.08 -21251.9 21875.9 1 1
-3231.47 3790.86 1655.04 5250.07 -1 2
