event 0
-10157.7 7904.46 14333.5 19511.6
2715.26 -6461.43 4870.87 9079.6
266.142 -4063.78 1717.58 4421.13 1 2
-3572.1 4722.97 6532.33 8817.53 1 1
2449.12 -2397.65 3153.29 4658.47 -1 2
-6585.64 3181.49 7801.19 10694 -1 1
event 1
4503.84 3818.86 -302.169 6674.62
-5625.53 -7503.63 -14089.1 17206.1
-1573.82 -2643.16 -2360.43 3878.92 -1 2
2283.56 59.4866 98.8148 2288.91 1 1
-4051.71 -4860.47 -11728.7 13327.2 1 2
2220.28 3759.37 -400.984 4385.72 -1 1
event 2
-14120.4 7909.04 2186.97 16622.7
1689.34 -9499.29 -3348.12 10672.1
2289.19 -7271.08 -1637.13 7797.46 -1 2
-6096.16 2017.3 1756.03 6657.89 -1 1
-8024.24 5891.74 430.943 9964.83 1 1
-599.845 -2228.21 -1710.98 2874.6 1 2
