event 0
8509.28 -1866.89 -778.509 9278.49
9705.5 3055.02 -11382.6 15578.3
4115.94 2011.05 -3104.38 5534.76 1 2
3308.82 -1270.46 1105.45 3714.23 1 1
5589.57 1043.97 -8278.19 10043.5 -1 2
5200.46 -596.423 -1883.96 5564.26 -1 1
event 1
5966.88 3614.93 5682.22 9515.76
-6176.8 -1438.34 3011.77 7673.54
-4409.29 -407.007 538.833 4461.95 1 2
1736.59 2830.83 2672.23 4263.96 -1 1
-1767.51 -1031.33 2472.94 3211.6 -1 2
4230.3 784.095 3009.98 5251.8 1 1
event 2
7368.09 5783.4 6673.01 11910.3
-9548.19 210.583 4341.05 10938.4
-3528.63 568.58 121.432 3577.77 1 2
2224.31 230.624 1006.77 2454.69 -1 1
5143.78 5552.78 5666.23 9455.65 1 1
-6019.56 -357.997 4219.62 7360.68 -1 2
