event 0
1580.62 -8452.89 -17465 19712.2
-4183.8 -4167.72 -18535.3 19698.3
-615.556 -4872.69 -8667.62 9962.97 -1 1
2196.17 -3580.21 -8797.4 9749.18 1 1
-1652.72 -3641.17 -12700.2 13315.2 -1 2
-2531.08 -526.549 -5835.1 6383.03 1 2
event 1
19439.7 -8651.35 48763.2 53293.4
-85.773 7218.09 21672.2 23051.8
-95.0526 5156.42 10597.1 11785.9 -1 2
3234 -2437.24 7399.62 8435.9 -1 1
16205.7 -6214.11 41363.6 44857.5 1 1
9.27953 2061.68 11075.1 11265.9 1 2
event 2
15000.1 -5223.63 37096.4 40472.4
-405.38 7485.58 26604.2 27813.2
8408.64 -1985.79 16873.1 18956.8 -1 1
6591.44 -3237.85 20223.2 21515.6 1 1
1049.29 5640.37 17934.3 18829.9 -1 2
-1454.67 1845.2 8669.93 8983.3 1 2
event 3
642.579 6958.02 17530.8 19124.5
11486.3 -4502.73 30830 33351
1536.4 4588.22 8920.9 10149.2 -1 1
-893.817 2369.8 8609.93 8975.35 1 1
6102.41 -1727.52 19462 20469.6 -1 2
5383.89 -2775.22 11368 12881.4 1 2
