event 0
4535.53 10131.2 2647.13 11824.1
893.015 -5126.54 19966.1 20864.2
1992.8 -2677.05 12073.4 12526.6 1 2
689.695 5305.11 1143.35 5471.58 -1 1
-1099.79 -2449.49 7892.73 8337.62 -1 2
3845.83 4826.11 1503.79 6352.5 1 1
event 1
8434.22 2344.31 -2816.51 9703.36
-6728.66 3198.87 -16017 17934.4
4758.79 70.1624 -468.383 4783.46 -1 1
3675.43 2274.15 -2348.13 4919.9 1 1
-3863.01 1146.76 -11612.6 12292.3 -1 2
-2865.65 2052.11 -4404.48 5642.14 1 2
event 2
5548.72 -963.812 8542.68 10690.6
8233.81 3214.6 35433.9 36650.8
3513.73 -2016.73 6239.2 7439.91 1 1
2034.99 1052.92 2303.48 3250.7 -1 1
3798.07 2848.81 21691.2 22204.9 1 2
4435.74 365.787 13742.8 14445.9 -1 2
