event 0
-20419.4 13518.3 122269 124736
14122.3 -16075 109999 112104
-10466.8 6436.12 68836.4 69924.5 -1 1
-9952.65 7082.22 53432.8 54811.4 1 1
11700.9 -11864.4 89361.2 90901.7 -1 2
2421.36 -4210.65 20638 21202.1 1 2
event 1
-5169.01 -6498.15 -34376.6 35500.5
14887.4 297.148 -56409.3 58423.7
-2163.81 -4971.1 -19018.2 19776.2 -1 1
-3005.2 -1527.05 -15358.4 15724.3 1 1
11855.5 1429.47 -42836 44469.5 -1 2
3031.9 -1132.32 -13573.3 13954.2 1 2
event 2
11075.9 -22211.8 -476.723 25017.2
-650.58 10494.4 34331.8 36039.1
7381.25 -11355.7 -194.625 13545.6 -1 1
3694.63 -10856.2 -282.098 11471.6 1 1
717.993 6645.36 24408.3 25307.2 -1 2
-1368.57 3849.02 9923.45 10731.9 1 2
event 3
11277.5 -21449.2 -543.14 24436.4
-2310.46 23007 72845.8 76490.3
60.0864 13971.8 45004.3 47123.4 1 2
5702.64 -10535.9 1269.81 12047.8 1 1
-2370.54 9035.2 27841.5 29366.9 -1 2
5574.88 -10913.3 -1812.95 12388.6 -1 1
event 4
-2751.74 20582.3 71541 74558.1
16804.6 -34158 -900.988 38204.3
3402.07 -4731.88 -683.229 5868.8 -1 2
-1182.55 1985.87 8923.71 9218.78 -1 1
13402.5 -29426.2 -217.76 32335.5 1 2
-1569.19 18596.4 62617.3 65339.4 1 1
event 5
10952.7 10682.2 10957.2 19071.5
-5558.66 -11539.7 -7844.43 15335.9
-1958.46 -4822.93 -1497.2 5417.47 1 2
2740.02 1785.82 1080.59 3446.12 1 1
8212.71 8896.33 9876.65 15625.4 -1 1
-3600.2 -6716.75 -6347.23 9918.41 -1 2
event 6
-7486.42 -15807.7 -10906.4 20843.9
8557.32 5835.38 5914 12322.6
5134.64 5232.22 3898.49 8303.61 -1 2
-2807.46 -3262.29 -3455.42 5520.46 -1 1
-4678.97 -12545.4 -7450.94 15323.4 1 1
3422.68 603.16 2015.51 4018.96 1 2
event 7
-8198.57 -12710.2 -8903.35 17822.1
11014 10361.2 9658.53 18208.2
9081.33 7814.93 8888.5 14918.5 1 2
-3232.41 -6597.56 -5781.6 9349.57 -1 1
1932.62 2546.28 770.029 3289.79 -1 2
-4966.15 -6112.64 -3121.75 8472.52 1 1
event 8
-10601.3 -870.546 -4235.1 11860.6
-7552.8 -4753.28 -7906.37 12318.2
-3822.48 -703.621 -2649.56 4705.08 1 2
-2846.43 254.584 -2578.5 3850.56 1 1
-7754.92 -1125.13 -1656.6 8010 -1 1
-3730.32 -4049.66 -5256.81 7613.16 -1 2
event 9
-8703.64 -3805.72 -10685.6 14629.1
-12622.7 -468.779 -5686.88 14194.5
-3984.3 -3421.29 -5452.6 7571.12 1 1
-4719.34 -384.428 -5232.96 7057.98 -1 1
-8389.6 733.454 -2586.52 8810.48 -1 2
-4233.05 -1202.23 -3100.36 5384.01 1 2
event 10
-72.2527 -8780.07 6180.57 11175.2
6342 389.571 11273 13305.8
3523.75 -172.262 3307.23 4836.88 1 2
1303.64 -4009.19 1928.37 4637.12 -1 1
2818.25 561.833 7965.74 8468.91 -1 2
-1375.89 -4770.88 4252.19 6538.09 1 1
