event 0
-12398.7 -9032.25 -9436.51 18274.2
10671.4 7711.68 -5643.76 14655.8
2174.15 3293.15 -1637.03 4273.5 1 2
-3430.1 -987.293 -2640.79 4441.32 -1 1
-8968.55 -8044.96 -6795.72 13832.9 1 1
8497.25 4418.53 -4006.73 10382.3 -1 2
event 1
-13662.4 -9876.36 -8446.19 19108.4
15525.8 9799.33 -8521.61 20476.5
6191.16 2550.06 -4129.09 7867.27 1 2
-4365.7 -2252 -1157.27 5047.9 1 1
-9296.67 -7624.36 -7288.92 14060.5 -1 1
9334.61 7249.27 -4392.52 12609.2 -1 2
event 2
-9101.58 -4426.42 -21726.1 24167
2950.79 6698.26 -27897.3 29007.3
2271.78 3318.28 -9965.84 10747.1 1 2
-3343.56 -2969.6 -11520.6 12358.5 -1 1
679.01 3379.98 -17931.4 18260.1 -1 2
-5758.01 -1456.82 -10205.6 11808.5 1 1
event 3
-9664.94 -11967.7 9251.8 18216.1
-163.902 -4583.26 2720.77 6166.57
-6417.65 -5556.79 5403.81 10063.6 -1 1
-3247.28 -6410.93 3848 8152.49 1 1
-1450.92 -2979.38 945.327 3447.71 -1 2
1287.01 -1603.88 1775.45 2718.86 1 2
event 4
-9768.09 5221.74 -11814.9 16488.3
6378.42 4820.06 -14290.2 16664.8
-5629.19 1997.16 -8073.56 10043.4 -1 1
-4138.9 3224.58 -3741.36 6444.94 1 1
3732.44 2436.78 -4918.01 6638.3 -1 2
2645.98 2383.28 -9372.16 10026.5 1 2
event 5
-5326.6 7936.44 -29142.6 30826
278.916 -14446 -59654.1 61457
-1291.85 -3871.29 -17052.5 17534.4 -1 2
-1080.05 3562.44 -14366.5 14841.3 1 1
1570.77 -10574.7 -42601.5 43922.6 1 2
-4246.55 4374 -14776.1 15984.7 -1 1
event 6
-5756.43 -4711.84 1776.42 8251.32
5725.56 3814.92 6264.44 9806.63
-3749.96 -1624.61 2019.68 4559.81 1 1
-2006.47 -3087.23 -243.26 3691.51 -1 1
2987.53 3711.87 3501.07 5913.71 -1 2
2738.03 103.057 2763.37 3892.92 1 2
event 7
-11425.8 7940.73 5288.3 15204
4359.45 3565.25 7981.46 10247.5
2083.13 2191.12 1806.4 3523.44 1 2
-4623.95 4127.77 3780.87 7261.24 1 1
2276.32 1374.13 6175.06 6724.02 -1 2
-6801.81 3812.96 1507.43 7942.72 -1 1
event 8
-22530.4 -16692.7 17578.4 33239.5
3071.64 7306.87 6983.28 11008.3
-12290.7 -9243.87 11437.8 19166.3 1 1
-10239.6 -7448.87 6140.62 14073.2 -1 1
830.705 5043.2 3076.98 5966.81 -1 2
2240.94 2263.67 3906.3 5041.46 1 2
event 9
6275.98 8654.25 9643.44 14726.5
-13957.6 -10458.7 10579.2 20632.7
-7103.7 -4069.82 6302.83 10332.6 -1 2
679.888 2079.5 710.636 2302.76 1 1
-6853.89 -6388.92 4276.36 10300.1 1 2
5596.09 6574.75 8932.81 12423.8 -1 1
event 10
-6816.79 5812.08 110.058 9478.92
-7672.49 1257.11 -599.321 8390.33
-5069.84 2425.51 -387.558 5634.52 -1 1
-1746.95 3386.56 497.616 3844.4 1 1
-3135.84 -398.004 -1460.79 3483.81 -1 2
-4536.66 1655.11 861.47 4906.52 1 2
event 11
5771.92 -5094.55 9584.44 12677.6
2683.65 10194.2 29808.4 31768.8
3999.55 -1470.6 4901.22 6495.55 1 1
1772.37 -3623.95 4683.22 6182.08 -1 1
2968.84 6318.58 16835 18225.4 -1 2
-285.188 3875.57 12973.4 13543.3 1 2
event 12
-10615.1 7315.85 12528.4 18241.5
8559.99 -6598.97 -10624.6 15469.1
6434.63 -3477.59 -8158.44 10957.6 -1 2
-3868.13 4107.16 4081.92 6964.52 -1 1
-6746.99 3208.69 8446.45 11277 1 1
2125.36 -3121.38 -2466.11 4511.43 1 2
event 13
-2944.14 7032.6 -19731 21378.2
5619.72 6544.04 2653.28 9541.32
-1350.08 3627.64 -5996.39 7137.95 -1 1
-1594.06 3404.96 -13734.6 14240.2 1 1
1824 4471.49 1192.84 4975.46 1 2
3795.72 2072.55 1460.43 4565.85 -1 2
event 14
2819.05 9636.57 -30408.5 32172.7
-7495.15 6103.6 -14377.6 17599.3
1650.52 4806.23 -20034.5 20669.2 -1 1
1168.52 4830.34 -10374.1 11503.5 1 1
-4108.41 4975.06 -10527.7 12348 -1 2
-3386.74 1128.55 -3849.89 5251.33 1 2
event 15
-1033.15 6912.39 -3349.25 8346.14
7177.71 2625.97 5760.91 10256.4
3947.99 -486.562 2359.94 4626.43 -1 2
-1537.96 1944.94 -312.983 2501.45 -1 1
504.81 4967.44 -3036.26 5844.69 1 1
3229.72 3112.53 3400.97 5629.98 1 2
event 16
5141.02 6163.69 -22748.4 24320.8
-20268.8 -6268.89 -94675.4 97072.9
-3292.46 -1796.21 -21179.4 21509.2 1 2
1786.02 1537.55 -11072.3 11320.9 -1 1
-16976.3 -4472.67 -73496 75563.7 -1 2
3355 4626.15 -11676 12999.9 1 1
event 17
-10783.4 2042.59 -6674.22 13213.3
31933.4 -4025.89 -16818.5 36447.3
-5233.56 1964.71 -4754.23 7339.21 1 1
-5549.85 77.88 -1920 5874.05 -1 1
23927.2 -4086.57 -11724.4 26957.1 -1 2
8006.2 60.6867 -5094.09 9490.19 1 2
event 18
-6956.85 -8020.76 -27778 29898.8
-647.143 10087.4 -15424.1 18699.4
-1751.05 8169.62 -12281.8 14854.7 1 2
-2147.57 -4746.43 -12027 13107.2 -1 1
1103.91 1917.76 -3142.35 3844.73 -1 2
-4809.28 -3274.33 -15751 16791.6 1 1
event 19
4025.02 -4233.14 7009.41 9635.51
9993.01 10293.1 9011.49 17222.3
1158.47 -2933.49 4958 5877.1 1 1
2866.55 -1299.65 2051.41 3758.41 -1 1
5445.61 5528.09 3052.04 8339.09 -1 2
4547.41 4765.06 5959.45 8883.18 1 2
event 20
-1570.8 -8234.21 1319.83 9033.41
-2230.6 6575.2 26415 27487.3
-2282.59 -4489.64 1367.66 5220.04 1 1
711.789 -3744.56 -47.8391 3813.38 -1 1
419.438 3561.08 12630.3 13129.8 -1 2
-2650.04 3014.12 13784.7 14357.5 1 2
event 21
-8777.61 4729.08 15438.1 18637
3316.44 -7079.61 7621.16 11348.7
-4851.93 3382.75 6542.94 8820.74 1 1
-3925.67 1346.33 8895.15 9816.23 -1 1
3625.68 -4851.71 4738.92 7691.11 -1 2
-309.234 -2227.91 2882.24 3657.55 1 2
event 22
-1908.07 7542.99 34575.7 35631.5
9419 1403.45 24042 26120.7
3333.37 2114.13 11557.1 12213.1 -1 2
-1940.01 1384.28 7814.94 8170.94 1 1
31.9415 6158.72 26760.8 27460.6 -1 1
6085.63 -710.686 12484.9 13907.7 1 2
event 23
8555.72 -5212.62 -25103.5 27205.7
-17968.5 11867.7 -51803.8 56186.6
-15414.4 11360.1 -45447.6 49316.9 1 2
1900.35 -2827.24 -7691.72 8412.98 -1 1
-2554.09 507.59 -6356.15 6869.7 -1 2
6655.37 -2385.38 -17411.8 18792.7 1 1
event 24
18721.4 7021.28 -109422 111277
13392 2484.03 -28751.7 31965.1
8756.78 466.748 -20350 22159.3 -1 2
8326.5 1499 -46297.6 47064.4 1 1
10394.9 5522.28 -63124.8 64213 -1 1
4635.22 2017.28 -8401.64 9805.78 1 2
event 25
7177.56 17613.3 -35618.1 40496.7
-10597.9 -5802.58 8083.56 14997.3
3998.07 11951.1 -20836.9 24351.6 1 1
3179.49 5662.19 -14781.2 16145.1 -1 1
-4821.6 -1790.06 5428.68 7478.9 -1 2
-5776.34 -4012.52 2654.88 7518.38 1 2
event 26
5948.68 11231 -20924.9 24677.2
-5981.29 -3983.76 3729.37 8668.65
-3169.71 -3637.9 3184.04 5781.93 -1 2
2619.49 2354.64 -4539.77 5746.89 1 1
3329.19 8876.33 -16385.1 18930.3 -1 1
-2811.58 -345.86 545.324 2886.72 1 2
event 27
-6739.1 9852.45 5439.42 13478.3
-1116.48 -8943.91 -1290.5 9617.47
-1766.19 -2776.48 -844.94 3399.02 1 2
-526.621 2771.79 1955.44 3434.4 1 1
-6212.48 7080.65 3483.98 10043.9 -1 1
649.71 -6167.44 -445.56 6218.45 -1 2
event 28
-17764.6 -14924.2 43421.9 49329.2
-7811.73 -4677.33 13251.4 16373.5
-12316.5 -10415.8 27040.6 31486.3 1 1
-5448.06 -4508.46 16381.3 17842.8 -1 1
-6388.97 -2743 8010.27 10607.5 -1 2
-1422.76 -1934.33 5241.12 5765.97 1 2
event 29
-31814.1 -24779.5 77296.5 87238.2
-9051.77 -4995.26 12506.8 16519.6
-2939.45 -2725.3 6591.33 7715.21 1 2
-3084.54 -1357.22 6062.58 6937.04 1 1
-28729.6 -23422.3 71233.9 80301.1 -1 1
-6112.31 -2269.96 5915.47 8804.38 -1 2
event 30
-14228.4 -8730.65 23104 28671.6
-24332.4 -19934.5 63365.3 70811
-5289.59 -4417.85 16916.1 18266.4 -1 2
-1496.33 -1483.77 4672.74 5127.01 1 1
-19042.8 -15516.6 46449.2 52544.6 1 2
-12732 -7246.88 18431.3 23544.6 -1 1
event 31
-943.776 -17653.1 -30081 35028.3
-10051 2598.67 -7685.17 13282.7
-1453.76 -13195.5 -24510.3 27874.7 -1 1
509.987 -4457.54 -5570.75 7153.61 1 1
-2037.19 1867.16 -1616.41 3203.18 -1 2
-8013.8 731.513 -6068.76 10079.5 1 2
event 32
-7472.77 -410.385 34103.8 35052.4
7056.86 -1931.47 14214.6 16284.2
3846.71 465.008 7999.7 8889.31 -1 2
-3044.21 -1653.88 16222 16588.1 -1 1
-4428.56 1243.49 17881.8 18464.3 1 1
3210.15 -2396.48 6214.95 7394.92 1 2
event 33
9792.75 1194.12 -25744.3 27743.2
-7216.71 -7421.09 10651.3 15172.1
-2610.98 -4111.15 6592.28 8196.84 -1 2
4435.44 819.51 -7786 8998.76 -1 1
-4605.73 -3309.94 4058.97 6975.3 1 2
5357.31 374.608 -17958.3 18744.4 1 1
event 34
4070.95 -7165.52 -14045.2 16576.3
-7337.16 10323.9 -8363.22 15490.3
-1937.44 3557.94 -4359.37 5952.13 1 2
591.703 -3074.4 -3223.76 4495.09 1 1
-5399.72 6765.96 -4003.85 9538.19 -1 2
3479.25 -4091.13 -10821.4 12081.3 -1 1
event 35
8981.27 11299.2 -27738.2 31421.8
-7409.66 2133.57 -205.837 8311.95
4016.46 7020.82 -13324.4 15587.7 1 1
4964.81 4278.38 -14413.7 15834.2 -1 1
-4588.81 1550.23 -1610.53 5105.43 -1 2
-2820.85 583.338 1404.69 3206.52 1 2
event 36
-4916.43 6258.43 -38323.9 39263.9
-9215.78 1769.76 -6593.2 11879.6
-6474.86 2213.58 -3383.85 7634.49 1 2
-771.292 3437.41 -15995.1 16378.8 1 1
-2740.92 -443.826 -3209.35 4245.08 -1 2
-4145.14 2821.03 -22328.8 22885 -1 1
event 37
-42.7804 19035.2 -1216.85 19323.9
-985.325 5382.75 -34115.9 34690.5
1262.13 14746.1 -868.156 14825.8 -1 1
-1304.91 4289.16 -348.69 4498.05 1 1
-2083.81 3240.1 -22428.5 22757.2 -1 2
1098.48 2142.65 -11687.4 11933.3 1 2
event 38
-11441.9 -16282.3 44236.5 48605.4
12742.2 5432.47 -6444.21 15588.3
6349.5 1696.79 -4387.78 7903.11 1 2
-914.402 -3165.86 6406.01 7204.65 -1 1
-10527.5 -13116.5 37830.5 41400.8 1 1
6392.7 3735.68 -2056.42 7685.18 -1 2
event 39
-9225.57 -1795.49 43019.9 44143.4
4792.01 3040.01 -3420.82 7314.17
-5407.54 261.231 27530.9 28058.4 -1 1
-3818.03 -2056.72 15489 16085 1 1
3484.43 833.851 -855.058 3684.95 -1 2
1307.57 2206.16 -2565.77 3629.22 1 2
event 40
-2095.08 7527.44 32710.5 33773
1620.36 -6952.91 2056.72 8049.18
-2589.85 4167.2 21803 22348.4 1 1
494.769 3360.24 10907.5 11424.6 -1 1
-66.1096 -2410.37 -647.795 2499.02 -1 2
1686.47 -4542.53 2704.52 5550.17 1 2
event 41
-5968.57 -5907.52 -10026.8 13440.6
4686.82 -5704.87 -7538.02 10996.6
-2838.12 -4852.12 -5840.93 8107.13 1 1
-3130.45 -1055.41 -4185.87 5333.5 -1 1
1233.5 -2189.51 -4642.4 5280.02 -1 2
3453.32 -3515.35 -2895.61 5716.54 1 2
event 42
-8850.73 7501.02 -23820.4 26675.9
8284.36 -2088.48 -13858.1 16572
-5385.97 5134.38 -11871.1 14010.9 -1 1
-3464.76 2366.64 -11949.3 12665 1 1
3832.37 -1580.81 -9283.33 10167.5 -1 2
4452 -507.668 -4574.74 6404.49 1 2
event 43
855.797 6613.27 10298.7 12653.9
-5487.46 11476.2 19062.3 23125.3
2002.3 4005.52 6769.09 8116.97 -1 1
-1146.51 2607.76 3529.61 4536.98 1 1
-4409.55 7003.16 14158.3 16399.9 1 2
-1077.91 4473.05 4904.07 6725.41 -1 2
event 44
464.314 8825.56 18748 21051.9
2388.35 -10531.6 -50226 51467.1
-1574.62 4941.7 10244.4 11483 1 1
2038.94 3883.86 8503.61 9568.92 -1 1
2830.12 -6401.7 -28474.7 29322.5 -1 2
-441.764 -4129.86 -21751.3 22144.6 1 2
event 45
7701.1 2214.27 1916.38 8801.8
-2874.4 6314.74 -8727.93 11571.8
4114.65 958.239 2567.6 4944.93 1 1
3586.45 1256.03 -651.219 3856.87 -1 1
-3206.37 3447 -5364.24 7137.85 -1 2
331.971 2867.75 -3363.69 4433.93 1 2
event 46
5882.04 -7413.6 11439.9 15166.5
-1270.03 11019.9 6908.37 13430
3314.34 -4487.21 8941.1 10539.2 -1 1
2567.7 -2926.39 2498.8 4627.31 1 1
-1556.14 8918.95 6764.65 11302.2 -1 2
286.11 2100.92 143.724 2127.8 1 2
event 47
-3160.02 11418.3 20070.6 23511.3
6928.87 -5529.33 14925.5 17633.6
4449.81 -3332.92 11948.3 13178.9 -1 2
-1378.26 3660.02 4103.51 5669.68 1 1
-1781.76 7758.25 15967.1 17841.7 -1 1
2479.05 -2196.41 2977.25 4454.78 1 2
event 48
10148.1 -10185.7 24840.8 28868.5
-5797.71 15354.5 28106.8 32694.9
5696.9 -5616.01 10747.7 13398.5 1 1
4451.23 -4569.73 14093.1 15470.1 -1 1
-1512.95 8227.35 13302.4 15714.5 1 2
-4284.76 7127.15 14804.4 16980.5 -1 2
event 49
-4357.39 -10736 -9355.31 15210.6
-6079.05 17139.4 35456.3 39968.1
-630.003 5086.49 11782.7 12849.6 1 2
-2176.01 -2132.58 -1708.76 3494.84 1 1
-5449.04 12052.9 23673.6 27118.5 -1 2
-2181.38 -8603.45 -7646.56 11715.8 -1 1
event 50
3023.86 -3211.61 -7871.43 9747.05
568.577 -11048.5 -33301 35227
597.527 -3187.18 -5265.38 6184.7 -1 1
2426.34 -24.4277 -2606.05 3562.35 1 1
520.062 -6123.63 -13687.2 15004 1 2
48.5145 -4924.88 -19613.8 20223 -1 2
event 51
-3282.11 21960.8 24322.9 33079.4
13488.5 -5600.76 5263.69 15830.5
-3049.11 16725.7 20254.6 26444.4 -1 1
-233.001 5235.08 4068.32 6634.97 1 1
3766.46 -247.431 755.454 3850.89 -1 2
9722.01 -5353.33 4508.24 11979.6 1 2
event 52
-3538.41 17371 18763.5 25998.7
13440.8 -7142.02 6762.07 16940.5
11318.3 -4677.19 4899.8 13190.9 1 2
-2976.97 7549.37 9370.9 12396.8 1 1
2122.55 -2464.83 1862.27 3749.64 -1 2
-561.443 9821.67 9392.63 13602 -1 1
event 53
-846.24 -8854.04 405.644 9426.86
-4400.89 6017.45 -15672.8 17629.6
721.063 -4786.75 1215.6 4992.17 -1 1
-1567.3 -4067.29 -809.956 4434.69 1 1
-2220.29 4807.93 -12619.5 13686.1 -1 2
-2180.6 1209.52 -3053.28 3943.56 1 2
event 54
1327.13 -9920.68 9617.63 14222.2
-7459.48 17187 19941.1 27536.8
-2491.48 4236.78 7090.62 8628.2 -1 2
1041.73 -3021.43 1407.4 3493.74 1 1
-4968.01 12950.2 12850.5 18908.6 1 2
285.39 -6899.25 8210.23 10728.5 -1 1
event 55
-26606.2 -11682.7 -34587.9 45280.1
5755.55 203.617 -10732.6 12567.7
3740.13 -1140.08 -5035.95 6376.54 1 2
-9452.95 -2981.01 -10246.7 14256.6 -1 1
2015.42 1343.7 -5696.62 6191.13 -1 2
-17153.2 -8701.71 -24341.2 31023.5 1 1
event 56
-1105.83 9966.15 21140.7 23602.3
3445.56 -7015.24 -7370.58 11180.4
0.0550398 -3338.18 -2504.68 4174.69 1 2
-39.5433 2187.53 7998.81 8293.31 -1 1
-1066.28 7778.62 13141.9 15309 1 1
3445.5 -3677.07 -4865.89 7005.74 -1 2
event 57
-2830.57 10264.3 17995.2 21137.3
2514.27 -8028.6 20111.1 22018.8
2984.13 -5522.54 12441.6 13935.8 -1 2
-1888.23 3256.25 4240.74 5671.3 1 1
-942.336 7008.04 13754.5 15466 -1 1
-469.861 -2506.07 7669.54 8082.95 1 2
event 58
-10124.5 2299.29 -15521.5 18928.8
9218.9 -29248 107341 111678
-7588.77 1279.9 -13455.3 15501.1 -1 1
-2535.71 1019.4 -2066.26 3427.77 1 1
7257.19 -21772.3 84718.9 87772.5 1 2
1961.71 -7475.76 22621.9 23906 -1 2
event 59
-16667.6 3441.99 -27634.4 32602.3
11353.6 -36896.9 128878 134572
2412.34 -10342.7 39608.1 41007.3 -1 2
-5079.91 -363.054 -8595.48 9991.53 1 1
8941.28 -26554.2 89270.4 93564.4 1 2
-11587.7 3805.05 -19039 22610.8 -1 1
event 60
-10174 2859.18 -20673.2 23423.4
8379.98 -24870.3 84684.7 88712.2
2564.13 -4038.11 14309.3 15088 1 2
-1870.43 1854.73 -5423.87 6030.59 1 1
5815.85 -20832.2 70375.4 73624.2 -1 2
-8303.57 1004.44 -15249.3 17392.8 -1 1
event 61
-12650.6 11369.4 -38267.2 41991.3
4089.75 -3841.4 2495 6877.36
1392.47 -2887.55 2412.05 4013.24 1 2
-6082.32 5161.16 -21682.3 23103.4 -1 1
2697.28 -953.849 82.9511 2864.12 -1 2
-6568.29 6208.25 -16584.9 18887.9 1 1
event 62
45538.2 -13491.1 28353.6 55400.8
-17164.3 696.998 15750 23510.7
22727.8 -7412.16 12635.1 27039.8 1 1
22810.4 -6078.96 15718.5 28361.1 -1 1
-13288.7 1677.27 12931.5 18618.2 -1 2
-3875.63 -980.272 2818.49 4892.49 1 2
event 63
-14049.6 -398.314 14080.3 20134.5
53158.2 -13604 33005.7 64108
-8119.37 144.294 10147.4 12997.2 -1 1
-5930.23 -542.608 3932.88 7137.28 1 1
43467.3 -11724.1 28249.5 53149.9 -1 2
9690.95 -1879.92 4756.2 10958.2 1 2
event 64
-2047.89 8065.45 -1958.54 9092.43
5954.96 -9250.38 1758.19 11563.4
2084.99 -2474 1908.19 3757.69 -1 2
572.641 3113.63 -1393.39 3460.54 -1 1
3869.97 -6776.37 -149.997 7805.74 1 2
-2620.53 4951.82 -565.156 5631.9 1 1
event 65
-9827.77 -6066.52 -8731.49 14940.4
1307.7 -5825.69 9418.48 11573.6
-548.606 -3660.41 4009.02 5457.37 1 2
-3631.79 -2224.59 -5521.12 6973.71 -1 1
1856.31 -2165.28 5409.46 6116.18 -1 2
-6195.98 -3841.93 -3210.38 7966.7 1 1
event 66
8023.11 -7433 -10937.4 15774.5
-19822 -8841.21 43961.7 49125.4
-5927.96 -1601.88 14747.7 15975.4 -1 2
3082.41 -1454.85 -4777.9 5870.04 -1 1
-13894 -7239.34 29214 33150 1 2
4940.7 -5978.16 -6159.49 9904.51 1 1
event 67
-11227.1 -4406.69 22631.9 25831.4
6678.21 -8072.02 -12278.1 16434.6
-6482.24 -3064.56 16280.9 17790.1 -1 1
-4744.9 -1342.13 6351.03 8041.28 1 1
4718.26 -6451.63 -7217.01 10769.5 -1 2
1959.94 -1620.39 -5061.09 5665.06 1 2
event 68
9306.99 -6210.72 -11882.5 16612.6
-5583.06 -1265.3 -4060.86 7671.6
4430.29 -4170.46 -8007.08 10057.1 -1 1
4876.69 -2040.26 -3875.39 6555.51 1 1
-3542.68 -1329.63 -4160.69 5625.03 -1 2
-2040.39 64.3315 99.8226 2046.57 1 2
event 69
-4183.48 -9623.63 -20776.9 23481.6
4951.79 3951.75 8180.42 10800.4
4227.1 1755.1 6450.51 7910.06 -1 2
37.7513 -3422.35 -5961.66 6875.06 1 1
-4221.23 -6201.28 -14815.2 16606.5 -1 1
724.683 2196.65 1729.91 2890.36 1 2
event 70
-17959.7 -17065.3 -21620.8 33027.7
10476.9 5022.8 -15767.9 19829.5
4076.75 1213.15 -8038.24 9094.83 -1 2
-1470.29 -2259.54 -1457.86 3066.56 -1 1
-16489.4 -14805.8 -20163 29961.1 1 1
6400.14 3809.65 -7729.64 10734.7 1 2
event 71
10334.1 5002.22 -17311.8 21002.5
-8868.52 -9996.25 -12277.6 18409.4
5229.77 3507.66 -7119.01 9505.04 -1 1
5104.31 1494.56 -10192.7 11497.4 1 1
-5792.53 -6287.68 -9748.97 12967 -1 2
-3075.99 -3708.57 -2528.62 5442.45 1 2
event 72
7075.31 4464.86 -10291 13619.5
-15706.9 -15697.5 -20829.6 30603.7
-3139.1 -2420.69 -5278.85 6602.36 -1 2
2257.18 820.427 -5160.66 5693.11 -1 1
-12567.8 -13276.9 -15550.7 24001.3 1 2
4818.13 3644.44 -5130.37 7926.42 1 1
event 73
-1739.67 -11475 1591.09 12117.1
5455.86 1595.5 -12241.9 13848
4067.22 -345.629 -7609.87 8636.15 1 2
583.749 -5051.7 -69.0641 5086.88 -1 1
1388.64 1941.13 -4632.06 5211.85 -1 2
-2323.41 -6423.31 1660.15 7030.25 1 1
event 74
-7277.65 -4554.94 -12322.9 15334.9
8866.15 2816.16 4879.76 10951.8
-4141.64 -4065.74 -6596.7 8786.98 -1 1
-3136.01 -489.203 -5726.24 6547.89 1 1
7194.59 959.596 4077.5 8325.87 -1 2
1671.56 1856.57 802.266 2625.98 1 2
event 75
2078.48 10536.7 -52822.8 53992.4
12430.8 -2511.06 4459.77 13795.3
2205.61 5126.54 -31665.6 32153.8 -1 1
-127.126 5410.2 -21157.2 21838.6 1 1
9667.67 -2590.05 2260.34 10261.2 -1 2
2763.09 78.9865 2199.44 3534.06 1 2
event 76
-9705.22 1794.02 39498.9 40830.9
4513.44 3146.55 5050.65 8085.28
-5147.52 135.266 15094.4 15948.9 1 1
-4557.7 1658.75 24404.5 24882 -1 1
3587.01 650.215 2820 4610.1 -1 2
926.422 2496.33 2230.65 3475.18 1 2
event 77
9607.3 1784.71 -21643.3 23948
-4031.77 -3777.46 -3541.79 7256.68
-1540.25 -3154.86 -3023.9 4634.72 1 2
3796.1 2057.72 -7503.28 8657.66 -1 1
-2491.52 -622.599 -517.891 2621.96 -1 2
5811.21 -273.009 -14140 15290.4 1 1
event 78
-6770 4800.78 -12892.8 15642.7
15522.9 980.714 10548.4 19046.9
2922.22 -1016.23 1869.88 3616.58 -1 2
-2384.04 290.047 -5006.35 5553.6 -1 1
12600.7 1996.94 8678.57 15430.3 1 2
-4385.97 4510.73 -7886.45 10089.1 1 1
event 79
13875.3 10576.2 -70511.1 72703.4
10575 5522.09 -36282.1 38318.5
7654.79 5945.47 -45341.8 46366.3 1 1
6220.52 4630.7 -25169.3 26337.1 -1 1
3633.88 1069.57 -7889.55 8752.44 -1 2
6941.12 4452.52 -28392.5 29566.1 1 2
event 80
8161.47 5255.83 -32658.1 34210.7
7887.65 7668.35 -44550.6 45993.1
4992.38 2672.41 -23632.3 24301.5 1 1
3169.09 2583.42 -9025.79 9909.25 -1 1
5733.1 5207.12 -36298.8 37116 -1 2
2154.55 2461.22 -8251.78 8877.09 1 2
event 81
19034.7 18664.2 19760.6 33327.9
-55685.5 -27265.2 33185.4 70392.7
9486.15 11405.8 10529.5 18192.3 1 1
9548.58 7258.45 9231.15 15135.6 -1 1
-32337.7 -17190.9 20611.7 42025.1 -1 2
-23347.8 -10074.3 12573.8 28367.6 1 2
event 82
17779 17838.6 18916.4 31650.1
-23987.1 -12143.4 13507.4 30247.1
-5368.3 -2354.9 1609.23 6079.88 1 2
3831.27 2235.75 3645.26 5742.5 -1 1
-18618.8 -9788.47 11898.1 24167.2 -1 2
13947.7 15602.8 15271.1 25907.6 1 1
event 83
16206.9 15246.8 16212.9 27705.2
-22735.4 -11812 12813.7 28813.2
-9671.13 -5579.19 7210.33 13291.3 1 2
2584.56 4035.28 4060.28 6281.75 1 1
13622.4 11211.5 12152.6 21423.4 -1 1
-13064.2 -6232.77 5603.33 15521.9 -1 2
event 84
-8519.29 -528.362 2055.82 9309.96
-1051.19 32618.8 627.803 32788.3
-6617.27 907.622 1281.41 6801.86 1 1
-1902.01 -1435.98 774.41 2508.1 -1 1
643.108 18340.3 1262.82 18395.3 -1 2
-1694.29 14278.5 -635.021 14393.1 1 2
event 85
-10083.1 -600.878 2803.29 10930.7
855.566 22297.8 -754.352 22540.7
1869.5 17796.7 -963.77 17920.9 1 2
-4455.2 -1773.26 1602.37 5056.88 1 1
-1013.93 4501.06 209.417 4619.81 -1 2
-5627.95 1172.38 1200.93 5873.82 -1 1
event 86
12304.6 5506.05 -10256 17219
-16372.9 8440.06 -3612.93 19025
-8217.96 2610.96 -1126.78 8696.71 1 2
3007.85 1243.38 -4263.66 5364.99 -1 1
9296.72 4262.66 -5992.32 11854 1 1
-8154.91 5829.1 -2486.15 10328.3 -1 2
event 87
-7024.33 -10339.9 -17580.4 21884.4
4482.46 14784.8 -55583.6 57773.8
-6666.34 -7050.01 -12586.2 15892.3 -1 1
-357.988 -3289.92 -4994.14 5992.02 1 1
4701.4 11966.6 -43294.7 45163.5 -1 2
-218.949 2818.23 -12288.9 12610.3 1 2
event 88
-4811.79 -5811.88 -9528.94 12542.8
2734.53 10443.8 -37132.5 38793.9
883.872 8332.9 -26291.1 27594.4 1 2
-1009.5 -3329.67 -3035.74 4618.73 1 1
1850.66 2110.95 -10841.4 11199.5 -1 2
-3802.29 -2482.21 -6493.19 7924.11 -1 1
event 89
-4328.57 3623.08 9011.34 11075.1
13429.8 5997.94 -3994.02 15552.5
-3274.12 728.332 4719.91 5791.29 1 1
-1054.45 2894.75 4291.44 5283.84 -1 1
7819.54 4562.98 -1237.75 9138.34 -1 2
5610.23 1434.96 -2756.27 6414.2 1 2
event 90
-6455.95 -5337.08 -2792.23 9356.9
4616.06 -2420.92 916.238 6131.89
-4278.48 -1549.45 -1217.68 4711.7 1 1
-2177.46 -3787.63 -1574.55 4645.2 -1 1
3419.35 -568.996 -507.799 3504.96 -1 2
1196.71 -1851.93 1424.04 2626.94 1 2
event 91
3782.78 5829.78 -6924.78 10287.8
-8257.08 12984 3408.53 16061.5
-1470.78 3180.29 -437.636 3532.72 -1 2
252.168 2770.29 -1630.1 3225.9 1 1
-6786.3 9803.72 3846.16 12528.8 1 2
3530.62 3059.49 -5294.68 7061.91 -1 1
event 92
7866.7 11296.2 -13813 19745.3
-5929.08 5985.27 1356.74 9077.91
2887.06 6840.51 -7148.62 10307.4 1 1
4979.64 4455.66 -6664.39 9437.95 -1 1
-4132.02 2628.73 1852.37 5237.01 -1 2
-1797.05 3356.54 -495.628 3840.9 1 2
event 93
-6011.52 -5308.32 1155.45 8674.24
9222.72 12154.2 -44111.8 46778.5
1744.18 2489.95 -5580.47 6355.69 1 2
-1647.65 -1703.22 -1055.65 2596.39 -1 1
7478.55 9664.26 -38531.4 40422.8 -1 2
-4363.86 -3605.1 2211.1 6077.84 1 1
event 94
9006.44 4023.3 8501.86 13385.7
-7231.3 3580.29 25915.7 27318.9
-5239.55 1720.52 20833.3 21551.1 1 2
4178.09 2089.47 2062.95 5107.76 1 1
-1991.75 1859.77 5082.4 5767.82 -1 2
4828.35 1933.84 6438.91 8277.89 -1 1
event 95
3564.84 5539.4 9095.68 11649.7
-8659.49 1023.51 19466.2 21553.6
-3972.55 -217.152 5649.78 6910.82 1 2
2454.28 1530.32 5190.43 5942.82 -1 1
-4686.94 1240.66 13816.4 14642.7 -1 2
1110.56 4009.08 3905.25 5706.86 1 1
event 96
-2940.63 9686.6 -6304.63 12321.4
7620.47 -10470 -457.515 13322.6
5721.81 -9311.68 398.882 10936.9 1 2
-2366.64 2771.14 -2225.91 4271.54 -1 1
1898.66 -1158.29 -856.397 2385.61 -1 2
-573.988 6915.45 -4078.72 8049.85 1 1
event 97
10715.4 -11988.6 1304.78 16548
-4568.23 14066.8 -6644.08 16506.9
-3801.49 7742.19 -2816.88 9074.07 1 2
6033.83 -5354.43 2242.66 8373.64 -1 1
-766.742 6324.62 -3827.2 7432.86 -1 2
4681.57 -6634.21 -937.885 8174.38 1 1
event 98
-3922.24 16415.2 -7969.99 18919.7
5293.94 -16330.7 -46386.9 49558.6
541.164 -3996.52 -8003.9 8963.18 -1 2
-1349.99 1691.44 -1482.81 2625.52 1 1
-2572.26 14723.8 -6487.18 16294.2 -1 1
4752.77 -12334.2 -38383 40595.4 1 2
event 99
5702.79 302.388 -7637.9 10027
2149.95 10841.1 -42979.5 44485.7
3450.05 1690.94 -4338.79 5796.41 1 1
2252.73 -1388.55 -3299.11 4230.62 -1 1
422.332 6313.19 -19160.3 20178.3 -1 2
1727.62 4527.93 -23819.2 24307.4 1 2
event 100
2846.35 -8116.31 20959.2 22866.1
-4504.04 7735.83 -18693.3 20956.2
-2044.43 2944.61 -4368.47 5652 -1 2
886.046 -3056.94 4338.46 5381.76 1 1
1960.3 -5059.36 16620.8 17484.3 -1 1
-2459.61 4791.22 -14324.9 15304.2 1 2
event 101
-4912.62 15255.2 355.458 16449
-4280.83 -11117 -1885.08 12452.2
-4249.01 11026.2 -1234.34 11881.3 -1 1
-663.611 4229.07 1589.8 4567.72 1 1
-1779.43 -1839.73 353.013 2585.88 -1 2
-2501.4 -9277.22 -2238.09 9866.31 1 2
event 102
8816.44 -87.0972 6520.06 11394.7
8149.33 4028.22 4015.85 10409.4
4677.36 682.578 1443.49 4943.52 1 2
2964 -1499.67 2303.17 4043.52 1 1
5852.44 1412.58 4216.88 7351.17 -1 1
3471.97 3345.65 2572.36 5465.91 -1 2
event 103
-21799.1 12708.9 -131141 133582
11222.8 -6855.78 -41832.7 43960.4
4485.3 -2820.4 -21996 22625.4 -1 2
-3472.12 2349.85 -16511.3 17035.6 -1 1
-18327 10359 -114630 116547 1 1
6737.52 -4035.38 -19836.7 21335 1 2
event 104
9884.66 949.979 -44818.9 46010.2
2331.27 -4402.72 -24438.9 25133.1
443.552 -3629.86 -12645.4 13164 1 2
4084.29 1912.87 -20459.3 20950.8 -1 1
1887.72 -772.859 -11793.5 11969.1 -1 2
5800.36 -962.894 -24359.6 25059.4 1 1
event 105
-1284.14 -14232.1 8286.9 16806.7
11126.9 721.071 5833.77 12959.6
4235.69 1219.64 983.943 4517.51 1 2
-497.887 -2757.26 335.935 2823.89 1 1
-786.256 -11474.9 7950.96 13982.8 -1 1
6891.22 -498.567 4849.83 8442.12 -1 2
event 106
-1942.08 -8986.51 -48939.5 49891.8
842.956 9030.42 -13827.4 16824
191.105 4418.89 -4070.2 6011.72 -1 2
810.625 -1874.47 -8839.74 9073.19 1 1
-2752.7 -7112.04 -40099.7 40818.6 -1 1
651.851 4611.53 -9757.17 10812.3 1 2
event 107
-17198.2 -6694 -5152.1 19409.4
9870.09 -4663.28 5988.52 12830.4
4428.66 -2082.18 969.641 4989.97 1 2
-3432.05 -2030.04 -2.33717 3988.89 -1 1
-13766.2 -4663.95 -5149.76 15420.5 1 1
5441.43 -2581.11 5018.88 7840.38 -1 2
event 108
-10814.6 219.395 20071.1 23009.6
-15376.4 -12735.5 37741.5 42809.3
-2443.92 -2582.02 4614.27 5825.99 1 2
-2108.59 1107.39 3058.33 3877.76 -1 1
-12932.5 -10153.5 33127.2 36983.3 -1 2
-8706.03 -887.991 17012.7 19131.8 1 1
event 109
17844.1 16308.8 -20545 31876
3447.67 6826.33 -13118.9 15497.8
3173.9 4297.28 -10819.9 12067.4 1 2
7199.25 4873 -6342.48 10761.7 1 1
273.777 2529.05 -2298.94 3430.36 -1 2
10644.9 11435.9 -14202.5 21114.3 -1 1
event 110
-3395.52 -4502.94 20547.1 21531
13180.6 5896.94 31395.8 34695.7
-966.869 -3516.93 14238.5 14698.6 1 1
-2428.65 -986.009 6308.67 6832.36 -1 1
6957.73 4682.66 19122.3 20880.9 1 2
6222.87 1214.28 12273.5 13814.8 -1 2
event 111
-3088.52 9545.75 -11843.8 15828
-5443.66 -450.796 12798.3 14255.7
-2758 -1761.93 7166.73 7879.34 1 2
-755.644 4765.15 -3617.68 6031.29 1 1
-2685.67 1311.13 5631.56 6376.32 -1 2
-2332.88 4780.6 -8226.08 9796.74 -1 1
event 112
3718.74 -6287.52 3785.28 8790.98
3431.79 -9426.39 11130.4 15300.7
3548.31 -3406.54 1614.33 5178.06 1 1
170.43 -2880.98 2170.95 3612.93 -1 1
353.89 -5482.46 5839.44 8018.28 -1 2
3077.9 -3943.94 5290.92 7282.38 1 2
event 113
-1277.36 -14731.4 -24369.2 28672.2
3008.93 -3479.89 2562.58 6427.82
-1441.66 -9242 -12683.8 15760.1 -1 1
164.298 -5489.45 -11685.5 12912.1 1 1
3002.56 -1218.29 347.859 3260.64 -1 2
6.37361 -2261.6 2214.72 3167.18 1 2
event 114
-2877.44 -10671.1 -17219.8 20694.6
3005.24 -4667.26 5097.04 8147.72
1532.05 -2629.7 768.419 3140.72 1 2
-2275.69 -3827.7 -8467.6 9567.73 -1 1
1473.2 -2037.56 4328.62 5007 -1 2
-601.751 -6843.36 -8752.22 11126.8 1 1
event 115
-5791.12 -8450.94 -8260.84 13666.8
3831 -5716.77 -8049.06 11033.4
2274.54 -4259.49 -7335 8782.38 -1 2
-2566.76 -3957.27 -1541.64 4963.47 -1 1
-3224.36 -4493.67 -6719.2 8703.36 1 1
1556.45 -1457.29 -714.054 2251.06 1 2
event 116
7357.74 -3022.78 3693.4 9300.85
-8759.41 9236.28 2858.59 13408.9
4062.35 -3249.81 2621.84 5826.59 -1 1
3295.39 227.025 1071.56 3474.27 1 1
-6573.02 8113.51 1366 10531.4 -1 2
-2186.38 1122.77 1492.58 2877.47 1 2
event 117
-1052.11 -6762.97 5433.03 9270.91
10226.6 2864.3 -12342.1 16574.3
704.728 -4871.56 3399.7 5983.13 -1 1
-1756.84 -1891.41 2033.33 3287.78 1 1
4956.56 2583.96 -4800.38 7368.8 -1 2
5270.08 280.341 -7541.71 9205.48 1 2
event 118
6760.67 -8748.55 1656.98 11600.9
-20524.7 9889.18 -81581.3 84759.4
-4611.15 2334.95 -23677.3 24235.1 -1 2
2957.05 -1671.24 9.1662 3398.3 -1 1
-15913.5 7554.23 -57904 60524.3 1 2
3803.62 -7077.31 1647.82 8202.58 1 1
event 119
-4274.68 21101.5 -11985.8 24835.3
3807.94 8166.64 -674.886 9552.14
4028.94 5365.36 -627.629 6739.77 -1 2
-711.09 5746.79 -1788.67 6061.49 1 1
-3563.59 15354.7 -10197.1 18773.8 -1 1
-220.992 2801.28 -47.2576 2812.36 1 2
event 120
11795 -2148.19 8422.37 15108.3
-4472.19 -1141.1 -2573.52 6125.09
-3182.18 741.918 -1629.12 3652.65 1 2
5657.51 784.319 3348.66 6621.73 -1 1
-1290.01 -1883.02 -944.407 2472.44 -1 2
6137.49 -2932.51 5073.71 8486.58 1 1
event 121
-6503.5 -1146.94 -10086.6 12447.5
11451.4 5910.65 11690.3 17672.7
-4071.78 -895.844 -8668.05 9619.16 -1 1
-2431.72 -251.097 -1418.55 2828.39 1 1
6230.68 4904.57 7251.57 10745.8 1 2
5220.77 1006.09 4438.69 6926.89 -1 2
event 122
6208.75 412.817 -25156.2 26098.7
-21382.3 -15585.5 -31677.8 41390.7
3584.14 1687.92 -16242.1 16718.6 -1 1
2624.61 -1275.1 -8914.07 9380.1 1 1
-18411.8 -12069.5 -25564.4 33737.4 -1 2
-2970.58 -3516.01 -6113.43 7653.22 1 2
event 123
2272.58 -8567.32 -32489.3 33818.8
4676.57 10793.2 -566.429 12176.8
196.749 -4857.47 -21316.3 21863.9 -1 1
2075.83 -3709.85 -11173 11954.9 1 1
2744.16 8704.28 487.909 9140.25 -1 2
1932.41 2088.91 -1054.34 3036.54 1 2
event 124
-2234.44 5943.85 -1130.98 7154.94
-3135.73 -8334.04 -2898.7 9863.18
-2224.29 -2529.63 -1998.57 3918.15 -1 2
-1994.16 1240.07 -478.537 2398.88 1 1
-911.445 -5804.41 -900.134 5945.03 1 2
-240.281 4703.79 -652.44 4756.07 -1 1
event 125
5562.72 11720.2 55337.1 56921.8
7294.75 -3779.72 39066.2 40040.7
3913.8 5789.78 34176.6 34884 -1 1
1648.92 5930.46 21160.5 22037.8 1 1
4589.82 -2097.84 30204.7 30623.6 -1 2
2704.93 -1681.88 8861.46 9417.11 1 2
event 126
388.948 -7185.99 597.932 7857.37
-4523.62 4800.02 3194.08 7955.81
-1215.9 -4568.3 5.79046 4728.53 1 1
1604.85 -2617.69 592.141 3128.84 -1 1
-2478.34 4035.97 966.579 4834.94 -1 2
-2045.28 764.051 2227.5 3120.87 1 2
event 127
-12943 -3635.27 214.24 13797.6
1861.41 6262.73 -9823.24 12197.3
-7592.93 -3619.56 -331.451 8418.72 1 1
-5350.1 -15.7157 545.691 5378.92 -1 1
2402.06 3073.99 -4394.28 5877.09 -1 2
-540.644 3188.74 -5428.96 6320.21 1 2
event 128
-16969.7 -6180.82 -1501.47 18385.2
3552.79 7433.66 -8475.85 12219.4
3055.04 3863.27 -6336.11 8025.94 1 2
-8334.19 -2787.71 800.818 8825.11 -1 1
497.743 3570.4 -2139.74 4193.46 -1 2
-8635.47 -3393.11 -2302.28 9560.14 1 1
event 129
-11948.2 -455.457 -3258.96 12774.2
3366.92 -4886.74 -5372.11 8582.95
-8963.66 -12.9602 -3747.09 9715.93 -1 1
-2984.57 -442.497 488.124 3058.25 1 1
2319.77 -1016.76 -1230.91 2818.06 -1 2
1047.16 -3869.98 -4141.2 5764.89 1 2
event 130
3126.8 -3661.46 -8097.48 9916.82
-6165.33 16570.4 -20600 27322.9
2908.17 -1338.05 -3403.3 4673.48 1 1
218.637 -2323.42 -4694.18 5243.34 -1 1
-2235.6 10201.8 -12645 16400.7 -1 2
-3929.73 6368.55 -7954.98 10922.2 1 2
event 131
2243.31 -5051.17 -7087.17 9506.08
-6762.45 11596.1 -43037 45188.2
2876.23 -2946.26 -4936.55 6429.13 1 1
-632.911 -2104.91 -2150.62 3076.94 -1 1
-4829.8 5420.6 -20949.4 22172.1 -1 2
-1932.65 6175.48 -22087.6 23016.2 1 2
event 132
3367.54 -8909.91 -9754.06 13980.7
-5809.57 7404.91 6468.08 11832.6
-2646.28 2774.85 922.188 3945.15 -1 2
1813.68 -1265.19 -2192.36 3115.73 -1 1
1553.86 -7644.72 -7561.7 10864.9 1 1
-3163.29 4630.06 5545.89 7887.46 1 2
event 133
-8717.83 5807.72 -26251.5 28433.4
5125.14 -4123.11 -29339.8 30227.2
-5097.76 5139.57 -17221.1 18681 -1 1
-3620.07 668.143 -9030.41 9752.48 1 1
2084.17 -1432.78 -5642.25 6184.07 -1 2
3040.97 -2690.33 -23697.5 24043.1 1 2
event 134
-5548.8 3745.26 -20911.8 22174.6
8463.38 -4770.88 -35269.8 36714.3
6402.04 -4402.07 -23278.6 24541.1 1 2
-1528.01 2787.18 -10526.5 10996.4 -1 1
2061.35 -368.816 -11991.2 12173.2 -1 2
-4020.78 958.082 -10385.3 11178.1 1 1
event 135
-3054.79 -8523.76 5787.95 11183.8
-3653.07 3893.93 6104.38 8681.09
-2413.18 -4121.44 4470.9 6542.92 -1 1
-641.609 -4402.32 1317.05 4640.89 1 1
-1895.13 2633.15 5575.54 6451.57 -1 2
-1757.94 1260.77 528.843 2229.52 1 2
event 136
6058.57 9604.64 -11444.3 16417
-1358.22 -5495.47 -17394.1 18552.4
341.927 -3131.64 -12160.7 12562.6 1 2
2450.56 3950.96 -6877.93 8302.55 -1 1
-1700.15 -2363.83 -5233.42 5989.83 -1 2
3608.01 5653.69 -4566.35 8114.47 1 1
event 137
9613.92 981.521 -4058.71 10929.5
-2248.19 -5324.18 -869.041 6614.11
-2213.51 -2452.85 -1565.25 3657.5 1 2
3890.78 -1008.98 -1011.18 4146.06 -1 1
-34.6758 -2871.32 696.206 2956.61 -1 2
5723.15 1990.5 -3047.52 6783.44 1 1
event 138
6817.02 1883.85 -3478.61 8468.33
2787.23 -9887.18 19414.4 22181.9
3986.43 539.672 -350.503 4039.42 1 1
2830.6 1344.18 -3128.11 4428.92 -1 1
2284.79 -4713.85 12308.5 13377.3 1 2
502.439 -5173.33 7105.89 8804.58 -1 2
event 139
6595.97 8406 8641.99 14087
-6864.59 4073.17 32398.7 33570.4
3739.76 4111.33 2583.9 6129.97 -1 1
2856.21 4294.67 6058.09 7957 1 1
-3287.69 -103.287 11858.2 12306.4 -1 2
-3576.9 4176.46 20540.5 21264.1 1 2
event 140
3829.91 -8266.64 9909.14 13812.6
1591.56 4209.53 15085 16167.8
2585.13 1824.02 7083.49 7758.67 1 2
2054.03 -4001.45 7096.86 8402.81 -1 1
-993.568 2385.51 8001.54 8409.14 -1 2
1775.89 -4265.19 2812.28 5409.77 1 1
event 141
3492.68 6718.6 -12808.5 15198.2
-1434.46 -6934.12 -12860.1 15003.7
852.254 -3274.65 -5039.52 6071.05 -1 2
121.716 2857.78 -3099.99 4219.34 1 1
3370.97 3860.82 -9708.5 10978.9 -1 1
-2286.72 -3659.47 -7820.53 8932.67 1 2
event 142
-11996.5 -5325.79 19289.9 23536.6
-4509.44 5331.25 35071.8 35949.7
-3880.73 2033.36 16255.6 16835.9 -1 2
-2609.71 -2632.67 5748.95 6841.28 -1 1
-9386.8 -2693.12 13541 16695.3 1 1
-628.717 3297.9 18816.3 19113.7 1 2
event 143
-3320.01 -20918 -65265 68714.6
-1069.07 6177.15 -4829.81 8730.28
-1114.99 -10965.4 -39407.8 40920.2 -1 1
-2205.03 -9952.63 -25857.2 27794.3 1 1
-2066.93 3838.45 -4313.03 6133.46 -1 2
997.863 2338.7 -516.779 2596.82 1 2
event 144
-6695.5 7585.71 -1904.44 10751.4
-6051.89 -469.71 7531.2 10156.6
-3624.55 -1680.61 3598.6 5378 1 2
-4319.13 2661.09 -460.843 5095.08 1 1
-2427.34 1210.9 3932.6 4778.58 -1 2
-2376.37 4924.63 -1443.59 5656.34 -1 1
event 145
45589.4 27747 -84232.1 99764.4
4826.77 17628.1 -8818.92 20528.2
3571.03 15960.2 -8437.47 18403.3 1 2
21046.4 13855.5 -37405.9 45101.4 -1 1
1255.74 1667.85 -381.447 2124.92 -1 2
24543 13891.5 -46826.2 54663 1 1
event 146
39224.2 21827.2 -69246 82580.6
6847.16 16580.3 -8943.67 20282.3
21062.2 10145.6 -37278 44002.4 1 1
18161.9 11681.7 -31968 38578.3 -1 1
4948.96 12845.4 -8207.43 16027.1 -1 2
1898.2 3734.95 -736.236 4255.14 1 2
event 147
47206.7 29661.8 -85211.6 101877
2854.32 12974.8 -6507.9 15114.1
26982.6 15629.3 -49521.8 58521.4 1 1
20224.1 14032.5 -35689.8 43355.5 -1 1
3381.77 9839.15 -4393.95 11294.4 -1 2
-527.449 3135.66 -2113.95 3819.76 1 2
event 148
-6569.19 15561.7 45112.2 48311.7
2567.61 -11290 40077.6 41831.3
-1807.39 9002.88 23943.3 25643.9 1 1
-4761.8 6558.84 21168.9 22667.7 -1 1
305.379 -7411.45 27174.9 28169.3 -1 2
2262.23 -3878.58 12902.7 13662 1 2
event 149
-5229.36 4339.96 6691.6 10027.4
7140.46 -11666.3 21236.3 25449.2
-2832.43 3176.23 5842.56 7228.95 -1 1
-2396.93 1163.74 849.039 2798.5 1 1
4573.17 -6039.97 9214.51 11929.5 1 2
2567.29 -5626.35 12021.8 13519.7 -1 2
event 150
4325.09 -10089.1 16244.5 19848.7
-9411.71 8848.36 9002.53 16047.1
-2631.36 4308.91 4273.81 6615.7 1 2
885.754 -4708.17 8957.93 10159.1 1 1
-6780.36 4539.44 4728.72 9431.42 -1 2
3439.34 -5380.91 7286.57 9689.61 -1 1
event 151
7289.3 -4708.35 7465.66 11858.8
-13467.6 -7320.64 28909.7 32868.3
-4977.58 -2727.29 13990.9 15098.7 -1 2
2167.05 -874.907 3861.32 4514.71 1 1
-8490 -4593.35 14918.8 17769.6 1 2
5122.24 -3833.45 3604.34 7344.05 -1 1
event 152
8385.04 -4655.25 5943.56 11700.3
-14252.2 -6830.78 32757.2 36502.2
-5191.97 -3764.65 10968.7 12706.4 -1 2
3085.18 -814.814 596.249 3247.91 -1 1
-9060.21 -3066.13 21788.5 23795.8 1 2
5299.86 -3840.44 5347.31 8452.36 1 1
event 153
7070.67 -4018.77 4615.11 9850.64
-21677.3 -10820.5 46927.9 52941.5
4366.02 -4095.63 3366.33 6868.75 -1 1
2704.66 76.8676 1248.77 2981.89 1 1
-13438.9 -5746.6 31573 34792.1 1 2
-8238.43 -5073.88 15354.9 18149.4 -1 2
event 154
-14850.2 2145.11 37453.1 40514.8
12854.4 -2542.29 13642.7 19168
5778.31 -1765.21 4275.69 7402.53 1 2
-5127.2 -969.665 11686.3 12798.8 -1 1
-9723.03 3114.77 25766.8 27716 1 1
7076.07 -777.081 9366.99 11765.5 -1 2
event 155
-6350.15 -8631.6 -8423.66 13977.8
9976.74 4606.51 -10757.8 15686.8
-4250.34 -6252.15 -4062.4 8583.07 1 1
-2099.82 -2379.45 -4361.25 5394.69 -1 1
7124.26 4319.94 -6571.62 10612 -1 2
2852.48 286.564 -4186.13 5074.81 1 2
event 156
21347.3 1015.11 -109033 111151
-9550.07 7446.32 9749.5 15852.3
-7125.96 4588.48 5148.2 9917.09 -1 2
8120.2 1639.01 -37757.9 38656.1 1 1
13227.1 -623.895 -71274.7 72494.4 -1 1
-2424.11 2857.84 4601.3 5935.21 1 2
event 157
-11031.3 2516.44 -35281.3 37180.4
-9271.91 9815.42 -43448.5 45603.5
-4109.22 2351.28 -16603.3 17265.4 1 2
-3618.34 -414.822 -13609.9 14089.2 1 1
-5162.69 7464.15 -26845.2 28338 -1 2
-7412.96 2931.27 -21671.4 23091.2 -1 1
event 158
-7223.7 844.822 -18544.8 20159.3
4933.59 -14409.3 -9810.98 18488.1
5192.99 -11758.8 -7094.94 14682.8 1 2
-3266 1839.62 -7523.74 8406.47 -1 1
-259.403 -2650.48 -2716.04 3805.31 -1 2
-3957.7 -994.797 -11021.1 11752.8 1 1
event 159
-3757.48 -7557.75 -10377.6 13730.4
9722.82 -1117.36 -11019.5 15059.9
3081.88 -1142.98 -1966.49 3831.79 -1 2
-2106.11 -1626.14 -1987.26 3322.71 1 1
6640.94 25.6127 -9052.97 11228.1 1 2
-1651.37 -5931.61 -8390.3 10407.7 -1 1
event 160
-603.3 -6617.53 -6747.77 9963.87
6835.85 3225.29 19304.1 20961.2
3221.6 -134.032 7215.31 7903.7 -1 2
1260.97 -2256.67 -2410.79 3536.33 1 1
3614.25 3359.33 12088.8 13057.5 1 2
-1864.27 -4360.86 -4336.98 6427.54 -1 1
event 161
-730.073 -7545.71 -7888.92 11370.9
6830.72 2379.42 20448.2 21909.9
3091.58 367.219 12671.3 13048.6 -1 2
-1632.76 -2354.76 -2183.81 3604.3 1 1
902.685 -5190.95 -5705.11 7766.61 -1 1
3739.14 2012.2 7776.91 8861.24 1 2
event 162
2201.78 -10594.5 8131.26 13885.2
-7600.98 -9538.91 13147 18198.9
2869.44 -6621.78 5466.68 9054.14 -1 1
-667.656 -3972.68 2664.57 4831.05 1 1
-6541.59 -6292.56 8538.94 12462.5 -1 2
-1059.39 -3246.35 4608.06 5736.41 1 2
event 163
-9078.28 1016.22 -17143.3 19670.6
-7328.22 3431.55 -11003.6 14005.3
-4799.22 3068.74 -9384.93 10979 1 2
-3802.69 1929.4 -6900.74 8112.6 1 1
-2529.01 362.804 -1618.72 3026.37 -1 2
-5275.59 -913.174 -10242.6 11558 -1 1
event 164
-6250.83 -10452.8 -25917.1 28872.5
5461.82 5873.15 8071.1 11792.4
2873.5 1770.87 5056.21 6080.24 -1 2
-2387.27 -1152.78 -5290.71 5918.68 -1 1
-3863.55 -9300.03 -20626.4 22953.8 1 1
2588.32 4102.28 3014.89 5712.17 1 2
event 165
-4941.18 -8133.12 -19532.6 22038
6964.98 6670.1 9566.16 13932.1
-1445.39 -5816.63 -12091.3 13495.6 -1 1
-3495.79 -2316.49 -7441.35 8542.34 1 1
4542.5 6151.55 7119.06 10448.4 -1 2
2422.48 518.548 2447.1 3483.79 1 2
event 166
-7731.09 -8195.81 -19736.1 22935.7
-6569.51 -8178.51 -14370.4 18059.5
-4102.71 -2668.26 -6693.82 8292.78 -1 2
-2412.88 -3803.85 -10342.1 11281.1 -1 1
-5318.21 -4391.96 -9393.96 11654.6 1 1
-2466.8 -5510.25 -7676.62 9766.76 1 2
event 167
-7719.19 -8381.13 -22422.2 25341.1
-7921.55 -12213 -23048.8 27436.2
-937.097 -3936.47 -5965.95 7209.56 1 2
-920.814 -2942.75 -5305.43 6137.29 -1 1
-6984.45 -8276.51 -17082.8 20226.6 -1 2
-6798.38 -5438.38 -17116.7 19203.8 1 1
event 168
-2603.81 18436.8 51951.5 55274.3
5941.82 -8951.63 20910.9 23712.7
-2754.21 12108.1 37317.5 39329.4 -1 1
150.402 6328.67 14634 15944.9 1 1
622.359 -2648.59 3395.7 4352.5 -1 2
5319.46 -6303.05 17515.2 19360.2 1 2
event 169
-485.277 6222.85 -4168.46 8119.68
681.316 -11615.4 -19347.6 22788.2
250.049 3205.27 -3817.76 4992.27 1 1
-735.327 3017.58 -350.694 3127.4 -1 1
1922.08 -7124.37 -11806 13922.8 1 2
-1240.76 -4491.03 -7541.53 8865.37 -1 2
event 170
6428.01 3581.75 100.984 7984.31
7678.98 -7857.29 6314.31 13044.7
1761.31 -3126.28 811.999 3680.53 -1 2
1082.91 1817.16 -836.039 2277.03 1 1
5917.67 -4731.01 5502.31 9364.18 1 2
5345.1 1764.6 937.022 5707.28 -1 1
event 171
4639.13 690.695 647.381 5657.54
10776.1 -8502.07 7288.9 15846.9
2660.61 1924.77 337.26 3302.81 -1 1
1978.51 -1234.08 310.121 2354.74 1 1
6247.74 -3396.23 2628.22 7582.04 1 2
4528.31 -5105.84 4660.68 8264.89 -1 2
event 172
5642.63 786.045 2820.77 7348.69
2588.39 6072.6 7138.59 10398.2
2228.93 2042.1 1296.89 3291.11 1 2
1768.06 -1465.74 1077.51 2539.02 -1 1
3874.58 2251.78 1743.26 4809.68 1 1
359.465 4030.5 5841.7 7107.09 -1 2
event 173
-6920.46 10153.3 34856.5 37088.4
2090.42 -6498.51 18241.1 19721.3
2822.45 -4633.47 14384.4 15374 1 2
-2231.22 5895.83 16061.4 17254.5 1 1
-732.031 -1865.04 3856.69 4347.35 -1 2
-4689.23 4257.46 18795.2 19833.9 -1 1
event 174
8259.38 21660.2 -87264.6 90344.3
-10012.8 -9874.92 -43307.3 45638.6
-7701.37 -5795.28 -26932.1 28605 1 2
2470.99 10458.1 -42487 43825 1 1
-2311.45 -4079.63 -16375.2 17033.6 -1 2
5788.4 11202.1 -44777.7 46519.3 -1 1
event 175
-5237.83 -5230.04 -10296.3 13053.4
1427.91 9878.22 -48116.3 49238.1
-452.285 3127.94 -10177.7 10657.6 1 2
-381.201 -2182.38 -2132.68 3076.94 1 1
1880.19 6750.28 -37938.6 38580.5 -1 2
-4856.63 -3047.66 -8163.6 9976.5 -1 1
event 176
-3425.33 15044.9 7200.43 17421.8
10148.3 -20468.4 13958.3 26951.2
2575.28 -8096.37 4289.67 9518.18 1 2
-1798.04 6424.68 1165.54 6773.41 1 1
7573.03 -12372.1 9668.6 17433.1 -1 2
-1627.29 8620.26 6034.9 10648.4 -1 1
event 177
-2437.56 13628.5 6353.53 15672.7
7210.15 -12252.3 9116.55 17169.9
3603.98 -4588.56 2207.88 6239.35 -1 2
-1270.54 2603.52 2799.32 4029.88 -1 1
-1167.02 11025 3554.2 11642.8 1 1
3606.16 -7663.72 6908.67 10930.6 1 2
event 178
8074.01 -1855.5 20071.7 21933.9
14847 -345.637 23204.7 27723.7
3353.2 899.478 3907.32 5227.93 -1 2
2496.91 513.437 8453.3 8829.92 -1 1
11493.8 -1245.12 19297.4 22495.7 1 2
5577.1 -2368.94 11618.4 13104 1 1
event 179
-7085.18 36.2357 27077.4 28159.9
-745.069 8081.42 46703.1 47504.1
-1759.15 2886.57 19358.4 19651.6 1 2
-2785.32 1500.44 10054.6 10541.1 1 1
1014.09 5194.85 27344.7 27852.4 -1 2
-4299.87 -1464.21 17022.8 17618.7 -1 1
event 180
-2164.88 19906.3 20428.6 28772.7
5116.83 -3222.19 -21090.2 22157.5
-706.84 16099.8 17213.4 23580 -1 1
-1458.04 3806.52 3215.14 5192.66 1 1
2681.63 -2392.97 -7401.01 8228.22 -1 2
2435.2 -829.213 -13689.2 13929.3 1 2
event 181
5975.53 -5056.23 -21990.7 23546.9
-72.0175 8636.71 8206.34 12309.9
-1144.8 6660.39 5069.29 8448.68 1 2
2194.53 -3002.77 -6720.69 7681.89 -1 1
1072.78 1976.33 3137.06 3861.22 -1 2
3780.99 -2053.46 -15270 15865 1 1
event 182
2078.05 11832.3 25012 27919.7
-5382.32 -5661.42 -7186.61 11057.1
-2922.8 -1467.08 -4293.64 5398.3 1 2
935.169 2226.28 2841.6 3730.52 1 1
1142.88 9606 22170.4 24189.2 -1 1
-2459.52 -4194.34 -2892.97 5658.81 -1 2
event 183
3544.73 -8459.86 2594.27 10022.7
-7122.02 5156.52 33924 35181.5
1471.28 -5134.96 2921.49 6089.23 -1 1
2073.45 -3324.91 -327.221 3933.51 1 1
-3939.09 4642.71 22811.6 23610.4 -1 2
-3182.94 513.803 11112.4 11571.1 1 2
event 184
-14723.3 -8095.04 19640.1 26031.3
30189.8 11476.2 -35145.8 47832.5
6301.99 1802.5 -8841.85 11007 1 2
-1623.39 -1849.1 1897.53 3109.07 1 1
23887.9 9673.7 -26304 36825.5 -1 2
-13099.9 -6245.94 17742.6 22922.2 -1 1
event 185
-33567.1 -19756.8 44120.6 58968.6
22259.9 8502.71 -25940.7 35359.8
4672.31 2883.22 -4824.25 7309.44 -1 2
-3956.07 -3120.89 4250.81 6593.25 1 1
-29611.1 -16635.9 39869.8 52375.4 -1 1
17587.6 5619.5 -21116.5 28050.3 1 2
event 186
27694.2 10817.5 -35559.2 46454.6
-26287.1 -15769.4 34916.3 46566.3
-23858.5 -15181.6 32613.9 43166.9 1 2
11662.9 4555.15 -12634.1 17787.7 1 1
-2428.61 -587.788 2302.42 3399.4 -1 2
16031.3 6262.33 -22925.1 28666.9 -1 1
event 187
-7247.49 3832.2 -12710.6 15438.9
7103.87 10182.1 -6707.38 14447.2
2866.41 1970.64 -2548.51 4313.44 -1 2
-2905.3 271.555 -2788.12 4037.24 -1 1
4237.46 8211.49 -4158.87 10133.7 1 2
-4342.19 3560.64 -9922.44 11401.7 1 1
event 188
7134.85 10271.9 -7725.79 15155.6
-6408.23 2039.46 -9907.07 12367.9
3841.16 6678.16 -2728.39 8173.59 1 1
3293.7 3593.7 -4997.4 6982 -1 1
-3548.48 750.141 -2749.82 4552.71 -1 2
-2859.75 1289.32 -7157.25 7815.24 1 2
event 189
-14465.3 -9712.19 77162.8 79166
10484.5 13185.1 17853.7 24741
3134.9 4962.01 4354.9 7309.27 1 2
-2382.99 -2340.24 19980.9 20258.4 1 1
-12082.3 -7371.95 57181.9 58907.6 -1 1
7349.65 8223.06 13498.8 17431.7 -1 2
event 190
11853 15168.5 18459.1 26924.1
-10888.7 -6703.55 55945.7 57471.8
10314.6 12080 16705.3 23052.1 -1 1
1538.4 3088.5 1753.79 3872.01 1 1
-2578.93 -579.123 7952.15 8380.58 -1 2
-8309.76 -6124.43 47993.5 49091.2 1 2
event 191
3570.79 7235.26 -7713.95 11584.3
-8403.23 -7097.47 8781.41 14411.6
-3374.04 -3554.34 5739.29 7547.72 -1 2
2344.86 2029.66 -4043.67 5097.09 -1 1
-5029.19 -3543.14 3042.13 6863.84 1 2
1225.93 5205.61 -3670.28 6487.17 1 1
event 192
22844.7 -19174.9 11357.9 32064.8
21663.8 -516.286 4805.39 22411.4
17065.8 -15140.1 7418.51 23989.8 -1 1
5778.87 -4034.84 3939.41 8074.98 1 1
5490.11 1133.56 764.821 5658.83 -1 2
16173.7 -1649.84 4040.57 16752.5 1 2
event 193
25704.1 -1230.45 4018.23 26228.9
16971.1 -13853.4 9301.99 24001.1
14670.4 352.037 1157.98 14720.6 -1 1
11033.7 -1582.49 2860.25 11508.2 1 1
12565.5 -9012.84 5396.8 16378.6 -1 2
4405.57 -4840.59 3905.19 7622.47 1 2
event 194
119.658 10070.6 55650.5 56639.2
-4615.33 -15575.1 20843.6 26607
-1419.81 6370.16 34377.6 34991.8 1 1
1539.47 3700.41 21272.9 21647.4 -1 1
-3013.75 -8364.66 13688.7 16323.1 -1 2
-1601.58 -7210.42 7154.82 10283.9 1 2
event 195
9324.53 -6909.21 -21015.2 24205.7
3474.6 5082.39 21363.3 22447.4
7080.85 -4220.36 -12244.4 14761 -1 1
2243.68 -2688.85 -8770.83 9444.71 1 1
1854.08 859.744 10179.5 10383.2 -1 2
1620.52 4222.65 11183.7 12064.2 1 2
event 196
-15414.9 915.905 -15098.3 21817.6
9574.96 -3774.76 10296.8 14884.3
6875.39 -1154.7 6347.52 9429.02 -1 2
-4626 1651.19 -4188.67 6456.19 -1 1
-10788.9 -735.289 -10909.7 15361.4 1 1
2699.57 -2620.05 3949.3 5455.32 1 2
event 197
-10963.9 1742.67 -11601.3 16353.1
8202.56 -3822.39 7052.59 11883.7
4044.62 -278.949 2439.58 4732.81 -1 2
-2105.58 1341.8 -3765.09 4518.95 -1 1
-8858.3 400.875 -7836.21 11834.2 1 1
4157.95 -3543.44 4613.01 7150.91 1 2
event 198
7133.56 4144.01 9613.28 13041
-4833.9 8711.58 21093.5 23532.6
3684.1 2603.21 2983.01 5409.13 1 1
3449.46 1540.81 6630.28 7631.82 -1 1
-3559.1 6512.54 18333.6 19779.1 -1 2
-1274.8 2199.05 2759.84 3753.51 1 2
event 199
-6910.6 -6698.3 9853.86 14117.8
3474.52 16323.9 -2574.81 17168.7
-4038.33 -4656.25 4215.86 7468.16 1 1
-2872.27 -2042.05 5638 6649.67 -1 1
1037.34 9880.55 -2634.26 10278.7 1 2
2437.18 6443.39 59.4521 6889.98 -1 2
event 200
-6614.26 -7249.85 -6514.53 12179.5
5529.05 5355.45 -2416.05 8641.73
3564.02 1715.24 -234.03 3963.61 -1 2
-1464.68 -2515.85 -504.065 2956.35 1 1
-5149.58 -4734 -6010.46 9223.11 -1 1
1965.03 3640.21 -2182.02 4678.12 1 2
event 201
-9169.02 -4686.78 -19004.3 21835.5
20157.2 1107.21 -6828.07 21534.9
17296.1 2025.62 -5705.77 18325.5 1 2
-3909.63 -3475.3 -11002.5 12183.1 1 1
2861.16 -918.409 -1122.3 3209.43 -1 2
-5259.39 -1211.47 -8001.83 9652.42 -1 1
event 202
-1554.66 9458.02 7047.48 12293.4
7695.74 -10800.6 -11813.5 18028.6
3779.86 -4458.6 -3301.68 6714.07 1 2
-171.36 2000.43 109.421 2013.51 1 1
-1383.3 7457.59 6938.06 10279.9 -1 1
3915.87 -6342.01 -8511.85 11314.5 -1 2
event 203
-9358.1 934.851 -12777.2 16164.6
-527.908 -8211.12 3977.34 9649.45
-5065.9 447.572 -4345.32 6690.04 1 1
-4292.2 487.279 -8431.84 9474.57 -1 1
-103.645 -5398.62 4130.39 6799.05 -1 2
-424.263 -2812.5 -153.045 2850.39 1 2
event 204
-4820.79 4884.29 1409.19 7659.81
-5564.17 -5515.8 -7818.97 11493.9
-2376.37 -2071.03 -1190.08 3371.02 1 2
-1573.51 2288.63 2048.1 3452.48 1 1
-3187.79 -3444.77 -6628.88 8122.91 -1 2
-3247.28 2595.66 -638.909 4207.33 -1 1
event 205
3598.04 -3432.93 23797.9 24508.4
15236.6 -16190.7 102567 104995
893.549 -2981.7 12663 13040.4 -1 1
2704.49 -451.23 11134.9 11468 1 1
9427.63 -11418.4 72992.8 74479.7 1 2
5809.01 -4772.26 29574.4 30515.1 -1 2
event 206
5077.98 22913.1 28320 36910.8
-1735.8 -5297.91 3036.53 7063.46
1808.5 14714.8 17016 22568.8 1 1
3269.48 8198.25 11304 14342 -1 1
-91.1473 -4080.02 2904.1 5009.97 -1 2
-1644.65 -1217.9 132.435 2053.5 1 2
event 207
-5739.88 -5727.47 -125.87 8908.02
6346.02 1373.79 12621.2 14527.3
-4274.77 -1700.58 224.427 4607.29 1 1
-1465.12 -4026.89 -350.297 4300.73 -1 1
3503.92 966.971 9991.12 10632.3 -1 2
2842.1 406.818 2630.04 3895.04 1 2
event 208
-5924.83 -361.269 -5374.51 8585.41
7894.4 -6136.83 -21728.2 24118.2
-4069.62 -1134.22 -2044.85 4694.76 1 1
-1855.21 772.951 -3329.67 3890.64 -1 1
4133.38 -3087.98 -7628.88 9210.4 1 2
3761.02 -3048.85 -14099.3 14907.8 -1 2
event 209
9630.57 -570.356 -16724 19553.9
-2983.69 -8698.15 -42539 43631.6
-3010.84 -5408.36 -31895.4 32490.6 1 2
4574.92 -1594.85 -6566.22 8160.88 -1 1
27.1467 -3289.8 -10643.6 11141 -1 2
5055.65 1024.49 -10157.8 11393.1 1 1
event 210
5513.65 -5935.61 -26051.3 27457.1
2758.67 9590.4 -22486 24795.1
-22.946 5065.27 -9551.78 10812.3 1 2
1986.22 -315.497 -5256.78 5629.34 -1 1
3527.43 -5620.12 -20794.5 21827.8 1 1
2781.62 4525.13 -12934.2 13982.8 -1 2
