event 0
-3377.11 6655.26 9639.13 12735.8
-7881.61 -3668.01 7272.83 11749.9
-2047.88 -2522.88 3041.07 4451.74 -1 2
361.887 3079.5 2973.87 4297.6 -1 1
-5833.74 -1145.13 4231.76 7298.13 1 2
-3738.99 3575.76 6665.26 8438.19 1 1
event 1
-3295.43 8638.62 -18842 21215.5
13328.5 -2758.4 -4979.37 14820.3
2789.04 -1580.96 -2088.98 3827.95 1 2
-1819.07 1427.76 -3462 4164.63 1 1
10539.4 -1177.44 -2890.39 10992.3 -1 2
-1476.36 7210.85 -15380 17050.9 -1 1
event 2
4071.13 -9470.93 7640.57 13200.1
-2883.99 -13817.2 5744.74 15550.7
186.618 -5872.22 3022.91 6608.1 1 2
2291.67 -2019.68 1641.99 3469.61 -1 1
-3070.61 -7944.93 2721.83 8942.6 -1 2
1779.46 -7451.25 5998.58 9730.45 1 1
event 3
-1616.8 -14357.6 5812.18 15878.5
5659.31 -9999.9 7441.64 14035.5
3392.29 -8377.56 6317.3 11027.7 -1 2
68.0853 -3200.42 2657.03 4161.52 1 1
-1684.89 -11157.2 3155.15 11717 -1 1
2267.02 -1622.33 1124.34 3007.76 1 2
event 4
6066.01 -12335.1 9622.88 17062.9
-2476.43 -11401.2 3604.71 12597.8
-2673.88 -5104.4 1508.12 5957.36 1 2
2574.88 -2263.14 2397.41 4184.57 1 1
3491.13 -10072 7225.47 12878.3 -1 1
197.452 -6296.83 2096.6 6640.48 -1 2
event 5
-373.159 -9255.47 2471.42 10074.8
10659.1 -18024.9 13222.2 24958.5
-1085.36 -5336.39 2708.89 6083.12 1 1
712.197 -3919.07 -237.473 3991.73 -1 1
7769.12 -13201.5 7988.66 17276.2 1 2
2889.93 -4823.41 5233.54 7682.32 -1 2
event 6
10073.7 12342.5 30671.6 34700.9
-14861.6 994.167 -2406.58 15402.5
-6724.25 -1073.42 -1303.43 6933.82 1 2
3350.06 4531.46 14109.9 15194 -1 1
6723.64 7811 16561.7 19506.9 1 1
-8137.32 2067.58 -1103.15 8468.71 -1 2
event 7
6656.27 -4937.06 11725.2 14688.4
-4737.51 4086.38 -18564.5 19833.7
-3961.13 1447.2 -10726.9 11526.6 1 2
4169.24 -1281.25 4960.15 6605.94 -1 1
-776.379 2639.17 -7837.6 8307.05 -1 2
2487.03 -3655.82 6765.01 8082.5 1 1
event 8
9963.5 -90.5563 7723.79 12981.8
6468.66 -6678.96 -5512.39 11244.1
5166.39 1448.96 4458.87 6977.37 -1 1
4797.11 -1539.51 3264.92 6004.44 1 1
3733.21 -4018.25 -1460.04 5676.8 -1 2
2735.45 -2660.71 -4052.35 5567.3 1 2
event 9
7507.34 -6081.68 -4542.84 11116.5
7600.75 1805.61 5797.97 10209.8
4349.4 -3561.22 -936.89 5699.87 -1 1
3157.93 -2520.47 -3605.95 5416.58 1 1
2460.05 -148.085 3421.22 4217.78 -1 2
5140.7 1953.7 2376.75 5991.98 1 2
event 10
374.424 10070.3 2912.75 10937.4
-1754.03 -8180.7 2225.36 9194.76
-1010.74 6452.71 974.544 6604.54 1 1
1385.16 3617.59 1938.2 4332.84 -1 1
-1067.82 -2053.58 -627.466 2400.48 -1 2
-686.211 -6127.12 2852.82 6794.28 1 2
event 11
1513.79 10011.6 2016.56 10962.5
-2241.37 -7822.39 1765.61 8883.79
2661.35 5405.94 1213.89 6147.49 1 1
-1147.56 4605.68 802.676 4815.04 -1 1
-641.897 -4051.08 2375.16 4740.87 -1 2
-1599.47 -3771.31 -609.555 4142.92 1 2
event 12
-2231.87 -8913.53 -16168.6 18959.1
-2744.93 11329.6 5351.86 13195.7
-767.304 8820.52 4176.15 9789.88 1 2
-566.628 -3823 -3543.57 5244.47 1 1
-1977.63 2509.05 1175.71 3405.84 -1 2
-1665.24 -5090.53 -12625.1 13714.6 -1 1
event 13
-11587.1 14435.5 52010.6 55329.4
3965.57 7218.24 11981.5 14865.3
3558.74 4927.2 6449.1 8862.5 1 2
-3221.14 6438.57 17240.9 18684 1 1
406.838 2291.04 5532.43 6002.78 -1 2
-8365.96 7996.98 34769.7 36645.4 -1 1
event 14
-9879.57 13392.7 44321.1 47443.9
8176.84 14779.9 21693.8 27668
2259.68 5900.75 6182.42 8840.73 1 2
-3683.5 3074.59 14982.2 15732.1 1 1
-6196.07 10318.1 29338.8 31711.7 -1 1
5917.17 8879.2 15511.4 18827.3 -1 2
event 15
7314.13 7335.13 21377.9 23956.3
6106.36 -5770.73 27222.6 28657.4
2443.64 -2379.18 16219.1 16574.2 -1 2
2815.54 1021.34 7159.01 7760.99 -1 1
4498.59 6313.79 14218.9 16195.4 1 1
3662.72 -3391.55 11003.5 12083.3 1 2
event 16
262.471 7325.4 10507.6 13180.7
-9323.09 -5516.65 -4254.47 12043.5
-3072.6 -619.732 -2230.63 3848.61 -1 2
908.753 2793.06 6342.85 6990.7 1 1
-6250.5 -4896.92 -2023.84 8194.85 1 2
-646.282 4532.34 4164.77 6190.01 -1 1
event 17
-8826.39 -4533.11 -6003.23 12003.5
-942.01 6128.51 11952.2 13816.4
512.305 4731.68 6970.49 8440.98 -1 2
-2197.95 -2394.85 -2976.47 4408.72 1 1
-6628.44 -2138.27 -3026.76 7594.79 -1 1
-1454.32 1396.83 4981.71 5375.39 1 2
event 18
14301 6663.18 5029.8 16846.5
5748.93 3128.12 1687.46 7434.69
4501.77 1541.37 2349.77 5307.95 1 2
7312.46 2502.95 3824.09 8623.9 1 1
1247.16 1586.75 -662.314 2126.74 -1 2
6988.5 4160.23 1205.71 8222.63 -1 1
event 19
17686.2 169.871 -31216 36011.9
-6936.61 2638.52 564.226 8061.49
-4452.23 3179.26 87.9545 5472.56 1 2
8586.42 1601.83 -15748.6 18009 1 1
-2484.38 -540.744 476.272 2588.93 -1 2
9099.75 -1431.96 -15467.4 18003 -1 1
event 20
3730.77 -8148.38 -4708.6 10586.7
-3052.05 5234.65 -3876.9 7831.86
1174.88 -5806.61 -3655.98 6962.35 -1 1
2555.88 -2341.77 -1052.62 3624.31 1 1
-182.936 2082.59 -2685.4 3404.87 -1 2
-2869.12 3152.06 -1191.5 4426.98 1 2
event 21
-3143.4 9460.95 21343.6 23759.9
12381 -8827.73 -29586.3 33409
3696.84 -1551.25 -5674.63 6948.79 -1 2
-1596.02 2464.1 9217.11 9673.96 1 1
8684.19 -7276.48 -23911.7 26460.2 1 2
-1547.38 6996.85 12126.5 14085.9 -1 1
event 22
-11485.2 18038.2 43391 48473.2
4070.72 -7708.08 22525.9 24351.4
-9242.59 11929.7 29714.4 33327.2 1 1
-2242.58 6108.46 13676.6 15146 -1 1
963.664 -4890.04 13701.2 14580 -1 2
3107.05 -2818.04 8824.64 9771.41 1 2
event 23
33079.5 14807.4 19485.8 41265
6699.21 16844.1 -2108 18510.4
5902.27 11925.9 -2386.08 13519.2 -1 2
11757.1 6074.84 8586.1 15775.5 1 1
21322.4 8732.53 10899.7 25489.5 -1 1
796.942 4918.24 278.083 4991.27 1 2
event 24
876.272 -9051.87 9061.8 13206.5
-10746.5 19804 11360.9 25423.3
1672.34 -5675.89 4304.15 7317.74 -1 1
-796.069 -3375.98 4757.65 5888.75 1 1
-5600.3 12252.2 8102.35 15720.7 -1 2
-5146.16 7551.79 3258.52 9702.66 1 2
event 25
-11895.9 4369.73 -61569.2 62936.2
3887.82 9975.14 -8877.08 14248.2
4166.32 7014.05 -6232.27 10266.8 -1 2
-3807.25 1775.71 -14102.1 14714.9 1 1
-8088.69 2594.02 -47467.1 48221.3 -1 1
-278.506 2961.09 -2644.81 3981.43 1 2
event 26
-5914.44 -5820.24 -13278.4 15961.2
-12680.8 -5115.25 -52079.1 53933.2
-2209.05 -4238.69 -6390.75 7981.18 1 1
-3705.39 -1581.55 -6887.6 7980.06 -1 1
-9921.49 -3280.22 -34649 36190.6 -1 2
-2759.34 -1835.03 -17430.1 17742.6 1 2
event 27
-14061.6 10238.1 4387.36 18204
24912 10569 -22590.6 35387
9827.93 2709.03 -9322.05 13814.4 1 2
-1668.21 2316.32 7.20802 2856.48 1 1
15084.1 7860 -13268.5 21572.5 -1 2
-12393.4 7921.76 4380.15 15347.5 -1 1
event 28
-9550.31 14337.8 28491.9 33438.9
2755.72 6026.82 -9882.65 12295.3
1253.99 4224.32 -8487.22 9563.54 1 2
-2025.79 5535.9 8742.83 10545.1 -1 1
1501.73 1802.5 -1395.44 2731.78 -1 2
-7524.52 8801.91 19749 22893.8 1 1
event 29
-102.117 12516.4 7582.01 14958.2
5876.53 -15374.7 -38968.2 42415
2047.26 -6867.53 -20636.6 21845.7 -1 2
-1142.32 5000.23 4285.51 6684.61 -1 1
3829.27 -8507.17 -18331.6 20569.3 1 2
1040.2 7516.13 3296.5 8273.59 1 1
event 30
5962.35 -13317.5 -39977.8 42669.9
9352.98 11494.7 -18423.6 23845.8
5944.44 7944.57 -9989.36 14080.2 1 2
1582.51 -6196.74 -20467 21443.3 -1 1
3408.54 3550.09 -8434.21 9765.67 -1 2
4379.84 -7120.72 -19510.8 21226.6 1 1
event 31
-5863.02 -1214.46 20636.6 21709.7
9085.37 15695.1 35373.8 39872
-3298.04 781.947 8686.17 9324.66 -1 1
-2564.98 -1996.41 11950.4 12385 1 1
5011.07 9657.96 24199 26532.8 -1 2
4074.3 6037.11 11174.8 13339.2 1 2
event 32
255.206 11010.7 -6128.76 12979
-3544.78 -8852.18 3767.49 10710.3
1366.67 6633.18 -4686.8 8236.75 -1 1
-1111.47 4377.56 -1441.96 4742.23 1 1
-2022.28 -6911.72 3986.5 8231.94 -1 2
-1522.5 -1940.45 -219.005 2478.41 1 2
event 33
704.604 -5616.37 8360.45 10560.7
2218.51 8617.02 23644.4 25452.4
-40.7162 3943.39 13381.1 13950.5 -1 2
-1228.8 -2103.38 3307.03 4108.74 -1 1
2259.22 4673.64 10263.4 11501.9 1 2
1933.4 -3512.99 5053.43 6451.93 1 1
event 34
10269.1 -2343.51 -10888.5 15462.7
-896.067 9490.11 16161.6 19017.2
6646.17 -2075.51 -8961.87 11349.3 -1 1
3622.88 -267.996 -1926.64 4113.42 1 1
-468.512 7373.74 9637.6 12144.4 -1 2
-427.556 2116.38 6523.98 6872.8 1 2
event 35
118.027 10556.9 29209.7 31213.1
7174.88 12957.9 45488.8 47939.6
4593.99 10613.4 32765.6 34746.8 1 2
512.303 4849.99 9354.51 10550 -1 1
2580.89 2344.5 12723.2 13192.7 -1 2
-394.276 5706.94 19855.1 20663.1 1 1
event 36
-7782.39 5950.62 28458.1 30256
10228.9 -1815.56 38058.7 39572.4
-4928.62 2044.43 17003.8 17821.6 1 1
-2853.77 3906.19 11454.3 12434.4 -1 1
5951.99 228.35 24306 25025.5 -1 2
4276.9 -2043.91 13752.6 14547 1 2
event 37
-12398.9 17275.1 34628.3 40753.8
10573.6 6332.53 13322.2 18411.2
-7627.15 12377.3 25414.5 29279.3 -1 1
-4771.78 4897.8 9213.76 11474.4 1 1
5813.79 2494.02 4898.6 8001.74 -1 2
4759.84 3838.51 8423.56 10409.5 1 2
event 38
-12693 17727.4 37351.9 43360.4
9933.95 5398.02 9222.98 15048.4
2569.95 3040.79 4399.98 5934.81 1 2
-1404.76 2311.47 2916.33 3979 1 1
-11288.2 15415.9 34435.6 39381.4 -1 1
7364 2357.23 4823 9113.59 -1 2
event 39
-7756.63 9215.95 54644.9 56042.4
15867.6 5560.14 58750.7 61187.7
-4160.65 7176.87 37269.6 38181.8 -1 1
-3595.98 2039.08 17375.3 17860.6 1 1
11901.9 5423.85 43067.6 45010 -1 2
3965.72 136.295 15683.1 16177.7 1 2
event 40
-10343.4 12825 85696.8 87321.3
12332 3406.69 46593.2 48417
-6758.01 6286.37 43215.3 44190.1 1 1
-3585.38 6538.67 42481.5 43131.2 -1 1
5092.73 1583.03 14055.6 15033.7 -1 2
7239.28 1823.66 32537.7 33383.3 1 2
event 41
-9808.15 -7463.18 -43260.1 45088
-118.831 5393.45 -4056.43 7426.23
-6037.73 -5907.99 -32509.2 33589 -1 1
-3770.42 -1555.18 -10750.9 11499 1 1
-760.702 3381.53 -4023.37 5311.5 -1 2
641.871 2011.92 -33.0641 2114.73 1 2
event 42
3015.07 4987.99 -1789.86 6838.55
5454.28 -12770 -13479.6 19598.9
2833 1728.79 -682.366 3389.89 -1 1
182.078 3259.2 -1107.5 3448.66 1 1
2783.24 -6823.62 -5015.23 8914.7 1 2
2671.04 -5946.41 -8464.39 10684.2 -1 2
event 43
6655.33 5061.28 25204.6 26735.2
-1295.81 -12929.9 12824.2 18517.9
4460.95 1458.14 13000.9 13822.4 1 1
2194.38 3603.14 12203.7 12912.8 -1 1
162.601 -10608.9 10385.8 14847.6 -1 2
-1458.41 -2320.94 2438.39 3670.24 1 2
event 44
-6441.71 -20736.3 79686.6 82650.1
-14163 -19175.6 -4465.17 24450.4
-4723.76 -8961.22 -1936.72 10314 -1 2
-1521.54 -3803.46 11077 11810.7 -1 1
-4920.17 -16932.8 68609.6 70839.4 1 1
-9439.26 -10214.4 -2528.45 14136.4 1 2
event 45
-7195.76 -1295.51 -18678.5 20296.2
-21938 -10913.7 -43780.4 50266.3
-5170.57 -2237.63 -14510 15565.8 -1 1
-2025.19 942.123 -4168.52 4730.4 1 1
-13753.8 -7025.26 -24485.3 28949.3 -1 2
-8184.16 -3888.47 -19295.2 21317 1 2
event 46
-10155.3 -19966.5 30200.7 37728.8
-6021.68 -5214.84 9875.65 13060.4
-6678.84 -14772.3 23657.1 28679.2 1 1
-3476.49 -5194.21 6543.59 9049.61 -1 1
-2484.48 -3973.14 4437.7 6454.68 -1 2
-3537.2 -1241.7 5437.95 6605.75 1 2
event 47
-5637.63 538.226 -3381.66 7286.93
8353.67 2807.15 -43768.8 44754.5
-3226.98 987.531 -3455.77 4831.36 -1 1
-2410.66 -449.305 74.1054 2455.57 1 1
3816.24 2762.07 -25385.5 25819.1 -1 2
4537.43 45.0797 -18383.4 18935.4 1 2
event 48
3082.31 -8426.71 -3044.36 9968.39
-826.562 -5624.57 -1734.23 6702.04
500.035 -3362.42 252.375 3410.39 1 2
74.3372 -4586.3 -1116.52 4722.02 -1 1
-1326.6 -2262.16 -1986.61 3291.65 -1 2
3007.98 -3840.41 -1927.84 5246.37 1 1
event 49
-11017.1 -1489.24 7442.64 13732.4
10052.8 5353.66 -6055.24 13265.6
2594.57 1865.56 -3269.16 4572.82 -1 2
-2934.35 968.265 1973.63 3668.02 1 1
-8082.77 -2457.5 5469.01 10064.4 -1 1
7458.2 3488.1 -2786.08 8692.81 1 2
event 50
9330.01 16864 -14287.2 24272.5
10322 -8154.85 -14371.5 19727.6
9036.85 13668.9 -11475.4 20005 -1 1
293.162 3195.17 -2811.75 4267.57 1 1
1773.5 -1718.05 -1172.87 2735.65 -1 2
8548.52 -6436.8 -13198.6 16991.9 1 2
event 51
9044.09 15706.8 -12327.3 22227.2
6557.35 -6856.11 -12311.2 15848.1
3633.32 -3587.32 -9013.87 10360.1 1 2
1906.45 5950.88 -2862.19 6873.92 -1 1
2924.03 -3268.79 -3297.35 5488.04 -1 2
7137.64 9755.97 -9465.13 15353.3 1 1
event 52
7266.61 13932.6 -13153.7 20725.1
7760.73 -6777.35 -10702.2 15175.3
4442.65 -2112.43 -6047.53 7796.36 -1 2
2256.03 1973.63 -1856.09 3527.2 1 1
5010.58 11959 -11297.6 17197.9 -1 1
3318.08 -4664.92 -4654.65 7378.9 1 2
event 53
8124.68 27594.4 10633.2 30824
-4012.64 -9086.71 -5581.7 11807.4
-4027.42 -5506.73 -3656.49 7741.14 1 2
758.97 6790.88 3102.64 7505.31 1 1
14.7783 -3579.98 -1925.21 4066.21 -1 2
7365.71 20803.5 7530.56 23318.7 -1 1
event 54
6450.82 -2689.94 -17050 18685.3
-5702.72 -6184.55 -14795.7 17299.5
-3537.04 -1583.2 -6536.11 7599.28 -1 2
2010.9 -2433.15 -6181.56 6941.67 -1 1
-2165.68 -4601.35 -8259.57 9700.22 1 2
4439.92 -256.789 -10868.5 11743.7 1 1
event 55
3784.9 4811.15 4980.27 8477.39
-1120.09 10856.6 14377.2 18314.3
3140.66 1512.04 2307.75 4181.73 1 1
644.241 3299.11 2672.53 4295.66 -1 1
-861.099 6762.91 11251.5 13156.2 1 2
-258.987 4093.65 3125.71 5158.13 -1 2
event 56
4983.17 7787.29 -12869.5 16145.8
8141.65 -1243.53 -12616.2 15381.5
3561.7 3917.96 -9251.57 10660.2 1 1
1421.47 3869.33 -3617.9 5485.67 -1 1
5807.62 -1295.31 -11103.1 12597.5 -1 2
2334.03 51.7799 -1513.03 2784.03 1 2
event 57
10082.2 4642.47 19720.6 22840.7
-9176.77 -5420.97 -17048.7 20343.2
6169.23 1399.82 9322.56 11266.8 1 1
3913 3242.65 10398 11573.9 -1 1
-7775.13 -3070.01 -12865.7 15343.2 -1 2
-1401.64 -2350.96 -4182.98 5000.01 1 2
event 58
-7245.42 4158.65 -49.6649 8909.76
5664.34 -6049.17 -22405.8 24089.1
4890.56 -3373.7 -16973.1 17983.2 1 2
-3642.22 351.488 -181.129 3665.15 -1 1
773.778 -2675.47 -5432.69 6105.91 -1 2
-3603.2 3807.16 131.464 5244.62 1 1
event 59
-12568.9 5232.89 -52817.3 54631.7
6379.46 -7368.46 -8444.29 13262.3
-7226.13 3503.01 -36550.4 37422.3 -1 1
-5342.81 1729.88 -16267 17209.4 1 1
2701.13 -1284.43 -3482.81 4592.06 -1 2
3678.33 -6084.03 -4961.48 8670.23 1 2
event 60
-3114.08 -8382.61 2289.55 9939.52
-1727.34 16255.5 -12450.5 20780.5
-6.40103 5565.81 -5964.51 8158.73 1 2
-29.1549 -3550.42 2251.3 4205.45 1 1
-1720.94 10689.6 -6486.02 12621.8 -1 2
-3084.92 -4832.19 38.2513 5734.06 -1 1
event 61
-9984.66 8286.05 22085.8 25801.6
-2475.2 -8633.26 22521.3 24442.9
-2417.17 -3855.88 8702.86 9821.48 -1 2
-1641.34 2381.78 3114.54 4251.87 -1 1
-8343.31 5904.27 18971.2 21549.7 1 1
-58.0363 -4777.38 13818.4 14621.4 1 2
event 62
3142.9 4086.96 -10007.5 11675.8
-7651.93 -11906.3 -18145 23219.5
2624.15 1577.05 -7441.89 8047.75 -1 1
518.749 2509.92 -2565.64 3628.01 1 1
-4024.49 -8908.57 -12531.6 15893.7 -1 2
-3627.44 -2997.71 -5613.43 7325.74 1 2
event 63
-6818.57 10094.3 57325.9 58687.7
-5678.33 1726.82 18264.2 19452.4
-3428.08 1163.94 6316.52 7281.22 1 2
-3219.49 2959.85 25576 25947.4 1 1
-2250.25 562.877 11947.7 12171.2 -1 2
-3599.08 7134.42 31749.9 32740.2 -1 1
event 64
5705.75 -17773.4 -45361.9 49150.2
-1377.6 7959.75 -11504.9 14394.7
2334.61 -10344.2 -28731.7 30626.4 -1 1
3371.14 -7429.17 -16630.2 18523.8 1 1
-1331.1 5256.36 -5112.43 7453.14 -1 2
-46.5038 2703.39 -6392.51 6941.6 1 2
event 65
-5.7507 7269.38 -5303.35 9516.29
-18061.4 206.684 -14880.1 23606.4
-3326.15 -708.069 -1647.23 3780.1 1 2
783.046 3163.59 -773.94 3351.36 1 1
-14735.2 914.753 -13232.9 19826.3 -1 2
-788.797 4105.79 -4529.41 6164.93 -1 1
event 66
-19294.7 2215.37 -14786.2 24605.2
54.636 7381.28 -4992.78 9434.24
1360.37 5462.08 -4006.08 6909.76 1 2
-9505.85 744.752 -9141.82 13209.8 1 1
-1305.73 1919.2 -986.698 2524.48 -1 2
-9788.83 1470.62 -5644.38 11395.4 -1 1
event 67
-4703.47 -7328.7 17133.9 19467.8
3412.24 11244.2 18099.1 21800.1
1911.35 9888.07 15787.8 18726.8 1 2
-3257.76 -2916.57 10453.8 11331.9 -1 1
1500.89 1356.12 2311.3 3073.28 -1 2
-1445.71 -4412.13 6680.15 8135.88 1 1
event 68
-7180.82 -2379.98 -17985.2 19755.7
6869.43 4887.22 5485.96 10524.3
2303.36 3530.58 2584.6 4945.88 -1 2
-2253.8 699.329 -5342.58 5841.49 1 1
-4927.03 -3079.31 -12642.6 13914.2 -1 1
4566.07 1356.64 2901.36 5578.4 1 2
event 69
-1661.94 -16972.4 -8634.08 19363.9
-1527.63 11099.6 10165.7 15442.4
-614.611 6262.18 3648.65 7274.37 1 2
633.466 -7790.68 -3172.48 8436.33 1 1
-913.022 4837.42 6517.03 8168.05 -1 2
-2295.41 -9181.7 -5461.6 10927.6 -1 1
event 70
-716.488 -16116.3 -8064.46 18299.6
-718.512 10675.8 10227.2 15122
-1904.53 7723.17 7342.94 10826.1 -1 2
175.318 -4220.72 -3636.1 5574.73 1 1
-891.805 -11895.6 -4428.36 12724.9 -1 1
1186.01 2952.61 2884.29 4295.91 1 2
event 71
-10859.5 -2771.54 -45247.7 46760.5
5354.64 -2925.09 -4594.29 8241.78
-6444.33 -3442.55 -29507.4 30398.6 1 1
-4415.13 671.012 -15740.3 16361.9 -1 1
956.972 -2119.28 -1145.62 2594.37 -1 2
4397.67 -805.811 -3448.67 5647.41 1 2
event 72
-4080.51 -2743.22 -19149.2 20011.5
9529.76 -2738.49 -19416.9 22020.9
-2075.12 -2934.52 -9594.43 10246.1 1 1
-2005.39 191.303 -9554.79 9765.41 -1 1
6245.51 -227.406 -11879.2 13423.3 -1 2
3284.25 -2511.08 -7537.67 8597.64 1 2
event 73
2866.82 6395.84 -15692.5 17463.3
-13323.2 2970.83 12299 18633
-3709.53 153.258 5041.45 6261.91 1 2
167.294 3058.47 -4234.42 5227.2 -1 1
-9613.71 2817.57 7257.5 12371.1 -1 2
2699.52 3337.37 -11458 12236.1 1 1
event 74
-10363.5 -5994.98 -11909.8 17169
3617.67 10909.9 -3526.53 12415.3
1280.29 3641.55 -2749.26 4740.22 1 2
-2936.95 -2155.66 -5653.43 6726.45 -1 1
-7426.52 -3839.32 -6256.38 10442.6 1 1
2337.38 7268.32 -777.264 7675.1 -1 2
event 75
-9799.73 2630.32 5912.11 12144.8
4822.82 -240.454 5036.53 7633.82
3097.16 874.942 4452.83 5495.16 1 2
-4166.5 2693.74 2486.81 5550.79 -1 1
1725.65 -1115.4 583.698 2138.66 -1 2
-5633.23 -63.4163 3425.29 6594.02 1 1
event 76
-3951.64 -8270.54 13499.2 16608.3
2598.31 7089.64 27496.6 28682.2
408.997 5234.14 19064.5 19774.5 -1 2
-143.57 -3786.52 5197.85 6433.29 -1 1
-3808.07 -4484.02 8301.36 10175.1 1 1
2189.31 1855.49 8432.02 8907.64 1 2
event 77
4649.75 9805.39 22207.4 24910.3
-4440.31 -14128.5 -1360.06 15191.2
-31.2502 -4907.14 -452.871 4929.23 -1 2
1162.12 4691.82 7161.98 8641.11 -1 1
-4409.06 -9221.39 -907.187 10262 1 2
3487.63 5113.58 15045.4 16269.2 1 1
event 78
-2917.35 -12869 -3440.55 13984
6344.31 11001.1 27040.3 30034.1
6228.37 9000.71 21207.8 23866.1 1 2
-1641.46 -5382.99 -2995.66 6376.21 1 1
115.941 2000.39 5832.52 6168.01 -1 2
-1275.89 -7486.06 -444.892 7607.76 -1 1
event 79
7867.46 16993.7 39747.1 44046.7
-3430.34 -15597.8 -3475.49 16635.2
-296.752 -3126.98 485.33 3180.06 -1 2
2192.89 2159.25 7197.28 7828.36 -1 1
5674.57 14834.5 32549.8 36218.3 1 1
-3133.59 -12470.8 -3960.82 13455.1 1 2
event 80
6529.24 -2120.72 -9475.49 12103.9
4819.01 7607.96 1761.9 9685
954.285 3416.82 1807.27 3982.8 -1 2
3187.31 380.78 -2975.85 4378.44 1 1
3864.73 4191.14 -45.3747 5702.19 1 2
3341.93 -2501.5 -6499.64 7725.45 -1 1
event 81
-3905.7 -3668.85 -6840.89 9225.17
7328.39 9525.94 586.158 12425.1
-3122.24 -1793.86 -2367.57 4310.79 -1 1
-783.459 -1874.98 -4473.32 4914.38 1 1
3968.1 7211.41 1124.32 8308.16 -1 2
3360.29 2314.53 -538.162 4116.96 1 2
event 82
-4368.37 5091.19 13171.4 15102.2
-6827.43 -1763.7 17465.1 19087.8
-3027.94 432.903 9654.88 10128.4 -1 2
-344.211 2514.26 5588.28 6138.4 1 1
-4024.16 2576.93 7583.15 8963.8 -1 1
-3799.5 -2196.61 7810.24 8959.48 1 2
event 83
-11519.5 -2280.72 -47292.5 48827
16642.4 2348.54 -3489.16 17442.8
-6612.7 -125.187 -22012.1 22984.5 -1 1
-4906.78 -2155.53 -25280.5 25842.5 1 1
9914.21 233.81 -3048.62 10375.5 -1 2
6728.24 2114.73 -440.54 7067.29 1 2
event 84
-3688.78 9268.79 -28250 30119.3
-6101.31 -10173 -7060.14 14147.5
-2159.27 -5088 -4818.31 7333.31 -1 2
-2065.15 3012.68 -6841.95 7756.58 1 1
-1623.63 6256.11 -21408.1 22362.7 -1 1
-3942.04 -5084.96 -2241.84 6814.21 1 2
event 85
-3564.5 -4680.92 2506.86 7105.76
8536.09 896.699 24202.9 25865.8
3001.94 -1157.75 8328.55 8929.05 1 2
171.486 -2035.73 496.7 2105.1 1 1
5534.16 2054.45 15874.3 16936.7 -1 2
-3735.99 -2645.19 2010.16 5000.66 -1 1
event 86
814.008 12748.2 18755.1 22902.5
-1361.14 -7373.26 7865.21 11299.1
-2117.77 -4825.7 4044.7 6644.03 -1 2
462.098 4552.01 9430.23 10482.1 -1 1
351.91 8196.16 9324.9 12420.4 1 1
756.63 -2547.56 3820.51 4655.11 1 2
event 87
5067.03 -11964.8 4760.36 14180.4
-1052.11 7535.01 5865.43 10093.5
-1906.8 3098.62 2039.8 4172.44 -1 2
2225.96 -2182.78 598.902 3176.37 -1 1
2841.07 -9782.01 4161.46 11004 1 1
854.691 4436.39 3825.63 5921.03 1 2
event 88
46.8066 -8721.41 -3811.8 10009.3
-4836.45 -3686.35 -9243.19 11489.5
-1423.27 -5199.27 -2716.13 6037.11 1 1
1470.07 -3522.14 -1095.67 3972.18 -1 1
-2130.88 2.14158 -2014.08 2933.99 -1 2
-2705.57 -3688.49 -7229.11 8555.48 1 2
event 89
-2465.32 -12536.6 -1753.57 13263.1
-535.245 6097.48 2645.62 7352.27
-328.287 -7190.64 143.741 7200.34 1 1
-2137.03 -5345.95 -1897.31 6062.76 -1 1
-1794.61 3262.87 1095.19 3882.98 -1 2
1259.36 2834.61 1550.43 3469.29 1 2
event 90
2086.1 6896.71 22194.3 23624
5447.39 6094.31 31672.2 32856.3
4502.3 4206.67 27466 28148.9 1 2
713.066 3038.97 15207.7 15525.1 -1 1
945.088 1887.63 4206.18 4707.39 -1 2
1373.03 3857.74 6986.66 8098.88 1 1
event 91
747.392 -10331.9 -613.625 10829.3
-1338.04 6914.54 -3956.24 8651.24
1683.98 -7269.18 -1238.36 7564.48 1 1
-936.591 -3062.76 624.733 3264.84 -1 1
954.598 1987.19 -1604.34 2728.6 -1 2
-2292.64 4927.35 -2351.89 5922.63 1 2
event 92
-11638.4 5327.1 -6928.1 14880.2
-6895.02 3319.47 4834.45 9566.81
-4344.7 1017.76 1328.36 4657.04 -1 2
-3435.68 2741.49 -1239.7 4568.12 -1 1
-8202.7 2585.6 -5688.4 10312.1 1 1
-2550.32 2301.71 3506.09 4909.77 1 2
event 93
-8195.48 2782.22 4993.51 10461.1
-17200 4512.94 -10286.4 20775.2
-6063.69 2999.6 4822.96 8308.91 1 1
-2131.79 -217.379 170.549 2152.22 -1 1
-9429.34 2648.91 -3891.21 10539.5 -1 2
-7770.65 1864.02 -6395.24 10235.6 1 2
event 94
8472.21 507.167 15701 18114.8
-1490.24 -7679.85 23842.4 25283.5
5226.83 1813.94 9740.57 11202.7 -1 1
3245.38 -1306.77 5960.4 6912.14 1 1
-1635.95 -2825.18 6515.31 7288.24 -1 2
145.708 -4854.68 17327.1 17995.2 1 2
event 95
-3526.02 4370 -28746.1 29452.7
-1807.51 9230.07 -30072.8 31661.1
-3319.06 1726.11 -15783.9 16221.5 1 1
-206.962 2643.9 -12962.3 13231.2 -1 1
-1212.28 4821.06 -20650.9 21241.1 1 2
-595.222 4409.01 -9421.89 10420 -1 2
event 96
-7835.34 -12234.8 -31091.2 34457.7
13470.4 -8709.86 -70666.1 72530
4491.76 -1826.11 -16666.5 17357.8 -1 2
-619.306 -3344.95 -6936.7 7726.65 1 1
-7216.03 -8889.84 -24154.5 26731.1 -1 1
8978.66 -6883.76 -53999.7 55172.3 1 2
event 97
-3544.76 7565.69 3198.28 9467.05
7313.82 -4774.27 -1247.41 9350.54
5340.5 -2385.25 354.681 5860.66 1 2
-887.831 3274.11 -169.576 3398.23 1 1
1973.32 -2389.02 -1602.09 3489.88 -1 2
-2656.93 4291.58 3367.86 6068.82 -1 1
event 98
-7917.9 -5545.31 -43684.9 44848.7
4565.18 5006.41 587.094 7472.6
-4105.21 -4502.5 -29507 30129.7 1 1
-3812.69 -1042.8 -14177.9 14719 -1 1
3186.79 1231.96 62.2165 3418.83 -1 2
1378.38 3774.45 524.877 4053.77 1 2
event 99
-1101.17 -6975.74 -2932.94 8250.27
8280.62 6118.93 21271.3 23834.2
4111.24 2208.8 12704.2 13534.7 1 2
-1063.94 -2007.12 340.105 2299.42 1 1
4169.38 3910.13 8567.12 10299.5 -1 2
-37.2299 -4968.62 -3273.04 5950.84 -1 1
event 100
2393.56 -6532.08 -114.287 7615.87
-11497.8 -2443.17 3219.28 12574.8
-3508.82 -1377.2 -293.065 3782.27 1 2
-492.073 -2486.87 565.42 2599.52 1 1
-7988.99 -1065.97 3512.35 8792.5 -1 2
2885.63 -4045.21 -679.707 5016.35 -1 1
event 101
2408.31 5354.94 -2604.64 7130.93
-8126.65 -20572.3 49319.3 54140.9
2674.63 3000.35 -683.341 4078.46 1 1
-266.319 2354.58 -1921.3 3052.46 -1 1
-6859.66 -14086.1 32861.6 36405.6 -1 2
-1266.99 -6486.19 16457.7 17735.3 1 2
event 102
22.2925 -14026.5 14190.4 20191.5
1029.55 8465.6 23315.9 25019
1214.84 -9425.75 8269.44 12598.2 -1 1
-1192.55 -4600.76 5920.96 7593.29 1 1
1427.12 1466.14 4738.35 5162.31 -1 2
-397.579 6999.46 18577.5 19856.7 1 2
event 103
241.874 6072.39 6337.75 9524.24
5387.59 -4222.51 19217.2 20633.6
3072.71 -584.644 9496.54 9998.94 -1 2
1319.99 1854.1 666.956 2374.04 -1 1
-1078.12 4218.29 5670.8 7150.2 1 1
2314.88 -3637.86 9720.69 10634.6 1 2
event 104
-10098 1232.44 30121 31943
-39452.9 24091.9 13499.6 48257.5
-5860.32 1075.32 21844.8 22643 1 1
-4237.7 157.117 8276.2 9299.97 -1 1
-33635.6 20975 12610.1 41597.2 -1 2
-5817.32 3116.95 889.522 6660.25 1 2
event 105
-9101.05 -4861.17 -29841.1 31726.1
1664.72 -11587.3 -20634.1 23924.8
2570.12 -8026.51 -14673.1 16921.6 1 2
-3606.81 -1855.17 -16441.5 16934.7 -1 1
-905.403 -3560.74 -5961.03 7003.12 -1 2
-5494.24 -3006 -13399.6 14791.4 1 1
event 106
-4425.62 -2218.52 -17163.7 18129.8
450.5 -15351 -25049.6 29545.4
-3151.42 -492.72 -13595.7 13965.2 1 1
-1274.2 -1725.8 -3567.99 4164.57 -1 1
-1195.69 -8472.87 -14706.8 17015.3 -1 2
1646.19 -6878.15 -10342.7 12530.1 1 2
event 107
6248.23 -10725.9 -17294.5 21512.2
-6802.84 6311.11 42731.8 43837.3
-2251.18 3643.06 14628.1 15242.4 -1 2
1750.15 -3113.75 -2826.98 4556.47 1 1
4498.08 -7612.16 -14467.5 16955.7 -1 1
-4551.65 2668.05 28103.7 28594.9 1 2
event 108
5942.15 6416.49 6840.51 11526.6
6224.38 -5076.16 10837.7 13840.4
2778.12 -1351.98 2104.99 3740.04 1 2
1479.91 2254.36 534.882 2751.28 1 1
4462.24 4162.13 6305.63 8775.36 -1 1
3446.26 -3724.19 8732.74 10100.4 -1 2
event 109
29190.7 9099.27 22752.5 38238.2
-12748.7 12433.6 42345.6 46042
-5005.3 6809.48 21616.2 23209.8 -1 2
6673.35 827.866 5537.27 8711.57 -1 1
22517.4 8271.4 17215.3 29526.7 1 1
-7743.39 5624.16 20729.4 22832.2 1 2
event 110
-10736.9 12679.7 42759.7 45978.6
28486.1 8162.38 23769.4 38113.8
-7614.99 7949.36 24508.4 26867.3 -1 1
-3121.88 4730.34 18251.3 19111.3 1 1
23685.6 7493.14 21006.5 32533.6 -1 2
4800.5 669.241 2762.94 5580.12 1 2
event 111
10503 7861.29 -7966.86 15658
17153.7 -4886.26 -35558.9 39901.8
12435.6 -3450.79 -28544.8 31326.8 1 2
4742.07 2450.64 -1804.57 5635.64 1 1
4718.15 -1435.48 -7014.13 8575 -1 2
5760.9 5410.66 -6162.3 10022.4 -1 1
event 112
-1770.13 -6813.87 -27161.9 28229.8
-7481.31 -6808.94 -55807.9 56801.8
-2583.6 -4202.75 -16484.9 17207.6 -1 1
813.473 -2611.12 -10677 11022.2 1 1
-4936.89 -2407.83 -29331 29841.1 -1 2
-2544.42 -4401.1 -26476.9 26960.7 1 2
event 113
-7245.49 12815 -63783.7 65533.8
13892.4 8725.23 -20107.7 26135.1
5716.41 3303.78 -10497.3 12401.5 1 2
-1647.3 4644.43 -26634.3 27086.6 1 1
-5598.19 8170.6 -37149.4 38447.2 -1 1
8176.03 5421.45 -9610.42 13733.6 -1 2
event 114
10529.2 5860.79 -15204.3 19646.2
-4936.37 5999.45 -35726 36692
7529.41 4359.89 -8578.27 12218.8 1 1
2999.78 1500.9 -6626.04 7427.45 -1 1
-1385.66 2205.88 -6428.44 6937 -1 2
-3550.71 3793.57 -29297.6 29755 1 2
event 115
6281.61 2604.09 -14616.8 16415.9
3682.85 6663.24 -20792.6 22358.1
395.552 3868.48 -9231.9 10018 1 2
2912.33 -311.461 -4629.49 5479.23 -1 1
3369.28 2915.55 -9987.36 10936.7 1 1
3287.3 2794.76 -11560.7 12340.1 -1 2
event 116
8492.8 4168.92 -3175.41 10449.2
-5125.63 -120.913 -18020.1 18989.5
3942.2 3597.86 -1307.96 5496.13 1 1
4550.61 571.057 -1867.45 4953.05 -1 1
-3275.79 -1555.46 -11667 12218 -1 2
-1849.84 1434.55 -6353.1 6771.48 1 2
event 117
-3353.05 -6229.63 -23651 24960.2
1712.92 -8132.92 -28933.3 30262.2
128.394 -4202.68 -19041.2 19500.2 -1 2
-2133.56 -1461.88 -4546.86 5232.04 -1 1
-1219.48 -4767.76 -19104.2 19728.1 1 1
1584.53 -3930.24 -9892.06 10762 1 2
event 118
2240.37 5427.44 -1218.67 6749.44
-8499.33 -6198.12 -6929.38 12971.6
-3434.84 -1060.57 -1313.77 3828.85 1 2
-386.218 2163.19 -1304.16 2557.45 -1 1
-5064.49 -5137.55 -5615.61 9142.74 -1 2
2626.59 3264.25 85.4851 4191.99 1 1
event 119
24250.4 4617.75 -65376.3 69950.4
-2649.29 -5870.9 -12755.1 14620.7
15158.3 1361.12 -40387.2 43159.8 1 1
9092.07 3256.63 -24989.1 26790.6 -1 1
-1226.79 -4227.47 -10919.3 11773.6 -1 2
-1422.5 -1643.43 -1835.76 2847.02 1 2
event 120
20953 -18994.6 -29082.1 40683.9
7317.43 2021.47 -11151.3 13841.1
12396.8 -11242.9 -15006.4 22478.6 1 1
8556.16 -7751.67 -14075.8 18205.3 -1 1
4527.84 2122.21 -4937.17 7027.94 -1 2
2789.59 -100.737 -6214.13 6813.12 1 2
event 121
-3967.11 5992.47 1013.75 7890.9
5638.85 -5209.13 -12853.8 15288.7
3627.04 -1588.58 -7844.74 8788.07 -1 2
-2535.71 1205.69 105.68 2811.73 1 1
-1431.4 4786.78 908.071 5079.17 -1 1
2011.81 -3620.55 -5009.09 6500.61 1 2
event 122
-7323.6 -13213.4 12528.2 19868.9
4941.78 -1566.62 872.805 6101.39
2334.12 -2345.92 589.131 3362.99 1 2
-1138.32 -5045.13 4056.12 6573.61 -1 1
2607.66 779.307 283.674 2738.4 -1 2
-6185.27 -8168.24 8472.04 13295.3 1 1
event 123
11902 -8155.16 61063.8 62821.5
-10295.9 3540.32 53624.7 54806.4
-6306 1246.74 37080.5 37633.6 -1 2
3950.61 -4541.75 24475.3 25204.9 1 1
7951.38 -3613.42 36588.5 37616.6 -1 1
-3989.91 2293.58 16544.3 17172.8 1 2
event 124
-15940.7 5627.01 75762.1 77686.9
14303.7 -7121.28 71083.9 72923.4
5894.46 -1366.53 28789.2 29418.3 1 2
-3579.67 -38.0521 16702.7 17082.4 1 1
-12361 5665.06 59059.4 60604.6 -1 1
8409.24 -5754.75 42294.8 43505.1 -1 2
event 125
-2765.32 -6188.58 -4345.65 8626.78
-5752.22 -5220.47 -966.897 8418.51
-1219.3 -2808.93 -1167.87 3279.01 1 2
-1719.3 -1376.33 -246.695 2218.62 1 1
-4532.92 -2411.54 200.975 5139.5 -1 2
-1046.02 -4812.25 -4098.96 6408.16 -1 1
event 126
3982.91 -4429.39 4215.12 7927.21
-1275.38 9220.09 -9624.4 13742.5
1450.98 -3842.8 2454.72 4786.36 1 1
2531.94 -586.591 1760.4 3140.85 -1 1
523.248 4785.76 -6232.88 7876.37 1 2
-1798.62 4434.33 -3391.51 5866.16 -1 2
event 127
4909.9 -5709.6 4858.93 9481.91
-2434.04 9867.59 -9910.93 14529.7
-2293.84 4412.16 -6109 7877.82 1 2
891.38 -1944.82 2965.05 3657.81 -1 1
4018.53 -3764.79 1893.89 5824.1 1 1
-140.197 5455.43 -3801.92 6651.85 -1 2
event 128
-1444.14 -9213.48 -2529.92 10147.2
-1098.57 6373.81 282.133 7176.52
-1891.66 4321.23 1067.75 4837.63 -1 2
695.779 -3665.66 -1835.82 4159.63 -1 1
-2139.92 -5547.81 -694.107 5987.52 1 1
793.088 2052.58 -785.618 2338.9 1 2
event 129
-7233.35 5487.75 1800.42 9760.59
7892.67 -1784 6558.28 10866.4
5232.15 -666.886 2380.2 5787.63 -1 2
-3943.58 1137.8 1170.93 4269.5 1 1
-3289.77 4349.95 629.494 5491.09 -1 1
2660.52 -1117.11 4178.07 5078.76 1 2
event 130
13013.7 -3133.65 7788.31 15793.2
-9769.71 8262.3 5141.01 14132.8
8019.1 -2560.99 6404.05 10577.7 -1 1
4994.58 -572.657 1384.26 5215.46 1 1
-3018.38 3819.07 726.389 4922.87 -1 2
-6751.33 4443.23 4414.62 9209.93 1 2
event 131
8589.41 -2175.03 -27489.3 29047.5
-10236.2 4397.61 478.561 11573.2
4785.22 -2772.89 -16514 17415.8 1 1
3804.19 597.851 -10975.3 11631.8 -1 1
-7629.19 1936.25 1048.45 7941.29 -1 2
-2607.03 2461.35 -569.887 3631.91 1 2
event 132
-4634.62 6030.53 -30936.2 32069.9
5714.88 4713.36 -25809.5 27029.5
2825.1 4171.08 -14828.6 15661.4 1 2
-2344.02 2378.71 -7100.85 7847.67 1 1
2889.78 542.28 -10980.8 11368.2 -1 2
-2290.6 3651.82 -23835.3 24222.2 -1 1
event 133
9392.14 -2707.95 1669.73 10388.9
6402.51 707.174 5820.05 9217.17
5399.92 -2631.26 -126.702 6009.15 1 1
3992.22 -76.6871 1796.43 4379.73 -1 1
2585.8 -1144.69 2988.26 4115.52 -1 2
3816.7 1851.86 2831.79 5101.65 1 2
event 134
-7588.11 4598.28 -29561.5 31019.3
7244.85 3407.15 -15247.1 17497.4
3983.98 3399 -10545.9 11775.1 1 2
-3816.48 1087.99 -9284.2 10097.4 -1 1
3260.87 8.15359 -4701.12 5722.33 -1 2
-3771.63 3510.3 -20277.3 20921.9 1 1
event 135
5627.94 3433.3 5770.92 9292.77
-4534.28 12240.3 16318.3 21124.9
3757.8 1867.55 1664.8 4515.69 1 1
1870.15 1565.76 4106.12 4777.08 -1 1
-3702.14 5641.2 8716.41 11023.4 -1 2
-832.135 6599.08 7601.86 10101.5 1 2
event 136
3228.8 -9027.83 -41853.2 43048.9
-7132.17 7352.33 -12486.2 16444.6
-5096.09 6920.8 -9615.06 12896.8 1 2
127.929 -4842.19 -18801.3 19415.5 1 1
-2036.08 431.536 -2871.16 3547.76 -1 2
3100.87 -4185.64 -23051.9 23633.4 -1 1
event 137
-13641.3 -6409.92 -6435.49 16678.7
11894 -6298.96 8574.57 16256.1
5018.5 -2969.86 5513.09 8025.62 -1 2
-3688.66 -3206.06 -1478.62 5107.1 -1 1
-9952.64 -3203.86 -4956.87 11571.6 1 1
6875.55 -3329.11 3061.49 8230.43 1 2
event 138
-8564.52 -4156.35 -4682.65 11051.9
8636.13 -5439.61 5615.61 12053.9
-4781.11 -3353.8 -1470.74 6023.39 1 1
-3783.41 -802.544 -3211.92 5028.51 -1 1
6584.16 -4256.11 2692.77 8290.22 -1 2
2051.97 -1183.5 2922.84 3763.7 1 2
event 139
276.159 8217.81 -34497.3 35598.7
-7132.93 14886.2 -66514.5 68602.1
-2456.6 5462.07 -30482.7 31065.7 -1 2
1411.96 1917.78 -9223.35 9526.43 -1 1
-4676.33 9424.11 -36031.8 37536.5 1 2
-1135.8 6300.03 -25274 26072.3 1 1
event 140
-4962.4 2696.03 -15926.9 17180
9325.12 1629.8 -6195.51 11729.9
-3461.01 220.722 -7366.6 8142.81 -1 1
-1501.38 2475.31 -8560.33 9037.24 1 1
4891.11 720.247 -5032.27 7055.26 -1 2
4434 909.55 -1163.24 4674.61 1 2
event 141
-8177.72 19218.5 3991.57 21488.4
2058.71 -14856.5 -26719.5 30797.3
2070.38 -6855.44 -10480.2 12693.7 -1 2
-1795.46 1740.49 330.873 2524.61 -1 1
-6382.26 17478 3660.7 18963.8 1 1
-11.6687 -8001.03 -16239.3 18103.6 1 2
event 142
-3242.71 12825.8 3606.19 14057.4
1716.14 -10022 -18614.3 21435.3
-85.907 -4474.72 -10738.2 11634.1 1 2
136.051 3840.53 127.699 3846.51 1 1
-3378.77 8985.24 3478.49 10210.9 -1 1
1802.04 -5547.27 -7876.09 9801.2 -1 2
event 143
-4554.28 13794.4 1808.45 15095.8
3670.07 -19439.5 -37428.3 42495
846.78 -4883.9 -13070.2 13978.9 1 2
-568.65 2411.97 1749.33 3035.17 -1 1
2823.29 -14555.6 -24358.1 28516 -1 2
-3985.63 11382.4 59.1211 12060.6 1 1
event 144
6597.67 14129.6 -20783.9 26167.4
-14745.5 -10728.3 1964.31 18600.4
-5315.57 -2423.66 -214.965 5846.94 -1 2
3465.96 4037.58 -7382.93 9101.31 -1 1
-9429.92 -8304.66 2179.27 12753.5 1 2
3131.7 10092 -13400.9 17066.1 1 1
event 145
-15494 6297.12 -1644.71 17088.4
8548.38 -2006.16 -19797.8 21878
-8695.77 3519.8 -2459.97 9698.86 -1 1
-6798.2 2777.32 815.26 7389.51 1 1
4776.53 -1242.29 -7394.75 8891.12 -1 2
3771.85 -763.871 -12403.1 12986.9 1 2
event 146
9728.18 -19954.8 31043.4 38289.9
12680.3 -7486.8 25956.4 30002.7
11321.4 -5393.51 21252.2 24676.6 -1 2
2407.16 -4428.03 5018.79 7113.45 -1 1
7321.02 -15526.8 26024.6 31176.4 1 1
1358.88 -2093.29 4704.1 5326.17 1 2
event 147
-19179.7 -4299.51 82678.2 85038.9
-2181.42 -15628.9 50174.7 52688.8
-44.4157 -5474.74 21763.3 22441.6 1 2
-4202.78 -2167.83 22072.5 22573.7 1 1
-14976.9 -2131.68 60605.6 62465.2 -1 1
-2137.01 -10154.2 28411.4 30247.2 -1 2
event 148
-5570.13 -2520.02 -20170.5 21303
18163.8 1357.47 -6771.66 19677.7
-3583.05 -1728.41 -17115.9 17572.5 1 1
-1987.08 -791.603 -3054.54 3730.48 -1 1
14108.6 2316.66 -5504.74 15321 1 2
4055.23 -959.191 -1266.92 4356.74 -1 2
event 149
24173.3 6934.36 15020.7 29455.8
-5075.37 -6221.52 37154.2 38137.8
19345.3 5205.57 13295.8 24044.3 -1 1
4827.98 1728.78 1724.9 5411.51 1 1
-3678.78 -3373.35 28181.5 28620.3 -1 2
-1396.59 -2848.17 8972.72 9517.54 1 2
event 150
-8115.01 -11088.2 72764.8 74115.5
15194.7 4316.01 11655.5 19873.3
12433.1 4719.58 9806.9 16524 1 2
-3505.89 -2427.45 20900.8 21331.6 1 1
2761.55 -403.577 1848.63 3349.28 -1 2
-4609.12 -8660.72 51864 52783.8 -1 1
event 151
27811.3 6438.11 19344.9 34622.7
-7020.94 -9439.71 59210.9 60447.7
-2211.38 -4867.08 31678.8 32126.9 -1 2
4167.48 1450.16 1829.58 4778.01 1 1
23643.8 4987.95 17515.3 29844.7 -1 1
-4809.56 -4572.63 27532.1 28320.8 1 2
event 152
-10725.2 -13875.3 79935.8 81895.5
16553.5 3409.35 12064.1 20994.6
12875.1 1551.49 8194.41 15340.6 1 2
-3663.26 -6793.11 38899.9 39658.3 -1 1
3678.35 1857.87 3869.66 5653.97 -1 2
-7061.95 -7082.16 41035.9 42237.3 1 1
event 153
-2881.37 9316.03 44733.2 45888.4
7292.26 -13457.3 14213.4 21116
2276.91 -5219.09 7251.82 9220.81 -1 2
-17.01 2821.97 8220.23 8691.79 -1 1
5015.35 -8238.21 6961.53 11895.2 1 2
-2864.36 6494.06 36513 37196.6 1 1
event 154
3931.28 9445.27 -23193.5 25538.2
-5769.32 -11972.3 -2091.16 13805.2
-5631.89 -8670.62 -1603.41 10463.3 1 2
2092.26 4090.16 -6914.97 8302.71 1 1
-137.422 -3301.64 -487.747 3341.97 -1 2
1839.02 5355.11 -16278.6 17235.5 -1 1
event 155
13135.4 4823.98 5802.5 15461.9
-14117.6 -3124.79 5867.81 15908.8
6792.96 1977.73 4507.87 8389.75 1 1
6342.43 2846.25 1294.63 7072.11 -1 1
-11772.7 -2963.54 6020.23 13551.1 -1 2
-2344.89 -161.249 -152.424 2357.73 1 2
event 156
11056.2 5006.66 3218.17 12932.7
-15473.1 -1808.41 5975.9 16970.2
-5727.82 218.168 3484.59 6708.88 -1 2
3639.6 1071.21 2412.76 4497.42 -1 1
-9745.28 -2026.58 2491.31 10261.4 1 2
7416.64 3935.44 805.41 8435.29 1 1
event 157
-3842.2 7335.54 -38274.9 39282.7
-5278.54 10512.6 -56082.5 57386.6
-1371.97 3175.82 -10603.5 11154 1 2
-234.886 2675.38 -8001.57 8440.92 -1 1
-3906.58 7336.73 -45479.1 46232.5 -1 2
-3607.31 4660.17 -30273.3 30841.8 1 1
event 158
8440.05 -267.695 2352.9 9296.93
-9672.01 1546.56 -7584.56 12769.3
-4734.99 -795.733 -3741.62 6088.04 -1 2
2024.41 1190.47 1112.97 2601.02 -1 1
6415.64 -1458.16 1239.93 6695.91 1 1
-4937.02 2342.29 -3842.94 6681.3 1 2
event 159
5834.09 -9.80916 1438.49 6759.98
-14245.2 -3259.17 47203.5 49510.7
3016.34 833.618 -588.929 3186.1 1 1
2817.74 -843.427 2027.42 3573.88 -1 1
-8847.79 -2290.45 34144.8 35346.9 1 2
-5397.45 -968.718 13058.7 14163.8 -1 2
event 160
567.88 8631.56 -13306.5 16170.3
6064.13 -9357.25 -1717.75 11699.3
3624.26 -7477.78 -2158.77 8586.26 1 2
-1063.35 2992.38 -6072.05 6853.17 -1 1
2439.88 -1879.47 441.016 3113.05 -1 2
1631.23 5639.18 -7234.42 9317.15 1 1
event 161
5583.66 3260.9 -5217.27 9089.35
-8525.04 -1102.72 -35942.4 37085.6
-3795.01 -1916.84 -19396.1 19856.9 1 2
2585.28 202.002 -3749.86 4560.38 1 1
-4730.03 814.119 -16546.4 17228.7 -1 2
2998.38 3058.9 -1467.41 4528.97 -1 1
event 162
-8174.27 8183.99 -1831.8 12113.8
5069.78 -632.19 375.999 5986.19
-5888.15 3870.46 -1592.71 7224.86 -1 1
-2286.13 4313.53 -239.096 4888.89 1 1
2992.33 -578.939 -1299.19 3314.85 -1 2
2077.46 -53.2512 1675.19 2671.34 1 2
event 163
-1215.63 4936.52 -3306.53 6809.62
6836.08 -6155.99 33279.3 34666
272.93 3404.03 -789.822 3506.69 1 1
-1488.56 1532.49 -2516.71 3302.93 -1 1
3237.13 -4189.77 14317.7 15265.7 -1 2
3598.95 -1966.23 18961.6 19400.3 1 2
event 164
-1710.98 -12272.1 -9032.1 15642.9
-3390.55 6566.49 4214.45 9053.56
-1596.83 4275.73 4105.91 6140.14 1 2
-1394.44 -5927.77 -6187.39 8682.05 1 1
-1793.72 2290.76 108.543 2913.41 -1 2
-316.541 -6344.29 -2844.71 6960.87 -1 1
event 165
-7623.06 -12589.3 11195 18748.8
7349.48 661.852 4165.45 9021.9
5546.91 -452.253 1813.33 5854.24 1 2
-4019.19 -4522.45 3262.83 6874.86 1 1
1802.57 1114.11 2352.11 3167.66 -1 2
-3603.87 -8066.82 7932.14 11874 -1 1
event 166
5651.79 -15351.9 28779 33248.2
-4941.24 14322.7 48018.4 50447.1
-2517.26 3754.36 16867.2 17462.7 -1 2
220.624 -4483.69 7282.33 8555.44 1 1
5431.17 -10868.3 21496.6 24692.8 -1 1
-2423.98 10568.3 31151.2 32984.4 1 2
event 167
4963.59 -10405.5 19444 22816
-2972.76 8688.21 28566.8 30165.8
4274.64 -5956.51 10561.6 12857.3 1 1
688.948 -4448.96 8882.35 9958.68 -1 1
-1461.35 3415.23 16453.7 16868.2 -1 2
-1511.42 5272.98 12113.1 13297.6 1 2
event 168
-5538.6 16312.4 61576.2 64015.5
6096.25 -16576.6 28802 33927.8
-4036.38 8064.96 28483.3 29877.1 -1 1
-1502.21 8247.44 33092.9 34138.4 1 1
2977.12 -9897.69 14120.8 17499.6 -1 2
3119.14 -6678.96 14681.1 16428.2 1 2
event 169
-12634.6 4608.72 18073 22827.5
4466.33 -1553.97 -5676.81 8011.24
-6124.16 4121.87 10366.6 12726.8 1 1
-6510.42 486.849 7706.44 10100.6 -1 1
2236.19 -2247.57 -4131.05 5208.54 -1 2
2230.14 693.595 -1545.76 2802.7 1 2
event 170
7416.02 -930.133 9597.69 12552.7
-9575.51 -1477.2 -1013.51 10222.1
-4402.57 -1624.29 -1717.77 4998.28 -1 2
1512.9 -1487.46 2031.04 2938.99 -1 1
5903.12 557.322 7566.65 9613.68 1 1
-5172.94 147.087 704.252 5223.8 1 2
event 171
-3619.64 -10025 6263.21 12744.4
-2532.36 -11738.2 9997.02 15928.8
-435.717 -5750.02 3205.96 6598.63 -1 1
-3183.92 -4275 3057.24 6145.8 1 1
-3126.85 -8886.48 8300.68 12556.2 -1 2
594.487 -2851.68 1696.34 3372.57 1 2
event 172
-69.8855 -8848.9 -6707.88 11528
4340.09 7186.88 -17333.4 19507.1
3721.04 3713.78 -8503.94 9998.33 1 2
953.605 -4335.97 -1829 4802.75 -1 1
619.045 3473.1 -8829.5 9508.77 -1 2
-1023.49 -4512.92 -4878.88 6725.22 1 1
event 173
-4721.81 6180.32 38570.8 39468.8
12429.7 -6740.05 3996.14 15016.2
4107.98 -721.992 704.939 4231.42 1 2
-1129.57 3410.79 12515.8 13021.8 -1 1
8321.76 -6018.06 3291.2 10784.8 -1 2
-3592.25 2769.53 26055 26447.1 1 1
event 174
569.119 8258.25 -30401.6 31660.2
-2313.73 -6984.59 -20330.4 21841.5
-1363.13 -4984.26 -17493.3 18240.9 -1 2
167.336 3028.08 -16990.8 17259.6 -1 1
401.782 5230.17 -13410.8 14400.6 1 1
-950.597 -2000.33 -2837.02 3600.67 1 2
event 175
-4063.73 -6263.07 -3088.63 8652.77
5118.1 7633.7 13429.8 16565.6
2596.61 2261.99 7081.05 7874.73 -1 2
-2168.58 -2008.95 177.773 2963.34 -1 1
2521.49 5371.72 6348.71 8690.83 1 2
-1895.15 -4254.12 -3266.4 5689.43 1 1
event 176
-4425.56 -6973.33 16226.6 18469.1
-8420.96 -4902.19 15709.3 18743.4
-6907.92 -3572.42 14314.6 16291.1 1 2
-1600.62 -3291.78 10360.9 10989 1 1
-1513.03 -1329.77 1394.7 2452.33 -1 2
-2824.94 -3681.55 5865.72 7480.1 -1 1
event 177
-6879.65 16619.8 20731.3 27621.1
5640.75 -7138.31 -2418.68 9910.33
-5561.89 10638.4 12177.8 17100.3 -1 1
-1317.76 5981.34 8553.58 10520.8 1 1
4334.17 -4314.88 -2884.56 6762.77 -1 2
1306.59 -2823.43 465.875 3147.56 1 2
