event 0
4788.58 -11935.9 -5933.96 14498.2
-5163.17 9745.53 6780.25 13311.5
-4117.04 6825.3 3243.89 8606.32 1 2
3563.06 -4803.32 -2420.63 6452.74 -1 1
-1046.13 2920.23 3536.36 4705.22 -1 2
1225.51 -7132.54 -3513.33 8045.47 1 1
event 1
3218.97 -11412.7 -34874.6 36965.4
5043.31 -9011.45 -11715.5 15921.2
2485.49 -3273.74 -6789.46 7937.44 -1 2
1543.99 -1882.06 -4992.75 5555.61 1 1
1674.98 -9530.62 -29881.8 31409.8 -1 1
2557.82 -5737.71 -4926.05 7983.79 1 2
event 2
-6263.85 -6040.82 -14288.7 17014.2
-6743.43 5588.75 -1100.42 9354.65
-5545.15 2727.87 -884.21 6243.63 1 2
-2517.91 -3629.9 -9474.6 10454.4 -1 1
-1198.29 2860.89 -216.214 3111.03 -1 2
-3745.94 -2410.92 -4814.08 6559.81 1 1
event 3
4235.35 11970.3 -48275.4 50013.4
878.25 -9147.58 -5914.12 11533.2
-784.934 -6954.68 -5101.74 8661.55 -1 2
2095.33 2639.99 -9764.03 10329.9 1 1
2140.02 9330.32 -38511.4 39683.4 -1 1
1663.18 -2192.91 -812.383 2871.61 1 2
event 4
-6362.25 7679.41 31539.4 33223.1
3338.98 -5948.41 30220.8 31135.5
735.441 -4394.12 18199.2 18736.9 -1 2
-1797.29 3213.08 7587.47 8434.15 1 1
-4564.96 4466.33 23951.9 24789 -1 1
2603.54 -1554.28 12021.6 12398.5 1 2
event 5
-4705.58 -6761.14 -3825.26 9595.78
-1285.04 11167.9 -7261.73 13881.5
1298.68 4243.16 -2749.56 5221.33 -1 2
-2824.5 -1478.22 -1292.31 3441.54 1 1
-2583.72 6924.77 -4512.17 8660.19 1 2
-1881.08 -5282.92 -2532.94 6154.24 -1 1
event 6
-5147.46 7632.66 4652.28 10769.8
2887.25 -8069.31 24922.6 26536.3
3383.06 -5870.15 17065.6 18361.6 1 2
-3640.37 2918.52 1504.88 4903.66 1 1
-495.813 -2199.17 7856.97 8174.68 -1 2
-1507.09 4714.14 3147.39 5866.15 -1 1
event 7
4955.66 5536.51 -4761.25 9352.64
-6992.82 -1323.81 -15589.2 17414.5
-2564.28 -1691.57 -8587.03 9120.59 -1 2
1622.07 2350.11 -3599.57 4595.89 -1 1
3333.59 3186.4 -1161.67 4756.75 1 1
-4428.55 367.766 -7002.15 8293.89 1 2
event 8
-8080.62 -983.366 5781.17 10453.6
-580.238 7272.09 9611.13 12457.3
1095.01 4817.14 6303.19 8009.07 -1 2
-3114.75 1053.14 2756.24 4291.71 -1 1
-4965.87 -2036.5 3024.92 6161.86 1 1
-1675.24 2454.95 3307.93 4448.24 1 2
event 9
3093.96 7843.97 -11614.2 14682.7
-2751.71 -6592.41 2335.36 8128.77
-246.885 -4087.07 2029.99 4571.34 -1 2
1885.44 3276.4 -2885.72 4756.92 -1 1
1208.52 4567.57 -8728.51 9925.79 1 1
-2504.83 -2505.34 305.366 3557.43 1 2
event 10
-37788.8 6008.66 104369 111205
-16885.4 -5587.14 58495.9 61218.4
-30988.7 5731.7 88236.9 93695.9 1 1
-6800.16 276.964 16132.1 17509.3 -1 1
-4277.13 -2876.85 16423.9 17214.1 -1 2
-12608.3 -2710.28 42072 44004.3 1 2
event 11
-35293.7 4491.14 98284.7 104591
-15350 -7965.18 60207.2 62718.2
-18714.7 3988.62 55297.7 58514.9 -1 1
-16579 502.517 42987 46076.1 1 1
-11813.2 -7460.17 49175.3 51121.7 -1 2
-3536.8 -505.014 11031.9 11596.4 1 2
event 12
-14376 -5415.68 53587.9 55832.4
-25216.4 3816.19 71187.5 75681.5
-8857.11 -4034.78 28819.4 30418.6 -1 1
-5518.92 -1380.9 24768.6 25413.7 1 1
-15146.9 2907.98 38834.9 41785.7 -1 2
-10069.5 908.214 32352.6 33895.7 1 2
event 13
12921.9 1854.85 -20383.3 24402.6
-3860.61 -6731.12 -6164.01 10382.6
8115.28 -323.585 -11768.1 14299 -1 1
4806.58 2178.44 -8615.21 10103.6 1 1
-1257.75 -4638.86 -2481.25 5410.05 -1 2
-2602.86 -2092.26 -3682.75 4972.55 1 2
event 14
-6140.85 -9232.17 -9657.78 15026.9
8100.21 -1140.16 -12232.6 15038
-1952.06 -5510.45 -5702.93 8167.63 1 1
-4188.79 -3721.72 -3954.85 6859.24 -1 1
2427.16 -1762.98 -3576.38 4669.14 -1 2
5673.05 622.816 -8656.23 10368.8 1 2
event 15
-9156.82 -3949.49 19776.8 22364.2
-1403.63 9504.28 17515.8 20216.3
-6251.68 -2244.7 9849.7 11880.7 1 1
-2905.14 -1704.78 9927.11 10483.6 -1 1
-2308.58 7558.84 14485.7 16501.9 -1 2
904.957 1945.43 3030.13 3714.36 1 2
event 16
-3963.97 -10968 50903.2 52313.9
-13378.3 8595.96 -7368.17 17797.4
-4684.16 1385.02 -1832.94 5218.28 -1 2
384.098 -2092.1 11035.1 11238.7 1 1
-8694.12 7210.94 -5535.23 12579.2 1 2
-4348.07 -8875.93 39868.1 41075.1 -1 1
event 17
-9469.55 4451.52 9017.01 14155.7
972.027 -7478.77 23589 24958.2
-619.032 -5565.28 17672.8 18539 -1 2
-4720.45 1105.08 2612.78 5508.33 1 1
-4749.09 3346.44 6404.22 8647.42 -1 1
1591.06 -1913.49 5916.27 6419.22 1 2
event 18
5055.94 5416.34 -120.062 8031.46
-4399.01 -4859.75 11579 13661.2
-771.11 -3080.91 5716.99 6540.77 -1 2
2011.12 2395.51 -1571.79 3502.11 1 1
3044.83 3020.83 1451.73 4529.35 -1 1
-3627.9 -1778.83 5861.99 7120.39 1 2
event 19
3597.36 7060.31 -7102.76 11082.7
-6120.03 -4648.84 -9350.28 12493.4
1352.66 4576.24 -5743 7467.59 -1 1
2244.7 2484.07 -1359.75 3615.15 1 1
-4734.45 -2117.05 -7283.92 8942.24 -1 2
-1385.58 -2531.79 -2066.37 3551.17 1 2
event 20
1130.76 -13154.4 55972 57591.4
-3301.65 4545.09 -6721.56 9291.28
-3488.93 2526.23 -5205.43 6757.38 1 2
-960.821 -6037.39 27148.4 27828.4 -1 1
187.274 2018.85 -1516.13 2533.9 -1 2
2091.58 -7116.98 28823.6 29763 1 1
event 21
-20037.6 6802.64 -29744.6 36634.8
9231.82 -1412.57 -1386.62 9936.6
6537.2 378.18 -439.242 6563.7 1 2
-8887.68 2893.84 -10552.9 14097.5 1 1
2694.62 -1790.75 -947.374 3372.9 -1 2
-11149.9 3908.8 -19191.7 22537.3 -1 1
event 22
-21784.7 7121.97 -31655.7 39204.2
8008.33 -311.206 -998.681 8649.73
-18059.7 6872.11 -27585.5 33680.1 -1 1
-3724.99 249.86 -4070.2 5524.1 1 1
3070.35 1148.7 -1207.58 3495.13 -1 2
4937.98 -1459.91 208.901 5154.59 1 2
event 23
-4655.42 -7699.39 23583.7 25431
8689.87 4940.93 29891.3 31670.3
2738.19 1762.02 14551.9 14912.2 -1 2
-2081.66 -1543.5 9477.35 9825.83 1 1
5951.69 3178.92 15339.4 16758.1 1 2
-2573.76 -6155.9 14106.4 15605.1 -1 1
event 24
9417.31 2099.53 10877.2 14866
4667.46 -4306.81 3175.79 7746.62
4712.67 1474.81 7720.21 9165 -1 1
4704.64 624.717 3157.04 5701.05 1 1
3372.83 -1393.69 720.327 3721.34 -1 2
1294.62 -2913.12 2455.47 4025.27 1 2
event 25
-166.29 -6219.11 1116.79 7038.72
14763.1 16223.3 24434 32981.1
1139.4 -4400.76 1450.72 4772.91 1 1
-1305.69 -1818.35 -333.923 2265.81 -1 1
11156.1 10733.4 15666.4 22025.3 1 2
3606.93 5489.9 8767.53 10955.8 -1 2
event 26
5982.71 -10662 13343.1 18360.3
-4322.25 10669.4 26444.3 29007.1
-4214.9 7918 22231.2 23972.8 1 2
2627.03 -3508.31 6848.37 8131.47 1 1
-107.346 2751.39 4213.15 5034.23 -1 2
3355.68 -7153.71 6494.73 10228.8 -1 1
event 27
-10821.2 1295.82 -4292.67 12115.9
2553.99 13074.1 2442.47 14035.9
745.686 5767.48 2889.9 6494.81 1 2
-2848.38 1730.05 -1030.23 3489.82 1 1
-7972.83 -434.233 -3262.44 8626.08 -1 1
1808.31 7306.62 -447.435 7541.09 -1 2
event 28
-8656.58 1301.84 -5958.13 11032.7
2803.08 11741.4 2172.46 12650.2
1482.27 8865.21 2814.21 9419.13 1 2
-3363.05 1058.46 -4118.18 5422.27 -1 1
1320.81 2876.15 -641.748 3231.07 -1 2
-5293.53 243.381 -1839.95 5610.46 1 1
event 29
3768.42 -4438.62 -8893.01 11071.5
-15110.7 1310.38 -10105.3 18486.7
3030.86 -1738 -3257.08 4777.71 -1 1
737.557 -2700.62 -5635.93 6293.82 1 1
-9232.23 2094.8 -5279.42 10840 1 2
-5878.48 -784.419 -4825.9 7646.71 -1 2
event 30
6155.49 9883.13 5766.18 13356.9
-2351.32 -4233.67 7085.84 9124.29
-2696.63 -1868.77 4802.88 5817.46 1 2
1169.52 4741.09 2275.37 5388.34 -1 1
345.306 -2364.9 2282.96 3306.82 -1 2
4985.97 5142.04 3490.81 7968.52 1 1
event 31
-15322.7 1737.03 66189.5 68032.7
-17260 8169.66 111631 113295
-14637.4 5683.23 92994.4 94310.8 1 2
-7615.11 -383.435 36311.8 37103.8 -1 1
-2622.63 2486.43 18636.7 18984.2 -1 2
-7707.59 2120.47 29877.7 30928.8 1 1
event 32
6841.05 4308.28 23427.5 24976
-6420.63 -4181.63 -4037.64 9198.02
-3884.2 -706.263 -1691.77 4296.4 1 2
1820.07 1298.32 3109.92 3831.59 1 1
5020.98 3009.96 20317.6 21144.4 -1 1
-2536.43 -3475.37 -2345.88 4901.63 -1 2
event 33
-109.05 -9972.41 -9127.41 13869.4
5102.31 -2719.48 -5910.73 8829.32
238.909 -5947.42 -3387.37 6849.41 -1 1
-347.959 -4024.98 -5740.04 7020.03 1 1
3640.44 -949.464 -5209.09 6426.51 -1 2
1461.87 -1770.02 -701.639 2402.81 1 2
event 34
11153.6 -3067.53 -12376.7 17221.7
-7969.06 -610.017 -12827.3 15427.6
-4643.52 -155.208 -4589.37 6531.45 -1 2
3150.54 -1876.5 -2435.1 4403.19 -1 1
8003.07 -1191.02 -9941.64 12818.5 1 1
-3325.53 -454.809 -8237.93 8896.11 1 2
event 35
6411.38 -4095.71 8124.05 11553
3766.76 -5926.1 -4321.01 8807.34
995.122 -2910.9 -3441.29 4617.06 1 2
1375.11 -2221.66 1471.12 3000.34 1 1
5036.27 -1874.05 6652.93 8552.7 -1 1
2771.64 -3015.19 -879.717 4190.28 -1 2
event 36
8773.11 1409.3 20953.7 22969.6
-9519.21 -1522.39 306.308 10130.1
-4560.01 451.805 1148.59 4725.28 -1 2
1446.92 1488.36 4357.36 4827.68 -1 1
7326.19 -79.0643 16596.3 18141.9 1 1
-4959.19 -1974.19 -842.281 5404.78 1 2
event 37
-3707.86 7259.34 267.548 8724.05
9173.31 3969.24 40646.4 41971.7
2559.78 2264.29 9838.94 10416.1 1 2
-2308.08 1672.42 732.275 2944.76 1 1
6613.53 1704.95 30807.4 31555.6 -1 2
-1399.78 5586.92 -464.727 5779.29 -1 1
event 38
-3415.1 -10120.4 12060.5 16405.1
2161.83 9731.99 8844.07 13681.9
-2862.05 -5599.16 5154.17 8131.33 -1 1
-553.046 -4521.21 6906.34 8273.8 1 1
2179.13 6101.49 3955.5 7591.7 -1 2
-17.2945 3630.5 4888.58 6090.17 1 2
event 39
6431.62 3983.35 -35081.8 36021.6
-3867.22 6285.3 -4013.9 8953.4
-207.133 3159.34 -1278.68 3416.22 1 2
937.217 2204.56 -10097 10377.8 1 1
5494.4 1778.79 -24984.8 25643.8 -1 1
-3660.08 3125.95 -2735.23 5537.19 -1 2
event 40
-6722.31 10465 1145.2 12869
-5457.09 7796.7 8369.62 13046.4
-3621.43 5956.48 7643.8 10345.7 -1 2
-3398.75 2842.24 -238.225 4438.21 1 1
-3323.56 7622.75 1383.42 8430.74 -1 1
-1835.67 1840.22 725.822 2700.75 1 2
event 41
19.7519 18902.5 75458.8 77851.9
12754.7 -2962.3 8879.99 16121.5
10591.8 -1954.49 8460.06 13696.3 -1 2
200.077 6969.16 22069 23144.4 1 1
-180.325 11933.3 53389.7 54707.5 -1 1
2162.92 -1007.81 419.928 2425.16 1 2
event 42
-7342.94 6490 -1199.02 10347.4
-5899.55 -10623 -6932.73 14328.5
-1124.17 -3771.36 -3604.2 5337.45 1 2
-2042.46 2998.12 751.546 3706.26 -1 1
-4775.38 -6851.67 -3328.53 8991.1 -1 2
-5300.48 3491.88 -1950.57 6641.1 1 1
event 43
9709.85 29968.3 53067 61790.6
13998 -7031.49 47601.2 50208.1
5638.47 -2042.37 14144.8 15363.9 1 2
2363.4 3825.34 7436.79 8691.14 1 1
7346.45 26143 45630.2 53099.5 -1 1
8359.52 -4989.13 33456.5 34844.2 -1 2
event 44
9006.56 -7341.56 -18923.2 22420.8
-8214.63 6535.45 -43332.1 44692.9
6920.39 -4138.11 -14338.6 16450.6 -1 1
2086.17 -3203.45 -4584.58 5970.24 1 1
-3146.35 1879.69 -21215.6 21530.1 -1 2
-5068.28 4655.75 -22116.5 23162.8 1 2
event 45
4663.84 -4364.98 -4681.83 8503.83
10413.2 3477.91 2041.98 11588.4
3796.82 -1510.94 -2340.7 4710.5 -1 1
867.021 -2854.04 -2341.14 3793.33 1 1
4898.54 3202.47 1477.89 6037.12 1 2
5514.7 275.443 564.092 5551.32 -1 2
event 46
11016.3 2638.99 62540.9 63633.9
-1763.05 8452.97 13753.3 16532
6704.24 3074.55 41612.8 42261.6 -1 1
4312.03 -435.551 20928 21372.3 1 1
-1897.11 2367.71 5413.9 6206.98 -1 2
134.053 6085.27 8339.42 10325 1 2
event 47
2873.33 7430.54 -11237.9 14119.1
6856.61 -686.987 -16171.1 17848.8
2838.13 3286.56 -6571.89 7877.65 -1 1
35.2028 4143.98 -4665.97 6241.49 1 1
3874.5 -1408.47 -6460.77 7664.74 -1 2
2982.11 721.486 -9710.33 10184.1 1 2
event 48
-2480.31 6832.79 7863.98 11147.7
-6633.48 -4803.82 9319.48 12787.6
-2358.1 -3378.3 5540.53 6905.22 1 2
-520.219 2747.42 5160.1 5869.99 -1 1
-1960.1 4085.37 2703.88 5277.72 1 1
-4275.39 -1425.52 3778.96 5882.41 -1 2
event 49
853.7 -8785.27 -19721.9 21827.8
-3104.25 5107.14 474.171 6747.99
-476.083 3730.25 226.818 3768.82 1 2
1406.97 -4062.4 -6668.81 7935.16 -1 1
-2628.17 1376.9 247.354 2979.17 -1 2
-553.27 -4722.86 -13053.1 13892.7 1 1
event 50
7647.07 676.889 2738.65 8719.35
-11782.8 -7625.86 29607.8 32912
5102.77 -1018.92 1478.49 5410.51 1 1
2544.3 1695.81 1260.16 3308.84 -1 1
-7598.62 -3740.14 14977.6 17206.6 -1 2
-4184.15 -3885.72 14630.2 15705.4 1 2
event 51
19942.7 3508.15 29471.5 35891.2
-13045.1 4633.11 29073.1 32349.3
-4587.16 2707.47 8634.24 10145.6 -1 2
1900.11 1304.83 3333.83 4054.45 1 1
18042.5 2203.32 26137.6 31836.7 -1 1
-8457.96 1925.64 20438.9 22203.7 1 2
event 52
31768.1 4420.35 46829.7 56880.3
-15457.4 3951.97 30738.9 34771
24650.1 3308.45 38847.7 46127.3 1 1
7118.03 1111.9 7982.06 10753 -1 1
-3931.46 2332.97 9802.12 10816.3 -1 2
-11525.9 1619 20936.7 23954.7 1 2
event 53
-18108.9 5038.73 40168.8 44457.2
24395.9 2209.86 38179.2 45467.4
7863.36 1986 13884.7 16080.2 -1 2
-3379.69 2240.9 8384.68 9314.39 -1 1
16532.5 223.865 24294.5 29387.2 1 2
-14729.3 2797.83 31784.1 35142.8 1 1
event 54
-6451.49 -12526.5 50453.4 52475.4
10025.1 11715.3 72184.3 73877.7
-3701.11 -8405.6 27505.2 28998.3 -1 1
-2750.38 -4120.89 22948.2 23477.1 1 1
7133.13 10012.5 59474.7 60732.1 -1 2
2891.93 1702.84 12709.6 13145.6 1 2
event 55
8491.95 -726.087 -40302.1 41309.7
-311.167 -14369 -33124.8 36241
-1089.44 -4826.05 -14085.1 14929.1 1 2
1501.15 -1378.06 -9702.98 9915.21 1 1
778.271 -9542.98 -19039.8 21311.9 -1 2
6990.8 651.975 -30599.1 31394.5 -1 1
event 56
-8450.15 -2639.1 -15685.9 18275.9
-6924.6 -2231.52 -82.6227 7907.48
-4104.45 -2787.33 447.569 4982.69 -1 2
-3316.94 -1608.13 -3839.45 5323.6 1 1
-5133.21 -1030.97 -11846.5 12952.3 -1 1
-2820.14 555.805 -530.192 2924.79 1 2
event 57
-441.578 39734.4 14908.5 42554.3
-3659.86 -6985.08 3859.62 9309.85
-2203.1 -3374.41 315.182 4043.61 1 2
918.138 4775.07 2096.46 5296.28 1 1
-1456.76 -3610.67 3544.44 5266.24 -1 2
-1359.72 34959.3 12812.1 37258 -1 1
event 58
-23566.5 40034.1 22207.5 51583.6
5066.07 -12510.4 10587.2 17431.4
-16706 25512.2 14326.8 33693.2 -1 1
-6860.53 14521.8 7880.71 17890.4 1 1
2194.79 -8787.07 6020.23 10875.8 -1 2
2871.28 -3723.33 4566.97 6555.59 1 2
event 59
-18198.6 30963.1 14296.9 38780.1
3757.21 -10691.9 7792.3 14097.6
-12774 23861.7 11582.2 29440 -1 1
-5424.63 7101.42 2714.71 9340.11 1 1
1638.36 -7633.1 6493.59 10155.1 -1 2
2118.84 -3058.79 1298.71 3942.53 1 2
event 60
-4054.52 5836.66 773.203 7790.83
6939.69 -4061.17 -25135.9 26571.8
2622.57 -3324.36 -12422.1 13124.3 -1 2
-232.314 2851.39 663.081 2938.58 -1 1
-3822.2 2985.27 110.122 4852.26 1 1
4317.11 -736.815 -12713.9 13447.4 1 2
event 61
11700.8 645.396 23286 26251.7
-2796.31 -4340.41 8209.55 10180.7
-2705.91 -1879.54 3182.55 4581.96 1 2
5141.83 -1110.01 11569 12709.2 1 1
-90.3957 -2460.87 5027 5598.75 -1 2
6558.96 1755.41 11716.9 13542.5 -1 1
event 62
18728.6 -9910.08 -32512.9 38931.3
-5021.03 5636.08 12887.3 15252.8
-2690.32 4090.43 5559.09 7408.38 1 2
7910.26 -2516.18 -12078.4 14656.2 1 1
-2330.71 1545.65 7328.19 7844.41 -1 2
10818.3 -7393.9 -20434.4 24275.2 -1 1
event 63
16412.2 -10446 -26448.3 32978.5
-3581.55 5616.91 11834.4 13929.1
-3402.59 3072.51 9088.43 10179.8 1 2
5513.68 -1853.2 -8067.07 9946.05 1 1
-178.965 2544.4 2745.92 3749.3 -1 2
10898.5 -8592.79 -18381.3 23032.5 -1 1
event 64
2478.53 9514.74 14886.2 18107
9333.29 2733.31 17074.5 19892.5
3941.89 294.397 4472.15 5969.63 -1 2
784.172 2437.46 1795.34 3128.98 -1 1
1694.36 7077.29 13090.9 14978 1 1
5391.4 2438.91 12602.4 13922.9 1 2
event 65
-9973.08 8160.16 46521.3 48372.3
5847.81 -5486.18 27979.2 29269.8
2824.77 -4639.23 16698.2 17559.7 -1 2
-2142.31 3584.66 15322.8 15882 1 1
-7830.77 4575.5 31198.5 32490.2 -1 1
3023.03 -846.955 11280.9 11710.1 1 2
event 66
-8438.88 -1738.82 -25086.2 26704.8
8520.18 -6298.91 -45951.4 47258.8
2755.46 -3676.64 -16116.4 16758.9 1 2
-3284.66 -2238.55 -10920.6 11622 -1 1
5764.72 -2622.27 -29835 30499.9 -1 2
-5154.22 499.731 -14165.6 15082.8 1 1
event 67
-9151.53 -4678.62 -6.3686 10734.6
8087.04 3838.37 -25217.5 26937.8
3790.35 1196.92 -15335.7 15842.8 1 2
-2499.93 -2400.07 1052.64 3623.42 -1 1
-6651.6 -2278.55 -1059.01 7111.13 1 1
4296.69 2641.45 -9881.79 11095 -1 2
event 68
17869.5 7145.25 -23677.1 30668.7
31561.1 39773.6 -82036.3 96527.6
15714.2 6811.96 -19488.5 25945.2 1 1
2155.29 333.292 -4188.52 4723.48 -1 1
15008 21368.5 -41666.3 49172.6 -1 2
16553.2 18405.2 -40369.9 47355 1 2
event 69
-4956.8 1691.92 -8993.85 10858.8
8540.13 -7467.46 -14904.9 18985.3
-3167.67 -380.197 -6029.06 6821.98 1 1
-1789.14 2072.12 -2964.78 4036.81 -1 1
4252.31 -4594.62 -10371.9 12115.3 -1 2
4287.82 -2872.85 -4532.99 6870.06 1 2
event 70
-1154.97 -8621.96 4548.71 10293.1
1832.37 8412.83 -804.57 9185.4
573.427 4241.2 1113.15 4423.45 -1 2
939.365 -3279.1 1046.99 3569.63 1 1
-2094.33 -5342.86 3501.72 6723.51 -1 1
1258.94 4171.62 -1917.72 4761.95 1 2
event 71
-6483.62 7539.23 -46928.3 48070.1
7546.05 -3668.71 -16838.8 19066.7
-3561.22 6294.13 -33205.9 33984.5 1 1
-2922.4 1245.1 -13722.3 14085.6 -1 1
1928.52 -1225.83 -2100.3 3105.53 -1 2
5617.52 -2442.88 -14738.5 15961.2 1 2
event 72
4822.51 4442.25 3448.32 8029.45
-10993.3 -2015.49 40860.3 42474.3
3930.6 1574.09 1804.35 4603.72 -1 1
891.91 2868.16 1643.97 3425.74 1 1
-6419.78 -2706.85 24075.4 25063.5 1 2
-4573.47 691.368 16784.9 17410.9 -1 2
event 73
-10181.2 -7581 -36308.4 38587.8
-2845.73 8704.84 -25799.1 27551
-1194.54 7562.34 -20376.6 21767.7 -1 2
-1474.68 -2712.08 -8376.76 8928.12 1 1
-8706.51 -4868.92 -27931.6 29659.7 -1 1
-1651.19 1142.5 -5422.51 5783.29 1 2
event 74
-11045.8 -11743.9 -42256.2 45333.3
-8327.67 19771.3 -60495.8 64261.9
-2819.46 6832.16 -16679.4 18244 1 2
-2072.98 -3234.83 -7229.91 8188.05 1 1
-5508.21 12939.2 -43816.3 46017.9 -1 2
-8972.86 -8509.06 -35026.3 37145.2 -1 1
event 75
-2837.11 9166.56 5285.15 11384.2
-3812.64 -8616.11 -284.248 9921.97
-2827.33 -3228.38 -970.46 4401.05 -1 2
-34.5735 3908.95 975.963 4030.48 -1 1
-2802.54 5257.61 4309.19 7353.71 1 1
-985.302 -5387.73 686.212 5520.92 1 2
event 76
6802.58 -5648.49 -47567.1 48480.9
-7130.25 2671.28 -1694.44 8392.73
-3763.22 -208.259 -504.364 3804.05 1 2
629.955 -2199.26 -10861.2 11100 -1 1
6172.63 -3449.23 -36705.9 37381 1 1
-3367.02 2879.54 -1190.07 4588.69 -1 2
event 77
-19206 1075.56 -4065.21 19903.4
-15500.3 11714.3 -6399.53 20688.9
-10637.2 9519.92 -3915.63 14802.8 1 2
-6074 -1095.96 -1309.69 6310.39 1 1
-4863.15 2194.37 -2483.9 5886.12 -1 2
-13132 2171.51 -2755.53 13593 -1 1
event 78
-12335.1 9121.12 -4463.99 16274.8
-20396 286.2 -6150.03 21528.9
-6852.22 -652.762 -777.489 6927.81 -1 2
-4274.57 1554.21 -1865.53 4917.2 1 1
-13543.8 938.962 -5372.54 14601 1 2
-8060.57 7566.9 -2598.46 11357.6 -1 1
event 79
-8519.86 -11780.7 -3083.82 15181.4
-1549.84 14058.5 22735.4 26954.3
-5388.49 -8325.45 -3455.25 10502.3 -1 1
-3131.37 -3455.29 371.433 4679.07 1 1
-2352.03 12129.4 18786.5 22485.5 -1 2
802.193 1929.1 3948.89 4468.76 1 2
event 80
-6546.89 4899.09 23659.4 25223.4
13198.2 -6233.3 11561.4 18876
-4846.62 1767.44 14797.4 15671.2 -1 1
-1700.27 3131.65 8861.98 9552.18 1 1
10650.5 -4489.9 7521.24 13790.3 -1 2
2547.64 -1743.4 4040.14 5085.65 1 2
event 81
1435.06 -4565.55 5109.12 7654.82
2081.57 -11506.2 8354.18 14700.7
2171.5 -2282.44 2026.75 3747.51 1 1
-736.438 -2283.11 3082.37 3907.31 -1 1
2133.26 -5785.4 5681.41 8385.18 -1 2
-51.6872 -5720.82 2672.77 6315.48 1 2
event 82
7905.83 -100.008 7955.11 11635.6
8230.68 7929.47 24036.5 26794.8
5567.49 -1461.12 4971.48 7606.48 1 1
2338.34 1361.11 2983.62 4029.1 -1 1
3152.77 5088.76 11166.7 12670.5 1 2
5077.9 2840.72 12869.7 14124.3 -1 2
event 83
9451.26 6400.74 24577.7 27275.5
12126.2 90.7037 14183 18915.7
2964.24 -1276.01 3177.81 4530.4 -1 2
2430.76 2077.5 4103.89 5203.62 1 1
9161.97 1366.71 11005.2 14385.3 1 2
7020.5 4323.25 20473.8 22071.8 -1 1
event 84
11718.6 11223.1 33574.9 37418.6
16662.5 1831.51 19628.1 25997.1
13973.5 1256.43 17916.7 22756.4 1 2
5758.08 4959.23 12368.6 14517 -1 1
2689.06 575.078 1711.42 3240.66 -1 2
5960.55 6263.91 21206.3 22901.6 1 1
event 85
-5642.07 -6184.75 21521.8 23299.4
-9730.93 -240.269 18805.1 21400.3
-3190.85 -1420.63 5301.7 6349.71 -1 2
-1001.96 -3236.31 7187.1 7946.27 1 1
-6540.08 1180.36 13503.4 15050.5 1 2
-4640.11 -2948.44 14334.7 15353.1 -1 1
event 86
-4695.23 -1666.59 7158.48 9255.13
3329.88 -12744.2 1889.88 13662.5
-2378.1 -2303.11 3095.37 4533.45 -1 1
-2317.13 636.521 4063.11 4721.68 1 1
1889.21 -7202.21 -485.2 7462.41 1 2
1440.68 -5541.95 2375.08 6200.07 -1 2
event 87
-8340.06 -4921.98 1800.56 10325.4
11044.4 15986.7 -42767.7 47076.8
4261.96 5047.32 -11491.3 13255.2 -1 2
-2561.55 -987.548 1887.49 3333.25 1 1
6782.41 10939.4 -31276.4 33821.5 1 2
-5778.51 -3934.44 -86.9258 6992.12 -1 1
event 88
6189.78 -2916.26 -6682.1 10052.9
22337.7 5859.12 99030.4 101735
2946.72 1436.74 10641.1 11135.2 1 2
1124.11 -1670.65 -746.821 2150.25 1 1
19391 4422.38 88389.3 90599.3 -1 2
5065.67 -1245.61 -5935.28 7902.61 -1 1
event 89
28687.5 -1368.5 -19018.7 34585.4
20831.9 -1289.48 -11670.1 24112.5
20723.9 -385.934 -15167.3 25684.3 -1 1
7963.6 -982.569 -3851.4 8901.06 1 1
6309.04 -1714.22 -4244.75 7795.61 -1 2
14522.8 424.741 -7425.34 16316.9 1 2
event 90
21160.8 27.1562 -12555 24799.2
26547.9 -561.027 -13714.4 30046.3
10861.5 1458.48 -5808.6 12403.7 1 1
10299.2 -1431.32 -6746.43 12395.5 -1 1
13816.5 -1692.77 -7877.88 15994.8 1 2
12731.4 1131.74 -5836.47 14051.5 -1 2
event 91
-12346.3 -3206.46 4915.36 14016.6
3319.93 -6568.34 3831.89 8856.61
-6596.51 -3052.2 1862.98 7504.12 1 1
-5749.77 -154.258 3052.38 6512.44 -1 1
3071.67 -3094.51 1305.09 4552.53 -1 2
248.267 -3473.84 2526.8 4304.07 1 2
event 92
2598.19 -5788.8 2825.27 7604.83
-7448.64 -1689.49 3043.33 8785.75
-3121.83 -2054.46 553.999 3779.51 1 2
-280.61 -2935.05 724.331 3037.94 1 1
-4326.81 364.969 2489.33 5006.24 -1 2
2878.8 -2853.75 2100.94 4566.89 -1 1
event 93
-349.875 -14247.3 20919.5 25501.5
6716.4 6149.32 25231.9 27003
1006.24 -10957.7 16367.8 19723 -1 1
-1356.12 -3289.67 4551.75 5778.45 1 1
2272.75 1762.67 4421.27 5275.53 -1 2
4443.65 4386.65 20810.7 21727.5 1 2
event 94
5158.81 6633.88 -13057.5 15833.8
4379.47 -9270.5 3899.6 11398.2
1599.6 -3311.48 3026.83 4764.19 1 2
1250.68 3284.49 -7349.1 8146.93 1 1
2779.88 -5959.02 872.773 6634.04 -1 2
3908.13 3349.39 -5708.37 7686.91 -1 1
event 95
-13205.4 -8809.43 -11838.2 20043
-7534.4 -7589.83 16394.6 19817.9
-4322.38 -2191.75 7408.72 8853.65 1 2
-4338 -1259.32 -3022.2 5435.9 1 1
-8867.41 -7550.11 -8815.96 14607.1 -1 1
-3212.01 -5398.08 8985.9 10964.2 -1 2
event 96
-7899.3 -8515.73 -9554.86 15355.9
9179.89 4242.28 6743.42 12701.6
-5657.49 -4087.8 -6425.37 9487.56 -1 1
-2241.82 -4427.93 -3129.5 5868.32 1 1
7904.18 2125.16 5890.28 10084.6 -1 2
1275.71 2117.13 853.135 2616.99 1 2
event 97
5585 6383.34 10825.2 14096.7
-3230.68 -10258.7 9780.26 14863.5
-1032.22 -4795.29 2523.69 5517.29 1 2
2096.91 728.355 3967.84 4547.8 1 1
3488.09 5654.99 6857.41 9548.87 -1 1
-2198.46 -5463.42 7256.57 9346.19 -1 2
event 98
-13446.1 -477.205 29530.5 32659.7
5710.1 289.681 6387.45 9114.56
3660.32 -1315.31 4009.15 5586.81 1 2
-6215.38 -743.398 17884.2 18948.3 1 1
2049.78 1604.99 2378.3 3527.76 -1 2
-7230.71 266.193 11646.3 13711.4 -1 1
event 99
4615.79 5659.46 46373.6 47047.2
-3346.49 -5678.83 -4793.9 8718.97
3681.26 2078.26 25137.7 25490.9 -1 1
934.534 3581.2 21235.9 21556.3 1 1
-1424.69 -4814.15 -4145.19 6511.5 -1 2
-1921.8 -864.682 -648.702 2207.48 1 2
event 100
-10273.3 1024.65 53095.4 54178.5
7455.68 273.681 9367.11 12369.1
-5774.76 -843.683 31966.9 32495.4 -1 1
-4498.58 1868.33 21128.5 21683 1 1
4486.66 -28.6648 3184.21 5502.85 -1 2
2969.02 302.346 6182.9 6866.29 1 2
event 101
11041.2 868.969 1010.84 11544.5
5395.11 -5107.04 -395.08 8058.28
7706.66 1920.39 1239.29 8039.12 -1 1
3334.54 -1051.42 -228.457 3505.42 1 1
2548.06 -864.109 801.37 2809.39 -1 2
2847.05 -4242.93 -1196.45 5248.89 1 2
event 102
-1589.18 7458.88 -15979.1 17974.5
-1706.32 9953.23 -44279.5 45521.9
-1839.68 2574.7 -12172.9 12577.9 -1 2
-496.457 2741.44 -9400.49 9805.22 -1 1
133.36 7378.53 -32106.6 32944 1 2
-1092.72 4717.44 -6578.58 8169.28 1 1
event 103
-3287.54 17600.7 -12645 22137.8
-3067.65 -8172.28 -11162.4 14504.7
200.028 -3764.69 -4369.58 5772.11 1 2
-535.929 1965.17 -377.491 2074.31 -1 1
-2751.61 15635.5 -12267.5 20063.5 1 1
-3267.68 -4407.59 -6792.81 8732.58 -1 2
event 104
-5576.39 525.594 3740.96 7413.37
11815.5 333.513 -13248.5 18023.1
-3636.25 1747.63 1850.94 4440 -1 1
-1940.14 -1222.04 1890.02 2973.36 1 1
7377.65 1611.67 -7438.77 10600.6 1 2
4437.89 -1278.16 -5809.69 7422.41 -1 2
event 105
-6137.86 1304.2 5715.11 9034.81
9718.72 -193.611 -11201.6 15151.2
4112.83 74.7518 -7073.68 8183.46 -1 2
-2381.87 -485.2 728.781 2539.88 -1 1
5605.89 -268.362 -4127.97 6967.74 1 2
-3755.99 1789.4 4986.33 6494.93 1 1
event 106
6075.35 9761.83 -20631.7 23821.4
9162.51 6564.85 -10090.5 15442.1
4248.61 6567.83 -16665.7 18410.4 1 1
1826.74 3194 -3965.93 5410.95 -1 1
6807.29 5877.47 -9098.29 12793.5 -1 2
2355.22 687.388 -992.189 2648.62 1 2
event 107
-12848.1 9208.7 -48725.7 51319.2
2046.37 -12215.3 -30636.9 33190.6
1404.92 -9703.69 -26982.1 28708.5 -1 2
-4752.93 1679.12 -16106 16876.7 -1 1
-8095.21 7529.58 -32619.7 34442.5 1 1
641.447 -2511.61 -3654.87 4482.07 1 2
event 108
4242.19 5927.1 -2477.06 8297.8
7532.19 9575.78 -703.493 12590.3
2896.75 1661.74 -720.557 3418.02 -1 2
1809.73 2596.4 -2706.57 4165.7 1 1
4635.44 7914.04 17.0645 9172.29 1 2
2432.46 3330.69 229.51 4132.1 -1 1
event 109
1964.94 -7458.45 18639.9 20408.9
6859.2 2745.49 4966.5 9425.67
2218.84 -4159.38 8228.31 9483.67 -1 1
-253.905 -3299.06 10411.6 10925.3 1 1
5318.64 716.646 4019.24 6705.74 -1 2
1540.56 2028.84 947.259 2719.92 1 2
event 110
-1174.85 15912.5 -36023.4 39520.4
1039.53 -6455.51 -19153 20473.9
-2162.44 12152.4 -28221.8 30803.2 1 1
987.591 3760.1 -7801.54 8717.16 -1 1
1748.6 -2394.15 -10082.5 10509.9 -1 2
-709.069 -4061.36 -9070.46 9964.03 1 2
event 111
608.795 -12570.8 -38453.6 40579.2
-2653.69 19372.1 -40777.6 45329.1
-1351.92 4666.02 -7683.33 9090.88 1 2
-265.493 -4525.06 -9687.37 10695.9 -1 1
-1301.77 14706.1 -33094.3 36238.2 -1 2
874.289 -8045.73 -28766.3 29883.2 1 1
event 112
3917.81 -7524.77 -10318.1 13712.2
-6719.84 4688.87 -14656.3 17074.6
-5182.06 1998.78 -10617.2 11982.7 -1 2
2683.19 -2020.06 -4385.85 5525.12 1 1
1234.62 -5504.71 -5932.21 8187.09 -1 1
-1537.78 2690.09 -4039.1 5091.84 1 2
event 113
3692.72 -4202.81 11149.6 12853.2
-6904.58 6398.06 33152 34601.4
3399.75 -1873.82 5484.92 6720.49 1 1
292.967 -2328.99 5664.71 6132.71 -1 1
-2976.36 4342.61 21459.3 22095.9 -1 2
-3928.22 2055.45 11692.7 12505.4 1 2
event 114
354.676 10001.5 18328.8 21205.9
-17944.5 -4029.27 64692.2 67326.9
-221.212 5538.15 13553.2 14643.1 1 1
575.888 4463.32 4775.56 6562.77 -1 1
-12484.8 -1339.57 44372.2 46114.7 -1 2
-5459.68 -2689.7 20320 21212.2 1 2
event 115
-1471.7 11197.4 13242.2 17677.5
-5947.5 -8940.57 29976.4 31991.9
-1876.07 -5028.92 17318.2 18131.2 -1 2
-330.098 2051.78 4572.23 5023.46 -1 1
-1141.6 9145.57 8670 12654 1 1
-4071.43 -3911.65 12658.2 13860.7 1 2
event 116
4153.15 -4917.32 -10361.1 12584.9
6238.84 -1749.49 -22915.4 24014.4
2215.58 -2159.05 -8685.67 9220.75 1 2
2339.45 -1163.1 -6027.72 6570.42 -1 1
1813.7 -3754.22 -4333.43 6014.44 1 1
4023.26 409.565 -14229.8 14793.6 -1 2
event 117
-121.456 6689.33 -2921.83 7930.31
2068.18 -17956.9 -19314.7 26634.1
253.71 4666.82 -425.933 4694.27 1 1
-375.165 2022.51 -2495.89 3236.04 -1 1
1270.38 -9919.95 -8432.78 13082.1 -1 2
797.798 -8036.99 -10881.9 13552 1 2
event 118
6823.6 -6194.66 1376.52 9819.39
-624.66 12952.6 -9555.3 16402.8
932.715 5518.96 -5234.09 7663.92 -1 2
800.716 -2546.09 564.562 2730.13 -1 1
-1557.38 7433.64 -4321.21 8738.91 1 2
6022.89 -3648.57 811.955 7089.27 1 1
event 119
-85.7825 17975.5 -12009.3 21839
6097.92 -8455.32 -547.822 10888.9
4425.8 -4647.67 905.742 6482.29 -1 2
1301.39 5553.76 -4408.31 7209.87 -1 1
-1387.18 12421.7 -7601 14629.1 1 1
1672.11 -3807.65 -1453.56 4406.61 1 2
event 120
-1479.28 9074.75 -2650.68 10254.4
7336.83 -2803.6 -5505.95 10079.4
3620.85 43.4096 -1513.98 3926.29 -1 2
-1789.7 1542.35 -706.497 2468.23 -1 1
310.414 7532.4 -1944.18 7786.17 1 1
3715.98 -2847.01 -3991.98 6153.13 1 2
event 121
1786.67 -7456.75 3122.66 8839.51
6861.87 1590.94 11378.8 13736.2
3484.4 2222.51 4979.92 6472.35 1 2
1752.75 -3333.86 2815.47 4703.7 -1 1
3377.47 -631.567 6398.93 7263.86 -1 2
33.9119 -4122.89 307.187 4135.81 1 1
event 122
825.686 16260.9 -35598.5 39318.4
13.3865 -13608.3 -66506 67954.6
1082.51 -6323.51 -25653.3 26443.6 -1 2
1827.39 4244.34 -9183.43 10281.1 1 1
-1001.7 12016.5 -26415.1 29037.3 -1 1
-1069.12 -7284.83 -40852.7 41511.1 1 2
event 123
-5753.74 -6784.07 26670.3 28284.8
-4526.12 2605.52 -15506.4 16652.8
-1923.34 -4491.82 15605.7 16353.1 1 1
-3830.4 -2292.25 11064.7 11931.7 -1 1
-1671.39 2717.06 -7482.79 8135.06 -1 2
-2854.73 -111.535 -8023.63 8517.73 1 2
event 124
9430.48 -1203.61 -10395.5 14423.6
1253.7 -6357.87 -87.403 7182.82
2060.81 -3962.57 -834.579 4544.96 1 2
4856.41 815.133 -4292.93 6533.72 1 1
-807.114 -2395.3 747.176 2637.86 -1 2
4574.08 -2018.74 -6102.54 7889.85 -1 1
event 125
12714.4 961.749 1428.06 13198.9
-10149.6 -10613.6 -111.325 15141.4
-2966.27 -5708.6 195.993 6437.12 -1 2
5993.19 -992.495 117.089 6076.86 1 1
-7183.3 -4905.02 -307.318 8704.29 1 2
6721.2 1954.24 1310.97 7122.04 -1 1
event 126
11774.9 3439.29 2496.65 12895.8
-12675.7 -13240.7 501.177 18596.5
8502.15 3420.41 2860.74 9601.08 -1 1
3272.77 18.8807 -364.085 3294.71 1 1
-12046.5 -11321.2 87.92 16532 -1 2
-629.142 -1919.47 413.257 2064.5 1 2
event 127
12139.8 668.112 1342.78 12618
-8791.73 -1763.28 16235.3 18803.7
8629.28 515.008 -479.159 8658.55 1 1
3510.49 153.105 1821.94 3959.5 -1 1
-1917.65 864.734 3120.64 3764.93 -1 2
-6874.08 -2628.01 13114.7 15038.8 1 2
event 128
8599.88 -274.559 -787.471 9178.55
-6801.68 -1054.41 15713.1 17431.8
4699.43 -1207.84 692.217 4902.43 1 1
3900.45 933.283 -1479.69 4276.12 -1 1
-2281.58 -273.133 9076.75 9363.7 -1 2
-4520.1 -781.278 6636.37 8068.1 1 2
event 129
-6412.64 -7683.85 -35842.7 37342.4
7532.5 10718.1 -2434.27 13679.6
3333.05 3071.51 280.947 4542.41 -1 2
-2158.12 -2889.75 -8078.29 8847.49 1 1
4199.45 7646.57 -2715.22 9137.23 1 2
-4254.52 -4794.1 -27764.4 28494.9 -1 1
event 130
10658.7 -9499.78 4423.66 15264.8
-3715.19 10230.1 -23334.3 25933.3
5845.54 -5607.15 4064.49 9063.21 1 1
4813.2 -3892.63 359.163 6201.58 -1 1
-2520.29 3906.01 -7297.48 8652.93 -1 2
-1194.9 6324.04 -16036.8 17280.4 1 2
event 131
193.297 -7768.21 -21954.8 23494.4
-11967.8 3007.28 3087.04 13091.7
-3400.92 151.87 2113.79 4008.56 -1 2
803.686 -2167.14 -3477.64 4177.03 1 1
-8566.87 2855.41 973.255 9083.12 1 2
-610.388 -5601.07 -18477.2 19317.4 -1 1
event 132
7411.78 -6070.56 -2099.92 10285.3
2640.49 4443.93 1028.84 6113.1
4737.62 -2633.59 63.0416 5421.81 -1 1
2674.15 -3436.97 -2162.96 4863.48 1 1
484.06 3090.19 1579.96 3505.85 -1 2
2156.43 1353.74 -551.126 2607.25 1 2
event 133
-10850.1 -5898.17 -58339.7 59712.9
15613.4 4425.62 -53337.6 55837.7
13185.1 2511.76 -42794.6 44850.2 1 2
-2831.32 -3131.78 -17645.1 18143.5 1 1
2428.25 1913.87 -10543 10987.5 -1 2
-8018.81 -2766.39 -40694.6 41569.4 -1 1
event 134
3041.01 -10799.5 6919.3 13540.4
-1524.29 -5950.14 -1886.17 7132.89
-445.756 -4197.34 164.765 4225.48 -1 2
1962.35 -2531.04 1169.3 3411.07 -1 1
1078.66 -8268.44 5750 10129.4 1 1
-1078.53 -1752.8 -2050.93 2907.41 1 2
event 135
-1064.87 -6508.18 -19663.9 20970.2
-2036.47 8148.7 -3786.47 9719.94
741.457 3017.75 -1502.07 3453.1 -1 2
1036.35 -1968.79 -7303.59 7635.69 1 1
-2777.92 5130.96 -2284.41 6266.84 1 2
-2101.23 -4539.4 -12360.3 13334.5 -1 1
event 136
-10680.6 6780.38 -4343.43 13729.7
8215.6 -5475.26 -155.619 10539.8
-7557.25 5908.81 -4226.12 10483.2 -1 1
-3123.37 871.57 -117.316 3246.53 1 1
541.185 -2052.21 150.395 2130.31 -1 2
7674.42 -3423.05 -306.013 8409.45 1 2
event 137
-10162.3 1448.17 26030.2 28151.9
11040.8 510.787 18181.1 21501.2
3991.97 1676.07 6660.61 7944.81 1 2
-3143.26 1055.54 12120.5 12566.3 -1 1
7048.78 -1165.28 11520.4 13556.4 -1 2
-7019.09 392.631 13909.7 15585.6 1 1
event 138
-12112.2 456.131 32640.3 34955.6
11145.3 348.599 17064.9 20619
5517.84 441.377 5756.09 7986.56 -1 2
-4738.66 748.524 16952.6 17618.6 1 1
-7373.54 -292.394 15687.7 17336.9 -1 1
5627.42 -92.7783 11308.8 12632.4 1 2
event 139
-7838.05 2864.23 3508.96 9567.86
2091.54 -9127.65 3559.11 10485.5
2087.84 -3876.39 566.352 4440.43 1 2
-2053.67 349.925 2370.97 3157.95 -1 1
-5784.38 2514.3 1137.99 6409.91 1 1
3.6958 -5251.26 2992.75 6045.12 -1 2
event 140
-119793 -14508.8 27619.3 123828
-15296.6 5275.81 2088.03 16606.4
-10185.1 4909.94 1981.3 11479.5 1 2
-28364.5 -3571.67 7887.69 29656.8 1 1
-5111.55 365.872 106.726 5126.83 -1 2
-91428.5 -10937.1 19731.6 94170.8 -1 1
event 141
-5075.5 4244.19 -11162.8 13340.7
18185 -93.927 -71077.4 73432.2
3141.43 -567.348 -8797.33 9359.2 1 2
-1843.36 1224.13 -1396.52 2618.76 1 1
15043.6 473.422 -62280.1 64073 -1 2
-3232.14 3020.06 -9766.29 10721.9 -1 1
event 142
2489.08 8967 3051.88 10271.7
-4931.68 -6791.57 5347.33 10422.7
-2954.6 -1572.61 1707.91 3759.11 1 2
2114.96 2500.28 1533.99 3617.84 1 1
374.122 6466.72 1517.89 6653.84 -1 1
-1977.08 -5218.96 3639.42 6663.55 -1 2
event 143
10756.1 -5929.98 -54220.8 55680.7
-7020.36 -5097.12 10500.6 13968.5
6357.13 -4239.61 -39190.9 39929 1 1
4398.94 -1690.37 -15029.9 15751.8 -1 1
-2433.92 -2480.59 2149.74 4087.76 -1 2
-4586.44 -2616.53 8350.82 9880.74 1 2
event 144
-642.668 5753.45 -10481.8 12368.4
3704.36 -13671.2 -10068.2 17651.7
877.983 3224.09 -7289.38 8019.47 1 1
-1520.65 2529.36 -3192.44 4348.9 -1 1
3118.85 -8333.23 -7756.25 11804.3 -1 2
585.513 -5337.93 -2311.98 5847.45 1 2
event 145
17299.1 13470.7 -109205 111427
-3129.68 -13561.2 -497.986 14266.8
-108.496 -5516.5 -1188.48 5645.1 -1 2
3147.23 1194.56 -19195.2 19488.4 1 1
14151.9 12276.2 -90009.7 91938.8 -1 1
-3021.19 -8044.71 690.496 8621.65 1 2
event 146
-5185.46 -14507.1 -984.003 15745
11436.4 8742.81 -73139.5 74607
-4272.7 -10323.8 -1980.1 11347.6 -1 1
-912.759 -4183.32 996.101 4397.35 1 1
10176.9 6372.56 -57808.9 59042.9 -1 2
1259.5 2370.26 -15330.6 15564.1 1 2
event 147
6226.05 -2060.73 -1216.15 7353.92
-1791.32 -11102.8 -953.188 11703.9
4336.7 -1095.18 656.452 4522 1 1
1889.36 -965.557 -1872.61 2831.92 -1 1
305.939 -6451.37 235.483 6463.77 -1 2
-2097.26 -4651.47 -1188.67 5240.11 1 2
event 148
7400.62 -688.756 -2579.6 8455.08
-1333.09 -12593.6 345.085 13041.7
-997.77 -3846.34 1421.18 4221.47 -1 2
3376.74 -557.944 -2797.74 4421.78 1 1
-335.325 -8747.3 -1076.1 8820.25 1 2
4023.88 -130.813 218.139 4033.29 -1 1
event 149
-6778.74 -7767.74 8012.63 13419.5
8606.15 -1721.81 28980.4 30438.3
4394.52 675.568 13085 13820.1 1 2
-996.392 -3322.8 2558.57 4311.76 1 1
-5782.35 -4444.94 5454.06 9107.75 -1 1
4211.63 -2397.38 15895.5 16618.1 -1 2
event 150
5972.73 1890.13 -633.787 7016.92
19018.1 -3895.16 -8161.72 21285.3
3654.48 1099.33 1147.51 3986.44 -1 1
2318.25 790.802 -1781.3 3030.48 1 1
14138.2 -1672.46 -5189.28 15153.4 1 2
4879.87 -2222.71 -2972.45 6131.9 -1 2
event 151
23563.8 -3787.72 -9681.48 25940.7
6894.63 625.639 -487.094 7599.69
14109.9 -3328.28 -7021.94 16108.5 1 1
9453.91 -459.432 -2659.54 9832.18 -1 1
4507.85 -508.634 -1482.72 4773.79 -1 2
2386.77 1134.27 995.629 2825.9 1 2
event 152
10305.1 5595.67 6458.54 13740.8
-5887.44 -18507.4 25469.1 32178.5
-1252.69 -4168.09 3766.94 5757.01 -1 2
3703.53 2246.36 4114.71 5975.31 1 1
-4634.75 -14339.3 21702.2 26421.4 1 2
6601.54 3349.31 2343.83 7765.49 -1 1
event 153
-5425.62 -16649.8 24273 30090.2
7218.71 4428.03 6455.18 11089.5
2575 3041.24 1818.56 4381.57 -1 2
-641.731 -1997.85 4915.89 5346.07 -1 1
-4783.89 -14651.9 19357.1 24744.1 1 1
4643.7 1386.78 4636.63 6707.95 1 2
event 154
-2903.62 24187.6 -20070.9 31716
2357.71 -6443.31 -19681 21071.5
-3447.53 17182.2 -14615.4 22819.6 -1 1
543.913 7005.44 -5455.55 8896.41 1 1
2713.74 -3212.7 -12488.5 13178 -1 2
-356.032 -3230.61 -7192.53 7893.5 1 2
event 155
3185.84 -7435.87 34183.5 35264
-3389.8 6403.98 1733.14 8068.22
-2531.44 2359.36 1860.28 3930.22 1 2
1914.16 -1731.69 7061.25 7518.98 1 1
1271.68 -5704.18 27122.3 27745 -1 1
-858.357 4044.62 -127.145 4138 -1 2
event 156
7885.69 -2406.39 680.666 8833.4
7665.06 -4223.71 -2638.95 9651.36
3977.77 -1247.64 111.103 4171.67 1 2
1944.37 547.91 852.215 2195.04 1 1
5941.32 -2954.3 -171.55 6638.36 -1 1
3687.29 -2976.07 -2750.05 5479.69 -1 2
event 157
3077.02 9284.03 -1417.97 10356.8
-5597.93 -1890.12 -23290.4 24226.9
3117.85 5993.05 -1924.52 7025.14 -1 1
-40.8337 3290.98 506.545 3331.66 1 1
-1381.79 -1675.17 -11484.3 11688.3 -1 2
-4216.14 -214.953 -11806.1 12538.6 1 2
event 158
10591.6 -7196.17 -21581.2 25284.5
1149.06 7750.68 -897.423 8472.89
-1027.94 2820.3 25.7487 3003.76 -1 2
2560.45 -669.916 -2895.17 3924.01 1 1
8031.17 -6526.25 -18686 21360.5 -1 1
2177.01 4930.37 -923.172 5469.13 1 2
event 159
-7439.75 1829.05 282.837 8268.39
-13949.4 2427.11 -1045.01 14531.3
-4751.79 92.69 -931.146 4844.2 1 1
-2687.96 1736.36 1213.98 3424.18 -1 1
-7058.28 1993.2 -1888.9 7574.38 -1 2
-6891.13 433.91 843.887 6956.96 1 2
event 160
-9237.46 1074.38 -584.851 9819.26
-6117.07 1513.97 -692.58 7055.59
-5190.77 1825.67 597.083 5535.78 -1 1
-4046.69 -751.287 -1181.93 4283.48 1 1
-1693.42 1920.75 -30.9074 2563.02 -1 2
-4423.65 -406.784 -661.673 4492.57 1 2
event 161
-650.128 -8248.32 -6582.07 11016.8
-1776.83 8357.53 1475.15 9207.22
786.168 3461.49 785.394 3637.03 -1 2
926.609 -2131.37 -2850.23 3679.18 -1 1
-1576.74 -6116.94 -3731.84 7337.63 1 1
-2563 4896.04 689.755 5570.2 1 2
event 162
-7965.55 -528.245 -20443.1 22163.9
-10995 2665.72 -28033.9 30388.9
-3670.49 2333.5 -11770.4 12548.8 1 2
-2441.08 783.734 -3857.52 4633 1 1
-7324.5 332.214 -16263.5 17840.1 -1 2
-5524.47 -1311.98 -16585.6 17530.9 -1 1
event 163
10251.4 4977.89 -48262.4 49686.3
-8359.2 2148.06 -2846.94 9601.36
-4916.73 2802.48 -1628.35 5889.89 -1 2
5279.4 1183.22 -26265.5 26817.2 1 1
4971.99 3794.66 -21996.9 22869.1 -1 1
-3442.47 -654.421 -1218.59 3711.47 1 2
event 164
11248.5 6732.88 -52904.1 54592.1
-7781.4 2601.07 -2722.85 9182.62
-5214.01 1389.15 -228.134 5401.74 1 2
5137.73 4054.84 -31459.5 32133.3 1 1
-2567.39 1211.91 -2494.72 3780.88 -1 2
6110.81 2678.05 -21444.6 22458.8 -1 1
event 165
-6209.12 3802.67 -15710.6 17590.6
980.625 -17576.5 -985.216 17901.3
-4054.21 3959.06 -12427.7 13659.1 1 1
-2154.91 -156.392 -3282.91 3931.51 -1 1
420.491 -9931.95 -2083.03 10157.3 -1 2
560.134 -7644.53 1097.81 7743.96 1 2
event 166
3207.72 -28958.7 -569.729 29373.6
-6106.05 5550.3 -14738.6 17172.8
1899.89 -23335.3 -1756.36 23478.5 -1 1
1307.83 -5623.43 1186.63 5895.14 1 1
-730.594 2354.73 -5350.28 5891.96 -1 2
-5375.46 3195.56 -9388.28 11280.9 1 2
event 167
8553.65 -5351.38 -55576.7 56570
6173.93 9899.39 -33618.6 35720
1709.24 4990.58 -12075.4 13177.8 -1 2
1230.62 -2291.57 -12511.6 12779.5 -1 1
7323.03 -3059.82 -43065.1 43790.4 1 1
4464.69 4908.8 -21543.2 22542.2 1 2
event 168
4231.03 -6321.14 -27181.9 28395.5
-2751.18 12102.7 -31954.4 34419.7
-1504.4 10187.1 -23423.1 25587 1 2
1515.22 -2785.54 -16789.6 17086.7 -1 1
-1246.78 1915.62 -8531.26 8832.76 -1 2
2715.81 -3535.6 -10392.4 11308.8 1 1
event 169
-4147.02 7449.92 -122.35 9072.24
9568.94 -4524.03 53115.2 54248
2884.14 -2796.01 23267.7 23612.1 -1 2
-521.857 3950.96 395.727 4006.26 1 1
6684.79 -1728.02 29847.5 30635.9 1 2
-3625.16 3498.96 -518.078 5065.97 -1 1
event 170
8516.6 -2325.96 48617.3 49509.4
-3005.6 7049.26 1662.9 8431.03
4032.23 -2655.21 27118.4 27545 1 1
4484.37 329.251 21498.9 21964.4 -1 1
-2738.23 4857.62 -139.393 5578.97 -1 2
-267.369 2191.64 1802.29 2852.05 1 2
event 171
1912.58 -8495.4 -29812.7 31212.5
9739.98 -9258.46 -27716.3 30957.6
1839.09 -3666.7 -8708.95 9627.25 -1 2
1809.02 -3470.36 -9254.99 10049 1 1
7900.89 -5591.76 -19007.4 21330.3 1 2
103.568 -5025.04 -20557.7 21163.5 -1 1
event 172
6488.02 -5492.64 -21625.9 23442.1
4595.98 -12709.7 -42074.2 44300
1090.6 -5066.29 -20488.4 21133.9 1 2
2880.49 -851.881 -9539.2 10001.5 -1 1
3505.38 -7643.41 -21585.8 23166.1 -1 2
3607.53 -4640.75 -12086.7 13440.6 1 1
event 173
11948.3 2889.75 -43263.2 45082.3
-2738.94 -8076.45 -14148.6 16807.8
9342.97 910.369 -33025.3 34333.7 -1 1
2605.35 1979.38 -10237.9 10748.6 1 1
-1981.81 -1593.65 -4010.56 4750.06 -1 2
-757.125 -6482.8 -10138 12057.8 1 2
event 174
-5993.81 6093.83 -10483 13876
4761.27 -4618.67 305.659 7327.02
4143.67 -2167.77 810.659 4747.38 -1 2
-3808.66 1690.87 -4553.81 6173.59 1 1
-2185.15 4402.95 -5929.21 7702.44 -1 1
617.597 -2450.91 -505 2579.64 1 2
event 175
4488.09 5413.61 11679.4 13980.3
680.584 -10725.6 32488 34359.3
-131.557 -3864.99 16405 16855 -1 2
2705.5 947.59 4620.76 5438.77 -1 1
812.141 -6860.58 16083 17504.3 1 2
1782.58 4466.02 7058.6 8541.54 1 1
event 176
-3925.35 -3481.43 6809.03 9352.88
18976.3 -123.09 54152.3 57464.6
-952.831 -3258.78 3154.7 4635.82 -1 1
-2972.52 -222.654 3654.32 4717.06 1 1
12362.3 1387.91 35444.4 37564.2 1 2
6614 -1511 18707.9 19900.4 -1 2
event 177
14518.6 4275.1 30521.7 34208.7
17193.1 19512.4 18601.5 32123.9
8370.1 3491.5 20619.2 22525.8 1 1
6148.51 783.6 9902.49 11682.8 -1 1
11026.4 11808.3 13267.3 20905.8 1 2
6166.72 7704.11 5334.12 11218.1 -1 2
event 178
6225.11 9058.99 -4531.69 12285.9
-6379.56 3895.5 -14512.3 16615.4
4116.97 5906.62 -1331.53 7322.69 -1 1
2108.13 3152.37 -3200.16 4963.25 1 1
-1058.38 2018.59 -5825.34 6256.25 -1 2
-5321.18 1876.91 -8687 10359.2 1 2
event 179
8529.13 -3301.69 4369.02 10598.4
-7262.2 799.143 12237 14584.7
6413.73 -970.837 3249.18 7255.81 1 1
2115.4 -2330.85 1119.84 3342.6 -1 1
-2168 -333.37 1540.14 2682.26 -1 2
-5094.21 1132.51 10696.9 11902.4 1 2
event 180
-10304.8 7197.38 1570.34 13040.3
10530.4 -4594.13 -31526 33696.8
8332.94 -2587.8 -20591.1 22363.8 1 2
-3601.98 3000.62 -857.526 4767.02 1 1
2197.5 -2006.33 -10934.9 11333.1 -1 2
-6702.83 4196.76 2427.87 8273.24 -1 1
event 181
-13224.6 12036.2 4212.92 18630.6
7999.62 -2836.67 -17923.4 20071.8
3823.11 -1850.46 -12192.1 12911.2 1 2
-3046.4 1815.16 1890.41 4019.97 1 1
-10178.2 10221.1 2322.51 14610.7 -1 1
4176.51 -986.208 -5731.26 7160.61 -1 2
event 182
8357.75 -282.008 -1589.73 9058.13
1807.46 -7283.66 -3226.27 8736.06
91.057 -3357.24 18.1279 3360.18 -1 2
2358.54 -669.074 810.308 2584.21 1 1
5999.21 387.066 -2400.03 6473.92 -1 1
1716.4 -3926.42 -3244.39 5375.88 1 2
event 183
5437.06 6623.85 -36452.8 37574.4
2811.37 5151.91 -10832.4 12703.5
3039.84 4479.61 -28224.7 28739.4 1 1
2397.22 2144.23 -8228.07 8834.97 -1 1
-287.979 2120.67 -4963.6 5406.35 -1 2
3099.34 3031.24 -5868.8 7297.14 1 2
event 184
16063.1 -1454.72 20082.8 26020.1
-6086.45 863.497 3738.36 7833.06
11812.1 -559.24 12027.6 16867.5 -1 1
4251 -895.478 8055.17 9152.58 1 1
-3713.66 237.577 481.424 3753.75 -1 2
-2372.78 625.921 3256.94 4079.3 1 2
event 185
-4743.72 4784.82 -17342 18860.8
13409.5 -4066.75 -3299.76 14725.4
-2922.99 2277.63 -5595.26 6711.9 1 1
-1820.73 2507.19 -11746.7 12149 -1 1
8872.78 -1423.87 -1187.46 9065.03 1 2
4536.73 -2642.88 -2112.3 5660.36 -1 2
event 186
11277.9 12885 -8303.02 19280.7
-305.216 8000.3 1769.3 8764.68
-190.675 3216.72 -814.876 3325.48 1 2
2778.52 1505.83 -1044.88 3330.26 -1 1
8499.34 11379.2 -7258.13 15950.4 1 1
-114.541 4783.58 2584.18 5439.2 -1 2
event 187
8385.9 3214.41 -11759.4 15117.2
4406.88 -9765.52 -15007.4 18697.6
1746.2 -3177.29 -2838.07 4605.45 -1 2
2157.35 -404.75 -1893.24 2900.6 -1 1
6228.55 3619.16 -9866.21 12216.6 1 1
2660.68 -6588.23 -12169.4 14092.1 1 2
event 188
-8924.47 -3455.19 30482 32098.7
5335.66 4370.97 23957.8 25122.6
-5005.66 -377.275 13644.3 14538.9 1 1
-3918.81 -3077.92 16837.7 17559.9 -1 1
2942.08 4010.84 13497 14384.8 -1 2
2393.58 360.127 10460.8 10737.8 1 2
event 189
-5718.79 5496.93 -18728.3 20573.3
8339.64 -4212.78 4150.04 10682.3
5729.51 -2077.5 4028.12 7306.17 1 2
-2048.51 3262.8 -5928.06 7070.74 1 1
2610.13 -2135.28 121.924 3376.13 -1 2
-3670.27 2234.13 -12800.2 13502.5 -1 1
event 190
-6396.43 3370.59 1152.78 7949.48
8501.24 1457.14 -7449.56 11810.2
3844.53 -886.876 -3060.42 4994.43 1 2
-1206.2 2058.67 -284.99 2405.29 1 1
-5190.24 1311.92 1437.77 5544.19 -1 1
4656.71 2344.02 -4389.14 6815.8 -1 2
event 191
-8536.71 3122.97 2634.15 9957.81
6186.77 1627.75 -4580.82 8455.8
3947.47 2525.65 -3173.64 5660.79 -1 2
-4028.3 1655.04 -323.948 4368.35 -1 1
-4508.4 1467.93 2958.09 5589.45 1 1
2239.3 -897.908 -1407.18 2795 1 2
event 192
-15983 -7922.56 -40049.6 43952.1
5432.1 -2630.33 -584.987 6808.75
3703.11 -180.81 -822.892 3799.22 1 2
-5283.03 -2271.78 -16529.3 17501.4 1 1
1728.99 -2449.52 237.905 3009.54 -1 2
-10700 -5650.77 -23520.4 26450.7 -1 1
event 193
-15279.3 -6560.28 -35495.5 39319.4
7569.25 -3890.96 -2056.78 9287.35
5234.75 -4119.25 -1101.41 6752.41 -1 2
-2676.69 -2523.58 -7765.78 8593.7 -1 1
-12602.6 -4036.7 -27729.7 30725.7 1 1
2334.5 228.295 -955.37 2534.94 1 2
event 194
1460.09 -5839.5 -4315.99 8028.06
15051.4 -1301.68 28366.8 32287.9
4047.06 376.548 10214.3 10993.8 -1 2
-940.704 -2063.28 -1770.39 2878.8 -1 1
11004.3 -1678.23 18152.5 21294.1 1 2
2400.79 -3776.22 -2545.59 5149.25 1 1
event 195
-5649.25 -9607.56 -22003.6 24859
9989.49 800.193 10361 14743.5
4270.31 -937.612 3222.46 5432.32 -1 2
-857.046 -3732.73 -9394.73 10145.9 1 1
-4792.21 -5874.83 -12608.9 14713.1 -1 1
5719.18 1737.8 7138.53 9311.22 1 2
event 196
-8694.95 3371.97 45035.7 46095.3
-10656.4 -2020.22 14498.7 18369.6
-8114.93 -2703.31 10027.4 13180.3 1 2
-2775.37 2290.12 21667.9 21964.9 -1 1
-2541.42 683.096 4471.27 5189.3 -1 2
-5919.58 1081.85 23367.8 24130.4 1 1
event 197
-5283.11 -3447.71 -18941.3 20203
2478.04 -10056.8 -3831.66 11469.6
2362.21 -3745.21 -951.817 4530.31 1 2
-2327.1 117.648 -7670.2 8017 1 1
115.826 -6311.55 -2879.85 6939.29 -1 2
-2956.02 -3565.36 -11271.1 12186 -1 1
event 198
407.988 8412.99 10381.9 13722.9
5897.16 -5533.53 21405.4 23090.7
4373.35 -3464.49 17854.6 18706.3 1 2
-7.72505 3592.78 6836.73 7724 1 1
1523.81 -2069.05 3550.84 4384.36 -1 2
415.713 4820.21 3545.15 5998.87 -1 1
event 199
-727.201 8921.1 12052.2 15328.4
6397.76 -5055.49 23003.6 24601.8
969.13 6003.54 7366.25 9552.72 1 1
-1696.33 2917.55 4685.95 5775.72 -1 1
1378.68 -2464.35 10634.9 11003.9 -1 2
5019.08 -2591.14 12368.7 13597.8 1 2
event 200
-158.615 -7191.14 -24129.9 25368.9
7290.29 2982.07 -16671.8 18697.1
4925.82 2514.94 -8222.05 9909.69 1 2
-638.056 -3068.67 -6005 6774.59 1 1
2364.47 467.134 -8449.75 8787.4 -1 2
479.442 -4122.47 -18124.9 18594.3 -1 1
event 201
1089.56 -11844.8 -42198.3 43952
12710.1 4776.96 -25556.7 29105.1
4693.37 212.45 -8844.4 10015.4 1 2
1600.91 -2843.12 -10449.8 10947.9 1 1
8016.74 4564.51 -16712.3 19089.7 -1 2
-511.347 -9001.71 -31748.5 33004.1 -1 1
event 202
14137.6 -6021.16 -25575.8 29997.3
-2695.74 30225.1 32231.9 44376.9
-550.06 7820.84 6448.86 10152.2 1 2
2877.35 -836.84 -2998.66 4240.58 1 1
-2145.68 22404.3 25783.1 34224.7 -1 2
11260.3 -5184.32 -22577.1 25756.7 -1 1
event 203
2168.91 6655.7 -6082.08 9776.78
9301.59 -16920.8 -1230.05 19594.3
1021.21 -3934.91 -1014.23 4191.21 1 2
-593.51 2839.06 -1842.72 3437.92 -1 1
8280.38 -12985.9 -215.815 15403.1 -1 2
2762.42 3816.64 -4239.37 6338.86 1 1
event 204
6481.79 -2295.59 11434.9 13697.8
-21290.2 7085.94 84495.4 87478.9
3555.63 -322.402 8048.6 8805.54 1 1
2926.16 -1973.19 3386.29 4892.24 -1 1
-13114.8 5611.33 56818.2 58581.6 -1 2
-8175.42 1474.61 27677.3 28897.3 1 2
event 205
-5229.28 -4910.39 226.767 7816.63
-1819.13 22467.3 16921 28354.9
-4604.67 -2402.89 -182.314 5198.19 1 1
-624.617 -2507.5 409.082 2618.44 -1 1
-1210.63 15239.6 13220.7 20211.6 1 2
-608.501 7227.76 3700.37 8143.38 -1 2
event 206
4484.89 4395 -11111.5 13133.4
-8770.87 -2489.84 -36621.7 37866.4
-3767.05 -196.824 -20114.7 20465.7 1 2
232.191 2007.15 -2313.34 3073.32 -1 1
-5003.83 -2293.02 -16506.9 17400.7 -1 2
4252.7 2387.85 -8798.11 10060.1 1 1
event 207
5925.48 3229.04 -25629.6 26758
7925.47 7865.15 -29439.5 31637.8
2496.95 3427.26 -14870.4 15463.6 -1 1
3428.53 -198.214 -10759.1 11294.4 1 1
7518.84 5881.92 -24834.6 26606.4 -1 2
406.629 1983.23 -4604.93 5031.41 1 2
event 208
-19505.6 7564.62 19459.3 28739.3
41411.9 -13006.4 -38718.3 58247.8
-10862.5 2923.56 11699.7 16230.7 -1 1
-8643.13 4641.06 7759.56 12508.6 1 1
27239.7 -9926.01 -26657.9 39385 1 2
14172.2 -3080.36 -12060.4 18862.8 -1 2
event 209
42835.1 -11511.4 -39068 59188.3
-14687.6 5588.05 14138.4 21457.7
-9236.71 3903.55 11220.3 15048.6 1 2
14160 -2376.37 -12056.2 18748.7 1 1
-5450.9 1684.5 2918.13 6409.09 -1 2
28675 -9135.01 -27011.8 40439.5 -1 1
event 210
8797.67 -7733.24 -30313.1 32644.7
6039.2 -4819.73 -19838.5 21514.1
4750.36 -2984.59 -10452.3 11863.2 -1 2
2558.81 -3235.74 -14242.1 14827.9 -1 1
6238.85 -4497.5 -16071 17816.8 1 1
1288.84 -1835.14 -9386.23 9650.97 1 2
event 211
2436.24 -7582.57 -9346.93 12664.3
5083.16 -6527.34 -8395.47 12186.8
3365.58 -1833 -3614.91 5269.32 1 2
1607.05 -2910.13 -1891.91 3826.48 -1 1
1717.58 -4694.34 -4780.56 6917.5 -1 2
829.19 -4672.44 -7455.02 8837.86 1 1
event 212
3805.66 -3385.49 -5923.01 8403.36
-9798.34 3744.48 3096.22 11366.9
2760.54 -1366.23 -5145.87 5998.2 -1 1
1045.12 -2019.27 -777.133 2405.16 1 1
-6008.14 711.083 2137.04 6417.28 -1 2
-3790.21 3033.4 959.175 4949.58 1 2
event 213
-7573.02 -7756.09 4622.18 12347.4
-442.615 -5539.87 5670.87 8522.56
1154.61 -3883.05 3788.85 5547.77 1 2
-3538.88 -3105.81 104.766 4710.82 1 1
-1597.22 -1656.82 1882.02 2974.79 -1 2
-4034.14 -4650.28 4517.41 7636.59 -1 1
