event 0
-3481.92 -4722.41 -8316.38 10638.5
10731.2 18384.6 3186.24 21746.1
-3254.16 -1859.58 -5011.18 6258.64 1 1
-227.765 -2862.84 -3305.2 4379.87 -1 1
7740.73 11135.1 3058.47 13902.3 -1 2
2990.46 7249.49 127.765 7843.81 1 2
event 1
-7269.85 -8934.51 -16652.1 20483.2
15216.2 22786.8 1915.33 27641.1
3468.56 4070.38 -677.167 5391.53 -1 2
-3085.73 -1587.54 -4910.08 6013.49 1 1
11747.6 18716.4 2592.5 22249.5 1 2
-4184.12 -7346.97 -11742 14469.7 -1 1
event 2
9832.68 15191.1 1864.85 18453.2
-5502.7 -6031.19 -12380.6 15150.1
7654.99 9417.84 1881.42 12281.9 -1 1
2177.68 5773.25 -16.5754 6171.24 1 1
-1105.94 -1672.84 -1119.79 2299.25 -1 2
-4396.77 -4358.35 -11260.8 12850.8 1 2
event 3
5869.45 -4192.49 -11997.8 14476.1
-9520.11 5615.8 12140.6 16827
-6712.36 5748.79 9162.57 12730.6 1 2
1476.03 -3298.68 -5344.37 6452.4 -1 1
-2807.74 -132.99 2978.02 4096.44 -1 2
4393.41 -893.812 -6653.45 8023.75 1 1
event 4
-5741.86 -3500.93 21765.1 22989.9
2251.44 6246.17 14971.6 16668
2910.11 3838.1 10260.5 11335.3 1 2
-1701.1 -2620.65 7215.11 7863.24 -1 1
-658.662 2408.07 4711.07 5332.72 -1 2
-4040.76 -880.281 14550 15126.7 1 1
event 5
-6319.33 -4949.18 278.696 8607.95
4277 3441.43 -6637.99 9153.7
-2503.65 -3382.38 -924.667 4309.87 1 1
-3815.68 -1566.8 1203.36 4298.08 -1 1
1981.82 3433.63 -4684.76 6138.05 -1 2
2295.18 7.79897 -1953.23 3015.65 1 2
event 6
11779.5 3149.24 2842.92 12897.6
-3887.9 -4179.3 -2185.96 6852.06
6666.31 1117.3 128.224 6761.33 1 1
5113.2 2031.94 2714.7 6136.32 -1 1
-1453.11 -3242.72 -2307.77 4238.36 -1 2
-2434.79 -936.579 121.812 2613.7 1 2
event 7
-5710.42 -3872.66 -674.23 7592.89
8838.68 2998.31 1366.07 10127.5
3345 -407.283 1431.46 3662.67 -1 2
-2944.15 -457.611 545.091 3030.8 -1 1
5493.69 3405.6 -65.3906 6464.84 1 2
-2766.27 -3415.05 -1219.32 4562.1 1 1
event 8
10146.8 3223.96 -61659.1 62648.1
-5173.89 6912.14 -35007.5 36189.3
-1689.81 3321.26 -9699.92 10391.6 1 2
1779.87 1883.96 -12921.5 13179.3 -1 1
8366.98 1340 -48737.6 49468.8 1 1
-3484.08 3590.87 -25307.6 25797.7 -1 2
event 9
7692.82 -641.963 10348 13276.4
423.446 8096.8 13006.1 15636.1
1647.2 3442.86 6575.27 7603.42 1 2
2928.46 -1203.9 2331.43 3933.44 1 1
-1223.76 4653.94 6430.88 8032.69 -1 2
4764.37 561.938 8016.56 9342.98 -1 1
event 10
2688 11668 -5466.09 13521.7
-808.026 -17130.2 -55840 58530.2
419.326 -14748.4 -44707.1 47078.9 1 2
-261.055 3812.69 -750.065 3895.97 -1 1
-1227.35 -2381.82 -11132.9 11451.3 -1 2
2949.06 7855.32 -4716.02 9625.75 1 1
event 11
4239.77 9248.79 -26.4039 10635.1
4332.01 8564.32 8586.47 13245.1
3865.47 5721.28 4493.88 8238.99 1 2
903.737 5089.36 -847.959 5239.13 1 1
466.538 2843.04 4092.59 5006.09 -1 2
3336.03 4159.43 821.555 5395.94 -1 1
event 12
8191.08 14800 13060.3 21593.8
3660.72 5400.45 760.53 7261.91
1035.51 3600.51 -605.523 3796.54 1 2
2322.56 6422.27 6584.3 9487.05 -1 1
2625.21 1799.95 1366.05 3465.37 -1 2
5868.52 8377.69 6475.95 12106.8 1 1
event 13
-19947.6 1076.38 -61646.1 64876
23101.3 10487.6 63918.7 68839.3
17879.3 7079.5 45636.6 49522.7 1 2
-6436.01 -1095.52 -19729.4 20781.8 1 1
5221.92 3408.07 18282.1 19316.6 -1 2
-13511.6 2171.9 -41916.7 44094.3 -1 1
event 14
-20836.9 3091.58 -64055.6 67501.4
16783.5 6629.04 47970.7 51346
10067 4051.24 32948 34689.2 -1 2
-9499.34 -142.157 -28740.7 30270.4 -1 1
-11337.5 3233.74 -35314.9 37231 1 1
6716.43 2577.8 15022.7 16656.8 1 2
event 15
-11669.7 -3461.32 1366.95 12634.2
10965.4 -2181.6 -7165.34 13635.7
-6696.43 -515.827 109.752 6718 1 1
-4973.25 -2945.49 1257.2 5916.15 -1 1
7626.93 -1107.16 -6460.09 10056.8 -1 2
3338.51 -1074.44 -705.253 3578.91 1 2
event 16
3627.16 5618.26 -7757.36 10699.9
-5956.74 2931.69 -2306.21 7680.34
-1757.53 2547.93 -1182.67 3315.22 -1 2
276.969 3019.94 -4092.98 5095.14 1 1
3350.19 2598.31 -3664.38 5604.8 -1 1
-4199.22 383.762 -1123.54 4365.11 1 2
event 17
5753.25 -1731.92 -14634.1 16243.3
3313.66 -8356.37 -25367.7 27091
-250.748 -3334.6 -8601.15 9228.95 -1 2
2062.97 1133.19 -5491.57 5975.66 -1 1
3564.41 -5021.77 -16766.6 17862 1 2
3690.27 -2865.12 -9142.51 10267.6 1 1
event 18
9340.87 13078.9 30227.5 34374.4
14754.4 -16306.1 20080.9 29940.2
6003.23 -4478.94 6519.34 9930.39 1 2
2829.46 1974.23 5423.89 6429.09 -1 1
8751.2 -11827.2 13561.5 20009.8 -1 2
6511.41 11104.6 24803.6 27945.3 1 1
event 19
6747 -2217.03 12142.7 14403.9
1934 11159.7 -7887.03 14144.8
1772.59 3341.22 -1591.4 4104.82 1 2
2580.67 675.485 3943.25 4761.98 -1 1
161.41 7818.44 -6295.64 10039.9 -1 2
4166.33 -2892.52 8199.42 9641.92 1 1
event 20
-1246.33 -22442.9 -24837.9 33641.5
-37.4726 8722.71 -14458.3 17283.5
-1753.68 -15736.7 -19017.2 24746.4 -1 1
507.346 -6706.26 -5820.66 8895.09 1 1
-1745.86 4478.65 -6245.97 7882.24 -1 2
1708.38 4244.05 -8212.32 9401.27 1 2
event 21
-4422.13 -519.503 -4591.97 7106.56
12297.1 -823.587 -19829.3 23551.9
-2813.77 -1713.02 -2101.29 3908.75 1 1
-1608.36 1193.52 -2490.69 3197.81 -1 1
7158.76 -1396.08 -13795.5 15605.3 1 2
5138.32 572.491 -6033.79 7946.56 -1 2
event 22
17146.8 -484.032 -1311.16 17594.1
-1494.07 9763.33 9148.2 13814.3
10790.1 -1511.42 489.726 10907 -1 1
6356.67 1027.39 -1800.88 6687.09 1 1
-1772.7 5540.46 3623.67 6854.29 -1 2
278.634 4222.87 5524.53 6960.02 1 2
event 23
2536 -6631.83 -5433.8 9462.03
6630.06 -5593.3 2325.8 9499.6
3256.04 -2123.74 -457.572 3915.69 1 2
-123.51 -2352.87 -502.517 2411.42 -1 1
2659.51 -4278.96 -4931.28 7050.62 1 1
3374.01 -3469.56 2783.37 5583.91 -1 2
event 24
9147.45 -5100.34 3753.98 11548.9
4381.63 -7854.59 -8941.28 13055
2703.35 -2039.44 -3991.27 5235.34 1 2
2323.74 -808.339 -375.251 2491.02 1 1
6823.71 -4292 4129.23 9057.92 -1 1
1678.28 -5815.15 -4950.01 7819.61 -1 2
event 25
6336.48 -703.47 9970.34 12395.1
-12067.5 3509.07 -1050.1 12985.8
3437.37 1032.02 7116.78 7971.21 1 1
2899.11 -1735.49 2853.56 4423.88 -1 1
-6929.11 2656.65 -2008.5 7688.66 1 2
-5138.44 852.417 958.403 5297.16 -1 2
event 26
7565.33 -218.175 -9026.87 12180.2
-11032.5 6636.23 -42814.5 44815.5
4189.06 526.523 -6987.67 8164.81 -1 1
3376.27 -744.698 -2039.2 4015.38 1 1
-5902.52 3430.53 -27838 28663.1 -1 2
-5129.94 3205.7 -14976.5 16152.3 1 2
event 27
6468.8 1208.34 -7506.56 10452
-11623.8 7109.04 -45625.7 47717.4
3516.34 1800.3 -5709.52 6943.74 1 1
2952.45 -591.964 -1797.03 3508.26 -1 1
-8034.66 3594.39 -25608 27078.7 1 2
-3589.16 3514.65 -20017.7 20638.7 -1 2
event 28
-8974.09 -3131.45 189.419 9998.35
5009.89 6860.94 -20534.9 22437.6
1878.81 2954.37 -12397.3 12882.7 1 2
-2193.25 -2125.08 660.354 3126.27 1 1
-6780.85 -1006.36 -470.936 6872.09 -1 1
3131.08 3906.57 -8137.57 9554.9 -1 2
event 29
6993.6 -1944.42 -5329.67 9523.01
-10259.6 -2897.28 8248.82 13830.7
-3606.06 -203.471 1301.45 3840.57 1 2
3556.85 425.141 -1602.17 3925.56 -1 1
-6653.51 -2693.81 6947.37 9990.14 -1 2
3436.75 -2369.56 -3727.49 5597.45 1 1
event 30
8331.67 -1155.34 -7747.64 11847.7
-8840.07 -3883.44 8085.93 12969.2
5078.63 162.796 -2867.46 5835.45 -1 1
3253.04 -1318.14 -4880.18 6012.24 1 1
-7198.7 -2590.7 7674.68 10837.2 -1 2
-1641.38 -1292.74 411.25 2132.04 1 2
event 31
367.343 5109 1080.61 6082.38
-10005 -7814.82 42360.1 44329.9
-547.395 3204.15 1953.24 3793.75 1 1
914.738 1904.85 -872.631 2288.63 -1 1
-4261.05 -5286.92 22039 23061.5 -1 2
-5743.98 -2527.9 20321.1 21268.3 1 2
event 32
5454.07 3619.6 -9548.9 11984.2
15831.1 4499.45 -15697.7 22953.8
3638.63 2384.58 -3597.47 5646.13 -1 2
2284.5 449.763 -5373.79 5857.47 1 1
12192.4 2114.87 -12100.2 17307.6 1 2
3169.57 3169.84 -4175.11 6126.73 -1 1
event 33
-10762.5 24452.3 -40232.5 48394.1
10548.2 -25029.3 -16673.8 32020.9
-5670.67 15296.7 -26539.2 31152.6 1 1
-5091.79 9155.6 -13693.3 17241.5 -1 1
9246.99 -18674.7 -12327.4 24212.1 -1 2
1301.2 -6354.61 -4346.43 7808.77 1 2
event 34
-3971.01 -4080.07 -2281.55 6871.13
9089.55 -1777.03 -6269.25 11604.8
3211.33 846.892 -2306.38 4044.8 -1 2
-2348.63 -304.724 -819.321 2508.26 1 1
5878.22 -2623.93 -3962.87 7560.02 1 2
-1622.38 -3775.34 -1462.23 4362.87 -1 1
event 35
21441.2 15731.7 21259.4 34187.2
-22483.1 -13207.1 4385.35 26622.2
-18797.3 -12002.4 3002.05 22503.8 1 2
10999.8 6392.92 11068 16863.5 1 1
-3685.8 -1204.72 1383.3 4118.39 -1 2
10441.5 9338.77 10191.4 17323.8 -1 1
event 36
-22581.9 -13923.7 5204.69 27212
26891.2 23800.4 28971.9 46244.5
3400.9 1751.64 3081.06 4913.09 -1 2
-3347.31 -988.852 195.675 3497.4 1 1
23490.3 22048.8 25890.8 41331.5 1 2
-19234.6 -12934.8 5009.02 23714.6 -1 1
event 37
-19948.1 -11019.7 5050.36 23547
34030.8 27524.6 32632.8 54682.7
5869.85 5744.6 4998.34 9615.1 1 2
-4597.23 -3646.08 345.347 5878.68 -1 1
28161 21780 27634.5 45067.6 -1 2
-15350.9 -7373.57 4705.01 17668.3 1 1
event 38
8985.31 12457 24048.6 28702.6
-728.379 -7794.43 -3333.92 9054.82
4652.03 6232.97 14990.2 16888.1 -1 1
4333.28 6224.05 9058.42 11814.5 1 1
-1789.98 -5583.38 -2968.6 6572.81 -1 2
1061.6 -2211.06 -365.318 2482.01 1 2
event 39
6622.57 -5205.53 37796.4 38847.3
6751.35 -7752.81 51067.6 52184.1
2237.99 -3883.88 16016.3 16632.1 1 2
2233.99 -635.378 6197.34 6619.11 -1 1
4388.58 -4570.16 31599 32228.2 1 1
4513.36 -3868.94 35051.3 35552 -1 2
event 40
7594.73 251.231 17622.4 19439.2
-9343.01 1072.3 11023.1 14816.9
-4273.36 -836.208 3749.87 5747.48 1 2
2557.7 1065.66 9022.84 9439.3 -1 1
-5069.65 1908.51 7273.22 9069.44 -1 2
5037.04 -814.433 8599.56 9999.93 1 1
event 41
5968.17 11738.9 -19419.7 23667.2
-3009.38 -6145.4 -2360.66 7873.13
-2625.59 -1913.08 -1219.95 3471.75 1 2
1984.54 2212.05 -6336.11 6999.22 1 1
3983.63 9526.88 -13083.5 16668 -1 1
-383.788 -4232.32 -1140.71 4401.39 -1 2
event 42
-5596.26 -9224.87 6795.6 13122
3477.06 -4890.44 17994.4 19219.7
-4411.75 -4438.97 4309.14 7599.2 1 1
-1184.51 -4785.9 2486.45 5522.82 -1 1
1489.1 -4274.52 10364.7 11310.5 -1 2
1987.97 -615.917 7629.69 7909.15 1 2
event 43
2126.07 6740.17 14056 16034.7
830.367 7661.92 22633.3 24109.2
-454.784 3723.88 14542.5 15019 -1 2
-671.859 2785.42 5458.6 6165.83 -1 1
2797.93 3954.74 8597.4 9868.88 1 1
1285.15 3938.04 8090.75 9090.17 1 2
event 44
-2659.48 -7722.33 9535.24 12931.3
-1482.63 23460.7 89292.8 92387.2
-2365.59 -3808.35 6801.73 8147.04 1 1
-293.894 -3913.98 2733.51 4784.23 -1 1
469.673 12454.8 43561.1 45309.2 -1 2
-1952.3 11005.9 45731.7 47078 1 2
event 45
-7529.83 -23979.5 103578 106629
8353.96 215.829 21175.7 22974.7
5195.14 1531.65 11523.7 12733.5 1 2
-3396.86 -6353.06 31125.6 31948.6 -1 1
3158.82 -1315.82 9651.94 10241.1 -1 2
-4132.97 -17626.4 72452.8 74680.6 1 1
event 46
-11019.8 -13351.8 -11069 20780.3
8884.54 -9225.79 1539.15 13266.9
-7497.68 -7236.76 -5456.73 11763.2 1 1
-3522.14 -6115.05 -5612.3 9017.11 -1 1
3559.77 -1672.74 393.321 3954.22 -1 2
5324.77 -7553.06 1145.83 9312.68 1 2
event 47
-2427.65 -12099.2 59088.3 60442.6
6873.09 12206 25469 29231.7
2714.92 5567.85 14349.3 15629.6 1 2
-1587.25 -1890.77 12383.8 12627.9 1 1
-840.402 -10208.4 46704.6 47814.7 -1 1
4158.17 6638.19 11119.8 13602.1 -1 2
event 48
-7623.98 -5803.56 8752.13 13341.5
17946.6 -4708.26 -3690.98 19169.3
3458.4 98.4581 -1397.36 3732.83 -1 2
-2468.82 -589.297 3485.86 4313.32 1 1
14488.2 -4806.72 -2293.63 15436.4 1 2
-5155.15 -5214.26 5266.27 9028.23 -1 1
event 49
6.55415 8246.59 -14352.3 16840
642.121 -7401.19 -1428.56 8174.41
-1075.84 -3150.68 -1332.56 3587.63 1 2
1057.75 2217.37 -2536.12 3532.51 1 1
-1051.19 6029.22 -11816.2 13307.5 -1 1
1717.96 -4250.51 -95.9963 4586.78 -1 2
event 50
-7271.41 -6678.95 27259.6 29157.4
3464.77 3408.35 -2876.02 6440.84
3108.06 1212.98 -883.871 3453.07 1 2
-4325.77 -1908.7 13138.9 13964.1 1 1
356.714 2195.37 -1992.15 2987.77 -1 2
-2945.64 -4770.25 14120.7 15193.3 -1 1
event 51
3275.59 -7265.96 25402 26802.6
-6529.1 -287.718 30694.7 31535.2
-4511.48 -1391.51 16802.6 17453.6 1 2
472.691 -4023.43 15318 15845 1 1
-2017.62 1103.8 13892.1 14081.6 -1 2
2802.9 -3242.52 10084 10957.6 -1 1
event 52
-8544.1 12219.2 8077.23 17237.8
5722.03 -1587.44 -8810.42 11066.9
3778.1 43.0859 -3374.26 5066.82 1 2
-5341.79 5081.36 3370.21 8107.06 1 1
1943.93 -1630.53 -5436.16 6000.04 -1 2
-3202.31 7137.82 4707.02 9130.74 -1 1
event 53
-9448.04 -6092.84 9786 15223.2
-12598.2 6615.26 37156.6 39908.4
-9275.53 5747.14 30904.5 32774.5 1 2
-4409.05 -2858.98 2583.95 5856.74 1 1
-3322.66 868.117 6252.07 7133.95 -1 2
-5038.99 -3233.86 7202.06 9366.43 -1 1
event 54
-8424.38 2910.37 22010.2 23947.4
-9239.41 -5099.88 12818.9 16890.6
-4367.42 -1515.3 7623.76 8916.47 1 2
-2319.48 -557.002 4839.1 5396.13 -1 1
-6104.9 3467.37 17171.1 18551.3 1 1
-4871.99 -3584.59 5195.14 7974.09 -1 2
event 55
370.438 -19616.7 -6466.51 20889.2
2417.62 7113.21 18031.5 19777.9
821.326 -16537.3 -4336.73 17116.6 1 1
-450.889 -3079.33 -2129.77 3772.62 -1 1
1896.41 1678.33 7468.9 7887.26 -1 2
521.206 5434.88 10562.6 11890.7 1 2
event 56
20851 -2005.76 59030.3 62713.3
-15489.3 -5778.73 -8037.94 18641.6
14877.9 -130.735 43146.6 45640 -1 1
5973.15 -1875.03 15883.7 17073.3 1 1
-4869.21 -2666.28 -4070.82 6884.84 -1 2
-10620.1 -3112.46 -3967.12 11756.8 1 2
event 57
-23364.2 7215.46 -11406.1 27159.5
-17987.1 10998.3 -8795.88 23053.3
-7750.76 6538.69 -4352.1 11035.4 -1 2
-6321.65 3321.73 -3860.18 8118.45 -1 1
-17042.5 3893.72 -7545.96 19041.1 1 1
-10236.4 4459.59 -4443.78 12017.9 1 2
event 58
-8354.07 1236.56 -12300.7 15238.7
11450.4 1378.62 -9800.03 15448.1
7570.79 1620.88 -8095.41 11202.3 1 2
-3994.24 -963.476 -5563.56 6917.12 1 1
3879.6 -242.263 -1704.62 4245.81 -1 2
-4359.83 2200.03 -6737.1 8321.53 -1 1
event 59
-7591.63 815.691 3374.5 9126.06
-8258.47 -2599.75 -42167.4 43158.3
-2413.48 -2304.04 -15887.4 16234.4 -1 2
-1810.21 1420.42 2219.11 3198.45 -1 1
-5844.99 -295.718 -26280 26924 1 2
-5781.42 -604.732 1155.4 5927.61 1 1
event 60
-22543.7 4224.11 -53240 58053
-4400.07 -3038.93 1560.59 6373.58
-16187.5 2212.75 -40553 43720.6 -1 1
-6356.2 2011.36 -12686.9 14332.4 1 1
-2063.12 -2518.4 -393.999 3281.04 -1 2
-2336.94 -520.53 1954.59 3092.55 1 2
event 61
6250.81 -709.725 12698.4 14505.8
6594.45 -2509.04 4153.65 8753.6
2284.26 -2356.66 1081.06 3457.1 1 2
2126.47 -1477.74 3173.21 4097.07 1 1
4310.2 -152.377 3072.58 5296.5 -1 2
4124.33 768.014 9525.2 10408.7 -1 1
event 62
-3964.05 4311.11 17085.8 18325.2
-868.95 -9074.31 2993.49 10082.2
634.264 -3405.15 2336.57 4179.48 1 2
-2050.31 279.674 4103.06 4596.55 1 1
-1503.21 -5669.16 656.917 5902.68 -1 2
-1913.74 4031.43 12982.7 13728.7 -1 1
event 63
6885.95 -8378.13 16526 20007.7
-560.514 5744.54 8906.66 11055.9
3149.93 -6188.78 10009.5 12182.9 -1 1
3736.02 -2189.35 6516.49 7824.76 1 1
-430 3529.1 7802.31 8574.77 -1 2
-130.514 2215.44 1104.35 2481.12 1 2
event 64
-2610.18 -8577.39 -16719 19222.4
-2156.2 7850.33 -25856.6 27284.2
-794.424 5798.08 -14004 15178 1 2
394.392 -3715.24 -5857.34 6948.25 1 1
-1361.77 2052.25 -11852.6 12106.2 -1 2
-3004.58 -4862.16 -10861.7 12274.2 -1 1
event 65
-3676 -11717.1 -27380.6 30167.7
-1946.18 8920.21 -31856.2 33283.2
-1534.55 5521.06 -24601.7 25260.5 -1 2
-262.704 -4827.72 -12814.5 13696.7 -1 1
-3413.3 -6889.43 -14566.1 16471.1 1 1
-411.625 3399.16 -7254.51 8022.64 1 2
event 66
2438.6 -6922.27 2235.25 8273.6
-4913.24 4921.21 -1623.17 7783.55
2928.76 -3782.78 1265.56 4949.73 1 1
-490.158 -3139.49 969.687 3323.87 -1 1
-821.947 2957.52 -733.823 3157.88 -1 2
-4091.29 1963.68 -889.344 4625.67 1 2
event 67
-3166.04 -9393.97 -7315.6 12703.5
-1480.56 5628.05 -8908.54 11082.4
-1091.21 2815.3 -7094.99 7711.46 1 2
-1723.63 -3906.39 -4995.9 6572.75 1 1
-389.345 2812.75 -1813.55 3370.95 -1 2
-1442.41 -5487.58 -2319.7 6130.76 -1 1
event 68
8506.04 -198.426 4384.93 10060.4
-11465.9 9367.79 29263.6 32941.9
6204.63 -219.864 1536.28 6396.64 -1 1
2301.42 21.4379 2848.64 3663.73 1 1
-6294.8 4814.77 12302 14634.1 -1 2
-5171.09 4553.03 16961.6 18307.8 1 2
event 69
8911.85 -673.991 2162.02 9702.76
-18476.7 12418.3 46030.1 51224.6
-15566.9 10314.5 35724.2 40310.6 1 2
4346.73 1052.26 319.673 4484.94 -1 1
-2909.75 2103.79 10305.9 10914 -1 2
4565.12 -1726.25 1842.35 5217.82 1 1
event 70
-3626.78 -5196.35 5262.88 8800.25
1656.84 8638.38 31194.8 32558.8
-3033.5 -1775.34 2060.27 4075.52 -1 1
-593.281 -3421.01 3202.61 4724.74 1 1
157.079 4691.51 11606.2 12520 -1 2
1499.76 3946.87 19588.7 20038.8 1 2
event 71
-2091.48 -6575.32 -8401.37 11479.6
7036.15 5937.94 -434.724 9926.94
1367.39 3421.17 -525.117 3723.05 1 2
-2592.59 -2295.15 -3117.14 4660.15 1 1
5668.76 2516.77 90.3923 6203.89 -1 2
501.114 -4280.17 -5284.23 6819.47 -1 1
event 72
-7086.39 1831.92 12349.2 14685.6
5911.82 -7498.74 -51111.6 52088.1
1458.94 -4113.25 -25671.3 26039.9 -1 2
-1814.75 958.092 1355.75 2461.81 1 1
4452.88 -3385.49 -25440.3 26048.2 1 2
-5271.64 873.83 10993.5 12223.8 -1 1
event 73
3965.15 -1970.42 -4403.77 6970.56
12085.5 -3924.8 -7971.61 15316.7
1755.61 -2564.68 -2421.17 3941.2 1 1
2209.54 594.262 -1982.6 3029.37 -1 1
7092.67 -708.518 -4049.69 8198.73 1 2
4992.83 -3216.28 -3921.91 7117.96 -1 2
event 74
11781.8 8257.19 61653.8 63385.9
23268.3 -24336.6 73937.8 81302.3
20170.8 -22464.5 66039.3 72613.5 1 2
4856.27 4733.13 24079.8 25016.6 1 1
3097.49 -1872.07 7898.47 8688.85 -1 2
6925.57 3524.06 37574 38369.2 -1 1
event 75
15755.6 -17645.6 51962.7 57177.9
6462.85 3751.18 35653.6 36559.6
3741.94 3801.15 25062.4 25623.9 1 2
6438.9 -8671.62 26525.3 28640.1 1 1
2720.91 -49.9716 10591.2 10935.8 -1 2
9316.69 -8973.95 25437.4 28537.8 -1 1
event 76
1246.89 -9162.95 17201.7 19874.5
1024.74 8554.52 2302.39 9440.43
-163.661 6209.9 462.494 6230.14 1 2
50.9771 -3576.52 10359.8 10960.5 1 1
1188.4 2344.62 1839.9 3210.29 -1 2
1195.91 -5586.43 6841.83 8914.05 -1 1
event 77
16153.2 -3187.97 16054.1 23203.8
-16395.1 -4900.7 26776.5 31927.9
9627.35 -1170.77 11242.8 14848.2 1 1
6525.88 -2017.2 4811.33 8355.61 -1 1
-12513.1 -3085.78 22103 25586.2 -1 2
-3882.06 -1814.92 4673.51 6341.7 1 2
event 78
-5282.18 -1828.7 -17588.5 18713.4
4090.47 9764.9 -29896.7 31866.7
145.211 4016.39 -9698.23 10498.5 -1 2
-1959.62 832.741 -5810.36 6189.11 1 1
3945.26 5748.51 -20198.5 21368.2 1 2
-3322.56 -2661.45 -11778.1 12524.3 -1 1
event 79
9105.13 10085.2 3426.25 14489.3
-13287.1 -7346.92 79462.8 80959.6
-11339 -5427.85 69494.1 70622.1 1 2
1807.16 3938.25 2223.58 4871.46 -1 1
-1948.09 -1919.07 9968.69 10337.5 -1 2
7297.97 6146.95 1202.67 9617.84 1 1
event 80
9779.55 11452.4 3227.73 15710.1
-16491.2 -8156.59 96217.5 98009.6
-11697.8 -6135.37 75621.1 76766.2 1 2
3381.57 6201.33 973.202 7130.91 -1 1
-4793.48 -2021.21 20596.4 21243.4 -1 2
6397.97 5251.11 2254.53 8579.18 1 1
event 81
-18554.8 -10103.9 104793 106946
7898.21 7742.96 3155.86 11911.6
-13555.9 -8752.62 81953.8 83527.3 -1 1
-4998.86 -1351.26 22839.2 23419.1 1 1
3213.89 3544.49 -182.709 4789.26 -1 2
4684.33 4198.47 3338.57 7122.31 1 2
event 82
1835.83 -14547.2 39533.3 42278.4
2597.66 6786.26 4822.39 9254.57
2850.78 4719.72 2282.08 5968.4 -1 2
1599.03 -2976.67 10139.7 10688.4 -1 1
236.8 -11570.5 29393.6 31590 1 1
-253.12 2066.54 2540.3 3286.18 1 2
event 83
10402.5 6836.94 1894.6 12966.8
9183.94 8662.17 -4450.83 13739.7
6057.41 5596.96 1819.69 8446.34 1 1
4345.12 1239.98 74.9051 4520.44 -1 1
6039.4 7154.71 -4137.25 10236.8 -1 2
3144.55 1507.46 -313.573 3502.87 1 2
event 84
10701.6 9150.12 1827.06 14531.9
9360.43 9259.78 -3857.39 14065.3
3209.74 4947.25 -2609.48 6449.67 -1 2
2199.74 2552.69 -776.316 3459.61 -1 1
8501.84 6597.43 2603.38 11072.3 1 1
6150.69 4312.54 -1247.92 7615.6 1 2
event 85
4746.38 -13832.3 -8229.51 17064
7986.61 -7782.55 2177.93 11776.6
4224.3 -10013.2 -7315.45 13101 -1 1
522.08 -3819.14 -914.061 3962.97 1 1
2113.28 -426.51 339.96 2185.09 -1 2
5873.33 -7356.04 1837.97 9591.49 1 2
event 86
-1949.63 -9696.22 -18694 21374.6
2214.54 6685.38 -120.054 7949.93
387.852 -5347.72 -10902.9 12150.4 1 1
-2337.48 -4348.5 -7791.12 9224.2 -1 1
1653.28 4562.63 -1806.47 5179.32 -1 2
561.262 2122.75 1686.41 2770.6 1 2
event 87
-4318.98 10464.5 -4719.71 12650.1
-4556.54 -5782.07 8564.77 11710.7
-3026.83 7612.75 -4838.64 9515.21 -1 1
-1292.15 2851.74 118.933 3134.87 1 1
-1186.78 -2681.36 1511.46 3300.58 -1 2
-3369.76 -3100.71 7053.32 8410.12 1 2
event 88
-20238.3 13141.2 -14981.5 28571.2
5635.83 -4342.11 9330.17 12135.1
3265.92 -3192.09 3560.85 5791.93 1 2
-7011.87 3059.89 -5551.36 9452.93 1 1
2369.91 -1150.03 5769.32 6343.12 -1 2
-13226.4 10081.3 -9430.14 19118.3 -1 1
event 89
-19378 12105.4 -16769.8 28510.8
4842.91 -4157.42 9391.06 11769.5
-13895.3 9778.13 -13593.7 21759.9 1 1
-5482.69 2327.25 -3176.03 6750.88 -1 1
3690.76 -1148.41 5313.79 6571.76 -1 2
1152.15 -3009.02 4077.27 5197.78 1 2
event 90
-44428.1 33387.3 -38671.2 67776.2
16522.5 -17364.1 79930.8 83504.6
14066 -15676.8 72509.6 75506.8 1 2
-17162.8 14709.4 -15157.1 27215.4 -1 1
2456.48 -1687.29 7421.16 7997.88 -1 2
-27265.3 18677.9 -23514 40560.8 1 1
event 91
-52782.5 39866.1 -47422.8 81448.2
15481.2 -14685.6 62663.9 66269.9
5955.57 -6180.54 29810.7 31021.9 -1 2
-2511.01 2598.49 -3111.13 4769.45 -1 1
-50271.5 37267.6 -44311.6 76678.7 1 1
9525.66 -8505.1 32853.2 35247.9 1 2
event 92
3453.86 7268.61 9083.79 12683.3
-3024.63 -7225.71 -6972.16 10934.4
-146.086 -3903.72 -4198.5 5735.76 1 2
2840.18 2050.2 4545.13 5739.27 -1 1
613.687 5218.42 4538.66 6944 1 1
-2878.55 -3321.99 -2773.67 5198.66 -1 2
event 93
5658.12 9214.67 2906.31 11617.3
-6279.8 1522.92 1066.93 7244.6
5155.84 5789.48 2405.98 8117.92 -1 1
502.282 3425.19 500.331 3499.39 1 1
-2525.56 -911.634 304.167 2704.29 -1 2
-3754.24 2434.56 762.762 4540.3 1 2
event 94
-11674.6 -12207.8 15403.5 23069.1
-9146.07 -4766.08 15838.4 19152.3
-7012.18 -9116.29 11358.2 16164.7 -1 1
-4662.45 -3091.49 4045.25 6904.42 1 1
-2353.11 -2273.4 3136.82 4533.9 -1 2
-6792.96 -2492.67 12701.5 14618.4 1 2
event 95
5965.48 -1259.72 16364.5 17735.9
-18664.6 162.736 56747.1 59818.2
3492.9 -1051.13 5566.94 6656.37 1 1
2472.58 -208.588 10797.5 11079.5 -1 1
-10548.8 494.632 27310.6 29281.5 -1 2
-8115.79 -331.897 29436.4 30536.7 1 2
event 96
-10694.5 -9071.24 16906.1 22182.6
-3716.66 3944.01 -1567.26 6435.52
-6353.64 -5999.93 12626.3 15355.9 -1 1
-4340.9 -3071.31 4279.85 6826.75 1 1
-2539.13 2152.83 601.346 3384.47 -1 2
-1177.52 1791.18 -2168.61 3051.05 1 2
event 97
3095.15 9494.61 8144.88 13253.6
3995.2 -5554.64 -5442.5 9275.12
2514.61 6020.94 3444.06 7378.86 1 1
580.543 3473.68 4700.82 5874.72 -1 1
295.316 -2903.27 -1682.17 3370.02 -1 2
3699.89 -2651.38 -3760.32 5905.1 1 2
event 98
-5854.85 -10982.4 -15754.9 20315.1
3312.89 -3926.5 -4755.94 7655.21
2914.42 -1201.42 -1880.09 3671.94 1 2
-1597.84 -4703.3 -8332.05 9700.95 1 1
398.472 -2725.07 -2875.84 3983.27 -1 2
-4257.01 -6279.08 -7422.89 10614.1 -1 1
event 99
-4667.63 -4387.81 -21308.1 22464.8
-12687.3 -9189.37 -36976.5 40277.3
-3140.03 -2681.03 -17806.3 18279 1 1
-1527.61 -1706.78 -3501.81 4185.75 -1 1
-6198.31 -5129.96 -15265.1 17256 1 2
-6488.98 -4059.4 -21711.4 23021.3 -1 2
event 100
9337.64 -4754.78 -3007.97 11333.1
-4841.15 3591.46 -9493.84 11664.5
-2541.6 3519.09 -7238.13 8440.7 -1 2
2604.47 -2658.95 -159.214 3726.9 -1 1
6733.17 -2095.82 -2848.76 7606.23 1 1
-2299.55 72.3687 -2255.71 3223.75 1 2
event 101
4075.08 -10807.6 11648.2 16693.8
-5792.28 8786.47 -42142.1 43546.6
-5345.29 5589.59 -30356.8 31326.7 -1 2
2626 -2977.37 4371.65 5906.19 1 1
1449.08 -7830.28 7276.51 10787.6 -1 1
-446.988 3196.88 -11785.3 12219.9 1 2
event 102
-6702.91 20299.6 43070.7 48183.8
11033.6 -8825.34 -16438.2 21895.9
7332.42 -7431.71 -12829.8 16541.1 -1 2
-3892.99 8545.94 21422.2 23390.4 1 1
-2809.93 11753.6 21648.5 24793.4 -1 1
3701.23 -1393.62 -3608.45 5354.75 1 2
event 103
5201.54 4488.07 6283.02 9811.52
-7307.2 -3775.97 -1193.71 8869.56
-3671.44 -298.753 -1065.06 3835.91 -1 2
3317.03 838.013 3011.18 4558.87 -1 1
-3635.77 -3477.22 -128.642 5033.64 1 2
1884.51 3650.06 3271.84 5252.66 1 1
event 104
6827.66 -2224.67 18666.5 20238.4
9418.28 9698.94 3496.28 14303.4
3926.49 -1569.86 6831.94 8035.44 1 1
2901.17 -654.809 11834.5 12203 -1 1
6282.96 4597.34 2799.74 8274.11 -1 2
3135.32 5101.6 696.54 6029.34 1 2
event 105
378.505 -15595.7 -9844.28 18704.8
-1703.22 6662.43 28568.3 29547.1
-737.686 -12272.5 -8507.29 14951.4 -1 1
1116.19 -3323.25 -1336.99 3753.48 1 1
830.401 1842.31 9676.2 9885.53 -1 2
-2533.62 4820.12 18892.1 19661.6 1 2
event 106
-8053.58 961.109 2586.93 9059.08
1657.52 -6927.31 -5249.2 9374.44
2123.34 -2603 -2847.36 4404.86 1 2
-1452.32 1420.1 931.494 2237.14 -1 1
-6601.26 -458.994 1655.44 6821.94 1 1
-465.821 -4324.31 -2401.84 4969.57 -1 2
event 107
-9185.76 -23502.1 -15510.3 29847.6
7615.83 11222.6 65358.7 66822.9
4510.4 9037.13 46220.5 47311.3 -1 2
-4534.48 -8422.24 -7465.12 12134 1 1
-4651.28 -15079.8 -8045.15 17713.6 -1 1
3105.43 2185.43 19138.3 19511.6 1 2
event 108
-45816.4 -30473 -14178.8 56906.7
-11247.5 -99.1359 -1789.07 11802.9
-27760.1 -16643.1 -8198.36 33389.2 1 1
-18056.2 -13829.9 -5980.44 23517.4 -1 1
-6256.9 1178.27 -1912.72 6648.82 -1 2
-4990.58 -1277.41 123.648 5154.04 1 2
event 109
-10153.5 -1209.14 -4722.25 11681
-23789.3 -14929.8 -6340.96 28959.1
-19275.6 -13252.1 -4615.81 23842.9 1 2
-4802.32 -1223.22 -744.249 5012.34 -1 1
-4513.78 -1677.79 -1725.15 5116.3 -1 2
-5351.2 14.0806 -3978 6668.68 1 1
event 110
-2895.8 7429.04 5127.83 9973.07
-4973.52 -5414.65 12930.9 15193.9
-1138.09 -2929.59 3448.13 4666.74 1 2
379.479 2998.13 2136.74 3702.64 -1 1
-3275.28 4430.91 2991.09 6270.42 1 1
-3835.43 -2485.07 9482.79 10527.1 -1 2
event 111
-5591.5 -8489.46 5807.58 12110.1
-1109.13 -7577.4 2700.37 8690.75
-536.964 -3337.93 -400.539 3406.12 1 2
-1911.8 -1311.82 2443.55 3370.15 -1 1
-3679.7 -7177.64 3364.04 8739.95 1 1
-572.165 -4239.47 3100.91 5284.63 -1 2
event 112
5647.69 -6636.89 2308.35 9532.28
-7197.33 3639.27 -3642.88 9586.76
2214.29 -4853.15 1787 5626.78 1 1
3433.4 -1783.74 521.355 3905.5 -1 1
-4524.13 3427.5 -3905.12 6890.33 -1 2
-2673.19 211.77 262.236 2696.43 1 2
event 113
-8788.37 4540.41 -4069.56 11313.8
7563.52 -10496.3 3817.04 13839.8
3938.19 -3014.41 995.407 5059.44 1 2
-2740.73 1017.45 -3074.16 4243.64 -1 1
3625.34 -7481.94 2821.64 8780.4 -1 2
-6047.64 3522.96 -995.402 7070.16 1 1
event 114
-6961.89 -1816.05 -4654.47 9328.15
8471.15 13949.9 -84417.6 86036.5
2011.57 3321.95 -14003.2 14532.1 1 2
-1803.08 -2204.4 -1121.39 3062.54 1 1
6459.58 10627.9 -70414.4 71504.4 -1 2
-5158.81 388.346 -3533.07 6265.61 -1 1
event 115
3670.15 8477.87 38351.2 39569.5
5385.4 6468.43 24102.8 25717.3
3044.92 2302.03 14446.8 14943 -1 2
609.608 3596.47 20154.8 20482.5 -1 1
3060.54 4881.4 18196.4 19087 1 1
2340.48 4166.4 9655.98 10774.3 1 2
event 116
7507.46 -9539.81 -45372.3 47070.3
7354.18 -2773.16 -11343 14143.2
4310.67 -5906.97 -32631.2 33440.7 -1 1
3196.79 -3632.85 -12741.1 13629.5 1 1
1730.72 -2112.06 -4450.92 5222.84 -1 2
5623.46 -661.093 -6892.11 8920.35 1 2
event 117
-14204.7 2420.54 32284.8 35489.9
4510.78 8509.28 18084.3 20721.7
-7405.66 -304.201 16366.3 17966.7 1 1
-6799.02 2724.74 15918.5 17523.2 -1 1
2666.36 7567.67 13841.9 15999.7 -1 2
1844.42 941.616 4242.36 4722.01 1 2
event 118
-3893.38 -8768.69 -5532.22 11499.9
-1599.93 -7413.97 621.289 8216.07
-1902.49 -4484.85 1571.62 5120.01 -1 2
-2920.21 -3153.9 -3113.13 5308.25 -1 1
-973.168 -5614.78 -2419.09 6191.61 1 1
302.559 -2929.12 -950.33 3096.06 1 2
event 119
-3016.66 9678.88 -662.357 10621.2
-667.545 -6130.72 -19742.1 20913.6
-2443.57 5245.9 955.378 5866.38 1 1
-573.095 4432.98 -1617.74 4754.79 -1 1
1106.61 -3595.16 -11960.5 12538.6 -1 2
-1774.15 -2535.55 -7781.58 8375.01 1 2
event 120
10312.2 -13097.7 -11687.8 20593.4
-9137.49 16222.8 -40932.6 45074.9
-6765.22 12439.1 -33961.2 36795 1 2
3147.75 -5287.09 -5858.68 8496.88 1 1
-2372.27 3783.65 -6971.48 8279.87 -1 2
7164.46 -7810.65 -5829.08 12096.5 -1 1
event 121
-122.25 -9035.07 12238.6 15524.8
-7550.14 -5312.1 31439.7 32913.1
-3586.26 -2790.35 10315.1 11272.1 -1 2
1162.79 -2253.56 4403.92 5082.94 1 1
-1285.04 -6781.52 7834.64 10441.9 -1 1
-3963.88 -2521.76 21124.6 21641 1 2
event 122
5459.99 -6106.83 -9986.18 13282.3
-7381.54 1553.22 -29866.9 30960.1
-5410.01 891.415 -25959.1 26532.1 -1 2
797.279 -3043.02 -4137.26 5198.43 -1 1
4662.71 -3063.81 -5848.92 8083.86 1 1
-1971.52 661.806 -3907.82 4427.99 1 2
event 123
7732.12 15571.4 -10363.2 20475.4
-5372.02 5295.9 -11304.8 13938.9
-4532.21 2406.86 -6767.18 8493.51 1 2
4671.05 6412.37 -5568.06 9692.86 -1 1
-839.816 2889.05 -4537.58 5445.42 -1 2
3061.07 9159.02 -4795.12 10782.5 1 1
event 124
7610.7 -3439.79 4234.42 9862.87
-6849.3 1599.35 28607.2 29621.5
-3490.86 -751.611 14140.3 14584.6 -1 2
1829.66 -1282.78 2695.07 3502.53 1 1
5781.04 -2157 1539.35 6360.33 -1 1
-3358.45 2350.96 14466.9 15036.9 1 2
event 125
-12252.5 -1215.67 -33674.7 35988.6
-8958.93 -9034.34 -18601.8 22748.6
-3158.6 -5274.72 -7957.07 10056.1 1 2
-3186.75 679.812 -6372.9 7158.4 1 1
-9065.75 -1895.48 -27301.8 28830.2 -1 1
-5800.33 -3759.62 -10644.7 12692.5 -1 2
event 126
-7460.91 -6174.99 -16916.5 19737.1
-10328.2 -2579.39 -32093.4 33954.4
-4200.59 -2189.82 -10811.4 11804.1 1 2
-1307.71 -2868.26 -5952.32 6736.34 1 1
-6153.21 -3306.73 -10964.2 13000.8 -1 1
-6127.61 -389.578 -21282 22150.3 -1 2
event 127
9218.07 6566.11 -6602.96 13463.9
4436.73 -10348 42471.3 44047.4
6343.64 3627.68 -2690.18 7787.82 1 1
2874.43 2938.43 -3912.78 5676.07 -1 1
2551.13 -8096.76 35094.8 36107.1 -1 2
1885.6 -2251.25 7376.56 7940.3 1 2
event 128
9556 11820.9 -5161.66 16348.9
5502.52 -2121.62 16614.9 17900.4
4097.14 6789.22 -3825.02 8804.66 1 1
5458.86 5031.72 -1336.64 7544.21 -1 1
3110.61 -161.507 5098.89 5975.94 -1 2
2391.91 -1960.11 11516 11924.4 1 2
event 129
-5634.14 -7471.05 -8757.1 13184.7
-4917.89 8367.26 -15325.1 18402.4
-2480.18 6227.48 -8342.1 10702.1 1 2
-3033.15 -1802.05 -4034.87 5360.85 -1 1
-2437.71 2139.78 -6982.98 7700.28 -1 2
-2600.99 -5669 -4722.22 7823.89 1 1
event 130
7099.22 638.185 2171.03 8069.15
-7185.64 7644.6 -24294.8 26644.1
3973.85 1812.49 722.793 4428.34 1 1
3125.37 -1174.3 1448.24 3640.81 -1 1
-5478.67 6124.85 -15353.7 17414.9 -1 2
-1706.97 1519.74 -8941.11 9229.19 1 2
event 131
7406.65 2844 -7443.18 11310.8
5123.61 -12164 -3501.39 14002.3
3910.22 2305.65 -2361.07 5117.78 -1 1
3496.43 538.351 -5082.11 6193.05 1 1
2752.22 -7898.4 -3631.12 9118.98 -1 2
2371.39 -4265.59 129.736 4883.31 1 2
event 132
-8253.07 -9820.98 -15631.1 20457
-3790.48 -10718.7 -2072.15 11964.2
-1221.21 -5145.95 491.915 5312.75 -1 2
-1733.78 -2095.65 -1580.09 3147.31 1 1
-6519.3 -7725.32 -14051 17309.7 -1 1
-2569.27 -5572.74 -2564.07 6651.48 1 2
event 133
-4231.57 -7445.12 -15323.8 17825.4
9448.99 -17469.8 -41347.2 45974.6
8060.56 -15276 -33219.6 37441.7 1 2
-1220.98 -3551.39 -4053.14 5526.51 -1 1
1388.43 -2193.87 -8127.57 8532.84 -1 2
-3010.6 -3893.73 -11270.6 12298.9 1 1
event 134
-4974.9 -5297.8 -10386.1 13049.1
8590.84 -17244.6 -41070.8 45514.6
-3593.49 -3271.42 -4311.87 6497.6 -1 1
-1381.4 -2026.38 -6074.24 6551.49 1 1
3938.44 -11784.1 -25149.9 28051.8 -1 2
4652.39 -5460.52 -15920.9 17462.8 1 2
event 135
4302.57 5248.85 12364.4 14440.6
-8439.99 2696.82 25442.6 27118.6
-4002 1587.59 16756 17300.6 -1 2
562.846 3046.47 5663.12 6455.99 1 1
-4437.99 1109.22 8686.56 9818.02 1 2
3739.73 2202.38 6701.26 7984.61 -1 1
event 136
-6118.3 -3730.74 -8311.95 11403.1
-6819.43 309.58 -11502.3 13729.4
-4470.45 1677.13 -7272.45 8700.43 1 2
-2298.29 -2299.97 -1798.98 3717.46 1 1
-2348.97 -1367.55 -4229.86 5029 -1 2
-3820.01 -1430.77 -6512.98 7685.67 -1 1
event 137
2332.9 11485.1 28564 31029.7
88.8122 -7490.69 20310.4 21868.3
-100.445 6333.99 16895 18043.8 1 1
2433.34 5151.09 11669 12985.9 -1 1
641.776 -3858.84 6591.43 7665.55 -1 2
-552.964 -3631.84 13719 14202.7 1 2
event 138
8635.76 4068.33 6845.28 12148.1
-64.9015 7223.7 -5999.53 9887.98
1438.68 4443.76 -3183.09 5653.32 -1 2
2544.4 2604.18 3471.8 5031.92 -1 1
6091.37 1464.15 3373.49 7116.18 1 1
-1503.58 2779.93 -2816.44 4234.66 1 2
event 139
10909.3 1242.28 15705.5 19411.6
-4521.41 13577.2 -4211.78 15235.3
6445.92 617.07 6575.75 9229.43 1 1
4463.34 625.206 9129.75 10182.1 -1 1
-4752.89 10209.9 -3349.71 11750 -1 2
231.483 3367.32 -862.072 3485.22 1 2
event 140
9429.07 1928.94 11509.8 15319.7
-7566.02 19363.4 -7255.66 22235.6
-2051.23 4460.73 -3110.8 5813.25 1 2
2053.62 1361.97 4481.83 5115.7 -1 1
-5514.79 14902.6 -4144.87 16422.3 -1 2
7375.45 566.963 7027.94 10204 1 1
event 141
-4265.54 10147 7578.99 13718.2
3584.39 -8815.42 18847.7 21339.7
-3738.1 4987.22 4463.8 7666.98 1 1
-527.438 5159.82 3115.18 6051.23 -1 1
323.284 -4155.63 9830.64 10678.3 -1 2
3261.11 -4659.79 9017.01 10661.4 1 2
event 142
-832.579 7015.63 6016.63 9782.78
4943.13 -11451.7 25748.3 28777.5
819.227 -3600.43 10583 11209.2 -1 2
232.752 2658.1 578.265 2732.25 1 1
4123.9 -7851.3 15165.2 17568.3 1 2
-1065.33 4357.53 5438.37 7050.53 -1 1
event 143
7745.5 5421.13 39778.3 41003.5
-1553.31 -4106.2 -3242.05 6274.96
355.697 -3253.1 -2105.24 3892.61 1 2
2867.24 2982.05 22732.2 23105.8 1 1
-1909.01 -853.1 -1136.81 2382.35 -1 2
4878.26 2439.08 17046.1 17897.7 -1 1
event 144
5866.67 16260.6 -57527.8 60148.7
-6929.08 3049.82 -14099.6 16300.4
2998.18 8164.33 -34226.5 35314.5 1 1
2868.49 8096.23 -23301.3 24834.2 -1 1
-5178.79 1004.62 -7481.18 9154.69 -1 2
-1750.29 2045.2 -6618.39 7145.67 1 2
event 145
-1283.27 -5884.93 6376 9301.82
-5757.38 13983.7 -73491.6 75095.2
682.343 -3671.44 2863.25 4706.84 -1 1
-1965.61 -2213.5 3512.75 4594.98 1 1
-4799.57 8520.4 -51032 51960.7 -1 2
-957.802 5463.3 -22459.6 23134.6 1 2
event 146
-9800.71 2558.35 -42292.6 43598.8
-8814.89 6163.97 -28821.8 30919
-6076.63 35.2236 -23154.8 23939.2 -1 1
-3724.09 2523.12 -19137.8 19659.6 1 1
-5833.89 4435.04 -23140.6 24273.5 -1 2
-2981 1728.93 -5681.26 6645.55 1 2
event 147
-8521.17 3236.77 -25095.7 26878.9
-10289.7 3624.74 -48622 49927
-4345.19 2526.46 -9899.02 11102.5 1 1
-4175.98 710.313 -15196.7 15776.4 -1 1
-7755.96 1508.35 -37569 38391.1 -1 2
-2533.72 2116.4 -11052.9 11535.9 1 2
event 148
5051.62 10250.1 970.348 11879.2
-7053.51 -13256 5929.04 16438.3
2365.54 5711.91 -970.323 6258.94 1 1
2686.08 4538.17 1940.67 5620.27 -1 1
-2996.16 -7333.08 4520.78 9121.38 -1 2
-4057.35 -5922.95 1408.26 7316.95 1 2
event 149
13559.8 -6887.34 37581.8 40660.6
10761.6 -3777.02 16343.8 20267.8
3050.6 -2376.46 3475.09 5200.11 -1 2
2074.97 -392.271 3215.41 3848.3 -1 1
11484.8 -6495.07 34366.3 36812.3 1 1
7710.95 -1400.56 12868.7 15067.6 1 2
event 150
-2993.64 -8288.73 -10399.6 13978.8
9357.92 3162.66 -19709.2 22262.4
7296.67 2923.45 -17722.1 19387.5 1 2
160.382 -3945.93 -4887.89 6284.8 -1 1
2061.24 239.212 -1987.05 2874.98 -1 2
-3154.03 -4342.81 -5511.73 7694.04 1 1
event 151
-3242.68 -13234.4 -50934 52853.8
17261 11323.4 3014.58 21091.2
-1610.62 -9996.81 -42171.5 43370.2 -1 1
-1632.06 -3237.57 -8762.55 9483.61 1 1
15288 10669.7 3462.95 18962.3 -1 2
1972.99 653.687 -448.372 2128.9 1 2
event 152
-13815.6 7729.17 85965.1 87465.4
-8597.21 174.693 15663.2 18134.7
-10861.3 5749.67 72702.6 73734.1 -1 1
-2954.32 1979.5 13262.5 13731.4 1 1
-2233.23 1377.55 3813.74 4630.42 -1 2
-6363.99 -1202.86 11849.4 13504.3 1 2
event 153
2998.66 -3630.96 16602.7 17646.9
-7503.29 -11221.1 -17809.8 22560.9
3388.58 -1582.53 8645.52 9420.35 -1 1
-389.917 -2048.43 7957.2 8226.56 1 1
-6494.29 -7269.09 -11977.3 15442.9 1 2
-1009 -3952.04 -5832.45 7117.96 -1 2
event 154
-4513.25 -10121.4 -38698.9 40373.4
7142.15 1962.12 -32753.7 33723.2
5037.05 -66.1108 -18597.1 19267.5 -1 2
-2632.56 -2471.64 -13168.6 13655.1 -1 1
-1880.68 -7649.78 -25530.3 26718.2 1 1
2105.09 2028.23 -14156.6 14455.7 1 2
event 155
-5326.7 -67.3976 -11436.1 12990.6
16077.1 7416.66 -43221.2 46809.6
-3233.83 15.3095 -3434.1 4718.28 -1 1
-2092.86 -82.7071 -8002.04 8272.29 1 1
11189.5 6546.63 -29734 32437.4 1 2
4887.65 870.034 -13487.2 14372.3 -1 2
event 156
-9037.33 957.478 -16621.1 19194.9
13877.6 7297.01 -41528.4 44497.6
5223.61 3062.82 -20317.6 21201 -1 2
-1981.21 548.076 -6728.4 7036.2 1 1
8654 4234.19 -21210.8 23296.5 1 2
-7056.12 409.402 -9892.71 12158.7 -1 1
event 157
7140.01 3032.72 10105.3 13110.5
-12580.1 -1421.98 4944.81 13940
3939.39 3236.44 6847.97 8538.11 1 1
3200.62 -203.723 3257.36 4572.42 -1 1
-9827.51 -2385.49 3935.39 10852.1 -1 2
-2752.56 963.511 1009.42 3087.88 1 2
event 158
7454.4 -3878.03 16563.4 18829.3
-6801.16 4342.68 30741.2 31995.7
-1524.93 3034.09 10430.9 10970.2 -1 2
2630.54 -155.924 3233.88 4172.92 -1 1
4823.86 -3722.11 13329.5 14656.4 1 1
-5276.23 1308.6 20310.3 21025.4 1 2
event 159
7364.54 -4235.04 16397.5 18725.4
-8653.66 4202.93 39437.3 40711.7
-2845.1 2958.48 18323.4 18777.8 1 2
992.042 -2048.82 4779.36 5294.84 -1 1
6372.5 -2186.22 11618.1 13430.6 1 1
-5808.56 1244.45 21113.9 21933.9 -1 2
event 160
-4486.62 -1251.85 10917.5 12428.8
-2867.27 8189.52 9261.97 13063.9
-2494.63 -2021.59 3694.29 4895.82 1 1
-1991.98 769.745 7223.16 7532.98 -1 1
-2957.55 4020.25 4368.19 6633.38 -1 2
90.2777 4169.27 4893.78 6430.49 1 2
event 161
-6690.44 2893.01 24356.8 25612
6237.73 -7513.89 6668.84 12224.2
4074.53 -6295.55 6118.74 9679.15 1 2
-2717.16 2225.01 7531.54 8310.76 -1 1
2163.19 -1218.34 550.095 2545.1 -1 2
-3973.29 668.005 16825.2 17301.2 1 1
event 162
-17342.6 -6805.61 -10599.6 21657
8245.34 4625.12 972.927 9995.72
6045.71 2219.86 -408.312 6454.16 -1 2
-4000.32 -2464.12 -3906.2 6110.98 1 1
-13342.3 -4341.49 -6693.38 15546 -1 1
2199.63 2405.26 1381.24 3541.55 1 2
event 163
-6468.12 -5790.34 22779.9 24574
8494.58 6904.06 23061.1 25714.3
-3387.97 -3376.19 8360.42 9632.49 -1 1
-3080.15 -2414.15 14419.5 14941.5 1 1
5546.85 6201.65 16157.4 18174.2 -1 2
2947.72 702.408 6903.63 7540.14 1 2
event 164
3431.28 12584.1 7832.33 15526.4
9081.97 210.088 14813.6 17651.1
7115.74 1454.9 11443.9 13554.5 -1 2
1515.78 3499.77 849.087 3908.72 1 1
1915.5 9084.35 6983.25 11617.7 -1 1
1966.23 -1244.81 3369.73 4096.57 1 2
event 165
-11664.5 2617.11 -9242.54 15424.8
11.7961 -7349.82 6413.47 10234.4
17.4841 -4685.91 2038.65 5111.29 -1 2
-3173.13 2047.52 -2156.44 4350 -1 1
-8491.4 569.593 -7086.09 11074.8 1 1
-5.68794 -2663.92 4374.82 5123.16 1 2
event 166
-2500.55 -3707.17 117.547 5440.68
-10362.8 5046.72 5052.26 12960.5
-507.691 -3363.8 239.99 3411.99 -1 1
-1992.86 -343.369 -122.443 2028.69 1 1
-6314.2 4480.54 2485.31 8132.18 1 2
-4048.62 566.175 2566.94 4828.27 -1 2
event 167
29221.5 -29774.4 129411 136005
-6071.79 6514.01 6589.63 11502.7
23139.7 -22999.4 97063.7 102400 1 1
6081.75 -6775.05 32347.6 33604.6 -1 1
-3274.94 5527.01 4037.53 7588.54 -1 2
-2796.85 986.993 2552.1 3914.19 1 2
event 168
20626.3 -19381.2 88641.8 93102.3
-8181.22 11385 8627.04 16750.1
-2436.96 5904.39 3318.13 7198.73 -1 2
3039.57 -3992.52 13107.4 14035.4 -1 1
17586.8 -15388.7 75534.4 79066.8 1 1
-5744.26 5480.58 5308.91 9551.38 1 2
event 169
-5054.97 -6056.76 -7988.68 11646.7
-10839.9 8147.68 4242.02 14542.1
-3435.27 -2592.62 -5851.83 7264.83 -1 1
-1619.7 -3464.14 -2136.84 4381.89 1 1
-6414.51 3210.22 3092.57 7811.95 1 2
-4425.34 4937.46 1149.45 6730.13 -1 2
event 170
-11937.5 -444.919 475.728 12510.4
-10016.7 1741.21 -304.341 10632.5
-6750.33 -1279.04 1775.96 7097.05 -1 1
-5187.15 834.125 -1300.23 5413.32 1 1
-3294.38 938.127 1314.99 3670.61 -1 2
-6722.31 803.084 -1619.33 6961.88 1 2
event 171
-14609.5 -20667.3 21972.2 33659.2
8016.58 1710.27 13225.9 15865.2
4537.43 -380.313 5532.69 7166.22 1 2
-2363.04 -5548.97 4806.74 7713.03 1 1
3479.14 2090.58 7693.2 8698.94 -1 2
-12246.5 -15118.3 17165.4 25946.2 -1 1
event 172
913.174 20763.8 -5321.95 21676.8
8124.72 -12570.2 2817.44 15541.9
6170.07 -7063.23 2405.76 9682.86 -1 2
-1126.73 8966.86 -2111.95 9281.47 1 1
2039.9 11796.9 -3210 12395.3 -1 1
1954.64 -5506.99 411.677 5859.03 1 2
event 173
496.188 20727.7 -5274.09 21616.9
6013.5 -11074.6 472.289 12985.5
2175.8 -4735.64 1680.31 5476.77 1 2
-1024.93 4780.64 -587.088 4925.53 -1 1
1521.12 15947.1 -4687 16691.4 1 1
3837.7 -6338.97 -1208.02 7508.73 -1 2
event 174
-237.213 22666.7 -6476.47 23777.6
9948.62 -14219.9 2475.37 17801.6
6146.62 -6112.31 1413.04 8783.46 -1 2
1395.93 8463.64 -2610.6 8967.07 1 1
-1633.14 14203.1 -3865.87 14810.5 -1 1
3801.99 -8107.58 1062.32 9018.19 1 2
event 175
-6577.1 -3286.44 33220.5 34165
9334.43 5987.02 -6137.68 13047.5
3344.48 568.076 -1318.47 3641.12 1 2
-3189.59 -27.198 15934.6 16251.1 -1 1
5989.95 5418.94 -4819.21 9406.4 -1 2
-3387.51 -3259.25 17285.8 17913.9 1 1
event 176
6132.17 14602.8 63219.5 65246.8
-8239.42 -9499.56 5235.88 13969.1
-3656.81 -4877.61 938.302 6168.87 -1 2
1574.43 1586.78 11773.9 11984.7 1 1
4557.74 13016 51445.6 53262.1 -1 1
-4582.62 -4621.94 4297.58 7800.2 1 2
event 177
-7943.41 -243.857 23151.1 24672.3
6954.4 -4779.43 8389.3 12457
3671.14 -4471.31 6288.68 8545.67 1 2
-3300.54 -914.857 13678.5 14101.1 1 1
3283.26 -308.121 2100.62 3911.33 -1 2
-4642.87 671.001 9472.68 10571.2 -1 1
event 178
6011.33 -5789.16 5810.7 10630.4
-7894.69 1308.19 21851.9 23476.2
2495.82 -3606.95 1456.79 4623.05 -1 1
3515.51 -2182.21 4353.91 6007.37 1 1
-5022.18 1459.3 10067.2 11345.1 -1 2
-2872.51 -151.111 11784.6 12131.1 1 2
event 179
2591.32 -10702.8 -1287.68 11511.4
-2802.14 5361.48 9663.01 11813.6
984.314 -6081.84 -2182.11 6536.85 1 1
1607 -4620.91 894.429 4974.58 -1 1
-1672.21 2975.38 2659.25 4328.04 -1 2
-1129.93 2386.1 7003.76 7485.59 1 2
event 180
18437.2 -57.56 -69.5827 18695.7
10369.5 3379.38 10098.8 15183
4660.59 2047.25 2766.21 5794.43 -1 2
2105.09 -993.27 -168.99 2336.17 -1 1
16332.1 935.71 99.4077 16359.6 1 1
5708.88 1332.13 7332.62 9388.52 1 2
event 181
-923.917 7015.19 11554.6 13898.4
6325.4 -17638.5 5529.3 19781.1
-1991.92 3357.41 6133.14 7270.93 -1 1
1068.01 3657.78 5421.42 6627.43 1 1
3061.74 -12609.7 4203.09 13640.2 1 2
3263.65 -5028.86 1326.21 6140.92 -1 2
event 182
10514.2 7791.13 22388.6 26193.2
6920.68 -3116.56 39320.9 40166.4
5630.12 6139.84 15386.4 17497.1 1 1
4884.06 1651.29 7002.16 8696.1 -1 1
4680.05 -665.943 19242.5 19814.9 -1 2
2240.63 -2450.62 20078.5 20351.5 1 2
event 183
4393.96 -16369.4 -27791.7 32699.1
1348.93 4494.08 7755.73 9579.1
2319.55 2673.45 4553.53 5768.32 1 2
2940.33 -6273.52 -12998.2 14729.8 1 1
-970.621 1820.63 3202.2 3810.78 -1 2
1453.63 -10095.9 -14793.5 17969.4 -1 1
event 184
7611.15 -1731.68 -11919.4 14580.7
2283.33 6241.18 -13217.2 15114.6
2664.07 3643.9 -6616.39 8010.18 -1 2
3575.35 692.578 -5957.32 6983.1 -1 1
4035.8 -2424.26 -5962.12 7597.55 1 1
-380.737 2597.28 -6600.79 7104.39 1 2
event 185
13373.5 10355.4 44013 47252.7
6584.85 3540.08 -3698.84 8897.49
4383.26 614.57 -2120.78 4909.13 1 2
5615.57 6133.31 23068.5 24521.8 -1 1
2201.58 2925.51 -1578.06 3988.36 -1 2
7757.9 4222.04 20944.5 22730.9 1 1
event 186
-1542.69 -8249.41 -535.499 8961.63
-317.123 9924.3 -29758.1 31523.5
-1622.74 3765 -11376.2 12092.9 -1 2
367.821 -3637.37 899.259 3766.38 -1 1
1305.62 6159.3 -18381.9 19430.6 1 2
-1910.51 -4612.04 -1434.76 5195.25 1 1
event 187
-5009.04 -5543.26 6646.27 10468.1
13198.2 -13699.2 -60551.6 63544.9
3290.67 -2142.92 -15544.7 16033.4 -1 2
-1168.47 -3590.49 3160.23 4924.96 -1 1
9907.57 -11556.2 -45006.9 47511.5 1 2
-3840.57 -1952.76 3486.04 5543.18 1 1
event 188
-8897.44 -6174.34 19517.9 22535
5404.49 3776.79 -3175.02 7946.39
2567.9 3493.58 -2532.28 5022.23 -1 2
-3456.11 -2372.34 4705.15 6302.57 1 1
-5441.32 -3802 14812.8 16232.4 -1 1
2836.59 283.213 -642.739 2924.16 1 2
event 189
7899.86 -5708.93 8664.45 13403.8
-2943.2 5639.48 1136.33 7165.86
-2360.56 3343.08 -716.873 4156.14 1 2
4176.79 -1952.14 5726.63 7352.68 1 1
-582.637 2296.4 1853.2 3009.72 -1 2
3723.07 -3756.79 2937.81 6051.16 -1 1
event 190
-4671.36 -5537.86 -6999.72 10539.3
5002.76 16930.7 -459.868 17929.8
554.357 3351.15 1058.55 3559.38 1 2
-1289.7 -2903.59 -4698.56 5672.9 -1 1
4448.4 13579.6 -1518.42 14370.5 -1 2
-3381.66 -2634.27 -2301.16 4866.37 1 1
event 191
-8271.19 3669.51 28823.4 30368.6
6470.43 -1176.74 -7233.51 10255
4188.33 45.4053 -6161.47 7451.11 1 2
-3346.86 2665.89 9830.5 10721.9 -1 1
2282.1 -1222.14 -1072.04 2803.93 -1 2
-4924.33 1003.62 18992.9 19646.8 1 1
event 192
7032.24 4973.49 -27153.9 28655
-4676.3 -4534.41 6896.2 9978.82
5524.27 2111.41 -17780.7 18738.7 1 1
1507.96 2862.08 -9373.19 9916.31 -1 1
-653.276 -2326.19 3561.3 4304.88 -1 2
-4023.02 -2208.22 3334.89 5673.94 1 2
event 193
5929.42 8175.18 41787.1 43101.6
-8208.54 -1513.64 11654.1 14665.6
-4342.49 -1075.56 8685.37 9770.41 1 2
2627.27 3837.26 13113.7 13914.3 -1 1
-3866.05 -438.079 2968.68 4895.15 -1 2
3302.15 4337.92 28673.4 29187.3 1 1
event 194
8601.37 954.206 9146.34 12967
-4081.73 4111.85 7466.95 9945.53
4440 -494.875 2919.21 5337.74 1 1
4161.37 1449.08 6227.12 7629.22 -1 1
-2237.31 2643.14 2022.77 4011.8 -1 2
-1844.42 1468.71 5444.17 5933.73 1 2
event 195
8073.92 4875.88 34606.7 36002.5
-8398.62 -2662.49 -1784.08 9507.86
-3720 -2797.03 -982.905 4758.05 -1 2
2114.81 2713.35 9389.31 10000.2 -1 1
5959.11 2162.53 25217.4 26002.3 1 1
-4678.62 134.542 -801.176 4749.81 1 2
event 196
6917.21 -468.936 643.226 7620.52
-17126 1369.47 -8988.21 19635.5
5028.06 799.338 -414.371 5109.13 -1 1
1889.15 -1268.27 1057.6 2511.39 1 1
-9096.54 -354.482 -5962.54 10882.8 -1 2
-8029.47 1723.95 -3025.67 8752.73 1 2
event 197
3623.87 -10188.8 -6084.81 12789.1
-2867.7 -14600.8 -11351.7 18970
-2375.41 -4852.95 -3448.39 6410.63 1 2
-62.817 -4290.26 -2304.79 4871.71 1 1
-492.296 -9747.86 -7903.31 12559.3 -1 2
3686.69 -5898.56 -3780.01 7917.34 -1 1
event 198
-2876.27 -11098.7 -10856 16090.3
2227.76 -10623.1 -5759.48 12828.7
-133.89 -6271.37 -5022.74 8036.61 -1 1
-2742.38 -4827.35 -5833.27 8053.71 1 1
2695.31 -4563.18 -3456.8 6328.34 -1 2
-467.552 -6059.94 -2302.69 6500.38 1 2
event 199
-3520.77 -11006.1 -9325.92 15168.9
2741.64 -8849.28 -6550.49 11761.2
-935.253 -7372.73 -5020.4 8969.25 1 1
-2585.51 -3633.41 -4305.52 6199.62 -1 1
-615.547 -2594.05 -1780.06 3207.46 -1 2
3357.19 -6255.23 -4770.43 8553.76 1 2
event 200
-1816.41 -9672.27 -8130.41 13135.7
3426.99 -13389.2 -7522.72 16037.4
2532.55 -4427.17 -2050.19 5498.01 1 2
-1840.59 -2800.67 -3511.92 4855.55 1 1
894.44 -8962.06 -5472.53 10539.4 -1 2
24.1822 -6871.6 -4618.49 8280.16 -1 1
event 201
-8677.7 3816.14 5802.12 11537.8
-22803.8 136.7 22178.9 31961.3
-6000.7 1143.9 2866.81 6748.82 1 1
-2677.01 2672.24 2935.31 4788.99 -1 1
-16223.1 613.601 13886.6 21363.8 -1 2
-6580.69 -476.901 8292.38 10597.5 1 2
event 202
6882.88 4214.3 10034.4 13244.5
4327.77 -10533.7 6071.86 13272
4351.02 982.875 4345.97 6228.65 -1 1
2531.86 3231.43 5688.47 7015.86 1 1
2315.67 -8485.46 3686.19 9537.53 -1 2
2012.1 -2048.27 2385.68 3734.51 1 2
event 203
5367.51 5199.39 9439.87 12431.7
4493.72 -10829.8 8836.86 15005.3
4683.08 -8479.82 7754.6 12409 1 2
3587.8 1531.2 3604.36 5312.2 1 1
-189.364 -2350.01 1082.27 2596.32 -1 2
1779.71 3668.2 5835.51 7119.5 -1 1
event 204
-18150.7 -1569.02 19439.7 26821.7
9778.18 2928.77 -15060 18454.9
4346.17 1607.08 -9495.83 10566.6 -1 2
-2994.2 -1394.42 3046.41 4494.6 1 1
-15156.5 -174.6 16393.3 22327.1 -1 1
5432.01 1321.69 -5564.14 7888.25 1 2
event 205
-24196.5 -1037.52 25430.7 35254.2
9698.24 1243.27 -13520.5 16970.4
6309.95 -171.881 -6586.64 9123.6 -1 2
-5502.22 517.99 4339.03 7027.16 -1 1
-18694.2 -1555.51 21091.7 28227 1 1
3388.29 1415.16 -6933.81 7846.79 1 2
event 206
-4308.66 -7564.69 -26676.4 28231.3
1896.6 8828.4 -34847.8 36131.7
358.51 7505.02 -27410.3 28421.7 1 2
-1756.74 -2896.37 -6102.67 6980.61 -1 1
1538.09 1323.38 -7437.47 7710.01 -1 2
-2551.92 -4668.32 -20573.7 21250.7 1 1
event 207
-1025.33 6799.51 -1173.31 7632.3
-4597.99 -6223.11 7385.09 11135.5
-1296.93 -3351.77 1744.81 3996.49 1 2
-996.17 2784.07 925.406 3100.15 -1 1
-3301.06 -2871.35 5640.27 7139.01 -1 2
-29.1556 4015.43 -2098.71 4532.14 1 1
event 208
-9597.7 -8985.13 -13898.3 19380.5
2578.72 5215.54 4242.57 7838.51
2821.66 2466.04 1833.14 4173.09 1 2
-5564.83 -3396.33 -7899.88 10243.1 -1 1
-242.932 2749.5 2409.43 3665.42 -1 2
-4032.88 -5588.8 -5998.44 9137.35 1 1
event 209
9583.49 34931.9 43017.1 56321.7
-4524.57 -14385.3 11482.4 19205.4
8659.19 31898.8 37774.9 50194.4 -1 1
924.295 3033.07 5242.13 6127.39 1 1
258.75 -2223.44 1010.14 2458.08 -1 2
-4783.32 -12161.9 10472.3 16747.3 1 2
event 210
-4464.34 -14370.6 12147 19585.3
8826.65 27680.5 34851.5 45479
6844.03 24744.5 30556.1 39910.1 1 2
-3336.31 -5762.16 4760.02 8185.5 1 1
1982.62 2935.95 4295.46 5568.91 -1 2
-1128.03 -8608.49 7386.93 11399.8 -1 1
event 211
-11057.2 3991.99 47628.9 49155.9
5839.81 1691.79 -4745.94 8311.52
3725.35 45.5912 -1305.11 3949.02 1 2
-5747.46 443.592 21942.8 22687.6 1 1
2114.46 1646.2 -3440.83 4362.5 -1 2
-5309.77 3548.4 25686 26468.3 -1 1
event 212
-3373.37 4190.84 20851.4 21755.8
-1849.35 -13497.8 13120.4 19166.2
-1320.9 3869.25 14909.5 15460.3 1 1
-2052.47 321.585 5941.87 6295.48 -1 1
496.064 -7628.95 7427.44 10659.5 1 2
-2345.42 -5868.82 5692.93 8506.74 -1 2
event 213
14334.8 8051.38 -42656.5 45820
-6694.03 -65.7679 1881.9 7870.4
9437.48 3643.56 -24628.3 26625.3 1 1
4897.31 4407.82 -18028.2 19194.8 -1 1
-4673.42 -1740.78 1545.88 5222.27 -1 2
-2020.6 1675.01 336.016 2648.13 1 2
event 214
9305.96 766.801 33021.5 34455.8
-4658.44 -5013.57 14966.3 16745.7
-3397.12 -2990.67 12584.8 13374.4 -1 2
4206.85 -737.3 10978.9 11780.8 1 1
5099.11 1504.1 22042.6 22674.9 -1 1
-1261.33 -2022.91 2381.48 3371.31 1 2
event 215
-8486.11 -76.1437 -32372.9 33609.8
8316.23 1989.67 -17455.7 19682.7
5108.73 2715.81 -11704.5 13056.9 1 2
-4176.15 1073.78 -11935.6 12691.1 -1 1
3207.5 -726.14 -5751.14 6625.86 -1 2
-4309.96 -1149.93 -20437.3 20918.7 1 1
event 216
-10248.9 1182.13 -41442 42819
4971.53 1570.32 -16010.5 17120.4
-5510.67 2107.71 -24649.2 25345.7 1 1
-4738.21 -925.581 -16792.8 17473.3 -1 1
2941.94 -654.417 -8928.2 9423.75 -1 2
2029.6 2224.74 -7082.26 7696.64 1 2
event 217
-15040.7 -2792.33 27590.4 31699.2
5519.16 3167.93 -889.954 7132.99
-8452.92 -2671.49 17974.7 20042.2 1 1
-6587.77 -120.847 9615.69 11657 -1 1
3510.26 2234.47 928.884 4264.83 -1 2
2008.9 933.454 -1818.84 2868.16 1 2
event 218
5585.16 3567.02 -937.975 7374.81
-9431.21 -548.133 16771.6 19496.8
-2813.55 -1515.07 6422.41 7174.26 1 2
3132.22 346.954 -1051.64 3323.9 1 1
-6617.66 966.937 10349.2 12322.6 -1 2
2452.94 3220.07 113.663 4050.91 -1 1
event 219
-10672.8 -1849.6 20197.5 23127
5907.56 5407.58 1753.07 8763.87
-5804.54 500.603 9604.77 11234.1 1 1
-4868.26 -2350.2 10592.7 11892.9 -1 1
4246.02 2723.78 2322.74 5554.63 -1 2
1661.54 2683.8 -569.667 3209.24 1 2
event 220
38.9172 -9112.67 -6706.63 11730.8
-196.303 8378.28 3870.28 9736.73
-1341.69 4590.31 1109.93 4910.61 -1 2
-1458.84 -3987.27 -3482.32 5492.2 1 1
1497.76 -5125.4 -3224.31 6238.62 -1 1
1145.38 3787.97 2760.36 4826.11 1 2
event 221
-4638.2 -9100.25 5208.42 11876.3
7070.9 -5425.02 -14146.2 17003.9
4471.19 -2752.23 -10728.8 11945.1 -1 2
-628.771 -4571.6 2482.69 5241.16 1 1
-4009.43 -4528.65 2725.73 6635.13 -1 1
2599.71 -2672.79 -3417.33 5058.82 1 2
