event 0
10581.2 10931.7 -4448.25 16150.6
-10625.7 284.954 18054.7 21179
6587.2 5176.8 -1335.74 8484.45 -1 1
3994 5754.86 -3112.51 7666.11 1 1
-8504.64 655.967 11780.8 14545 -1 2
-2121.04 -371.013 6273.89 6633.95 1 2
event 1
-11046.3 -1957.17 -60123.5 61239.5
26138.2 6460.39 -96231.4 99975.1
4416.83 2016.29 -20304.4 20877.1 1 2
-3018.67 -1870.77 -15778.2 16173.3 -1 1
21721.4 4444.1 -75927 79098 -1 2
-8027.66 -86.3984 -44345.3 45066.3 1 1
event 2
5877.39 11354.1 -47561.8 49347.5
15536.2 -11909.3 -95799.6 97828.2
2931.75 -3877.69 -24909.3 25379.5 -1 2
562.995 4149.84 -14166.1 14772.6 -1 1
12604.4 -8031.66 -70890.3 72448.7 1 2
5314.4 7204.24 -33395.7 34574.9 1 1
event 3
9570.08 -17594.8 -26604.1 33444.5
-6908.52 7101.12 -30193.6 31928
5806.15 -13530.4 -19566.6 24487.6 1 1
3763.93 -4064.45 -7037.53 8956.83 -1 1
-3514.47 1865.41 -9140.67 9969.66 -1 2
-3394.05 5235.7 -21052.9 21958.3 1 2
event 4
-12354 -4543.79 1599.86 13616.8
3767.54 3279.32 3340.6 6760.07
-8513.22 -2765.61 -343.422 8958.38 -1 1
-3840.73 -1778.18 1943.28 4658.4 1 1
1571.96 2793.55 686.505 3279.85 -1 2
2195.58 485.767 2654.09 3480.22 1 2
event 5
-4180.07 14864.7 42100.3 44949.5
3409.43 -9458.26 -3448.4 11070.9
3034.32 -4152.67 -2266.27 5621.3 1 2
295.196 3610.54 8949.38 9655.34 -1 1
-4475.26 11254.2 33150.9 35294.1 1 1
375.104 -5305.59 -1182.13 5449.64 -1 2
event 6
-2884.42 10063.8 34012.7 35721.9
3856.41 -8338.43 -1898.1 9879.03
-1524.82 5348.62 12938.4 14083.6 -1 1
-1359.6 4715.2 21074.3 21638.3 1 1
3969.6 -5368.15 -1741.34 6900.59 -1 2
-113.186 -2970.28 -156.759 2978.44 1 2
event 7
-5830.57 7110.09 -1885.55 9884.09
-1720.16 -6939.54 5334.94 9442.91
-1583.83 -2906.86 870.889 3424.61 1 2
-601.943 2529.76 242.362 2613.79 1 1
-5228.63 4580.33 -2127.92 7270.3 -1 1
-136.338 -4032.67 4464.05 6018.3 -1 2
event 8
-3393.73 11164.5 18393.2 22001.4
18384.8 4129.76 21664.1 28878.7
4761.22 2485.06 5961.84 8024.92 1 2
-641.863 2019.51 1510.12 2604.23 1 1
13623.6 1644.7 15702.3 20853.8 -1 2
-2751.87 9144.97 16883 19397.2 -1 1
event 9
17284.4 2449.02 17117.5 24644.4
-2631.72 9163.29 14625.5 17731
-277.177 3100.55 7286.28 7924.09 -1 2
2235.09 -395.439 3363.52 4059.12 -1 1
15049.3 2844.46 13754 20585.3 1 1
-2354.54 6062.75 7339.21 9806.93 1 2
event 10
8388.72 -8784.75 -14787.8 19385.9
-9415.07 8513.64 7915.93 15276.7
5392.72 -7453.3 -11668.7 14859.5 -1 1
2995.99 -1331.45 -3119.09 4526.43 1 1
-8255.64 5747.69 5919.59 11672.4 -1 2
-1159.42 2765.95 1996.34 3604.34 1 2
event 11
2693.81 14889.3 7131.65 17011.7
-3504.07 -4747.6 6284.42 9159.84
2758.33 7228.76 2932.47 8274.89 -1 1
-64.5124 7660.55 4199.18 8736.85 1 1
-2869.98 -2412.64 5413.95 6586.32 -1 2
-634.091 -2334.96 870.469 2573.52 1 2
event 12
53.8903 -8820.46 5330.13 10761.3
4012.11 8815.99 29518.7 31221.1
-1345.37 -4648.81 1980.16 5230.07 1 1
1399.26 -4171.65 3349.97 5531.19 -1 1
3970.51 5699.1 18201.5 19482.1 -1 2
41.6004 3116.89 11317.1 11739 1 2
event 13
-7270.8 -5676.74 -2945.08 10166.3
-2256.86 4718.91 30200.8 30806.5
-3912.75 -4116.52 -445.987 5697.85 -1 1
-3358.04 -1560.22 -2499.1 4468.49 1 1
621.029 1935.76 8608.61 8846.03 -1 2
-2877.89 2783.16 21592.2 21960.5 1 2
event 14
6864.67 -6262.9 2069.47 10011.1
-5890.76 5836.59 -567.852 8870.18
-3325.6 4971.59 -1168.35 6095.29 -1 2
1608.95 -2638.42 1888.74 3623.32 1 1
5255.72 -3624.49 180.731 6387.75 -1 1
-2565.16 865.004 600.495 2774.89 1 2
event 15
12497.8 -3829.59 -166.323 13434.3
-11678.4 4181.84 29076.6 31763.4
-5548.5 1536.95 17202.8 18141 -1 2
3398.1 -56.0712 921.287 3522.81 1 1
9099.73 -3773.52 -1087.61 9911.54 -1 1
-6129.9 2644.88 11873.7 13622.3 1 2
event 16
15744.4 -4539.89 1660.75 16758.5
-19470.8 6450.01 40963.8 45916.6
-13419.9 3520.02 30042.7 33091.7 1 2
6760.66 -2769.44 -584.737 7330.03 1 1
-6050.84 2929.99 10921.1 12824.9 -1 2
8983.75 -1770.45 2245.49 9428.45 -1 1
event 17
-10894.4 1913.34 29811.1 31947.5
12950.5 -3268.83 662.93 13727
8924.38 -1395.06 1634.25 9180.01 1 2
-4497 -425.943 9400.96 10430.4 -1 1
4026.15 -1873.77 -971.317 4547.03 -1 2
-6397.44 2339.29 20410.2 21517.1 1 1
event 18
-32390.3 2961.96 -43030.5 54028.9
-15569.6 -6791.41 -20081 26483.4
-4018.61 -2875.12 -4399.56 6616.86 1 2
-4665.94 893.575 -4759.24 6725.4 1 1
-27724.4 2068.39 -38271.3 47303.5 -1 1
-11551 -3916.29 -15681.4 19866.6 -1 2
event 19
-24710.1 2899.45 -33161.2 41572.3
-15481.1 -8080.19 -18431.7 25578.8
-18194.1 761.163 -23818.8 29982.5 -1 1
-6516.06 2138.29 -9342.35 11589.7 1 1
-3334.42 -3134.97 -5563.84 7205.13 -1 2
-12146.7 -4945.22 -12867.9 18373.7 1 2
event 20
7252 6436.53 1290.43 10260.4
-8961.81 328.759 583.188 9505.5
-7125.33 -1026.12 550.798 7220.65 1 2
3018.23 1128.6 1283.05 3470 1 1
-1836.48 1354.87 32.3897 2284.85 -1 2
4233.77 5307.93 7.38057 6790.44 -1 1
event 21
-6041.65 2618.05 20665.8 21909.4
12110.1 -11375.8 -16031.3 23295
-3629.12 827.373 7130.73 8044.47 1 1
-2412.54 1790.68 13535.1 13864.9 -1 1
7852.3 -7490.9 -8361.46 13700.3 1 2
4257.85 -3884.9 -7669.85 9594.76 -1 2
event 22
9146.5 89.8172 4581.95 10688.8
-11612.6 -1032.88 15500.7 19641.4
-3598.6 -775.806 2822.1 4639.74 1 2
2495.1 -1308.38 908.004 2961.92 -1 1
-8014.02 -257.077 12678.6 15001.6 -1 2
6651.41 1398.19 3673.94 7726.91 1 1
event 23
11294.1 15715 19677.1 27772.3
-9709.01 -13735.4 8368.45 19040.8
-6481.54 -11112.4 7085.7 14687.2 1 2
4586.08 8593.23 11019.4 14707.6 -1 1
-3227.47 -2623.03 1282.75 4353.56 -1 2
6708.04 7121.78 8657.76 13064.7 1 1
event 24
12980.2 15849.3 20395.5 29073.3
-9027.15 -10655.7 6959.55 15907.8
-3281.64 -6057.44 2670.28 7389.4 1 2
1793.67 3622.22 5214.93 6598.82 1 1
11186.6 12227.1 15180.5 22474.4 -1 1
-5745.51 -4598.27 4289.27 8518.45 -1 2
event 25
-6394.33 11043.6 5978.58 14428.6
-8719.36 -4289.56 2931.52 10611.9
-3594.89 8471.95 5112.52 10528.4 1 1
-2799.44 2571.69 866.055 3900.22 -1 1
-2798.46 -16.2785 1475.76 3165.54 -1 2
-5920.9 -4273.28 1455.76 7446.37 1 2
event 26
-11688.5 -6831.46 5192.92 14827.2
-3648.74 6292.28 2689.81 8350.58
-7621.41 -2767.84 3506.79 8834.91 1 1
-4067.06 -4063.62 1686.13 5992.34 -1 1
-3070.24 3484.74 367.782 4660.07 -1 2
-578.5 2807.54 2322.02 3690.52 1 2
event 27
680.715 -8285.34 33781.2 34926.6
-11825.4 2646.79 11691.9 17121.3
228.674 -4566.34 12336.4 13156.8 1 1
452.041 -3718.99 21444.8 21769.8 -1 1
-10100 1057.92 9657.87 14014.8 -1 2
-1725.41 1588.87 2034.07 3106.47 1 2
event 28
-5223.65 1410.39 4200.25 7517.22
-1029.53 -16144.2 58453.7 60729.9
-3008.42 1679.79 3990.61 5273.37 -1 1
-2215.22 -269.392 209.642 2243.86 1 1
219.198 -10994.7 35105.4 36787.7 1 2
-1248.72 -5149.45 23348.3 23942.2 -1 2
event 29
-9125.54 -8558.67 40708.7 42700.3
5749.5 4867.83 551.101 8163.77
3745.96 1174.56 19.6761 3927.26 -1 2
-2892.43 -1482.22 7414.97 8096.67 1 1
-6233.11 -7076.45 33293.8 34603.7 -1 1
2003.54 3693.28 531.425 4236.51 1 2
event 30
-17085.1 10434.7 2334.45 20391.7
2397.59 -4912.63 18719.9 19746
-12348.2 8889.52 1086.86 15254.3 1 1
-4736.85 1545.13 1247.59 5137.4 -1 1
764.948 -3207.41 14846.7 15208.8 -1 2
1632.65 -1705.22 3873.21 4537.2 1 2
event 31
19468.9 -4152.67 37265.5 42362.6
-16717 1600.29 -31192.1 35560.6
12718 -2253.71 26991.4 29922.8 1 1
6750.91 -1898.96 10274 12439.8 -1 1
-4421.06 1757.02 -9502.85 10627.7 -1 2
-12295.9 -156.723 -21689.2 24932.9 1 2
event 32
13902.5 -4387.35 30483.1 33931.4
-19688.4 1376.39 -33884.8 39335.7
10524 -2249.62 20009.9 22720.5 1 1
3378.55 -2137.72 10473.2 11210.9 -1 1
-16827.8 149.605 -27709.6 32419.6 -1 2
-2860.54 1226.78 -6175.22 6916.08 1 2
event 33
3830.5 -10608 -9019.37 14769.7
-8537.63 1534.43 3210.6 9754.2
-4193.77 -116.418 2888.87 5094.9 1 2
1788.87 -2261.77 -1113 3092.83 1 1
2041.63 -8346.22 -7906.37 11676.9 -1 1
-4343.85 1650.85 321.727 4659.3 -1 2
event 34
1960.87 -10297.2 -10352.2 15054.4
-8866.34 1258.81 2650.43 9839.22
167.455 -6871.1 -7910.21 10479.6 1 1
1793.41 -3426.06 -2441.99 4574.79 -1 1
-3215.2 1949.02 1369.11 4002.72 -1 2
-5651.14 -690.206 1281.32 5836.5 1 2
event 35
6216.86 -3194.53 -34402 35241.2
-12237.9 -4507.1 -16192.9 21021
3680.09 -552.862 -21868.7 22183.3 1 1
2536.77 -2641.66 -12533.3 13057.9 -1 1
-7850.51 -4423.08 -10669.6 13965.9 1 2
-4387.43 -84.016 -5523.27 7055.09 -1 2
event 36
4250.19 10076.2 7851.59 13814.2
-4935.93 -5067.1 -9715.94 12410.9
-4467.1 -2591.04 -7064.16 8751.11 1 2
2827.44 4378.55 2184.2 5652.26 1 1
-468.823 -2476.06 -2651.78 3659.75 -1 2
1422.74 5697.64 5667.38 8161.97 -1 1
event 37
708.805 12911.1 6697.97 14888
-5962.94 2187.51 -14025.8 15705.4
-3810.5 2280.83 -11787.7 12597 -1 2
1515.71 3801.64 2715.99 4913.01 -1 1
-806.902 9109.45 3981.98 9974.99 1 1
-2152.44 -93.3202 -2238.09 3108.37 1 2
event 38
-6308.46 7044.68 -4772.45 11035.9
-2898.63 -4737.81 4722.57 7921.03
-1938.03 -2538.84 756.088 3283.97 1 2
-3743.68 2873.07 -931.25 4811.25 1 1
-960.601 -2198.97 3966.48 4637.06 -1 2
-2564.78 4171.6 -3841.2 6224.66 -1 1
event 39
-7874.42 1461.32 982.08 8642.66
-9384.66 3939.06 3522.57 11206.6
-4598.97 406.407 2184.54 5108.73 -1 2
-2235.19 -502.812 1345.79 2659.17 -1 1
-5639.23 1964.13 -363.706 5983.49 1 1
-4785.69 3532.65 1338.03 6097.87 1 2
event 40
21620.3 9366.63 92730.3 95727
-48511.2 -114.553 12242.6 50128.1
-12773.2 -452.574 1901.64 12922.3 -1 2
7763.18 3598.53 27956 29236.4 1 1
-35738 338.021 10341 37205.8 1 2
13857.1 5768.1 64774.3 66490.7 -1 1
event 41
21463.6 9495.66 94221.6 97150.1
-51177.4 933.578 12592.6 52803
11250 5302.87 43656.4 45393.6 1 1
10213.6 4192.8 50565.1 51756.6 -1 1
-30408.9 709.503 9032.68 31730.2 1 2
-20768.5 224.075 3559.93 21072.9 -1 2
event 42
14797.4 15436 -12879.9 25153.9
2287.98 8846.03 -5170.24 10945.7
13270.8 12218.7 -10933 21093.9 1 1
1526.58 3217.35 -1946.91 4059.98 -1 1
1623.96 1346.53 -1292.3 2476.2 -1 2
664.022 7499.5 -3877.94 8469.53 1 2
event 43
-7220.97 -1541.64 -7479.64 10956.9
-19268.5 -4564.48 -19555.9 28002.4
-3426.65 -1568.66 -2452.74 4497.75 1 2
-2254.05 58.4111 -4269.28 4829.29 -1 1
-15841.9 -2995.82 -17103.1 23504.6 -1 2
-4966.92 -1600.05 -3210.36 6127.65 1 1
event 44
9339.95 2086.65 -15136.9 18174.3
167.769 -5043.88 -7615.8 9646.77
1555.36 -3547.42 -5125.03 6424.98 1 2
4439.63 1316.84 -10062.2 11077.1 1 1
-1387.59 -1496.46 -2490.78 3221.79 -1 2
4900.33 769.811 -5074.71 7097.16 -1 1
event 45
-446.934 4558.5 -4138.39 6906.33
14438.5 3091.07 30735.9 34239.1
1037.72 3106.21 -1666.75 3676.23 -1 1
-1484.66 1452.29 -2471.65 3230.1 1 1
8389.61 2777.57 15495.6 17838.8 1 2
6048.84 313.498 15240.4 16400.2 -1 2
event 46
-1980.33 10636.2 1756.32 11389.6
-125.565 -11068.4 -38839.4 40504.5
1209.4 -4886.97 -14204.4 15070.5 1 2
-1872.74 4201.72 1832.76 4952.96 1 1
-107.592 6434.43 -76.4448 6436.65 -1 1
-1334.96 -6181.44 -24635 25434 -1 2
event 47
6175.64 1675.59 22886.6 23965.3
-9885.82 -1982.31 -8200.18 13360.1
-3995.83 -748.56 -1452.79 4318.42 1 2
1324.83 1811.55 7789.68 8107.23 1 1
-5889.98 -1233.75 -6747.39 9041.71 -1 2
4850.81 -135.959 15096.9 15858.1 -1 1
event 48
-4868.73 -3762.25 2467.47 7316.9
8017.69 7240.9 -3140.77 11669.2
2858.92 996.016 -146.849 3032.85 -1 2
-2358.51 -613.126 -258.306 2452.83 -1 1
5158.77 6244.88 -2993.92 8636.33 1 2
-2510.22 -3149.12 2725.77 4864.07 1 1
event 49
4263.73 11360.6 5216.51 13566.4
-6083.27 -7359.01 2437.36 10329.2
-3488.97 -5949.96 780.832 6942.32 -1 2
1721.41 4301.97 404.041 4652.38 -1 1
2542.32 7058.67 4812.47 8913.99 1 1
-2594.3 -1409.04 1656.53 3386.89 1 2
event 50
4610.55 15763.4 8074.27 18668.7
-6462.16 -8768.51 1044.43 11372.2
-1293.93 -4295.53 483.11 4513.35 -1 2
333.428 4150.61 592.837 4207.3 1 1
4277.12 11612.8 7481.44 14461.4 -1 1
-5168.23 -4472.98 561.32 6858.89 1 2
event 51
11943 7089.7 22832.8 26904
-7542.29 -7855.37 53288 54477.4
-4438.68 -2982.95 20621.1 21303.5 1 2
2384.52 1404.53 7236.29 7748.14 1 1
9558.51 5685.17 15596.5 19155.9 -1 1
-3103.61 -4872.42 32666.8 33173.9 -1 2
event 52
16827.8 622.952 21965.2 27850
-5849.15 -333.271 -6783.42 9483.1
9113.91 -1192.01 11481.8 14708.1 -1 1
7713.87 1814.96 10483.4 13141.9 1 1
-3232.14 1351.13 -3358.95 4854.48 -1 2
-2617.01 -1684.4 -3424.47 4628.61 1 2
event 53
-13440.7 -13853.9 43979.7 48128.9
-1751.17 14793.7 -23218.4 27759.8
-11632.3 -10206.4 34604.2 37907 -1 1
-1808.41 -3647.58 9375.52 10221.9 1 1
-1303.68 2595.96 -3289.89 4390.12 -1 2
-447.492 12197.8 -19928.5 23369.7 1 2
event 54
-5036.74 6444.2 1192.84 8826.68
13248.6 5976.99 16355.7 22098.6
3986.09 3352.2 6343.74 8208.55 1 2
-2851.87 1360.8 889.076 3284.29 1 1
9262.48 2624.79 10012 13890.1 -1 2
-2184.87 5083.41 303.764 5542.39 -1 1
event 55
-10283.2 11119.7 4412.15 16076.4
8788.38 2660.49 10115.9 14008.5
-6537.54 4800.59 2406.15 8460.85 1 1
-3745.65 6319.15 2006 7615.56 -1 1
5552.45 1794.7 4134.92 7152.58 -1 2
3235.93 865.783 5980.95 6855.93 1 2
event 56
-12901.4 -3307.34 -3875.08 14212.4
9574.64 5956.38 3028.4 12079.5
-6910.91 -572.055 -929.239 6997.32 -1 1
-5990.5 -2735.28 -2945.84 7215.05 1 1
6976.32 4603.8 3585.81 9095.78 -1 2
2598.32 1352.58 -557.408 2983.72 1 2
event 57
-6053.68 -415.815 -1208.13 6918.88
9338.3 5265.63 3573.97 11717.3
-3550.23 -1654.28 -121.479 3920.04 1 1
-2503.45 1238.47 -1086.65 2998.84 -1 1
5029.76 3143.55 371.795 5943.89 1 2
4308.54 2122.09 3202.17 5773.37 -1 2
event 58
-8364.2 -2815.02 -3204.54 9886.53
13345 9480.38 3214.21 16967.3
2476.06 1749.78 -604.119 3093.34 1 2
-2616.93 -1118.49 -2611.31 3863.87 -1 1
10869 7730.6 3818.33 13874 -1 2
-5747.27 -1696.54 -593.229 6022.66 1 1
event 59
3592.6 -23364.8 -22053.9 32477.5
17344.4 -13165.5 -42967.8 48269.9
3863.64 -16549.4 -15054.3 22703.6 1 1
-271.04 -6815.47 -6999.59 9773.92 -1 1
4580.25 -4350.04 -9897.84 11742.2 -1 2
12764.1 -8815.46 -33070 36527.7 1 2
event 60
2860.02 -6542.76 14696.5 16630.2
5763.47 -6024.71 19537.4 21466.6
2010.35 -3171.64 4529.04 5884.23 1 1
849.679 -3371.12 10167.5 10745.9 -1 1
1904.32 -4075.81 11298.9 12162 -1 2
3859.14 -1948.9 8238.51 9304.59 1 2
event 61
-3133.19 12622.1 -10312.7 16884.2
-3486.73 -18848.8 17095.1 25870.2
-683.4 -6441.5 3999.82 7613.78 1 2
-2048.49 2832.81 -3132.16 4694.96 1 1
-2803.33 -12407.3 13095.3 18256.5 -1 2
-1084.7 9789.26 -7180.59 12189.3 -1 1
event 62
-4415.06 3505.66 1515.32 6608.31
3026.68 -14949.7 45545 48131
-1816.63 3168.53 1590.15 3984.91 1 1
-2598.43 337.126 -74.829 2623.4 -1 1
3335.14 -9768.71 32078.3 33698.4 -1 2
-308.466 -5180.94 13466.7 14432.6 1 2
event 63
-7390.55 -4777.76 292.416 9333.99
11074.8 -6216.03 9239.34 16007.7
4707.23 -3069.69 5932.79 8172.52 1 2
-2263.8 -2426.5 1368.29 3591.11 -1 1
6367.58 -3146.34 3306.55 7835.17 -1 2
-5126.76 -2351.26 -1075.87 5742.89 1 1
event 64
-927.211 9913.13 4039.59 11182.1
4880.78 -5532.02 10078.5 12868.3
4313.95 -2980.37 5531.36 7622.32 -1 2
601.099 3103.89 94.3059 3164.73 1 1
-1528.31 6809.23 3945.28 8017.35 -1 1
566.827 -2551.65 4547.17 5245.97 1 2
event 65
5630.62 5260.67 14473.2 16805.7
1187.84 -8387.15 7336.31 11626.2
1940.41 -3459.91 3951.83 5600.38 1 2
3404.57 782.65 6812.59 7656.77 -1 1
2226.06 4478.02 7660.58 9148.97 1 1
-752.575 -4927.23 3384.48 6025.77 -1 2
event 66
1173.36 -8607.37 37688.3 38851.8
8771.6 -22677.7 65062 69526.1
2466.02 -6600.24 27988 28861.5 -1 1
-1292.67 -2007.12 9700.28 9990.3 1 1
5807.28 -14385.2 37197.9 40303.3 -1 2
2964.32 -8292.53 27864.1 29222.8 1 2
event 67
-162.881 13545.5 24456.7 28128.7
23271.3 -22021.3 18971.1 37362.9
4114.42 -2860.96 3959.41 6387.61 1 2
-391.928 4933.33 6140.09 7886.9 1 1
19156.9 -19160.4 15011.7 30975.2 -1 2
229.047 8612.17 18316.6 20241.8 -1 1
event 68
14897.8 -14783.3 11862.3 24306.3
-2261.85 16603.1 32189.4 36421.5
-430.554 11364.1 19556.7 22623.1 -1 2
4641.12 -6400.14 5336.75 9539.07 -1 1
10256.7 -8383.16 6525.55 14767.2 1 1
-1831.3 5239.02 12632.7 13798.4 1 2
event 69
9154.7 2147.92 45025.9 46101.5
-9982.21 -6596.53 6447.67 13939.9
-8184.68 -3978.04 4061.71 9966.07 1 2
4847.44 -320.264 19430.4 20028.8 -1 1
-1797.53 -2618.49 2385.96 3973.86 -1 2
4307.27 2468.19 25595.5 26072.7 1 1
event 70
18173.8 11219.3 27373.4 34857.7
5560.52 3236.34 -5298.21 8891.3
3848.89 1577.72 -1534.19 4434.87 1 2
9056.27 4917.56 15513.2 18624.4 1 1
1711.63 1658.62 -3764.03 4456.43 -1 2
9117.58 6301.76 11860.2 16233.3 -1 1
event 71
-6644.2 7734.16 17790.9 20738.1
-26.7355 -11478.7 6477.28 13539.1
-359.108 -5541.22 4848.32 7372.34 1 2
-3056.59 1794.2 7857.16 8620.21 1 1
-3587.62 5939.96 9933.7 12117.9 -1 1
332.372 -5937.5 1628.96 6166.77 -1 2
event 72
-7252.24 -8994.5 16929.2 20825
5852.23 4862.75 -3608.46 8972.54
3427.62 1256.42 -2673.76 4526.3 1 2
-2695.32 -1874.93 7339.88 8041.46 1 1
-4556.92 -7119.58 9589.28 12783.6 -1 1
2424.6 3606.33 -934.694 4446.25 -1 2
event 73
-3066.86 12618.8 -33348.7 35977.3
4640.54 -5890.66 -15785.8 17748.7
-695.375 9564.16 -24983.5 26760.8 -1 1
-2371.48 3054.59 -8365.28 9216.48 1 1
2011.84 -979.654 -2586.4 3421.67 -1 2
2628.7 -4911.01 -13199.4 14327 1 2
event 74
8541.62 3189.65 19363.5 21625.7
-5197.69 3302.08 25633.3 26543.9
5077.13 684.495 12846.2 13830.5 -1 1
3464.5 2505.15 6517.33 7795.21 1 1
-3177.48 1498.48 19827.8 20136.9 -1 2
-2020.21 1803.6 5805.52 6406.99 1 2
event 75
-8737.9 63.5381 360.755 9277.72
-2122.93 6582.81 3315.89 8271.96
-5593.05 -477.481 1623.31 5844.36 -1 1
-3144.85 541.019 -1262.56 3433.36 1 1
-1228.57 2044.51 2700.19 3604.39 -1 2
-894.356 4538.3 615.705 4667.58 1 2
event 76
-5485.02 -6803.39 -5215.04 10637.6
11330.4 16199.6 50354.5 54184.6
-3055.81 -3771.85 -1101.9 4978.98 -1 1
-2429.21 -3031.54 -4113.14 5658.66 1 1
4814.96 9546.61 26329 28417.4 1 2
6515.47 6652.94 24025.6 25767.3 -1 2
event 77
-7049.44 2022.57 7241.33 10761.6
7447.63 -1900.57 29248.1 30399.4
-3677.26 2631.8 3860.84 5946.92 -1 1
-3372.18 -609.229 3380.49 4814.73 1 1
5674.26 -141.631 22434.8 23141.9 -1 2
1773.37 -1758.94 6813.29 7257.47 1 2
event 78
-24363.1 1266.13 -106279 109087
9705.57 1930.32 -39099.5 40451
-17702 2098.5 -73946.4 76064.7 1 1
-6661.1 -832.378 -32332.6 33022.3 -1 1
3105.57 -805.74 -11189.8 11641.1 -1 2
6600.01 2736.07 -27909.7 28809.9 1 2
event 79
5842.17 -12538 -35898 38595.2
-6512.87 4217.99 -29354 30519.8
-4897.86 1414.86 -18933.4 19608.1 -1 2
2465.37 -3680.44 -8213.31 9332.38 -1 1
3376.8 -8857.53 -27684.7 29262.8 1 1
-1615.01 2803.14 -10420.6 10911.7 1 2
event 80
6505.41 319.902 -13690.6 15474.1
6136.59 -16007.8 -25027 30493.4
3657.38 1712.53 -7617.71 8622.64 -1 1
2848.02 -1392.63 -6072.9 6851.42 1 1
5580.69 -10807.5 -16715.1 20672.5 -1 2
555.902 -5200.22 -8311.86 9820.87 1 2
event 81
2292.85 -4694.09 -19786.3 20697.4
-19151.4 -5233.32 16728.8 26145.9
1884.86 -2542.86 -16099.9 16408.4 -1 1
407.982 -2151.24 -3686.42 4288.95 1 1
-12130.3 -2890.85 8580.46 15137.3 1 2
-7021.06 -2342.47 8148.39 11008.6 -1 2
event 82
8368.98 -1681.7 -12582.1 15516.7
-9542.27 -261.402 -2896.16 10445.3
-3874.42 -682.044 -2671.4 4756.46 -1 2
1755.16 -1621.32 -4263.98 4888.96 1 1
6613.82 -60.3834 -8318.16 10627.8 -1 1
-5667.84 420.642 -224.761 5688.85 1 2
event 83
-13172.2 -1167.98 13270.9 18989
10828.2 536.199 -2975.31 11661.1
-10229 -2126.02 10803 15028.9 -1 1
-2943.2 958.037 2467.89 3960.04 1 1
2644.6 -1192.72 -949.163 3054.27 -1 2
8183.65 1728.92 -2026.14 8606.84 1 2
event 84
8466.75 194.819 -1603.81 9158.97
-13896.5 767.676 13231 19451.3
-5437.78 650.126 7267.34 9100.42 -1 2
3002.84 -1361 -989.468 3443.78 1 1
-8458.73 117.55 5963.62 10350.8 1 2
5463.9 1555.82 -614.343 5715.19 -1 1
event 85
11031.2 1163.33 -17466 20921.1
-11255.5 302.864 -20163.7 23301.2
-3628.22 562.609 -9517.62 10201.8 -1 2
3626.96 446.69 -8615.94 9359.49 -1 1
-7627.31 -259.745 -10646.1 13099.4 1 2
7404.23 716.638 -8850.1 11561.6 1 1
event 86
6072.47 2673.68 -9012.04 11611.7
-10345.9 216.965 -16606.8 19810.6
-3183.66 -357.624 -7872.86 8500.39 1 2
2722.44 -172.02 -2210.12 3512.42 -1 1
-7162.24 574.589 -8733.95 11310.2 -1 2
3350.02 2845.7 -6801.92 8099.25 1 1
event 87
4496.36 5919.43 -3896.73 8946.16
-8859 -5600.1 -26900.4 29035.6
1927.77 3207.4 -293.571 3755.14 1 1
2568.59 2712.02 -3603.16 5191.02 -1 1
-3927.87 -4183.14 -15680.8 16698.1 1 2
-4931.13 -1416.96 -11219.6 12337.5 -1 2
event 88
2413.99 6123.14 -25114.8 26147
-11813 -1913.33 -39149.3 41054.4
-3720.12 702.139 -14134.7 14633.3 -1 2
2325.18 2072.17 -8774.55 9311.51 -1 1
-8092.87 -2615.47 -25014.6 26421.1 1 2
88.8116 4050.97 -16340.3 16835.5 1 1
event 89
3151.1 8636.1 -2129.13 9931.53
-545.491 -8147.32 19753.2 21597.6
1086.65 -3690.28 10771.2 11438.1 1 2
244.318 3553.29 -1973.43 4073.22 -1 1
2906.78 5082.81 -155.697 5858.31 1 1
-1632.14 -4457.04 8981.98 10159.5 -1 2
event 90
-1646.04 -13537 35638.3 38335.8
8710.2 14588.3 -4508.6 17849.5
-2731.75 -9291.11 22879.4 24844.8 -1 1
1085.71 -4245.9 12758.9 13491 1 1
5792.13 12095.7 -3144.24 13775.1 -1 2
2918.07 2492.61 -1364.36 4074.41 1 2
event 91
-4172.84 -8558.86 -4656.85 11042.8
2152.59 -11930 4908.68 13440.4
-2493.63 -5577.16 -1297.72 6246.45 1 1
-1679.21 -2981.71 -3359.13 4796.37 -1 1
620.238 -10087.3 4131.52 10918.7 -1 2
1532.35 -1842.68 777.165 2521.65 1 2
event 92
3600.82 4906.86 8422.57 10843.1
4003.47 -6774.1 2746.25 8890.94
2358.83 -2896.03 -211.765 3742.6 -1 2
517.267 2087.36 4989.71 5434.43 1 1
1644.64 -3878.08 2958.02 5148.34 1 2
3083.55 2819.5 3432.86 5408.66 -1 1
event 93
-7278.77 4872.72 -36201.4 37374.5
6318.08 1253.69 -30542.6 31367.7
-2988.36 3482.94 -22002 22475.8 -1 1
-4290.4 1389.78 -14199.3 14898.7 1 1
4400.4 -509.556 -16471.7 17057.3 -1 2
1917.68 1763.24 -14070.9 14310.4 1 2
event 94
-6866.24 -7433.96 6455.97 12396.7
11554.5 1884.75 -25675.8 28388.3
3306.89 -600.285 -5442.58 6397.55 -1 2
-2409.01 -714.451 1679.48 3024.17 -1 1
8247.58 2485.04 -20233.2 21990.7 1 2
-4457.23 -6719.51 4776.48 9372.55 1 1
event 95
20994.6 -8715.07 -3942.2 23277.9
-5185.73 1538.3 -10233.4 11982.1
12628.8 -4335.32 -3594.31 13827.9 1 1
8365.84 -4379.75 -347.893 9449.95 -1 1
-3170.25 226.895 -3050.38 4406.58 -1 2
-2015.48 1311.41 -7183.01 7575.54 1 2
event 96
-12450.1 1433.31 3298.55 13324.2
11051.7 -187.621 -10038.7 15249.3
-7333.93 235.889 464.275 7353.15 1 1
-5116.13 1197.42 2834.27 5971 -1 1
7880.54 1271.22 -6806.66 10491 -1 2
3171.15 -1458.84 -3231.99 4758.3 1 2
event 97
15806.6 -3126.24 -13368.6 21164.4
-10586.4 -1595.2 2756.86 11480.7
12657.7 -2071.86 -12020.9 17579.1 1 1
3148.87 -1054.37 -1347.67 3585.31 -1 1
-2963.83 914.275 1043.62 3274.22 -1 2
-7622.52 -2509.48 1713.24 8206.5 1 2
event 98
5779.24 -3731.72 -3568.02 8345.48
-9854.02 2749.28 -5482.14 12012.7
3106.54 -1960.83 -3589.92 5137.52 1 1
2672.7 -1770.9 21.8928 3207.97 -1 1
-4775.24 2558.72 -1708.18 5681.46 -1 2
-5078.77 190.56 -3773.95 6331.21 1 2
event 99
6863.44 4602.39 -9642.27 13071.1
-3148.36 5538.99 -1023.54 7157.61
-2475.5 3536.64 767.764 4385.95 1 2
3858.1 1647.53 -2836.17 5065.01 -1 1
-672.858 2002.35 -1791.31 2771.66 -1 2
3005.34 2954.85 -6806.09 8006.08 1 1
event 100
6580.2 -2326.51 8628.33 11521.8
-11028.2 -9599.41 -5623.5 15968.3
3429.28 -2616.12 3807.58 5754.37 -1 1
3150.93 289.611 4820.75 5767.41 1 1
-7761.04 -4868.38 -3964.98 9983.34 1 2
-3267.2 -4731.03 -1658.53 5984.91 -1 2
event 101
11845.2 -1405.18 42610 44356.3
6919.51 -6855.24 23263.3 25409.5
3680.35 -5487.46 16762.6 18018.1 -1 2
4080.19 594.79 18253.3 18713.5 -1 1
7764.99 -1999.97 24356.6 25642.8 1 1
3239.16 -1367.77 6500.72 7391.45 1 2
event 102
10214.9 -8245.77 29245.4 32267.9
14876.4 -2680.6 51628.1 53884.5
10364.2 -922.892 38844.6 40214.2 1 2
3643.04 -4658.2 10014.6 11630.7 -1 1
4512.14 -1757.71 12783.5 13670.4 -1 2
6571.82 -3587.57 19230.8 20637.2 1 1
event 103
-3602.85 -10118.6 -9241.05 14503.6
-5202.12 -20203.2 -11680.9 24109.4
-1992.84 -5778.96 -4972.71 7880.79 -1 2
-523.064 -3336.73 -1313.7 3625.51 -1 1
-3209.28 -14424.2 -6708.17 16228.6 1 2
-3079.79 -6781.89 -7927.35 10878.1 1 1
event 104
-5129.22 -6800.08 5153.66 10426
-7271.57 3812.99 21112.8 22863.9
-4385.38 3273.88 10362.6 11719.4 -1 2
-2929.52 -1457.8 2110.79 3895.36 -1 1
-2199.7 -5342.29 3042.87 6530.62 1 1
-2886.19 539.108 10750.3 11144.5 1 2
event 105
-15230.4 -1722.98 55308.7 57476.8
14199.5 4266.67 25542.2 29695.5
6585.41 633.041 12873.6 14474.4 -1 2
-3302.59 621.052 15142.8 15511.5 1 1
-11927.8 -2344.03 40166 41965.2 -1 1
7614.04 3633.63 12668.7 15221.1 1 2
event 106
6225.27 -10203 -17210.8 21181.6
-15312.4 4373.72 -7797.87 17999.9
5741.54 -6840.23 -12949 15730.3 1 1
483.729 -3362.78 -4261.81 5451.28 -1 1
-13514.4 3011.92 -5902.76 15052 -1 2
-1798.04 1361.8 -1895.12 2947.89 1 2
event 107
-7127.44 -2656.41 9325.95 12426.7
15831.2 3028.14 -11189 19864.1
3585.72 -530.519 -3022.72 4720.9 -1 2
-2363.33 594.421 2973.08 3845.65 1 1
12245.5 3558.65 -8166.24 15143.2 1 2
-4764.11 -3250.83 6352.87 8581.07 -1 1
event 108
-8011.58 -6341.6 -852.83 10710.7
-1870.44 -11035.1 25.8702 11613
-1736 -2795.29 -605.27 3347.36 1 2
-2281.5 -1632.56 1140.11 3030.1 -1 1
-134.443 -8239.76 631.14 8265.67 -1 2
-5730.08 -4709.04 -1992.94 7680.61 1 1
event 109
5216.55 -3045.37 -15317.6 16754.3
6747.6 -8988.73 -23572.5 26297.9
2356.02 -2953.34 -6965.21 7924.55 -1 1
2860.52 -92.0288 -8352.37 8829.74 1 1
2601.9 -5694.28 -11036 12688.5 1 2
4145.7 -3294.45 -12536.5 13609.4 -1 2
event 110
1665.36 -8453.5 -11414.8 14633
-2456.03 9018.92 4437.8 10801
2354.76 -4182.76 -5439.74 7255.5 -1 1
-689.395 -4270.74 -5975.11 7377.51 1 1
-582.05 7112.94 2817.44 7673.45 -1 2
-1873.99 1905.98 1620.36 3127.51 1 2
event 111
406.574 -7626.02 -10313.9 13201.8
107.728 9440.02 3212.03 10441.9
-1466.2 4591.84 1266.55 4984.98 -1 2
-1329.99 -2854.8 -3618.07 4797.96 1 1
1573.93 4848.18 1945.49 5456.94 1 2
1736.57 -4771.22 -6695.78 8403.86 -1 1
event 112
-9912.53 -4040.34 15369 18983.6
8250.94 -8436.07 28979.2 31442.5
-5855.63 -740.746 7753.85 9745.27 1 1
-4056.9 -3299.59 7615.12 9238.35 -1 1
4400.62 -5104.08 12595.8 14285.7 -1 2
3850.32 -3332 16383.4 17156.7 1 2
event 113
6889.13 -11602.9 -5163.58 14776.4
7509.47 17122.9 23173.8 29936.6
3667.33 5104.29 6725.31 9205.65 1 2
2621.85 -5460.86 -784.702 6109.18 1 1
3842.13 12018.6 16448.5 20731 -1 2
4267.28 -6142.04 -4378.88 8667.19 -1 1
event 114
-5286.86 7366.82 -21087.6 23162.4
-2241.18 4866.67 -5501.17 8280.18
-3294.33 3530.59 -14492.3 15276 1 1
-1992.52 3836.23 -6595.28 7886.42 -1 1
-1089.94 3119.21 -1238.2 3530.12 -1 2
-1151.24 1747.46 -4262.98 4750.06 1 2
event 115
-6450.96 -11524.9 -37905.3 40259.6
-7509.45 6720.37 -14523.7 17946.7
-2156.21 -6846.83 -18659.4 19992.8 -1 1
-4294.75 -4678.07 -19245.9 20266.8 1 1
-5201.26 5484.76 -12608.8 14701.3 -1 2
-2308.19 1235.6 -1914.91 3245.38 1 2
event 116
-4441.05 3370.59 -8107.26 10315.2
-6877.14 -14101.1 -44175.1 46980.5
-2356.3 3326.09 -6529.83 7698.37 1 1
-2084.75 44.5055 -1577.44 2616.8 -1 1
-5359.57 -9100.49 -32877 34531.9 -1 2
-1517.57 -5000.6 -11298.1 12448.6 1 2
event 117
-2920.35 5395.37 11227.3 13163.7
2863.89 -6742.24 1714.14 8135.54
168.026 -3297.61 -303.181 3317.46 1 2
468.827 1975.13 3844.6 4348.92 1 1
-3389.18 3420.24 7382.74 8814.79 -1 1
2695.86 -3444.63 2017.32 4818.08 -1 2
event 118
3910.6 -9517.58 -29148.8 31066.4
-5570.42 -806.032 7988.29 10251
-3370.87 1050.89 4700.24 5879.67 1 2
2427.12 -3829.58 -16604.4 17212.6 -1 1
-2199.55 -1856.92 3288.05 4371.34 -1 2
1483.47 -5687.99 -12544.4 13853.7 1 1
event 119
-12191.9 2273.76 -5016.05 13731.9
20301.6 -1914.79 -23203.6 31045.4
8900.65 -506.909 -7917.85 11924 -1 2
-3218.21 737.312 -2873.75 4378.37 1 1
11400.9 -1407.88 -15285.7 19121.4 1 2
-8973.66 1536.45 -2142.3 9353.49 -1 1
event 120
-3016.22 18658.9 -299.356 19155.5
-5648.89 11638.7 -2786.04 13591.3
-1793.11 4921.12 -2586.64 5842.48 -1 2
-1283.21 2108.19 383.92 2499.93 1 1
-1733.01 16550.7 -683.276 16655.6 -1 1
-3855.78 6717.56 -199.396 7748.78 1 2
event 121
-2276.95 6314.91 5493.04 9210.03
8175.92 -9133.77 -2340.31 12858.4
-51.574 4545.05 3442.18 5702.62 1 1
-2225.37 1769.86 2050.87 3507.41 -1 1
3798.52 -5047.92 -2672.58 6860.33 1 2
4377.4 -4085.86 332.276 5998.12 -1 2
event 122
-7343.87 -1871.32 -6045.82 10177.3
-3931.12 10245.7 18462.3 21699.6
-560.253 4257.52 9320.05 10262.3 1 2
-1677.56 -1821.46 -2318.9 3394.17 -1 1
-3370.87 5988.22 9142.2 11437.3 -1 2
-5666.3 -49.8633 -3726.92 6783.11 1 1
event 123
7724.81 -3261.08 7865.96 11906.8
-11926.3 9812.88 22890.7 27786.8
5084.26 -517.161 4136.87 6575.86 1 1
2640.56 -2743.92 3729.08 5330.93 -1 1
-10130.9 7088.6 19417.4 23020.2 -1 2
-1795.38 2724.28 3473.35 4766.59 1 2
event 124
-3639.47 -4347.34 26577.1 27351
-7292.11 -6104.15 1564.23 10122.9
-3807.09 -1461.2 1404.99 4314.41 1 2
-2092.65 -291.761 8323.76 8588.39 -1 1
-3485.02 -4642.95 159.246 5808.52 -1 2
-1546.82 -4055.58 18253.3 18762.6 1 1
event 125
9654.9 13505.8 6468.62 18084.7
-6040.16 -11529.5 22318.6 26021.6
-1957.2 -3511.22 4338.94 5915.82 1 2
1818.04 2427.92 -38.3003 3035.25 -1 1
7836.85 11077.8 6506.92 15049.4 1 1
-4082.96 -8018.28 17979.7 20105.8 -1 2
event 126
4467.2 -12712 -1178.27 13875.6
-4076.06 7301.44 7025.84 11352.4
1474.38 -8415.82 -193.533 8546.84 1 1
2992.82 -4296.22 -984.734 5328.73 -1 1
-98.6774 2819.39 3073.31 4173.14 -1 2
-3977.38 4482.04 3952.54 7179.27 1 2
event 127
9146.65 -10043.3 -13033.5 19078.6
4479.47 4512.2 -4664.86 8472.18
4714.04 -7091.57 -6944.64 10988.7 1 1
4432.61 -2951.74 -6088.9 8089.91 -1 1
2031.95 3596.64 -1570.51 4420.67 -1 2
2447.52 915.562 -3094.35 4051.51 1 2
event 128
9806.86 -1843.94 6676.42 12399.2
-5291.55 5041.59 38194.7 39010.9
5981.2 -2629.89 3964.71 7643.38 1 1
3825.66 785.952 2711.71 4755.83 -1 1
-2113.59 181.58 9565.48 9798.46 -1 2
-3177.96 4860.01 28629.3 29212.4 1 2
event 129
-8621.05 6700.3 36146.5 37886.3
10120.8 -1925.85 8104.33 13468.9
-4702.86 2903.9 22945 23601.6 1 1
-3918.19 3796.4 13201.5 14284.8 -1 1
7605.15 -31.6147 5815.65 9574.56 -1 2
2515.66 -1894.24 2288.67 3894.34 1 2
event 130
5414.75 -21035.7 -89491.4 92141.9
2188.96 19150.8 -10202.9 22028.1
2450.89 8247.44 -4870.28 9887.26 -1 2
3134.24 -7044.44 -34675.4 35522.4 1 1
2280.52 -13991.3 -54816.1 56619.5 -1 1
-261.925 10903.4 -5332.63 12140.9 1 2
event 131
5977.32 -18010.2 -74812.3 77243.6
5035.9 17879.3 -8850.2 20807.4
559.147 3693.73 -563.997 3779.62 -1 2
1577.17 -1806.3 -11026.7 11284.9 1 1
4400.15 -16203.9 -63785.6 65958.7 -1 1
4476.75 14185.6 -8286.2 17027.8 1 2
event 132
3110.74 -4036.85 16055 17126.8
5151.24 6891.1 32290.1 33559.9
742.841 -3107.71 11165.7 11614.4 1 1
2367.9 -929.136 4889.3 5512.41 -1 1
3776.42 2598.6 18035.4 18609.1 1 2
1374.83 4292.5 14254.7 14950.7 -1 2
event 133
10067.7 2194.6 -12542.1 16524.8
-5880.7 3010.91 26370.1 27361
6483.09 1801.29 -5825.81 8900.92 -1 1
3584.61 393.314 -6716.32 7623.93 1 1
-1243.32 2252.63 8358.46 8746.15 -1 2
-4637.38 758.284 18011.7 18614.8 1 2
event 134
6602.22 2776.71 10469.4 13057.5
3781.72 8361.6 17592.4 20082.3
2719.03 3296.35 5810 7212.93 -1 2
2392.38 -451.253 4078.41 4750.97 1 1
4209.84 3227.96 6390.97 8306.52 -1 1
1062.69 5065.24 11782.4 12869.4 1 2
event 135
-11406.9 1172.42 -4237.18 12611
8711.14 -1456.66 -33762.7 35035.9
3561.57 -2099.48 -16446.2 16958.2 -1 2
-2657.44 1528.73 -1629.86 3473.7 -1 1
-8749.51 -356.313 -2607.32 9137.29 1 1
5149.58 642.813 -17316.5 18077.7 1 2
event 136
1792.65 -11815 -16016.7 20222.1
-4372.41 9443.55 -43851.2 45175.4
2537.44 -6735.48 -8911.46 11455.6 -1 1
-744.783 -5079.54 -7105.25 8766.54 1 1
-668.554 3310.54 -9451.93 10037.8 -1 2
-3703.85 6133.01 -34399.3 35137.7 1 2
event 137
-17803.9 -4361.78 10112.1 21256.6
-5358.1 -5100.16 12316 14696.7
-3056.64 -3713.76 5173.25 7064.62 1 2
-6599.51 -3465.98 4171.4 8542.73 1 1
-2301.46 -1386.4 7142.76 7632.1 -1 2
-11204.4 -895.796 5940.69 12713.9 -1 1
event 138
1970.53 -8279.74 -4692.45 10200.4
-17591.7 3069 -30060.9 35101.8
490.384 -4966.38 -1138.36 5119.81 -1 1
1480.15 -3313.36 -3554.09 5080.54 1 1
-14720.7 3473.07 -23771.1 28175.1 -1 2
-2871.03 -404.069 -6289.81 6926.68 1 2
event 139
-271.626 -6450.19 -2360.65 7539.36
-17558 2709.22 -29909.3 34925.3
-871.955 -3518.18 -2706.37 4524.76 -1 1
600.329 -2932.02 345.722 3014.6 1 1
-11677.4 1530.25 -16893.7 20594 1 2
-5880.56 1178.97 -13015.5 14331.3 -1 2
event 140
496.251 -9972.75 -5232.55 11690.7
-16539 2308.26 -27377.7 32217.9
1778.19 -6283.46 -2957.63 7169.56 1 1
-1281.94 -3689.28 -2274.92 4521.13 -1 1
-8470.04 546.257 -11195.4 14049.5 1 2
-8068.93 1762 -16182.3 18168.4 -1 2
event 141
-4581.22 -4613.5 -1143.04 7291.72
11724.8 1505.49 13697.2 18356.1
3488.36 456.625 6389.33 7294.64 -1 2
-806.942 -2551.48 427.198 2711.99 1 1
8236.48 1048.87 7307.88 11061.5 1 2
-3774.28 -2062.02 -1570.24 4579.73 -1 1
event 142
8275.56 -184.026 18209.6 20241.1
8288.85 10668.3 25008.9 28592.9
4333.51 1384.38 10422 11372.1 -1 1
3942.06 -1568.41 7787.69 8868.99 1 1
6039.13 8593.7 21547.8 23971.7 -1 2
2249.72 2074.58 3461.09 4621.2 1 2
event 143
13619.7 13187 36191.5 40973.3
8455.22 691.787 15830 18224.9
6912.66 -596.566 11184.5 13162.3 -1 2
3125.37 4635.18 12337 13545 -1 1
10494.3 8551.82 23854.5 27428.3 1 1
1542.56 1288.35 4645.44 5062.67 1 2
event 144
6949.86 -1281.81 -7844.48 11183.2
739.391 12377.3 -16440.3 20823.5
1288.78 2760.32 -5125.07 5963.04 1 2
1850.02 -1179.38 -4705.55 5192.96 -1 1
-549.386 9616.98 -11315.2 14860.5 -1 2
5099.84 -102.424 -3138.94 5990.24 1 1
event 145
-2881.75 7177.53 -12907.9 15363.2
1403.56 -6739.04 10947.9 13297.8
2064.68 -4004.67 5089.33 6797.99 1 2
-50.3751 3828.89 -7294.36 8239.04 -1 1
-661.116 -2734.37 5858.54 6499.81 -1 2
-2831.37 3348.64 -5613.54 7124.12 1 1
event 146
-9118.59 5143.58 -4905.72 11969.2
-16991.2 6419.84 6018.25 19486.5
-5041.85 166.708 1543.69 5276.57 -1 2
-2187.02 -108.47 -1340.47 2569.6 -1 1
-11949.4 6253.13 4474.56 14209.9 1 2
-6931.57 5252.05 -3565.26 9399.62 1 1
event 147
-17049.9 5027.99 7623.91 19588.1
-10433.6 2734.48 -4860.77 12229.3
-7585.6 1947.98 -4960.49 9271.12 -1 2
-4407.8 1173.71 545.779 4595.14 -1 1
-12642.1 3854.29 7078.13 14993 1 1
-2847.97 786.499 99.7221 2958.14 1 2
event 148
10888.2 3411.6 -18685 22201.1
-2600.01 -7992.02 -2147.08 9210.53
-222.101 -4847.13 -2040.83 5264.99 -1 2
3841.52 2731.16 -9484.56 10591.7 -1 1
7046.69 680.439 -9200.42 11609.4 1 1
-2377.91 -3144.89 -106.25 3945.53 1 2
event 149
29075.5 -6937.32 -40922.2 50771.4
13914.8 -4341.71 -466.424 14909.1
9531.07 -4140.7 537.594 10406.1 -1 2
5910.28 -2340.77 -10224.2 12039.8 -1 1
23165.2 -4596.55 -30698 38731.6 1 1
4383.76 -201.013 -1004.02 4503 1 2
event 150
25155.3 -7476.88 -634.093 26432.7
50300.3 -10468.3 -64481.7 82505.7
13423.9 -4772.78 -1687.89 14347.2 -1 1
11731.4 -2704.1 1053.79 12085.5 1 1
30467.5 -4921.11 -37710.4 48729.5 -1 2
19832.8 -5547.23 -26771.3 33776.1 1 2
event 151
-8120.63 -2241.75 -17164 19369.2
634.493 -5210.12 -11395.6 12922.7
1815.73 -2451.7 -5015.48 5871.45 1 2
-4451.34 369.237 -8295.75 9422.39 1 1
-1181.23 -2758.42 -6380.07 7051.29 -1 2
-3669.29 -2610.99 -8868.27 9946.78 -1 1
event 152
-5006.73 5353.46 -2203.07 8256.61
1444.96 7773.52 30738.6 31889.9
-2984.49 2803.83 -2779.13 4950.09 1 1
-2022.24 2549.63 576.06 3306.52 -1 1
1806.16 4648.04 23018 23552.2 -1 2
-361.194 3125.48 7720.62 8337.76 1 2
event 153
307.361 -23205.9 -5849.28 24133.3
-5593.33 7032.43 -8992.35 13084.1
-3138.27 2142.1 -5133.06 6387.24 -1 2
692.745 -2670.8 -1486.94 3136.11 1 1
-385.383 -20535.1 -4362.34 20997.2 -1 1
-2455.06 4890.32 -3859.28 6696.85 1 2
event 154
-5841.67 3802.26 -1490.73 8024.25
4662.18 -8666.24 21555.7 23897.2
-2231.02 3557.96 -294.176 4211.2 -1 1
-3610.65 244.303 -1196.55 3813.05 1 1
3226.09 -4045.79 8253.84 9742.34 1 2
1436.08 -4620.45 13301.8 14154.9 -1 2
event 155
-981.538 8107.82 -951.221 8786.12
-7708.26 -1669.61 -4062.83 9396.95
-3634.14 -151.127 -3432.54 5002.33 -1 2
-1812.63 3047.11 -886.312 3656.12 1 1
831.093 5060.7 -64.9089 5129.99 -1 1
-4074.13 -1518.48 -630.287 4394.63 1 2
event 156
8266.54 -4096.19 20926.4 23078.4
-2585.9 7932.26 15762.2 18101
-346.525 3374.7 9177.45 9784.96 1 2
2702.46 -1472.83 3866.12 4942.73 1 1
5564.08 -2623.37 17060.2 18135.7 -1 1
-2239.37 4557.56 6584.76 8316.03 -1 2
event 157
5044.24 4580.09 6081.9 9643.82
-3494.85 -6013.59 -1545.79 7769.03
3973.53 1646.74 4103.89 5945.91 -1 1
1070.71 2933.35 1978 3697.92 1 1
-2984.78 -3132.75 -2065.22 4795.76 -1 2
-510.069 -2880.83 519.427 2973.27 1 2
event 158
-5076.91 -11869.4 12116.7 17973.9
7242.51 10330.6 9891.28 16328
6534.42 8035.09 6712.63 12342.3 1 2
-2127.59 -3543.55 5763.46 7093.1 -1 1
708.088 2295.52 3178.66 3985.7 -1 2
-2949.32 -8325.83 6353.23 10880.8 1 1
event 159
13518.2 -22853.6 28964 39415
-7005.36 5417.61 -8609.18 12733.2
5807.97 -12479.6 16028.6 21128.2 1 1
7710.26 -10374 12935.4 18286.7 -1 1
-2771.35 3948.75 -5255.61 7134.82 -1 2
-4234.01 1468.86 -3353.57 5598.4 1 2
event 160
20765.9 14597.4 30425.4 39744.3
3438.3 -15625.6 31138.5 35145.1
3322.26 -13604.4 24688.2 28383.7 -1 2
6265.43 3369.94 6858.99 9882.76 1 1
14500.5 11227.5 23566.4 29861.5 -1 1
116.043 -2021.2 6450.35 6761.43 1 2
event 161
15854.7 12757.6 26406.5 33481.6
2546.87 -17228.6 31974.3 36541.2
1570.12 -5940.14 14058.1 15342.5 1 2
1542.23 2003.29 2068.62 3268.34 -1 1
14312.5 10754.3 24337.8 30213.3 1 1
976.752 -11288.5 17916.3 21198.8 -1 2
event 162
10067.1 7182.4 -11448.4 17134.5
-5034.6 -10330.6 -21182.2 24297
-4364.85 -7465.83 -13120.6 15714.7 1 2
5308.27 2343.1 -6624.79 8807.21 1 1
-669.758 -2864.73 -8061.7 8582.39 -1 2
4758.8 4839.3 -4823.57 8327.24 -1 1
event 163
11003.2 7017.52 -12619.5 18416.3
-4629.26 -10921.1 -21712.1 24934
-1545.39 -4440.42 -5720.72 7405.63 1 2
3296.9 724.416 -4144.02 5345.87 -1 1
7706.34 6293.1 -8475.44 13070.4 1 1
-3083.87 -6480.64 -15991.4 17528.4 -1 2
event 164
7339.94 17945.1 11555 22781.9
6052.21 10481.8 6274.36 13980.5
4809.75 7773.68 3169.07 9675.64 -1 2
178.69 3326.8 2379.63 4095.53 -1 1
7161.25 14618.3 9175.42 18686.3 1 1
1242.46 2708.17 3105.29 4304.87 1 2
event 165
5907.69 7068.1 9427.89 13540.1
480.746 -10137.7 11433.2 15598.5
1312.52 -3226.96 5164.94 6230.87 -1 2
1071.85 3261.65 4465.54 5633.77 -1 1
-831.773 -6910.78 6268.24 9367.64 1 2
4835.83 3806.45 4962.36 7906.36 1 1
event 166
-7244.58 -311.711 7299.93 10745.4
-4582.01 -22575.7 31224.6 38925.9
-4462.23 432.26 6219.25 7667.38 -1 1
-2782.34 -743.971 1080.68 3077.98 1 1
-1273.2 -12902.3 18762.1 22806.1 1 2
-3308.81 -9673.36 12462.5 16119.8 -1 2
event 167
2509.62 7928.25 -39406.8 40393.6
999.699 -12552.6 -14149.3 19192.7
402.989 -4691.08 -3176.09 5680.43 -1 2
2126.26 2643.27 -11604.2 12090.4 1 1
596.71 -7861.47 -10973.2 13512.2 1 2
383.363 5284.98 -27802.5 28303.2 -1 1
event 168
12451.8 1481.93 43525.5 45401.6
-6100.27 3359.95 4449.53 8825.65
-3108.25 3374.36 3124.15 5551.49 -1 2
3559.14 1735.1 15479.9 15978.6 1 1
8892.63 -253.165 28045.6 29423 -1 1
-2992.01 -14.408 1325.38 3274.17 1 2
event 169
255.364 -5956.34 -36647.5 37258.2
11018.2 29457.4 20454 37644.3
-1368.24 -3617.94 -21067.8 21420.2 1 1
1623.6 -2338.41 -15579.8 15838.1 -1 1
8891.88 22399 17068 29531.5 1 2
2126.27 7058.37 3386.01 8112.82 -1 2
event 170
-10469.5 -5495.78 -9761.25 15642.5
2066.08 -7805.21 25165.4 26609.7
-173.683 -3842.22 14729.5 15223.7 -1 2
-1334.93 -1735.37 -2806.48 3561.05 1 1
-9134.56 -3760.4 -6954.77 12081.4 -1 1
2239.76 -3962.99 10435.9 11386 1 2
event 171
10917 -2351.1 -39995.3 41640.4
-5033.99 2024.12 -819.298 6300.98
7498.46 -1639.05 -21780.5 23093.6 1 1
3418.57 -712.053 -18214.8 18546.8 -1 1
-964.551 1913.41 8.39926 2145.39 -1 2
-4069.44 110.718 -827.697 4155.58 1 2
event 172
12199.4 -7603.41 6369.99 16025.2
-4581.69 5034.35 20512.3 21833
9255.52 -6618.44 6090.89 12906.5 -1 1
2943.91 -984.968 279.102 3118.63 1 1
-1973.91 591.521 3557.54 4112.6 -1 2
-2607.77 4442.83 16954.7 17720.4 1 2
event 173
-2441.54 6031.07 21527.4 22701.4
12514.4 -5298.49 6196.31 15253.5
54.7029 3690.54 9373.41 10074.5 1 1
-2496.24 2340.52 12154 12627 -1 1
7705.66 -1605.91 3642 8673.61 -1 2
4808.72 -3692.58 2554.31 6579.86 1 2
event 174
12196.3 3115.61 -36830.2 39045
-7720.55 -8804.17 12094.7 17117
-6037.65 -4823.57 6917.25 10372.1 1 2
4898.71 2664.05 -18024.7 18867.9 -1 1
-1682.89 -3980.59 5177.49 6744.98 -1 2
7297.6 451.559 -18805.5 20177.1 1 1
event 175
-2304.02 10397.8 16193.7 19627.8
4949.62 -11846.6 30228.3 32987.6
-1630.38 6009.02 6702.78 9149.04 -1 1
-673.642 4388.74 9490.96 10478.8 1 1
4437.07 -8131.23 18786.8 20946.6 -1 2
512.543 -3715.4 11441.6 12041.1 1 2
event 176
-8984.53 3067.66 -4562.25 10979
2425.4 -7674.76 -2473.64 8971.95
2246.63 -5177.58 -297.005 5652.79 1 2
-3742.32 2904.31 -2278.24 5257.52 -1 1
178.777 -2497.18 -2176.64 3319.15 -1 2
-5242.21 163.353 -2284.01 5721.48 1 1
event 177
-2727.82 9630.7 34938.9 36476.1
-7818.53 -2929.06 2747.22 9319.18
-3533.12 -2401.95 143.36 4275.99 1 2
-1173.85 3078.61 16957.1 17274.6 -1 1
-1553.98 6552.08 17981.7 19201.5 1 1
-4285.4 -527.106 2603.86 5043.19 -1 2
event 178
161.147 -12868.2 2983.12 13568.6
4053.69 18615.7 95453.2 97385.2
4093.62 12987.7 70764.3 72062.7 1 2
-763.81 -6019.27 2724.06 6651.81 1 1
-39.9277 5628.08 24689 25322.6 -1 2
924.957 -6848.91 259.063 6916.74 -1 1
event 179
-20551.1 -13591.3 -64077.6 68721.2
-3501.25 -8855.99 -7560.11 12547.2
-1759.61 -6577.53 -6695.66 9550.04 -1 2
-4684.59 -4644.64 -18268.8 19423.6 -1 1
-15866.5 -8946.64 -45808.8 49297.6 1 1
-1741.64 -2278.46 -864.441 2997.19 1 2
event 180
5966.87 6902.88 4574.19 10666.2
-5933.53 -6808.92 -7449.44 12110
-1548.76 -3370.47 -1631.96 4053.79 1 2
839.297 3088.7 1066.08 3375.23 -1 1
5127.58 3814.18 3508.11 7290.96 1 1
-4384.76 -3438.45 -5817.47 8056.26 -1 2
event 181
9349.68 -2679.82 5725.7 11703.5
-8355.76 491.329 -12957.5 15733.6
-6652.71 -875.834 -9222.36 11405.6 -1 2
2731.84 -1364 348.806 3075.1 -1 1
6617.85 -1315.82 5376.9 8628.41 1 1
-1703.05 1367.16 -3735.1 4328.01 1 2
event 182
-17674.3 1112.4 -31765.2 36499.8
5482.95 -2241.35 -387.83 6695.37
4123.74 -283.529 -953.854 4243.42 1 2
-7841.65 1134.58 -17051.3 18802.6 1 1
1359.21 -1957.82 566.024 2451.95 -1 2
-9832.61 -22.1841 -14713.9 17697.2 -1 1
event 183
-1059.09 7229.33 2410.94 8531.4
-590.017 -7401.32 -4292.46 9118.3
977.643 -3556.11 -1013.48 3826.23 -1 2
-966.573 2267.77 2573.4 3565.19 1 1
-92.5176 4961.56 -162.464 4966.21 -1 1
-1567.66 -3845.21 -3278.98 5292.07 1 2
event 184
10942.7 7322.28 -2455.86 13747
10328.9 2845.54 -8974.72 14315
4315.79 926.639 -1826.28 4778.2 -1 2
2515.4 2009.52 -1962.65 3772.08 1 1
8427.27 5312.75 -493.207 9974.9 -1 1
6013.12 1918.9 -7148.44 9536.83 1 2
