event 0
6127.81 2673.29 -19781.5 21109.2
-3500.27 -9221.88 416.281 10347
4197.55 1816.3 -17059.6 17662.3 1 1
1930.27 856.985 -2721.99 3446.84 -1 1
-2190.66 -4764.5 1721.17 5520.24 1 2
-1309.6 -4457.38 -1304.89 4826.72 -1 2
event 1
39.8338 -13022.9 -33004.9 35672.2
-3740.71 4731.98 4179.61 7965.19
-3729.02 2695.61 3606.01 5846.91 1 2
770.749 -6383.13 -11781 13421.7 -1 1
-11.6891 2036.37 573.599 2118.28 -1 2
-730.915 -6639.76 -21223.9 22250.6 1 1
event 2
4624.95 13821.8 -16730.5 22403.9
4396.49 -10241.1 -816.24 11596
2505.74 7073.91 -10915.7 13247 -1 1
2119.21 6747.92 -5814.73 9156.85 1 1
2941.28 -4824.39 -1734.62 5911.51 -1 2
1455.21 -5416.73 918.378 5684.47 1 2
event 3
8167.87 -13302.5 19184.3 24925.9
5578.37 -8717.07 9844.77 14615.6
2736.93 -6904.41 6922.25 10153.3 1 2
4014.11 -6286.1 11589.5 13782.5 -1 1
2841.45 -1812.65 2922.52 4462.27 -1 2
4153.76 -7016.41 7594.81 11143.4 1 1
event 4
5284.03 -15994.5 7837.71 18835.1
16468.9 13125.2 21566.9 30302.1
5369.94 3540.36 8501.68 10661.1 1 2
311.363 -3711.67 727.715 3796.6 -1 1
11098.9 9584.84 13065.3 19641 -1 2
4972.67 -12282.8 7110 15038.5 1 1
event 5
14457.7 10795.2 19484.1 26735.5
3823.59 -10096.6 5902.78 12688.4
2673.37 -4092.98 1371.66 5078.58 -1 2
2176.82 634.615 1588.8 2770.69 1 1
12280.9 10160.6 17895.3 23964.8 -1 1
1150.22 -6003.65 4531.11 7609.79 1 2
event 6
-9103.17 -5292.01 29321.8 31308.7
10242.3 8314.43 8480.93 15986
4704.2 3618.8 5640.87 8188.76 1 2
-3869.04 -2355.99 17133.8 17722.9 -1 1
5538.09 4695.63 2840.06 7797.21 -1 2
-5234.14 -2936.02 12188 13585.8 1 1
event 7
-1930.52 -12352.2 -9438 15967.9
-769.107 -12708.5 -15578 20355.9
1168.35 -5205.53 -6866.88 8696.43 1 2
-1669.71 -2852.22 -1736.07 3734.73 1 1
-260.805 -9500.03 -7701.93 12233.1 -1 1
-1937.46 -7502.96 -8711.09 11659.4 -1 2
event 8
-1833.48 -6932.27 12169.4 14460.4
-5565.35 5077.72 1111.51 8220.88
-2305.46 1949.86 1989.29 3617.39 -1 2
-1125.87 -2667.6 2348.56 3729.69 1 1
-3259.89 3127.86 -877.777 4603.48 1 2
-707.612 -4264.68 9820.84 10730.7 -1 1
event 9
7076.77 -6751.82 -8634.67 13409.6
-6131.44 3276.61 -1040.82 7681.51
-3456.89 3436.35 -1106.07 4999.31 -1 2
1202.92 -2941.51 -3484.67 4717.37 -1 1
5873.85 -3810.32 -5150.01 8692.2 1 1
-2674.55 -159.736 65.2541 2682.2 1 2
event 10
7056.11 4318.78 -8693.16 12393.7
7064.74 -3841.61 -23972.2 25474
3461.14 -1101.25 -14870.8 15308.3 -1 2
2235.94 1807.48 -5167.06 5914.06 -1 1
4820.17 2511.3 -3526.1 6479.6 1 1
3603.61 -2740.36 -9101.4 10165.7 1 2
event 11
-1770.84 -6994.82 25586.8 26764.5
-6349.84 9385.51 -52277.3 53581
-3846.67 2995.39 -20804.1 21368 -1 2
599.881 -2325.03 5429.17 5937.4 1 1
-2503.17 6390.12 -31473.2 32212.9 1 2
-2370.72 -4669.79 20157.6 20827.1 -1 1
event 12
6314.1 -1741.82 -539.975 7535.07
17255 6996.17 -8465.31 20686.6
4234.35 -891.916 1416.07 4554.3 1 1
2079.75 -849.903 -1956.04 2980.76 -1 1
10428 3449.24 -6429.96 12727.8 1 2
6827 3546.93 -2035.35 7958.8 -1 2
event 13
5619.99 -7480.21 -2139.53 10085
6713.51 6196.15 -172.419 9648
3037.05 -4894.4 164.071 5763.41 -1 1
2582.94 -2585.81 -2303.6 4321.54 1 1
5303.87 3454.29 -1103.19 6425.83 -1 2
1409.64 2741.86 930.767 3222.17 1 2
event 14
9595.95 5147.12 -11507.5 16142.7
-5150.71 -3586.28 42.886 6998.86
-2800.29 -3269.08 1030.79 4427.43 -1 2
4038.58 558.336 -4776.58 6280.83 -1 1
5557.37 4588.79 -6730.9 9861.92 1 1
-2350.42 -317.206 -987.908 2571.43 1 2
event 15
-7082.65 3003.03 4834.03 9598.93
15115.3 -144.356 -2850.14 15691
-4206.86 2138.21 4590.3 6584.2 1 1
-2875.79 864.823 243.724 3014.74 -1 1
7616.05 1310.87 -734.425 7763.58 -1 2
7499.29 -1455.23 -2115.71 7927.45 1 2
event 16
-12606.1 3466.97 9882.38 16678.9
10752.4 -480.214 -4099.71 11926.5
5208.56 1238.54 -1465.62 5551.79 -1 2
-4394.87 99.5121 2092.59 4869.8 -1 1
-8211.2 3367.46 7789.79 11809.1 1 1
5543.8 -1718.76 -2634.08 6374.75 1 2
event 17
-994.303 -8930.7 -5660.47 11062.5
8638.53 -2082.48 -6726.06 11566.9
2944.1 -903.632 -4240.49 5241.87 1 2
767.824 -2467.06 -2695.61 3735.43 1 1
-1762.13 -6463.64 -2964.86 7327.02 -1 1
5694.43 -1178.85 -2485.57 6324.99 -1 2
event 18
12870 14030.6 -22911.2 29950
-1941.24 -6945.57 -26511.7 27649
7901.66 8153.41 -15905.7 19542.7 1 1
4968.34 5877.14 -7005.51 10407.4 -1 1
-1998.63 -3510.05 -10041.9 10824.3 -1 2
57.3907 -3435.52 -16469.7 16824.7 1 2
event 19
936.56 -12406.4 -19525.6 23358.8
-9436.98 8452.13 2728.64 13324.1
-4316.86 2668.68 2339.29 5589.32 1 2
1315.68 -3763.76 -8085.15 9015.41 -1 1
-379.124 -8642.6 -11440.4 14343.4 1 1
-5120.13 5783.46 389.35 7734.78 -1 2
event 20
18274.4 -4622.57 27202.8 33240.1
-18656.8 9902.82 1503.41 21400.8
-15569.6 6875.48 1071.93 17054.1 1 2
8440.13 -558.961 12294.8 14923.9 1 1
-3087.27 3027.34 431.477 4346.65 -1 2
9834.27 -4063.61 14908 18316.2 -1 1
event 21
-3105.32 -11049.2 17172 20885.3
5581.52 12023.1 75052.4 76276.9
1379.14 6473.48 39154.2 39709.8 -1 2
443.67 -2545.97 2789.64 3804.21 -1 1
-3548.99 -8503.19 14382.4 17081.1 1 1
4202.38 5549.61 35898.2 36567.1 1 2
event 22
-11629.4 -983.579 34527 36577.6
5149.88 1684.97 22650.4 23494.5
3305.14 2559.86 14434.7 15028.3 -1 2
-3743.09 -1748.77 10904.5 11661.4 -1 1
-7886.36 765.191 23622.5 24916.2 1 1
1844.74 -874.887 8215.65 8466.2 1 2
event 23
7975.56 162.687 33746.1 34814.2
-7276.5 1095.15 -28671.3 29762.1
-3696.37 2027.69 -17148.4 17659.4 -1 2
3605.89 -1043.35 11083.3 11702.2 -1 1
4369.68 1206.03 22662.9 23112 1 1
-3580.12 -932.545 -11522.9 12102.7 1 2
event 24
3451.6 -4337.3 2223.72 6727.7
18685.9 173.576 12347.8 22610.9
920.27 -3179.32 2136.11 3940.7 -1 1
2531.33 -1157.98 87.6103 2787 1 1
11798.5 -880.542 6414.6 13458.8 1 2
6887.41 1054.12 5933.18 9152.13 -1 2
event 25
3939.05 5694.65 -16430.9 18097.3
-17882.9 1251.29 10860.6 21281
1438.44 3322.66 -11666.9 12216.2 -1 1
2500.61 2371.99 -4764.02 5881.02 1 1
-13026.2 -689.175 8249.25 15434.3 1 2
-4856.71 1940.47 2611.3 5846.63 -1 2
event 26
3316.06 7355.34 -19180 21037.1
-17752.3 3535.18 12973.6 22484.4
2376.03 4994.26 -16204.4 17122.6 -1 1
940.025 2361.08 -2975.54 3914.5 1 1
-11575.8 1214.36 9515.2 15034.1 1 2
-6176.49 2320.82 3458.45 7450.32 -1 2
event 27
-5559.83 -10177.9 -1693.06 12122.7
-835.439 19160 97530.9 99446.9
-1706.82 -5936.52 -118.215 6179.05 -1 1
-3853.01 -4241.42 -1574.85 5943.62 1 1
621.544 14554.6 70912.3 72393.3 -1 2
-1456.98 4605.41 26618.6 27053.5 1 2
event 28
-1147.47 -12821.8 -7629.44 15281.2
2121.27 15281 -26331.4 30674.8
687.675 -8172.3 -4167.56 9199.95 1 1
-1835.14 -4649.52 -3461.88 6081.25 -1 1
624.755 10667.9 -20237.8 22886.2 -1 2
1496.51 4613.09 -6093.56 7788.64 1 2
event 29
8732.76 -3485.16 -3068.92 10364.2
-8282.2 3001 24449.3 26248
-3248.14 3126.84 11241.1 12112 -1 2
1783.08 -1918.61 -1655.92 3100.59 -1 1
6949.68 -1566.56 -1413 7263.6 1 1
-5034.06 -125.844 13208.3 14136 1 2
event 30
-3703.75 -14047.6 36101.2 39088.8
-4798.81 6344.55 38488 39423.3
-333.526 -8169.21 21049.7 22582.1 -1 1
-3370.23 -5878.42 15051.5 16506.7 1 1
-1849.69 4651.83 19476.7 20110.1 -1 2
-2949.12 1692.72 19011.2 19313.2 1 2
event 31
-2125.81 -10774.8 -40858.4 42421.8
-3658.72 16610.7 4953.88 17984.3
-1797.25 -6590.9 -30271.5 31033 1 1
-328.56 -4183.88 -10586.9 11388.9 -1 1
-810.724 9412.68 1765.25 9611.61 -1 2
-2848 7198.06 3188.63 8372.68 1 2
event 32
-1318.22 -11559.8 -44685.6 46279.2
-3794.67 19846.3 7531.01 21784.9
296.431 -8006.2 -32986.1 33945.2 -1 1
-1614.65 -3553.64 -11699.6 12334 1 1
-2271.53 9867.58 5367.53 11460.8 -1 2
-1523.14 9978.67 2163.48 10324 1 2
event 33
546.344 -7471.83 -24408.4 25719.4
8606.5 2846.67 -3949.33 10361.6
4990.37 2319.49 -851.1 5569.5 1 2
1784.55 -3383.26 -12057.9 12650.5 1 1
3616.13 527.174 -3098.23 4792.13 -1 2
-1238.2 -4088.56 -12350.4 13068.8 -1 1
event 34
-3859.48 5924.29 12966.7 15090.4
3984.05 -6662.11 26968.5 28233.8
2052.77 -4850.18 13195.4 14208 1 2
-2697.99 1743.57 7090.86 7785.28 -1 1
1931.28 -1811.93 13773.2 14025.8 -1 2
-1161.5 4180.73 5875.88 7305.11 1 1
event 35
5476.32 7178.12 23299.9 25179.2
-10752.4 -3086.04 10188.9 15444.9
-4784.37 -137.492 5555.52 7333.76 1 2
1828.66 954.665 8020.62 8282.32 -1 1
3647.66 6223.45 15279.3 16896.9 1 1
-5968.03 -2948.55 4633.4 8111.16 -1 2
event 36
-7254.82 7917.33 8908.56 14292.3
8447.4 7294.98 -7669.56 13892
4261.59 3219.96 -1871.47 5660.64 -1 2
-776.207 2498.18 3012.3 3991.06 -1 1
-6478.61 5419.15 5896.26 10301.3 1 1
4185.82 4075.02 -5798.09 8231.4 1 2
event 37
11293.5 8518.64 -4593.19 15192.1
4973.37 -2558.23 3215.08 7155.91
3131.75 -1774.48 293.609 3613.03 1 2
3943.51 4170.5 -624.64 5774.57 -1 1
1841.62 -783.747 2921.48 3542.88 -1 2
7349.98 4348.14 -3968.55 9417.49 1 1
event 38
10099 -2225.2 17041.3 20172.8
-20012.1 -15616 49109.2 55368.3
5420.54 69.1955 10420.2 11746.4 1 1
4678.46 -2294.39 6621.13 8426.31 -1 1
-16674.2 -14136.7 43317.3 48520.9 -1 2
-3337.91 -1479.29 5791.88 6847.41 1 2
event 39
9039.62 11533.9 -32773.9 36034.2
-11692.4 13632.1 -32445.3 37213.3
-4796.32 3496.65 -9625.3 11308.8 -1 2
2338.96 3502.44 -12977.6 13644.3 -1 1
-6896.04 10135.4 -22820 25904.6 1 2
6700.66 8031.5 -19796.3 22389.9 1 1
event 40
9952.48 11859.5 -34679 38104.1
-6394.63 8497.51 -24496.9 26884.7
-5924.53 5950.1 -20046.5 21734.3 -1 2
5375.47 4124.2 -15957.3 17336.4 -1 1
4577.01 7735.33 -18721.7 20767.7 1 1
-470.106 2547.41 -4450.37 5150.46 1 2
event 41
7069.29 8390.57 -27689.5 29944.6
-10569 13832.6 -34379 38659.4
-1343.1 2908.37 -4387.55 5433.62 1 2
2413.04 1032.46 -5147.92 5779.36 1 1
-9225.95 10924.2 -29991.5 33225.8 -1 2
4656.25 7358.1 -22541.6 24165.2 -1 1
event 42
-5251.65 11331 15099.9 19838.5
5444.72 -5198.75 11442.2 14042.3
-4818.11 7897.87 9544.92 13293.1 -1 1
-433.54 3433.08 5554.94 6545.42 1 1
1944.13 -2416.93 7357.02 7984.86 -1 2
3500.6 -2781.82 4085.15 6057.42 1 2
event 43
-2463.1 7550.69 -13554.1 16012
2693.1 -9738.1 1433.24 10850.1
-345.641 -4186.81 1655.68 4516.78 -1 2
-1033.24 2878.57 -8251.88 8801.05 1 1
3038.74 -5551.29 -222.449 6333.36 1 2
-1429.86 4672.12 -5302.27 7210.99 -1 1
event 44
-7529.19 -2829.59 -21677.1 23327.8
-18463 30228.2 -93726.3 100244
-3713.2 -2588.35 -14562.2 15249.8 1 1
-3816 -241.239 -7114.9 8077.93 -1 1
-10768 19060.4 -61484.7 65265.8 -1 2
-7694.98 11167.8 -32241.6 34978.1 1 2
event 45
-5410.93 -5900.47 21344.6 23006
6640.34 -2038.96 38814.9 39552.9
-2618.56 -4700.99 15661.3 16560.3 -1 1
-2792.38 -1199.48 5683.33 6445.73 1 1
2071.36 561.545 7586.22 7884.65 -1 2
4568.98 -2600.51 31228.7 31668.3 1 2
event 46
8944.31 -7890.8 -7185.81 14265.1
1763.48 -7322.97 3064.66 8927.82
-332.33 -5716.26 1842.4 6015.95 -1 2
4703.09 -2712.85 -4498.8 7051.88 -1 1
4241.22 -5177.96 -2687 7213.2 1 1
2095.81 -1606.71 1222.26 2911.88 1 2
event 47
6309.25 5166.87 3579.74 9429.13
-6147.91 -2266.34 -14962.5 16625.3
-3470.71 -2722.86 -10647.9 11526 -1 2
1910.5 2573.82 2810.36 4264.25 1 1
4398.75 2593.05 769.379 5164.88 -1 1
-2677.2 456.522 -4314.6 5099.29 1 2
event 48
-8062.88 -2406.57 -14910.5 17398.7
3737.04 2733.47 2006.97 5920.81
2974.76 840.716 52.8096 3093.53 1 2
-3607.91 -2333.43 -5449.05 6940.12 -1 1
762.276 1892.76 1954.16 2827.28 -1 2
-4454.97 -73.1399 -9461.45 10458.6 1 1
event 49
9065.89 -3640.1 -29768.4 31483.1
-12400.5 7880.85 -73037.2 74564.7
6527.4 -3183.4 -17522.7 18968.4 -1 1
2538.48 -456.696 -12245.6 12514.8 1 1
-6812.21 3028.76 -42047.7 42703.6 -1 2
-5588.24 4852.09 -30989.5 31861.2 1 2
event 50
14533.9 -17723.1 26013.4 34808.5
15074.9 -10267.4 30747.1 35883.8
8564.1 -11614.8 14346.6 20349.1 -1 1
5969.75 -6108.27 11666.8 14459.4 1 1
3882.47 -1283.44 8047.35 9027.28 -1 2
11192.4 -8983.96 22699.8 26856.5 1 2
event 51
-5520.79 -6315.85 3636.89 9653.38
-1893.18 7925.33 1085.72 8784.33
-1318.15 5496.18 -724.091 5699.21 1 2
-878.157 -3213.56 1705.68 3744.14 1 1
-575.032 2429.15 1809.81 3085.13 -1 2
-4642.64 -3102.29 1931.21 5909.23 -1 1
event 52
1900.37 6087.25 2075.85 7386.9
-1983.77 -7773 12611.7 15264.3
591.271 -2997.39 3393.05 4567.05 1 2
1698.41 1217.08 11.0011 2092.17 1 1
-2575.04 -4775.61 9218.62 10697.3 -1 2
201.955 4870.18 2064.84 5294.73 -1 1
event 53
4859.76 -5649.37 -7471.92 10997.9
-3212.89 9784.12 9372.59 14265
-2149.09 6789.08 8235.18 10887.6 1 2
1231.6 -3526.51 -2548.02 4522.9 1 1
-1063.8 2995.04 1137.41 3377.4 -1 2
3628.16 -2122.86 -4923.9 6475.03 -1 1
event 54
-1709.79 6508.67 -2770.04 8158.5
-2028.73 6752.08 -3594.02 8497.91
-319.603 5212.18 -3295.24 6175.66 1 2
1078.52 3006.89 -1131.78 3390.68 1 1
-1709.13 1539.9 -298.786 2322.25 -1 2
-2788.3 3501.78 -1638.26 4767.82 -1 1
event 55
-4776.63 -1270.3 -3710.34 6912.84
10709.7 1843.26 -7677.02 13661
-2457.37 -1962.25 -1055.45 3318.77 -1 1
-2319.26 691.945 -2654.89 3594.07 1 1
6557.35 2639.18 -4704.88 8491.83 1 2
4152.4 -795.919 -2972.13 5169.2 -1 2
event 56
-6263.39 5155.64 -418.187 8920.69
-5755.58 -8544.78 17030.8 20144
-3435.84 -2441.13 6234.45 7526.2 1 2
-350.954 2327.17 -112.174 2358.53 -1 1
-5912.44 2828.47 -306.013 6562.16 1 1
-2319.74 -6103.65 10796.4 12617.8 -1 2
event 57
11637.5 11335.3 -9281 18964.4
6460.83 -3174.1 14912.8 16846.3
4673.06 -617.754 9025.37 10182.7 -1 2
2260.94 2987.34 -3554.36 5165.34 -1 1
9376.56 8347.95 -5726.64 13799 1 1
1787.76 -2556.35 5887.39 6663.6 1 2
event 58
11836.9 -7038.7 27955 31380.3
6374.44 8474.41 -4843.43 12062.3
7671.46 -6493.11 20002.3 22385.6 1 1
4165.4 -545.589 7952.72 8994.73 -1 1
1376.62 3143.36 -2915.4 4504.05 -1 2
4997.82 5331.06 -1928.03 7558.23 1 2
event 59
-6188.52 -11894.8 -37651 40087.1
3909.37 3849.77 -5757.83 8535.07
2685.76 1999.28 -5296.13 6266.62 1 2
-2801.89 -4570.06 -19481.5 20205.9 1 1
1223.61 1850.48 -461.699 2268.45 -1 2
-3386.63 -7324.74 -18169.5 19881.2 -1 1
event 60
-5806.27 -14440.6 -41441.1 44375.7
4071.32 2770.89 -3833.72 6967.18
3510.95 764.459 -3127.94 4765.11 1 2
-1852.24 -4838.43 -9983.89 11248.6 -1 1
560.379 2006.43 -705.785 2202.06 -1 2
-3954.03 -9602.13 -31457.2 33127.1 1 1
event 61
9843.02 -190.295 -15891.6 18948.8
6331.64 9173.21 -9273.04 14826.2
1817.32 5259.49 -3964.78 6833.42 1 2
3644.9 -1158.39 -7992.78 8861.31 1 1
6198.12 968.09 -7898.85 10087.5 -1 1
4514.32 3913.71 -5308.25 7992.8 -1 2
event 62
11630 2428.79 -47138.5 48711.3
5788.53 10470.8 -39124.4 41029.9
622.97 3808.51 -14351.2 14861.4 1 2
2990.68 -302.319 -8255.18 8786.05 1 1
8639.37 2731.11 -38883.3 39925.2 -1 1
5165.56 6662.33 -24773.2 26168.5 -1 2
event 63
5435.97 10538.1 -35816.9 37855.5
13637.9 3710.2 -49410.5 51485.4
2479.64 5785.9 -14340.4 15661.6 1 1
2956.33 4752.19 -21476.5 22194 -1 1
7903.53 565.336 -27629.5 28743.4 -1 2
5734.42 3144.87 -21781 22742 1 2
event 64
-6261.46 14592.6 -26960.7 31442.4
2020.66 -6494.84 -26792.6 27815.5
-2030.8 7974.14 -15475 17527 1 1
-4230.66 6618.49 -11485.7 13915.3 -1 1
1493.28 -3378.93 -19789.3 20131.4 -1 2
527.384 -3115.91 -7003.34 7684.08 1 2
event 65
1606.5 8444.94 -4197.52 10055.3
-8734.38 2140.89 3073.26 9995.42
-6566.94 488.389 1220.44 6698.04 1 2
-745.21 2988.17 -701.62 3160.37 -1 1
-2167.44 1652.5 1852.82 3297.38 -1 2
2351.71 5456.77 -3495.9 6894.88 1 1
event 66
5491.29 1680.03 -10113.8 12035.7
-6358.58 -8644.31 12411.1 16696.8
2726.39 2420.99 -5295.69 6430.39 1 1
2764.9 -740.957 -4818.11 5605.27 -1 1
-2622.13 -6073.98 6921.06 9575.02 1 2
-3736.45 -2570.33 5490.06 7121.76 -1 2
event 67
8041.32 -1761.19 9216.28 12739.5
-6447.55 3412.79 -18391 20026
4159.97 -2482.58 5136.26 7061.22 -1 1
3881.36 721.39 4080.01 5678.29 1 1
-5164.04 1808.21 -15778.2 16700.3 -1 2
-1283.51 1604.59 -2612.87 3325.71 1 2
event 68
4132.34 -7220.97 38150.3 39220.5
-6143.85 6726.58 40188.7 41324.5
-3442.53 2579.73 24447.2 24823 1 2
2022.08 -564.283 9766.33 9989.97 1 1
2110.25 -6656.69 28384 29230.5 -1 1
-2701.32 4146.84 15741.5 16501.5 -1 2
event 69
2517.54 -4535.87 -7392.35 9547.25
-3084.19 11658.6 -17064.2 21123.7
342.41 -3646.07 -4065.79 5472.92 -1 1
2175.13 -889.8 -3326.56 4074.32 1 1
-2413.72 7352.67 -13184.3 15288 -1 2
-670.475 4305.9 -3879.9 5835.68 1 2
event 70
-6841.65 93.0412 42293.1 42954.8
-828.614 7005.62 20967.5 22338.1
-1342.38 5037.2 11114.7 12276.9 1 2
-3113.4 -1496.61 19404 19709.4 -1 1
513.771 1968.42 9852.8 10061.2 -1 2
-3728.25 1589.66 22889.1 23245.5 1 1
event 71
-13763.6 -7664.98 -24043.4 28911.3
13878 -2682.78 28477.6 31943.1
4667.97 565.093 9377.43 10490.8 -1 2
-2297.06 -469.224 -5239.83 5741.39 1 1
-11466.5 -7195.76 -18803.6 23170 -1 1
9210 -3247.88 19100.2 21452.3 1 2
event 72
-8280.88 -2668.68 -2671.43 9613.67
4378.54 5574.4 5041.78 9233.44
873.989 3608.33 2511.95 4483.85 1 2
-3350.65 447.388 -1284.05 3617.59 1 1
-4930.23 -3116.07 -1387.38 5996.08 -1 1
3504.55 1966.07 2529.82 4749.58 -1 2
event 73
-8428.57 182.674 -37186.1 38255.3
10586.1 9068.54 -13730.7 19809.7
3876.93 1876.16 -2982.2 5239.78 -1 2
-3985.4 562.535 -23995.1 24330.6 -1 1
6709.17 7192.38 -10748.5 14570 1 2
-4443.18 -379.861 -13190.9 13924.7 1 1
event 74
10412.2 -1055.68 -5929.73 12421
-7043.7 -6648.75 3625.93 10796.2
-2932.5 -3271.7 68.8896 4395.39 -1 2
2093.17 -1506.51 -1479.82 2975.23 1 1
8319.01 450.835 -4449.91 9445.74 -1 1
-4111.2 -3377.05 3557.04 6400.79 1 2
event 75
8167.97 2028.73 14444 17001.5
-6748.15 1244.32 28515.6 29492.6
-2548.42 1682.55 8403.21 8941.51 -1 2
2558.84 -21.6817 2192.08 3371.13 1 1
5609.12 2050.42 12252 13630.4 -1 1
-4199.73 -438.225 20112.3 20551.1 1 2
event 76
11561.1 -21103.7 -13384.8 27708.6
-5857.52 18016 -9229.67 21299.4
-4681.18 15994.8 -9016.44 18948.7 1 2
4545.29 -7454.97 -6514.55 10894.3 1 1
-1176.34 2021.18 -213.231 2350.66 -1 2
7015.78 -13648.7 -6870.27 16814.3 -1 1
event 77
9991.5 -15493.4 -10586.9 21483.7
-5577.57 18827.5 -9243.19 21922.8
-3378.01 8072.46 -2774.6 9180.69 -1 2
3914.22 -5217.84 -2165.29 6873.62 1 1
6077.27 -10275.5 -8421.6 14610.1 -1 1
-2199.56 10755 -6468.59 12742.1 1 2
event 78
5937.43 -4431.51 -15779.7 17705.4
-5224.09 5987.04 -593.383 8548.73
-1126.92 2789.56 896.66 3141.14 1 2
885.838 -2398.57 -5708.54 6255.91 -1 1
5051.59 -2032.94 -10071.2 11449.5 1 1
-4097.17 3197.47 -1490.04 5407.59 -1 2
event 79
4050.07 28579.4 -33129.7 44049.4
-9687.89 -3276.7 -20586.5 23194.6
-7908.44 -1497.75 -17031.5 18838 1 2
2881.3 10255.2 -11462.4 15648.3 1 1
-1779.45 -1778.95 -3554.99 4356.62 -1 2
1168.77 18324.2 -21667.3 28401.1 -1 1
event 80
7503.11 1737.7 8084.17 11587.2
-883.179 6973.82 -4891.8 9106.84
-283.121 4954.03 -4931.65 6996.78 1 2
3154.29 2313.2 3846.05 5486.69 1 1
-600.058 2019.79 39.8444 2110.06 -1 2
4348.81 -575.504 4238.12 6100.51 -1 1
event 81
-8552.42 661.419 17608.1 19829.8
15470.6 1029.36 12134.5 19930.8
-6290 -555.312 10293.3 12076.2 -1 1
-2262.42 1216.73 7314.83 7753.51 1 1
8564.47 1805.97 5603.75 10393.5 1 2
6906.16 -776.615 6530.74 9537.29 -1 2
event 82
-9329.88 -15767.4 -18893.9 26499.5
-9112.14 2014.81 -7749.72 12519.5
-3908.32 2438.54 -3776.53 5957.74 1 2
-893.45 -2214.35 -1222.31 2684.55 1 1
-8436.43 -13553 -17671.6 23815 -1 1
-5203.83 -423.722 -3973.2 6561.77 -1 2
event 83
12385.8 -15250.2 20911.8 28859.5
1259.41 7817.67 -2317.31 8812.4
-398.742 5617.75 -873.01 5700.12 -1 2
4141.14 -3013.65 4977.48 7142.66 -1 1
8244.71 -12236.5 15934.4 21716.9 1 1
1658.15 2199.92 -1444.3 3112.28 1 2
event 84
9741.47 5559.68 -21468.8 24419.4
-7563.51 -264.062 8216.81 11592.4
-2615.23 -1540.59 3539.84 4664.17 -1 2
1925.89 791.673 -1926.99 2839.06 -1 1
7815.58 4768.01 -19541.8 21580.3 1 1
-4948.28 1276.53 4676.98 6928.22 1 2
event 85
-13242.4 -4551.85 20173.4 24751.5
13134.1 11799.7 5669.04 18800.8
3882.24 3359.27 211.462 5139.3 -1 2
-1958.36 417.759 3069.36 3666.31 1 1
9251.9 8440.47 5457.58 13661.5 1 2
-11284 -4969.61 17104 21085.2 -1 1
event 86
1331.53 -9193.92 -6032.28 11501.3
-5218.64 2522.4 -10151.4 12092.9
888.856 -4882.96 -1401.91 5158.48 1 1
442.671 -4310.96 -4630.36 6342.85 -1 1
-1958.92 -482.677 -2189.18 2978.93 -1 2
-3259.71 3005.08 -7962.18 9113.93 1 2
event 87
-6541.52 -1626.44 -5947.68 9715.83
12264.2 -3659.62 -28133.1 31062.3
-4297.56 -869.167 -1428.54 4612.63 1 1
-2243.96 -757.272 -4519.14 5103.2 -1 1
7622.35 -3462.18 -15772.4 17856.9 1 2
4641.87 -197.441 -12360.7 13205.4 -1 2
event 88
-11139.7 -3379.4 46790.1 48315.8
8679.29 6864.35 6360.88 13133.9
5742.94 2873.32 4491.1 7836.99 -1 2
-4141.99 -2832.56 20319.9 20930.5 1 1
-6997.68 -546.834 26470.2 27385.2 -1 1
2936.35 3991.04 1869.77 5296.96 1 2
event 89
2845.08 5699.05 -14191.1 15860.4
-13460.6 -5409.86 -703.145 14850.5
2496.58 3667.34 -6315.09 7718.4 -1 1
348.505 2031.72 -7876.06 8142.04 1 1
-9545.48 -2480.17 255.961 9866.32 -1 2
-3915.11 -2929.68 -959.106 4984.19 1 2
event 90
2433.1 -7446.18 26404.8 27715.9
-2651.19 15237.6 -65155.8 67038
600.358 4392.25 -16990.7 17559.9 -1 2
-522.489 -2769.05 7297.09 7823 -1 1
-3251.55 10845.4 -48165.1 49478.1 1 2
2955.58 -4677.13 19107.7 19892.9 1 1
event 91
-8624.74 -6048.98 -44068.6 45415.9
5086.89 2196.9 -12015.5 13589.2
3042.15 2598.54 -5915.44 7142.18 1 2
-3937.59 -1095.38 -14086.5 14667.8 1 1
2044.75 -401.635 -6100.06 6447.03 -1 2
-4687.15 -4953.6 -29982.1 30748.1 -1 1
event 92
-8664.29 -5345.7 -7490.84 13013.5
-3382.99 7987.4 11714.6 14901.8
-916.706 5913.82 7494.92 9591.59 -1 2
-3392.57 -676.469 -3482.15 4909.55 1 1
-5271.72 -4669.23 -4008.69 8103.92 -1 1
-2466.28 2073.59 4219.63 5310.25 1 2
event 93
199.86 -13573 -6968.26 15569.7
7007.14 10117.1 -24817.7 27945.7
1732.76 5030.42 -12908 13961.9 1 2
-1328.46 -4085.88 -2495.99 4969.94 -1 1
1528.32 -9487.15 -4472.26 10599.7 1 1
5274.38 5086.67 -11909.8 13983.8 -1 2
event 94
-5984.7 7888.37 12879.5 16538.3
1568.97 4753.16 2580.71 6427
262.613 3079.83 11.8727 3092.83 1 2
-1516.49 4118.56 6875.97 8157.96 1 1
1306.36 1673.33 2568.83 3334.17 -1 2
-4468.21 3769.81 6003.51 8380.32 -1 1
event 95
5525.23 -2809.44 -1821.27 7438.17
-2404.71 13258.6 2531.37 14055.9
2663.32 -2558.07 -2529.52 4477.34 -1 1
2861.91 -251.366 708.242 2960.83 1 1
-287.434 9452.86 2003.91 9667.78 1 2
-2117.27 3805.69 527.46 4388.11 -1 2
event 96
-8445.92 725.263 7003.68 11423.7
2408.46 4742.32 -973.59 6231.32
2402.1 1972.39 -1428.46 3422.29 1 2
-4262.07 -1160.84 3773.39 5810.54 -1 1
6.36204 2769.93 454.867 2809.03 -1 2
-4183.85 1886.1 3230.28 5613.19 1 1
event 97
-15831.3 -6842.28 12152.5 21324.2
5877.81 2236.78 22963.1 24009.3
-12557.4 -3982.66 9140.91 16034.9 -1 1
-3273.88 -2859.62 3011.61 5289.3 1 1
2269.47 -651.123 8729.63 9043.9 -1 2
3608.34 2887.9 14233.4 14965.4 1 2
event 98
5848.24 7045.75 -994.194 9717.2
-3411.34 -5928.24 13060.3 15064.7
-3329.62 -3395.02 10115 11177.5 -1 2
2633.16 2098.16 956.606 3501.72 -1 1
3215.08 4947.59 -1950.8 6215.48 1 1
-81.7199 -2533.23 2945.33 3887.17 1 2
event 99
997.777 6043.89 -1525.2 7031.45
-3245.85 -11358.5 1273.37 12278.6
-726.582 3559.71 -1674.72 4001.91 -1 1
1724.36 2484.18 149.517 3029.54 1 1
-2565.42 -5906.56 1980.19 6738.04 -1 2
-680.437 -5451.99 -706.821 5540.57 1 2
event 100
-8601.12 5236.04 28622.9 30500.1
10732.2 287.236 48784.6 50047.9
7135.71 1102.02 37046.8 37744 1 2
-4780.13 1307.42 15665.8 16431.3 -1 1
3596.48 -814.783 11737.8 12303.9 -1 2
-3820.99 3928.62 12957.1 14068.8 1 1
event 101
-1340.69 -4475.52 13915.3 15001.8
9936.71 2001.9 24078.8 26384.2
624.529 -3193.86 7986.87 8625.08 -1 1
-1965.22 -1281.66 5928.42 6376.68 1 1
5790.31 -263.265 16085.4 17098.2 1 2
4146.4 2265.17 7993.46 9286.02 -1 2
event 102
-7313.17 -15029.4 14535.4 22365.9
-2243.41 13429.6 -68347 69758.8
-636.021 10342.5 -54819.1 55790 1 2
-4256.98 -5696.88 5146.33 8779.08 1 1
-1607.39 3087.13 -13527.9 13968.8 -1 2
-3056.18 -9332.53 9389.09 13586.9 -1 1
event 103
-11478.5 -3361.3 2605.96 12626.8
2107.65 6953.38 -22095.2 23464.4
-6612.94 -2920.07 333.004 7237.39 -1 1
-4865.54 -441.236 2272.96 5389.4 1 1
-104.184 4499.88 -10948.4 11838 -1 2
2211.83 2453.51 -11146.8 11626.4 1 2
event 104
-3834.09 335.055 6494.97 8401.51
9043.81 4892.58 -24136.5 26417.6
-2577.36 -1540.91 3052.71 4283.39 -1 1
-1256.73 1875.97 3442.26 4118.12 1 1
4744.64 2652.05 -16490.6 17363.6 1 2
4299.17 2240.53 -7645.89 9053.93 -1 2
event 105
5390.29 1056.17 400.304 6318.42
-8474.53 7018.56 -9462.91 14839.6
2512.97 2053.37 13.9009 3246.96 -1 1
2877.32 -997.204 386.403 3071.46 1 1
-4874.66 2864.62 -6421.86 8556.85 -1 2
-3599.87 4153.93 -3041.05 6282.78 1 2
event 106
2784.03 -9529.13 -24206.6 26345.9
3760.82 9105.07 -35656.8 37122.1
79.6924 4047.58 -12878.5 13500.2 1 2
358.81 -3651.09 -5722.94 6798.7 1 1
2425.22 -5878.04 -18483.7 19547.2 -1 1
3681.13 5057.49 -22778.4 23621.9 -1 2
event 107
-1704.4 6785.16 -1402.86 7778.31
-1529.26 -11340.6 -3744.13 12432.1
-1717.87 4317.16 479.945 4672.3 -1 1
13.4664 2468 -1882.8 3106.01 1 1
677.714 -6412.54 -1857.24 6711.22 -1 2
-2206.98 -4928.11 -1886.89 5720.89 1 2
event 108
-4815.14 -5946.52 12074.1 14626.1
-5419.02 6991.68 35640.4 36852.1
-2314.25 2650.69 8650.4 9339.3 -1 2
-2183.87 -571.773 3627.49 4273.88 1 1
-2631.27 -5374.74 8446.63 10352.2 -1 1
-3104.77 4340.99 26990 27512.8 1 2
event 109
8748.11 3827.2 28467.4 30185.5
4780.71 -5058.57 -23565.4 24766.2
4097.35 -2193.02 -15316.9 16006.8 -1 2
3758.45 2508.37 17333.1 17912.7 1 1
4989.65 1318.83 11134.4 12272.8 -1 1
683.353 -2865.55 -8248.54 8759.45 1 2
event 110
9286.17 2209.27 14857.1 17928.7
-9813.74 -4141.47 -11069.1 15670.9
-2509.05 -2219.96 -4799.77 5854.27 -1 2
2672.88 418.616 6989.05 7495.17 -1 1
-7304.69 -1921.52 -6269.35 9816.65 1 2
6613.28 1790.65 7868.03 10433.6 1 1
event 111
4730.36 -9785.93 14588 18453.8
-12771.1 16088.2 42654.9 47444.3
-2976.39 4916.3 9350.94 10976.3 -1 2
844.528 -2386.59 1561.46 2976.3 1 1
-9794.71 11171.9 33304 36468 1 2
3885.83 -7399.34 13026.6 15477.5 -1 1
event 112
-6953.94 6587.11 20651.9 22974.7
7623.1 -11298.1 15073.7 20556.4
2321.23 -3511.08 2689.77 4996.18 1 2
-3189.58 1261.36 5560.93 6534.49 1 1
5301.87 -7787.01 12384 15560.2 -1 2
-3764.36 5325.75 15090.9 16440.3 -1 1
event 113
19877.2 -364.362 -15308.8 25282.1
-11007 4940.87 11643.2 17050.6
11053.9 -930.655 -10201.2 15070.9 -1 1
8823.22 566.292 -5107.57 10211.2 1 1
-6883.03 2694.43 9048.4 11684.2 -1 2
-4123.93 2246.45 2594.85 5366.35 1 2
event 114
-7750.78 2883.6 9365.6 12872.3
12723 547.827 -9589.24 16239.4
-4140.29 1121.38 2641.58 5038.71 1 1
-3610.5 1762.22 6724.02 7833.57 -1 1
10459.4 -737.989 -7368.66 12816 -1 2
2263.65 1285.82 -2220.59 3423.39 1 2
event 115
-4521.13 3410.11 -13977.1 15395.5
13895.1 -4557.02 25007 29133.9
-1536.81 2800.13 -9094.58 9639.77 -1 1
-2984.31 609.98 -4882.52 5755.72 1 1
10303.9 -1901.4 17342.8 20262.5 1 2
3591.13 -2655.62 7664.27 8871.35 -1 2
event 116
8180.42 1946.12 -2756.28 9375.22
-6035.02 -4054.83 14876.8 16845.6
-5452.46 -2077.16 11180.4 12611.8 1 2
3470.6 355.301 -2682.91 4402.33 -1 1
-582.565 -1977.67 3696.4 4233.8 -1 2
4709.82 1590.82 -73.3714 4972.89 1 1
event 117
7454.67 5487.83 -16347.3 19039.7
-5249.35 3299.4 -7183.67 9981.88
5447.57 2321.32 -11220 12687.1 1 1
2007.1 3166.51 -5127.3 6352.61 -1 1
-848.95 2105.61 -1636.77 2800.8 -1 2
-4400.4 1193.8 -5546.9 7181.08 1 2
event 118
18381.7 4163.13 -56287.4 59439.8
-8844.25 5137.39 -1040.62 10737.2
14764.7 2072.22 -44780.2 47197.1 -1 1
3617.08 2090.91 -11507.2 12242.7 1 1
-1198.92 1647.29 -1129.19 2331.78 -1 2
-7645.34 3490.1 88.5715 8405.41 1 2
event 119
4422.38 -9713 14460.7 18237.4
-5054.03 5830.6 -20303.9 22031.2
-2136.98 5104.89 -13615 14697.2 -1 2
1924.63 -2425.57 2370.22 3900.86 1 1
2497.75 -7287.44 12090.5 14336.5 -1 1
-2917.06 725.704 -6688.85 7334.02 1 2
event 120
6436.3 -11979.3 44594.4 46724.6
7338.55 -8767.47 1943.99 12003.9
3335.97 -7514.51 31286.7 32349.1 -1 1
3100.32 -4464.83 13307.8 14375.5 1 1
4982.04 -6989.94 226.836 8587.35 -1 2
2356.51 -1777.53 1717.16 3416.51 1 2
event 121
-3594.5 -6161.71 -9125.63 11989.8
8432.64 911.472 -5637.64 10644.9
3917.55 1859.2 -2039.11 4793.01 1 2
-2132.93 -1432.13 -4658.94 5321.4 -1 1
-1461.57 -4729.59 -4466.69 6668.41 1 1
4515.1 -947.729 -3598.53 5851.91 -1 2
event 122
-7004.56 -6803.99 -7195.11 12518.7
9939.04 790.631 -34548.8 36091.8
4765.69 1263.01 -12465.2 13405.2 1 2
-3150.98 -3396.17 -5288.52 7031.52 1 1
5173.35 -472.379 -22083.6 22686.6 -1 2
-3853.58 -3407.82 -1906.59 5487.21 -1 1
event 123
7622.98 915.096 -25809.8 27105
-7653.1 -8070.07 -11179.9 16071
-1636.64 -3763.53 -3360.29 5305.23 -1 2
2307.57 1380.17 -5767.18 6364.07 -1 1
-6016.46 -4306.54 -7819.66 10765.8 1 2
5315.4 -465.074 -20042.6 20741 1 1
event 124
-3179.42 8070.6 -18530.1 20693
-5551.88 -15747.8 -34725.9 38656.1
-215.651 -4727.66 -10070.9 11128 -1 2
-1443.66 2421.12 -9419.47 9832.78 -1 1
-5336.23 -11020.1 -24655 27528.1 1 2
-1735.75 5649.48 -9110.66 10860.2 1 1
event 125
1787.85 -8617.95 6379.93 11303.2
2197.68 4895.54 19015.8 19999.7
72.3817 3140.48 13110 13481.5 1 2
-711.86 -4130.26 2863.16 5076.87 -1 1
2125.29 1755.06 5905.84 6518.22 -1 2
2499.71 -4487.69 3516.77 6226.29 1 1
event 126
-6519.11 3711.99 44976.8 45703.2
3557.25 6202.79 22527 23836.6
-3268.96 3566.15 28511.6 28919.3 1 1
-3250.15 145.841 16465.2 16783.9 -1 1
406.894 3221.42 7041.52 7754.82 -1 2
3150.36 2981.37 15485.5 16081.8 1 2
event 127
-7057.61 3291.82 -25999.6 27317
4200.25 -12176.6 -71309.8 72529.9
2485.04 -10082.9 -60568.1 61452 1 2
-2850.9 3034.2 -12993.4 13644.5 -1 1
1715.21 -2093.73 -10741.7 11078 -1 2
-4206.72 257.615 -13006.2 13672.4 1 1
event 128
-5866.18 -10664.6 -31994.2 34371
2342.53 -41064.7 -76794.3 87193.7
838.948 -35739.9 -67206.4 76123.3 1 2
-1488.37 -5415.66 -16676.8 17597.5 1 1
1503.58 -5324.77 -9587.91 11070.4 -1 2
-4377.81 -5248.94 -15317.4 16773.5 -1 1
event 129
13224.3 -10044 11460.9 20413.3
-14064.6 2951 21973.4 26437.5
7250.44 -5986.44 4665.87 10497 -1 1
5973.82 -4057.54 6794.99 9916.31 1 1
-5233.19 -192.053 6524.8 8367.04 -1 2
-8831.38 3143.06 15448.6 18070.4 1 2
event 130
-6594.81 -348.19 -6050.94 9477.23
4463.53 7185.22 -12283.6 15232.5
1862.67 2357.85 -6993.58 7612.51 -1 2
-1927.63 1073.83 -2986.44 3714.68 -1 1
2600.86 4827.37 -5290.03 7619.94 1 2
-4667.17 -1422.02 -3064.5 5762.55 1 1
event 131
-14833.8 30584.9 27663.2 43935.5
55185.8 8943.19 80804.5 98307.8
17510.9 2641.47 28140.2 33248.9 -1 2
-5209.63 8405.18 6814.56 12009.9 -1 1
37674.9 6301.73 52664.4 65058.9 1 2
-9624.18 22179.8 20848.7 31925.6 1 1
event 132
45565.5 7631.08 68109.4 82358.5
-14062.4 26713.4 23034.4 38099
-12974.1 22340.7 19366.9 32288.1 -1 2
19154.6 1851.07 29619.1 35321.7 -1 1
26410.9 5780.01 38490.4 47036.8 1 1
-1088.27 4372.69 3667.52 5810.91 1 2
event 133
3057.46 -6285.05 -8006.14 11069.7
4614.41 10912.1 4408.35 13015
991.941 -3779.22 -6262.91 7382.52 -1 1
2065.52 -2505.84 -1743.23 3687.23 1 1
3620.56 6283.69 3947.6 8257.59 -1 2
993.858 4628.36 460.75 4757.41 1 2
event 134
2120.68 8478.65 5189.89 10625.9
1456.12 -8496.3 -21591.3 23453.9
2281.69 -6142.3 -13898.4 15365.9 1 2
1081.45 4086.58 4287.75 6022.09 1 1
-825.575 -2354 -7692.96 8088 -1 2
1039.23 4392.07 902.137 4603.84 -1 1
event 135
8744.59 -163.62 19422 21524.4
-14255.5 -14105.1 17848.8 27024.9
4998.01 573.302 14119 14988.8 -1 1
3746.58 -736.922 5303.09 6535.58 1 1
-7450.56 -8461.67 11748.2 16283.2 -1 2
-6804.93 -5643.47 6100.61 10741.7 1 2
event 136
-2576.77 7727.04 11069 14087.5
-7488.15 9668.02 20097.6 23728.6
-2639.97 1488.76 3823.84 4880.45 -1 2
-886.815 2530.37 1517.1 3082.52 1 1
-4848.18 8179.26 16273.8 18848.1 1 2
-1689.96 5196.67 9551.86 11005 -1 1
event 137
-13952.5 3076.27 18496.7 23576.6
13971.2 -17141.8 -23423.7 32361.9
2707.86 -3691.17 -6763.5 8167.83 1 2
-3996.81 478.013 7526.07 8535.57 -1 1
11263.3 -13450.7 -16660.1 24194.1 -1 2
-9955.66 2598.26 10970.7 15041 1 1
event 138
-1084.14 5677.67 1945.05 6839.99
8184.73 -4994.08 15977.9 18889.6
1939.94 -2766.76 4421.42 5565.83 1 2
-1772.06 1507.53 638.871 2414.99 1 1
6244.79 -2227.33 11556.5 13323.7 -1 2
687.924 4170.14 1306.18 4425 -1 1
event 139
2567.08 11942.3 61766 63038.4
-2568.77 -10510.2 -11113.6 15816.6
627.061 -3375.72 -3473.78 4885.38 1 2
1655.43 2232.75 16597.9 16829.3 -1 1
911.652 9709.56 45168.2 46209.1 1 1
-3195.84 -7134.5 -7639.82 10931.3 -1 2
event 140
6909.29 5649.41 -50215.4 51096.3
6682.81 -6789.3 2379.83 10296.1
4878.07 -5723.93 3015.83 8103.41 1 2
2083.65 3654.8 -23888 24255.9 -1 1
1804.73 -1065.37 -635.993 2192.65 -1 2
4825.64 1994.61 -26327.4 26840.4 1 1
event 141
-7638.46 5815.44 -2316.49 10350.1
3735.21 -7079.34 13390.1 15904.6
3751.92 -3993.67 8115.32 9792.65 -1 2
-1436.99 2877.17 -566.124 3267.21 -1 1
-6201.47 2938.28 -1750.37 7082.84 1 1
-16.7131 -3085.67 5274.8 6111.98 1 2
event 142
-9550.31 -1643.8 -5461.38 11718.6
11719.1 87.6292 6383.37 13699.8
-6404.81 159.705 -2020.22 6718.59 1 1
-3145.5 -1803.51 -3441.16 4999.96 -1 1
9979.81 -1057.37 5240.91 11322.2 -1 2
1739.32 1145 1142.45 2377.52 1 2
event 143
818.926 -9883.47 541.608 10403.7
5018.65 14824.1 3570.31 16348.5
1496.92 -7053.39 -685.321 7243.75 1 1
-677.997 -2830.08 1226.93 3159.99 -1 1
1301.82 8017.4 2616.24 8534.01 -1 2
3716.83 6806.67 954.065 7814.54 1 2
event 144
-360.532 -9409.24 1229.93 9988.4
9195.65 25167.1 7784.43 28073.7
-1029.96 -5352.77 -604.004 5485.34 -1 1
669.428 -4056.47 1833.93 4503.06 1 1
6045.16 18309 4274.32 19749.5 1 2
3150.49 6858.17 3510.11 8324.19 -1 2
event 145
-7542.21 3955.96 8740.32 12590.4
6557.03 -5729.45 1773.45 9410.49
4837.08 -2935.11 -41.8885 5659.08 1 2
-3167.04 2707.71 5907.07 7229.56 -1 1
1719.94 -2794.33 1815.33 3751.41 -1 2
-4375.17 1248.25 2833.24 5360.85 1 1
event 146
-9545.74 -5666.97 -6794.4 13378.7
4948.66 -13551.9 -44806.5 47216
3475.54 -5278.87 -15827.6 17043.1 1 2
-4208.15 -838.737 -3045.03 5262.64 1 1
1473.12 -8273.08 -28978.9 30172.9 -1 2
-5337.59 -4828.23 -3749.37 8116.07 -1 1
event 147
6608.25 -5181.65 47098 47982.5
4328.5 -8812.44 46322 47452.2
4572.61 -6402.81 35806.2 36660.6 1 2
4094.75 -892.678 22431.4 22819.8 -1 1
-244.11 -2409.63 10515.8 10791.6 -1 2
2513.51 -4288.98 24666.6 25162.7 1 1
event 148
7065.65 -15202.9 -37906.9 41564.2
5646.03 6360.09 42398.9 43354.2
4555.9 3001.27 23212.9 23845.7 -1 2
381.712 -3777.48 -9136.46 9894.5 1 1
6683.94 -11425.4 -28770.5 31669.7 -1 1
1090.13 3358.82 19186 19508.5 1 2
event 149
-2019.59 -5899.57 -29196 30014.8
-1387.48 8087.99 -14486.1 16934.6
-1863.62 2643.37 -4392.8 5456.03 -1 2
-1461.83 -1667.16 -5397.22 5835.89 1 1
476.132 5444.62 -10093.3 11478.6 1 2
-557.755 -4232.41 -23798.8 24178.9 -1 1
event 150
5381.79 -3442.69 -1440.73 7244.47
12115.3 -1772.31 13016.5 18136.8
4435.05 521.205 6024.34 7499.68 1 2
758.959 -2155.03 -667.423 2382.6 -1 1
7680.26 -2293.51 6992.19 10637.1 -1 2
4622.83 -1287.66 -773.305 4861.87 1 1
event 151
3843.53 7712.58 19526.6 21567
-7597.62 -2886.91 -6779.77 11027.9
-3809.22 -2563.76 -2254.28 5116.24 -1 2
519.127 4486.95 10010.6 10982.9 1 1
3324.4 3225.63 9516.06 10584.1 -1 1
-3788.41 -323.154 -4525.49 5911.65 1 2
event 152
5606.65 1154.93 4797.1 8085.18
12702.6 3919.49 -4484.42 14367.3
3173.93 190.553 4409.89 5437.69 1 1
2432.71 964.374 387.212 2647.49 -1 1
6281.74 3385.93 -3074.66 7771.07 -1 2
6420.87 533.562 -1409.76 6596.28 1 2
event 153
9930.5 2904.52 2607.24 11110.4
-6887.62 -4029.54 20839.6 22529
6621.17 3406.55 1651.61 7627.8 1 1
3309.34 -502.023 955.633 3482.55 -1 1
-3185.15 -550.499 5627.84 6490.91 -1 2
-3702.47 -3479.04 15211.7 16038.1 1 2
event 154
-3044.84 17740 -1520.76 18327.1
-2554.35 -6589.11 -11099.2 13517.7
-3339.73 11651.5 -1625.39 12229.6 1 1
294.891 6088.57 104.632 6097.52 -1 1
-746.801 -4006.65 -3830.47 5594.16 -1 2
-1807.55 -2582.46 -7268.75 7923.53 1 2
event 155
-12951.7 1474.15 54629.3 56248.3
4733.65 2695.56 -2997 7228.17
3546.2 144.449 -758.278 3630.78 1 2
-4782.98 -937.552 20634.3 21202.4 1 1
1187.45 2551.11 -2238.72 3597.39 -1 2
-8168.7 2411.7 33995 35045.9 -1 1
event 156
5288.46 -1451.18 9082.37 11052.3
-1264.73 -9967.16 8344.29 13422.5
3638.64 -192.79 7802.72 8612.22 -1 1
1649.82 -1258.39 1279.66 2440.11 1 1
-2137.75 -4868.59 4657.82 7069.62 -1 2
873.028 -5098.58 3686.47 6352.87 1 2
event 157
674.342 7064.63 3149.19 8358.95
-4156.43 6112.91 -12979 15254.2
-2760.45 2015.74 -7710.02 8434.39 1 2
-838.087 2075.19 -50.0616 2241.09 1 1
1512.43 4989.43 3199.25 6117.86 -1 1
-1395.98 4097.17 -5269.02 6819.78 -1 2
event 158
-8701.97 -4271.55 -3782.65 10856.8
5283.38 7931.43 17711.9 20350.1
-5391.58 -1128.75 -2825.16 6191.6 1 1
-3310.39 -3142.8 -957.494 4665.17 -1 1
2624.65 5315.18 8090.33 10030.2 -1 2
2658.73 2616.24 9621.59 10319.9 1 2
event 159
4857.35 -4319.1 9591.92 12159
-9088.58 3631.52 281.968 10269.4
2674.57 -4133.73 8188.27 9555.1 1 1
2182.78 -185.363 1403.66 2603.9 -1 1
-4019.7 3250 379.193 5184.15 1 2
-5068.88 381.523 -97.225 5085.25 -1 2
event 160
-8759.66 10980.9 -8043.52 16480.3
6462.64 3055.77 1253.75 7890.95
-4031.87 6343.69 -2760.28 8008.04 1 1
-4727.79 4637.18 -5283.24 8472.26 -1 1
2946.49 2517.15 1828.15 4286.15 -1 2
3516.15 538.627 -574.4 3604.8 1 2
event 161
-662.47 12717 -1476.05 13188.2
-6828.09 1915.06 9102.03 11946.9
-356.173 8568.24 480.666 8589.75 -1 1
-306.297 4148.72 -1956.71 4598.43 1 1
-1804.98 1668.07 4502.8 5130.96 -1 2
-5023.11 246.991 4599.23 6815.92 1 2
event 162
-18565.3 4907.51 33473.2 38714.4
-8712.49 2748.04 13318.7 16566
-5541.72 3433.12 7825.01 10185.2 -1 2
-4462.66 1424.3 10980.2 11938.2 1 1
-14102.7 3483.22 22493 26776.2 -1 1
-3170.76 -685.086 5493.67 6380.8 1 2
event 163
-11372.7 1997.06 40949.7 42659
-7302.89 -4771.57 45036.6 45978.1
-7394.15 822.044 30964.3 31845.7 1 1
-3978.55 1175.01 9985.37 10813.3 -1 1
-3788.25 -659.798 18736.5 19127.3 -1 2
-3514.64 -4111.77 26300.1 26850.8 1 2
event 164
19249.4 11339.7 -75848 79130.5
-8990.84 -11428.8 -19962.3 24890.5
10276.6 5032.84 -43171.9 44662.8 1 1
8972.79 6306.89 -32676.1 34467.7 -1 1
-5609.8 -6976.98 -9675.14 13182.1 -1 2
-3381.04 -4451.82 -10287.1 11708.4 1 2
event 165
-4500.64 -8084.88 -41511.8 42643.2
8694.65 -3525.43 -21081.4 23281.8
4066.22 -314.679 -11010.6 11742.2 -1 2
-389.679 -2870.42 -8833.78 9297.21 -1 1
-4110.96 -5214.46 -32678 33346 1 1
4628.42 -3210.75 -10070.8 11539.6 1 2
event 166
10369.2 -4133.41 26117.9 28571.7
-13244 -1159.11 63572.8 65021.9
-5126.39 -1879.77 23129.3 23765.3 -1 2
2945.01 -1725.17 4977.28 6036.04 -1 1
-8117.64 720.665 40443.5 41256.6 1 2
7424.17 -2408.23 21140.6 22535.6 1 1
event 167
-14284.9 -1895.91 65621.6 67256.5
12303.3 -6286.79 33210 36102.5
10465 -4618.84 29471.1 31613.4 1 2
-6842.71 -1231.61 38571.1 39192.9 1 1
1838.32 -1667.95 3738.91 4489.1 -1 2
-7442.16 -664.299 27050.5 28063.7 -1 1
event 168
-17530.4 -2653.01 85215.4 87095.4
10510 -3579.78 25248.9 27755.6
6260.48 -1460.09 17753.6 18881.9 1 2
-7777.14 -175.488 31590.3 32534.2 -1 1
4249.51 -2119.69 7495.35 8873.72 -1 2
-9753.29 -2477.52 53625.1 54561.2 1 1
event 169
-6089.01 -2002.08 -22924.8 24004.6
-204.738 14652 -16562.3 22329.9
-3700.95 -351.933 -8315.56 9109.37 -1 1
-2388.06 -1650.15 -14609.2 14895.2 1 1
-406.199 9232.91 -12536.7 15575.3 1 2
201.461 5419.11 -4025.64 6754.58 -1 2
event 170
3992.72 -7089.75 -8831.09 12401
2900.36 -11540.1 -10541.8 16195.9
3523.57 -3303.42 -4215.26 6411.53 1 1
469.15 -3786.33 -4615.83 5989.44 -1 1
454.84 -7264.53 -7227.8 10258.3 -1 2
2445.52 -4275.6 -3313.96 5937.57 1 2
event 171
-8099.39 9968.25 55362.9 56952.7
12701.5 -9065 8480.54 18028.1
4891.14 -4536.39 5057.66 8372.16 -1 2
-3022.63 1269.67 14566.8 14931.5 -1 1
-5076.77 8698.58 40796.2 42021.2 1 1
7810.41 -4528.62 3422.88 9655.99 1 2
event 172
6155.62 2241.6 9857.45 12234.3
-2056.23 -10549.8 4640.11 12109.8
2830.45 2331.41 3562.14 5113.4 1 1
3325.17 -89.8102 6295.31 7120.88 -1 1
-2262.31 -5280.35 1379.55 5908.84 1 2
206.083 -5269.47 3260.56 6200.98 -1 2
event 173
-1043.35 -9858.52 2887.11 10779.8
5520.97 3564.35 7870.81 10711
3625.36 2317.35 7118.01 8318.08 -1 2
-1727.33 -2923.53 640.094 3457.11 -1 1
683.979 -6934.99 2247.02 7322.72 1 1
1895.61 1247 752.805 2392.95 1 2
event 174
-4708.16 11007.8 11309.4 16758.1
2453.72 -6748.08 -795.934 7860.14
-1117.66 6146.74 6661.6 9133.44 1 1
-3590.5 4861.04 4647.85 7624.63 -1 1
2687.64 -3840.06 -1371.05 4884.71 -1 2
-233.916 -2908.01 575.112 2975.43 1 2
event 175
-5106.82 15569.2 13350.8 21361.6
2835.4 -11487.4 -1607.92 12335.9
2183.56 -4689.52 474.204 5195.73 1 2
-1060.17 2434.48 870.518 2796.36 -1 1
-4046.66 13134.7 12480.3 18565.2 1 1
651.839 -6797.85 -2082.13 7140.18 -1 2
