event 0
-6290.29 -3236.57 -28224.1 29261.5
8054.68 1955.22 -2606.54 9224.19
-4117.83 -596.7 -18200.2 18670 1 1
-2172.46 -2639.87 -10023.9 10591.5 -1 1
6054.89 2688.96 -1394.62 6771.14 -1 2
1999.79 -733.738 -1211.92 2453.05 1 2
event 1
8491.57 1238.57 -2645.03 9498.81
-6928.56 -1849.61 -36886.5 37704.5
-4529.6 27.138 -26326.4 26713.5 -1 2
3723.25 948.679 -2738.77 4719.6 -1 1
4768.32 289.887 93.7465 4779.21 1 1
-2398.96 -1876.75 -10560 10991 1 2
event 2
17039.5 -14577.9 -1546.71 22690.1
-4098.36 -3257.58 -19398.8 20330.1
8218.16 -7790.5 -2215.98 11539.1 1 1
8821.38 -6787.37 669.271 11151 -1 1
-3292.55 -726.505 -9526.25 10105.9 -1 2
-805.811 -2531.07 -9872.54 10224.2 1 2
event 3
14865.6 -14116.3 -1935.56 20822.9
-4326.97 -4209.72 -28840.8 29628.2
9460.51 -10869.5 -966.798 14442.8 1 1
5405.06 -3246.83 -968.761 6380.14 -1 1
-3903.87 -1770.76 -17182.4 17709.4 -1 2
-423.102 -2438.96 -11658.4 11918.8 1 2
event 4
-4982.29 -15506.4 30930.2 35093.3
13154.7 16823.9 -12301.4 24839.6
3121.42 3580.14 -4257.34 6379.4 -1 2
-445.694 -2650.06 7720.73 8175.71 1 1
10033.3 13243.7 -8044.04 18460.2 1 2
-4536.6 -12856.3 23209.5 26917.6 -1 1
event 5
-229.995 11074.2 -8106.96 14071.4
-9164.3 -12011.1 -1129.88 15463.5
-3308.35 -2277.78 219.182 4024.01 1 2
-80.1457 2103.95 -209.295 2118.49 1 1
-5855.95 -9733.35 -1349.06 11439.5 -1 2
-149.849 8970.2 -7897.67 11952.9 -1 1
event 6
1211.07 7741.16 -5583.38 10304
-9673.75 -12196.2 -832.015 15893.8
-359.187 5315.16 -1981.24 5684.75 1 1
1570.26 2426.01 -3602.14 4619.29 -1 1
-7577.34 -7242.62 -289.008 10486.5 1 2
-2096.41 -4953.57 -543.007 5407.3 -1 2
event 7
-11901.7 -15375.8 -2901.21 19901.6
748.912 9737.89 -5343.19 11555.4
474.391 3604.89 -3723.47 5205.35 -1 2
-2345.9 -1403.64 -757.478 2838.73 -1 1
-9555.75 -13972.2 -2143.73 17062.8 1 1
274.521 6133 -1619.72 6350.1 1 2
event 8
3052.27 -8494.78 4626.96 10605.5
-6849.92 16019 -21601.1 27923.6
-5057.91 14018.3 -17118.9 22697.2 1 2
101.995 -4361.04 2904.39 5241.73 1 1
-1792.01 2000.7 -4482.12 5226.34 -1 2
2950.27 -4133.75 1722.56 5363.8 -1 1
event 9
5119.04 -10843.3 4875.98 13309.7
-9085.23 25583.1 -35061.3 44451.3
3278.2 -9614.98 3797.12 10845.4 -1 1
1840.84 -1228.34 1078.86 2464.27 1 1
-6198.16 13098.1 -19422.8 24232.9 1 2
-2887.07 12485 -15638.5 20218.4 -1 2
event 10
-6206.41 2625.67 8534.93 11307.1
5882.21 -7145.2 -13820.4 16918.9
2015.4 -3278.8 -3338.68 5096.11 -1 2
-1728.3 2204.81 4268.23 5106.58 1 1
3866.81 -3866.4 -10481.7 11822.8 1 2
-4478.1 420.862 4266.69 6200.52 -1 1
event 11
-26167.9 -10473.1 7019.76 29211.5
2625.55 9645.65 1087.2 10521.6
2306.58 5183.98 -670.56 5714.43 1 2
-6330.41 -3835.84 2469.39 7803.64 1 1
318.965 4461.67 1757.76 4807.2 -1 2
-19837.5 -6637.23 4550.37 21407.9 -1 1
event 12
318.976 -10827.6 26194.1 28514.2
1823.12 6397.41 26257.9 27263.9
2571.86 3579.7 15056.1 15688.4 -1 2
544.983 -3426.61 12166 12651.6 -1 1
-226.007 -7401.02 14028.1 15862.7 1 1
-748.738 2817.71 11201.8 11575.5 1 2
event 13
4839.42 2547.86 -10865.1 12711.1
220.726 11914.5 -25100.5 27957.7
3627.81 877.213 -3710.42 5263.92 -1 1
1211.61 1670.65 -7154.73 7447.17 1 1
438.186 6472.07 -16997.6 18193.7 1 2
-217.46 5442.46 -8102.93 9764.03 -1 2
event 14
7329.19 -19204.3 -19239.9 28395.1
-1648.94 10335.5 -33042.9 34856.3
3671.74 -12025.1 -13821.2 18684.7 -1 1
3657.45 -7179.18 -5418.73 9710.37 1 1
559.842 7198.38 -22902.2 24013.5 -1 2
-2208.78 3137.13 -10140.7 10842.8 1 2
event 15
-877.999 5024.25 -20320.7 21178.6
4619.13 -13227.4 -13579.8 19756.1
764.925 3521.55 -14612 15050.2 1 1
-1642.92 1502.7 -5708.67 6128.41 -1 1
1367.13 -7605.84 -6071.18 9827.93 1 2
3252 -5621.6 -7508.67 9928.2 -1 2
event 16
-3940.84 -3634.15 -4983.45 7947.56
11307.3 -2809.71 1025.5 12099.2
-1312.55 -2765.32 -3932.94 4984.87 1 1
-2628.29 -868.826 -1050.51 2962.69 -1 1
5556.24 -2908.75 963.7 6346.06 -1 2
5751.01 99.0403 61.7957 5753.17 1 2
event 17
-1520.6 4566.96 103.032 5724.59
-4579.46 -9301.82 13797 17534.1
465.657 3319.93 306.95 3368.11 -1 1
-1986.26 1247.03 -203.918 2356.49 1 1
-2137.04 -5619.48 10177.9 11821.5 -1 2
-2442.43 -3682.34 3619.12 5712.64 1 2
event 18
6054.15 -635.643 7069.77 9830.02
-6520.86 3308.52 -767.981 7978.02
-1893.62 2651.57 -161.744 3264.04 1 2
2039.97 -1381.49 1379.22 2825.49 -1 1
-4627.24 656.945 -606.237 4713.98 -1 2
4014.17 745.843 5690.55 7004.52 1 1
event 19
6505.18 -7128.87 4587.09 11125.2
-4848.78 1416.26 -25819.5 26490.6
-3347.99 -429.523 -18093.6 18406 1 2
1968.75 -4409.71 1886.15 5185.58 1 1
-1500.79 1845.78 -7725.89 8084.54 -1 2
4536.43 -2719.16 2700.95 5939.64 -1 1
event 20
3526.3 9786.32 -91.5235 11036.3
-3409.64 -10820.9 -12424.2 17107.6
235.141 -3584.71 -4663.33 5887.55 1 2
-168.963 2311.89 -1219.95 2621.61 1 1
3695.26 7474.43 1128.43 8414.66 -1 1
-3644.78 -7236.21 -7760.84 11220 -1 2
event 21
3720.86 8942.75 1122.54 10230.8
-5525.96 -14637.6 -14200.6 21448.5
-520.715 -4242.4 -2227.9 4821.18 1 2
-19.6104 3685.9 38.1995 3687.67 1 1
-5005.25 -10395.2 -11972.7 16627.4 -1 2
3740.47 5256.84 1084.34 6543.13 -1 1
event 22
7061.38 13796.5 662.224 15944.7
-4203.11 -13823.4 -12068.8 19078.7
-891.443 -6935.08 -7078.7 9950.34 -1 2
-223.028 2205.65 378.97 2251.53 1 1
7284.41 11590.9 283.254 13693.1 -1 1
-3311.66 -6888.28 -4990.11 9128.41 1 2
event 23
-5567.47 -12000.5 14026.5 19528
4857.38 11903.4 -1434.8 13301.7
1539.38 6802 -1803.15 7204.12 -1 2
-4003.96 -5126.47 7388.36 9844.36 1 1
-1563.51 -6874.01 6638.18 9683.66 -1 1
3318 5101.42 368.344 6097.58 1 2
event 24
-3943.16 -6774.57 15721.2 17949.6
8658.99 3727.16 516.331 9936.17
3178.3 838.809 1581.27 3649.22 1 2
-2252.74 -1077.68 6656 7109.83 -1 1
5480.69 2888.35 -1064.94 6286.95 -1 2
-1690.42 -5696.89 9065.16 10839.8 1 1
event 25
11173 12283.9 -62019.7 64278.8
-2544.37 -14738.5 1374.78 15335.5
4680.03 7361.71 -30544.5 31765.9 1 1
6492.97 4922.19 -31475.2 32512.9 -1 1
-252.083 -9245.86 1557 9380.03 -1 2
-2292.29 -5492.65 -182.222 5955.52 1 2
event 26
10744.1 16354 -71400.9 74098.4
-1199.93 -19107.3 3696.78 19743
8974.19 12222.9 -50923.8 53133.6 1 1
1769.94 4131.01 -20477.1 20964.8 -1 1
-1955.77 -16576.7 2654.65 16901.8 -1 2
755.84 -2530.53 1042.14 2841.14 1 2
event 27
12696.2 5723.39 -21916.7 26151.2
-12110 11813.2 -25668.9 30898
-2229.11 4052.77 -7320.38 8659.85 1 2
3906.98 1381.44 -4190.02 5894.09 -1 1
-9880.86 7760.44 -18348.5 22238.1 -1 2
8789.26 4341.95 -17726.7 20257.1 1 1
event 28
14932.2 5290.24 -20520 26107.8
-13752.8 13353.4 -27116.3 33351.8
7822.31 2617.77 -13153.2 15526.1 1 1
7109.88 2672.46 -7366.79 10581.7 -1 1
-10983.6 9439.94 -18546.9 23531.9 -1 2
-2769.21 3913.49 -8569.42 9819.88 1 2
event 29
-7907.23 6287.87 -13603.5 17225.2
12058.2 4929.41 -20148.5 24192
-3602.59 4239.58 -9099.49 10666 -1 1
-4304.64 2048.29 -4504 6559.16 1 1
9594.18 2507.12 -14409.3 17492.1 -1 2
2464.06 2422.29 -5739.2 6699.9 1 2
event 30
3952.05 6440.34 -8832.9 12029.4
-7930.66 2222.78 6387.77 10873.5
-3705.71 639.028 1095.7 3918.2 -1 2
2311.4 1068.98 -2783.9 3774.46 1 1
1640.65 5371.36 -6049 8254.99 -1 1
-4224.95 1583.75 5292.07 6955.26 1 2
event 31
2911.38 9062.78 -41795.9 42977.9
-5553.18 -13048.3 -31915.7 35061.3
-5444.43 -10882.2 -28784 31250.5 1 2
311.014 3976.93 -22610.3 22959.7 1 1
-108.747 -2166.13 -3131.67 3810.84 -1 2
2600.36 5085.84 -19185.7 20018.2 -1 1
event 32
11678.6 -2800.6 -26082.4 28881.1
-11244.4 11022.5 -33528.5 37171
6407.69 -2556.93 -17431.6 18747.5 -1 1
5270.94 -243.665 -8650.8 10133.6 1 1
-5872.05 6178.32 -14589.8 16897.5 1 2
-5372.33 4844.23 -18938.7 20273.5 -1 2
event 33
-2114.71 7406.1 -715.092 8332.19
10334.1 -187.719 6344.67 12516.9
3900.52 -310.772 4181.02 5727.36 1 2
-1713.04 1421.93 298.11 2248.65 -1 1
6433.54 123.053 2163.65 6789.56 -1 2
-401.664 5984.17 -1013.2 6083.53 1 1
event 34
-6398.97 -10380.7 1143.7 12633.5
4218.09 3704.58 22110.5 23021.3
1929.21 2664.37 7423.78 8120.61 1 2
-4028.63 -3758.59 980.301 5597.23 -1 1
2288.89 1040.21 14686.7 14900.7 -1 2
-2370.34 -6622.15 163.398 7036.28 1 1
event 35
27038.2 29110 -64176.6 75542.6
9285.52 12992.9 -21933.7 27307.8
19095.8 21897.9 -48760.6 56760.7 -1 1
7942.33 7212.09 -15416 18781.9 1 1
5003.72 9431.89 -13766.7 17422.1 -1 2
4281.8 3560.96 -8167.07 9885.67 1 2
event 36
6791.32 -7764.57 -3341.09 11276.9
-5674.7 -8956.39 -5318.11 12259.4
-2055.33 -4731.99 -1096.9 5275.46 -1 2
1719.51 -3496.77 -104.274 3899.51 -1 1
5071.81 -4267.8 -3236.82 7377.36 1 1
-3619.36 -4224.4 -4221.21 6983.92 1 2
event 37
4006.09 9205.28 -6926.68 12584
12673.8 11869.1 -5875.4 18590.7
3680.36 4861.98 -3427.23 6995.78 1 1
325.734 4343.3 -3499.45 5588.17 -1 1
5364.51 7123.51 -2767.1 9337.58 1 2
7309.31 4745.61 -3108.3 9253.08 -1 2
event 38
1724.22 6483.46 -5267.22 9074.3
6943.95 7494.67 -4380.17 11539.7
1171.16 3965.96 -1288.86 4332.75 1 1
553.062 2517.51 -3978.36 4741.55 -1 1
3585.57 4913.24 -1101.73 6182.33 -1 2
3358.37 2581.43 -3278.44 5357.4 1 2
event 39
2199.15 11307.6 -8698.67 14763.3
11398.9 10789 -4396.91 16591
5164.28 5356.06 -525.922 7459.55 1 2
-559.619 3147.81 -3306.64 4600.75 1 1
2758.77 8159.77 -5392.04 10162.6 -1 1
6234.62 5432.89 -3870.99 9131.4 -1 2
event 40
-1571.09 9801.28 6935.62 12499
6443.72 -1785.74 7815.22 10741.5
158.466 7140.36 5495.69 9012.42 1 1
-1729.56 2660.91 1439.93 3486.6 -1 1
2958.38 254.323 1732.45 3439.37 -1 2
3485.33 -2040.06 6082.76 7302.09 1 2
event 41
-442.679 11177.1 26925.8 29320.9
7323.67 13932.5 -21025.7 26446.6
893.71 5952.13 11519.8 12997.8 -1 1
-1336.39 5224.95 15406 16323 1 1
5713.22 7738.46 -11949.2 15340.1 1 2
1610.45 6194.09 -9076.46 11106.5 -1 2
event 42
5456.39 8969.35 -13392.3 17296.4
-672.652 9532.59 22465.9 24609.6
-1647.99 7179.49 18276.8 19705.7 1 2
2589.25 3095.26 -7394.05 8424.25 1 1
975.338 2353.1 4189.12 4903.9 -1 2
2867.14 5874.09 -5998.24 8872.17 -1 1
event 43
3179.83 -24990.9 27608.2 37502.8
1944.95 18213.9 -38102.5 42390.1
1317.51 15338.5 -34161.5 37470.3 -1 2
1989.93 -9302.47 8568.74 12803.5 -1 1
1189.9 -15688.4 19039.5 24699.3 1 1
627.449 2875.4 -3941.02 4919.8 1 2
event 44
4683.07 29283.8 -54727.2 62322.8
5636.35 -27358.2 31736.4 42391.4
267.402 -7035.58 8996.42 11424.4 1 2
-7.59724 2472.75 -6332.32 6798.83 -1 1
4690.67 26811.1 -48394.9 55524 1 1
5368.95 -20322.6 22740 30966.9 -1 2
event 45
5445.89 -35250.3 38937.7 52895.9
1740.98 18920.6 -36174.5 40978.1
2385.62 11740.3 -20981.3 24160.9 1 2
3539.33 -13423.8 14500.3 20074.7 1 1
-644.636 7180.35 -15193.2 16817.2 -1 2
1906.56 -21826.5 24437.5 32821.2 -1 1
event 46
6026.25 -5598.53 1228.82 8874.65
-1145.79 26371.8 -2212.25 26669.7
4217.58 -2941.44 2080.26 5547.86 1 1
1808.67 -2657.09 -851.443 3326.79 -1 1
565.599 16105.7 -517.649 16124.3 1 2
-1711.39 10266.1 -1694.61 10545.3 -1 2
event 47
-1987.18 -7335.23 -148.415 8207.81
3931.96 7577.81 11743.8 14845.5
625.775 4459.03 5229.86 6901.96 1 2
-523.521 -2934.74 -1550.47 3361.83 -1 1
-1463.66 -4400.48 1402.06 4845.98 1 1
3306.19 3118.78 6513.94 7943.56 -1 2
event 48
-15612 10024.3 -19066.7 26783.4
-9005.86 6466.37 9338.61 14823
-9810.15 6661.18 -10040.2 15537.9 1 1
-5801.89 3363.08 -9026.46 11245.5 -1 1
-2694.19 3447.14 4731.01 6444.77 -1 2
-6311.67 3019.23 4607.6 8378.19 1 2
event 49
-14235.2 7608.78 -14567.5 21962.2
-6338.24 5205.18 8022.2 11883.3
-3950.8 4992.27 5781.93 8600.78 -1 2
-2475.32 2311.21 -1904.78 3886.93 1 1
-11759.9 5297.58 -12662.7 18075.3 -1 1
-2387.44 212.908 2240.27 3282.55 1 2
event 50
-9820.57 7768.41 -12846.4 18204.8
-6924.52 6200.72 9848.6 13891.9
-6918.04 6962.85 -10590.8 14440.1 -1 1
-2902.53 805.557 -2255.6 3764.64 1 1
-1194.02 1688.23 4140.49 4629.33 -1 2
-5730.5 4512.49 5708.11 9262.55 1 2
event 51
8461.39 9802.91 43416.8 45456.5
16578.8 28407.3 72064.2 79275.9
4519.56 7264.19 22091.3 23690.3 1 2
3979.51 2322.81 18194.4 18769.1 -1 1
12059.2 21143.1 49973 55585.6 -1 2
4481.88 7480.1 25222.4 26687.5 1 1
event 52
23584.5 39008.5 101794 111595
9998.75 9445.92 49769.8 51728.4
14952.8 25803.8 70536.8 76582.5 -1 1
8631.7 13204.7 31257 35012.6 1 1
5747.11 6428.11 35597.5 36627.1 -1 2
4251.64 3017.81 14172.3 15101.3 1 2
event 53
6917.97 4139.78 16706 18806.3
8656.69 10109.1 20672.3 24780.4
2777.99 1472.63 3776.93 4915.51 1 2
2927.85 82.2954 6188.79 6847.72 1 1
5878.7 8636.51 16895.4 19864.9 -1 2
3990.12 4057.49 10517.2 11958.6 -1 1
event 54
3717.71 6194.39 -9064.55 11997.8
7178.22 -7859.57 -25814.7 28094.3
1393.8 -3711.31 -9401.97 10204.2 -1 2
2917.77 1934.24 -3606.93 5027.5 -1 1
5784.42 -4148.26 -16412.8 17890.1 1 2
799.933 4260.15 -5457.62 6970.33 1 1
event 55
3651.91 -9013.15 9441.39 13903.3
-5287.19 -15229.5 -15221.4 22386.9
-901.766 -5408.49 -6738.84 8688.39 1 2
640.824 -4345.04 5735.7 7224.91 -1 1
-4385.43 -9821.05 -8482.53 13698.5 -1 2
3011.09 -4668.11 3705.69 6678.42 1 1
event 56
-4043.55 12050.3 39307.2 41427.2
-10731.2 14634.3 42394.1 46218.8
-8758.75 13499.8 38065.9 41327.7 1 2
-1268.16 3568.8 16647.9 17073.6 -1 1
-1972.43 1134.54 4328.25 4891.07 -1 2
-2775.39 8481.52 22659.3 24353.6 1 1
event 57
-11750.8 -1327.21 10512.4 16122.8
-4805.13 2786.64 7900.64 10142.3
-7587.7 643.942 6661.1 10117.8 1 1
-4163.07 -1971.15 3851.32 6005.03 -1 1
-4096.6 848.412 4364.57 6046.7 -1 2
-708.525 1938.23 3536.07 4095.57 1 2
event 58
-2082.33 -5052 -2211 6658.73
7529.97 5440.81 20063 22325.3
265.756 -3310.64 -1513.9 3651.58 -1 1
-2348.09 -1741.36 -697.09 3007.15 1 1
2914.59 4008.65 9959.55 11125.1 -1 2
4615.39 1432.16 10103.4 11200.2 1 2
event 59
-12459.1 10958.3 -8067.85 18708.2
7067.4 3731.01 13784.1 16231.5
-7269.46 4401.67 -4494.05 9613.92 1 1
-5189.68 6556.64 -3573.8 9094.26 -1 1
4286.08 2102.21 5191 7053.19 -1 2
2781.32 1628.8 8593.12 9178.33 1 2
event 60
2333.03 7492.43 4332.28 9483.62
10430.5 -3138.05 3655.85 11899.5
4226.65 238.711 1756.33 4584.48 1 2
-565.985 3202.36 1809.37 3722.96 1 1
6203.82 -3376.76 1899.51 7315 -1 2
2899.02 4290.07 2522.91 5760.66 -1 1
event 61
-4080.73 6228.97 -37918.4 38766.6
3205.26 13557.3 -3949.9 14807.7
-1945.56 4701.91 -29862.6 30293.3 -1 1
-2135.17 1527.06 -8055.81 8473.37 1 1
552.563 8298.99 -2992.29 8839.89 -1 2
2652.7 5258.32 -957.614 5967.83 1 2
event 62
6930.57 -242.846 -6407.01 9936.42
-11168.5 6624.75 -29684 32547.7
3970.24 1290.73 -2825.55 5042.19 -1 1
2960.34 -1533.58 -3581.46 4894.23 1 1
-6676.56 2249.21 -16824.4 18240.2 1 2
-4491.98 4375.55 -12859.6 14307.5 -1 2
event 63
-5218.1 -8085.26 18661.9 21224
2893.4 7520.59 10780.5 13810.9
2527.66 2470.5 5025.54 6144.89 -1 2
-2005.09 -1886.01 8158.54 8611.06 -1 1
-3213.02 -6199.24 10503.4 12612.9 1 1
365.746 5050.09 5754.92 7665.99 1 2
event 64
4127.41 11939.2 15014.5 19864.7
-8136.86 -10809.9 27110.7 30457.2
-5864.95 -9246.43 23374 25811.8 1 2
2811.09 3859.97 4759.08 6742.52 1 1
-2271.91 -1563.45 3736.74 4645.47 -1 2
1316.31 8079.23 10255.4 13122.2 -1 1
event 65
-4758.21 -2850.96 8871.97 10912
20263.2 -12770.6 28175.8 37110
-2290.18 -3112.51 5230.96 6504.36 1 1
-2468.03 261.546 3641 4407.68 -1 1
12969 -7939.36 15557.4 21754.8 -1 2
7294.23 -4831.22 12618.4 15355.2 1 2
event 66
-7454.96 -2225.59 8969.83 12271
20796.1 -13793.3 28129.8 37730.7
3871.78 -2919.29 3800.98 6162.11 -1 2
-1126.49 -1660.24 2418.12 3143.85 1 1
16924.3 -10874.1 24328.8 31568.6 1 2
-6328.48 -565.355 6551.71 9127.18 -1 1
event 67
-4870.87 3210.87 -2939.84 7229.7
2840.44 21172.9 -31155.1 37902.4
-3944.82 928.078 -2381.05 4701.43 -1 1
-926.052 2282.8 -558.796 2528.27 1 1
1013 16983.8 -24541.9 29862.9 -1 2
1827.45 4189.02 -6613.2 8039.47 1 2
event 68
18439.6 9057.15 -36622.4 42105.2
-21758.7 -10250.6 80746.1 84309.2
-5337.46 -4031.45 21869.8 22870.1 -1 2
2407.01 1803.14 -7466.56 8050.2 -1 1
16032.6 7254.02 -29155.9 34055 1 1
-16421.2 -6219.13 58876.3 61439.1 1 2
event 69
-39914.8 -17239.5 152521 158627
22934 10694.3 -42002 49133.4
13639.3 4750.35 -22916 27087.8 1 2
-15510.4 -5881.12 53492.2 56005.3 1 1
9294.68 5943.98 -19086 22045.6 -1 2
-24404.4 -11358.4 99028.6 102622 -1 1
event 70
3562.34 8565.68 1422.76 9883.13
-20821.9 1623.88 -23055 31262
-3912.58 -753.696 -3541.17 5331.74 -1 2
2007.21 3007.38 -787.115 3701.88 -1 1
-16909.3 2377.57 -19513.8 25930.2 1 2
1555.13 5558.3 2209.88 6181.25 1 1
event 71
-4275.8 5117.79 -117.894 7353.81
6925.24 -4594.77 8008.62 11949.9
5456.47 -1910.72 5658.98 8090.68 1 2
-678.651 3143 -385.445 3240.18 -1 1
1468.78 -2684.05 2349.64 3859.2 -1 2
-3597.15 1974.78 267.551 4113.63 1 1
event 72
6395.09 -2067.57 30617.3 31498.9
6337.04 -6281.17 15439.5 18099.2
2168.62 -3329.97 9288.69 10103.6 -1 2
1915.72 -2193.81 12530.2 12864.7 1 1
4168.42 -2951.2 6150.82 7995.56 1 2
4479.37 126.238 18087.1 18634.2 -1 1
event 73
9296.13 -68.436 -84.5318 9799.01
-5885.24 5249.22 5137.45 9908.32
-1052.16 2906.9 1680.15 3520.11 1 2
2359.98 725.292 -1167.88 2733.25 -1 1
6936.15 -793.728 1083.35 7065.76 1 1
-4833.08 2342.32 3457.3 6388.21 -1 2
event 74
5805.03 11497.2 30475.6 33230.1
-8824.61 -9196.67 4545.21 13881.7
-2858.29 -5125.04 2450.15 6360.05 1 2
1606.25 1226.69 6572.25 6876.81 1 1
4198.79 10270.5 23903.4 26353.3 -1 1
-5966.32 -4071.63 2095.06 7521.67 -1 2
event 75
-3646.95 -6332.21 28271.3 29364.1
-10351.8 -6044.14 -14739.4 19249.2
-1041.54 -4796.92 17682.8 18351.7 -1 1
-2605.41 -1535.29 10588.5 11012.4 1 1
-6440.46 -2865.5 -10579.5 12713.3 1 2
-3911.33 -3178.64 -4159.86 6535.89 -1 2
event 76
-3781.27 -19356.1 -42346.6 46816.5
-1188.88 5913.25 -38136.9 38734.9
-1555.62 -13261.7 -30832 33599.3 1 1
-2225.65 -6094.46 -11514.7 13217.2 -1 1
-2179.72 3067.39 -21393.4 21722.1 -1 2
990.841 2845.85 -16743.5 17012.8 1 2
event 77
-958.464 -5602.21 -3436.03 7328.05
-15092.4 15515.6 11306.9 24616.1
-2046.82 -3158.33 -1657.14 4113.61 1 1
1088.35 -2443.88 -1778.89 3214.45 -1 1
-11204 10345.9 9206.61 17814.1 1 2
-3888.42 5169.63 2100.3 6802 -1 2
event 78
-12854.2 12887.1 10725.7 21352.8
-953.181 -6818.59 -5618.01 9410.32
-9942.19 10252.2 6869.62 15847.9 1 1
-2911.98 2634.96 3856.08 5504.83 -1 1
-1327.56 -2362.84 -3589.79 4499.24 -1 2
374.377 -4455.75 -2028.22 4911.09 1 2
event 79
-5712.34 -11301.6 8338.65 15475.2
19851.3 9362.14 98357.9 100825
5074.18 1021.24 21241.5 21863.3 -1 2
-850.934 -3593.12 3777.78 5283.69 -1 1
14777.1 8340.9 77116.4 78961.3 1 2
-4861.41 -7708.47 4560.87 10191.5 1 1
event 80
4613.47 -10331 -44956.7 46461.9
-6658.37 11687 -67509.3 68905.8
1111.04 -6079.36 -25676 26409.5 -1 1
3502.44 -4251.67 -19280.7 20052.4 1 1
-6267.49 8759.65 -49790.7 50942.5 -1 2
-390.886 2927.38 -17718.6 17963.4 1 2
event 81
-10920.8 3536.99 -61184 62328.5
3041.77 -10482.9 -37782.8 39449.6
-6578.15 3679.17 -37882.5 38625.2 -1 1
-4342.62 -142.181 -23301.4 23703.3 1 1
2923.6 -7798.37 -32095.1 33158.2 -1 2
118.167 -2684.55 -5687.7 6291.41 1 2
event 82
-3479.13 -12251.9 12329 17994.7
5588.64 -10779.6 25376.2 28301.5
-3410.88 -6392.69 6746.1 9900.59 1 1
-68.2443 -5859.17 5582.89 8094.1 -1 1
4108.02 -6960.69 13460.6 15701.1 -1 2
1480.62 -3818.9 11915.6 12600.4 1 2
event 83
-7675.58 -22147.5 23994.2 33685.9
5869.6 -10576.4 24165.6 27200.7
1725.85 -5140.26 13303.4 14366.4 -1 2
42.5567 -2948.52 2940.61 4165.8 1 1
-7718.14 -19199 21053.6 29520.1 -1 1
4143.75 -5436.12 10862.1 12834.3 1 2
event 84
9680.37 -1698.47 -776.354 10525.6
-5144.43 -3032.38 -7641.36 10180.5
-2444.09 -3177.78 -4284.9 5868.85 1 2
4342.11 -2103.62 -1649.7 5100.18 1 1
-2700.34 145.398 -3356.46 4311.61 -1 2
5338.25 405.147 873.344 5425.4 -1 1
event 85
-4698.58 -11158.9 -4438.49 13262.3
7866.71 10473.7 -4126.84 14078.4
4750.01 3790.95 -1636.32 6294.64 -1 2
-2964.14 -4107.78 -765.42 5124.16 -1 1
3116.7 6682.74 -2490.52 7783.74 1 2
-1734.44 -7051.14 -3673.07 8138.15 1 1
event 86
4776.96 9755.75 -2440.08 11556
-2716.19 -9033.2 -2971.79 10363.3
-771.956 -6836.75 -2781.55 7421.94 1 2
1256.06 5085.18 -57.3206 5239.39 1 1
-1944.24 -2196.45 -190.238 2941.4 -1 2
3520.91 4670.57 -2382.76 6316.62 -1 1
event 87
-12460.7 -5086.1 8455.14 16193.1
3793.07 -10889.4 26698.6 29246.7
2964.64 -4010.29 10310.2 11453.5 1 2
-2627.29 -1288.56 3445.2 4521.46 -1 1
-9833.38 -3797.54 5009.93 11671.6 1 1
828.433 -6879.06 16388.4 17793.2 -1 2
event 88
-386.09 -6376.45 4791.3 8564.77
193.675 12387.9 -13699.8 18728.9
-1196.71 -3903.12 1462.31 4337.74 1 1
810.624 -2473.33 3328.99 4227.04 -1 1
968.798 6296.46 -8842.22 10898.6 1 2
-775.123 6091.48 -4857.57 7830.33 -1 2
event 89
12775.5 -1650.77 -32743.1 35322
820.666 5683.97 2681.61 7054.26
8365.4 64.7928 -18268.6 20093.2 1 1
4410.11 -1715.56 -14474.5 15228.7 -1 1
1994.04 3141.25 1511.17 4017.27 -1 2
-1173.38 2542.72 1170.44 3036.99 1 2
event 90
-12479.7 2425.83 -63149.7 64491.1
-4043.02 4218.74 -28689.1 29441.4
-6771.8 1840.75 -41726.4 42312.5 1 1
-5707.86 585.082 -21423.3 22178.6 -1 1
-1809.12 3772.95 -21342.9 21749.5 -1 2
-2233.9 445.787 -7346.14 7691.94 1 2
event 91
-3004.57 -6205.38 37727.9 38477.6
4730.54 5848.16 22530.1 23953.7
2664.97 1997.27 6085.48 6937.97 1 2
-1943.36 -923.649 9695.25 9931.71 -1 1
-1061.22 -5281.73 28032.7 28545.8 1 1
2065.57 3850.89 16444.7 17015.7 -1 2
event 92
-5232.76 -4167.65 -24944 26010.5
11505.4 3506.3 -746.879 12442.6
-3026.49 -2858.52 -9765.63 10616.5 1 1
-2206.26 -1309.13 -15178.3 15394 -1 1
7055.17 1006.92 -1495.94 7282.74 1 2
4450.25 2499.38 749.062 5159.84 -1 2
event 93
-7878.07 7298.45 17679.8 20916.5
4197.54 5012.19 669.402 7265.01
1562.05 4178.36 271.828 4470.32 -1 2
-2866.21 1483.61 7504.63 8169.88 -1 1
-5011.86 5814.84 10175.1 12746.6 1 1
2635.49 833.829 397.574 2794.69 1 2
event 94
3376.43 10142.8 7798.01 13589.6
-5982.66 -9869.65 56543.9 57792.8
929.394 7366.47 5091.55 9003.54 -1 1
2447.04 2776.38 2706.46 4586.11 1 1
-5167.3 -6522.06 44203.7 44980.1 -1 2
-815.359 -3347.59 12340.2 12812.6 1 2
event 95
4699.24 -29009.3 -36240.9 46761.2
-14611.6 12179.7 18035.3 26395.2
-9181.11 7652.1 9225.58 15098.7 1 2
1033.19 -14279 -16187.2 21610 1 1
-5430.51 4527.6 8809.68 11296.5 -1 2
3666.04 -14730.3 -20053.7 25151.3 -1 1
event 96
-26359.3 20283.4 29762 44739.2
6942.45 -38270.1 -48741.8 62435.2
7200.9 -34893.2 -44616.1 57096.4 1 2
-9764.94 5695.14 9757.31 14933.4 1 1
-258.448 -3376.84 -4125.76 5338.81 -1 2
-16594.3 14588.2 20004.7 29805.9 -1 1
event 97
-6053.72 2595.99 12455.6 14426.3
-81.8223 -7435.38 5848.02 9954
1220.17 -3400.21 3799.65 5243.92 -1 2
-2546.47 312.424 7563.16 7987.15 -1 1
-1301.99 -4035.17 2048.38 4710.07 1 2
-3507.25 2283.57 4892.47 6439.17 1 1
event 98
-3996.96 8485.5 -380.4 9885.08
-5684.21 -4673.04 -2977.65 8520.83
-2446.39 -2104.08 303.27 3242.7 1 2
-2327.17 1820.55 338.271 2975.86 1 1
-1669.79 6664.95 -718.67 6909.23 -1 1
-3237.83 -2568.96 -3280.92 5278.13 -1 2
event 99
-6461.18 -3187 13660.3 15751.2
13778.7 -6979.28 44591.1 47334.1
2656.51 -2928.33 13431.9 14002.1 -1 2
-2529.44 -2338.64 3961.87 5251.18 -1 1
11122.2 -4050.94 31159.2 33332 1 2
-3931.74 -848.363 9698.46 10500 1 1
event 100
-2816.75 -5089.75 6102.87 8981.89
5736.6 2833.67 -29293.2 30143.3
3038.7 -176.034 -11493.5 11890.2 -1 2
-2279.2 -1095.12 2756.32 3741.99 -1 1
2697.9 3009.7 -17799.7 18253.2 1 2
-537.549 -3994.63 3346.54 5239.9 1 1
event 101
4582.32 -6989.81 -13928.1 16536
-5975.4 3694.55 -13717.4 15719.8
1262.07 -4431.87 -5984.33 7553.65 1 1
3320.25 -2557.94 -7943.8 8982.33 -1 1
-5250.63 1724.56 -9112.19 10657.7 -1 2
-724.764 1969.99 -4605.17 5062.1 1 2
event 102
-6341.14 22101.1 157.364 23200.9
-1527.45 -4924.41 -3012.67 6726.8
-4666.38 15829.4 -1275.39 16552.4 1 1
-1674.75 6271.68 1432.75 6648.52 -1 1
541.753 -3288.54 -2064.13 3921.71 -1 2
-2069.2 -1635.87 -948.549 2805.1 1 2
event 103
-4201.95 13436 876.455 14441
-3105.63 -7709.95 -3888.26 9684.93
-2521.16 -3518.59 -701.655 4386.37 1 2
-1945.33 4589.43 1713.96 5272.19 -1 1
-584.464 -4191.36 -3186.61 5298.56 -1 2
-2256.62 8846.56 -837.5 9168.78 1 1
event 104
-5267.61 18119.5 148.64 19122.7
-4093.4 -10450.9 -5654.67 12943.8
-2819.37 -8574.65 -5694.85 10673.1 -1 2
-1250.52 5953.34 1418.25 6247.29 1 1
-4017.09 12166.1 -1269.61 12875.4 -1 1
-1274.02 -1876.21 40.1836 2270.7 1 2
event 105
-9234.39 -4201.15 -51550.4 52630.4
1019.95 5620.47 238.234 6502.08
-867.144 3379.85 -362.972 3509.74 1 2
-2826.86 -2917.09 -20769.3 21163.1 -1 1
1887.09 2240.62 601.207 2992.34 -1 2
-6407.53 -1284.06 -30781.1 31467.3 1 1
event 106
5275.21 5096.65 17764.1 19466.8
-6886.02 377.605 27202.2 28233.2
3836.46 1676.58 10620.1 11416.1 -1 1
1438.75 3420.07 7143.93 8050.7 1 1
-4814.04 -544.521 13483.7 14328 -1 2
-2071.98 922.126 13718.5 13905.1 1 2
event 107
26403.5 -16872.6 54677.4 63095.5
-7088.71 6261.61 15395.1 18331.9
17754.2 -10668.5 33344.9 39254.6 -1 1
8649.28 -6204.08 21332.5 23840.9 1 1
-5519.74 2900.41 9365.53 11251.9 -1 2
-1568.97 3361.2 6029.62 7080.03 1 2
event 108
-11580.1 11074.7 28787.8 33091.9
18180.1 -12236.9 36220.4 42447.2
16074.7 -11307.4 30540.4 36317.8 1 2
-4101.26 5308.03 14331 15823.5 -1 1
2105.42 -929.515 5679.97 6129.44 -1 2
-7478.85 5766.66 14456.8 17268.4 1 1
event 109
8979.52 3071.33 4830.21 11089.9
-12791.1 2294.62 6388.37 14808.1
4980.39 1085.21 976.98 5191.11 1 1
3999.13 1986.11 3853.23 5898.84 -1 1
-7944.47 408.791 2588.04 8366.05 1 2
-4846.62 1885.83 3800.33 6442.03 -1 2
event 110
10163.9 2199.87 5712.5 12262.5
-13441.4 3089.16 4395.04 14802.8
-4969.22 1556 168.541 5210.94 1 2
3751.67 -39.8774 694.452 3817.07 1 1
-8472.19 1533.17 4226.5 9591.82 -1 2
6412.26 2239.75 5018.04 8445.44 -1 1
event 111
6758.49 5996.23 14174.8 17092.4
-7213.76 684.434 -3320.75 8551.23
4464.97 1918.45 6819.65 8374.68 -1 1
2293.52 4077.78 7355.2 8717.72 1 1
-4928.13 1648.8 -1320.65 5362.86 -1 2
-2285.63 -964.364 -2000.11 3188.37 1 2
event 112
-10932.2 8275.37 -12039.9 18508
38011.5 9666.02 -23395.5 45773.8
-7605.92 5030.14 -6126.08 10986 1 1
-3326.27 3245.24 -5913.79 7521.95 -1 1
34274 8987.22 -20058.2 40716.3 -1 2
3737.5 678.798 -3337.36 5057.55 1 2
event 113
44715 13707.6 -26156.3 53675.6
-8680.16 8012.09 -12070.2 17170.3
-5659.72 4089.39 -8807.84 11240.3 1 2
22603.6 5919.8 -14438.1 27467 1 1
-3020.43 3922.7 -3262.41 5930.01 -1 2
22111.4 7787.82 -11718.1 26208.6 -1 1
event 114
22669.7 7691.53 -14941.8 28388.8
-7923.43 4613.68 -8069.5 12600.5
13770.7 3453.96 -7647.11 16126.1 1 1
8899.04 4237.56 -7294.73 12262.7 -1 1
-4850.92 3428.28 -3277.66 6785.19 -1 2
-3072.51 1185.4 -4791.85 5815.36 1 2
event 115
7365.48 13378.3 48079 50541.1
-5905.62 2929.26 2374.33 7660.63
-4804.35 1171.07 705.897 4996.26 1 2
3213.55 6107.17 16843.4 18202.6 -1 1
-1101.27 1758.19 1668.44 2664.37 -1 2
4151.94 7271.09 31235.6 32338.5 1 1
event 116
12016.6 3454.93 8687.95 15537.2
-9228.54 -1377.46 -26290.5 28068.5
-4119.12 -1621.21 -8893.65 9934.97 1 2
2358.88 1710.36 3046.42 4216.81 1 1
9657.68 1744.57 5641.53 11320.4 -1 1
-5109.42 243.745 -17396.8 18133.6 -1 2
event 117
-8039.47 -3181.54 20716.5 22661
7035.59 -2870.13 -7274.15 10965.5
4970.12 -406.935 -4330.37 6605.37 1 2
-3095.13 -2811.51 10564.3 11362.3 -1 1
2065.48 -2463.2 -2943.77 4360.1 -1 2
-4944.34 -370.029 10152.2 11298.7 1 1
event 118
5335.79 -1509.84 -3501.59 7252.73
-9316.97 -5887.97 22861.7 25568
3229.88 -1302.11 -414.717 3508.67 1 1
2105.91 -207.735 -3086.87 3744.05 -1 1
-5652.32 -2120.02 10119.1 11783.5 1 2
-3664.65 -3767.95 12742.7 13784.5 -1 2
event 119
-15474.5 -33448.8 47777.7 60420
-731.848 -7336.7 2852.22 8490.52
-11912 -28415.9 40206 50654.7 -1 1
-3562.43 -5032.89 7571.67 9765.36 1 1
-1531.4 -4479.68 619.045 4775.67 -1 2
799.548 -2857.03 2233.17 3714.85 1 2
event 120
9619.05 -725.79 12637.6 16197.3
7907.52 5441.07 10935.2 14876.3
3328.61 1305.53 5953.66 6945.6 -1 2
2773.48 337.384 5919.59 6546.66 1 1
6845.58 -1063.17 6718 9650.65 -1 1
4578.9 4135.54 4981.54 7930.7 1 2
event 121
10561.9 -1940.56 15276.9 18928.6
8784.33 5659.71 14784.7 18367.8
4454.89 1109.71 5632.52 7267.32 1 2
3394.13 704.482 3841.67 5175.52 -1 1
7167.73 -2645.04 11435.2 13753.1 1 1
4329.44 4550 9152.19 11100.5 -1 2
event 122
15243.9 -3029.9 22745.4 27721.7
8205.79 5077.82 9273.6 13737
5864.72 1862.43 5743.1 8417.71 -1 2
4291.33 -1776.01 4952.92 6790.61 1 1
10952.6 -1253.9 17792.4 20931.1 -1 1
2341.07 3215.39 3530.5 5319.3 1 2
event 123
-8377.02 91.0528 3182.39 9481.64
-2551.87 7347.63 -17296.3 19215.9
-2374.67 2300.61 -7368.47 8076.97 -1 2
-2104.85 1306.02 1403.29 2848.95 1 1
-6272.17 -1214.97 1779.1 6632.69 -1 1
-177.196 5047.01 -9927.83 11139 1 2
event 124
10173.2 -9791.79 35624.6 38445.7
2679.71 6613.4 4233.86 8856.34
7185.1 -5957.97 19779.3 21871.3 -1 1
2988.12 -3833.81 15845.3 16574.4 1 1
2658.14 3755.3 3790.31 5962.02 -1 2
21.5659 2858.1 443.546 2894.32 1 2
event 125
8113.93 -9360.19 31337.3 33838.8
2220.48 5312.93 3155.3 7259.8
2670.47 3318.69 1194.87 4425.38 1 2
4468.38 -3572.64 11303.5 12669.3 1 1
-449.995 1994.24 1960.43 2834.41 -1 2
3645.55 -5787.54 20033.8 21169.5 -1 1
event 126
4075.78 -6427.97 40891.5 41709
-9448.76 6439.53 6174.04 13358.7
-2372.71 2941.09 3093.14 4884.51 -1 2
2615.27 -1438.52 13224.1 13557.2 1 1
-7076.05 3498.44 3080.9 8474.24 1 2
1460.51 -4989.45 27667.3 28151.7 -1 1
event 127
5299.78 -8986.69 54672.8 55745.5
-10342 6544.52 5718.04 13859.1
-4636.45 1313.85 2874.95 5612.43 1 2
587.178 -3813.21 21258.9 21606.4 -1 1
-5705.57 5230.67 2843.1 8246.69 -1 2
4712.6 -5173.48 33413.9 34139.1 1 1
event 128
-12760.7 -2123.73 -645.152 13317.4
11008.1 55.7554 -10975.1 15850.1
9009.59 -1105.39 -9281.22 12982.6 -1 2
-2606.65 -1618.47 402.741 3096.36 -1 1
-10154 -505.263 -1047.89 10221 1 1
1998.53 1161.15 -1693.85 2867.52 1 2
event 129
-3861.82 4769.24 -34011.3 34698.9
6950.82 -2927.52 20640 22192
2195.97 -2398.1 6587.75 7347.3 1 2
-2420.61 652.77 -12804.1 13047.7 -1 1
4754.85 -529.419 14052.3 14844.7 -1 2
-1441.21 4116.47 -21207.1 21651.2 1 1
event 130
2804.34 -7252.41 -11424.3 14162.2
4164.1 4628.23 -11736.7 13641.9
1874.85 3579.58 -4879.92 6336.66 -1 2
2680.8 -2682.62 -4989.44 6268.08 1 1
123.534 -4569.79 -6434.87 7894.11 -1 1
2289.25 1048.65 -6856.76 7305.24 1 2
event 131
-18592.8 12572.5 43508.3 49095
8138.07 -2605.86 12531.3 15608.9
-10866.3 7379.59 29279.5 32091.1 -1 1
-7726.43 5192.9 14228.8 17004 1 1
5892.75 -2365.37 11471.7 13112.3 -1 2
2245.33 -240.491 1059.52 2496.62 1 2
event 132
4972.22 -3314.74 8141.88 10563.7
-14359.8 10606.3 34044.6 38565.8
-3017.23 1944.55 4522.24 5774.66 1 2
581.916 -2005.78 3214.22 3834.6 1 1
-11342.6 8661.71 29522.3 32791.1 -1 2
4390.3 -1308.96 4927.66 6729.12 -1 1
event 133
-6349.57 7918.55 29951.2 31775.6
601.177 -7421.4 19487.9 21090.4
1533.56 -3495.75 7103.12 8064.59 1 2
-1216.57 3555.12 13056.3 13586.7 1 1
-5133 4363.44 16894.9 18188.9 -1 1
-932.385 -3925.65 12384.7 13025.9 -1 2
event 134
-2145.18 6888.35 -5938.57 9844.23
4264.72 -6064.18 -13814.4 15981
4152.01 -3858.89 -8416.2 10147.6 1 2
-2096.39 2191.65 -3181.99 4397.09 1 1
112.706 -2205.28 -5398.25 5833.37 -1 2
-48.7842 4696.7 -2756.58 5447.13 -1 1
event 135
-6099.68 8665.81 1968.41 11214.6
-3589.58 5083.56 -5966.29 9160.48
-4835.35 4263.24 897.575 6509.42 -1 1
-1264.33 4402.57 1070.83 4705.21 1 1
-2197.85 637.316 -1990.99 3035.12 -1 2
-1391.73 4446.24 -3975.3 6125.37 1 2
event 136
10913.2 2600.32 -14701.3 18750.4
-2257.8 10135 -10308.5 14955.7
-1956.96 6664.06 -8655.24 11097.9 -1 2
3713.55 147.677 -2923.15 4729.51 1 1
7199.65 2452.64 -11778.1 14020.9 -1 1
-300.839 3470.94 -1653.3 3857.78 1 2
event 137
-4942.63 -8103.68 11072.2 14909.2
4843.29 1620.9 16147.1 17216.4
-3637.13 -3449.78 4409.38 6677.08 1 1
-1305.5 -4653.89 6662.85 8232.12 -1 1
3317.69 -497.179 8763.46 9384.22 -1 2
1525.59 2118.08 7383.66 7832.2 1 2
event 138
1723.03 -14304.7 13735.3 20145.6
-4109.3 -5852.95 -10878.2 13381.7
1969.16 -7532.71 5795.77 9706.77 1 1
-246.129 -6771.97 7939.58 10438.8 -1 1
-2481.32 -3996.91 -4376.63 6426.37 -1 2
-1627.98 -1856.04 -6501.56 6955.33 1 2
event 139
10113.5 10824.1 48505.6 50811.7
-3010.19 -2860 9050.38 10427.9
-3016.49 -815.056 5225.02 6088.97 1 2
2332.53 4396.76 13915.4 14779.1 -1 1
6.2969 -2044.95 3825.36 4338.93 -1 2
7780.98 6427.35 34590.2 36032.6 1 1
event 140
-14954.7 -24684.3 11235.1 31125.2
15911 4478.86 72346.4 74275.2
6989.99 2144.18 38871.2 39553 -1 2
-886.111 -2257.03 1790.78 3016.19 1 1
-14068.6 -22427.3 9444.31 28109 -1 1
8921.06 2334.69 33475.2 34722.3 1 2
event 141
6418.88 -3598.03 8226.2 11463.4
-9014.35 5781.7 31099.7 33037.3
-2825.03 3489.82 10999.3 11880.8 -1 2
1565.05 -2578.11 3308.16 4477.85 1 1
-6189.32 2291.88 20100.4 21156.5 1 2
4853.83 -1019.92 4918.04 6985.57 -1 1
event 142
-4417.97 6501.1 -4338.02 9496.95
14905.4 -8323.7 -11308.7 20710.7
-1083.13 4204.25 -2783.24 5158.15 1 1
-3334.84 2296.85 -1554.77 4338.8 -1 1
9045.95 -6553.94 -8102.23 13800 -1 2
5859.4 -1769.76 -3206.46 6910.66 1 2
event 143
1373.43 6496.27 -875.818 7378.74
2915.78 -12261.7 3140.88 13353.2
-502.929 -3876.01 1213.76 4093.99 -1 2
1722.64 2275.22 -1266.47 3123.98 -1 1
3418.71 -8385.7 1927.12 9259.19 1 2
-349.21 4221.05 390.655 4254.76 1 1
event 144
-3451.5 -5155.71 -297.57 6940.72
14875.5 11034.5 -14316.4 23613.4
-3212.31 -2067.3 -378.642 3840.21 -1 1
-239.189 -3088.4 81.0726 3100.51 1 1
10929 8277.1 -8802.06 16292.4 -1 2
3946.49 2757.42 -5514.34 7321.02 1 2
event 145
9624.06 -8949.4 4433.78 14211.4
-5352.68 -2141.82 -2143.24 6886.49
5908.49 -3394.14 2086.45 7127.06 1 1
3715.57 -5555.25 2347.33 7084.31 -1 1
-3742.89 137.222 -1365.5 3987.96 -1 2
-1609.79 -2279.04 -777.737 2898.53 1 2
event 146
-6207.45 13019.8 94.0651 14752.9
-5399.01 -4130.73 2921.1 8020.96
-5620.77 8667.78 -354.834 10337.3 -1 1
-586.675 4352.02 448.899 4415.54 1 1
-1036.35 -1746.95 2200.37 2996.44 -1 2
-4362.67 -2383.78 720.735 5024.53 1 2
event 147
5560.53 -12002.9 -53923.2 55608.4
-11569.2 4442.77 -36264.9 38448.9
-5722.18 676.735 -14668 15759.5 -1 2
1215.85 -5225.2 -25981.7 26530 -1 1
4344.68 -6777.67 -27941.5 29078.4 1 1
-5847.05 3766.03 -21596.9 22689.4 1 2
event 148
-7537.58 -14429 -1737.17 16661.8
6318 -2425.29 9394.5 11985.3
-4388.22 -6907.28 518.736 8200.45 1 1
-3149.36 -7521.67 -2255.91 8461.34 -1 1
3727.97 -2933.51 5311.07 7121.93 -1 2
2590.03 508.213 4083.43 4863.34 1 2
event 149
7658.51 6794.44 7993.82 13353.2
-10459.2 -21799.8 -25248.3 35095.5
2947.05 4502.02 3267.08 6295.89 1 1
4711.46 2292.42 4726.73 7057.35 -1 1
-7407.52 -12250.4 -15763.1 21293.9 -1 2
-3051.64 -9549.37 -9485.22 13801.6 1 2
event 150
-3110.28 -13760 -5467.77 15443.4
-3312.08 10483.8 10927.7 15807.8
-2133.09 4486.01 3026.76 5817.8 -1 2
-891.28 -3828.51 -90.8348 3933.35 -1 1
-2219 -9931.45 -5376.94 11510 1 1
-1178.99 5997.82 7900.91 9989.96 1 2
event 151
10138.3 -7633.41 -16130.9 20756.9
-1303.49 6243.23 -19701 20937.9
7653.98 -4087.04 -11629 14509.7 1 1
2484.28 -3546.36 -4501.93 6247.15 -1 1
731.939 3942.23 -10765.5 11488.5 -1 2
-2035.43 2301.01 -8935.47 9449.41 1 2
event 152
-3972.67 6322.4 6055.72 10100.4
4013.37 -8214.97 8275.33 12714.8
2580.73 -6723.79 7746.46 10577.7 1 2
-787.861 3302.29 4014.77 5258.84 1 1
1432.64 -1491.18 528.877 2137.04 -1 2
-3184.81 3020.1 2040.95 4841.56 -1 1
event 153
7303.94 -3385.92 30967.7 32208.7
-2912.98 6598.12 27660 28752.2
-2285.28 2158.75 8212.78 8794.52 1 2
2355.35 80.6138 4750.55 5304.06 -1 1
4948.59 -3466.54 26217.2 26904.6 1 1
-627.702 4439.38 19447.3 19957.7 -1 2
event 154
7799.98 4232.42 35551.5 36773
2834.46 -5505.35 28626.8 29452.2
518.25 -4249.7 17217.6 17742.2 -1 2
2762.91 3172.51 14269.8 14877.4 -1 1
5037.06 1059.91 21281.7 21895.6 1 1
2316.21 -1255.65 11409.2 11709.9 1 2
event 155
-11994.6 12910.6 -13819.4 22607.9
4155.51 -8528.71 40764 41967.8
-7733.38 8077 -10582.2 15396 -1 1
-4261.22 4833.57 -3237.18 7211.93 1 1
1169.44 -5826.28 23480.2 24220.8 -1 2
2986.08 -2702.43 17283.7 17747 1 2
event 156
-5085.9 -2672.6 -2040.5 6838.41
-10030.8 2504.11 -6592.8 12646.8
-4252.42 -658.258 -1707.27 4630.59 1 1
-833.476 -2014.34 -333.234 2207.82 -1 1
-5207.34 2681.06 -2725.12 6460.8 1 2
-4823.41 -176.953 -3867.68 6186.01 -1 2
event 157
5308.33 -1495.49 -2739.91 6892.98
4090.83 -13128.8 3611.62 14551.1
2319.6 -2106.16 -2102.96 3774.93 -1 1
2988.73 610.671 -636.946 3118.06 1 1
2308.59 -7327.66 423.488 7695.11 1 2
1782.24 -5801.16 3188.13 6856.03 -1 2
event 158
-1583.87 10589.2 13300.2 17353
8271.72 -11746.1 7938.21 16703.2
3426.74 -2876.78 3419.06 5632.01 1 2
896.742 3485.19 3822.83 5251.27 -1 1
4844.98 -8869.28 4519.15 11071.2 -1 2
-2480.61 7104.02 9477.37 12101.7 1 1
event 159
2941.24 6222.97 2701.93 8016.74
-13627.3 -9652.1 -26095.7 31135.9
1287.86 3391.05 -203.013 3634.58 -1 1
1653.38 2831.92 2904.94 4382.16 1 1
-8265.14 -7479.75 -18285.9 21416 -1 2
-5362.16 -2172.35 -7809.76 9719.84 1 2
event 160
7477.83 11155.8 1582.14 13873.2
-15291.3 -8308.8 -26760 32071
-4253.73 -2053.84 -4976.33 6862.04 1 2
2765.8 2075.34 1103.33 3631.14 1 1
-11037.6 -6254.96 -21783.7 25209 -1 2
4712.03 9080.5 478.806 10242 -1 1
event 161
-39.6456 -7237.51 34836.8 35715.2
7011.07 3325.87 19049 20800.8
3378.88 295.579 10434.3 10972.2 -1 2
776.492 -1999.72 5525.87 5928.6 1 1
-816.137 -5237.8 29310.9 29786.6 -1 1
3632.2 3030.29 8614.76 9828.57 1 2
event 162
16247.6 7681.19 7067.63 19558.3
-16022.9 -4628.17 -5076.93 17706.5
-6737.59 -762.846 -1006.07 6855.68 1 2
3786.58 3096.26 2653.34 5565.64 -1 1
12461 4584.93 4414.29 13992.7 1 1
-9285.34 -3865.33 -4070.86 10850.9 -1 2
event 163
13085.9 6735.06 4271.25 15634.4
-14639 -4216.89 -5569.21 16513.3
-4071.72 197.773 -1144.48 4235.45 -1 2
2666.4 1601.3 -352.369 3131.96 -1 1
10419.5 5133.76 4623.62 12502.4 1 1
-10567.3 -4414.66 -4424.73 12277.9 1 2
event 164
6823.57 399.885 -1313.87 7618.27
-6344.72 -5170.28 -40383.8 41321
-1900.66 -3241.9 -14000.2 14496.2 -1 2
2325.93 1314.08 428.978 2707.76 -1 1
-4444.06 -1928.38 -26383.6 26824.8 1 2
4497.63 -914.196 -1742.85 4910.52 1 1
event 165
-7983.29 737.477 -27476.3 28789.1
1008.2 7370.31 -15554.6 17517.9
1580.14 2672.29 -4268.47 5279.11 -1 2
-2085.66 1117.18 -4762.97 5319.31 -1 1
-5897.63 -379.707 -22713.3 23469.8 1 1
-571.943 4698.02 -11286.2 12238.8 1 2
event 166
-7166.65 5052.46 -2104.97 9534.69
5504.65 -9479.04 -11000.9 15835.5
1685.31 -3760.76 -6210.72 7454.38 1 2
-2253.14 1456.27 -2157.96 3444.61 -1 1
3819.34 -5718.28 -4790.19 8381.12 -1 2
-4913.51 3596.19 52.9916 6090.09 1 1
event 167
-7478.92 4743.32 -3866.1 10147.5
2781.41 -7789.82 -6504.63 10969
554.067 -5729.84 -3760.51 6876.82 -1 2
-1990.3 2700.46 -504.689 3394.06 -1 1
-5488.62 2042.86 -3361.42 6753.41 1 1
2227.34 -2059.98 -2744.12 4092.17 1 2
event 168
2645.93 11590.1 18381.5 22108.9
8608.59 5548.25 29757.2 31622.3
2561.64 6320.47 12268.2 14036.7 1 1
84.2876 5269.66 6113.31 8072.18 -1 1
7105.23 3061.46 22979.8 24247.4 -1 2
1503.35 2486.79 6777.46 7374.92 1 2
event 169
10549.9 219.281 -5994.32 12524.7
-9710.54 1242.39 -2806.56 10644.6
-3803.39 2018.05 -1287.61 4495.27 1 2
3548.73 -910.654 -848.909 3762.25 1 1
7001.22 1129.93 -5145.41 8762.44 -1 1
-5907.15 -775.668 -1518.94 6149.35 -1 2
event 170
1328.25 7061.54 3253.24 8473.71
-7391.83 -2917.6 14632.8 16936.9
-5108.55 -1466.71 12156.3 13267.8 1 2
1182.85 2816.01 -104.378 3057.96 1 1
-2283.28 -1450.89 2476.47 3669.13 -1 2
145.4 4245.53 3357.62 5415.76 -1 1
event 171
-7818.64 1097.16 15215.9 17419.8
6011.48 1046.18 7656.75 10268.8
-4001.48 1745.06 10096.4 11000.2 1 1
-3817.16 -647.906 5119.53 6419.6 -1 1
4021.52 2035.43 5947.48 7463.19 -1 2
1989.97 -989.243 1709.27 2805.59 1 2
event 172
-3373.85 -15627.3 6197.75 17424.1
7111.77 8016.93 909.955 11192.3
3645.72 5118.44 -850.01 6342.19 -1 2
-1449.89 -5607.96 703.51 5835.87 1 1
-1923.97 -10019.4 5494.24 11588.2 -1 1
3466.05 2898.49 1759.97 4850.09 1 2
event 173
7728.1 8334.02 1945.16 11939.6
-1170.77 -13630.9 4899.56 14858.2
707.068 -4750.53 693.539 4853.83 -1 2
2555.07 2212.62 -786.228 3471.8 1 1
-1877.84 -8880.33 4206.02 10004.4 1 2
5173.03 6121.39 2731.39 8467.78 -1 1
event 174
-6543.56 -1670.68 29750.1 30663.8
-1338.44 -11770 31305.4 33614.7
-3561.98 -2433.55 18804.5 19293.3 -1 1
-2981.58 762.873 10945.5 11370.5 1 1
-1338.03 -6042.59 12378.8 13840.1 1 2
-0.416619 -5727.37 18926.7 19774.6 -1 2
event 175
-1290.79 -14484.4 40306.9 42961.6
-8599.42 -4640.68 40498.8 41776
-4860.74 -1156.13 16567.5 17304.8 1 2
-1472.05 -4387.16 15539.9 16214.6 1 1
181.258 -10097.2 24767 26747 -1 1
-3738.68 -3484.56 23931.3 24471.2 -1 2
event 176
-344.269 15681.4 28540.6 32713.6
-2643.99 -3734.03 440.646 5542.44
-2719.78 -1679.34 -570.572 3248.71 1 2
-544.687 4556.84 11269.8 12168.8 -1 1
75.7892 -2054.69 1011.22 2293.74 -1 2
200.418 11124.6 17270.8 20544.8 1 1
event 177
-5107.49 3645.62 -14420.4 16028.6
18957.7 614.41 -1021.19 19246
-2251.2 2293.56 -3961.82 5102.5 -1 1
-2856.29 1352.06 -10458.6 10926.1 1 1
11362.2 1333.87 -1778.87 11578.1 -1 2
7595.57 -719.458 757.675 7667.83 1 2
event 178
-4254.03 3372.62 1911.59 6535.77
11548.7 -3451.64 -29699.4 32201.4
-2931.45 1618.72 2589.52 4234.44 1 1
-1322.58 1753.9 -677.936 2301.34 -1 1
5618.26 -3082.57 -17364.1 18509.2 -1 2
5930.44 -369.072 -12335.3 13692.2 1 2
event 179
10329.1 -6935.04 19771.9 23564.9
-3374.62 4852.98 9184.2 11352.6
6623.69 -3508.02 9343.4 11978.7 -1 1
3705.45 -3427.02 10428.5 11586.2 1 1
-1081.18 2901.52 6925.14 7586.6 -1 2
-2293.44 1951.45 2259.06 3765.97 1 2
event 180
9031.25 1138.27 33585.7 34934.9
985.573 8131.76 40454.7 41391.7
-1040.49 4043.58 18063.1 18539.7 1 2
3221.09 -1049.51 10902.8 11417.5 1 1
5810.16 2187.78 22682.9 23517.4 -1 1
2026.06 4088.18 22391.5 22851.9 -1 2
event 181
7910.91 -4355.32 -10247.4 14005.4
-12801.5 737.871 -67951 69219.6
-10151.9 -442.269 -56493.5 57400.2 1 2
2099.08 -2747.29 -3017.66 4590.33 -1 1
-2649.68 1180.14 -11457.5 11819.4 -1 2
5811.83 -1608.03 -7229.74 9415.06 1 1
event 182
-7014.89 -15360.7 5711.61 18093.4
13685 5940.8 26310.3 30469.5
8604.49 1935.76 13649.9 16251.6 -1 2
-4314.13 -6027.55 1873.87 7646.28 -1 1
-2700.76 -9333.18 3837.73 10447.1 1 1
5080.49 4005.04 12660.4 14217.9 1 2
event 183
17932.9 6465.71 35519.3 40430.3
-5825.6 -12336.7 2300.75 14178
11046.8 4982.24 19970.1 23359.6 1 1
6886.13 1483.47 15549.2 17070.7 -1 1
-1623.06 -2768.13 -737.201 3294.16 -1 2
-4202.54 -9568.53 3037.95 10883.9 1 2
event 184
1540.02 17278.8 -10158 20339.7
-3612.57 -15471.1 -16060 22801.7
-2426.57 -4230.11 -5092.83 7051.96 1 2
-234.942 3013.26 -3077.38 4314.67 -1 1
1774.96 14265.5 -7080.64 16025 1 1
-1186.01 -11241 -10967.2 15749.8 -1 2
event 185
-3411.84 -20552.1 -44116.9 48886.8
7351.63 5362.66 -44853.9 45872.3
6294.45 3034.98 -35053.6 35743.5 -1 2
-1251.96 -3663.64 -6020.06 7158.35 -1 1
-2159.88 -16888.5 -38096.8 41728.4 1 1
1057.18 2327.69 -9800.25 10128.8 1 2
event 186
-298.043 -13515.5 -17653.7 22450
4310.65 10465.4 -27598.8 29989.8
3059.24 7817.65 -23472.6 24928.9 1 2
-423.543 -6139.33 -10514.1 12183.1 -1 1
1251.41 2647.78 -4126.17 5060.95 -1 2
125.501 -7376.16 -7139.62 10266.9 1 1
event 187
2400.79 -3955.64 -25840.2 26433.3
-15275.9 6504.94 9684.21 19469
314.722 -3363.32 -16728.6 17066.6 1 1
2086.06 -592.321 -9111.62 9366.72 -1 1
-8371.98 2312.31 3831.27 9493.5 -1 2
-6903.93 4192.63 5852.94 9975.5 1 2
event 188
-12422.4 4240.51 5959.39 14744.6
2584.51 -7439.65 -38123 39051
-8531.32 3752.42 5427.4 10785.7 1 1
-3891.05 488.095 531.992 3958.87 -1 1
-141.814 -3709.49 -20406.3 20741.4 -1 2
2726.33 -3730.16 -17716.7 18309.6 1 2
event 189
1989.32 -5679.44 3590.89 7661.53
1303.31 9543.74 6212.26 11872.8
2492.95 -2687.82 2488.33 4431.94 -1 1
-503.63 -2991.62 1102.56 3229.59 1 1
1412.36 5328.83 1877.28 5824.65 -1 2
-109.048 4214.91 4334.98 6048.19 1 2
event 190
-9413.98 -762.344 4116.88 10758.4
1911.47 8056.06 -21325.4 23085
-133.026 5283.53 -11101.7 12296 1 2
-4489.91 1104.66 1402.67 4833.03 1 1
2044.49 2772.52 -10223.7 10789 -1 2
-4924.07 -1867 2714.21 5925.39 -1 1
event 191
-1742.75 6648.84 18965.8 20409.2
-3003.75 -12028.6 56753.6 58174.5
-889.526 4064.5 15214.2 15773.2 1 1
-853.224 2584.35 3751.57 4635.98 -1 1
-1273.55 -7087.32 39217.5 39873.2 -1 2
-1730.2 -4941.29 17536.2 18301.3 1 2
event 192
-8625.85 -3193.48 -2000.35 9909.4
-6258.87 3725.49 9087.73 12051
-5632.98 -1126.46 -2443.87 6243.64 1 1
-2992.87 -2067.02 443.52 3665.75 -1 1
-1750.27 2504.36 2370.2 3868.37 -1 2
-4508.6 1221.13 6717.53 8182.61 1 2
event 193
-5301.35 4938.42 9394.64 12423.3
-10155.7 -5227.79 -1067.37 11882.7
-2329.38 -2778.77 -500.712 3661.89 -1 2
-1368.4 2631.16 6141.71 6821.09 -1 1
-7826.33 -2449.01 -566.654 8220.78 1 2
-3932.95 2307.26 3252.93 5602.16 1 1
event 194
-4025.07 4837.39 -6328 9446.48
-6371.16 -9603.51 5086.57 12972.4
-459.078 -3093.21 1569.66 3500.53 -1 2
-754.404 1918.54 -3953.25 4459.74 1 1
-5912.08 -6510.3 3516.92 9471.88 1 2
-3270.67 2918.85 -2374.75 4986.74 -1 1
event 195
13102.4 -5891.11 62974.6 64666.6
9431.31 -235.734 45047.6 46129
8390.93 -2107.29 37139 38133.5 -1 1
4711.46 -3783.82 25835.6 26533.1 1 1
6030.65 271.439 34788.2 35308.2 -1 2
3400.66 -507.173 10259.4 10820.7 1 2
event 196
6072.96 -12771.5 11842.5 18703.7
-864.197 15831.7 7501.15 17811.4
-1385.55 6625.68 1937.28 7041.56 1 2
1445.28 -6032.56 6192.32 8765.65 1 1
521.356 9205.99 5563.88 10769.9 -1 2
4627.68 -6738.94 5650.21 9938.05 -1 1
event 197
6239.61 -5486.2 -10394.7 13662.8
-6201.83 7860.23 -48.7617 10480.4
4340.62 -2927.93 -8411.37 9908.39 1 1
1899 -2558.26 -1983.38 3754.44 -1 1
-5906.27 5446.12 -242.258 8038.29 -1 2
-295.557 2414.11 193.497 2442.1 1 2
event 198
-7496.6 2084.14 5427.39 9979.5
3276.15 -5771.34 15690 17314.9
2427.48 -3908.77 13722.7 14473.9 -1 2
-2209.96 2150.63 1926.44 3637.51 1 1
-5286.64 -66.4849 3500.95 6341.99 -1 1
848.671 -1862.58 1967.37 2840.97 1 2
event 199
-1383.81 5607.28 -13338.4 14995.3
-9670.09 10236.5 -35938.4 38722.8
-1846.21 2532.68 -9771.09 10262 -1 1
462.399 3074.6 -3567.32 4733.27 1 1
-6444.74 7227.27 -20605.7 22767.8 -1 2
-3225.35 3009.27 -15332.8 15955 1 2
event 200
-12970.7 14316.7 -44508.3 48618.8
-865.646 6698.27 -13128.9 15085.6
-6174.62 8665.74 -22041.1 24475.3 1 1
-6796.11 5650.98 -22467.2 24143.5 -1 1
891.613 4132.36 -6384.68 7658.11 -1 2
-1757.26 2565.92 -6744.25 7427.52 1 2
event 201
12706.4 4725.99 -43640.1 45802.1
-9906.52 -8722.17 -28081.5 31183
-7963.86 -6784.62 -24717.6 26840.7 1 2
3898.11 2984.27 -14391 15205.7 -1 1
-1942.66 -1937.55 -3363.99 4342.3 -1 2
8808.33 1741.72 -29249.1 30596.4 1 1
event 202
12561.7 5394.26 -43771.6 45961.2
-7078.61 -4905.56 -18868.5 20971
-2979.71 -2495.46 -5159.99 6460.85 1 2
3053.82 401.6 -13303.4 13655.7 1 1
9507.87 4992.65 -30468.2 32305.5 -1 1
-4098.9 -2410.1 -13708.5 14510.1 -1 2
event 203
-73.2082 -11278.3 4358.4 12481.6
-16457.1 4035.19 25339.7 30640
1169.85 -6685.82 1574.97 6968.53 -1 1
-1243.06 -4592.43 2783.43 5513.1 1 1
-12002.6 2641.84 15782.5 20003.5 -1 2
-4454.53 1393.34 9557.21 10636.5 1 2
event 204
10190.2 1272.51 38825.1 40279.5
-2238.11 6050.14 24441.8 25467.7
7184.09 142.07 21803.3 22957.1 -1 1
3006.15 1130.44 17021.8 17322.4 1 1
-1798.14 1024.11 5986.72 6335.15 -1 2
-439.971 5026.04 18455.1 19132.6 1 2
event 205
3366.64 5126.11 14243 15813.5
-10912 -7491 48538.1 50405.6
1537.81 3124.33 4450.41 5651.87 -1 1
1828.83 2001.78 9792.64 10161.6 1 1
-7310.39 -5217.31 37816.1 38868.2 -1 2
-3601.57 -2273.68 10722 11537.5 1 2
event 206
-326.297 -8112.49 -9371.44 12780.2
-3958 6396.3 -5558.38 9852.17
-1453.49 4493.99 -4520.22 6538.51 -1 2
-1479.25 -3526.92 -3093.77 4920.36 1 1
1152.95 -4585.57 -6277.66 7859.83 -1 1
-2504.51 1902.32 -1038.16 3313.66 1 2
event 207
7724.51 1158.89 -34053.3 35074.6
-6550.7 -1754.2 -18702.2 20133.3
-4914.42 69.2338 -10959 12011.1 1 2
3639.94 1860.33 -20399.9 20805.7 1 1
-1636.28 -1823.43 -7743.17 8122.2 -1 2
4084.57 -701.436 -13653.3 14268.8 -1 1
event 208
-6014.6 5811.31 -1618.85 9064.1
-1751.16 -6381.04 -1916.08 7552.94
-3056.7 4410.4 95.3186 5367.99 -1 1
-2957.9 1400.91 -1714.17 3696.11 1 1
-1849.05 -1461.71 -915.646 2530.84 -1 2
97.8978 -4919.33 -1000.43 5022.09 1 2
event 209
-1596.53 5282.04 -9847.75 11705.5
-3370.6 -10420 3424.34 11885.1
222.634 4015.85 -7227.44 8271.86 1 1
-1819.16 1266.2 -2620.31 3433.62 -1 1
-1413.34 -6188.91 473.445 6366.74 -1 2
-1957.26 -4231.14 2950.9 5518.37 1 2
event 210
-16538.9 1342.3 -18237.3 24850.1
14829.1 4704.14 -76309.9 77941.1
6023.66 3114.57 -28014.4 28823.6 1 2
-4720.72 1766.32 -5887.38 7750.96 1 1
-11818.2 -424.013 -12349.9 17099.1 -1 1
8805.47 1589.57 -48295.5 49117.5 -1 2
event 211
-13934 -852.181 -15697.3 21233.9
11520.7 3874.97 -56370.6 57749.3
5581.2 1681.57 -20035 20866 -1 2
-3392.56 1114.39 -3732.11 5166.35 -1 1
-10541.4 -1966.57 -11965.2 16067.5 1 1
5939.51 2193.4 -36335.6 36883.2 1 2
event 212
6433.57 -7081.4 -5749.51 11583.8
-8062.93 2764.58 273.1 9073.04
-4557.2 40.0668 697.295 4611.63 1 2
1925.6 -4379.9 -3046 5672.81 -1 1
-3505.73 2724.52 -424.195 4461.42 -1 2
4507.97 -2701.51 -2703.51 5911.01 1 1
event 213
-10282.2 -1297.32 1159.51 10878.5
5495.39 -2508.78 12965.3 14635
-6158.74 -2294.1 709.282 6611.14 -1 1
-4123.47 996.782 450.227 4267.37 1 1
1113.32 -2106.89 4409.73 5013.52 -1 2
4382.07 -401.89 8555.54 9621.46 1 2
event 214
-3374.96 -5795.85 18802.2 20201.4
-917.678 12424.5 -2909.02 13162.8
-2977.72 -3124.37 14422 15054.4 1 1
-397.244 -2671.48 4380.21 5147.04 -1 1
-1778.9 6727.8 -2464.56 7383.29 -1 2
861.222 5696.68 -444.462 5779.5 1 2
event 215
7780.08 -1753.04 -12985 15550
9618.15 -10811.1 -399.802 14803.4
6191.61 -396.895 -11184.1 12790.2 -1 1
1588.46 -1356.14 -1800.89 2759.84 1 1
6009.33 -4693.87 505.568 7642.72 -1 2
3608.82 -6117.23 -905.371 7160.65 1 2
event 216
-8217.29 -3299.73 -6802.55 11587.8
-8068.92 -3358.61 -2764.38 9675.72
-5538.41 -1794.39 -6101.86 8434.32 1 1
-2678.88 -1505.33 -700.684 3153.5 -1 1
-5432.87 -3654.95 -1423.98 6701.77 -1 2
-2636.04 296.338 -1340.41 2973.95 1 2
event 217
-2875.13 -7344.65 3198.69 9057.21
-1556.13 7382.74 7368.09 10991.2
-2075.92 3038.59 4219.99 5600.18 1 2
-772.406 -2640.3 2737.91 3882.66 1 1
-2102.72 -4704.36 460.789 5174.54 -1 1
519.794 4344.15 3148.1 5391.06 -1 2
event 218
-11970.6 -4710.06 -53537.3 55148.1
6541.58 2934.66 -10157.2 12812.6
-6533.9 -1729.11 -33418.3 34095.1 -1 1
-5436.7 -2980.96 -20119 21053 1 1
5091.13 1218.03 -8627.63 10092.1 -1 2
1450.45 1716.64 -1529.55 2720.54 1 2
event 219
-9731.94 6052.59 -8765.5 14756.9
5821.4 -182.772 -13613.1 15127.1
3123.83 1045.72 -4754.6 5785.26 1 2
-3929.16 3415.4 -2350.31 5713.01 -1 1
2697.57 -1228.49 -8858.53 9341.89 -1 2
-5802.78 2637.18 -6415.19 9043.93 1 1
event 220
-2071.89 10844.9 -2176.14 11671.8
25707.4 -15296.8 8522.13 31258.3
-2314.76 6519.76 -2423.67 7331.49 1 1
242.872 4325.11 247.532 4340.28 -1 1
13202.2 -7336.63 5837.76 16193.1 1 2
12505.1 -7960.22 2684.37 15065.2 -1 2
event 221
20097.6 -11549.6 5589.84 24044.6
-2022.98 8367.82 -2323.69 9439.46
16932.2 -8411.31 4123.9 19351.2 1 1
3165.37 -3138.27 1465.94 4693.45 -1 1
750.067 2961.24 -1035.73 3227.29 -1 2
-2773.05 5406.58 -1287.96 6212.16 1 2
event 222
-1671.24 8294.2 -1647.94 9159.34
8960.76 -5342.29 3358.92 11388.9
2286.86 -2375.05 -114.077 3300.72 1 2
-1569.74 1599.06 -914.647 2422.57 1 1
6673.9 -2967.24 3473 8088.16 -1 2
-101.502 6695.14 -733.293 6736.77 -1 1
event 223
8234.64 6261.94 -56320.3 57346.2
-414.625 -11858.1 11585.1 16869.9
-1114.53 -4646.84 3032.95 5660.85 1 2
2185.3 3376.05 -18005.9 18449.9 -1 1
699.904 -7211.29 8552.13 11209.1 -1 2
6049.34 2885.89 -38314.4 38896.3 1 1
event 224
-18503.8 -34468 55336.8 67839.4
34548 -9210.55 67609.8 76544.6
14335.4 -4944.14 30930.8 34448.1 -1 2
-7735.91 -11413.9 20155.5 24420.9 1 1
-10767.9 -23054 35181.2 43418.5 -1 1
20212.7 -4266.41 36679 42096.5 1 2
event 225
-6091.8 -5388.24 6113.34 10635.2
8737.63 2950.17 -12545.4 15875.4
3955.68 508.669 -3274.23 5161.19 1 2
-1624.01 -3477.69 2568.74 4619.67 1 1
4781.95 2441.5 -9271.19 10714.2 -1 2
-4467.79 -1910.55 3544.6 6015.54 -1 1
event 226
-5770.43 -5911.43 4305.29 10017.9
12116.5 2203.94 -16276.3 20644
4847.6 2209.07 -5621.14 7745.17 1 2
-2224.63 -207.529 1715.44 2818.86 1 1
7268.93 -5.13721 -10655.1 12898.9 -1 2
-3545.8 -5703.9 2589.85 7199.01 -1 1
event 227
-6663.08 -3326.41 -2806.33 8539.78
16839 8991.08 6404.36 20371.5
-4335.98 -3654.24 -2372.37 6147.64 -1 1
-2327.1 327.826 -433.966 2392.14 1 1
10554.7 4656.33 2534.58 11811.8 1 2
6284.33 4334.75 3869.78 8559.74 -1 2
event 228
-371.072 -7971.8 12290.7 15110.6
643.008 7561.72 14159.4 16360.7
480.541 -4825.12 10033 11143.8 -1 1
-851.614 -3146.68 2257.67 3966.75 1 1
-977.887 5269.12 9902.82 11260.4 -1 2
1620.9 2292.6 4256.59 5100.3 1 2
event 229
18414.3 -15867.1 -18998 31005.9
-4526.53 7780.02 -978.894 9569.08
9899.96 -7550.34 -11423.9 16897.7 -1 1
8514.32 -8316.8 -7574.15 14108.2 1 1
-3422.16 5516.87 715.193 6532.21 -1 2
-1104.37 2263.15 -1694.09 3036.87 1 2
event 230
18166.5 -12821.9 -18646.7 29184.1
-3282.51 7440.86 -862.091 8745.03
13234.8 -8184.29 -14332.1 21155.7 1 1
4931.67 -4637.6 -4314.61 8028.43 -1 1
-1245.25 5617.82 -1475.38 5941.25 -1 2
-2037.26 1823.04 613.29 2803.78 1 2
