event 0
5958.13 31945.1 26963.3 42339.1
-6234.84 -21478.9 -15934.3 27635.3
-3090.05 -5675.13 -4737.21 8012.98 -1 2
-170.84 4764.1 4339.32 6447.22 1 1
6128.97 27181 22623.9 35891.9 -1 1
-3144.79 -15803.8 -11197 19622.3 1 2
event 1
-8937.47 -34262.8 -24405.7 43116.7
3954.84 27459.5 22594.5 35913.3
4158.73 25437 21686 33684.3 1 2
-4733.33 -13193.2 -8614.45 16452.5 1 1
-203.885 2022.47 908.427 2228.98 -1 2
-4204.14 -21069.6 -15791.3 26664.2 -1 1
event 2
-8498.3 -27629 -20854.6 35778.3
1783.48 13666.1 11886 18461.1
1889.02 4591 3263.78 5942.15 -1 2
-48.253 -2475.88 -2453.29 3487.42 1 1
-8450.05 -25153.1 -18401.3 32290.9 -1 1
-105.542 9075.11 8622.27 12518.9 1 2
event 3
4815.13 6030.38 -23144.2 24592.6
926.592 7207.43 -16882.7 18639.3
3459.92 2207.74 -13981.5 14571.8 1 1
1355.21 3822.63 -9162.74 10020.8 -1 1
1935.59 3450 -9557.05 10344 -1 2
-1009 3757.43 -7325.69 8295.38 1 2
event 4
2725.25 -12981.6 -8113.49 15854.6
2782.22 14544.5 3354.08 15495.9
976.966 11676.5 2263.94 11934.5 1 2
2754.16 -5976.03 -3371.74 7394.47 -1 1
1805.26 2867.99 1090.14 3561.45 -1 2
-28.9132 -7005.56 -4741.74 8460.14 1 1
event 5
2404.21 -9506.52 -5733.35 11773.6
2747.25 15424.5 4019.27 16468.4
2403.93 6958.53 809.279 7407.16 1 2
1570.28 -1339.09 -990.248 2291.44 -1 1
343.323 8465.95 3209.99 9061.2 -1 2
833.935 -8167.43 -4743.1 9482.12 1 1
event 6
3820.64 -12469.8 -29428.1 32337.2
4384.06 12232.3 29003.7 31932
2999 5326.15 10758.1 12373.8 -1 2
1454.53 -1461.4 -5961.48 6308.86 1 1
2366.1 -11008.4 -23466.6 26028.3 -1 1
1385.06 6906.14 18245.6 19558.2 1 2
event 7
16070.4 -1561.62 5300.9 17273.9
-7151.86 11990.8 28584.3 31962.2
-3233.46 2706.73 8832.71 9788.24 -1 2
4012.11 -1058.09 2626.57 4911.88 -1 1
12058.3 -503.528 2674.33 12362 1 1
-3918.4 9284.12 19751.6 22174 1 2
event 8
8624.14 -478.944 1813.33 9353.38
-4105.76 8282.7 19608.1 21898.1
-3265.43 3194.19 9944.03 10943.5 -1 2
3590.5 -976.752 2121.72 4284.69 -1 1
-840.326 5088.51 9664.02 10954.6 1 2
5033.65 497.808 -308.389 5068.7 1 1
event 9
-383.974 10405 13562.7 17376.7
3009.37 7951.22 7265.97 11604.4
2979.13 5501.02 6530.1 9043.77 -1 2
1298.13 3061.56 4025.35 5222.34 -1 1
-1682.11 7343.49 9537.4 12154.4 1 1
30.2394 2450.2 735.871 2560.68 1 2
event 10
8222.35 -2470.82 -22222.7 24023.9
-11314.6 10976.1 834.961 16086.7
3890.57 -2146.54 -7994.05 9146.6 1 1
4331.78 -324.284 -14228.7 14877.3 -1 1
-4990.22 6416.77 -627.031 8153.62 -1 2
-6324.37 4559.33 1461.99 7933.08 1 2
event 11
-4754.61 7500.39 -30188.7 31619.8
2034.86 13340.7 -52158.3 53964.8
-750.795 3923.33 -16701.2 17172.6 1 2
-1090.95 2206.08 -4434.08 5072.4 1 1
2785.66 9417.41 -35457.1 36792.2 -1 2
-3663.66 5294.31 -25754.7 26547.4 -1 1
event 12
3332.38 15778.8 -58161.1 60434.9
-10430.6 10917.5 -53757.8 55923.9
-3605.96 3510.2 -23520.7 24053.2 1 2
714.484 3994.78 -10205.7 10983.5 1 1
2617.9 11784 -47955.4 49451.5 -1 1
-6824.69 7407.35 -30237.1 31870.7 -1 2
event 13
2328.59 -7495.85 -14404.3 16693.9
7396.04 18221.9 27823.1 34211.9
372.652 -5444.25 -7944.53 9638.75 1 1
1955.93 -2051.59 -6459.81 7055.14 -1 1
3383.27 12119.2 16848.6 21028.7 1 2
4012.77 6102.72 10974.5 13183.1 -1 2
event 14
3531.62 -7550.07 -14695.3 17176.1
6692.26 17529.4 25874 32111.1
487.704 4039.09 6985.69 8084.75 1 2
2486.84 -3158.17 -9354.45 10182.1 -1 1
6204.56 13490.3 18888.3 24026.3 -1 2
1044.78 -4391.89 -5340.89 6994.04 1 1
event 15
5642.87 4036.51 -7263.02 10510.8
13826.2 6707.89 -720.511 15692.9
2502.13 3010.99 -5536.12 6781.33 1 1
3140.74 1025.52 -1726.9 3729.52 -1 1
9368.51 4188.97 -1900.86 10437.5 1 2
4457.65 2518.92 1180.35 5255.48 -1 2
event 16
14471.1 5899.11 734.059 15948.1
4080.43 4882.93 -7224.58 10113.3
9544.81 2372.33 973.897 9883.87 -1 1
4926.31 3526.78 -239.838 6064.27 1 1
2453.3 2813.27 -6295.06 7319.3 -1 2
1627.13 2069.66 -929.517 2793.96 1 2
event 17
1898.65 6539.5 -25549 26621.6
-3665.3 -11114.5 -14447.9 18849.4
-2038.76 -3686.85 -7208.72 8350.22 -1 2
2002.97 1901.31 -7765.18 8242.34 1 1
-1626.54 -7427.66 -7239.18 10499.2 1 2
-104.321 4638.19 -17783.8 18379.3 -1 1
event 18
5128.1 -3597.39 -14662.5 16242.5
-10016.3 -5401.02 13279 17760
2517.98 -3549.43 -8529.01 9575.69 1 1
2610.12 -47.9539 -6133.52 6666.8 -1 1
-6530.32 -2166.09 9233.92 11515.8 1 2
-3485.96 -3234.93 4045.06 6244.23 -1 2
event 19
9827.28 -9029.01 2981.93 14020.7
2102.8 5749.9 6902.09 9732.05
112.168 3557.57 5237.56 6333.41 1 2
5122.41 -2998.2 2201.43 6331.33 -1 1
1990.63 2192.33 1664.54 3398.64 -1 2
4704.88 -6030.81 780.506 7689.4 1 1
event 20
3107.52 -6583.18 29773.8 30806.9
3305.59 8416.06 32525.9 33960
1552.34 3754.63 8481.41 9404.92 1 2
1953.59 -2464.5 7627.31 8250.9 1 1
1753.25 4661.43 24044.5 24555.1 -1 2
1153.93 -4118.68 22146.5 22556 -1 1
event 21
3436.13 -7092.41 33995 35033.7
4394.37 10742.6 46190 47726.6
2315.03 3546.15 21957.8 22362.7 1 2
2299.95 -2389.28 18674.6 18967.1 -1 1
2079.34 7196.47 24232.2 25363.8 -1 2
1136.18 -4703.13 15320.3 16066.5 1 1
event 22
8867.69 280.959 33209.9 34513.8
-6796.48 -921.234 -9185.5 11874.6
5564.91 -1102.27 23147.4 23832.7 1 1
3302.78 1383.23 10062.5 10681.1 -1 1
-2315.92 -1271.61 -5339.68 5958.51 -1 2
-4480.56 350.38 -3845.82 5916.05 1 2
event 23
3694.22 -4684.55 5803.63 8880.61
-8525.31 -9894.99 3970.6 13998.2
1233.34 -2996.79 4673.22 5687.88 1 1
2460.89 -1687.76 1130.41 3192.73 -1 1
-5889.94 -5791.9 1088.59 8332.69 1 2
-2635.36 -4103.09 2882.01 5665.48 -1 2
event 24
-666.27 -4153.45 -2740.47 5898.75
8012.77 3080.22 3767.81 9873.22
998.784 -2982.23 -1310.71 3408.87 1 1
-1665.05 -1171.21 -1429.76 2489.88 -1 1
4812.96 650.35 3192.59 5813.04 1 2
3199.81 2429.87 575.211 4060.18 -1 2
event 25
12639.2 3817.87 -13779.3 19333.5
-9008.82 3830.59 -36981.8 38380.7
-3600.45 2976.67 -19957.5 20497.3 1 2
2066.49 -303.777 -3174.76 3801.7 -1 1
10572.7 4121.65 -10604.5 15531.8 1 1
-5408.37 853.924 -17024.3 17883.4 -1 2
event 26
20967.1 6443.77 -19985.4 29835.4
-8503.44 4476.64 -38851.9 40142.4
-4744.83 3413.36 -28119.6 28720.9 1 2
6278.23 3174.5 -7477.14 10267.1 1 1
-3758.61 1063.27 -10732.3 11421.5 -1 2
14688.9 3269.28 -12508.2 19568.3 -1 1
event 27
-2083.88 5659.63 -5362.72 8644.29
15450.1 20.886 -5336.85 16636.7
-322.582 4189.07 -4583.77 6218.88 1 1
-1761.3 1470.55 -778.952 2425.41 -1 1
10319.1 1471.47 -3576.68 11020.6 1 2
5130.99 -1450.59 -1760.16 5616.1 -1 2
event 28
-1012.78 -11407.6 21194.7 24289.3
-352.886 5169.47 3966.74 7222.9
685.216 3060.28 730.81 3221.81 1 2
811.341 -4138.37 9558.55 10448 -1 1
-1038.1 2109.19 3235.93 4001.09 -1 2
-1824.12 -7269.25 11636.1 13841.3 1 1
event 29
7916.9 -13308.8 -9708.41 18537.7
-4019.83 14762.6 -17609.2 23532.3
188.049 4663.47 -5162.67 6960.43 -1 2
2739.14 -3314.59 -1319 4498.92 -1 1
5177.75 -9994.2 -8389.41 14038.8 1 1
-4207.88 10099.1 -12446.6 16571.8 1 2
event 30
5606.46 -10140.9 -5832.93 13337.4
-6738.88 27669.4 -33898.3 44381.2
-2557.71 6381.51 -9581.37 11793.2 1 2
2262.61 -1787.61 -2220.38 3640.91 -1 1
-4181.17 21287.8 -24317 32588 -1 2
3343.85 -8353.32 -3612.56 9696.44 1 1
event 31
8189.55 -2097.77 -23511.7 25176.6
-473.008 -6645.96 -12301.5 14328.7
4810.73 -17.5397 -10061.9 11153.4 1 1
3378.83 -2080.23 -13449.8 14023.2 -1 1
1074.12 -4817.93 -8670.72 9977.91 -1 2
-1547.13 -1828.04 -3630.77 4350.75 1 2
event 32
8482.78 -138.844 2442.06 9355.83
506.484 -20063 69755.5 72651.2
4967.92 1438.21 1547.19 5399.41 -1 1
3514.86 -1577.05 894.861 3956.42 1 1
-1000.88 -14693.5 50902.8 52990.6 -1 2
1507.37 -5369.51 18852.7 19660.6 1 2
event 33
10524.3 3049 50726.2 51988.4
-8684.15 5899.72 17484.7 20628.3
-6778.36 3211.08 10496.9 12901.6 1 2
4522.96 2242.17 28890.2 29328.1 1 1
-1905.79 2688.64 6987.84 7726.7 -1 2
6001.32 806.822 21836 22660.3 -1 1
event 34
9998.62 12687.2 -33922.2 37699.4
8565.13 4280.97 -43303.6 44457.7
5914.91 1741.01 -22374 23208.3 1 2
2655.17 5797.05 -13271.8 14724.4 -1 1
2650.23 2539.96 -20929.6 21249.3 -1 2
7343.46 6890.16 -20650.4 22975 1 1
event 35
-1999.87 5614.75 19444.3 20668.6
7456.91 -5323.26 16006.5 18701.4
-54.5757 4059.18 8190.17 9141.66 -1 1
-1945.3 1555.56 11254.1 11527 1 1
4035.28 -2541.56 11222.5 12194.2 -1 2
3421.62 -2781.69 4783.93 6507.11 1 2
event 36
-7339.39 -4928.78 -22568.2 24435.1
4720.76 -1769.19 1256.05 6048.51
-4209.97 -1758.03 -14706.4 15398.2 -1 1
-3129.42 -3170.76 -7861.77 9036.9 1 1
3836.55 80.6542 553.188 3878.51 -1 2
884.207 -1849.84 702.865 2170.01 1 2
event 37
-7200.93 3064.06 5802.99 10222.9
-9006.5 6693.41 -4036.13 12320.7
-7257.44 5235.54 -1802.17 9129.09 1 2
-3141.74 1790.36 894.737 3726.61 1 1
-1749.06 1457.87 -2233.97 3191.61 -1 2
-4059.19 1273.7 4908.26 6496.27 -1 1
event 38
1095.87 7707.4 11450.5 14188.4
6836.13 4776.62 3933.54 9726.86
-922.349 4355.92 5731.84 7258.78 1 1
2018.22 3351.48 5718.64 6929.62 -1 1
4758.82 1720.52 3106.55 5938.72 -1 2
2077.31 3056.1 826.989 3788.14 1 2
event 39
-2079.64 -5252.13 -3997.57 7581.63
-10060.4 -9118.92 -2487.81 14147.3
-287.845 -3428.72 -3619.75 4995.27 -1 1
-1791.79 -1823.4 -377.82 2586.36 1 1
-4490.55 -5895.51 -2080.77 7698.23 -1 2
-5569.9 -3223.41 -407.036 6449.11 1 2
event 40
-11277.9 6649.6 9461.93 16447.7
10788 -2717.7 -155.425 11549.1
3083.35 -2246.03 -300.677 3827.95 1 2
-2842.88 2125.79 1046.54 3702.35 1 1
-8435 4523.81 8415.39 12745.4 -1 1
7704.63 -471.675 145.252 7721.15 -1 2
event 41
8227.05 -1836.75 -1905.48 9180.42
-7083.3 3485.16 7448.23 11286.6
-2851.63 2999.29 2901.49 5055.42 1 2
3435.4 508.261 -1629.49 3837.54 1 1
4791.65 -2345.01 -275.987 5342.88 -1 1
-4231.67 485.873 4546.74 6231.14 -1 2
event 42
13212 -2619.67 -13688.1 19451.9
-17378.3 6838.56 8761.83 20859.8
6701.28 -1678.77 -4884.08 8461.13 1 1
6510.72 -940.899 -8804.05 10990.8 -1 1
-9546.36 2278.29 3782.74 10518.7 -1 2
-7831.93 4560.28 4979.09 10341.1 1 2
event 43
20402.1 -5347.61 -19771.7 29074.9
-21997.2 10015.5 11685.2 27024.4
-8368.49 3476.52 6026.96 10883.6 1 2
5480.8 -2774.28 -6436.53 8898.09 -1 1
14921.3 -2573.33 -13335.1 20176.8 1 1
-13628.7 6538.95 5658.19 16140.8 -1 2
event 44
15571.3 271.117 32322.6 36012.2
8083.96 -1184.19 15447.5 17747.4
4372.02 -1031.22 11393.8 12247.8 1 2
5964.47 1488.45 11236.7 12808.8 1 1
3711.94 -152.97 4053.7 5499.59 -1 2
9606.85 -1217.34 21085.9 23203.4 -1 1
event 45
-6969.92 -7310.22 -13307.5 16991.1
13836.4 13220.4 -45736.7 49675.6
-5552.25 -4136.38 -10194 12323.4 -1 1
-1417.67 -3173.85 -3113.5 4667.78 1 1
12417.7 10438.6 -37129.9 40519.1 -1 2
1418.74 2781.76 -8606.83 9156.41 1 2
event 46
-9217.13 -7886.93 -14419.1 19096
7816.06 7685.78 -24670.2 27173
4742.23 3974.55 -17232.7 18310.1 -1 2
-4330.32 -2364.81 -4119.75 6428.65 1 1
-4886.81 -5522.12 -10299.3 12667.4 -1 1
3073.83 3711.23 -7437.51 8862.81 1 2
event 47
5350.85 7839.81 -52439.4 53381.5
-17054.5 -17129.8 -48262.1 54065.7
3038.47 6560.65 -41620.4 42243.9 -1 1
2312.38 1279.17 -10819 11137.6 1 1
-11339.8 -9592.93 -27657.6 31393.8 1 2
-5714.72 -7536.83 -20604.4 22671.9 -1 2
event 48
7441.25 -4648.23 -22053.9 23936.2
2121.4 22713.5 -18236.9 29369.6
5065.06 -2668.81 -10330.7 11811.5 1 1
2376.19 -1979.42 -11723.2 12124.8 -1 1
489.398 17221.4 -14596.7 22580.8 1 2
1632 5492.06 -3640.21 6788.84 -1 2
event 49
8500 -6806.28 -29396.9 31501.5
466.723 25100 -19400.7 31878
6560.23 -3846.95 -17317.9 18914.4 1 1
1939.77 -2959.33 -12079 12587.1 -1 1
-991.765 13698.1 -9419.41 16654 1 2
1458.49 11402 -9981.26 15224 -1 2
event 50
-28888.3 -10188.3 -142286 145579
11167.5 32335.4 -124845 129484
4783.35 14515.4 -61555.7 63424.6 1 2
-13796.2 -3973.85 -72729.2 74132.8 1 1
6384.16 17820.1 -63289.6 66059.8 -1 2
-15092.1 -6214.49 -69556.4 71445.7 -1 1
event 51
-7177.89 8845.61 -5623.1 13075.8
12328.2 -8010.86 -19220.7 24396.4
-4663.33 5224.48 -5037.53 8627.27 -1 1
-2514.56 3621.13 -585.571 4448.56 1 1
10541 -6812.99 -17925.4 21882.9 -1 2
1787.2 -1197.87 -1295.32 2513.56 1 2
event 52
2651.08 8251.89 -21761.1 23627.5
-1106.52 -7206.46 -23885.8 25165
2093.8 4079.66 -14775.1 15470.7 -1 1
557.275 4172.23 -6985.99 8156.79 1 1
-679.007 -3776.26 -7578.33 8494.91 -1 2
-427.509 -3430.2 -16307.4 16670.1 1 2
event 53
-14231.5 6006.43 7969.77 17655.6
12900.5 -8316.29 7404.11 17320.4
8648.44 -3791.62 4667.26 10534.1 1 2
-7603.24 1722.1 4760.83 9135.18 -1 1
4252.09 -4524.67 2736.85 6786.34 -1 2
-6628.22 4284.33 3208.94 8520.4 1 1
event 54
-246.886 7011.07 -15631.4 17411.2
-11960.5 8007.94 -19862 24723.9
-10548.9 6279.15 -18135.9 21900.4 1 2
1001.62 2999.15 -9194.08 9723.19 -1 1
-1411.63 1728.79 -1726.15 2823.51 -1 2
-1248.51 4011.91 -6437.35 7687.97 1 1
event 55
-10877.7 -7304.48 18814 23135.2
2462.57 4599.73 9834.4 11555.4
-6563.33 -5822.09 10819.5 13930 1 1
-4314.37 -1482.4 7994.52 9205.15 -1 1
81.4306 3069.23 6433.94 7129.76 -1 2
2381.14 1530.5 3400.46 4425.67 1 2
event 56
7788.91 -6003.46 10824.2 14948.6
-3291.74 6321.53 -2497.03 8162.31
6209.11 -3296.79 8578.91 11091.9 1 1
1579.81 -2706.67 2245.28 3856.72 -1 1
-2432.78 1619.75 -438.822 2957.32 -1 2
-858.964 4701.78 -2058.21 5204.99 1 2
event 57
17165.4 18529.4 -30479.6 39706.3
-11925.6 -3736.72 -5907.39 14165.8
-5284.62 -2074.81 -4327.5 7139.36 -1 2
2278.97 1130.76 -2867.3 3834.7 -1 1
14886.5 17398.7 -27612.3 35871.6 1 1
-6640.94 -1661.91 -1579.89 7026.47 1 2
event 58
4532.04 -879.333 9861.43 11320.4
-9230.5 -2801.41 -10364.4 14493.6
2576.39 -1833.94 4232.48 5284.52 1 1
1955.65 954.603 5628.95 6035.9 -1 1
-5160.15 -1134.56 -7735.67 9368.36 -1 2
-4070.35 -1666.85 -2628.77 5125.21 1 2
event 59
-8252.57 -2232.63 8495.88 12444.3
-4372.08 -10738.8 13671.5 18191.6
-3148.24 -3730.84 5781.46 7567.5 1 2
-3761.89 -70.7379 5378.35 6564.65 -1 1
-1223.84 -7007.96 7890 10624.1 -1 2
-4490.67 -2161.89 3117.53 5879.63 1 1
event 60
3510.61 -7198.39 23910 25483.7
7387.19 -6694.25 17182 20104.6
2815.68 -1288.57 7458.23 8076.19 1 2
2067.77 -1576.02 4239.22 4974.1 -1 1
4571.51 -5405.67 9723.76 12028.4 -1 2
1442.84 -5622.37 19670.8 20509.6 1 1
event 61
5995.78 -4063.52 -7910.25 11163.5
4791.27 -15700.6 -8652.03 18812.6
2315.87 -3432.73 -4174.21 5880.65 -1 1
3679.91 -630.792 -3736.04 5282.88 1 1
2775.86 -13003 -7410.93 15222.3 -1 2
2015.41 -2697.6 -1241.1 3590.32 1 2
event 62
6568.21 -8771.21 -9822.39 15038.1
7020.69 -18644.6 -12585 23767.3
4450.11 -7653.17 -8617.28 12354.9 1 1
2118.1 -1118.04 -1205.12 2683.25 -1 1
2250.58 -10252.4 -6950.24 12589.4 -1 2
4770.11 -8392.23 -5634.8 11177.9 1 2
event 63
9859.79 -6744.4 -12281.1 17410.3
-14797.6 14577.5 -27159.2 34332
-4002.86 5744.91 -7975.68 10613.7 -1 2
3609.7 -2816.52 -6871.75 8258.01 -1 1
-10794.7 8832.61 -19183.5 23718.4 1 2
6250.1 -3927.87 -5409.35 9152.27 1 1
event 64
6112.49 -4313.15 -9950.6 12828.7
-16555.6 13718.8 -28898.6 36152.6
-3015.95 3686.23 -4959.5 6876.92 -1 2
795.064 -1870.92 -1413.45 2478.2 -1 1
-13539.6 10032.6 -23939.1 29275.7 1 2
5317.42 -2442.23 -8537.15 10350.5 1 1
event 65
-6233.2 1704.58 17652 19051
10939.4 -3058.16 296.082 11945.4
-4228.24 2321.89 9806.25 10929 1 1
-2004.96 -617.302 7845.71 8122.02 -1 1
6145.75 -1016.26 -1544.14 6418.61 -1 2
4793.63 -2041.9 1840.22 5526.82 1 2
event 66
24191.4 -17841.2 76611 82355.1
10496.1 -8276.75 -16239.1 21259.7
7835.18 -7305.51 -11344.6 15603.6 1 2
11844.4 -7384.26 32520.8 35389.7 1 1
2660.96 -971.239 -4894.49 5656.08 -1 2
12347 -10456.9 44090.2 46965.5 -1 1
event 67
18614.1 -12024.5 57633.1 61824.3
8560.74 -6292.95 -11416.8 15900.3
3596.52 -3340.16 -7336.75 8827.84 -1 2
2634.03 -2801.03 12026.1 12626.2 -1 1
15980.1 -9223.5 45607 49198 1 1
4964.21 -2952.79 -4080.03 7072.49 1 2
event 68
11827.8 5388.04 -24070.8 27530.3
-1832.21 -13855.1 -1576.38 14401.3
-659.357 -10661.7 -2286.11 10924.5 1 2
4910.62 3216.5 -13393.3 14623.7 1 1
-1172.85 -3193.41 709.733 3476.82 -1 2
6917.17 2171.54 -10677.5 12906.7 -1 1
event 69
-3477.84 7403.25 -2758.8 9170.9
-4176.37 -2628.2 7149.86 9222.82
-488.087 4369.86 -2047.44 4851.51 -1 1
-2989.75 3033.38 -711.354 4319.4 1 1
-2952.84 -953.717 2061.1 3726.68 -1 2
-1223.53 -1674.48 5088.76 5496.14 1 2
event 70
2064.52 -6092.71 -5724.79 9367.15
-6435.8 9721.76 22643.9 25656.7
-6.9383 -4023.21 -4864.34 6313.42 -1 1
2071.46 -2069.5 -860.446 3053.73 1 1
-2960.05 6392.73 11073.8 13125.1 1 2
-3475.75 3329.03 11570.1 12531.6 -1 2
event 71
5246.24 9024.87 -7278.2 13097.1
2831.67 -5068.55 1552.72 6760.91
2233.31 -2697.72 2312.64 4198.19 1 2
1376.75 4787.5 -2251.29 5467.63 1 1
598.36 -2370.83 -759.924 2562.71 -1 2
3869.49 4237.38 -5026.91 7629.5 -1 1
event 72
12669.2 1629.73 -14053.5 19242
7192 -2384.45 -12413 14868.9
4970.1 -520.324 -5861.29 7703.16 -1 2
2708.16 1294.76 -4671.57 5553.86 -1 1
9961 334.974 -9381.95 13688.2 1 1
2221.9 -1864.13 -6551.76 7165.78 1 2
event 73
-5097.75 9514.21 -49193.3 50458.7
-3597.21 -8699.52 1172.53 9979.25
-1372.93 -3704.3 2030.86 4443.23 -1 2
58.6146 2499.55 -12295 12547 -1 1
-5156.37 7014.65 -36898.4 37911.7 1 1
-2224.28 -4995.22 -858.328 5536.02 1 2
event 74
6084.48 -93.977 -3119.95 7506.95
-7988.38 5635.68 -33649.5 35177.5
-3913.11 1095.38 -15767.9 16283.4 1 2
1815.07 -1321.65 -361.275 2276.6 -1 1
-4075.27 4540.3 -17881.6 18894.1 -1 2
4269.41 1227.68 -2758.68 5230.35 1 1
event 75
-1741.4 -9441.92 11982.1 15663.5
8758.49 12477.5 32016 35595.2
2776.4 1811.39 6326.29 7143.02 -1 2
-1520.6 -1886.42 2009.98 3149.92 -1 1
5982.09 10666.1 25689.7 28452.1 1 2
-220.795 -7555.5 9972.16 12513.6 1 1
event 76
8368.4 5063.64 1039.18 10312.3
3847.52 -11618.2 17279.3 21399.8
979.241 -4206.64 8644.28 9663.82 -1 2
1586.15 2550.36 6.04251 3005.23 1 1
2868.28 -7411.58 8635.02 11736 1 2
6782.25 2513.28 1033.14 7307.12 -1 1
event 77
3320.62 10563.8 -7925.65 13965.2
12613.5 -6005.85 -28848.3 32202.3
5233.84 -4096.37 -14626.7 16066.2 1 2
1665.69 1391.39 -1648.93 2727.75 1 1
1654.93 9172.39 -6276.72 11237.4 -1 1
7379.7 -1909.48 -14221.7 16136.1 -1 2
event 78
4676.81 13196.3 -11726.4 18523.4
8935.16 -3711.36 -20763.9 23115.8
2092.66 9940.41 -8779.12 13426.7 -1 1
2584.14 3255.94 -2947.31 5096.73 1 1
3323.97 -2020.48 -5275.01 6555.01 -1 2
5611.19 -1690.88 -15488.9 16560.8 1 2
event 79
1578.05 5655.74 -1023.32 6716.85
-8248.34 -3565.55 5137.99 10804.5
-63.3508 3321.39 -1769.48 3765.36 -1 1
1641.41 2334.35 746.163 2951.5 1 1
-3792.81 -3315.24 2605.44 5672.36 -1 2
-4455.53 -250.315 2532.55 5132.19 1 2
event 80
-8458.72 3593.02 -2272.14 9960.6
9422.72 -1428.7 -2090.41 10236.7
6895.08 -849.459 -2883.98 7522.77 1 2
-2754.55 1460.13 679.079 3192.47 1 1
2527.65 -579.237 793.566 2713.93 -1 2
-5704.16 2132.89 -2951.22 6768.13 -1 1
event 81
9607.33 6299.37 46433.9 47934.1
11472 -6776.13 49803.9 51648.3
5429.04 -3698.26 30133.1 30841 1 2
1319.76 2315.44 8975.28 9363.22 -1 1
8287.58 3983.93 37458.6 38570.9 1 1
6042.97 -3077.88 19670.8 20807.3 -1 2
event 82
10515.4 -7097.43 48626.4 50349.4
6055.24 4072.48 28146.9 29241.9
7263.5 -6370.9 38200.4 39403.4 1 1
3251.93 -726.53 10426 10946.1 -1 1
2470.9 2131.11 7253.62 7954.44 -1 2
3584.35 1941.37 20893.3 21287.5 1 2
event 83
6878.47 7359.37 37153.5 38619.2
9037.27 -6542.4 46697.7 48111.8
5329.2 -1955.03 22494.8 23200.2 -1 2
1327.49 2967.39 15513.3 15850.6 -1 1
5550.97 4391.97 21640.2 22768.7 1 1
3708.07 -4587.36 24203 24911.6 1 2
event 84
-6875.43 11543.2 -15853.8 21010.7
-2889.58 -8092.05 -12847.4 15763.2
-6043.86 7380.42 -10816.8 14422.7 1 1
-831.564 4162.75 -5036.97 6588.04 -1 1
-1852.73 -1533.75 -2521.52 3486.29 -1 2
-1036.85 -6558.3 -10325.9 12276.9 1 2
event 85
-2075.09 -6922.34 -12675.9 14916.2
-5658.66 10631.5 -15652.5 19991
-3494.74 3798.38 -5298.07 7397.4 1 2
-1715.82 -1477.11 -5079.96 5562.64 1 1
-2163.92 6833.13 -10354.4 12593.6 -1 2
-359.267 -5445.23 -7595.92 9353.54 -1 1
event 86
4659.25 -3794.83 -11230.1 13107.8
11064.8 -2093.54 10115.2 15450.5
1589.15 -3181.86 -6900.48 7763.85 -1 1
3070.1 -612.97 -4329.58 5343.94 1 1
6698.36 -988.714 4034.15 7882.33 1 2
4366.44 -1104.82 6081.07 7568.15 -1 2
event 87
-758.722 9892.49 -19503.1 22099.7
5703.69 3042.05 -12929.3 14783.3
2547.19 2923.14 -5713.59 6905.74 1 2
-677.021 4805.06 -12758.3 13650.4 1 1
3156.5 118.909 -7215.73 7877.54 -1 2
-81.7015 5087.44 -6744.79 8449.38 -1 1
event 88
3545.38 3737.93 12938.8 14266.9
-9207.18 -9763.64 23126.7 26917.2
2217.75 2057.14 3688.98 4771.79 -1 1
1327.63 1680.79 9249.78 9495.11 1 1
-6819.18 -5116.18 15050 17297.1 1 2
-2388 -4647.45 8076.7 9620.06 -1 2
event 89
4549.63 -13676.7 -1579.13 14826.9
3929.64 2822.23 -188.4 5747.42
1212.91 2767.58 -34.4681 3023.74 1 2
2717.59 -3966.11 -1097.69 4932.69 -1 1
2716.73 54.6588 -153.932 2723.68 -1 2
1832.04 -9710.61 -481.436 9894.21 1 1
event 90
-5494.72 11591.3 -1950.51 13339.6
679.237 -10021 -11243.4 15391.1
-4097.34 6333.24 44.153 7543.95 1 1
-1397.39 5258.09 -1994.66 5795.69 -1 1
-1194.69 -3283.23 -4211.15 5472.83 -1 2
1873.93 -6737.73 -7032.22 9918.27 1 2
event 91
-10568.2 -5928.52 1091.8 12554.5
-1843.54 6861.84 25681.7 26825.8
-4865.2 -4076.85 -444.36 6363.92 -1 1
-5702.96 -1851.68 1536.16 6190.59 1 1
-2532.54 4699.41 20156.4 20851.6 -1 2
689.004 2162.43 5525.38 5974.26 1 2
event 92
-9353.17 2240.46 3582.77 10720.4
10822.9 -974.028 -225.698 11301.5
5465.67 818.679 -937.798 5606.64 -1 2
-1307.25 1516.36 446.836 2054.04 1 1
-8045.92 724.092 3135.93 8666.39 -1 1
5357.2 -1792.71 712.1 5694.88 1 2
event 93
9935.62 -6019.37 -68199.1 69250.7
-5759.21 -3939.16 -21780.2 23079.3
-3824.2 -1560.18 -8522.49 9471.15 1 2
2942.73 -3456.33 -23374.1 23811 -1 1
-1935.01 -2378.98 -13257.7 13608.1 -1 2
6992.89 -2563.04 -44825 45439.6 1 1
event 94
-9822.75 3866.54 2932.12 11559.5
3460.09 3863.2 20439.2 21313.1
2876.56 1591.64 7923.17 8578.79 1 2
-5314.47 904.01 2986.28 6163.59 -1 1
583.535 2271.56 12516 12734.3 -1 2
-4508.29 2962.53 -54.1657 5395.86 1 1
event 95
-4098.33 -7173.22 -9608.46 13044.7
-7931.61 8021.87 -34687.9 36607.4
-2869.08 3092.37 -17941 18430.5 -1 2
-2221.83 -1893.73 -1792.76 3427.52 1 1
-5062.53 4929.51 -16746.9 18176.9 1 2
-1876.5 -5279.49 -7815.7 9617.2 -1 1
event 96
-9661.08 -5253.57 -11943.1 16527.7
5895.05 9816.15 -12325.3 17106
3431.58 4144.22 -7648.36 9351.95 -1 2
-3953.3 -486.25 -3992.92 5640.89 -1 1
-5707.79 -4767.32 -7950.14 10886.8 1 1
2463.47 5671.93 -4676.96 7754 1 2
event 97
-11885.2 -8854.17 -18534.3 23932.6
8978.27 12342.9 -14490.7 21272.7
4290.92 5269.58 -4438.35 8117.3 1 2
-2129.37 -2646.04 -2784.5 4393.22 1 1
-9755.87 -6208.13 -15749.8 19539.3 -1 1
4687.35 7073.3 -10052.4 13155.4 -1 2
event 98
-7180.6 -6482.91 -16906.6 19723.4
13432.6 -7173.73 45518.2 48097.8
4754.6 -1974.22 19868.7 20525.1 -1 2
-2363.42 -500.179 -4997.16 5551.46 1 1
8677.99 -5199.5 25649.5 27572.6 1 2
-4817.18 -5982.74 -11909.5 14172 -1 1
event 99
11005 -5299.11 41235.9 43118.2
-6653.96 -6225.7 -16435 19045.6
7021.88 -2319.74 28527.4 29470.5 1 1
3983.08 -2979.37 12708.5 13647.7 -1 1
-2465.51 -2464.19 -9455.08 10077.7 -1 2
-4188.45 -3761.51 -6979.94 8967.87 1 2
event 100
-3068.46 -3788.9 1462.82 5958.45
-13722.1 -5234.11 -7887.53 16955.7
-1019.47 -3290.27 1683.66 3835.5 1 1
-2048.98 -498.632 -220.849 2122.95 -1 1
-9576.8 -3309.93 -3796.43 10821 1 2
-4145.29 -1924.18 -4091.1 6134.66 -1 2
event 101
-5796.58 4586.01 -23128.6 24477.6
3219.08 16876.9 -26479 31716.3
-4413.85 1997.05 -17073.7 17748.1 1 1
-1382.74 2588.96 -6054.85 6729.56 -1 1
3478.95 10782 -18036.8 21300 1 2
-259.872 6094.91 -8442.23 10416.2 -1 2
event 102
-5832.49 5408.05 -8914.15 12502.6
9689.83 2147.03 -13617.2 17132.5
7786.09 523.199 -9293.28 12135.6 1 2
-4025.43 1253.67 -3903.69 5746.8 1 1
1903.74 1623.83 -4323.92 4996.85 -1 2
-1807.05 4154.38 -5010.46 6755.76 -1 1
event 103
-5420.51 4870.32 4434.37 9292.56
-5621.11 2683.44 2360.87 7345.91
-3042.44 2788.55 372.946 4145.2 -1 1
-2378.07 2081.77 4061.42 5147.36 1 1
-4556.17 714.622 2166.9 5096.67 -1 2
-1064.94 1968.81 193.965 2249.25 1 2
event 104
-5785.1 7314.46 5610.97 11315.6
-6894.91 6559.26 3524.03 10610
-1942.2 3958.71 1447.48 4642.19 1 2
-1308.87 3835.76 3151.56 5135.14 1 1
-4476.24 3478.7 2459.41 6180.44 -1 1
-4952.7 2600.55 2076.54 5967.85 -1 2
event 105
5258.43 -6340.98 10740.4 13885.5
4109.9 -6818.11 7158.91 11145.4
3210.27 -2758.21 3267.18 5347.82 -1 1
2048.16 -3582.78 7473.2 8537.64 1 1
2255.71 -4499.59 6277.15 8046.63 -1 2
1854.19 -2318.52 881.76 3098.75 1 2
event 106
-2964.67 -9376.99 -2309.89 10566.1
-3258.79 -8832.34 2840.72 10309.7
-227.777 -5799.72 -1299.25 5948.77 1 1
-2736.89 -3577.27 -1010.64 4617.35 -1 1
-295.151 -4251.63 253.75 4270.72 -1 2
-2963.64 -4580.71 2586.97 6039.01 1 2
event 107
6757.12 5629.49 -2026.23 9541.85
-8660.27 -800.628 8247.05 12379.2
-2753.64 -1491.21 1825.02 3626.03 1 2
484.404 1963.95 -775.913 2169.09 1 1
6272.72 3665.54 -1250.32 7372.76 -1 1
-5906.62 690.582 6422.03 8753.21 -1 2
event 108
-8774.74 -8925.97 14005.7 19037.3
16730.8 6261.09 675.899 18143
3532.55 2080.81 -930.144 4205.36 1 2
-2748.21 -977.523 3159.38 4301.29 1 1
13198.2 4180.28 1606.04 13937.7 -1 2
-6026.52 -7948.44 10846.3 14736 -1 1
event 109
-7710.12 -8730.74 -66089.9 67179.9
3301.08 9228.67 2011.42 10473.9
2601.11 3405.97 44.0264 4287.14 -1 2
-2425.36 -1158.68 -11192.1 11510.9 -1 1
-5284.75 -7572.06 -54897.7 55669 1 1
699.968 5822.7 1967.4 6186.73 1 2
event 110
-188.192 -7507.35 17183.4 19006.7
-6583.56 -9980.4 24163.4 27136.9
-696.409 -3008.95 4495.74 5455.42 -1 2
1322.58 -1983.84 5474.84 5972.42 1 1
-5887.15 -6971.45 19667.6 21681.5 1 2
-1510.78 -5523.51 11708.6 13034.3 -1 1
event 111
10411.4 -7444.01 -60319.7 61740.4
9048.24 3511.6 -35076.9 36526.5
6587.2 -5984.45 -45668.1 46527.4 -1 1
3824.25 -1459.56 -14651.6 15213 1 1
2334.14 10.0341 -12406.6 12624.7 -1 2
6714.1 3501.56 -22670.3 23901.8 1 2
event 112
10528 -8630.52 -60748.8 62332.4
11407.1 3603.82 -40944.4 42768.5
9628.79 2213.16 -36015 37345.7 1 2
4158.59 -1817.59 -23426.7 23862.5 1 1
1778.33 1390.66 -4929.4 5422.78 -1 2
6369.4 -6812.93 -37322.1 38469.9 -1 1
event 113
-3326.81 -6001.15 -37595.2 38393.6
-1284.04 9182.37 8715.99 13096.7
-3312.07 -2410.77 -23049.5 23411 -1 1
-14.7418 -3590.38 -14545.7 14982.6 1 1
-2170.13 4651.44 5039.9 7194.24 -1 2
886.092 4530.93 3676.09 5902.48 1 2
event 114
9968.09 5094.46 -2526.56 11886.6
-7463.33 2378.73 -1413.06 8540.94
-4143.93 2665.26 -1655.27 5198.73 -1 2
3077.07 1287.82 643.968 3398.93 -1 1
6891.02 3806.64 -3170.52 8487.64 1 1
-3319.41 -286.521 242.207 3342.21 1 2
event 115
4576.14 3411.79 8594.68 10772.2
-2855.46 -10804.4 -7373.47 13742.2
2577.18 2933.94 3378.84 5165.04 -1 1
1998.96 477.841 5215.84 5607.16 1 1
-939.733 -6563.02 -5854.48 8845.48 -1 2
-1915.73 -4241.4 -1518.99 4896.74 1 2
event 116
13276.4 -3005.27 9283.93 16765.3
-22766.7 -9936.4 102664 105671
-18484 -8418.24 88302.5 90608.3 1 2
5695.43 -667.261 2245.67 6159.33 1 1
-4282.61 -1518.15 14361 15063.1 -1 2
7581.02 -2338.01 7038.26 10606 -1 1
event 117
17567.7 -2001.22 9335.56 20331.5
-22421.7 -10602.1 97765.2 100910
11754.6 -1705.78 4294.64 12630.7 1 1
5813.13 -295.44 5040.93 7700.77 -1 1
-19425.1 -8026.5 80631 83325.4 -1 2
-2996.61 -2575.61 17134.3 17584.3 1 2
event 118
-8688.55 2413.99 6332.61 11446
7604.61 -556.36 8402.43 11761.4
3387.91 904.618 2278.15 4182.99 -1 2
-2311.6 -714.371 1394.85 2794.74 -1 1
-6376.95 3128.36 4937.76 8651.29 1 1
4216.7 -1460.98 6124.28 7578.46 1 2
event 119
15222.7 -3004.2 -9620.05 18517.4
3008.88 -4744.72 -4570.36 7876.86
3276.43 -2593.47 -3524.72 5467.71 1 2
6998.54 -1238.94 -6215.44 9442.32 1 1
-267.543 -2151.25 -1045.65 2409.15 -1 2
8224.21 -1765.27 -3404.61 9075.04 -1 1
event 120
-11016.1 -5487.06 7089.32 14536.6
5984.56 -5860.75 -9661.64 13156.7
-6417.78 -2832.82 2294.15 7381.54 1 1
-4598.34 -2654.24 4795.17 7155.04 -1 1
2209.45 -3807.4 -3407.98 5568.08 -1 2
3775.11 -2053.34 -6253.66 7588.62 1 2
event 121
9756.88 12288.1 27916 32172.8
-12058.4 -8488.06 -10651 18452.2
-5226.55 -5377.09 -4493.38 8742.51 -1 2
2988.52 1839.4 7024.74 7853.2 -1 1
6768.36 10448.7 20891.3 24319.6 1 1
-6831.83 -3110.97 -6157.57 9709.73 1 2
event 122
12016.2 8914.48 28349.1 32204.3
-17628.7 -13157.7 -13756.6 26129.1
-4921.9 -5341.5 -5166.74 8914.21 1 2
5152.26 4569.02 10057.7 12189.7 1 1
-12706.8 -7816.16 -8589.82 17214.8 -1 2
6863.92 4345.45 18291.4 20014.6 -1 1
event 123
-15707.7 -10998.8 -14206.8 24065.1
6608.93 7714.8 21526.1 24003.3
2056.32 3948.89 11924.5 12729 -1 2
-3019 -784.836 -2623.97 4077.59 1 1
-12688.7 -10213.9 -11582.9 19987.5 -1 1
4552.61 3765.91 9601.56 11274.3 1 2
event 124
4649.23 -12853 10516.9 17521.8
5367.85 -3644.6 1975.8 7455.98
1064.52 -7015.93 6204.27 9426.59 1 1
3584.7 -5837.08 4312.66 8095.17 -1 1
3577.21 -2461.44 2785.16 5159.79 -1 2
1790.64 -1183.17 -809.362 2296.19 1 2
event 125
13863 -4429.5 -31773.9 35085.3
10152.7 -1325.19 5550.39 12051.2
5440.31 -2232.34 2733.71 6485.73 -1 2
5568.71 -1004 -15499.2 16500.2 1 1
8294.32 -3425.51 -16274.6 18585.1 -1 1
4712.38 907.146 2816.68 5565.46 1 2
event 126
8741.51 7555.63 10946 16214.4
-2739.39 11747.7 7248.5 14409.8
4676.14 5607.97 5488.27 9134.98 -1 1
4065.37 1947.66 5457.72 7079.44 1 1
-336.024 7954.61 4640.97 9216.21 -1 2
-2403.37 3793.06 2607.53 5193.64 1 2
event 127
11196.6 7037.8 10099.1 16925.6
-1412.16 12807.3 6700.74 14849.7
8939.78 3995.12 7229 12171.7 -1 1
2256.83 3042.68 2870.08 4753.91 1 1
-2232.62 10845.7 6075.84 12630.9 -1 2
820.463 1961.6 624.893 2218.72 1 2
event 128
4110.18 -8912.82 -22494.1 24736.8
1125.25 8921.87 -11256.2 14736.3
-487.075 6717.81 -7361.07 9978.11 -1 2
2465.8 -2185.32 -8645.16 9252.34 1 1
1644.38 -6727.49 -13848.9 15484.4 -1 1
1612.32 2204.06 -3895.09 4758.18 1 2
event 129
6481.85 -7414.88 -7717.04 13043.6
-8792.71 2632.16 3341.23 10246.7
-3656.23 2392.34 579.233 4408.85 -1 2
2021.39 -219.693 -1763.6 2693.65 -1 1
4460.46 -7195.19 -5953.45 10349.9 1 1
-5136.48 239.827 2761.99 5837.87 1 2
event 130
8076.18 -5311.45 20569.7 22937.7
-7740.85 1685.2 27381.4 28672.1
3534.56 -4131.08 11732.7 12931.6 1 1
4541.62 -1180.37 8836.97 10006.1 -1 1
-2385.71 1017.26 4824.62 5478.55 -1 2
-5355.14 667.939 22556.8 23193.6 1 2
event 131
-7196.59 3264.67 22886.8 24410
11863.9 -7673.1 30012.9 33316.6
3269.56 -3699.35 8920.78 10196.4 1 2
-3399.66 -57.291 8079.57 8766.5 -1 1
8594.37 -3973.76 21092.1 23120.2 -1 2
-3796.93 3321.97 14807.3 15643.5 1 1
event 132
2816.59 13685.1 4047.55 14872.4
-5526.56 8130.73 -3759.86 10971.8
-3562.23 6518.58 -3963.32 8420.24 1 2
2009.91 6316.23 484.107 6646.8 -1 1
-1964.33 1612.15 203.467 2551.51 -1 2
806.686 7368.89 3563.44 8225.61 1 1
event 133
10345.9 4886.43 12468.2 17319.1
-7643.26 -22448.2 30979.1 39136.1
7280.21 1748.27 6529.52 9934.97 -1 1
3065.69 3138.16 5938.65 7384.12 1 1
-2662.37 -12267.1 17210.1 21301.8 1 2
-4980.89 -10181 13769 17834.2 -1 2
event 134
-7074.95 4812.3 -2451.38 9424.08
1776.9 -8461.39 10439.2 13904
2048.55 -3408.16 3393.69 5228.8 1 2
-2644.33 955.685 -2150.53 3541.44 -1 1
-4430.62 3856.61 -300.843 5882.65 1 1
-271.647 -5053.23 7045.47 8675.18 -1 2
event 135
7441.87 9408.55 51428.7 52900
-6590.06 -3171.84 -13294.7 15486.4
-4427.28 -790.628 -9495.28 10507 -1 2
1746.38 3805.58 22579.4 22964.6 1 1
5695.5 5602.97 28849.3 29935.4 -1 1
-2162.79 -2381.21 -3799.42 4979.41 1 2
event 136
6194.67 11055.5 -26773.6 29782.8
2560.45 -5722.61 11995 13884.3
388.574 -4335.33 6635.73 7936.63 1 2
1210.01 4302.35 -11773.3 12593.5 -1 1
2171.88 -1387.28 5359.31 5947.68 -1 2
4984.66 6753.18 -15000.3 17189.3 1 1
event 137
573.31 6260.24 -3172.17 7692.38
-11518.6 -3835.35 3537.79 13019
-1011.61 4511.85 -1817.91 4969.52 -1 1
1584.92 1748.39 -1354.26 2722.86 1 1
-6182.76 -3598.22 2488.54 7574.8 -1 2
-5335.85 -237.131 1049.25 5444.23 1 2
event 138
-1831.26 14799.8 -34173.1 37413.6
-3823.87 -24378.9 24460.4 34883.5
-3100.65 -11530.6 10556.9 15938.3 1 2
707.398 2773.72 -5108.22 5856.53 1 1
-723.222 -12848.3 13903.5 18945.2 -1 2
-2538.66 12026 -29064.9 31557.1 -1 1
event 139
-2037.05 -26491 26910 37942.8
-540.979 15346.7 -33382.5 36875.4
-1613.36 11624.4 -26360.7 28855.3 -1 2
758.924 -8972.76 8776.42 12574.7 1 1
-2795.97 -17518.2 18133.5 25368.1 -1 1
1072.38 3722.34 -7021.83 8020.16 1 2
event 140
-9145.51 7229.1 17255 21052.9
-10198.6 10388.8 28685.3 32316.8
-3955.64 3554.05 13777.7 14768.7 1 2
-4361 1694.94 7821.78 9114.96 1 1
-6242.94 6834.73 14907.6 17548.1 -1 2
-4784.51 5534.16 9433.22 11938 -1 1
event 141
-9110.78 7818.52 23960.1 26978
-17874.8 17690.9 36200.5 44187.6
-4709.1 4193.72 6933.62 9372.79 1 2
-3766.42 2225.41 6035.23 7454.77 -1 1
-13165.7 13497.1 29266.9 34814.8 -1 2
-5344.36 5593.11 17924.9 19523.2 1 1
event 142
-2166.79 4779.03 8613.24 10550.5
13606.1 -3005.52 3583.65 14717.2
-2259.93 2630.27 3180.74 4706.79 1 1
93.1366 2148.75 5432.5 5843.72 -1 1
10137.2 -816.868 2494.17 10472 -1 2
3468.91 -2188.65 1089.48 4245.2 1 2
event 143
-3214.13 -12171.5 5326.18 14157.4
-6138.97 -1300.23 -1649.33 7189.49
-2227.17 -6163.29 4637.52 8028.96 -1 1
-986.96 -6008.22 688.656 6128.48 1 1
-4393.44 -2323.37 -1215.66 5117.56 -1 2
-1745.52 1023.14 -433.67 2071.93 1 2
event 144
8620.69 -118.017 -19645.2 21768
-16354.3 14506.9 4968.99 22719.8
4407.48 -1129.96 -13511.3 14257.3 1 1
4213.21 1011.94 -6133.92 7510.74 -1 1
-10818.8 10530.3 1807.19 15205.6 -1 2
-5535.52 3976.57 3161.8 7514.2 1 2
event 145
-6948.19 2907.79 -25841.8 27094.6
18176.3 -7392.43 -78054.2 80542.4
-3856.4 1593.92 -9001.09 9921.85 -1 1
-3091.79 1313.87 -16840.7 17172.8 1 1
13322 -5552.8 -62481.2 64126.6 1 2
4854.3 -1839.63 -15573 16415.8 -1 2
event 146
5143.43 7298.57 -16785.1 19262.8
-6687.5 -6631.96 -7236.14 12274.3
-4637.98 -4528.22 -3062.71 7169.87 1 2
3110.32 2043.63 -8023.81 8845.52 -1 1
-2049.51 -2103.74 -4173.43 5104.4 -1 2
2033.11 5254.94 -8761.26 10417.2 1 1
event 147
-2179.74 17368 -28007.8 33172.6
-1537.28 17914.1 -50329.6 53571.8
517.046 8996.07 -21127.9 22969.4 -1 2
161.835 5955.35 -7414.56 9512.06 1 1
-2341.57 11412.6 -20593.2 23660.6 -1 1
-2054.32 8918.02 -29201.8 30602.4 1 2
event 148
11285.9 1833.93 -691.155 11866.1
-10049.2 -2349.06 32282.5 34033.1
7641.87 2664.32 -733.731 8126.89 1 1
3644.03 -830.386 42.576 3739.19 -1 1
-8103.12 -1216.57 28237.1 29402.1 -1 2
-1946.04 -1132.49 4045.46 4631.04 1 2
event 149
6915.28 -9728.87 -4563.55 13148.7
10755.2 9292.84 -1745.19 14651.5
3616.92 4884.31 13.6863 6078.65 1 2
706.517 -3364.47 -1273.9 3667.81 1 1
6208.76 -6364.39 -3289.65 9480.89 -1 1
7138.24 4408.53 -1758.87 8572.89 -1 2
event 150
10561.9 3320.7 22756.1 25495.3
-7459.52 2695.88 5590.04 10185.8
-5289.08 3098.54 4965.17 7889.2 -1 2
2297.93 2104.97 5462.71 6289.97 1 1
8263.98 1215.74 17293.4 19205.4 -1 1
-2170.44 -402.663 624.865 2296.64 1 2
event 151
-9811.58 3762.64 7797.79 13447
5922.83 2828.24 14655.2 16353.7
-6315.35 1149.31 3463.17 7294.47 1 1
-3496.22 2613.33 4334.62 6152.49 -1 1
4134.02 283.504 8368.35 9338.68 -1 2
1788.81 2544.74 6286.81 7015.03 1 2
event 152
903.696 6310.16 -29208.8 30056.3
-13272.8 194.197 -22843 26600.7
2028.2 3360.77 -15837 16316.6 -1 1
-1124.5 2949.4 -13371.8 13739.7 1 1
-6919.91 -1442.2 -11777.1 13736 -1 2
-6352.87 1636.4 -11065.8 12864.7 1 2
event 153
6166.54 3869.49 -4284.18 8996.77
-4562.92 -6735.41 -15034.3 17372.6
3701.11 1594.22 -709.441 4093.19 -1 1
2465.43 2275.27 -3574.74 4903.58 1 1
-2948.85 -5007.94 -7582.76 9554.29 -1 2
-1614.07 -1727.47 -7451.52 7818.29 1 2
event 154
8189.49 -11353.5 -9906.52 17427
-3417.69 8637.19 -15340.6 18199.1
-2461.36 2402.63 -6237.52 7123.81 -1 2
440.933 -2571.74 -2109.61 3357.07 -1 1
7748.56 -8781.72 -7796.91 14069.9 1 1
-956.328 6234.56 -9103.08 11075.3 1 2
event 155
-5113.5 -8559.89 -24895.6 26996.3
2162.68 8436.39 -1985.32 9454.22
-80.2769 4734.85 -114.932 4738.11 1 2
-2304.45 -4403.13 -8465.76 9817.24 -1 1
2242.96 3701.53 -1870.38 4716.11 -1 2
-2809.05 -4156.76 -16429.9 17179.1 1 1
event 156
4466.34 5211.16 -10291.2 12751.6
17317.5 5834.45 -74889 77148.5
3178.49 3071.19 -3924.28 5911.53 1 1
1287.85 2139.96 -6366.91 6840.08 -1 1
11316.6 2862.26 -52337 53623 1 2
6000.83 2972.19 -22552 23525.5 -1 2
event 157
5757.99 5879.91 20850.4 22628.7
-9529.91 -7773.5 -10311.7 16345.3
-5062.58 -2287.91 -3818.92 6742.37 1 2
1018.78 2909.13 9232.7 9734.21 -1 1
-4467.33 -5485.58 -6492.76 9602.9 -1 2
4739.21 2970.77 11617.7 12894.5 1 1
event 158
8384.55 4131.78 22302.6 24379.6
-7079 -4457.32 -7533.23 11675.6
-2542.77 -3295.88 -2807.96 5022.38 -1 2
2231.9 1476.37 10195.1 10541 1 1
6152.65 2655.4 12107.4 13838.6 -1 1
-4536.23 -1161.44 -4725.27 6653.24 1 2
event 159
12391.1 3212.54 -57662.6 59147.5
-12871.4 1298.79 -27678.5 30709.1
-5753.85 -399.279 -14987.6 16059.4 -1 2
3861.62 -406.02 -18548.3 18950.7 1 1
8529.47 3618.55 -39114.3 40196.8 -1 1
-7117.51 1698.07 -12690.9 14649.6 1 2
event 160
-186.14 -11373.1 -9608.17 15208.2
13777.3 -3188.6 -13126.7 19541.8
10667.3 -1732.2 -8348.18 13656.3 1 2
-1345.47 -3927.58 -4382.53 6037.71 1 1
3110 -1456.4 -4778.52 5885.46 -1 2
1159.33 -7445.55 -5225.64 9170.54 -1 1
event 161
-7809.31 -1450.94 9119.45 12483.8
-12090.1 -7605.02 21585.3 26067.6
-6148.54 216.657 6242.68 8765.49 1 1
-1660.77 -1667.6 2876.77 3718.33 -1 1
-5735.93 -5055.38 9706.1 12356.3 -1 2
-6354.13 -2549.63 11879.2 13711.4 1 2
event 162
3550.63 5647.83 -6516.64 9826.62
-1143.89 -17548.6 50244.6 53323.3
-1048.93 -3409.36 13131.9 13608.2 -1 2
1854.42 1020.97 -3362.31 3974.62 1 1
-94.9537 -14139.3 37112.7 39715.1 1 2
1696.21 4626.85 -3154.33 5852 -1 1
event 163
900.513 -9560.36 18827.8 21360.9
-12011.6 7826.52 23002.7 27280.9
-3796.6 3024.05 5335.29 7213.57 1 2
-1151.17 -3036.67 6199.07 6999.02 1 1
-8215.05 4802.47 17667.4 20067.3 -1 2
2051.69 -6523.7 12628.8 14361.9 -1 1
event 164
-8515.29 7759.34 19221 22622
1522.5 -5836.1 13262.7 15028.8
441.396 -3806.48 4235.44 5712.64 1 2
-2761.51 4429.37 7343 9009.77 1 1
1081.11 -2029.62 9027.31 9316.2 -1 2
-5753.78 3329.96 11878 13612.3 -1 1
event 165
4677.49 9378.39 8904.65 14096.7
2435.76 3462.66 3183.27 6135.52
3676.68 4778.76 3684.96 7067.15 -1 1
1000.81 4599.63 5219.69 7029.55 1 1
2801.75 1390.22 1730.25 3575.95 -1 2
-365.985 2072.44 1453.02 2559.57 1 2
event 166
-10839.5 1311.06 4075.04 12058.6
1822.91 -6205.27 3877.94 8152.36
2109.76 -3783.06 1132.56 4478.44 -1 2
-3358.52 1510.59 2375.97 4383.82 1 1
-7480.94 -199.529 1699.07 7674.78 -1 1
-286.844 -2422.21 2745.38 3673.92 1 2
event 167
144.41 -7015.34 -31475.7 32396.7
-8117.38 10109.7 -9807.31 16549.1
-3362.54 2078.5 -2332.16 4590.97 -1 2
1452.59 -3158.45 -11715.2 12220.6 1 1
-4754.84 8031.23 -7475.15 11958.2 1 2
-1308.18 -3856.9 -19760.5 20176.1 -1 1
event 168
5376.02 -8262.43 -4366.24 11217.2
6149.35 8716.23 -38398 39972.3
1969.8 -5006.07 -3515.87 6427.54 -1 1
3406.22 -3256.36 -850.37 4789.63 1 1
2531.46 5894.13 -19656.5 20677 -1 2
3617.89 2822.1 -18741.5 19295.3 1 2
event 169
3852.95 -6190.68 -5129.48 9437.86
-14636.4 2445.37 903.419 15185.9
-4265.66 721.9 -1140.91 4475.47 1 2
1377.51 -1480.37 -3179.77 3769.76 1 1
-10370.8 1723.47 2044.33 10710.4 -1 2
2475.44 -4710.3 -1949.71 5668.1 -1 1
event 170
5811.37 -8651.76 1291.58 10949.2
-6920.41 2442.71 -6494.84 10470.3
-4613.25 3379.56 -4478.02 7264.11 -1 2
3720.3 -3297.24 -306.987 4981.75 -1 1
2091.07 -5354.52 1598.57 5967.42 1 1
-2307.16 -936.849 -2016.82 3206.15 1 2
event 171
-2447.2 -7537.61 15253 17465.7
-3875.27 8611.23 2406.04 10225
-766.514 4261.31 2237.26 4874.71 -1 2
-2559.48 -2985.45 7667.8 8618.01 -1 1
-3108.75 4349.92 168.787 5350.31 1 2
112.283 -4552.16 7585.25 8847.71 1 1
event 172
5039.24 8995.17 53311.7 54387.9
2038.98 13618.5 65247 66756.2
1476.54 4251.85 27127.4 27498.5 1 2
3053.32 2741.05 24196.3 24542 -1 1
562.439 9366.7 38119.6 39257.7 -1 2
1985.92 6254.12 29115.4 29845.9 1 1
event 173
-307.917 10862.3 -19479.4 22519.4
-2272.66 -5098.58 13264.4 14720.6
-1545.89 5994.45 -12101.2 13593.1 -1 1
1237.98 4867.87 -7378.25 8926.28 1 1
-2864.68 -2905.07 9160.53 10028.6 -1 2
592.02 -2193.51 4103.87 4692 1 2
event 174
5270.08 -394.124 -13805.6 15103.5
-4216.03 8422.19 -17162.6 19820.6
2975.63 -1572.05 -9550.51 10126.7 -1 1
2294.44 1177.93 -4255.09 4976.84 1 1
-3599.36 3850.33 -9895.96 11212.6 1 2
-616.676 4571.86 -7266.65 8607.99 -1 2
event 175
-2200.82 15040 -4568.14 16171.1
698.418 -5380.43 8040.6 10182.4
-1453.14 9178.09 -4339.65 10256.3 -1 1
-747.683 5861.9 -228.488 5914.75 1 1
-895.248 -4066.91 5047.43 6544.39 -1 2
1593.67 -1313.52 2993.16 3638.03 1 2
event 176
-28333.9 -17364.2 46847 57520
-15556.1 5182.54 25448.4 30431.2
-9547.29 2402.98 17564.2 20135.4 1 2
-10673.6 -7267.78 15862.4 20454.2 1 1
-6008.78 2779.57 7884.19 10295.8 -1 2
-17660.3 -10096.4 30984.5 37065.8 -1 1
event 177
7416.86 8377.86 8554.74 14421.3
-10539.8 -9185.16 -9650.28 17267.8
-3728.31 -5021.15 -3338.09 7089.87 1 2
2471.76 2323.06 4433.38 5583.21 -1 1
-6811.44 -4164.02 -6312.19 10177.9 -1 2
4945.1 6054.8 4121.35 8838.06 1 1
event 178
-1.95369 11182.2 23194.8 25935.1
15143.1 1116.82 -10682.9 18822.2
7342.94 -968.609 -4702.15 8773.73 -1 2
-236.829 3318.31 10350.6 10872.6 1 1
7800.16 2085.43 -5980.78 10048.5 1 2
234.876 7863.84 12844.2 15062.6 -1 1
event 179
1136.52 11337.3 21285.1 24340.8
26727.1 503.396 -16829.3 31739.7
9390.4 -685.05 -7347.93 11943.7 -1 2
-751.667 2024.7 2629.59 3404.46 -1 1
17336.7 1188.45 -9481.37 19796 1 2
1888.19 9312.59 18655.5 20936.3 1 1
event 180
3850.76 -4238.4 19268.2 20338.4
-2590.66 8105.43 17900.2 20060.3
1249.26 -3483.89 9351.21 10057.6 1 1
2601.5 -754.51 9917.03 10280.8 -1 1
-13.339 4850.84 8581.96 9858.61 -1 2
-2577.32 3254.59 9318.22 10201.7 1 2
event 181
4286.23 5168.37 16667.5 18234.1
-7761.25 -3701.01 7014.45 11520.8
-3863.23 -411.554 4082.56 5636.7 -1 2
2909.08 1350.28 5731.68 6568.81 1 1
-3898.02 -3289.46 2931.89 5884.07 1 2
1377.15 3818.09 10935.8 11665.3 -1 1
event 182
-10231.5 -2072.55 6832.5 12855.1
13792.5 5095.7 14099.2 20605.3
10754.6 2532.19 10276.6 15089.5 1 2
-4837.88 -657.573 4988.71 6981.11 -1 1
3037.88 2563.51 3822.64 5515.8 -1 2
-5393.59 -1414.98 1843.79 5873.98 1 1
event 183
-9988.07 -4049.5 -11739.8 16234.9
9272.16 -4931.45 -8190.41 13673.5
5866.42 -3363.05 -7011.77 9741.72 1 2
-3824.24 -3175.49 -5639.55 7518.26 -1 1
3405.73 -1568.4 -1178.64 3931.83 -1 2
-6163.82 -874.009 -6100.21 8716.67 1 1
event 184
-6939.75 -996.14 -4511.2 8893.47
-3370.36 -5861.59 -19401.7 20778.2
-183.729 -3385.31 -8380.85 9041.23 -1 2
-2071.21 269.533 64.771 2092.35 -1 1
-4868.53 -1265.67 -4575.97 6801.12 1 1
-3186.64 -2476.28 -11020.9 11737 1 2
event 185
1978.05 -8105.16 11920 14875.6
-4860.15 2442.25 -6916.51 9328.19
2488.24 -3758.98 6447.45 7867.79 -1 1
-510.198 -4346.18 5472.51 7007.79 1 1
-2784.31 3012.72 -4559.98 6134.61 -1 2
-2075.84 -570.466 -2356.54 3193.58 1 2
event 186
-8107.72 17813.2 25279.2 32181.9
-935.311 11584.7 6497.01 13670.5
-1084.52 4560.21 1115.04 4819.36 1 2
-2210.6 3648.86 3387.16 5448.39 -1 1
-5897.12 14164.4 21892 26733.5 1 1
149.205 7024.49 5381.98 8851.13 -1 2
event 187
-7111.47 4599.2 20279.6 22194.1
6278.25 -3498.15 26695.8 27819.2
-3550.71 2404.19 6455.39 7750.54 1 1
-3560.76 2195.01 13824.2 14443.6 -1 1
4498.08 -1104.53 12969.4 13772 -1 2
1780.17 -2393.63 13726.4 14047.2 1 2
event 188
10476.9 6337.37 33616.3 35910.7
-11138.1 -7138.78 75799.7 77007.8
-4065.01 -4350.08 30827.4 31397.3 1 2
3581.65 3901.78 13157.6 14184 -1 1
-7073.11 -2788.7 44972.2 45610.5 -1 2
6895.29 2435.59 20458.8 21726.7 1 1
event 189
-7008.76 -6434.89 9458.98 13769.3
-2354.06 10684 -4186.83 12116.5
-877.449 9037.01 -2793.48 9500.11 1 2
-4162.29 -2082.81 3292.67 5702.25 -1 1
-1476.61 1646.94 -1393.35 2616.37 -1 2
-2846.47 -4352.08 6166.31 8067.06 1 1
event 190
6718.77 3825.12 3947.19 9216.51
-8770.51 -2883.87 -22712.1 24711.7
-2716.2 -2433.18 -9259.49 9952.26 -1 2
2237.42 598.801 -174.511 2325.13 -1 1
-6054.3 -450.691 -13452.6 14759.4 1 2
4481.34 3226.32 4121.7 6891.38 1 1
event 191
14497.4 7926.79 9858.05 19488
-11121 -2809.8 -21695.8 24736.1
-6247.32 -1509.59 -15258.3 16557 1 2
7666.08 2510.19 4211.52 9100.43 -1 1
-4873.72 -1300.21 -6437.52 8179.03 -1 2
6831.34 5416.6 5646.53 10387.6 1 1
event 192
4234.6 1264.16 -5061.44 7398.64
-8830.37 -4235.85 19018.4 21615
2072.32 2195.26 -2532.37 3941.79 -1 1
2162.29 -931.099 -2529.07 3456.85 1 1
-6098.48 -1285.98 12147.6 13653.6 -1 2
-2731.89 -2949.88 6870.82 7961.43 1 2
event 193
2823.69 -6325.3 7633.32 10763
-11062.1 8529.78 26812.5 30391.3
-3868.47 1714.56 6034.06 7370.6 -1 2
-12.9619 -2264.62 4074.53 4662.79 -1 1
-7193.67 6815.22 20778.4 23020.7 1 2
2836.65 -4060.69 3558.79 6100.16 1 1
event 194
-14560.9 16864.1 2809 22669.4
902.855 -7682.87 -11162 13929.2
-7654.2 9583.7 3017.79 12631.4 -1 1
-6906.72 7280.38 -208.79 10038 1 1
-979.962 -4188.4 -6628.38 7902.5 -1 2
1882.82 -3494.47 -4533.59 6026.69 1 2
event 195
12715 5001.72 6698.3 15528.9
1742.81 -6293.31 3202.67 7905.1
2418.01 -4366.93 3060.47 5856.15 -1 2
2983.27 1889.35 3087.4 4691.78 1 1
9731.77 3112.37 3610.9 10837.2 -1 1
-675.198 -1926.37 142.2 2048.95 1 2
event 196
4992.33 19822.9 9200.75 22629.9
15885.9 -14259.4 49619.1 54104.8
3675.1 -3274.92 8442.82 9773.62 1 2
1689.48 2854.77 2185.13 3973.67 1 1
3302.85 16968.1 7015.61 18656.3 -1 1
12210.8 -10984.4 41176.3 44331.2 -1 2
event 197
1846.29 -3773.78 -5424.53 7788.67
-10881 -653.667 -3041.82 11733.1
-525.954 -2976.87 -2397.63 3859.82 1 1
2372.24 -796.903 -3026.89 3928.85 -1 1
-7054.54 956.503 -2495.87 7544.66 1 2
-3826.41 -1610.17 -545.953 4188.47 -1 2
event 198
605.032 -7323.7 15827.8 17723.2
-1891.42 8486.08 8161.11 12320.1
-582.995 3150.7 1135.38 3401.04 1 2
-1246.88 -2307.68 5053.37 5694.54 -1 1
-1308.43 5335.38 7025.72 8919.09 -1 2
1851.91 -5016.02 10774.4 12028.7 1 1
event 199
-5069.24 -35926.7 66686.3 75980.8
9049.02 30798.6 83102.1 89140.3
-4806.06 -30548.2 58709.7 66356.1 1 1
-263.178 -5378.42 7976.6 9624.66 -1 1
535.528 3546.56 11827.8 12360.1 -1 2
8513.49 27252.1 71274.3 76780.1 1 2
event 200
-3093.99 -33010.6 59604.8 68275.8
8330.88 29520.8 78406 84249.5
4053.05 12479.7 29635.3 32410.4 -1 2
-1769.8 -7031.94 14322 16053.4 1 1
-1324.19 -25978.6 45282.8 52222.4 -1 1
4277.83 17041.1 48770.8 51839.2 1 2
event 201
10515 -14708.8 -7365.05 19767.4
-6922.9 10696.2 -32725.8 35254.8
7282.91 -10972.5 -6715.99 14783.5 1 1
3232.13 -3736.32 -649.054 4983.89 -1 1
-496.814 2540.23 -8787.94 9161.8 -1 2
-6426.08 8155.97 -23937.9 26093 1 2
event 202
-8577.43 12865 -38569.9 41717
6886.31 -8040.84 -4173 11793.2
3474.76 -5972.16 -1765.75 7132.3 -1 2
-2404.03 3762.82 -15969.5 16582.4 1 1
-6173.4 9102.16 -22600.3 25134.6 -1 1
3411.55 -2068.67 -2407.25 4660.91 1 2
event 203
-9245.99 -14947.8 26719.1 32131.4
11211.6 15730.5 9895.14 21923.8
4017.76 3426.69 3213.68 6182.52 -1 2
-592.396 -3056.32 4050.83 5110.03 1 1
-8653.6 -11891.5 22668.3 27021.4 -1 1
7193.84 12303.8 6681.46 15741.3 1 2
event 204
-19891 -26988.4 -27682 43588
-12494.7 -15437.8 -11302.5 23060.4
-7309.76 -10048.4 -8581.21 15101.4 1 2
-8328.85 -9389.6 -11610.6 17098.3 1 1
-5184.9 -5389.43 -2721.31 7959.01 -1 2
-11562.2 -17598.8 -16071.4 26489.7 -1 1
event 205
-10469 -1664.05 1905.17 11206.7
1039.03 6393.02 -8431.55 11074
-5668.33 -2364.59 543.801 6166.69 -1 1
-4800.69 700.535 1361.37 5040.02 1 1
332.296 3902.64 -7218.24 8213.11 -1 2
706.738 2490.38 -1213.31 2860.9 1 2
event 206
11406.1 25211.2 69846.2 75191.7
-14706 -4607.54 -37370.6 40542
-5992.25 -2888.14 -19125.5 20249.6 1 2
1403.66 1862.33 4249.02 4848.08 -1 1
10002.5 23348.9 65597.2 70343.6 1 1
-8713.8 -1719.4 -18245.1 20292.4 -1 2
event 207
-15457.6 -4581.72 -38458.6 41816
12857.5 25558.3 69912.1 75603.1
2081.47 5825.16 12554.8 13996.4 -1 2
-4618.01 -2656.03 -14527.1 15473.4 -1 1
10776 19733.1 57357.3 61606.8 1 2
-10839.6 -1925.69 -23931.5 26342.6 1 1
event 208
-12264.8 -2720.62 -29726.6 32420.5
7639.52 16420.6 41734.4 45599.9
4280.49 5702.6 15481.9 17045.3 1 2
-2537.31 375.135 -4124.96 4858.51 1 1
3359.03 10718 26252.5 28554.6 -1 2
-9727.46 -3095.75 -25601.7 27562 -1 1
event 209
13457.3 25341.9 71135 76766.5
-11380.6 -2824.35 -26902.3 29509.7
-8548.65 -1335.31 -16577.2 18699.7 1 2
3655.81 9041.19 21371.4 23491.6 -1 1
-2831.93 -1489.04 -10325.1 10810 -1 2
9801.52 16300.7 49763.6 53274.9 1 1
event 210
7644.44 -3388.46 4400.88 9943.74
-4931.21 -8574.64 22991.6 25220
-3713.52 -3409.83 11877 12903.1 1 2
2850.85 -320.262 216.535 2878.88 1 1
4793.6 -3068.2 4184.34 7064.86 -1 1
-1217.69 -5164.81 11114.6 12316.8 -1 2
event 211
-5516.64 8677.94 -8942.54 13975
2695.18 -5346.32 -3106.67 7422.19
1200.33 -3116.02 -34.9316 3341.07 1 2
-1091.76 4549.63 -3656.44 5939 -1 1
1494.85 -2230.3 -3071.73 4081.12 -1 2
-4424.88 4128.31 -5286.1 8035.95 1 1
