event 0
5257.58 -10082.5 7904.79 14190.7
-5617.46 1041.44 20621.8 21621.5
-3741.06 -622.446 9714.48 10429.1 1 2
2493.2 -4124.91 5188.82 7082.79 1 1
-1876.4 1663.89 10907.3 11192.4 -1 2
2764.38 -5957.55 2715.97 7107.87 -1 1
event 1
-4430.82 -8759.63 -48959.3 50029.7
2349.27 6728.05 15234.3 17101.4
-1582.13 -6350.74 -29838.6 30548.1 -1 1
-2848.7 -2408.88 -19120.7 19481.6 1 1
150.873 2513.9 2689.83 3686.29 -1 2
2198.4 4214.16 12544.4 13415.2 1 2
event 2
-8576.01 4194.28 46585.5 47654.4
2037.67 -5522.35 2846 7234.58
-4127.93 3727.26 25755.2 26349.1 -1 1
-4448.09 467.017 20830.3 21305.3 1 1
337.743 -3496.76 2946.28 4586.18 -1 2
1699.92 -2025.6 -100.275 2648.39 1 2
event 3
8157.42 -1587.95 -9154.58 12746.1
-10555.5 7064.22 -23619.5 26996.1
-8151.56 4617.72 -14619 17363.7 1 2
3676.94 -2049.11 -5604.95 7010.38 1 1
-2403.97 2446.49 -9000.51 9632.49 -1 2
4480.48 461.161 -3549.63 5735.71 -1 1
event 4
-9583.78 11011.1 4102.72 15476.3
-6205.46 3668.44 -3064.67 8656.69
-5156.64 5375.28 3646.95 8294.33 -1 1
-4427.14 5635.77 455.771 7181.94 1 1
-2588.99 3413.92 -2566.78 4995.72 -1 2
-3616.47 254.523 -497.885 3660.97 1 2
event 5
-8961.33 2010.05 6825.33 11854.2
17448.8 -6940.74 8680.41 20918.3
4065.96 -1625.97 3527.75 5624.23 -1 2
-2975.89 -510.679 3259.4 4444.28 1 1
13382.8 -5314.77 5152.66 15294 1 2
-5985.44 2520.72 3565.92 7409.89 -1 1
event 6
15031.4 2452.82 17290.3 23248.7
-7748.02 1953.19 -4177.98 9533.82
-5854.43 848.991 -1562.19 6119.37 -1 2
5781.29 641.447 8878.9 10615.1 1 1
9250.13 1811.37 8411.37 12633.6 -1 1
-1893.59 1104.2 -2615.79 3414.45 1 2
event 7
2702.47 -5778.1 -30957.5 31759.2
-18132.9 6388.49 -12681.9 23238.7
781.604 -4438.62 -23933.2 24354.1 -1 1
1920.87 -1339.48 -7024.29 7405.12 1 1
-13056.8 4656.07 -7416.5 15721.8 1 2
-5076.13 1732.42 -5265.42 7516.92 -1 2
event 8
8595.15 -17573.5 42757 47121.7
11503.5 -3008.86 39561.3 41425.5
8620.54 -1948.93 33263 34417.3 -1 2
1524.3 -5273.32 14454.7 15462.2 -1 1
7070.85 -12300.2 28302.3 31659.5 1 1
2882.96 -1059.93 6298.3 7008.18 1 2
event 9
15984 -4383.27 13406.1 21541
-9267.1 11695.6 -45773.8 48244.1
12100.3 -2410.99 11170 16643.6 1 1
3883.66 -1972.28 2236.16 4897.38 -1 1
-3459.99 2425.96 -10724.3 11527.3 -1 2
-5807.11 9269.68 -35049.4 36716.8 1 2
event 10
6650.7 -3432.56 -1056.34 8168.33
-10209.8 7492.22 -52976.3 54556.9
-9381.26 5520.58 -43440 44783.2 1 2
2029.93 -2699.36 -848.216 3483.94 -1 1
-828.559 1971.64 -9536.28 9773.72 -1 2
4620.77 -733.2 -208.122 4684.4 1 1
event 11
7857.72 5699.25 3654.74 11007.7
-3569.28 -13152.5 54981.3 56729.7
-111.067 -5828.89 20799.5 21601.4 1 2
2347.55 219.206 1924.79 3045.49 -1 1
-3458.21 -7323.58 34181.8 35128.3 -1 2
5510.17 5480.05 1729.95 7962.21 1 1
event 12
6862.39 5582.41 3764.9 10100.5
-4153.55 -12394.9 64277 65665.9
-676.241 -6533 28747.1 29488 -1 2
2179.22 387.763 1743.12 2819.39 -1 1
4683.17 5194.64 2021.78 7281.15 1 1
-3477.31 -5861.93 35530 36177.9 1 2
event 13
2148.7 -7088.7 -23928.8 25239.8
8102.19 1644.74 -5861.46 10597
3602.64 540.503 -4451.35 5752.99 1 2
2060.54 -1823.76 -8760.54 9183.15 -1 1
88.1522 -5264.94 -15168.3 16056.6 1 1
4499.55 1104.24 -1410.11 4844.05 -1 2
event 14
7708.86 -7959.41 10813.1 15789
-8183.59 6334.41 3922.09 11492.2
-4034.59 1820.13 462.863 4451.54 1 2
1404.31 -2568.88 1414.9 3253.36 -1 1
6304.55 -5390.52 9398.25 12535.7 1 1
-4149 4514.29 3459.23 7040.62 -1 2
event 15
3997.29 10242.3 12168.3 16689.8
-2433.51 -6543.42 3875.88 8564.58
-2757.69 -4001.57 3459.7 5966.41 -1 2
2413.07 3616.1 3071.23 5323.79 -1 1
1584.22 6626.2 9097.12 11366 1 1
324.177 -2541.85 416.18 2598.17 1 2
event 16
-4087.22 -12948.9 4075.14 14511.3
2136.65 9179.06 11512.6 15197.2
435.3 6851.23 6746.17 9625.53 -1 2
-2953.87 -5994.53 770.18 6727.86 1 1
-1133.34 -6954.34 3304.96 7783.39 -1 1
1701.35 2327.83 4766.46 5571.69 1 2
event 17
12610.5 8373.23 -14998.5 21533.3
-3280.08 -6101.2 -31053.8 31967.4
8638.02 7361.76 -10967.8 15783.4 1 1
3972.52 1011.47 -4030.71 5749.94 -1 1
-1439.07 -3823.49 -23724 24073.4 -1 2
-1841.01 -2277.71 -7329.82 7893.96 1 2
event 18
-3126.41 -5372.08 -434.025 6957.94
8310.47 964.034 5756.38 10617
-2868.33 -2952.74 -1383.39 4344.07 1 1
-258.075 -2419.35 949.369 2613.87 -1 1
4405.19 -1019.12 3251.82 5570.44 -1 2
3905.27 1983.15 2504.56 5046.58 1 2
event 19
-2855.02 3542.93 6856.09 8792.11
-29947.8 -2105.97 9260.22 31569.8
-725.984 2943.97 5224.94 6041.95 1 1
-2129.04 598.963 1631.16 2750.16 -1 1
-25923.4 -2806.2 8392.84 27392.5 -1 2
-4024.41 700.221 867.382 4177.28 1 2
event 20
15294.6 6168.52 19270 25551.9
-10353.9 -20078.7 -52.1596 22802.4
7785.43 3898.66 8032.59 11846.8 -1 1
7509.12 2269.86 11237.4 13705.1 1 1
-8585.88 -18489.7 349.812 20389.2 -1 2
-1768.07 -1588.97 -401.972 2413.23 1 2
event 21
12824.4 5061.25 15483.3 20962
-9640.1 -17933.7 551.021 20602.1
-4677.18 -6328.74 1210.45 7962.75 1 2
3535.93 888.047 2332.66 4329.42 1 1
-4962.91 -11605 -659.432 12639.3 -1 2
9288.45 4173.2 13150.7 16632.6 -1 1
event 22
11436.3 3192.67 14643.6 19105.2
-10038 -19233.9 858.85 21932.4
-1645.4 -6156.56 414.628 6386.99 -1 2
4998.82 821.225 8498.83 9894.64 -1 1
-8392.56 -13077.3 444.223 15545.4 1 2
6437.5 2371.45 6144.76 9210.56 1 1
event 23
12423.8 6762.48 -69.968 14480.3
-7653.23 -1016.71 6462.28 10533.6
7398.64 5619.06 432.135 9301.16 -1 1
5025.21 1143.42 -502.103 5179.13 1 1
-2307.92 -1164.94 718.663 2685.37 -1 2
-5345.31 148.225 5743.62 7848.23 1 2
event 24
12326.3 -8190.5 60501.2 62361.9
-9670.96 1360.65 14134.5 17457.2
-7354.27 241.49 12155.7 14209.7 -1 2
5929.99 -2120.57 25791.3 26549.3 1 1
6396.31 -6069.94 34709.8 35812.6 -1 1
-2316.69 1119.16 1978.87 3247.56 1 2
event 25
5575.67 -2645.18 13354 15033.4
-11602 4867.68 -4342.07 13665.5
3169.26 -1310.81 3938.35 5223.43 -1 1
2406.41 -1334.37 9415.62 9810.01 1 1
-7124.09 1600.42 -3346.3 8032.61 1 2
-4477.92 3267.26 -995.774 5632.9 -1 2
event 26
11866.5 -419.609 18079.3 21850.4
-7519.4 953.8 3525.05 8914.43
6799.98 -539.2 7621.05 10228.5 -1 1
5066.5 119.59 10458.2 11621.9 1 1
-3933.31 -334.629 3210.76 5089.5 -1 2
-3586.09 1288.43 314.299 3824.93 1 2
event 27
2195 -12236.9 34900.2 37177.6
-5571.2 1353.36 -3820.48 7553.59
1425.58 -9292.77 29687.8 31141 -1 1
769.415 -2944.16 5212.39 6036.58 1 1
-1953.13 -838.705 -2086.73 2980.56 -1 2
-3618.07 2192.06 -1733.75 4573.03 1 2
event 28
51.8616 10949 -17471.3 20850
6960.08 2662.44 -32836.3 33813.4
2962.62 2298 -11309.1 11914.9 -1 2
602.462 2467.73 -6441.33 6924.92 1 1
-550.601 8481.3 -11029.9 13925 -1 1
3997.45 364.431 -21527.2 21898.5 1 2
event 29
9931.44 3550.07 -43836.8 45193.9
-205.485 9977.64 -14691.9 18028.8
505.859 4104.71 -3721.8 5564.84 -1 2
3114.32 1915.95 -10249.6 10882.8 -1 1
6817.12 1634.11 -33587.2 34311.2 1 1
-711.344 5872.94 -10970.1 12464 1 2
event 30
12174.6 4203.16 2112.29 13414.2
-4975.34 -2857.85 14851.7 16219.9
-1733.73 -2767.41 7858.01 8510.22 1 2
4527.6 2059.33 -622.848 5013.89 -1 1
-3241.62 -90.447 6993.66 7709.65 -1 2
7647.01 2143.82 2735.14 8400.29 1 1
event 31
-5110.09 7405.22 -300.061 9520.13
5770.63 -157.923 -11506.1 13390.6
-4098.94 3500.01 -814.29 5452.12 1 1
-1011.15 3905.21 514.229 4068.01 -1 1
3808.46 987.626 -9758.17 10522 -1 2
1962.17 -1145.55 -1747.92 2868.58 1 2
event 32
-2150.7 -4678.85 4662.24 7605.56
11878.3 -670.061 6278.12 13804
-2723.05 -2325.95 2674.63 4471 1 1
572.35 -2352.89 1987.61 3134.56 -1 1
7366.68 -1880.43 3527.21 8381.91 1 2
4511.64 1210.37 2750.91 5422.04 -1 2
event 33
-3300.01 -2623.04 -25567.6 26097.2
19012.3 4122.84 -37471.1 42333.6
-3009.29 -492.911 -16276 16559.5 1 1
-290.725 -2130.13 -9291.62 9537.68 -1 1
12635.1 4216.14 -25345.3 28632.4 1 2
6377.12 -93.3022 -12125.8 13701.2 -1 2
event 34
3025.23 12728 52110.3 53816.6
4608.48 -7128.55 -16811.8 19086.1
2009.35 -4329.31 -12175.5 13078 -1 2
2113.97 3885.02 20997.1 21458.2 1 1
911.258 8842.97 31113.2 32358.4 -1 1
2599.13 -2799.24 -4636.29 6008.13 1 2
event 35
-17882.1 -7450.65 1114.6 19649.8
8970.91 8861.48 17801.6 22033.8
-13854.8 -4336.23 576.829 14529.3 -1 1
-4027.35 -3114.42 537.773 5120.5 1 1
774.394 2039.87 4350.76 4868.37 -1 2
8196.52 6821.62 13450.8 17165.5 1 2
event 36
-14252.3 3013.8 -14229.1 20597.8
5724.45 -9943.37 -19895.2 23174.3
3792.87 -4163.9 -11436.7 12748.8 -1 2
-2912.99 604.256 -1347.37 3267.6 1 1
-11339.4 2409.54 -12881.7 17330.2 -1 1
1931.58 -5779.47 -8458.52 10425.5 1 2
event 37
-6165.59 -7184.25 -5318.29 11467.5
6677.89 2489.66 6740.35 10286.7
-5124.78 -3669.21 -4398.01 7686.36 1 1
-1040.82 -3515.03 -920.278 3781.12 -1 1
2357.48 -363.124 1097.21 2627.66 -1 2
4320.41 2852.78 5643.14 7659.01 1 2
event 38
-14600.1 7281.06 18656.4 24976.6
-12076.5 -2389.69 -15157.6 19771.1
-9512.5 3198.42 12202.3 15799.6 1 1
-5087.61 4082.64 6454.09 9177.05 -1 1
-4252.6 -1372.55 -7759.45 8954.82 -1 2
-7823.93 -1017.14 -7398.12 10816.3 1 2
event 39
-10043.7 6021.47 38984.7 40823.2
-2383.72 -6109.08 5343.26 9007.89
-180.2 -4521.73 3136.68 5507.13 -1 2
-3553.4 2542.11 19725.1 20203.4 -1 1
-6490.32 3479.35 19259.6 20619.8 1 1
-2203.52 -1587.34 2206.58 3500.76 1 2
event 40
13109 -12245.6 7117.53 19546.1
18625.4 -7387.63 10785.4 22965.2
3372.14 -2672.45 2079.85 4780.19 -1 2
2154.41 -3432.96 801.548 4132.84 1 1
15253.3 -4715.19 8705.59 18185 1 2
10954.6 -8812.68 6315.99 15413.3 -1 1
event 41
-5322.42 -8927.36 1409.55 10936.4
6521.07 6496.97 32636.9 34051.3
-2629.98 -6858.2 1655.36 7530.14 -1 1
-2692.45 -2069.16 -245.813 3406.21 1 1
2663.23 1214.29 13897.5 14202.8 -1 2
3857.84 5282.67 18739.3 19848.5 1 2
event 42
-9705.93 16082 3902.71 19433.4
8906.75 -13317.8 -74663.1 76425.6
3988.63 -5286.14 -24139.2 25031.3 -1 2
-1393.67 1958.91 -513.984 2460.69 -1 1
-8312.26 14123.1 4416.69 16972.7 1 1
4918.11 -8031.68 -50523.9 51394.3 1 2
event 43
-5957.58 13053.9 45284.9 47604.7
-1039.24 11864.6 32375.1 34635.1
-1721.35 7945.77 24461 25776.9 -1 2
-1356.45 6192.59 17275.4 18402.1 -1 1
-4601.12 6861.27 28009.5 29202.6 1 1
682.11 3918.84 7914.12 8858.16 1 2
event 44
10735.8 -9325.77 16368 21902.7
-2713.06 -3712.28 18134.7 18963.2
7583.23 -4595.04 10073.6 13420.4 1 1
3152.53 -4730.73 6294.47 8482.32 -1 1
-395.225 -3073.71 9119.46 9632.22 -1 2
-2317.84 -638.569 9015.27 9330.93 1 2
event 45
-4530.01 -5281.43 18055.7 19596.3
7263.29 3276.76 -1093.68 8618.57
-1673.78 -3821.63 12522.7 13199.9 -1 1
-2856.23 -1459.8 5532.98 6396.42 1 1
4175.68 447.544 279.223 4210.2 -1 2
3087.6 2829.21 -1372.91 4408.38 1 2
event 46
-18056.9 -3852.22 767.615 18737
-2480.17 4942.23 3866.93 7424.35
-13856.4 -4202.81 996.437 14514.4 1 1
-4200.53 350.596 -228.822 4222.67 -1 1
-2959.63 2678.4 2104.67 4513.76 -1 2
479.458 2263.83 1762.26 2910.59 1 2
event 47
12030.3 7754.74 -29615.6 33038.5
2468.1 -8193.11 21495.6 23342.5
3100.81 -5342.02 14615.4 15867.4 -1 2
5139.46 1549.16 -10627.3 11906.5 -1 1
6890.88 6205.58 -18988.3 21132 1 1
-632.706 -2851.09 6880.21 7475.12 1 2
event 48
5965.61 4174.49 -13081.2 15288
2435.87 -8689.69 21586.3 23600.9
1142.39 -3615.17 13010.4 13552 -1 2
1613.9 1238.25 -6814.2 7112.13 1 1
4351.7 2936.24 -6266.96 8175.86 -1 1
1293.48 -5074.52 8575.82 10048.9 1 2
event 49
-2462.31 -6391.87 13712.1 15637.5
5479.55 2731.48 13027.1 14723.6
-2796.08 -3216.46 8794.6 9773.43 -1 1
333.763 -3175.41 4917.51 5864.1 1 1
3303.85 3089.72 10009.6 10984.8 -1 2
2175.7 -358.244 3017.53 3738.8 1 2
event 50
5882.06 1296.39 13044.2 14697.7
-234.553 -9149.3 19103.9 21408.2
2962.36 1760.61 9347.34 9962.89 -1 1
2919.71 -464.216 3696.88 4734.8 1 1
689.992 -5229.09 13599 14586.4 -1 2
-924.545 -3920.21 5504.91 6821.88 1 2
event 51
14501.2 22031.1 -18159.3 32171.5
18996.8 17315.3 -1099.1 25913.3
7039.35 7800.82 -1571.31 10624.8 1 2
3225.41 7364 -6011.62 10039 -1 1
11275.8 14667.1 -12147.7 22132.4 1 1
11957.5 9514.5 472.215 15288.6 -1 2
event 52
12795 15608.7 -14455 25017.6
14705 14651.3 -1239.45 21024.4
3719.31 5526.27 239.62 6666.45 -1 2
1630.55 2532 -3549.79 4656.38 1 1
11164.5 13076.7 -10905.2 20361.3 -1 1
10985.7 9125.02 -1479.07 14358 1 2
event 53
6378.69 16755 46800.6 50212.6
752.543 -13245 -10188 17011.2
3772.05 8449.27 20082.1 22111.6 -1 1
2606.64 8305.72 26718.5 28101.1 1 1
1716.88 -11387.3 -8369.28 14236.4 -1 2
-964.34 -1857.68 -1818.74 2774.87 1 2
event 54
5975.22 12151.7 34685.8 37363.9
611.957 -14107.2 -11110.1 18232.2
3956.61 9495.79 22705.8 24927.7 -1 1
2018.61 2655.94 11980 12436.2 1 1
1166.85 -11411.2 -10144.3 15313.2 -1 2
-554.889 -2696.03 -965.792 2918.97 1 2
event 55
532.304 -6361.8 19997.7 21219.2
-5388.2 -6474.57 33489.8 34671.4
646.145 -3541.89 15463.2 15877.2 -1 1
-113.841 -2819.91 4534.47 5342.05 1 1
-2491.02 -3554.29 11340.5 12143.2 1 2
-2897.18 -2920.29 22149.3 22528.3 -1 2
event 56
10720.3 -685.611 -8074.04 13790.4
-518.903 -5595.49 -6279.36 8977.75
-1640.95 -2841.97 -4274.81 5390.24 1 2
5152.7 1104.43 -3118.75 6124.37 1 1
1122.04 -2753.51 -2004.56 3587.51 -1 2
5567.6 -1790.04 -4955.29 7666.06 -1 1
event 57
-2024.45 -5470.59 -3706.25 7573.17
10618.2 898.81 -7886.72 13614.2
-2258.89 -2330.93 -2819 4300.44 1 1
234.444 -3139.66 -887.253 3272.74 -1 1
6179.13 275.463 -6373.06 8881.7 1 2
4439.08 623.348 -1513.65 4732.47 -1 2
event 58
5749.31 -3627.91 -5067.33 9026.89
-5751.99 -7492.59 -15382 18314.5
-2435.15 -1909.05 -2892.81 4237.21 -1 2
963.791 -2271.01 -2039.63 3202.76 1 1
-3316.83 -5583.54 -12489.2 14077.3 1 2
4785.52 -1356.9 -3027.7 5824.13 -1 1
event 59
-5706.67 -2898.14 -17694.8 19069.9
4710.05 10680.5 -7101 14009.7
-3258.63 -3127.23 -9611.25 10620.1 1 1
-2448.03 229.092 -8083.52 8449.84 -1 1
3148.25 6091.1 -2425.38 7273.7 -1 2
1561.79 4589.36 -4675.62 6736.02 1 2
event 60
-7065.15 -5576.88 -27901.7 29480.7
4602.81 9394.25 -7189.59 13066
-4599.45 -1714.42 -15506.2 16264.9 1 1
-2465.71 -3862.46 -12395.5 13215.8 -1 1
3293.7 6226.5 -3013.33 7662.19 -1 2
1309.11 3167.74 -4176.26 5403.76 1 2
event 61
5858.4 5389 -37567.2 38577.8
-17361.8 803.502 -38091.8 41984
5461.81 3086.9 -30326.3 30968.7 -1 1
396.595 2302.1 -7240.91 7609.14 1 1
-11101.8 1754.93 -22383.8 25047.4 -1 2
-6260.04 -951.425 -15708.1 16936.6 1 2
event 62
-19022.7 329.308 -40341 44709.7
6499.11 7380.82 -51207.6 52235.3
2945.98 5613.07 -31725.1 32352.4 1 2
-8322.72 -1378.41 -17251 19203.6 1 1
3553.13 1767.76 -19482.5 19882.9 -1 2
-10699.9 1707.72 -23090 25506.2 -1 1
event 63
-10239.1 -615.929 15423.8 18780.4
4889.56 8229.89 10829.2 14781.8
1395.02 3146.75 1913.36 3939.57 -1 2
-1953.63 904.483 4461.8 4955.15 -1 1
-8285.45 -1520.41 10962 13825.2 1 1
3494.54 5083.14 8915.87 10842.2 1 2
event 64
-6176.47 486.822 9898.6 12081.3
4329.47 7285.62 9448.06 13064.5
-3581.86 1756.27 6411.86 7552.3 1 1
-2594.61 -1269.45 3486.74 4529.02 -1 1
1364.16 4180.32 6525.25 7869.31 1 2
2965.31 3105.3 2922.81 5195.19 -1 2
event 65
-8389.47 94.0084 9819.62 13281.9
2354.69 7601.61 5784.66 10314.2
2581.69 3121.5 2723.16 4882.18 1 2
-2183.76 -269.833 835.014 2355.85 -1 1
-6205.71 363.842 8984.6 10926 1 1
-227.002 4480.11 3061.5 5432.02 -1 2
event 66
-9335.72 -3478 20586.4 23079
5496.66 10841.7 -223.083 12545.8
4114.31 8551.94 1109.98 9555.44 1 2
-4064.3 -398.091 10767.3 11516.2 1 1
1382.35 2289.76 -1333.06 2990.34 -1 2
-5271.42 -3079.91 9819.08 11562.8 -1 1
event 67
-11765.7 -7322.53 -14103.5 20013.7
-6513 2757.45 -8645.49 11591.3
-6713.14 -5902.31 -8499.7 12335.3 -1 1
-5052.52 -1420.22 -5603.77 7678.43 1 1
-3187.42 2839.64 -5862.44 7252.76 -1 2
-3325.58 -82.1855 -2783.05 4338.52 1 2
event 68
5862.48 -13142.9 23493.6 27724.4
-9544.43 7279.68 10355.4 16152.9
-7241.41 5955.13 9529.32 13368.6 -1 2
1383.67 -3650.52 4035.75 5615.99 -1 1
4478.81 -9492.38 19457.8 22108.5 1 1
-2303.02 1324.55 826.052 2784.22 1 2
event 69
5867.32 -3515.08 377.093 7517.6
6632.83 -9068.33 -4646.42 12546.3
3481.51 -3181.73 1366.06 4911.38 -1 1
2385.8 -333.347 -988.966 2606.22 1 1
2111.49 -5487.01 -2159 6264.03 1 2
4521.34 -3581.33 -2487.42 6282.26 -1 2
event 70
8826.84 16185.7 21871.5 28772.3
7054.74 2337.11 14468.5 16557.8
4095.07 2424.74 11063.7 12044.3 -1 2
2711.65 3124.84 3528.75 5438.84 -1 1
6115.19 13060.9 18342.8 23333.5 1 1
2959.67 -87.6229 3404.81 4513.45 1 2
event 71
6677.03 12945.7 16973.7 22580.3
9023.55 2703.07 17284.3 19926.6
6195.99 2055.43 14510.5 15911.7 -1 2
1026.81 4722.83 4475.53 6587.94 1 1
5650.22 8222.83 12498.1 15992.3 -1 1
2827.56 647.641 2773.79 4014.92 1 2
event 72
-7264.46 -4973.81 19719.8 21816.8
8230.16 2218.72 21716.5 23534.2
3281.13 2473.46 9594.36 10437.8 -1 2
-1531.12 -2775.16 7408.85 8059.04 -1 1
-5733.34 -2198.65 12311 13757.8 1 1
4949.03 -254.747 12122.2 13096.4 1 2
event 73
954.428 -9520.28 840.979 10091.8
-6073.23 2978.76 1856.81 7667.87
-2463.86 2908.6 712.721 3879.39 1 2
1868.64 -4446.7 -211.386 4829.16 -1 1
-3609.37 70.1561 1144.09 3788.48 -1 2
-914.214 -5073.58 1052.37 5262.67 1 1
event 74
-4247.72 -24230.1 -7011.59 25766.1
-4616.28 10606.6 -4927.09 12949
-4248.51 6609.37 -4044.83 8837.73 1 2
-2363.06 -11592.1 -1804.77 11967.8 1 1
-367.769 3997.25 -882.263 4111.31 -1 2
-1884.66 -12638 -5206.82 13798.3 -1 1
event 75
-1614.87 11323 -2592.61 12129.7
-7313.85 3392.78 12341.2 15063.2
168.266 8250.53 -1337.36 8360.58 -1 1
-1783.14 3072.48 -1255.25 3769.15 1 1
-3397.61 745.213 7640.9 8396.05 -1 2
-3916.25 2647.57 4700.29 6667.12 1 2
event 76
7074.59 -3185.24 9762.69 12848.9
-8406.93 7375.3 -55564.9 56763.7
-3424.8 1211.39 -15255.8 15682.7 1 2
2106.07 -1693.31 5518.18 6145.27 1 1
-4982.13 6163.91 -40309.1 41081 -1 2
4968.53 -1491.93 4244.5 6703.66 -1 1
event 77
-127.811 9405.88 4612.14 10924.7
8368.31 -32480.7 -105037 110305
1446.99 5554.29 2718.73 6351.9 1 1
-1574.8 3851.59 1893.41 4572.84 -1 1
5615.12 -26422.1 -85597.5 89758.5 1 2
2753.19 -6058.6 -19439.1 20547 -1 2
event 78
-5803.49 11095.1 3616.69 13396
-162.917 -8808.27 1424.27 9446.24
1386.05 -3997.59 1140.15 4383.26 -1 2
-467.281 2328.73 -329.456 2400.21 -1 1
-5336.21 8766.38 3946.14 10995.8 1 1
-1548.97 -4810.68 284.112 5062.98 1 2
event 79
7588.03 1668.91 -4909.06 9698.1
-7065.83 -5932.03 -35412.4 36779.6
4470.56 180.792 -1210.83 4636.37 -1 1
3117.47 1488.12 -3698.22 5061.73 1 1
-3754.65 -2830.95 -24730.2 25173.5 -1 2
-3311.18 -3101.08 -10682.2 11606.1 1 2
event 80
-7903.75 8074.72 12087.8 16833.8
5712.69 5.79364 21292.7 22262.1
-4012 5167.76 4974.27 8219.27 1 1
-3891.74 2906.96 7113.5 8614.48 -1 1
3024.85 1533.48 11801.3 12279.4 -1 2
2687.85 -1527.68 9491.33 9982.73 1 2
event 81
7381.23 -6155.87 -13097.3 16538
-8240.7 2639.2 1236.95 9273.35
4307.37 -3693.76 -5131.34 7651.09 1 1
3073.85 -2462.11 -7965.93 8886.94 -1 1
-6277.61 3077.86 171.027 6994.42 -1 2
-1963.09 -438.658 1065.93 2278.93 1 2
event 82
1937.09 12161.5 16588.5 20890.8
-3880.74 -3637.18 5141.76 8019.71
2333.54 7037.12 8226.29 11074.7 1 1
-396.455 5124.41 8362.24 9816.06 -1 1
-1987.67 -2929.55 4803.18 5967.81 -1 2
-1893.08 -707.637 338.581 2051.9 1 2
event 83
11498.5 2628.32 -9288.38 15329.3
-6797.51 301.908 -2804.75 7984.64
-3981.86 -1096.54 -2488.95 4823.24 1 2
4331.26 2543.49 -3975.63 6406.72 1 1
-2815.65 1398.45 -315.798 3161.4 -1 2
7167.21 84.8251 -5312.74 8922.58 -1 1
event 84
846.342 -6848.7 -18959.9 20413
-6792.56 3591.7 -25120.7 26451.5
-2424 2017.5 -14816.5 15148.8 -1 2
1640.82 -2633.59 -10142.7 10607.2 1 1
-4368.56 1574.2 -10304.2 11302.7 1 2
-794.479 -4215.11 -8817.2 9805.74 -1 1
event 85
-4802.47 12299.1 15396.8 20518
5345.56 2140.08 11576.8 13295.4
3386.01 -288.127 6500.36 7335.79 1 2
-379.517 4949.17 6164.5 7915.21 -1 1
1959.55 2428.2 5076.43 5959.64 -1 2
-4422.95 7349.95 9232.28 12602.8 1 1
event 86
5319.44 -5128.42 6683.62 10433.5
-8909.46 -5682.15 15409.5 18939.6
-3034.9 -847.977 2822.7 4231.84 -1 2
1895.03 -2285.88 840.32 3087.67 -1 1
-5874.56 -4834.17 12586.8 14707.8 1 2
3424.4 -2842.54 5843.3 7345.88 1 1
event 87
3218.56 -16212.8 -54477.7 57014.2
3856.07 3515.45 -2989.93 6764.43
3316.44 -9788.17 -31303.5 32965.5 1 1
-97.8837 -6424.61 -23174.2 24048.7 -1 1
2959.49 858.819 -2374.92 3891.98 -1 2
896.585 2656.63 -615.01 2872.45 1 2
event 88
-11179.9 2423.16 -11064 16213.1
13502.4 9269.36 233.941 16669.8
3566.07 1026.93 -458.905 3740.74 1 2
-2689.77 57.8772 -4419.66 5175.21 -1 1
9936.32 8242.44 692.846 12929 -1 2
-8490.13 2365.29 -6644.32 11037.9 1 1
event 89
5089 2223.83 -24596.7 25405.3
224.688 13385.1 -14739.9 20151.2
3184.48 -289.184 -12862.9 13254.8 -1 1
1904.52 2513.01 -11733.7 12150.5 1 1
1628.6 8497.12 -9142.73 12587.9 1 2
-1403.91 4888 -5597.22 7563.3 -1 2
event 90
-5352.74 -2417.65 -13097.1 14684
-1009.69 -12622 -21019.4 24733.4
-4240.76 -339.726 -7801.34 8886.59 -1 1
-1111.98 -2077.92 -5295.74 5797.44 1 1
-1391.46 -8039.46 -10882.8 13602.1 -1 2
381.774 -4582.52 -10136.6 11131.3 1 2
event 91
6406.48 6453.83 -33781.6 35120.9
-3441.85 -11377.8 -4814.82 13193.7
2503.12 4673.45 -17780.1 18553.9 1 1
3903.35 1780.38 -16001.5 16567 -1 1
-1842.78 -5797.91 -803.991 6137.52 -1 2
-1599.07 -5579.85 -4010.83 7056.18 1 2
event 92
7744.63 6974.38 3455.87 11408.5
18386.7 -15317.3 -2345.69 24244.3
2640.32 -1975.59 -1399.21 3583.74 -1 2
2892.39 1091.7 151.551 3097.07 -1 1
15746.4 -13341.7 -946.479 20660.5 1 2
4852.25 5882.68 3304.32 8311.44 1 1
event 93
6113.99 6315.46 2832.83 9740.73
19143.2 -16011.8 -315.637 25150.2
4493.33 2432.48 1523.81 5332.92 -1 1
1620.66 3882.98 1309.02 4407.81 1 1
9304.42 -9778.68 -0.152125 13498.4 -1 2
9838.78 -6233.15 -315.485 11651.8 1 2
event 94
-7998.23 782.325 -20473.6 22211.3
-6706.09 2293.24 -18073.8 19659.2
-4132.17 -44.2151 -6623.16 7807.31 -1 1
-3866.06 826.54 -13850.4 14404 1 1
-4905.4 125.535 -11092.3 12129.7 -1 2
-1800.69 2167.7 -6981.48 7529.51 1 2
event 95
9945.25 -5291.27 26080.7 28647.9
-3563.98 5444.08 6894.42 9973.14
5197.81 -3938.72 18352.1 19476.7 1 1
4747.43 -1352.55 7728.61 9171.16 -1 1
-3038.82 2028.02 2739.62 4567.71 -1 2
-525.168 3416.05 4154.8 5405.44 1 2
event 96
11862.2 -5856.67 30083.5 33009.4
-3036.48 6801.53 6103.16 10115.3
-2015.39 5079.39 2540.3 6027.13 1 2
5021.11 -2296.15 8996.99 10556.6 -1 1
-1021.1 1722.14 3562.85 4088.21 -1 2
6841.04 -3560.52 21086.5 22452.8 1 1
event 97
1679 6631.5 25912.5 26978.6
-4633.46 -6630.76 -2895.8 9133.01
-4593.74 -4261.5 -1800.68 6520.47 1 2
-618.45 2966.18 8121.74 8669.17 -1 1
-39.7198 -2369.25 -1095.11 2612.54 -1 2
2297.45 3665.33 17790.7 18309.4 1 1
event 98
-9541.55 8669.91 19286.4 23404.4
3616.73 -7460.13 18288.6 20317.4
3863.51 -4943.23 12074.6 13607.7 -1 2
-2256.21 3049.26 7902.21 8766.11 -1 1
-7285.33 5620.64 11384.2 14638.3 1 1
-246.783 -2516.91 6213.97 6709.72 1 2
event 99
-5751.06 6052.45 13471.5 16148.7
5343.93 -8808.89 20185.3 22873.4
-3865.94 3559.02 10895 12096.4 1 1
-1885.12 2493.43 2576.54 4052.23 -1 1
5129.14 -6057.21 15966.7 17831 -1 2
214.788 -2751.69 4218.66 5042.44 1 2
event 100
-6229.92 -6661.02 25800.3 27539.6
-13781.6 -6385.33 40312.9 43190.6
-4277.94 -4459.1 21158.6 22042.7 1 1
-1951.98 -2201.92 4641.73 5496.86 -1 1
-6917.47 -4810.88 23326.9 24802.3 1 2
-6864.16 -1574.45 16985.9 18388.3 -1 2
event 101
-6934.53 -7739.32 23437.3 25824
-18812.9 -9022.12 59290.2 62930.5
-4569.95 -4986.35 18482.2 19681.2 -1 1
-2364.58 -2752.97 4955.15 6142.86 1 1
-11375.1 -3767.57 34163.9 36204.5 1 2
-7437.83 -5254.54 25126.3 26725.9 -1 2
event 102
-9155 -4782.79 -15632.3 18990.7
-4342.73 -3245.54 2047.83 6570.92
-2542.62 -1976.61 2771.55 4250.24 1 2
-4511.54 -2276.08 -10378 11543.3 -1 1
-1800.11 -1268.93 -723.726 2320.68 -1 2
-4643.46 -2506.71 -5254.33 7447.44 1 1
event 103
151.348 -6947.76 32418.1 33299
-6124.51 5166.02 -2531.68 8955.3
-3436.23 1016.43 -546.792 3626.42 -1 2
-1354.6 -1884.32 10202.1 10463.2 1 1
1505.95 -5063.44 22216.1 22835.8 -1 1
-2688.28 4149.59 -1984.88 5328.88 1 2
event 104
2361.68 -13418.7 -12874.5 18999.5
5806.45 -23191.8 -54062 59193.5
-315.934 -7108.92 -6473.86 9620.74 -1 1
2677.61 -6309.77 -6400.62 9378.8 1 1
3918.98 -14940.5 -31190.4 34805.6 1 2
1887.47 -8251.36 -22871.6 24387.9 -1 2
event 105
976.431 -10777.4 -11550.7 16128.1
3290.3 -19489.3 -48292.6 52272.6
1051.13 -4779.45 -8797.39 10067.4 -1 2
-1.35616 -2967.19 -5305.38 6079.68 1 1
2239.17 -14709.8 -39495.2 42205.2 1 2
977.787 -7810.22 -6245.34 10048.4 -1 1
event 106
548.236 -12732.4 -11476.3 17427.4
4039.88 -16017.4 -37866.7 41428.9
948.062 -6055.43 -17568.5 18607.2 -1 2
1083.23 -4517.57 -5778.07 7414.78 -1 1
3091.81 -9961.95 -20298.2 22821.7 1 2
-534.994 -8214.86 -5698.27 10012.6 1 1
event 107
4126.86 -6997.52 -12961.2 15607.1
-2367.37 10460.6 -11079.5 15728.2
272.93 4085.17 -5477.26 6839.2 -1 2
3038.39 -2460.52 -7190.48 8185.36 -1 1
-2640.3 6375.43 -5602.27 8888.97 1 2
1088.47 -4536.99 -5770.73 7421.7 1 1
event 108
12617.6 -2956.71 -60271.8 61727
4177.12 8045.19 -41177.9 42277.5
2921.72 2450.98 -18113.6 18511 -1 2
3291.66 559.202 -16500.5 16835.3 -1 1
9325.89 -3515.92 -43771.3 44891.8 1 1
1255.4 5594.21 -23064.3 23766.5 1 2
event 109
-10287.6 13421.3 -26633.3 31763
266.794 -5949.45 -4379.72 8014.99
1652.62 -3611.32 -2296.68 4588.98 1 2
-2375.06 4314.26 -10680.7 11761.9 1 1
-1385.82 -2338.12 -2083.04 3426.01 -1 2
-7912.58 9107 -15952.6 20001.1 -1 1
event 110
-4641.48 11122.5 -19244.2 22916.9
-6179.51 -13002.9 -5279 15643.6
-1656.54 -7014.78 -2906.65 7772.45 -1 2
-2858.33 3078.19 -6335.47 7602.28 1 1
-1783.15 8044.34 -12908.7 15314.6 -1 1
-4522.97 -5988.16 -2372.34 7871.11 1 2
event 111
7118.31 -1039.07 -12893.1 15085.5
-4842.54 7495.66 -4114.13 10303
-649.133 3746.9 -1366.57 4042.19 1 2
2153.18 173.416 -6779.78 7116.38 -1 1
-4193.41 3748.76 -2747.56 6260.84 -1 2
4965.13 -1212.48 -6113.32 7969.1 1 1
event 112
-10337.1 -27013 -93142.4 97599.4
3523.06 4803.55 -8037.02 10472.4
2701.28 2210.95 -6414.79 7303.82 1 2
-3355.82 -8258.43 -23325.1 24970.6 1 1
821.783 2592.61 -1622.23 3168.56 -1 2
-6981.29 -18754.6 -69817.3 72628.8 -1 1
event 113
-6001.86 1962.17 20940.2 22089.8
-8323.16 1137.57 20861.3 22701.4
-3408.4 1217.03 16501.9 16894.4 -1 1
-2593.46 745.134 4438.35 5195.32 1 1
-4531.48 -775.346 12577.7 13392 1 2
-3791.68 1912.91 8283.58 9309.4 -1 2
event 114
-7364.34 -16381.8 -24753.2 30739.4
-8414.44 -4884.37 18359.9 21008.1
-3785.72 -3862.08 8644.14 10197 1 2
-2655.92 -7589.69 -8764.6 11894.8 -1 1
-4628.72 -1022.3 9715.8 10811 -1 2
-4708.42 -8792.15 -15988.6 18844.6 1 1
event 115
-12206.1 1546.75 -12380.2 17726.9
19020.7 -3331.34 -12063.2 22978.2
13888.3 -2158.39 -10298.7 17424.6 1 2
-5897.19 582.031 -8118.92 10052 -1 1
5132.41 -1172.95 -1764.58 5553.59 -1 2
-6308.95 964.723 -4261.27 7674.84 1 1
event 116
-7688.9 2035.66 -10072.7 13202.8
17484 -3517.82 -10379 20865.7
-5329.04 525.959 -8325.41 9899.44 1 1
-2359.86 1509.71 -1747.3 3303.39 -1 1
11169.8 -3357.98 -7858.29 14064.3 1 2
6314.23 -159.84 -2520.66 6801.47 -1 2
event 117
-10761.2 1321.29 -12853.7 17098.6
15425.5 -2694.07 -9611.28 18739.6
7080.77 -793.513 -2314.46 7492.33 1 2
-3616.37 -148.376 -6424.65 7374.79 1 1
8344.7 -1900.55 -7296.82 11247.3 -1 2
-7144.85 1469.67 -6429.08 9723.83 -1 1
event 118
1327.18 -8455.67 -8864.27 12705.5
515.734 -9232.59 -3569.93 10384.6
1967.13 -4498.81 -3606.19 6093 -1 1
-639.952 -3956.86 -5258.09 6612.48 1 1
-289.479 -7172.3 -1460.03 7325.88 -1 2
805.213 -2060.28 -2109.9 3058.76 1 2
event 119
8666.95 4200.59 12806.1 16320.2
-4384.93 8017.12 -8832.18 13080.5
-2481.38 2917.03 -1931.42 4290.44 -1 2
3502.13 1329.38 2721.83 4631.6 1 1
5164.82 2871.21 10084.3 11688.6 -1 1
-1903.55 5100.1 -6900.75 8790.11 1 2
event 120
-5276.7 -5809.87 -10355.7 13357.7
16726.3 -15581.6 -63651.3 67702.5
-2632.79 -4848.49 -5826.36 8024.78 -1 1
-2643.91 -961.38 -4529.31 5332.95 1 1
13007 -10570.6 -44020.9 47103.8 1 2
3719.28 -5010.96 -19630.4 20598.7 -1 2
event 121
-4818.4 8060.65 18184.1 20698.9
12786 -7593.45 44480.9 47003
4336.86 -1044.7 11641.4 12467.3 1 2
-1487.22 2143.07 8341.57 8740.56 -1 1
8449.16 -6548.75 32839.5 34535.8 -1 2
-3331.18 5917.58 9842.56 11958.3 1 1
event 122
7194.1 -13380.8 2824.67 15759.8
-6575.54 5963.87 -8241.46 12502.7
4921.06 -7887.09 305.938 9302.03 1 1
2273.04 -5493.69 2518.74 6457.75 -1 1
-2878.91 4613.69 -4320.82 6946.57 -1 2
-3696.63 1350.18 -3920.63 5556.13 1 2
event 123
-4332.74 3328.15 -4953.54 7998.57
7748.2 -10791.3 1479.96 13721.1
-1932.49 2675.3 -1238.84 3526.71 1 1
-2400.25 652.85 -3714.7 4471.87 -1 1
5362.7 -4862.63 527.31 7259 -1 2
2385.5 -5928.72 952.648 6462.12 1 2
event 124
-6045.39 6046.66 -6662.28 11273.2
8893.37 -13465.2 2490.87 16619.3
2112 -5246.66 -82.0781 5657.37 1 2
-632.158 2389.94 -2550.83 3553.77 -1 1
6781.36 -8218.59 2572.95 10961.9 -1 2
-5413.23 3656.72 -4111.45 7719.45 1 1
event 125
2228.44 -5365.88 -16.7597 6584.06
-14087.9 -4694.23 -6061.05 16335
317.892 -3825.48 -950.695 3956.05 -1 1
1910.55 -1540.4 933.935 2628.01 1 1
-9001.03 -3997.13 -2754.68 10227.2 -1 2
-5086.88 -697.099 -3306.37 6107.83 1 2
event 126
-2617.51 -5287.09 3563.96 7816.21
5828.94 9042.8 11416.7 15990
-2309.6 -2778.81 3837.71 5272.12 1 1
-307.912 -2508.28 -273.754 2544.09 -1 1
1845.89 5635.58 5562.13 8131.15 -1 2
3983.05 3407.22 5854.56 7858.81 1 2
event 127
12728 8478.44 10186.3 18634.3
-10259.1 -45.9499 -7977.73 13359.8
-4981.66 865.391 -2305.64 5558.15 -1 2
4244.55 1463.56 2003.54 4917.68 1 1
8483.47 7014.87 8182.77 13716.7 -1 1
-5277.42 -911.341 -5672.09 7801.63 1 2
event 128
-7818.29 7806.75 -10997.7 15893.8
7156.2 -2687.95 -22495.8 23960.1
4129.66 -2301.07 -9515.93 10626.1 -1 2
-3926.67 2275.53 -3108.17 5501.7 1 1
-3891.62 5531.23 -7889.56 10392.1 -1 1
3026.55 -386.879 -12979.8 13334 1 2
event 129
-3271.15 -5396.92 9326.4 11849
2736.2 17843.2 428.223 18320.5
-1577.11 -3866.54 8403.28 9384.23 1 1
-1694.04 -1530.38 923.121 2464.78 -1 1
327.545 11415.3 -238.931 11423 1 2
2408.65 6427.96 667.154 6897.57 -1 2
event 130
6107.32 2404.55 -999.973 7326.38
-7614.21 3279.42 25322.9 26824.8
-2126.79 2359.94 7291.77 7954.47 1 2
1167.2 1715.99 -1069.11 2336.91 -1 1
-5487.43 919.482 18031.1 18870.4 -1 2
4940.12 688.553 69.1322 4989.47 1 1
event 131
4535.16 -8914.23 48559.5 49675.4
7700.58 3724.77 20211 22164.2
1747.73 -6604.25 33016.7 33716.2 -1 1
2787.43 -2309.97 15542.8 15959.2 1 1
1934.91 857.586 8894.74 9143.68 -1 2
5765.67 2867.18 11316.3 13020.5 1 2
event 132
6892.57 4567.74 19022.1 20971.5
2894.67 -11021.1 56180.4 57407.9
3470.16 -7857.85 40597.1 41496.1 1 2
3191.63 2014.29 12433.8 12994.4 1 1
-575.484 -3163.28 15583.3 15911.9 -1 2
3700.94 2553.46 6588.34 7977.13 -1 1
event 133
-3789.1 8250.97 2489.91 9910.92
6117.57 -4366.54 10122 12982.2
2828.7 -3323.93 3840.3 5814.56 -1 2
-2593.8 2337.27 1475.84 3792.09 1 1
-1195.3 5913.71 1014.06 6118.84 -1 1
3288.87 -1042.61 6281.69 7167.6 1 2
event 134
-2400.25 7523.55 1816.28 8674.94
10253.8 -5362.13 17254.3 21004.6
7523.38 -3848.54 9914.15 13027.4 1 2
389.169 3612.37 352.826 3651.9 1 1
2730.38 -1513.6 7340.2 7977.19 -1 2
-2789.42 3911.18 1463.45 5023.05 -1 1
event 135
-14433.3 -17065.1 -17668.2 28658.2
7343.9 -948.181 5007.96 9460.62
-10390.8 -10770.8 -13119.6 19902.6 -1 1
-4042.55 -6294.36 -4548.58 8755.68 1 1
5154.9 -171.277 4927.59 7134.05 -1 2
2189 -776.904 80.3748 2326.57 1 2
event 136
5618.59 26096.3 -7240.27 27831.6
12248 -4629.54 -1230.8 13511.1
3774.45 15108.6 -2726.6 15810.1 -1 1
1844.15 10987.8 -4513.67 12021.5 1 1
9207.77 -4388.36 52.4627 10200.7 -1 2
3040.19 -241.178 -1283.26 3310.42 1 2
event 137
3824.49 15987.2 -3062.06 17005.4
11075.3 -4527.86 -560.484 12532.7
7269.74 -1027.26 -513.819 7360.67 -1 2
5.55103 6002.96 -587.627 6032.58 -1 1
3818.93 9984.24 -2474.43 10972.8 1 1
3805.59 -3500.6 -46.6646 5172.04 1 2
event 138
3496.35 2544.22 3478.94 6355.45
-2672.78 11113.3 24614 27314.6
3135.82 483.357 2511.89 4048.18 1 1
360.538 2060.87 967.049 2307.27 -1 1
-314.43 6720.36 16068 17419.9 1 2
-2358.35 4392.97 8546.01 9894.72 -1 2
event 139
-2700.88 -10378.8 -23886.7 26441.8
-6077.97 584.317 -13071.8 14756.1
-485.396 -6516.78 -10861.6 12676.3 -1 1
-2215.49 -3862.01 -13025.1 13765.5 1 1
-1667.91 1278.66 -2424.78 3210.55 -1 2
-4410.06 -694.341 -10647 11545.6 1 2
event 140
4074.46 -5548.71 39669.9 40381.7
-123.884 -11735.2 58033.2 59288.9
-1521.49 -4372.01 23444.5 23897.4 -1 2
2461.01 -979.42 11867.4 12159.8 1 1
1397.61 -7363.18 34588.7 35391.5 1 2
1613.45 -4569.29 27802.6 28221.9 -1 1
event 141
-2940.25 14410.8 14081.8 20596.2
8449.69 -6047.95 2164.06 11056.6
5606.52 -5665.58 1537.8 8118.36 -1 2
-2029.74 4292.55 3309.7 5788.88 1 1
-910.511 10118.2 10772.1 14807.3 -1 1
2843.17 -382.37 626.265 2938.23 1 2
event 142
-8058.35 7106.94 32266.3 34149
12036.7 -9589.99 20167.9 25557.5
-5110.64 5399.68 17878.8 19363.3 1 1
-2947.7 1707.27 14387.5 14785.6 -1 1
10301.6 -6683.97 16454.9 20532.3 -1 2
1735.06 -2906.02 3713.02 5025.25 1 2
event 143
7414.56 11788.4 -71176.3 72592
5302.96 4526.93 -28011.8 29032.2
3690.36 1133.15 -13511.2 14052.3 1 2
1404.31 4683.23 -28020.8 28444.4 -1 1
1612.6 3393.77 -14500.6 14979.9 -1 2
6010.26 7105.14 -43155.5 44147.6 1 1
event 144
4473.01 -4586.86 30790.5 31602.1
6110.16 13102 2948.14 15207.9
3600.06 -1962.34 14130.5 14713.7 1 1
872.95 -2624.52 16660 16888.3 -1 1
5487.97 8794.65 3193.13 10847.6 1 2
622.19 4307.36 -244.994 4360.23 -1 2
event 145
2323.25 -8238.27 7557.11 11830.8
6376.54 9810.94 9150.37 15173.5
3708.04 3138.42 2972.81 5696.32 -1 2
1994.8 -1915.35 2434.05 3685.59 1 1
2668.5 6672.52 6177.56 9477.18 1 2
328.441 -6322.92 5123.06 8145.19 -1 1
event 146
8293 7516.39 -11116.3 16075.8
-9376.5 -6892 9235.73 15175.9
5486.48 3526.23 -4821.6 8111.4 1 1
2806.51 3990.16 -6294.7 7964.44 -1 1
-7718.02 -4693.16 5656.23 10658.2 -1 2
-1658.47 -2198.84 3579.5 4517.68 1 2
event 147
5089.65 5185.73 -8982.83 12127.4
-9335.26 -8555.19 8624.69 15757.8
2084.38 4114.45 -6953.08 8344.45 1 1
3005.27 1071.28 -2029.76 3782.9 -1 1
-5247.05 -5830.4 7183.49 10636.7 -1 2
-4088.21 -2724.79 1441.2 5121.15 1 2
event 148
7781.59 -8686.05 39236.1 41049.5
4503.91 -7229.99 24512.6 26134.6
4525.26 -6149.51 20816 22172.3 1 1
3256.33 -2536.54 18420.1 18877.2 -1 1
2877.32 -2059.73 7825.68 8589.17 -1 2
1626.58 -5170.26 16686.9 17545.4 1 2
event 149
14236.2 -16815.1 64659.4 68380.2
3858.07 -6185.64 19513.5 21059.8
10384.1 -13395.6 52689.9 55349 -1 1
3852.12 -3419.45 11969.5 13031.2 1 1
1736.84 -3897.86 7326.19 8479.04 -1 2
2121.22 -2287.77 12187.4 12580.8 1 2
event 150
9609.76 -4274.32 30557.1 32464.5
1071.27 7337.11 3473.92 8754.41
1947.28 2850.8 1704.96 3851.89 -1 2
2416.17 214.676 5522.01 6032.23 1 1
7193.59 -4488.99 25035 26432.2 -1 1
-876.008 4486.3 1768.96 4902.52 1 2
event 151
-8020.18 -1706.11 2112.34 9015.89
-4631.62 4444.46 -22378.6 23486.2
-4996.99 430.306 762.717 5074.24 -1 1
-3023.19 -2136.42 1349.62 3941.65 1 1
-1064.63 2398.09 -5244.65 5865.31 -1 2
-3566.98 2046.37 -17134 17620.9 1 2
event 152
22204.2 -1610.98 3757.86 22789
-16220.5 4890.88 27802 32704.3
-6311.78 770.239 12347.6 13889.1 1 2
2085.44 -1079.55 362.631 2378.48 1 1
20118.8 -531.428 3395.22 20410.5 -1 1
-9908.75 4120.64 15454.4 18815.2 -1 2
event 153
-23685.8 6331.28 43704.9 50207.6
15597.5 -2584.67 3185.76 16422.6
-17017.5 4318.01 28348.4 33345 -1 1
-6668.25 2013.27 15356.4 16862.7 1 1
4927.04 -1695.46 2241 5673.05 -1 2
10670.4 -889.204 944.756 10749.5 1 2
event 154
-9885.45 -15825.1 12869.8 22877.5
8203.19 2224.94 -4804.34 10435.7
3211.08 -306.023 -3350.18 4651.83 -1 2
-1229.87 -2744.58 3461.84 4587.03 -1 1
-8655.58 -13080.5 9408 18290.4 1 1
4992.11 2530.96 -1454.17 5783.83 1 2
event 155
-5930.17 -11031.6 11070.3 17000.1
8255.93 2907.45 -4466.54 10303.1
5778.64 3470.38 -3291.9 7502.27 1 2
-4206.29 -4774.96 4758.21 7946.37 -1 1
2477.29 -562.936 -1174.64 2800.86 -1 2
-1723.88 -6256.59 6312.07 9053.74 1 1
event 156
-3709.7 4933.37 21286.1 22378.3
6773.92 -3425.34 3620.28 8961.94
2722.37 -2983.95 2429.32 4714.66 -1 2
107.831 2150.22 5818.61 6205.04 -1 1
-3817.53 2783.14 15467.5 16173.3 1 1
4051.54 -441.393 1190.96 4247.28 1 2
event 157
5987.3 -4353.38 -8080.77 11388.1
2816.56 -7707.08 -4322.06 9777.78
1669.09 -3125.32 -272.205 3555.1 1 2
1444.31 -2650.69 -2064.29 3658.5 -1 1
4543 -1702.69 -6016.48 7729.63 1 1
1147.47 -4581.76 -4049.86 6222.68 -1 2
event 158
-20790.2 -3145.59 -30538.9 37206.8
-6841.39 3242.54 -1882.98 8393.6
-12828.5 -873.815 -16655 21041.3 -1 1
-7961.64 -2271.78 -13884 16165.5 1 1
-4771.83 2981.82 -2580.97 6191.46 -1 2
-2069.56 260.713 697.993 2202.13 1 2
event 159
53188.9 -2971.76 46166.7 70589.3
6455.39 20712 1388.62 21958.6
4100.72 16315.9 173.46 16824.6 -1 2
5456.6 -804.869 6173.73 8279.39 -1 1
47732.3 -2166.89 39993 62309.9 1 1
2354.67 4396.11 1215.16 5134.01 1 2
event 160
63315.8 -3884.31 53529.8 83084.3
10686.2 34207.5 2657.82 36069.5
4350.9 11091.1 2071.64 12093.2 1 2
10520.3 -1813.37 8064.93 13379.8 1 1
52795.6 -2070.94 45464.9 69704.6 -1 1
6335.35 23116.4 586.181 23976.3 -1 2
event 161
43248.9 -2761.54 38697.2 58182.1
10126.6 30332.8 1584.7 32167.2
8788.1 28552.1 1789.28 29927.7 1 2
14565.5 -1883.52 11632.3 18735.6 -1 1
1338.49 1780.7 -204.583 2239.53 -1 2
28683.5 -878.024 27064.9 39446.6 1 1
event 162
3018.64 -5497.27 -16477.8 17900.9
-10118.7 -4342.07 -8622.12 14323.9
776.866 -4444.27 -10868.6 11768.3 -1 1
2241.77 -1052.99 -5609.26 6132.64 1 1
-4803.1 -2802.01 -6057.27 8223.3 -1 2
-5315.59 -1540.07 -2564.85 6100.57 1 2
event 163
514.696 6016.84 22888.8 23957.4
1106.38 -12713.8 128.341 13132.8
1988.98 3818.34 11947.3 12699.8 1 1
-1474.29 2198.5 10941.4 11257.6 -1 1
-672.668 -8398.35 -391.643 8435.01 -1 2
1779.05 -4315.4 519.983 4697.8 1 2
event 164
-1351.65 12597 -54351.2 55894.1
13409 -1868.08 -53941.8 55701
4444.96 -1223.34 -24012.6 24451.4 1 2
753.969 3884.84 -13350.9 13925.4 -1 1
8964.04 -644.733 -29929.2 31249.6 -1 2
-2105.62 8712.14 -41000.3 41968.7 1 1
event 165
-2672.19 9133.12 -44645.6 45753.4
9264.13 -315.3 -39673.5 40859.5
3922.3 1166.89 -20278.8 20687.9 1 2
-384.282 2470.54 -6548.76 7010.61 1 1
-2287.91 6662.58 -38096.9 38742.8 -1 1
5341.83 -1482.19 -19394.6 20171.6 -1 2
event 166
7184.12 2037.1 30882.7 31923.3
-7923.19 -1143.55 5589.37 10242.9
-3609.62 1011.97 2201.77 4348.84 1 2
1699.52 1111.5 4194.89 4661.77 1 1
5484.6 925.599 26687.8 27261.5 -1 1
-4313.57 -2155.52 3387.6 5894.08 -1 2
event 167
-16036.6 -535.613 -65708.3 67709.9
4190.84 3734.58 3790.64 7447.8
1426.02 3262.51 2539.99 4374.96 1 2
-4470.49 -70.8928 -24581.2 24984.7 -1 1
2764.83 472.065 1250.64 3072.85 -1 2
-11566.1 -464.721 -41127.2 42725.2 1 1
event 168
7775.27 1681.31 -6950.5 11188.4
-6045.08 -8229.88 1158.93 10733.5
3652.3 2062.45 -5225.8 6701.72 -1 1
4122.98 -381.146 -1724.7 4486.64 1 1
-4878.56 -5252.19 -387.446 7179.63 -1 2
-1166.52 -2977.69 1546.38 3553.85 1 2
event 169
5401.96 5306.25 15551.3 17571.8
-2777.98 -9173.14 11086.8 14979.1
2233.1 3768.16 10811.6 11665.7 1 1
3168.86 1538.09 4739.63 5906.15 -1 1
-2516.26 -6573.4 5958.85 9222.81 -1 2
-261.723 -2599.74 5127.99 5756.27 1 2
event 170
-10826.7 14453.1 12987.9 22458.5
12175.8 -20168.1 90172.3 93250.4
-8165.29 8459.47 8601.04 14567.9 1 1
-2661.42 5993.62 4386.83 7890.63 -1 1
8225.46 -15662.7 70471.6 72658.4 -1 2
3950.31 -4505.45 19700.7 20592 1 2
event 171
12485.9 -21031.2 93298.7 96501.1
-23348.1 29545.3 25775.4 45738.6
-22076.1 26566.5 23680.8 41879.9 1 2
5112.78 -6108.6 27620.9 28746.9 -1 1
-1272 2978.81 2094.65 3858.75 -1 2
7373.13 -14922.6 65677.8 67754.2 1 1
event 172
7082.57 3518.1 -22966.7 24486.7
5572.99 -10971.2 -20880.6 24433.9
1108.78 -4309.06 -5388.66 6989.01 1 2
2356.79 2836.03 -11004.8 11606.6 -1 1
4464.21 -6662.15 -15491.9 17444.9 -1 2
4725.78 682.066 -11962 12880.1 1 1
event 173
9956.96 19972.8 -63884.9 67741.6
15249.2 4276.04 -52158.8 54598.1
12893.8 3750.3 -39768 41974 -1 2
3079.01 3698.54 -11922.9 12857.9 1 1
6877.94 16274.3 -51962.1 54883.8 -1 1
2355.44 525.734 -12390.8 12624.1 1 2
event 174
9663.5 2149.57 -35463.9 36949.7
10972 15256.5 -56163.7 59305.1
1456.79 4082.11 -11395 12191.9 -1 2
3118.65 1372.25 -7817.9 8528.77 1 1
9515.25 11174.4 -44768.7 47113.2 1 2
6544.85 777.318 -27646 28421 -1 1
event 175
3504.26 4514.98 7085.27 9615.44
-3441.4 -8916.02 14458.7 17606.3
-2213.43 -2245.67 5847.96 6644.7 1 2
2012.16 798.903 4035.53 4580.8 1 1
-1227.97 -6670.35 8610.7 10961.6 -1 2
1492.1 3716.07 3049.74 5034.64 -1 1
event 176
6179.17 4330.15 -5874.08 10051.3
-1630.53 -7792.36 -9462.47 12747.9
-2126.15 -4127.38 -6599.4 8069.63 1 2
3667.22 776.52 -3292.23 4990.13 -1 1
495.62 -3664.98 -2863.07 4678.25 -1 2
2511.94 3553.63 -2581.85 5061.15 1 1
event 177
17795.2 2002.71 -6429.76 19277.3
-14308.9 -4718.71 -61973.6 63854
-6413.82 -582.022 -24148 24992.3 -1 2
4382.94 -714.993 -2173.94 4945.56 1 1
13412.2 2717.7 -4255.82 14331.7 -1 1
-7895.07 -4136.69 -37825.6 38861.7 1 2
event 178
-17303.4 -7879.52 -72973.2 75473
20813.5 4120.26 -7900.01 22851.2
-10493.3 -5814.56 -50196.7 51610.5 1 1
-6810.01 -2064.97 -22776.5 23862.6 -1 1
16737 2393.94 -5313.36 17722.9 -1 2
4076.44 1726.32 -2586.65 5128.3 1 2
event 179
-8116.2 5190.81 5460.46 11498.9
5094.97 6038.56 -14985.3 17221.3
-4200.46 3624.58 4566.67 7186.59 -1 1
-3915.73 1566.23 893.798 4312.32 1 1
4839.33 3899.1 -9796.42 11601.9 -1 2
255.632 2139.46 -5188.83 5619.41 1 2
event 180
-5782.38 3372.06 3687.31 8245.84
7492.26 9236.34 -23202 26255.9
-3647.54 1842.82 505.763 4119.17 -1 1
-2134.83 1529.24 3181.54 4126.68 1 1
4267.37 6236.05 -17402.1 18972.1 -1 2
3224.9 3000.29 -5799.97 7283.72 1 2
event 181
-9659.65 6792.53 7643.31 14403.4
7337.28 7629.25 -16858.4 20145.4
5068.99 3739.06 -11768.7 13348.7 -1 2
-3656.51 4092.79 2416.43 5997.61 1 1
-6003.14 2699.74 5226.88 8405.82 -1 1
2268.29 3890.19 -5089.71 6796.69 1 2
event 182
4771.16 4031.32 -6361.52 9437.98
812.413 -14320.3 -1343.28 14735.3
939.202 -4202.56 -1646.86 4611.61 -1 2
2255.4 238.766 -1244.84 2589.33 -1 1
-126.789 -10117.8 303.587 10123.7 1 2
2515.75 3792.55 -5116.68 6848.65 1 1
event 183
-844.594 8667.81 -21085.1 23022.1
297.365 -7273.71 873.165 7959.19
-940.621 -5418.55 -151.079 5502.68 -1 2
-1018.56 2999.52 -11043.5 11489.3 1 1
173.963 5668.28 -10041.6 11532.7 -1 1
1237.99 -1855.15 1024.24 2456.51 1 2
event 184
669.919 -12317.2 51742.7 53282.8
-3247.4 7932.33 20747.4 22660.8
1490.62 -7027.37 25127.5 26134.4 1 1
-820.704 -5289.85 26615.2 27148.4 -1 1
-2325.82 1894.55 6554.1 7208.75 -1 2
-921.581 6037.77 14193.3 15452.1 1 2
event 185
-2233.56 -16556.8 69225 71279.8
-2903.51 7858.65 23860.4 25477.4
-1555.9 2770.58 13335.6 13709.3 1 2
-1110.08 -2798.06 8920.11 9414.93 -1 1
-1123.48 -13758.7 60304.9 61864.8 1 1
-1347.61 5088.07 10524.9 11768.1 -1 2
event 186
19761.9 9408.87 13137.8 25714.8
-8323.03 -17081.9 4808.48 19843.8
-2846.84 -7214.44 3405.68 8471.28 -1 2
1996.04 543.237 2295.95 3092.22 1 1
17765.8 8865.63 10841.9 22622.6 -1 1
-5476.19 -9867.43 1402.8 11372.5 1 2
event 187
-11884.5 -24896.7 7379.5 28725.1
37253.3 17589 22067.3 46837.3
-8553.89 -16055 3578.34 18540.4 -1 1
-3330.58 -8841.69 3801.16 10184.7 1 1
28331.6 14504 17914.1 36523.5 -1 2
8921.71 3085.02 4153.25 10313.8 1 2
event 188
-10940.4 -3108.65 3781.83 12379.3
-3172.02 -6600.04 -11957.2 14359.2
-1594.58 -4689.49 -5299.33 7254.52 1 2
-5394.92 -172.94 897.716 5472.86 -1 1
-1577.43 -1910.55 -6657.86 7104.7 -1 2
-5545.44 -2935.71 2884.11 6906.49 1 1
event 189
-299.127 14023.6 16120.1 21591.6
260.789 -8903.93 -9449.75 13350.6
1234.62 8926.52 10783.5 14053.6 -1 1
-1533.74 5097.09 5336.57 7538.09 1 1
-1380 -4680.58 -5308.41 7211.29 -1 2
1640.79 -4223.35 -4141.33 6139.28 1 2
event 190
1479.84 7440.1 -1278.29 8292.73
-5825.38 -7671.53 4361.36 11018.1
-2616.97 -3875.61 462.726 4700.44 1 2
1512.77 1975.93 509.74 2542.39 1 1
-32.9271 5464.17 -1788.03 5750.34 -1 1
-3208.41 -3795.92 3898.63 6317.71 -1 2
event 191
-7452.96 -9625.43 4540.16 13356.6
2770.92 5932.47 -2664.21 7972.2
3042.61 3539.56 -2983.4 5540.56 -1 2
-3754.37 -2708.57 2448.84 5238.29 1 1
-3698.58 -6916.86 2091.32 8118.33 -1 1
-271.691 2392.91 319.184 2431.64 1 2
event 192
-3875.96 -4317.26 13138.5 14692.6
14142.5 9635.36 42061.5 45514.9
-1307.92 -3508.19 6127.06 7181.23 -1 1
-2568.04 -809.07 7011.47 7511.41 1 1
10032.9 8278.12 29939.8 32643.4 -1 2
4109.6 1357.23 12121.7 12871.6 1 2
event 193
13578.6 -1819.04 3387.4 14448.3
-7366.06 -4860.89 27009.2 28582.7
8467.33 -1354.66 574.907 8594.91 1 1
5111.27 -464.371 2812.49 5853.37 -1 1
-1334.88 -2373.79 6148.04 6725.06 -1 2
-6031.18 -2487.09 20861.1 21857.7 1 2
event 194
-7825.62 -5949.17 33611.4 35156.1
8499.22 -1881.43 1221.37 9319.84
3007.43 -2176.56 827.788 3805.06 -1 2
-2048.87 -1834.15 14759.4 15013.7 1 1
-5776.76 -4115.02 18852.1 20142.4 -1 1
5491.78 295.127 393.583 5514.79 1 2
event 195
-11719 -5980.03 42093.1 44209.9
9581.32 -2451.37 2557.66 10674.4
7542.61 -869.195 1001.41 7659.02 -1 2
-5125.57 -2163.07 22742 23412.8 -1 1
-6593.46 -3816.96 19351.1 20797.1 1 1
2038.71 -1582.17 1556.25 3015.41 1 2
event 196
4977.57 -3526.28 -7420.86 10093.1
-8202.58 7934.58 -42917.7 44517
3962.94 -1048.75 -5132.87 6569.81 1 1
1014.63 -2477.54 -2287.98 3523.31 -1 1
-4058.06 4048.88 -15742.3 16753.9 -1 2
-4144.52 3885.7 -27175.4 27763.1 1 2
event 197
-13622.8 -6123.17 -75381.1 76908.9
-6450.77 -488.873 -28106.7 29007.4
-8935.76 -5553.43 -50772 51850.7 1 1
-4687.08 -569.742 -24609.1 25058.2 -1 1
-1793 1109.43 -11225.7 11422.5 -1 2
-4657.76 -1598.3 -16881 17584.9 1 2
event 198
3088.44 -6225.94 -2877.33 8134.5
-1904.64 13053.2 -9198.92 16377.6
288.174 3339.54 -1063.04 3518.07 1 2
1829.08 -1665.93 208.931 2485.09 -1 1
-2192.81 9713.68 -8135.88 12859.5 -1 2
1259.36 -4560 -3086.26 5649.4 1 1
event 199
-8394.41 -1271.15 25326.9 26891
5769.97 -17578.3 83192.7 85281.3
3030.31 -5332.13 31010.9 31611.7 1 2
-1947.59 935.241 4867.68 5326.66 -1 1
2739.66 -12246.2 52181.8 53669.6 -1 2
-6446.81 -2206.39 20459.2 21564.3 1 1
event 200
-9983.06 -1025.67 23832 26043.6
3807.78 -14358 75354.4 76866.9
2542.9 -6115.69 27143.9 27940.5 1 2
-2271.2 -1522.3 7243.28 7742.87 -1 1
1264.88 -8242.3 48210.5 48926.4 -1 2
-7711.86 496.635 16588.7 18300.7 1 1
event 201
-11512.6 -1907.23 -17704.7 21429.5
4341.55 4006.75 5488.52 8638.14
3749.16 1513.4 3915.41 5629.23 1 2
-4721.16 -2305.14 -8240.22 9773.19 -1 1
592.385 2493.35 1573.1 3008.91 -1 2
-6791.46 397.905 -9464.51 11656.3 1 1
event 202
8547.73 3860.6 7282.55 12271.7
-8782.09 -1443.68 -12107 15342.1
-3455.85 -127.742 -2465.62 4248.49 1 2
2322.21 398.442 450.919 2401.23 1 1
6225.52 3462.16 6831.63 9870.46 -1 1
-5326.24 -1315.93 -9641.4 11093.6 -1 2
