event 0
3214.76 3321.75 -29037.2 29565.5
12468 -15007.5 32111.5 37701.7
816.624 3036.85 -16269.4 16570.9 -1 1
2398.14 284.898 -12767.8 12994.6 1 1
6093.43 -9185.79 19849.9 22705.5 1 2
6374.61 -5821.69 12261.6 14996.2 -1 2
event 1
12300.7 5220.15 -8501.44 16137.6
5569.97 6415.88 -3392.47 9658.55
2374.49 3032.63 -3184.87 4998.96 1 2
3433.24 647.561 -3612.36 5026.61 -1 1
8867.43 4572.59 -4889.08 11111 1 1
3195.48 3383.25 -207.598 4659.58 -1 2
event 2
-1670.61 10726.1 5298.9 12470.3
1704.82 -7081.39 26789.8 27934.5
2038.98 -4445.04 21014 21575.8 1 2
-477.35 5052.09 4155.14 6559.56 -1 1
-334.164 -2636.35 5775.76 6358.66 -1 2
-1193.26 5673.97 1143.76 5910.76 1 1
