event 0
-7738.39 -6429.93 -4872.96 11600.2
-5906.71 -8270.84 -21593.5 24065.8
-5693.08 -6274.04 -18827.7 20646.2 1 2
-2424.34 -1926.13 0.41188 3098.16 -1 1
-213.622 -1996.8 -2765.77 3419.58 -1 2
-5314.05 -4503.79 -4873.37 8502.01 1 1
event 1
-5830.05 -7035.46 10022.8 13911.7
-4547.89 8631.31 4767.1 11291.6
-507.568 3429.44 665.723 3531.72 -1 2
-2398.37 -1133.65 4035.8 4830.75 -1 1
-3431.68 -5901.8 5987 9080.91 1 1
-4040.33 5201.87 4101.37 7759.9 1 2
event 2
21668.2 -6330.69 5157.25 23361.9
10159.2 1090.17 27455.2 29458
6983.78 1899.22 16385 17912.6 -1 2
3689.06 -2279.57 625.365 4382.68 -1 1
17979.2 -4051.12 4531.89 18979.2 1 1
3175.43 -809.053 11070.2 11545.5 1 2
event 3
-3519.01 3444.71 24565.1 25244.5
-2366.6 -8265.04 -5764.09 10987.4
-2914.81 910.162 16080.1 16367.8 -1 1
-604.203 2534.54 8484.99 8876.66 1 1
-2592.37 -4018.56 -4455.37 6536.87 1 2
225.766 -4246.47 -1308.72 4450.55 -1 2
event 4
5883.95 1620.59 4985.49 8467.08
-10105.8 1086.54 -15376.9 18690.8
3520.13 1117.46 1038.78 3838 -1 1
2363.82 503.133 3946.7 4629.08 1 1
-5259.5 -729.599 -6283.43 8227.23 -1 2
-4846.28 1816.14 -9093.42 10463.6 1 2
