event 0
-500.537 10518.7 -18204 21257.2
7697.63 5542.95 -12449.4 15954.8
359.352 5500.57 -6701.8 8678.17 -1 1
-859.889 5018.11 -11502.2 12579.1 1 1
5353.49 2735.58 -9555.05 11289.5 -1 2
2344.14 2807.37 -2894.34 4665.26 1 2
event 1
-5643.98 399.936 21716.7 22742.5
-4963.05 -8391.16 -43243 44436.4
-3953.98 -882.57 18099.5 18547.6 -1 1
-1690 1282.51 3617.25 4194.83 1 1
-3884.02 -3599.46 -23810.6 24392.6 1 2
-1079.02 -4791.7 -19432.4 20043.8 -1 2
event 2
1037.26 5794.75 -13935.3 15441.5
172.216 -10851.6 17815.5 21089.6
1749.29 3869.33 -6815.25 8030.6 -1 1
-712.032 1925.42 -7120.08 7410.86 1 1
1441.42 -6131.6 11385.6 13012.2 1 2
-1269.2 -4720.01 6429.83 8077.33 -1 2
event 3
-6194.26 3581.1 1515.47 7942.36
11279.9 -7372.94 -2614.38 14072
-3400.51 2937.63 -368.842 4510.03 1 1
-2793.75 643.471 1884.32 3432.33 -1 1
5954.71 -5498.61 -2257.8 8414.4 -1 2
5325.15 -1874.33 -356.579 5657.62 1 2
event 4
6293.22 -10562.4 -44882.9 46639.4
-7464.56 -6342.52 -5213.96 11520.6
5448.51 -6314.67 -28867.2 30048.1 -1 1
844.707 -4247.7 -16015.7 16591.3 1 1
-3677.89 -1174.16 -2096.22 4394.41 -1 2
-3786.67 -5168.36 -3117.74 7126.16 1 2
event 5
-5255.65 -3321.19 -8324.78 10841.8
-4083.84 -7666.5 -5242.72 10608
-546.938 -3088.36 -612.838 3197.48 1 2
-2358.96 -169.446 -4569.88 5146.69 1 1
-3536.9 -4578.14 -4629.88 7410.53 -1 2
-2896.69 -3151.75 -3754.9 5695.15 -1 1
event 6
-3017.84 5759.63 8127.99 10859.8
-4440.92 6319.36 -8408.04 11829.7
-3153.82 2168.67 -2847.61 4771.77 -1 2
-1902.24 1197.99 4077.5 4657.35 1 1
-1115.6 4561.64 4050.49 6202.48 -1 1
-1287.1 4150.7 -5560.43 7057.94 1 2
event 7
-2866.48 -3959.58 -23995.5 24683.4
11389.1 1411.62 46087.3 47595.5
-2996.55 -1569.97 -13461.1 13880.1 1 1
130.067 -2389.61 -10534.3 10803.3 -1 1
5913.26 670.168 17663.3 18639.1 1 2
5475.85 741.448 28424 28956.4 -1 2
event 8
-11205.2 280.691 37512.9 39273.9
8544.3 4025.99 40544.5 41745.2
-5651.23 450.37 13819.8 14937.7 1 1
-5553.93 -169.679 23693.1 24336.2 -1 1
4431.77 3592.21 26322.2 26933.5 -1 2
4112.53 433.771 14222.2 14811.6 1 2
event 9
9270.49 -2745.18 -24210 26252.5
-5740.24 -9059.55 -3804.87 11793.8
-1512.18 -4307.15 -2791.48 5351.81 1 2
2339.49 -967.199 -3357.81 4206.51 1 1
6931 -1777.98 -20852.2 22046 -1 1
-4228.06 -4752.4 -1013.39 6442.04 -1 2
event 10
-5187.65 -5149.04 13415 15587.8
-9419.59 16630.3 6561.57 20443.7
-3725.1 -2315.37 9967.78 10890.6 -1 1
-1462.55 -2833.67 3447.25 4697.18 1 1
-6128.85 8405.85 4573.24 11364.3 1 2
-3290.74 8224.49 1988.33 9079.42 -1 2
event 11
4486.19 2925.93 5768.11 8458.69
5659.91 -30042.7 58938.1 66467.2
3564.41 897.102 4748.65 6005.88 -1 1
921.779 2028.82 1019.46 2452.81 1 1
4183.24 -16623.6 30499.7 34986.9 1 2
1476.67 -13419.1 28438.4 31480.3 -1 2
event 12
7129.18 1404.63 4131.07 8913.77
6743.15 -4239.73 -14480.7 16814.5
2395.43 -3242.89 -7798.18 8779.36 1 2
2714.49 -934.357 1878.39 3432.34 1 1
4414.69 2338.99 2252.68 5481.43 -1 1
4347.72 -996.84 -6682.48 8035.11 -1 2
event 13
-9341.77 554.784 -17596.3 20169.3
-393.903 -7138.69 -5938.29 9796.46
976.929 -5670.63 -4047.41 7035.85 1 2
-4107.55 -1279 -7316.44 8488.18 -1 1
-1370.83 -1468.06 -1890.88 2760.61 -1 2
-5234.22 1833.78 -10279.9 11681.1 1 1
event 14
-9280.68 1327.62 29843.2 31434
3773.41 4362.18 210.228 6549.96
-4660.51 2085.3 13521.9 14454.1 1 1
-4620.17 -757.676 16321.3 16979.8 -1 1
1433.49 3899.93 224.606 4162.45 -1 2
2339.91 462.253 -14.3782 2387.52 1 2
event 15
7768.68 -427.236 -23214.9 24679.1
-4851.96 9445.95 915.949 11099.5
-2434.56 2041.05 -383.293 3201.72 -1 2
2780.34 -1438.66 -11208.6 11638.1 -1 1
-2417.4 7404.9 1299.24 7897.82 1 2
4988.33 1011.43 -12006.3 13041 1 1
event 16
-4810.86 3.6574 -14334.8 15434.4
-9186.24 -3808.56 -20713.2 23184.5
-3357.41 1395.62 -10319.2 10941.6 -1 1
-1453.45 -1391.97 -4015.52 4492.84 1 1
-5327.42 -537.271 -10601.6 11877.5 1 2
-3858.82 -3271.29 -10111.6 11306.9 -1 2
event 17
-5433 3615.58 19773 21051.2
-6854.04 -3731.32 7783.16 11448.5
-2306.12 -2314.1 1591.02 3635.35 1 2
-2382.18 -122.287 6032.62 6487.94 -1 1
-3050.81 3737.87 13740.3 14563.2 1 1
-4547.92 -1417.21 6192.13 7813.18 -1 2
event 18
-7015.01 1224.46 10349.3 12938.7
278.359 8044.17 -9680.79 12965.1
964.281 6010.33 -8660.35 10586.2 1 2
-2939.33 -958.883 3464.29 4644.53 1 1
-685.921 2033.84 -1020.44 2378.96 -1 2
-4075.68 2183.35 6884.99 8294.12 -1 1
event 19
1911.08 -3957.35 26187.8 26734
15508.4 -3804.24 38137.1 41461
-149.541 -3136.2 14366.4 14705.9 -1 1
2060.62 -821.159 11821.3 12028.1 1 1
8127.52 -1350.61 16000.9 17997.8 1 2
7380.88 -2453.62 22136.2 23463.2 -1 2
event 20
23818.1 -5622.36 45446.5 51709.7
-11393.5 -1745.17 2016.88 12268.4
-7559.7 573.147 797.1 7623.92 -1 2
4878.84 -82.5602 10437.6 11522.4 1 1
18939.2 -5539.8 35008.9 40187.3 -1 1
-3833.77 -2318.31 1219.78 4644.5 1 2
event 21
6271.92 -3534.99 -8933.41 11884
6536.39 3283.47 13924.7 16155.4
3100.16 -428.437 5223.22 6089.97 1 2
1704.84 -1802.74 -1253.76 2781.98 -1 1
3436.23 3711.91 8701.45 10065.4 -1 2
4567.08 -1732.26 -7679.66 9102.04 1 1
event 22
-12818.3 8325.64 -23979.8 28605
9289.74 -3033.56 6494.32 12135.4
4865.48 -3006.23 4514.49 7287.12 -1 2
-5362.53 1980.44 -7419.54 9366.94 -1 1
-7455.72 6345.2 -16560.3 19238 1 1
4424.26 -27.3269 1979.83 4848.27 1 2
event 23
7267.02 -1237.68 -22204.4 23600.1
5145.51 -15002.6 -44061.9 46931.9
4297.84 -12032.1 -38552.1 40614.3 1 2
3136.38 738.758 -6734.21 7466.15 1 1
847.671 -2970.54 -5509.77 6317.55 -1 2
4130.64 -1976.44 -15470.2 16134 -1 1
event 24
9412.1 -440.952 16461.7 19218.8
-12276.5 -3218.54 26307.5 29372.6
-4482.87 -2199.74 7764.33 9232.06 -1 2
3167.55 290.434 8481.08 9058.56 1 1
-7793.62 -1018.8 18543.2 20140.5 1 2
6244.55 -731.385 7980.59 10160.2 -1 1
event 25
-3276.25 -7028.58 -307.808 8355.88
1799.06 5816.59 27058.9 27907.8
57.8324 4425.67 20719.6 21187.3 -1 2
156.308 -3050.45 273.247 3068.47 1 1
-3432.55 -3978.13 -581.055 5287.41 -1 1
1741.23 1390.92 6339.3 6720.45 1 2
event 26
-5454.8 -48.3304 13729.3 15094.4
362.566 11745.9 -30659.1 32979.8
-3585.04 -1112.6 6067.07 7135.18 -1 1
-1869.77 1064.27 7662.24 7959.25 1 1
1704.37 6042.78 -16633.9 17779.7 1 2
-1341.8 5703.17 -14025.1 15200.1 -1 2
event 27
-13965.4 -1359.11 -2.52319 14369.1
3814.62 5603.61 6147.8 9661.16
2765.86 3476.9 5729.47 7250.98 1 2
-4678.15 236.933 1283.06 4857.84 1 1
1048.75 2126.71 418.333 2410.18 -1 2
-9287.27 -1596.05 -1285.58 9511.29 -1 1
event 28
-741.649 7482.69 -22737.4 24147.9
-2817.15 7388.34 27230.5 28523.9
-1641.15 4115.17 -9925.45 10869.9 1 1
899.501 3367.52 -12812 13278 -1 1
-1160.06 5467.73 22147.2 22841.9 -1 2
-1657.09 1920.61 5083.29 5682.05 1 2
event 29
-6336.74 1714.96 -8720.92 11346.4
-12248.3 5143.47 -43366.5 45505.2
-3934.44 1573.06 -8706.35 9683.29 1 2
-1421.72 1557.13 -1424.07 2546.58 1 1
-8313.88 3570.41 -34660.2 35821.9 -1 2
-4915.03 157.835 -7296.86 8799.87 -1 1
event 30
-10494.2 -672.537 -794.687 10991
-4258.4 2227.69 4089.3 7029.25
-6558.27 609.084 617.361 6616.21 -1 1
-3935.92 -1281.62 -1412.05 4374.82 1 1
-1908.31 2704.53 2520.15 4161.55 -1 2
-2350.09 -476.842 1569.15 2867.7 1 2
event 31
-1457.37 -7109.33 11280.9 13766.5
6578.05 12780.3 -6614.49 16123
640.96 3971.35 -2457.12 4714.98 1 2
860.169 -2197.72 4458.76 5045.94 1 1
5937.09 8809 -4157.36 11408 -1 2
-2317.54 -4911.61 6822.19 8720.57 -1 1
event 32
-9008 -3109.16 33901.2 35351
9635.87 -3861.95 -2200.73 11054.4
5466.01 -3221.22 -2507.91 6823.07 1 2
-4086.3 -2701.79 13544.4 14403.4 1 1
4169.86 -640.736 307.185 4231.29 -1 2
-4921.7 -407.378 20356.8 20947.6 -1 1
event 33
5083.79 5173.16 -1751.04 8078.48
8516.67 -3015.2 -32465.3 33841
2929.28 2400.71 -2429.41 4500.82 1 1
2154.5 2772.45 678.375 3577.67 -1 1
4129.54 -2318.42 -21376.3 21894.9 -1 2
4387.13 -696.785 -11089.1 11946.2 1 2
event 34
5434.54 -4544.55 -959.05 7790.89
4835.91 -5691.21 -1309.57 8190.32
2219.24 -3655.07 -1205.77 4444.05 -1 1
3215.29 -889.481 246.719 3346.84 1 1
4465.1 -3275.05 -309.418 5547.07 -1 2
370.805 -2416.16 -1000.16 2643.25 1 2
event 35
-11790.5 3346.56 4761.9 13508.6
5148.43 -7614.58 -10191.6 14069.4
5103.48 -5400.43 -7211.59 10355.1 1 2
-4465.91 2714.34 1325.13 5392.51 -1 1
44.9463 -2214.15 -2979.97 3714.28 -1 2
-7324.54 632.227 3436.76 8116.1 1 1
event 36
7519.21 10017.1 -24859.8 28008.6
-4278.51 2505.9 -25531.3 26192.1
3997.73 7699.38 -17221.2 19283.2 -1 1
3521.48 2317.77 -7638.65 8725.43 1 1
-1885.97 2792.4 -12949.1 13380.8 -1 2
-2392.53 -286.505 -12582.2 12811.3 1 2
event 37
11214.1 -4070.68 38112.6 40106
-2491.5 -4971.84 2891.16 6991.16
6894.47 -2230.48 17053.2 18529.2 1 1
4319.66 -1840.2 21059.5 21576.8 -1 1
-2352.49 -1974.15 2503.24 3963.43 -1 2
-139.011 -2997.69 387.923 3027.73 1 2
event 38
-6194.08 9587.52 -11699 16635.7
5603.35 1125.22 -7914.06 10241.4
-3797.57 4865.21 -4245.38 7491.75 1 1
-2396.51 4722.31 -7453.62 9143.91 -1 1
3058.55 1762.45 -6105.54 7053.35 -1 2
2544.79 -637.229 -1808.52 3188.1 1 2
event 39
2098.83 -6879.42 8103.57 11269
-14558.6 -7930.6 -30152.3 34548.6
2420.63 -3532.33 5719.73 7145.86 -1 1
-321.794 -3347.09 2383.83 4123.15 1 1
-10229.3 -6953.46 -20894.2 24281 1 2
-4329.36 -977.142 -9258.13 10267.5 -1 2
event 40
12036.1 -4925.09 21673.8 25465.1
-5702.01 -3380.97 23397.2 24514.6
-4141.56 -736.917 12291.7 12992 1 2
5309.21 -880.187 10635.4 11920 1 1
-1560.45 -2644.05 11105.5 11522.6 -1 2
6726.88 -4044.9 11038.4 13545.1 -1 1
event 41
1859.4 6452.42 -18465.8 19891.4
8329.65 6122.14 -3022.63 11206.8
2400.1 3995.74 -14109.6 14859.9 1 1
-540.695 2456.68 -4356.25 5031.47 -1 1
4273.6 3684.99 -101.436 5644.84 -1 2
4056.05 2437.15 -2921.19 5561.99 1 2
event 42
-8002.59 -7745.42 -14957.1 18903.4
3408.59 3883.7 -14353 15566
3008.79 1224.37 -9115.19 9677.28 1 2
-4454.31 -2866.47 -5148.3 7387.4 1 1
399.804 2659.33 -5237.78 5888.75 -1 2
-3548.28 -4878.94 -9808.85 11516 -1 1
event 43
2948.4 5589.93 918.658 7097.55
-8738.56 -4632.27 -17071.3 19971
-2891.59 -2618.68 -8940.99 9755.58 1 2
1941.4 1539.91 1475.46 2885.92 1 1
-5846.98 -2013.6 -8130.29 10215.4 -1 2
1007 4050.01 -556.801 4211.63 -1 1
event 44
-8286.5 3164.06 -4776.74 10539.7
5097.42 -15533.8 -2681.85 16854.3
18.909 -4392.17 -794.374 4464.71 1 2
-3013.24 75.8119 -2801.79 4116.61 -1 1
5078.51 -11141.7 -1887.47 12389.6 -1 2
-5273.26 3088.25 -1974.95 6423.1 1 1
event 45
8741.58 -8454.62 5245.9 13601.7
2782.12 5802.83 3782.78 8081.67
3918.56 -5719.87 2199.98 7274.83 -1 1
4823.02 -2734.75 3045.92 6326.86 1 1
3102.12 3176.34 1889.03 4826.17 -1 2
-320.008 2626.48 1893.75 3255.5 1 2
event 46
6235.83 1412.31 6732.42 9787.57
110.891 -8524.72 22449.8 24213
2841.58 2128.23 2662.97 4439.2 1 1
3394.25 -715.926 4069.45 5348.37 -1 1
1069.05 -4617.18 15186.1 15908.8 1 2
-958.156 -3907.54 7263.76 8304.23 -1 2
event 47
5228.09 -465.897 -11884.8 13356.3
-4453.18 6051.39 -2124.48 8399.67
2912.57 962.246 -4188.64 5192.77 -1 1
2315.52 -1428.14 -7696.11 8163.48 1 1
-1030.63 3913.36 -639.652 4098.4 -1 2
-3422.55 2138.03 -1484.83 4301.27 1 2
event 48
2054.74 -10130.5 11380.7 15683.2
4682.88 -2645.03 -3697.77 7224.27
2480.05 -5933.46 8070.08 10319.6 -1 1
-425.319 -4197.08 3310.65 5363.58 1 1
2712.9 -3133.98 -2793.77 4999.8 -1 2
1969.98 488.955 -904.003 2224.47 1 2
event 49
1370.59 4121.97 7741.12 9401.45
-10327.2 -3482.06 -50488.7 51744.3
-511.542 3141.93 4187.87 5261.44 -1 1
1882.13 980.041 3553.25 4140.01 1 1
-5803.31 -1487.78 -20770.7 21617.7 1 2
-4523.93 -1994.28 -29718 30126.6 -1 2
event 50
4946.69 11200.9 -11986.4 17412.5
16164.3 -262.167 9554.14 19032.2
3042.12 6921.36 -5242.85 9201 -1 1
1904.57 4279.53 -6743.55 8211.48 1 1
12817.2 -334.754 8929.38 15624.9 -1 2
3347.09 72.5869 624.758 3407.31 1 2
event 51
-3494.5 5321.57 -8322.31 10926.2
10708.4 -215.412 -4539.28 12037.9
-2830.9 2394.93 -2826.87 4663.9 -1 1
-663.595 2926.64 -5495.44 6262.32 1 1
6220.3 41.3929 -4245.09 7531.66 1 2
4488.09 -256.805 -294.183 4506.29 -1 2
event 52
7092.57 -3229.59 9159.17 12418.4
11913.8 -1482.36 11897.9 17184
2896.32 -880.676 1416.88 3344.09 -1 2
2083.73 352.121 1516.89 2603.47 1 1
9017.53 -601.689 10481.1 13839.9 1 2
5008.84 -3581.71 7642.27 9814.92 -1 1
event 53
789.248 7101.33 3223.46 8428.06
1272 9133.25 -19793.9 22145.5
10.9193 4556.92 -5855.11 7420.19 1 2
1208.31 2033.98 2216.41 3243.56 1 1
-419.061 5067.35 1007.06 5184.49 -1 1
1261.08 4576.33 -13938.8 14725.3 -1 2
event 54
-2195.82 -8654.95 5060.23 10720.4
8632.97 -2086.73 4436.49 10399.7
3311.18 -285.446 3263.72 4659.23 -1 2
-520.224 -1995.78 2822.71 3497.52 1 1
-1675.6 -6659.17 2237.52 7222.87 -1 1
5321.79 -1801.28 1172.77 5740.44 1 2
event 55
8694.95 1493.01 -4012.98 10174.8
-7705.74 -8245.79 -2083.32 11887.1
4734.75 -753.435 -2016.93 5202.37 1 1
3960.21 2246.44 -1996.05 4972.44 -1 1
-2978.05 -5400.45 -1411.2 6327.42 -1 2
-4727.68 -2845.34 -672.117 5559.67 1 2
event 56
4146.64 6145.74 3197.43 8647.49
-3332.38 7291.72 2293.27 8895.13
-2547.97 2274.05 1584.09 3766.16 -1 2
2010.04 2223.46 -242.383 3008.98 -1 1
-784.411 5017.66 709.188 5128.97 1 2
2136.6 3922.27 3439.81 5638.5 1 1
event 57
4392.22 -5045.27 1115.4 7455.28
-8108.94 -12934.9 7177.39 17151.5
3550.96 -2186.05 -242.74 4178.3 -1 1
841.259 -2859.22 1358.14 3276.98 1 1
-5303.11 -5684.92 4099.27 8789.57 1 2
-2805.84 -7250.01 3078.12 8361.9 -1 2
event 58
7832.62 4941.49 -28978.9 30580
-5371.28 -1880.45 -28453.6 29182
4551.46 4181.24 -15520.7 16706.3 1 1
3281.16 760.254 -13458.2 13873.7 -1 1
-2187.56 625.905 -13398.4 13590.7 -1 2
-3183.72 -2506.35 -15055.2 15591.3 1 2
event 59
7091.97 -3506.75 7820.59 11547.5
3361.15 -12623.3 -25098.8 28463.8
3131.91 -3245.52 3821.6 5912.54 -1 1
3960.05 -261.237 3998.98 5635.01 1 1
2218.69 -9677.9 -15990.9 18823 -1 2
1142.45 -2945.39 -9107.82 9640.75 1 2
event 60
-4624.21 6075.48 -1788.19 8431.1
-216.487 -8972.87 -2376.38 9787.67
-1474.47 -3660.31 -348.954 3962.94 1 2
-2218.83 876.403 123.231 2391.16 -1 1
-2405.38 5199.08 -1911.42 6039.95 1 1
1257.99 -5312.56 -2027.43 5824.72 -1 2
event 61
15694.4 -8514.93 -25231.9 31065.4
5286.04 -6776.23 3109.87 9649.95
4178.95 -2957.54 2179.47 5565.24 1 2
8085.47 -2762.52 -12926.3 15495.3 -1 1
1107.09 -3818.69 930.399 4084.71 -1 2
7608.88 -5752.41 -12305.7 15570 1 1
event 62
-6728.61 6631.06 -1175.41 10010.9
-17769.1 -15419.9 21874 32273.4
-2420.76 -2021.14 4507.36 5502.05 1 2
-751.462 2555.39 -720.645 2761.37 1 1
-15348.3 -13398.7 17366.6 26771.4 -1 2
-5977.14 4075.67 -454.765 7249.51 -1 1
event 63
-6650.83 -6236.75 -563.655 9645.63
-4691.75 -5028.02 13665.3 15608.5
-3873.11 -4618.62 929.023 6099.74 1 1
-2777.73 -1618.13 -1492.68 3545.89 -1 1
-2885.82 -986.237 6581.8 7254.78 -1 2
-1805.93 -4041.79 7083.52 8353.73 1 2
event 64
-5624.13 -7282.91 24978 26798.6
7232.86 -10876.1 -7912.63 15582.2
2869.5 -3402.08 -1149.07 4597.8 1 2
-3123.79 -1993.62 12063.2 12620 1 1
4363.35 -7474.06 -6763.56 10984.4 -1 2
-2500.34 -5289.3 12914.8 14178.6 -1 1
