event 0
32229.4 10655 15305.2 37364.5
-5186.64 -1176.87 -1371.27 6305.35
26422.4 8718.18 11201.1 29993.7 1 1
5807.06 1936.79 4104.06 7370.72 -1 1
-3306.25 463.503 -1763.45 3777.17 -1 2
-1880.39 -1640.37 392.183 2528.17 1 2
event 1
4517.88 -6738.65 20797.1 22537.3
3411.1 -5488.99 -18511.5 19850.2
2763.14 -3406.99 -8098.74 9211.04 1 2
1228.18 -3954.62 12782.2 13436.7 1 1
647.958 -2082 -10412.8 10639.1 -1 2
3289.7 -2784.03 8014.87 9100.67 -1 1
event 2
-7580.02 3200.47 -28118.2 29460.6
-1668.03 4370.9 4984.54 7504.84
406.894 3196.14 2874.43 4319.07 1 2
-3983.44 940.579 -9181.84 10053.3 -1 1
-2074.93 1174.76 2110.11 3185.77 -1 2
-3596.58 2259.9 -18936.4 19407.2 1 1
event 3
6767.7 8349.74 -25434.3 27785.2
-1215.22 9756.98 -8593.35 13420.6
-1929.45 4150.63 -3035.3 5493.15 1 2
166.707 2045.1 -4470.53 4920.07 -1 1
6600.99 6304.64 -20963.8 22865.1 1 1
714.228 5606.34 -5558.05 7927.44 -1 2
event 4
2185.6 -26881.6 -41920.5 49943.2
-35.9729 7125.63 -36790.7 37602.1
1436.63 4710.06 -22292.4 22830.1 1 2
532.742 -6615.36 -12906 14512.9 1 1
-1472.6 2415.57 -14498.2 14772 -1 2
1652.86 -20266.3 -29014.5 35430.3 -1 1
