event 0
2743.9 6349.56 2199.06 7891.26
3168.89 13415.4 -655.968 14143.4
2225.8 3543.65 -157.645 4189 -1 1
518.094 2805.91 2356.7 3702.26 1 1
3095.64 7944.42 531.958 8543.47 1 2
73.252 5470.96 -1187.93 5599.92 -1 2
event 1
13733.6 -4449.85 -4554.3 15451.3
4777.12 4658.74 9291.95 11851.4
10097.6 -3075.33 -1855.37 10717.9 1 1
3635.97 -1374.52 -2698.93 4733.39 -1 1
2783.41 756.391 2823.97 4038 -1 2
1993.71 3902.35 6467.98 7813.4 1 2
event 2
6252.22 2921.24 13879.3 15806.6
-3273.75 8164.11 -12677.9 15738.1
-314.902 4530.81 -7364.86 8653.3 1 2
881.352 1812.97 2898.85 3532.44 1 1
5370.87 1108.27 10980.4 12274.2 -1 1
-2958.85 3633.3 -5313 7084.83 -1 2
event 3
2225.04 13722 3293.33 14617.7
-211.683 -10749.4 -21773.3 24479.8
2932.18 9010.13 2232.47 9735.26 1 1
-707.14 4711.84 1060.86 4882.42 -1 1
-28.1121 -2955.77 -9406.43 9860.5 -1 2
-183.571 -7793.61 -12366.8 14619.3 1 2
event 4
12239.5 -3750.53 1568.32 13263.5
1758.54 -7290.42 -2275.31 8426.76
2181.93 -4939.38 -2633.79 6008.85 -1 2
4152.62 -2742.98 1112.48 5100.69 1 1
8086.89 -1007.55 455.835 8162.84 -1 1
-423.394 -2351.04 358.477 2417.91 1 2
