event 0
-6862.67 3686.25 948.872 8436.6
-3374.05 9206.47 -46889.9 48004.1
-3614.76 5618.22 -31046.2 31757 1 2
-3949.83 515.622 -164.71 3988.15 1 1
240.707 3588.25 -15843.7 16247 -1 2
-2912.84 3170.63 1113.58 4448.45 -1 1
event 1
4751.98 2.90738 -4257.48 7092.08
-8867.55 5873.45 -28194.4 30292.7
3343.54 1447.49 -2572.32 4461.22 -1 1
1408.44 -1444.58 -1685.16 2630.86 1 1
-5925.62 2571.08 -19415.6 20462.2 -1 2
-2941.93 3302.37 -8778.83 9830.54 1 2
event 2
366.02 6827.95 -20025.7 21386.3
-6073.93 -3654.4 -6329.59 9995.06
-5183.68 -1496.81 -4534.23 7048.5 1 2
1467.22 2672.81 -6245.43 6950.77 -1 1
-890.251 -2157.59 -1795.37 2946.56 -1 2
-1101.2 4155.14 -13780.3 14435.6 1 1
event 3
8245.07 1751.95 2143.84 9232.43
-6091.39 5225.75 -5436.22 10176.3
-1283.05 3073.45 -2190.3 3987.59 1 2
1858.16 1044.88 1807.36 2796.83 -1 1
6386.91 707.069 336.481 6435.6 1 1
-4808.34 2152.29 -3245.92 6188.67 -1 2
event 4
3901.9 -6133.98 -1792.26 8102.68
-7666.32 -3169.19 -9656.84 13102
-5622.06 -969.212 -7397.09 9342.11 1 2
1014.67 -3074.81 551.371 3286.21 -1 1
-2044.27 -2199.98 -2259.74 3759.86 -1 2
2887.23 -3059.18 -2343.63 4816.47 1 1
event 5
-4010.6 3916.15 -2991.5 7068.33
-10846.3 -1028.72 16659.7 20145.4
-2412.41 2439.57 -3422.93 4847.55 -1 1
-1598.2 1476.59 431.43 2220.78 1 1
-6121.25 962.752 9018.73 10942.8 -1 2
-4725.04 -1991.47 7641.02 9202.62 1 2
event 6
-6694.05 -17911.9 78689.2 81038.5
1022.38 4904.54 -3685.35 6947.83
-716.312 3701.89 -2296.35 4416.05 1 2
-4036.95 -7925.75 31565.7 32795.1 -1 1
1738.69 1202.66 -1388.99 2531.78 -1 2
-2657.09 -9986.17 47123.5 48243.4 1 1
event 7
-273.571 -6468.34 17489.5 18904.7
-3301.1 9691.39 30234.4 32070.7
-2378.16 2666.32 8933.61 9622.13 1 2
-167.426 -2039.78 2293.03 3075.37 1 1
-922.931 7025.07 21300.8 22448.6 -1 2
-106.146 -4428.55 15196.5 15829.4 -1 1
event 8
730.591 -4845.93 -8444.49 10242.9
8206.31 -6973.46 -13129.9 17261.5
1257.79 -2902.5 -2718.74 4172.44 -1 1
-527.2 -1943.42 -5725.75 6070.44 1 1
4568.61 -3370.59 -4580.09 7295.3 -1 2
3637.7 -3602.88 -8549.85 9966.18 1 2
event 9
-7558.98 -5259.25 -4631.91 10763
-8794.45 2238.38 -7943.28 12451.5
-4139.01 24.5928 -5080.43 6553.93 1 2
-3900.01 -941.024 -1437.49 4263 -1 1
-3658.97 -4318.23 -3194.42 6500.05 1 1
-4655.45 2213.79 -2862.84 5897.55 -1 2
event 10
2915.62 7120.57 -1227.51 8384.57
-8873.94 -87.0343 78.9783 9399.51
1642.65 3775.78 904.98 4217.22 -1 1
1272.97 3344.79 -2132.49 4167.35 1 1
-4757.76 -1478.81 610.812 5020.7 -1 2
-4116.18 1391.78 -531.834 4378.81 1 2
event 11
2030.34 9797.2 -10421.5 14775.2
7399.21 -1764.18 -10319.5 13188.8
603.075 6272.55 -4527 7759.73 -1 1
1427.26 3524.66 -5894.51 7015.46 1 1
2713.72 -1695.73 -6067.11 6860.08 -1 2
4685.49 -68.454 -4252.36 6328.68 1 2
event 12
3732.14 8896.04 15608.4 18608.6
-165.279 -6069.26 -12708 14420.4
-1437.17 -4109.78 -6901.67 8160.88 -1 2
-185.92 3098.39 4175.06 5203.54 1 1
3918.07 5797.65 11433.3 13405.1 -1 1
1271.89 -1959.48 -5806.34 6259.55 1 2
event 13
-2062.48 6267.16 12031.5 14066.9
5743.17 -8107.18 8022.37 13140
231.813 4164.06 7065.97 8205.63 1 1
-2294.3 2103.1 4965.56 5861.3 -1 1
2554.54 -4520.74 5988.14 7926.64 -1 2
3188.62 -3586.45 2034.24 5213.37 1 2
event 14
1239.74 7236.19 11885.7 14309.5
8279.37 -711.817 -9150.9 12743
-403.126 4299.01 8500.4 9534.78 1 1
1642.86 2937.18 3385.32 4774.68 -1 1
6389.57 -1674.29 -7820.43 10237.2 -1 2
1889.79 962.468 -1330.47 2505.79 1 2
event 15
5243.8 13472.5 -5483.52 15769.2
-8565.84 -1522.01 21144 23072.7
-4547.45 -2329.53 12554.9 13555.1 -1 2
1758.7 4023.24 -3219.69 5445.82 1 1
3485.1 9449.29 -2263.83 10323.3 -1 1
-4018.39 807.523 8589.17 9517.59 1 2
event 16
2107.19 15229.6 -27111.6 31321
-1729.89 -7500.78 -4724.92 9548.28
35.7371 8672.92 -17116.7 19188.9 1 1
2071.46 6556.64 -9994.87 12132.1 -1 1
-702.207 -3993.61 -709.719 4117.87 -1 2
-1027.68 -3507.17 -4015.2 5430.41 1 2
event 17
-1519.95 -4747.62 19793.1 20644.8
17124.5 3486.84 20324.7 26983.2
553.921 -3267.04 10860.3 11355.1 -1 1
-2073.88 -1480.59 8932.79 9289.72 1 1
12000 3846.71 14065.3 18884.9 -1 2
5124.58 -359.869 6259.35 8098.23 1 2
event 18
6724.32 -5748.58 26044.2 27679.5
6887.58 -2163.28 -13732.4 15820.5
3456.22 479.023 -6849.53 7687.79 1 2
2477.35 -2300.59 5852.77 6759.88 -1 1
4246.98 -3448 20191.4 20919.6 1 1
3431.36 -2642.3 -6882.88 8132.73 -1 2
event 19
8115.44 -2270.42 30881.1 32159.7
-1508.7 -4518.49 23732.5 24403.1
3747.88 -2323.38 18869.4 19378.1 1 1
4367.56 52.9587 12011.7 12781.6 -1 1
-2289.93 -2189.28 11687.5 12109.8 -1 2
781.226 -2329.21 12044.9 12293.4 1 2
event 20
1037.51 -7127.96 1497.73 7982.37
-12509.1 -6645.76 21414.7 25861.6
-4653.49 -1300.55 9135.62 10335.2 -1 2
1626.86 -2069.44 -121.796 2637.28 -1 1
-7855.65 -5345.21 12279 15526.4 1 2
-589.345 -5058.52 1619.53 5345.09 1 1
event 21
-5563.3 -1602.49 5764.16 8737.01
2005.42 -9230.89 -40291.7 41499.9
1748.58 -3528.53 -21580.3 21936.9 1 2
-1957.94 854.69 2480.24 3275.18 1 1
256.842 -5702.37 -18711.4 19563 -1 2
-3605.36 -2457.18 3283.92 5461.84 -1 1
event 22
-5530.86 -3637.78 16656.4 18189.3
-138.767 7493.91 -4199.47 9132.59
1379.48 3098.33 -2346.48 4125.5 1 2
-768.223 -2182.81 4831.25 5357.89 -1 1
-4762.64 -1454.97 11825.1 12831.4 1 1
-1518.24 4395.58 -1853 5007.09 -1 2
event 23
-4400.21 8082.39 -52673.7 53561.2
7183.88 919.091 -32598.7 33536.8
4821.38 2064.77 -21275.9 21913.1 1 2
-844.179 4768.41 -25521.4 25977 -1 1
2362.5 -1145.67 -11322.8 11623.7 -1 2
-3556.03 3313.99 -27152.3 27584.2 1 1
event 24
-5298.26 -6616.63 -37323.2 38398.7
2561.25 -10603.9 -13716.8 17797.3
-3961.6 -2530.56 -20830.2 21354.3 1 1
-1336.66 -4086.07 -16493 17044.4 -1 1
-8.10914 -5962.96 -6266.8 8651.06 -1 2
2569.36 -4640.99 -7450.02 9146.28 1 2
event 25
5022.76 -4040.33 582.045 7175.07
-6518.96 5157.32 -9508.69 13003.9
3281.62 -1479.88 -941.647 3722.49 -1 1
1741.14 -2560.46 1523.69 3452.58 1 1
-2351.82 3764.18 -4195.85 6108.72 1 2
-4167.13 1393.15 -5312.84 6895.17 -1 2
event 26
1223.96 -7015.03 31453.6 32397.9
-396.151 7706.64 1310.12 8417.67
-1728.93 3737.97 828.198 4202.23 -1 2
-667.195 -3217.79 9933.9 10463.9 1 1
1891.16 -3797.24 21519.7 21934.1 -1 1
1332.77 3968.66 481.92 4215.44 1 2
event 27
7660.34 -4552.24 10532.2 14139.3
6878.54 -2591.81 -25926.6 27125.8
3424.04 -2094.82 -9190.6 10029.5 1 2
3962.5 -925.709 6033.43 7278.17 -1 1
3454.5 -496.989 -16736 17096.4 -1 2
3697.83 -3626.53 4498.76 6861.17 1 1
event 28
3013.79 -8261.45 9131.32 13050.1
-4995.35 -1982.14 11558.6 13117.7
-2995.34 -2594.73 8820.67 9670.58 1 2
1825.28 -3750.85 6410.79 7649.18 -1 1
-2000 612.595 2737.96 3447.15 -1 2
1188.51 -4510.6 2720.53 5400.97 1 1
event 29
-12355.3 18448.3 -46478.2 51602.4
-6637.81 1340.4 -14105.5 15950.4
-7466.16 13271.4 -33504.4 36802.6 -1 1
-4889.11 5176.85 -12973.8 14799.8 1 1
-4335.78 -666.453 -8521.03 9584.49 -1 2
-2302.03 2006.85 -5584.51 6365.9 1 2
event 30
3619 3617.41 9779.23 11463.3
9582.66 -10478.8 13867 20087.8
1740.2 2642.67 8287.64 8871.76 1 1
1878.8 974.74 1491.59 2591.53 -1 1
6595.36 -5041.11 7332.8 11076.7 1 2
2987.31 -5437.72 6534.2 9011.09 -1 2
event 31
3216.07 -11002.4 35283.1 37227.5
351.741 5592.1 -8771.11 10859
-1038.17 2955.53 -6087.51 6847.04 1 2
96.6668 -4656.88 16921.8 17551.5 -1 1
1389.91 2636.57 -2683.59 4012.01 -1 2
3119.4 -6345.56 18361.3 19676 1 1
event 32
3326.65 5348.07 -191.226 7021.12
10144.2 1671.91 -10884.6 15289.4
3022.35 2128.68 -644.739 3754.03 -1 1
304.304 3219.39 453.512 3267.09 1 1
5823.74 -109.443 -4423.91 7315.06 -1 2
4320.44 1781.36 -6460.66 7974.38 1 2
event 33
-4145.33 8745.3 -32387.7 33944.3
-9062.56 6238.22 -44336 45785.5
-1987.9 2618.63 -17108 17421.3 1 2
-92.4702 3048.47 -12359.4 12730.6 -1 1
-7074.66 3619.59 -27228 28364.2 -1 2
-4052.86 5696.82 -20028.3 21213.7 1 1
event 34
-3712.25 14920 33816.6 37276.5
5035.87 -2812.51 -4978.36 8224.66
-1352.27 10834.1 22271.3 24803.8 -1 1
-2359.97 4085.86 11545.3 12472.7 1 1
4444.1 -900.345 -3277.95 5596.14 -1 2
591.769 -1912.16 -1700.41 2628.52 1 2
event 35
-4943.22 -4915.56 -7478.8 10682.8
10640.1 118.051 -6799.42 13001.9
-1667.64 -3696.36 -4756.01 6250.99 -1 1
-3275.58 -1219.21 -2722.79 4431.77 1 1
6282.62 -1384.8 -4483.7 7842.43 1 2
4357.49 1502.86 -2315.72 5159.46 -1 2
event 36
-8751.24 -5184.24 11803.2 15886
-1401.54 10038.4 15925.2 19129.5
111.701 7989.87 11171.7 13735.7 1 2
-3901.09 -2680.65 7769.13 9098.07 -1 1
-1513.24 2048.54 4753.43 5393.76 -1 2
-4850.15 -2503.59 4034.02 6787.96 1 1
event 37
1890.49 9059.35 -19230.8 21565.3
-1771.65 -5600.72 -15239.7 16623.7
362.94 -3681.07 -9732.29 10412 1 2
2135.38 3905.19 -7074.55 8358.87 1 1
-2134.59 -1919.65 -5507.43 6211.64 -1 2
-244.897 5154.17 -12156.2 13206.4 -1 1
event 38
-5758.46 6198.73 6876.9 11334.3
5659.45 -5683.1 -5429.29 10168.3
1641.51 -2584 -3706.77 4808.63 -1 2
-2028.79 1587.61 3957.23 4723.07 -1 1
-3729.68 4611.11 2919.67 6611.24 1 1
4017.94 -3099.1 -1722.52 5359.71 1 2
event 39
5633.24 6100.74 -33163.6 34327.3
6353.05 -5544.19 -971.029 9035.09
3512.48 3164.53 -12837.5 13680.8 -1 1
2120.75 2936.21 -20326.1 20646.5 1 1
4340.94 -4793.41 408.099 6480.6 -1 2
2012.11 -750.786 -1379.13 2554.49 1 2
event 40
-15450.4 -2723.52 28192.2 32411.8
2323.78 5000.58 3554.05 7254.52
2556.46 1992.49 2347.47 4003.41 1 2
-6721.36 -1182.32 15437.8 16879.3 -1 1
-232.678 3008.09 1206.59 3251.11 -1 2
-8729.05 -1541.2 12754.4 15532.5 1 1
event 41
5128.12 -5129.44 -14109.6 16164.1
4567.69 6099.69 -8043.95 11505
2941.97 1427.78 -3417.25 4731.01 -1 2
1957.89 -1827.06 -8557.88 8967.72 1 1
1625.72 4671.91 -4626.7 6774.01 1 2
3170.23 -3302.39 -5551.69 7196.42 -1 1
event 42
-4863.5 -2056.51 2033.16 6450.34
4529.8 11308.4 -8685.07 15278.1
-2480.34 -2457.94 2011.45 4031.21 -1 1
-2383.15 401.429 21.7139 2419.13 1 1
3776.23 5808.83 -3916.75 7959.56 -1 2
753.572 5499.55 -4768.32 7318.54 1 2
event 43
-10896.4 3498.8 -23804 26593.1
-4662.56 -5381.85 15784.7 17591.2
-3126.12 -1603.46 9154.83 9806.42 -1 2
-2540.42 1503.02 -3730.55 4758.26 -1 1
-8356.03 1995.78 -20073.4 21834.8 1 1
-1536.44 -3778.39 6629.87 7784.81 1 2
event 44
-1350.71 -5600.49 -6395.44 9147.81
8038.88 5380.69 -35519.1 36942.9
-892.72 -2949.47 -5509.12 6313.31 1 1
-457.994 -2651.02 -886.32 2834.5 -1 1
5552.34 2014.25 -18722.4 19632.2 1 2
2486.54 3366.44 -16796.7 17310.6 -1 2
event 45
4590.5 -4201.54 6253.29 9349.84
-10206.8 -4005.6 -2863.21 11747.8
2137.09 -3196.77 1996.95 4334.22 -1 1
2453.41 -1004.77 4256.34 5015.61 1 1
-5991.49 -3099.57 -348.885 6755.6 -1 2
-4215.27 -906.037 -2514.32 4992.23 1 2
event 46
3466.44 -8207.54 25304 27004.9
1299.73 5658.84 3753.36 7575.65
540.358 -4924.52 15124.5 15915.5 -1 1
2926.08 -3283.03 10179.6 11089.4 1 1
1948.39 3642.82 1298.3 4331.64 -1 2
-648.663 2016.02 2455.07 3244.01 1 2
event 47
-4696.66 13760.9 20533 25349.9
-4993.15 4069.79 -31859.5 32651.4
-3657.44 7502.13 9715.05 12808.3 1 1
-1039.22 6258.78 10818 12541.6 -1 1
-2541.91 3940.61 -20898.1 21418 -1 2
-2451.24 129.177 -10961.4 11233.4 1 2
event 48
8313.7 3051.18 -10551.3 14118.9
-5768.47 -4176.27 -12590.8 14793
-1817.79 -3131.2 -6801.88 7706.2 -1 2
3143.94 -316.065 -4278.03 5319.49 1 1
5169.77 3367.24 -6273.24 8799.4 -1 1
-3950.68 -1045.07 -5788.91 7086.79 1 2
event 49
4185.71 -4591.6 8818.02 11222.8
-5892.01 6198.51 41117.7 42111.7
-1838.52 3206.66 11857.3 12420.5 1 2
2049.09 -234.643 2223.86 3034.89 1 1
-4053.49 2991.85 29260.4 29691.2 -1 2
2136.62 -4356.96 6594.16 8187.94 -1 1
event 50
10017.3 -183.49 33563.2 35163.4
-3235.6 -7086.35 -22701.9 24200.3
-2739.61 -2961.41 -8621.03 9518.86 1 2
2556.78 1140.02 11452.8 11790.4 1 1
7460.54 -1323.51 22110.5 23372.9 -1 1
-495.988 -4124.94 -14080.9 14681.4 -1 2
event 51
11185.9 10717.3 31337.1 35094
1271.58 -4273.46 5538.56 7755.42
6513.45 5700.2 20718.3 22453.8 -1 1
4672.4 5017.1 10618.8 12640.2 1 1
2279.61 -2501.35 3373.2 4779.43 -1 2
-1008.03 -1772.12 2165.36 2975.99 1 2
event 52
2360.46 -9583.83 18157.3 20897.3
-8142.36 -3962.24 -34498.9 35801.7
-4915.06 -3250.55 -26478.3 27126.3 1 2
257.968 -4428 5480.96 7051.65 1 1
-3227.3 -711.691 -8020.59 8675.43 -1 2
2102.49 -5155.83 12676.3 13845.7 -1 1
event 53
2627.82 -5730.26 5513.19 8929
-8063.27 621.933 33898.9 34987.5
173.43 -3633.62 1983.71 4144.82 1 1
2454.39 -2096.64 3529.49 4784.18 -1 1
-4154.32 1793.04 15902.8 16534.3 -1 2
-3908.95 -1171.11 17996 18453.2 1 2
event 54
-2068.24 -5469 28355.3 29117
-2860.83 7054.13 -3395.17 8891.76
-1430.47 3283.76 54.7414 3583.78 -1 2
-2062.62 -1391.14 12480.7 12726.7 -1 1
-5.61902 -4077.86 15874.6 16390.4 1 1
-1430.37 3770.37 -3449.91 5307.98 1 2
event 55
11250.6 532.248 54413.4 55653.1
-5852.38 -1564 407.628 6815.69
-3483.88 -2461.44 324.208 4279.29 1 2
5015.41 1775.59 25132.1 25689.3 -1 1
-2368.5 897.434 83.4196 2536.4 -1 2
6235.14 -1243.34 29281.4 29963.8 1 1
event 56
7987.42 -2346.67 -12208.1 15097.5
6822.76 -7031.39 -16.3307 10275.3
4301.87 -6330.73 -99.5609 7655.41 1 2
3552.37 31.8825 -3219.96 4795.8 -1 1
2520.89 -700.657 83.2302 2619.91 -1 2
4435.05 -2378.55 -8988.13 10301.7 1 1
event 57
2270.17 -6759.42 -2965.9 8320.48
664.167 6443.71 7632.51 10479
-1223.95 2898.31 3030.12 4369.33 -1 2
1535.8 -1628.89 193.682 2249.59 1 1
734.372 -5130.53 -3159.58 6070.89 -1 1
1888.11 3545.41 4602.39 6109.66 1 2
event 58
17978.1 11074.9 -17831.1 27810.1
2662.91 7886.38 -1870.72 9076.17
12506.8 8981.48 -13989.7 20804.1 -1 1
5471.28 2093.38 -3841.42 7006.05 1 1
749.334 2259.44 861.784 2533.86 -1 2
1913.58 5626.93 -2732.51 6542.32 1 2
event 59
-12527.5 7421.61 -8823.14 17304.8
-10135.5 5158.29 -1625.69 11898.3
-8287.15 3683.01 -2445.21 9393.17 -1 2
-3424.34 3195.76 -1645.52 4965.67 -1 1
-9103.2 4225.84 -7177.62 12339.2 1 1
-1848.39 1475.28 819.518 2505.15 1 2
event 60
4207.42 3282.9 -586.156 6197.93
-4227.51 -8487.41 -7866.35 12703.5
3299.59 677.033 -666.495 3435.26 1 1
907.831 2605.86 80.3389 2762.66 -1 1
-2469.21 -4738.87 -2435.12 5873.24 -1 2
-1758.31 -3748.53 -5431.23 6830.27 1 2
event 61
-13744.7 -277.48 -35.7309 14092.1
8843.56 -187.642 -8873.61 12906.4
4141.82 1439.86 -3872.81 5851.3 1 2
-2620.94 1106.11 393.938 2873.87 1 1
-11123.8 -1383.59 -429.668 11218.2 -1 1
4701.74 -1627.5 -5000.79 7055.08 -1 2
event 62
5593.71 -6317.96 13100.4 16012.9
-6712.91 -64.4399 -2692.72 7868.17
-4470.93 -734.553 -3099.68 5490.71 -1 2
1283.12 -3934.03 4603.16 6190.58 1 1
4310.59 -2383.93 8497.19 9822.31 -1 1
-2241.98 670.113 406.96 2377.46 1 2
event 63
5121.57 -1450.37 -14212.9 15489.7
12968.6 -707.154 36550 38912.5
3329.17 -2394.29 -8797.69 9707.04 1 1
1792.39 943.916 -5415.24 5782.7 -1 1
8889.01 -1870.65 25978.4 27521 -1 2
4079.63 1163.5 10571.6 11391.5 1 2
event 64
10533.9 6635.21 -1860.33 12963
2761.24 -4366.62 -19065.7 19994.6
6730.08 5186.04 -2462.88 8846.81 1 1
3803.78 1449.17 602.553 4116.2 -1 1
308.645 -3176.05 -8424.43 9009.15 -1 2
2452.6 -1190.57 -10641.3 10985.5 1 2
event 65
3038.57 -9484.89 24901.9 26998
-9468.2 7477.49 10569.9 16336.2
-2784.7 3926.69 4978.27 6925.88 -1 2
1117.24 -3249.98 12745 13200.6 1 1
-6683.49 3550.81 5591.6 9410.34 1 2
1921.33 -6234.92 12156.9 13797.4 -1 1
event 66
-6851.12 -9380.44 -285.022 12025.1
58.6858 6890.05 5106.02 9118.03
236.527 4373.92 1335.95 4580.73 -1 2
-3333.42 -2441.14 666.37 4186.42 -1 1
-3517.69 -6939.3 -951.392 7838.65 1 1
-177.841 2516.12 3770.07 4537.3 1 2
event 67
-320.839 6465.27 14419 16105.9
-1426.21 9383.11 -38524.1 39796.7
-711.398 4005.51 -22860.7 23220.1 -1 2
-760.166 2193.24 8371.07 8687.59 -1 1
-714.808 5377.6 -15663.5 16576.6 1 2
439.327 4272.03 6047.91 7418.33 1 1
event 68
1192.35 15400.3 63385.9 65314.2
3065.5 5169.43 -9259.12 11464.8
1843.72 2781.52 -7620.54 8319.85 1 2
497.435 7360.37 36718.1 37452 -1 1
1221.78 2387.91 -1638.58 3144.99 -1 2
694.912 8039.92 26667.7 27862.2 1 1
event 69
-4982.05 -9408.66 -34537.8 36329
2455.91 3461.61 -14725.9 15635.2
-4490.2 -5358.27 -24889.8 25853.2 -1 1
-491.848 -4050.4 -9647.98 10475.8 1 1
2865.94 1482.55 -9247.72 9795.05 -1 2
-410.031 1979.05 -5478.22 5840.1 1 2
event 70
7190.61 3210.43 3328.73 9093.04
-9524.46 -5227.41 -1097.05 11350.6
-3368.47 -270.474 -87.9475 3382.1 1 2
2078.67 1014.71 2598.95 3480.83 -1 1
-6155.99 -4956.94 -1009.1 7968.5 -1 2
5111.94 2195.72 729.786 5612.21 1 1
event 71
-4426.05 -2740.89 6442.65 8843.14
-2554.17 13656.1 -18485 23330.2
-2287.09 -2176.7 1651.14 3564.59 -1 1
-2138.96 -564.193 4791.51 5278.55 1 1
-1103.82 8805.07 -9389.14 12919.6 1 2
-1450.34 4851.01 -9095.87 10410.7 -1 2
event 72
5557.01 -6152.69 -7486.19 11591.9
5846.53 1870.6 -25287.2 26205.2
2268.44 -4199.05 -2772.46 5520.46 -1 1
3288.58 -1953.64 -4713.74 6071.4 1 1
2299.26 -442.955 -12964.3 13174.4 -1 2
3547.28 2313.56 -12322.9 13030.8 1 2
event 73
5888.81 6742.72 -24749.6 26500.6
4677.02 4018.26 10492.7 12558.4
4634.05 3720.23 -12837.5 14146.6 1 1
1254.76 3022.49 -11912.2 12354 -1 1
358.733 2150.08 3671.99 4271.56 -1 2
4318.29 1868.18 6820.74 8286.82 1 2
event 74
9588.77 9183.35 -13850.4 19434.6
5436.91 2776.31 3794.33 7826.62
2691.55 3004.43 1769.39 4406.02 -1 2
2952.51 1415.97 -2238.77 3968.07 1 1
6636.26 7767.38 -11611.6 15466.5 -1 1
2745.35 -228.127 2024.94 3420.61 1 2
event 75
-6603.68 2484.16 -3607.36 8507.93
4048.91 5005.14 -31992.5 32780.4
1877.97 4485.55 -20133.6 20712.8 1 2
-3042.3 -419.488 -1045.4 3245.85 1 1
2170.94 519.589 -11858.8 12067.6 -1 2
-3561.38 2903.65 -2561.97 5262.07 -1 1
event 76
1712.21 5974.41 28462.7 29297.5
11374.2 8062.41 -661.387 14297
-124.8 4594.43 17312.2 17912.2 1 1
1837.01 1379.97 11150.5 11385.3 -1 1
6647.12 3813.9 -1714.58 7853.72 -1 2
4727.09 4248.51 1053.2 6443.27 1 2
event 77
-5391.05 5970.92 31974.8 33116.3
5383.24 11822.7 6056.42 14663.7
-4283.32 3055.12 23584.2 24164.1 -1 1
-1107.73 2915.79 8390.58 8952.21 1 1
1482.78 6760.34 3723.11 7859.61 -1 2
3900.46 5062.32 2333.31 6804.13 1 2
event 78
9405.05 1304.4 -7914.41 12743
3103.37 13129.4 -47186.3 49174.7
3099.27 10630.5 -34146.3 35897 1 2
3854.14 188.678 -5164.38 6447.64 1 1
4.10414 2498.96 -13040 13277.7 -1 2
5550.91 1115.73 -2750.03 6295.33 -1 1
event 79
3049.93 8268.34 1594.97 9476.4
8205.52 1423.33 40256.8 41225.7
525.654 5337.54 216.592 5368.77 -1 1
2524.27 2930.8 1378.38 4107.63 1 1
3677.69 -448.739 12437.7 12978.2 -1 2
4527.83 1872.07 27819.1 28247.4 1 2
event 80
6601.23 1680.9 4537.89 8751.21
-9822.17 -9623.25 13060.7 19216
3591.21 2315.33 1821.96 4646.32 -1 1
3010.02 -634.43 2715.93 4104.89 1 1
-5811.8 -7582.71 9539.27 13501.2 -1 2
-4010.36 -2040.55 3521.38 5714.73 1 2
event 81
6405.42 -4561.78 -1210.21 8537.84
-7113.93 -5812.59 7615.46 12328
-1956.94 -3457.32 3761.1 5471.72 -1 2
1113.76 -1905.8 -1394.71 2613.22 -1 1
5291.66 -2655.98 184.5 5924.62 1 1
-5156.99 -2355.27 3854.36 6856.31 1 2
event 82
-5049.92 -3048.66 6672.52 9429.19
-13161.4 5893.03 55943.6 57855.3
-3011.35 1553.94 18903.4 19205.1 1 2
-2506.22 197.923 2175.31 3326.17 -1 1
-10150.1 4339.09 37040.2 38650.2 -1 2
-2543.7 -3246.58 4497.22 6103.02 1 1
event 83
135.804 7702.5 -31483.2 32559.7
-4533.4 -4142.36 2180.29 7214.95
-3545.78 -2368.71 2784.89 5094.13 -1 2
1490.88 2707.26 -13222.3 13579.1 1 1
-1355.08 4995.24 -18260.9 18980.6 -1 1
-987.62 -1773.64 -604.598 2120.83 1 2
event 84
4376.5 5612.68 354.578 7769.98
8280.46 -4853.39 -5933.21 11701.2
2966.32 -2429.86 -786.413 3915.72 1 2
2373.76 2048.43 1563.62 3505.26 1 1
5314.14 -2423.52 -5146.8 7785.51 -1 2
2002.74 3564.25 -1209.04 4264.71 -1 1
event 85
-2682.94 -11094.1 57905.4 59100.8
7806.57 -3188.79 8953.76 12683.5
-87.4967 -6411.96 28602.9 29313.1 -1 1
-2595.45 -4682.09 29302.5 29787.7 1 1
1968.6 -2298.89 3674.43 4761.6 -1 2
5837.97 -889.906 5279.33 7921.89 1 2
event 86
-87.8616 7255.11 14817.7 16786.8
-349.847 9092.44 -3380.19 10188.8
1068.2 3480.68 -2276.64 4295.4 1 2
-654.821 2384.21 2451.45 3483.39 1 1
-1418.05 5611.76 -1103.55 5893.36 -1 2
566.959 4870.9 12366.2 13303.5 -1 1
event 87
5821.09 65.0401 -969.639 6664.82
-7687.09 3326.09 39690.6 40682.8
-2923.25 2375.47 22717.9 23028.3 1 2
1855.48 1313.98 -1046.51 2505.13 1 1
-4763.84 950.621 16972.6 17654.4 -1 2
3965.61 -1248.94 76.8718 4159.69 -1 1
event 88
-2690.74 5830.41 77.052 7129.47
4268.94 -10401.4 -59286.6 60422.7
-615.155 3557.72 -1184.68 3801.37 1 1
-2075.58 2272.69 1261.73 3328.11 -1 1
4024.09 -6141.47 -40136.7 40802.9 1 2
244.853 -4259.92 -19149.8 19619.7 -1 2
event 89
-8578.47 -4835.87 4256.29 11166.2
6743.43 2906.17 -3428.48 8675.58
2490.62 2652.43 -1019.16 3780 1 2
-2246.78 -1863.8 2747.04 4009.88 -1 1
-6331.69 -2972.07 1509.25 7156.29 1 1
4252.81 253.744 -2409.32 4895.58 -1 2
event 90
-5335.19 -802.57 -1787.95 6472.66
650.729 14532.2 37283 40140
-3570.26 -1956.84 -841.592 4158.77 -1 1
-1764.94 1154.27 -946.355 2313.89 1 1
-940.324 9882.29 26101 27925.2 1 2
1591.05 4649.88 11181.9 12214.7 -1 2
event 91
-4452.14 5673.58 36892.8 37718.5
19108.4 -11528.4 11582.2 25333.2
-1745.57 4590.75 24396.1 24885.8 -1 1
-2706.57 1082.83 12496.7 12832.7 1 1
12170.2 -6474.77 8587.21 16241.6 -1 2
6938.14 -5053.58 2994.96 9091.61 1 2
event 92
6898.25 -8775.42 38307.5 40020.6
4083.26 -9018.88 7401.16 12743
2134.71 -7295.32 4454.81 8811.08 -1 2
2104.64 -2497.37 16644.6 16962.3 1 1
4793.61 -6278.05 21662.9 23058.3 -1 1
1948.55 -1723.57 2946.34 3931.88 1 2
event 93
4095.45 15258.5 30999.9 34931
3126.64 -3497.52 15615.3 16596.3
1189.43 9267.67 16195.2 18697.6 1 1
2906.02 5990.84 14804.6 16233.4 -1 1
1068.05 -3176.23 7466.38 8184.57 -1 2
2058.59 -321.287 8148.93 8411.73 1 2
event 94
-7575.4 -8532.87 -8127.82 14347.4
3313.74 -9042.34 -46816.8 47897.3
1840.33 -6563.24 -38375.3 38976.2 -1 2
-1411.46 -3581.92 -1972.29 4327.06 -1 1
-6163.93 -4950.95 -6155.54 10020.4 1 1
1473.41 -2479.1 -8441.46 8921.11 1 2
event 95
3864.07 -9240.73 37432.2 38872.7
7407.98 -1725.61 23030.1 24450.6
4794.75 62.6309 16651.5 17328.5 -1 2
979.227 -4254.53 11338.3 12150.2 1 1
2884.84 -4986.2 26093.9 26722.5 -1 1
2613.23 -1788.24 6378.66 7122.17 1 2
event 96
-4799.45 3697.36 -1920.3 7069.85
-10501.8 7929.41 -12220.2 18223.2
-3083.05 1768.24 423.697 3580.86 1 1
-1716.4 1929.12 -2344 3488.98 -1 1
-6016.27 6004.97 -6488.85 10694.5 -1 2
-4485.48 1924.44 -5731.3 7528.74 1 2
event 97
-5366.25 -1335.25 -1486.7 6510.07
9560.19 5986.93 23041.3 25840.6
-2659.78 -1609.05 -2056.44 3728.75 -1 1
-2706.47 273.798 569.744 2781.32 1 1
5134.2 4981.88 14374.5 16056.6 1 2
4425.99 1005.05 8666.88 9783.94 -1 2
event 98
266.77 -9643.09 -315.191 10136.6
1049.44 -9525.78 8733.95 13330.9
-207.381 -5966.56 3650.95 6998.82 1 2
1629.87 -4131.53 90.0375 4443.57 1 1
1256.83 -3559.22 5082.99 6332.11 -1 2
-1363.1 -5511.56 -405.228 5693.04 -1 1
event 99
700.1 -5367.93 1554.28 6427.33
695.82 -8294.23 -6520.88 11197.7
1867.53 -2579.56 507.226 3226.49 1 1
-1167.43 -2788.37 1047.06 3200.84 -1 1
-1268.92 -4364.57 -4364.65 6302.46 1 2
1964.74 -3929.66 -2156.23 4895.19 -1 2
event 100
-3059.87 -12212.9 54151.6 55682.1
-3533.14 -5454.72 10459.5 12697.6
-1207.96 -4528.67 7059.69 8474.57 -1 2
-1379.57 -4189.43 25577.7 25955.4 -1 1
-1680.29 -8023.45 28573.9 29726.7 1 1
-2325.18 -926.048 3399.77 4222.98 1 2
event 101
948.217 5088.26 -28313.1 28948.5
6912.2 -13289.7 9620.88 18070.6
2050.07 2639.37 -15512.1 15868.4 1 1
-1101.85 2448.88 -12801.1 13080.1 -1 1
5524.12 -9436.73 5426.96 12207.8 -1 2
1388.08 -3852.98 4193.93 5862.8 1 2
event 102
-2103.13 12624.6 -21308.5 25048.9
78.8415 7160.88 4386.73 8950.93
-2044.32 8170.19 -11304.2 14097.1 1 1
-58.8133 4454.41 -10004.3 10951.8 -1 1
984.939 4243.25 3915.07 5857.84 -1 2
-906.098 2917.63 471.658 3093.09 1 2
event 103
1837.46 10748.6 13797.4 17856.8
-11672.4 2429.49 63632.2 64813.6
-3017.85 730.126 10350.4 10806.6 -1 2
1051.26 2205.54 5012.77 5577.51 -1 1
-8654.54 1699.37 53281.8 54006.9 1 2
786.199 8543.02 8784.59 12279.3 1 1
