event 0
-3243.76 5850.09 27867 28825.4
17391 -11934.1 45687.5 50416.4
-1844.12 4262.26 23694.5 24145.6 1 1
-1399.64 1587.83 4172.46 4679.82 -1 1
10964.6 -5987.59 28823.5 31414.6 1 2
6426.36 -5946.5 16864 19001.7 -1 2
event 1
-1307.27 7785.4 12068.2 14749.7
3501.11 9372.9 8717.28 13626.9
962.568 4258.24 5660.63 7149.33 -1 2
356.23 2969.57 6751.28 7384.86 1 1
2538.54 5114.67 3056.65 6477.52 1 2
-1663.5 4815.83 5316.91 7364.79 -1 1
event 2
-6104.56 -2881.25 1522 7581.22
5749.21 -17187 -38666.4 42815
1617.09 -2647.74 -8990.75 9511.58 1 2
-1976.29 -492.695 -902.004 2230.07 1 1
4132.12 -14539.3 -29675.6 33303.5 -1 2
-4128.27 -2388.56 2424.01 5351.15 -1 1
