event 0
-4405.97 4799.66 22317 23453.9
11415 6170.74 51153.8 52864.8
-2610.64 3068 18186.2 18627.3 1 1
-1795.33 1731.66 4130.78 4826.63 -1 1
6585.15 4798.86 35579.9 36501.1 -1 2
4829.87 1371.87 15574 16363.7 1 2
event 1
-7898.36 2071.48 -13073.3 15721.8
1031.77 9658.49 47827.2 48901.8
1887.09 3786.92 21728.5 22136.9 -1 2
-3831.98 -517.209 -6602.34 7652.03 -1 1
-855.314 5871.58 26098.7 26764.9 1 2
-4066.38 2588.69 -6471 8069.81 1 1
event 2
7902.82 -7378.75 24740.2 27176.6
6850.12 -1458.33 7147.7 10475.3
5190.78 -3588.49 17087.6 18215.9 -1 1
2712.04 -3790.27 7652.59 8960.73 1 1
1580.07 -1629.32 1373 2654.73 -1 2
5270.05 170.998 5774.7 7820.54 1 2
event 3
867.111 -5339.99 17029.7 18134.8
-8581.73 3367.83 -14856.5 17756.6
-908.232 -3542.87 8962.92 9681.01 -1 1
1775.34 -1797.11 8066.82 8453.77 1 1
-4030.41 2736.41 -5609.94 7430.66 -1 2
-4551.32 631.425 -9246.6 10325.9 1 2
event 4
-393.211 5851.22 4663.77 8350.41
5637.11 -8824.68 22028 24586.1
141.783 3824.04 738.015 3898.62 1 1
-534.994 2027.17 3925.76 4451.79 -1 1
4729.47 -4720.7 12587.3 14251.5 -1 2
907.633 -4103.97 9440.62 10334.6 1 2
