event 0
6180.59 5162.28 -3505.61 9312.84
-4519.59 7899.85 -19957.5 22152.4
-2557.47 1610.35 -6178.19 6878.6 -1 2
2214.03 1539 319.15 2717.26 1 1
-1962.12 6289.51 -13779.3 15273.8 1 2
3966.56 3623.28 -3824.76 6595.58 -1 1
event 1
13666.4 1222.89 31040.3 34078.7
-5064.22 -1292.72 -3157.39 6846.6
8062.92 1035.65 14635.3 16741.7 -1 1
5603.5 187.235 16405 17336.9 1 1
-3225.02 -49.484 -320.805 3243.04 -1 2
-1839.2 -1243.24 -2836.58 3603.56 1 2
event 2
416.416 7781.96 -19154.8 20910.1
-11114.6 768.986 11057.8 15999.8
-8413.85 1901.39 8016.67 11776.5 1 2
-1349.35 3255.3 -8156.76 8886.04 -1 1
-2700.74 -1132.41 3041.11 4223.25 -1 2
1765.77 4526.66 -10998.1 12024 1 1
event 3
2230.04 11364 -5994.19 13402.8
7746.56 -14498.5 -65585.3 67684.9
2517.46 -4117.78 -25283.9 25740.6 1 2
1467.38 1558.67 -878.167 2316.25 1 1
5229.09 -10380.7 -40301.4 41944.2 -1 2
762.653 9805.35 -5116.02 11086.5 -1 1
event 4
-15425.9 -668.192 -34952.4 38336.3
-1946.12 6472.47 35647.5 36414.5
221.508 4185.13 23068.2 23446.1 1 2
-4357.16 -523.267 -6893.95 8172.91 -1 1
-2167.63 2287.34 12579.2 12968.4 -1 2
-11068.7 -144.925 -28058.5 30163.3 1 1
event 5
-5184.13 9626.75 -23892.6 26457.4
-1822.22 9678.96 -12853 16486.2
-2971.97 4663.27 -8572.96 10202.2 1 1
-2212.16 4963.48 -15319.6 16255.2 -1 1
-195.873 7932.1 -9911.22 12696.5 -1 2
-1626.34 1746.86 -2941.8 3789.7 1 2
event 6
4443.05 544.083 -2176.68 5862.17
4895.46 7922.16 -4079.3 10628.2
2621.12 1558.29 -2220.84 3773.83 -1 1
1821.93 -1014.21 44.1586 2088.34 1 1
4048.96 3633.47 -2232.49 5881.44 -1 2
846.502 4288.68 -1846.82 4746.71 1 2
event 7
6803.86 4173.17 20720.9 22420
-9682.33 3787.62 -11166.2 15568.2
-7564.42 3238.55 -6768.53 10655.2 1 2
3321.97 948.191 5692.11 6659.27 -1 1
-2117.91 549.074 -4397.68 4913.02 -1 2
3481.89 3224.98 15028.8 15760.7 1 1
event 8
-7669.74 -11913.4 21048.3 25561.3
5400.89 30.2032 -4516.02 7691.28
-4639.77 -5826.92 8607.09 11383 -1 1
-3029.98 -6086.45 12441.3 14178.2 1 1
3654.34 -994.705 -1539.38 4089.56 -1 2
1746.55 1024.91 -2976.64 3601.73 1 2
event 9
5661.48 -1700.78 13189.3 14781.5
-692.695 9268.07 -45772.3 46808.9
1155.79 2807.91 -16219.7 16501.8 1 2
1655.86 -1491.11 7463.54 7789.79 -1 1
-1848.49 6460.17 -29552.7 30307.1 -1 2
4005.62 -209.67 5725.78 6991.75 1 1
event 10
-5304.12 2354.63 8374.02 10648.6
4092.66 -17643.6 5823.42 19275.6
-2535.25 2073.37 2414.15 4070.09 -1 1
-2768.87 281.256 5959.87 6578.52 1 1
2385.88 -13007.4 5501.93 14323.7 1 2
1706.78 -4636.18 321.486 4951.94 -1 2
event 11
600.864 6357.04 19245.1 20512
-8381.31 -209.791 -26223.1 27704.4
1643.43 3352.68 8065.99 8888.9 1 1
-1042.56 3004.36 11179.1 11623.1 -1 1
-4267.34 385.762 -8750.46 9743.75 -1 2
-4113.97 -595.554 -17472.6 17960.6 1 2
event 12
5002.76 -552.451 11607.6 13025.3
-3703.01 8323.18 -5111.9 10895.4
3524.87 986.219 6056.26 7077.2 1 1
1477.88 -1538.67 5551.36 5948.14 -1 1
-1271.51 4778.11 -1215.78 5092.77 1 2
-2431.5 3545.08 -3896.11 5802.64 -1 2
event 13
-891.857 -8539.77 -7765.44 12149.5
7267.31 671.189 20586.9 22060.7
-2076.57 -4628.86 -3099.06 5945.91 -1 1
1184.71 -3910.92 -4666.37 6203.63 1 1
3706.78 704.454 6370.24 7404.57 -1 2
3560.53 -33.2653 14216.7 14656.2 1 2
event 14
-875.521 8748.55 -23613.3 25386.6
6257.82 1722.27 -4123.55 8289.83
3907.52 -511.646 -2414.23 4622.79 1 2
-1378.08 4196.43 -14917.2 15557.7 1 1
2350.3 2233.92 -1709.32 3667.05 -1 2
502.559 4552.12 -8696.07 9828.9 -1 1
event 15
7441.88 4829.9 -21576 23533.5
10207 -1794.59 -21662.6 24212.9
4088.91 2794.55 -15739.3 16500.4 -1 1
3352.97 2035.36 -5836.75 7033.06 1 1
7147.25 -2575.09 -14098.4 16015.3 -1 2
3059.74 780.495 -7564.27 8197.6 1 2
event 16
903.865 -11539.6 61719.1 62871.5
-1768.37 6343.46 27547.2 28492.2
-675.702 -7435.05 42907.2 43552 1 1
1579.57 -4104.52 18811.9 19319.5 -1 1
-1561.85 1532.61 12573.9 12763.3 -1 2
-206.516 4810.84 14973.3 15728.9 1 2
event 17
-1283.87 5713.61 -15156.3 16540.8
-1509.55 -11398.3 35910.6 37833.3
-1517.98 3187.08 -11889.9 12403.3 1 1
234.109 2526.53 -3266.43 4137.5 -1 1
-1170.83 -6430.44 15464.5 16789.4 1 2
-338.721 -4967.84 20446.1 21044 -1 2
event 18
-6501.54 4088.15 -8750.73 12047.7
-4955.95 -5092.24 34182.3 35050.2
-3494.3 -3695.05 29690.5 30123.1 1 2
-2568.83 2559.12 -5994.42 7006.58 1 1
-1461.65 -1397.19 4491.84 4927.1 -1 2
-3932.72 1529.02 -2756.31 5041.09 -1 1
event 19
-6008.11 -4552.04 -11272 13909.3
-10639.8 3881.38 4139.77 12449.9
-4412.86 -1703.7 -5318.14 7118.27 -1 1
-1595.25 -2848.34 -5953.9 6791.02 1 1
-6168.1 1098.88 1081.81 6358.81 1 2
-4471.74 2782.5 3057.96 6091.06 -1 2
event 20
-1569.63 6186.6 -7038.56 9993.53
786.757 -15182.3 83592.3 85019.9
-501.522 3787.79 -6108.51 7205.83 -1 1
-1068.1 2398.81 -930.043 2787.7 1 1
-726.584 -9898.11 58082.6 58924.5 1 2
1513.34 -5284.14 25509.7 26095.4 -1 2
event 21
-8032.19 2496.6 7703.06 11818.4
6768.22 -1749.12 23557.2 24766.9
-3792.37 2642.62 3151.1 5595.18 1 1
-4239.82 -146.021 4551.96 6223.25 -1 1
4161.31 299.787 15536 16086.8 -1 2
2606.92 -2048.91 8021.2 8680.14 1 2
event 22
4906.22 9184.29 6684.09 12755
6880.44 -2790.71 16057 17959.6
4852.49 -2025.29 14056.2 15007.9 -1 2
3625.65 3547.51 3374.91 6093.55 1 1
1280.57 5636.78 3309.17 6661.45 -1 1
2027.95 -765.417 2000.84 2951.77 1 2
event 23
-1486.25 -6329.55 -12876.8 14753.8
-11669.4 8010.59 65920.9 67494.4
-199.42 -3777.18 -4378.2 5786.77 -1 1
-1286.83 -2552.37 -8498.64 8967.08 1 1
-7805.61 6506.95 41662.6 42884.1 1 2
-3863.82 1503.64 24258.3 24610.3 -1 2
event 24
2538.25 -10465.1 -5866.26 12647.7
-11528.2 3272.4 -35585.2 37676.3
-3431.63 2483.68 -11717.8 12460.4 1 2
1912.04 -2909.15 -2799.23 4468.32 1 1
-8096.56 788.727 -23867.4 25215.9 -1 2
626.211 -7555.99 -3067.03 8179.42 -1 1
event 25
-5553.59 -1075.02 -11170.8 12898.7
-9531.01 -243.959 -10100.8 14230.9
-2633.21 -1812.18 -7470.39 8126.23 1 1
-2920.38 737.162 -3700.46 4772.48 -1 1
-5422.84 109.534 -3528.62 6471.59 -1 2
-4108.17 -353.494 -6572.17 7759.29 1 2
event 26
-6468.09 313.003 8524.66 11144.3
1590.36 -14146.7 53947.4 55879.9
-188.689 -3201.52 17162.6 17460 -1 2
-2219.21 -251.565 927.312 2420.59 -1 1
1779.05 -10945.2 36784.8 38420 1 2
-4248.88 564.568 7597.35 8723.68 1 1
event 27
-11487.1 1029.05 -21152.6 24290.6
-8985.98 918.214 -4949.32 10755.4
-4042.33 1744.77 -1431.45 4630.86 -1 2
-3327.71 -900.544 -7724.68 8459.69 -1 1
-8159.38 1929.6 -13427.9 15830.9 1 1
-4943.65 -826.554 -3517.87 6124.5 1 2
event 28
8241.74 3896.37 -34660.4 35972.8
-9013.84 4509 9143.48 13956.2
-3327.48 126.811 2399.29 4105.6 1 2
2230.57 -117.16 -5676.33 6100.9 1 1
6011.17 4013.53 -28984.1 29871.9 -1 1
-5686.36 4382.19 6744.18 9850.56 -1 2
event 29
-5756.04 12562.1 34307.7 37115.3
134.892 4933.8 -10566 12066.1
-3649.27 6414.22 21869.2 23081 1 1
-2106.77 6147.92 12438.5 14034.3 -1 1
-1392.22 3311.93 -6351.61 7298.03 -1 2
1527.12 1621.87 -4214.39 4768.1 1 2
event 30
-9185.29 6266.71 8140.04 14124.2
-1018.54 7835.75 -2243.04 8778.3
-5532.65 2991.29 2841.89 6902.58 1 1
-3652.65 3275.42 5298.14 7221.61 -1 1
-693.104 1989.37 702.079 2223.07 -1 2
-325.438 5846.38 -2945.12 6555.23 1 2
event 31
-6230.08 -3808.24 -11237.2 13754.3
7033.89 -10613.1 1032.71 13144.2
4531.36 -8825.61 75.9837 9921.77 1 2
-2201.04 -2941.84 -4053.74 5472.02 -1 1
2502.53 -1787.5 956.727 3222.47 -1 2
-4029.04 -866.402 -7183.43 8282.31 1 1
event 32
3779.99 -2952.05 -398.1 5722.89
-6046.38 9619.32 5771.8 13114.6
3354.58 -789.356 143.213 3450.79 -1 1
425.405 -2162.7 -541.313 2272.09 1 1
-2621.51 5369.89 4573.69 7525.81 1 2
-3424.87 4249.43 1198.11 5588.74 -1 2
event 33
5064.77 -7721.34 31855.4 33311.1
-6732.79 4666.76 -1411.46 8870.87
-3987.82 2517.36 736.984 4774.32 -1 2
2562.48 -2508.91 8049.54 8812.9 -1 1
2502.29 -5212.42 23805.9 24498.2 1 1
-2744.96 2149.4 -2148.45 4096.55 1 2
event 34
-5984.25 4729.45 5961.97 10164.4
7495.45 -5926.21 -1928.19 10227.9
5530.67 -3333.17 -2495.8 6923.76 1 2
-3664.61 1202.29 1883.02 4293.23 -1 1
1964.78 -2593.04 567.608 3304.17 -1 2
-2319.64 3527.16 4078.96 5871.17 1 1
event 35
-1530.87 7484.23 -28666 29827.7
-3050.88 -5936.55 -7498.03 10505.3
-2924.39 -3056.71 -5726.01 7119.97 -1 2
-1931.86 2335.42 -9143.88 9633.69 1 1
400.983 5148.81 -19522.2 20194 -1 1
-126.488 -2879.83 -1772.02 3385.36 1 2
event 36
-5152.3 -2888.22 -24671.7 25557.2
-6872.24 12550.8 -27104.4 30805.7
-2014.25 2590.6 -3954.2 5139.58 -1 2
-2467.07 159.167 -7000.88 7425.31 -1 1
-4858 9960.21 -23150.2 25666.1 1 2
-2685.24 -3047.38 -17670.8 18131.9 1 1
event 37
-4360.6 -6413.86 -8818.95 12145.7
7147.06 279.72 10802.2 13320.5
4205.34 -808.585 8168.17 9223.28 -1 2
-406.041 -3272.65 -3422.91 4754.22 1 1
-3954.56 -3141.21 -5396.03 7391.49 -1 1
2941.73 1088.31 2633.98 4097.21 1 2
event 38
-9950.24 -4639.38 6542.52 13301.9
1753.71 4137.65 1440.18 5644.45
-6231.71 -1089.39 2682.86 6872.4 -1 1
-3718.54 -3549.99 3859.66 6429.47 1 1
-129.991 3430.14 1058.59 3593.68 -1 2
1883.7 707.504 381.587 2050.77 1 2
event 39
5561.18 -2443.26 26082.3 26958.8
-14013.4 822.787 -44772.9 47024
-2995.89 -1068.25 -9093.44 9634.22 -1 2
1541.18 -2315.91 9924.53 10307.6 1 1
-11017.5 1891.04 -35679.4 37389.7 1 2
4020 -127.348 16157.8 16651.2 -1 1
event 40
-7927.8 -372.012 15.3574 8519.45
6302.7 -724.791 -2187.47 7390.88
-4570.92 278.572 1457.51 4806.92 -1 1
-3356.88 -650.584 -1442.16 3712.53 1 1
2693.32 1081.41 -1585.34 3308.76 -1 2
3609.38 -1806.2 -602.122 4082.12 1 2
event 41
5047.95 -8416.19 -21761.4 24072.1
-3951.01 3090.31 -8960.06 10725.4
-2739.69 1267 -7517.91 8101.94 1 2
1276.7 -4644.54 -8377.28 9663.94 -1 1
-1211.31 1823.31 -1442.15 2623.49 -1 2
3771.25 -3771.65 -13384.1 14408.1 1 1
event 42
-7566.06 4077.53 -9067.48 12871.7
5323.78 2950.33 21422.4 22484.6
2609.34 2683.22 8680.34 9453.45 1 2
-2995.67 3068.42 -5557.53 7020.44 1 1
2714.44 267.105 12742.1 13031.2 -1 2
-4570.39 1009.11 -3509.95 5851.29 -1 1
event 43
7142.43 5478.8 5054.85 10778.4
-10230.8 -3616.92 3978.22 11965.5
-8615.23 -1810.11 3593.28 9509.02 1 2
2920.71 1032.77 2993.46 4309.19 1 1
-1615.61 -1806.81 384.939 2456.44 -1 2
4221.72 4446.03 2061.4 6469.21 -1 1
event 44
4957.42 -7319.36 -22304.1 24191.2
7543 -9586.88 6701.55 14258.6
1463.63 -3347.14 3238.92 4883.37 -1 2
520.978 -3361.6 -7420.63 8163.86 -1 1
6079.38 -6239.73 3462.63 9375.18 1 2
4436.44 -3957.76 -14883.5 16027.3 1 1
event 45
6791.09 -2279.46 -18643.3 20210.9
-12678 -4985.97 -599.87 13983.7
-10779.4 -3946.96 -1611.36 11592.3 1 2
3260.88 511.957 -7861 8526.54 1 1
-1898.62 -1039 1011.49 2391.35 -1 2
3530.21 -2791.42 -10782.4 11684.4 -1 1
event 46
5479.58 3135.12 8227.4 10822.9
3193.38 -6626.04 21461 22896.9
924.931 -2871.64 13223.1 13563.3 -1 2
2532.21 334.487 1506.61 2967.33 -1 1
2268.45 -3754.4 8237.84 9333.52 1 2
2947.37 2800.63 6720.79 7855.62 1 1
event 47
-4952.42 -6668.19 23545.7 25159.1
-4528.59 8698.83 15184.5 18339.5
-2118.76 -5102.49 16592.4 17488.4 1 1
-2833.67 -1565.71 6953.28 7670.75 -1 1
-3324.16 6417.58 13319.9 15154.8 -1 2
-1204.43 2281.25 1864.54 3184.72 1 2
event 48
-5666.07 -4014.8 500.096 7619.97
708.757 -12461.8 33417.3 35806.5
-3926.09 -989.64 -215.232 4055.99 1 1
-1739.98 -3025.16 715.328 3563.98 -1 1
676.656 -6895.54 14225.2 15823.2 1 2
32.101 -5566.21 19192.2 19983.3 -1 2
event 49
8883.54 332.556 -4056.08 10250.4
-7515.97 532.641 4989.32 9759.87
4888.02 -424.54 -661.2 4951.9 1 1
3995.52 757.096 -3394.88 5298.47 -1 1
-5730.15 -1190.72 3000.25 6577.62 -1 2
-1785.82 1723.37 1989.07 3182.25 1 2
event 50
1000.63 7037.15 1562.61 7909.29
3777.37 5309.34 4628.39 8571.5
1941.81 3507.09 4450.6 5990.77 -1 2
-75.1068 3030.23 -796.02 3135.72 1 1
1075.74 4006.92 2358.63 4773.57 -1 1
1835.56 1802.25 177.785 2580.73 1 2
event 51
8188.77 8484.29 67804.5 68891.8
-6195.31 14356.8 47069.3 49695.2
-1520.7 5223.44 20604.8 21311.2 1 2
4156.17 2243.02 23818 24282 1 1
-4674.61 9133.39 26464.5 28384 -1 2
4032.59 6241.26 43986.4 44609.8 -1 1
event 52
7211.42 4833.69 26605.8 28157.2
4795.52 6422.91 -12435.6 15247.5
4578.28 2330.26 19628.6 20290 1 1
2633.14 2503.43 6977.14 7867.16 -1 1
3792.53 3747.52 -10553.8 11824.6 -1 2
1002.99 2675.39 -1881.78 3422.86 1 2
event 53
-6285.69 -5102.03 28688.5 29969.3
4682.72 -5175.79 1710.94 7825.28
-3233.49 -4515.18 17987.8 18825.9 -1 1
-3052.2 -586.85 10700.7 11143.4 1 1
1318.95 -2395.99 2090.07 3443.83 -1 2
3363.77 -2779.8 -379.125 4381.45 1 2
event 54
6079.32 -2504.59 -22795.6 23926.2
-9139.41 -4531.89 -23596.1 25892.7
-3713.61 -208.588 -8456.15 9238.62 1 2
2130.72 383.711 -4617.27 5100.74 -1 1
-5425.79 -4323.3 -15140 16654.1 -1 2
3948.6 -2888.3 -18178.3 18825.4 1 1
event 55
3192.3 -5729.85 18080.7 19481.4
-7430.99 -634.413 -863.614 8121.52
-3151.77 -293.561 1162.06 3373.63 -1 2
1824.76 -902.364 3373.71 3941.71 1 1
1367.54 -4827.48 14707 15539.7 -1 1
-4279.22 -340.853 -2025.68 4747.89 1 2
event 56
-6515.09 894.157 456.818 7283.24
9030.75 -5189.35 -19619.1 22427.3
-3923.69 -964.253 616.688 4088.59 1 1
-2591.4 1858.41 -159.87 3194.64 -1 1
5406.89 -1409.83 -11090.4 12419 -1 2
3623.86 -3779.52 -8528.68 10008.3 1 2
event 57
-4512.38 -2491.06 6995.34 9224.51
9373.6 2541.62 1166.78 10260.4
-1837.84 -2691.08 4520.03 5573.27 -1 1
-2674.54 200.021 2475.31 3651.23 1 1
4922.71 1829.11 2098.63 5656.34 -1 2
4450.89 712.506 -931.849 4604.08 1 2
event 58
-6867.84 4013.94 -14824 17106.2
3734.01 6044.33 -3502.4 8504.91
1564.51 5180.62 -2460.37 5945.68 1 2
-2684.74 3062.9 -8929.94 9815.51 1 1
2169.49 863.706 -1042.02 2559.23 -1 2
-4183.1 951.04 -5894.07 7290.68 -1 1
event 59
5090.86 -2330.22 2724.35 6954.14
6113.19 6873.76 3369.38 10274.4
2631.72 -1964.07 3001.66 4450.24 -1 1
2459.15 -366.145 -277.307 2503.9 1 1
2878.36 4003.47 3325.3 5948.23 -1 2
3234.83 2870.29 44.0772 4326.18 1 2
