event 0
-2471.87 -3033.27 -3136.71 6223.92
9678.93 -547.446 30751.3 32391.6
-2970.48 -934.161 -2429.64 3951.04 -1 1
498.613 -2099.11 -707.063 2272.88 1 1
5742.54 524.026 13815 14970.6 -1 2
3936.39 -1071.47 16936.3 17421 1 2
event 1
1365.41 -21634 42315.2 47645.1
14571.3 1477.81 48715.3 50963.5
4682.48 1840.78 14674.2 15513.2 -1 2
512.3 -2371.58 6996.25 7405.77 -1 1
853.112 -19262.4 35318.9 40239.3 1 1
9888.83 -362.967 34041.1 35450.4 1 2
event 2
6919.08 -5730.66 5634.4 11047.7
-816.251 -8584.38 -10917.3 14252.6
3697.35 -4705.13 4470.83 7470.48 1 1
3221.73 -1025.53 1163.58 3577.2 -1 1
-1232.09 -2707.16 -5472.49 6229.45 -1 2
415.844 -5877.22 -5444.77 8023.17 1 2
event 3
6609.74 6659.59 14800 17795.3
-2372.05 3667.89 2275.69 5818.06
3010.68 4415.52 6064.72 8084.12 -1 1
3599.06 2244.08 8735.32 9711.13 1 1
-2855.14 1714.75 1567.59 3682.48 -1 2
483.091 1953.14 708.1 2135.58 1 2
event 4
-3892.38 4626.06 -8777.94 11099.4
5498.19 -5690.56 8745.86 12194
2044.6 -3467.09 6092.95 7303.17 1 2
-2412.94 619.39 -3721.96 4479.96 -1 1
-1479.44 4006.67 -5055.99 6619.39 1 1
3453.59 -2223.47 2652.91 4890.82 -1 2
event 5
-2153.25 -4075.83 518.904 5577.64
-11004 -9737.15 47687.7 49996.1
-273.666 -3172.58 -547.899 3232.88 1 1
-1879.58 -903.254 1066.8 2344.77 -1 1
-5091.96 -5394.24 19330.2 20704.9 -1 2
-5911.99 -4342.92 28357.5 29291.2 1 2
event 6
11787.4 1995.33 14989 19421.3
1492.29 -4802.29 -234.48 5910.57
10.9733 -3278.8 1026.55 3437.38 1 2
4324.8 -32.7406 7484 8644.44 -1 1
1481.32 -1523.49 -1261.03 2473.19 -1 2
7462.63 2028.07 7504.99 10776.8 1 1
event 7
4835.98 2417.35 28878.3 29542.8
-21458.2 3531.72 8266.88 23470.4
2082.88 2595.07 12620.5 13052.2 -1 1
2753.1 -177.72 16257.8 16490.6 1 1
-10839.6 2639.92 5608.59 12487.4 1 2
-10618.5 891.799 2658.29 10983 -1 2
event 8
7859.83 -76.9394 -1803.5 8638.67
6096.14 2177.46 -20194.4 21431.6
3389.89 2630.14 -14276.1 14907.3 -1 2
2877.87 -1262.82 -1561.06 3510.69 1 1
4981.96 1185.88 -242.441 5127.98 -1 1
2706.26 -452.674 -5918.33 6524.3 1 2
event 9
-6332.91 9226.44 -42229.9 43797.1
-4447.98 -6292.18 9418 12556.5
-2085.89 5670.8 -23551.9 24314.9 1 1
-4247.02 3555.64 -18677.9 19482.2 -1 1
-3433.13 -2411.66 3864.12 5704.83 -1 2
-1014.85 -3880.52 5553.88 6851.66 1 2
event 10
9703.68 4211 11246.2 15746.8
-518.068 -6092.7 29528.9 30314
6503.25 1203.9 6358.02 9174.82 1 1
3200.42 3007.1 4888.19 6571.98 -1 1
-1797.28 -2945.65 14417.4 14824.9 -1 2
1279.21 -3147.05 15111.5 15489 1 2
event 11
1822.03 3697.75 22251.6 22841.1
2526.48 -12065.8 -37326.9 39431.6
-150.659 3019.73 14561.1 14872.1 1 1
1972.69 678.02 7690.41 7968.99 -1 1
399.509 -7897.22 -20726.7 22184.1 -1 2
2126.97 -4168.6 -16600.2 17247.5 1 2
event 12
2259.72 -4188.72 766.536 5729.8
-5999.99 -5713.89 -2392.81 9163.25
-105.654 -3045.04 429.189 3078.76 -1 1
2365.37 -1143.69 337.347 2651.03 1 1
-2170.5 -4193.09 -1215.71 4876.7 1 2
-3829.49 -1520.8 -1177.1 4286.56 -1 2
event 13
-6211.96 -3818.16 20526.2 22001.9
5448.59 3316.39 -15569 17223.9
3347.52 3889.91 -11828.3 12894.1 1 2
-2433.1 -1908.21 4763.69 5680.24 1 1
2101.07 -573.527 -3740.69 4329.82 -1 2
-3778.86 -1909.95 15762.5 16321.6 -1 1
event 14
8595.07 -4899.01 -39965.1 41287.8
3654.43 4744.7 1282.08 6863.05
1310.55 3627.7 1725.59 4226.89 1 2
3891.08 -1077.28 -20741 21130.6 -1 1
2343.88 1117 -443.511 2636.16 -1 2
4703.99 -3821.73 -19224.1 20157.2 1 1
event 15
-7568.7 -1744.08 3204.85 8954.85
-2613.6 3444.61 17089.4 17897.9
-3532.14 -2277.74 992.596 4319.78 1 1
-4036.56 533.663 2212.25 4635.07 -1 1
-2799.75 1360.43 8381.05 8941.06 -1 2
186.151 2084.18 8708.33 8956.82 1 2
event 16
-3154.83 -8666.76 41303 42433.4
-2920.57 -5774.59 -26848 27789.9
-2801.69 -2684.56 -18081 18493 1 2
-2808.45 -3259.97 17533.9 18054.5 1 1
-118.885 -3090.03 -8766.95 9296.93 -1 2
-346.385 -5406.8 23769.1 24379 -1 1
event 17
-3891.79 5183.92 2574.15 7631.28
-6484.9 12587 -1803.96 14605.9
-2214.81 3955.93 3089.36 5487.27 -1 1
-1676.98 1227.99 -515.205 2144.02 1 1
-3775.76 7633.18 442.808 8528.13 1 2
-2709.15 4953.86 -2246.77 6077.77 -1 2
event 18
-6142.57 4241.99 8934.33 12047.3
-5762.25 -8545.31 46559.1 47786.7
-4309.33 1607.7 3688.46 5896.68 1 1
-1833.24 2634.29 5245.88 6150.66 -1 1
-3448.11 -6668.27 37669.8 38410.7 -1 2
-2314.15 -1877.04 8889.34 9376.04 1 2
event 19
3375.47 -16507.5 -11972.1 20900.2
2323.48 8631.96 -22409.9 24325
2902.59 6078.44 -14413.9 15910.5 -1 2
1608.48 -6078.66 -6282.03 8888.89 -1 1
1766.98 -10428.8 -5690.12 12011.3 1 1
-579.11 2553.52 -7996.03 8414.48 1 2
event 20
3926.07 -8317.7 -53178.7 54057
-11045.4 -2776.04 -11120.7 16216.2
-3405.53 -2288.29 -3241.98 5230.25 1 2
2153.01 -1559.56 -12188.8 12475.8 1 1
-7639.92 -487.744 -7878.73 10986 -1 2
1773.06 -6758.14 -40989.9 41581.2 -1 1
event 21
12438 14861.9 -89083.8 91220.1
5550.05 -820.649 -457.893 6424.72
9170.66 12388.3 -74060.1 75647 1 1
3267.32 2473.56 -15023.8 15573 -1 1
3848.62 934.02 -256.151 3970.02 -1 2
1701.43 -1754.67 -201.742 2454.71 1 2
event 22
27428.8 2305.9 78172.8 82935.1
-5609.49 1540.84 -8314.45 10609.5
19626.2 360.088 57089.7 60370.2 1 1
7802.68 1945.81 21083.1 22564.9 -1 1
-3040.26 336.681 -1920.11 3613.1 -1 2
-2569.23 1204.16 -6394.34 6996.41 1 2
event 23
22379.9 1726.09 -15076.2 27216.2
2890.93 -10474.7 5280.28 12472.1
15534.3 2253.26 -11610.3 19524.4 1 1
6845.58 -527.17 -3465.97 7691.81 -1 1
81.1051 -2853.5 142.235 2860.15 -1 2
2809.83 -7621.23 5138.04 9611.92 1 2
event 24
-9492.78 -8575.13 -12123.9 17894.9
5646.3 19885.9 -27313.1 34393.7
-6629.15 -5277.34 -6045.54 10409.4 -1 1
-2863.63 -3297.79 -6078.33 7485.52 1 1
1931.54 10968.3 -12906.6 17047.8 1 2
3714.76 8917.61 -14406.4 17345.9 -1 2
event 25
3415.09 6681 -31793.7 32813.5
-5842.92 4852.52 18072.9 19847.1
-5047.37 2367.19 11742.5 12999.1 1 2
2934.09 2417.09 -13735.5 14252.3 1 1
-795.557 2485.33 6330.37 6847.95 -1 2
480.993 4263.9 -18058.2 18561.3 -1 1
event 26
2776.56 -9792.9 17638.1 20598.6
4021 6461.25 15887.2 17886
2688.88 1764.86 7819.03 8455.37 1 2
-574.752 -2745.46 5349.51 6041.22 1 1
3351.31 -7047.44 12288.6 14557.4 -1 1
1332.12 4696.39 8068.19 9430.67 -1 2
event 27
-4483.93 -5452.21 -1277.57 7813.79
11128.8 2704.18 1907.29 12016.3
2951.42 1429.98 -667.083 3348.41 -1 2
-2759.77 -1293.21 -1287.76 3310.32 1 1
8177.4 1274.2 2574.37 8667.87 1 2
-1724.16 -4159 10.192 4503.48 -1 1
event 28
-3570.19 10034 -11838.7 16222.6
-4143.28 2243.26 587.553 5668.73
-1750.72 2506.92 1011.39 3222.38 1 2
-360.14 5278.51 -6531.34 8406.06 -1 1
-2392.56 -263.657 -423.835 2446.35 -1 2
-3210.05 4755.48 -5307.33 7816.52 1 1
event 29
-2775.22 14436 -2244.76 15189.8
-1427.01 -12454.7 48085.5 49829.3
-1881.14 -8962.04 28686.2 30112.5 1 2
-2577.1 6688.39 -1969.21 7434.04 1 1
454.128 -3492.61 19399.3 19716.7 -1 2
-198.123 7747.61 -275.555 7755.76 -1 1
event 30
-24413.9 9524.94 -69883.9 74700.2
5608.35 2387.93 4777.6 8340.96
-12902.3 6413.29 -35831.3 38619.8 1 1
-11511.6 3111.64 -34052.6 36080.4 -1 1
3324.48 763.561 4310.24 5497.68 -1 2
2283.87 1624.37 467.361 2843.28 1 2
event 31
9819.43 -4501.29 6580.2 13022
-1808.77 23145.1 -15272.2 27960.6
7107.31 -4632.28 5417.42 10066.3 1 1
2712.13 130.991 1162.79 2955.68 -1 1
336.118 11983.5 -8889.11 14924.6 -1 2
-2144.89 11161.6 -6383.08 13036 1 2
event 32
352.67 10304.4 12688.6 16640.2
-135.391 8217.86 -3596.66 9490.96
-940.547 6020.89 5722.84 8360.49 1 1
1293.22 4283.55 6965.72 8279.71 -1 1
-300.842 3745.63 -3304.15 5004.88 -1 2
165.451 4472.23 -292.503 4486.08 1 2
event 33
10219.9 1613.53 12363.1 16416
7785.12 639.882 -20955.8 22577.7
3650.73 -799.2 -12614.5 13156.8 -1 2
2925.53 1303.66 2141.15 3854.08 -1 1
7294.39 309.861 10221.9 12562 1 1
4134.39 1439.08 -8341.35 9420.91 1 2
event 34
-4557.28 2427.59 -7585.7 9684.81
9403.23 -8426.69 -16579.7 21069.1
-2379.54 2935.79 -4650.47 5993.25 -1 1
-2177.74 -508.195 -2935.24 3691.56 1 1
5059.53 -6268.44 -9099.45 12153.3 -1 2
4343.7 -2158.25 -7480.26 8915.79 1 2
event 35
-6083.52 -3923.28 11728.5 14126.2
-3619.38 8215.83 -791.943 9529.86
-3714.83 5111.96 -1071.17 6410.2 1 2
-1849.54 -2770.46 3726.7 4999.57 -1 1
95.4468 3103.87 279.229 3119.66 -1 2
-4233.98 -1152.82 8001.83 9126.66 1 1
event 36
2386.34 4443.41 -185.28 5921.46
-14099.7 -7253.29 13430.8 21009.3
2713.69 1934.72 -492.971 3370.67 1 1
-327.354 2508.69 307.692 2550.78 -1 1
-6501.5 -5049.9 6467.53 10469.5 1 2
-7598.2 -2203.39 6963.32 10539.8 -1 2
event 37
-5580.31 1683.77 -10159.7 12115.5
-5760.6 -11874 -14274.2 19685.5
-2606.8 2002.08 -3436.79 4756.72 1 1
-2973.51 -318.302 -6722.93 7358.81 -1 1
-4776.35 -6365.99 -8464.78 11619.1 -1 2
-984.252 -5507.99 -5809.43 8066.43 1 2
event 38
7948.25 -2991.7 -23209.3 24907.6
-5591.33 -9279.39 21433.2 24214.6
-992.177 -4376.47 9780.36 10761.2 -1 2
2313.55 389.855 -8032.53 8368.82 1 1
-4599.15 -4902.93 11652.9 13453.3 1 2
5634.71 -3381.56 -15176.8 16538.8 -1 1
event 39
7116.49 -6121.98 -19316.4 21698.8
2632.3 5375.88 -1050.13 7107.81
4194.42 -5190.13 -14837.3 16269.2 -1 1
2922.07 -931.854 -4479.09 5429.57 1 1
2382.8 1246.56 404.334 2721.45 -1 2
249.499 4129.32 -1454.47 4386.36 1 2
event 40
-4552.43 5621.15 -26246.4 27400.5
-4874.89 -6690.32 10169.1 13473.2
-3263.08 -2076.72 3600.51 5285.38 -1 2
-256.314 2596.69 -8423.71 8819.21 1 1
-4296.11 3024.46 -17822.7 18581.2 -1 1
-1611.81 -4613.61 6568.56 8187.83 1 2
event 41
1358.4 4721.26 1965.25 6130.93
9926.39 2818.32 -2802.28 11132.1
2162.86 2406.32 1719.78 3665.67 1 1
-804.461 2314.93 245.467 2465.26 -1 1
6079.34 542.301 -559.631 6129.99 1 2
3847.05 2276.01 -2242.65 5002.07 -1 2
event 42
-7363.33 1960.03 -3191.56 8822.56
6438.88 3914.9 -2016.86 8393.07
2575.58 1559.15 -2398.64 3850.87 -1 2
-2190.88 187.391 457.05 2248.36 1 1
-5172.45 1772.64 -3648.61 6574.19 -1 1
3863.3 2355.75 381.781 4542.2 1 2
event 43
-7915.31 -1750.2 -22502.7 24118
2894.22 5695.06 -13684 15416
-3881.79 -2369.4 -10604.2 11538.7 -1 1
-4033.52 619.202 -11898.5 12579.3 1 1
1001.78 4777.65 -10725.6 11784.7 -1 2
1892.44 917.411 -2958.32 3631.23 1 2
event 44
-10776.4 -1070.93 3033.78 11665.1
-5287.15 175.981 -7621.78 9780.99
-6340.27 -52.5788 287.029 6347.86 -1 1
-4436.18 -1018.35 2746.75 5317.19 1 1
-3215.98 1588.73 -3986.67 5363.89 -1 2
-2071.17 -1412.74 -3635.1 4417.1 1 2
event 45
10397.5 -1185.52 16058.7 19416.1
-606.895 -7306.42 29875.7 30917.7
6993.37 -1861.67 12499.8 14444 1 1
3404.12 676.152 3558.92 4972.15 -1 1
-1517.16 -2746.2 15263.6 15583.1 -1 2
910.269 -4560.23 14612.2 15334.6 1 2
event 46
5130.8 -10867.2 -5983.51 13777.3
-6062.54 2080.82 14819.8 16440.9
-3704.93 499.484 5165.54 6377.3 1 2
3592.94 -4624.95 -3821.11 6993.67 1 1
-2357.61 1581.33 9654.29 10063.6 -1 2
1537.85 -6242.28 -2162.4 6783.67 -1 1
event 47
-7574.82 -772.282 25861.6 27136.4
3762.47 -5807.19 1870.72 7808.36
833.652 -4021.54 1420.78 4347.13 -1 2
-3443.57 -1471.79 8736.3 9505.71 1 1
-4131.26 699.507 17125.3 17630.7 -1 1
2928.81 -1785.65 449.936 3461.23 1 2
event 48
1204.62 -8877.07 -5288.61 10854.2
-3965.2 8564.77 21595.4 23770.4
-2517.91 2814.98 6056.61 7138.47 1 2
-705.949 -2246.48 -2426.92 3383.21 -1 1
1910.57 -6630.59 -2861.69 7470.98 1 1
-1447.29 5749.79 15538.8 16631.9 -1 2
event 49
-5119.54 137.847 20638.6 21488.9
10155.8 -1174.56 6825.12 12676.5
-3027.75 -1320.91 9400.33 9964.41 1 1
-2091.8 1458.76 11238.3 11524.5 -1 1
5382.57 -717.841 5433.34 7682.43 -1 2
4773.2 -456.715 1391.78 4994.02 1 2
event 50
-1394.08 -6467.16 6012.46 9460.87
-8905.05 -3635.49 -2318.9 10558.3
-1843.67 -3103.08 4428.13 5713.81 1 1
449.591 -3364.08 1584.33 3747.06 -1 1
-4853.97 -2269.63 -3128.81 6205.87 1 2
-4051.08 -1365.85 809.909 4352.46 -1 2
event 51
-6029.18 -10680.5 -2490.5 12892.5
-1387.8 7053.66 -8060.38 11235.7
544.438 3839.93 -2844.3 4810.68 1 2
-3227.17 -2797.92 -590.946 4313.16 1 1
-1932.24 3213.72 -5216.09 6424.98 -1 2
-2802.01 -7882.57 -1899.55 8579.37 -1 1
