event 0
1536.56 -10578.2 6865.73 13076.3
-1466.1 -4244.81 -5971.56 8088.15
-527.813 -5854.98 2810.73 6516.96 1 1
2064.37 -4723.21 4055 6559.31 -1 1
-2323.75 -2072.91 -3517.51 4699.02 -1 2
857.649 -2171.9 -2454.05 3389.13 1 2
event 1
-3572.56 8526.52 -35996.2 37293.2
-1177.68 -4313.82 -272.559 5446.12
-503.278 5087.21 -17574.1 18302.8 -1 1
-3069.28 3439.31 -18422.1 18990.4 1 1
649.294 -3262.48 -126.462 3330.54 -1 2
-1826.98 -1051.34 -146.097 2115.58 1 2
event 2
-2207.87 -10201.3 10615.4 15205.9
10690.1 -2280.61 -35243.6 37029.4
-2591.02 -5511.9 6943.25 9236.58 1 1
383.154 -4689.35 3672.15 5969.31 -1 1
8948.62 -743.121 -26413.6 27898.4 -1 2
1741.47 -1537.49 -8829.95 9131.03 1 2
event 3
22.8581 -7253.87 1891.3 8110.87
6880.24 2779.08 -3467.18 8756.36
3857.91 124.053 -2554.59 4629.9 1 2
1392.4 -2739.63 141.346 3078.23 -1 1
-1369.54 -4514.24 1749.96 5032.64 1 1
3022.33 2655.03 -912.59 4126.46 -1 2
