event 0
4731.33 6802.37 -35248.9 36341.9
5115.75 3218.29 -23075.9 24054.4
3063.8 3530.98 -17080.5 17709 1 2
2757.4 2637.59 -21620.7 21955.1 1 1
2051.95 -312.694 -5995.38 6345.39 -1 2
1973.92 4164.79 -13628.2 14386.8 -1 1
event 1
5193.96 1286.79 -14793.6 16033.6
15234.6 -3728.09 28168.4 32388.9
3052.2 641.124 -4356.1 5358.52 -1 1
2141.76 645.664 -10437.5 10675.1 1 1
7263.7 -3318.3 13312.2 15524.1 1 2
7970.94 -409.792 14856.2 16864.8 -1 2
event 2
-5123.24 -4354.07 -3628.3 8243.84
-6777.18 -6384.34 -11377.5 15024.3
-4259.07 -1825.96 -1659.21 4923.21 1 1
-864.168 -2528.1 -1969.1 3320.63 -1 1
-3303.28 -3317.24 -3360.44 5763.63 1 2
-3473.89 -3067.09 -8017.1 9260.67 -1 2
event 3
2714.7 6310.72 22461.9 23692.3
11630.1 1586.86 -8761.76 14971.2
174.75 4111.68 10894.1 11646 1 1
2539.95 2199.04 11567.8 12046.3 -1 1
9595.47 2343.26 -7837.39 12609.5 -1 2
2034.68 -756.392 -924.363 2361.7 1 2
event 4
131.831 -8150.74 7406.59 11441.2
-1512.71 5565.66 1225.33 6660.1
-2204.19 3588.43 -35.8377 4212.81 -1 2
1277.44 -3838.55 2283.5 4646.71 -1 1
-1145.61 -4312.19 5123.09 6794.45 1 1
691.473 1977.22 1261.17 2447.29 1 2
event 5
547.218 -7088.48 -1258.53 7856.29
-3789.51 6891.77 15937.5 18150.7
-2997.99 2020.17 8337.42 9088.05 1 2
-790.346 -1971.84 -1431.52 2563.83 -1 1
1337.56 -5116.64 172.994 5292.46 1 1
-791.518 4871.6 7600.1 9062.65 -1 2
event 6
6823.47 -3545.46 -19909 21565.8
10945 18522.6 16929.2 27551.2
4773.62 -1477.82 -15459.2 16247.2 1 1
2049.85 -2067.64 -4449.73 5318.68 -1 1
6944.46 14140.1 11464.4 19483.6 -1 2
4000.52 4382.53 5464.81 8067.59 1 2
event 7
6881.38 -3798.7 18252.6 20113
5529.75 -4840.44 8238.27 11465.9
2636.5 -3107.38 6494.08 7667.54 -1 2
2207.32 -2647.4 9747.55 10339.6 -1 1
4674.06 -1151.3 8505.09 9773.44 1 1
2893.25 -1733.07 1744.19 3798.4 1 2
