event 0
6664.5 17061.4 59840.1 62657.3
5097.99 3756.32 -21767.4 22880.4
6116.86 11932.1 42365.5 44436.9 1 1
547.639 5129.37 17474.7 18220.5 -1 1
4546.55 1600.32 -14936.7 15695.5 -1 2
551.438 2155.99 -6830.75 7184.9 1 2
event 1
7197.68 -819.8 -21962.7 23333
-6284.1 4428.57 14388.7 16604.9
4012.47 920.851 -9550.5 10400.5 -1 1
3185.21 -1740.65 -12412.2 12932.5 1 1
-3679.61 2534.03 11256.3 12111 -1 2
-2604.49 1894.53 3132.32 4493.91 1 2
event 2
3549.22 -6989.14 -21455 23051.1
4029.02 6004.02 -19495.8 21022.9
490.747 -4307.08 -11912.8 12677.4 -1 1
3058.47 -2682.07 -9542.27 10373.7 1 1
2755.47 4320.04 -9382.68 10691.2 -1 2
1273.54 1683.98 -10113.1 10331.7 1 2
event 3
24052.7 -18070.8 4749.77 30614.3
8849.24 5891.7 5593.22 12405.5
20889.5 -16896.6 4244.42 27200.9 -1 1
3163.18 -1174.22 505.348 3413.36 1 1
853.666 1818.92 447.804 2061.29 -1 2
7995.57 4072.77 5145.42 10344.2 1 2
event 4
-5137.03 462.188 1634.49 6234.19
6698.12 -17736.6 3682.91 19560.3
-2914.53 1639.83 235.457 3354.12 1 1
-2222.5 -1177.64 1399.03 2880.07 -1 1
3887.97 -9766.05 484.118 10523.2 1 2
2810.15 -7970.51 3198.79 9037.11 -1 2
