event 0
-7370.46 5834.29 14104.3 17230.4
11750.3 -9490.47 -55405.7 57511.1
-4855.74 2265.78 9333.3 10762.6 -1 1
-2514.72 3568.52 4771.03 6467.77 1 1
9329.44 -6217.76 -37063.3 38722.1 -1 2
2420.9 -3272.71 -18342.4 18789 1 2
event 1
-7726.42 -2448.82 4777.06 9904.82
-6121.82 3493.28 -23533.8 24761.1
-4144.85 3879.88 -17671.4 18561.3 1 2
-3487.83 -2220.12 3639.08 5508.9 -1 1
-1976.97 -386.596 -5862.43 6199.77 -1 2
-4238.59 -228.695 1137.98 4395.92 1 1
event 2
-3926.02 -4721.77 955.86 6943.6
-5529.15 -9214.13 -31376.2 33309.6
-1736.38 -3311.58 1869.08 4181.65 1 1
-2189.65 -1410.19 -913.222 2761.94 -1 1
-2270.31 -6387.73 -17084.1 18380.3 -1 2
-3258.84 -2826.4 -14292.1 14929.3 1 2
event 3
10175 -4819.78 32526.8 34559.3
9249.1 5435.24 20927.2 23719.7
3273.87 3219.05 6620.68 8057.61 -1 2
3092.21 -2193.04 7311.54 8236.56 1 1
7082.81 -2626.74 25215.3 26322.7 -1 1
5975.23 2216.19 14306.5 15662.1 1 2
event 4
8596.15 -3593.46 -22053.6 24140.4
6512.44 1782.22 -7631.97 10650.2
3865.3 -3277.1 -11846.6 12885.4 -1 1
4730.85 -316.353 -10207 11255 1 1
3703.65 2505.32 -3994.65 5996.84 -1 2
2808.79 -723.106 -3637.31 4653.32 1 2
event 5
5837.48 -1408.54 19855.1 20973.2
-5454.01 -10251.5 -11075.7 16343.2
3342.37 -2007.87 14769.9 15276.3 1 1
2495.11 599.324 5085.2 5696.95 -1 1
-2865.68 -6576.71 -4835.74 8652.21 1 2
-2588.34 -3674.74 -6239.95 7690.99 -1 2
event 6
-6932.73 -8537.52 11552.9 16248.4
4300.05 -7550.44 5600.36 10791.5
-3587.34 -5978.07 5536.76 8903.55 1 1
-3345.39 -2559.45 6016.13 7344.89 -1 1
1137.07 -2918.28 431.667 3163.35 -1 2
3162.98 -4632.16 5168.69 7628.1 1 2
event 7
-14055.7 4432.34 4677 15769.4
-6282.22 1831.02 20973.6 22187.9
-3788.84 -479.542 10312.7 10997.6 1 2
-5927.79 3376.15 1551.63 6996.84 1 1
-2493.37 2310.56 10660.9 11190.3 -1 2
-8127.94 1056.19 3125.38 8772.58 -1 1
event 8
2988.47 -7035.06 5000.69 9644.76
-8620.21 -2978.76 3336.48 10193.3
-6874.36 -992.146 2817.78 7496.14 1 2
1898.33 -2387.63 518.542 3095.89 -1 1
-1745.85 -1986.62 518.7 2697.2 -1 2
1090.13 -4647.43 4482.15 6548.88 1 1
