event 0
1865.02 -12100.1 -21383.6 24834.2
3692.08 -4086.57 -6646.07 9170.2
1615.52 -3220.72 -5662.4 6712.44 1 2
27.7908 -4186.89 -10065.2 10901.9 1 1
2076.56 -865.849 -983.671 2457.76 -1 2
1837.23 -7913.17 -11318.3 13932.3 -1 1
event 1
-6965.87 -1838.17 -4734.7 9160.32
-3608.72 -5616.85 -24176 25271.3
-4061.32 -753.676 -901.731 4229.26 -1 1
-2904.54 -1084.5 -3832.96 4931.05 1 1
-1292.62 -4045.82 -17925.3 18421.9 -1 2
-2316.1 -1571.03 -6250.65 6849.4 1 2
event 2
7283.38 773.025 5307.43 9560.59
1701.96 13708.3 -3.35585 14156.4
719.302 11681.7 874.241 11736.9 1 2
3187.89 -1078.77 1575.05 3717.31 1 1
982.654 2026.64 -877.597 2419.55 -1 2
4095.49 1851.8 3732.38 5843.28 -1 1
event 3
4513.84 -5064.58 16240.4 17870.8
-3783.35 5740.16 26362.7 27419.8
1731.28 -3694.08 11520.3 12221.8 1 1
2782.56 -1370.5 4720.07 5649 -1 1
-1999.88 3588.49 9864.94 10686.7 -1 2
-1783.47 2151.66 16497.8 16733.1 1 2
event 4
-1899.16 7674.4 4542.69 9629.66
1829.28 13718.9 14482.1 20270.1
2367.59 10468.4 9733.81 14489.7 1 2
-1738.92 2836.57 3171.06 4597.47 1 1
-538.315 3250.48 4748.32 5780.41 -1 2
-160.235 4837.83 1371.63 5032.18 -1 1
event 5
-27.1993 -6504.07 -2930.27 7776.91
-11572.9 -7810.47 11310.7 18233.3
-3446.73 -1519.11 1599.58 4093.59 1 2
-1363.01 -1563.69 -682.894 2186.42 -1 1
-8126.13 -6291.36 9711.12 14139.7 -1 2
1335.81 -4940.37 -2247.38 5590.49 1 1
event 6
7464.05 5977.09 5431.71 11425
3401.69 4046.19 -17929.8 18947.6
4233.95 3062.91 4666.08 7006.51 1 1
3230.1 2914.19 765.63 4418.53 -1 1
1095.08 2817.61 -13206.6 13548.5 -1 2
2306.6 1228.58 -4723.23 5399.07 1 2
event 7
484.452 -7696.67 4356.07 9382.94
-5918.22 -1935.3 -7249.82 10046
-4041.59 -782.178 -6541.76 7729.95 -1 2
-1053.56 -2866.72 708.269 3137.02 1 1
1538.01 -4829.95 3647.8 6245.92 -1 1
-1876.63 -1153.12 -708.056 2316.02 1 2
event 8
-12743.5 -1195.93 -3336.06 13584.8
179.408 17603 -4787.98 18504.4
-1123.9 7259.76 -2954.76 7918.91 1 2
-3275.52 717.252 30.9201 3354.93 -1 1
1303.31 10343.2 -1833.22 10585.5 -1 2
-9467.94 -1913.19 -3366.98 10229.9 1 1
event 9
-4309.19 5868.2 -10279.9 12972
-9927.41 -5316.12 -22287.2 25162
-3790.51 -2190.2 -5598.57 7107.75 1 2
-1988.33 1596.1 -5896.56 6425.07 -1 1
-6136.89 -3125.91 -16688.7 18054.2 -1 2
-2320.86 4272.1 -4383.29 6546.88 1 1
event 10
-7025.32 7370.72 -34568.5 36225.3
-373.986 7781.06 -627.47 8406.54
1334.8 3462.21 44.563 3712.38 1 2
-1015.21 2695.31 -13969.4 14263.6 1 1
-6010.11 4675.42 -20599.1 21961.7 -1 1
-1708.79 4318.85 -672.033 4694.17 -1 2
event 11
-4136.32 6793.58 -21279.4 22927.4
-8776.67 -4937 -4735.34 11550.7
-7431.08 -3374.75 -4829.59 9483.99 1 2
-2707.98 2513.38 -6537.06 7509.63 1 1
-1345.59 -1562.25 94.2509 2066.71 -1 2
-1428.34 4280.2 -14742.3 15417.7 -1 1
event 12
-1278.41 7451.29 -20549.5 22114
-321.47 7528.55 2619.23 8557.68
-2012.88 4242.81 -9731.11 10805.5 1 1
734.471 3208.48 -10818.4 11308.5 -1 1
-1567.2 5365.94 1332.19 5747.64 -1 2
1245.73 2162.61 1287.03 2810.04 1 2
event 13
1523.42 7985.53 -41565.4 42466
4255.34 9565.09 -9461.03 14446.5
-6.54485 3472.39 -3260.85 4764.64 -1 2
1673.25 2209.11 -10076.3 10450.9 -1 1
4261.89 6092.7 -6200.18 9681.84 1 2
-149.828 5776.42 -31489.1 32015.1 1 1
event 14
4581.17 -1154.17 -8828.61 10481.2
4579.05 19558.8 51975.6 55808.4
3561.4 601.14 -5807.42 6839.76 1 1
1019.77 -1755.3 -3021.18 3641.39 -1 1
1854.33 10126.1 30599.8 32285.2 1 2
2724.72 9432.75 21375.9 23523.2 -1 2
event 15
-2395.47 11310.5 -49329.3 50760.5
-9451.01 -3194.59 -19334.1 21975.5
-7404.19 -2826.2 -12240.2 14582.2 1 2
-2170.93 5038.53 -18400.9 19201.7 -1 1
-2046.83 -368.388 -7093.94 7393.27 -1 2
-224.537 6272.01 -30928.3 31558.8 1 1
event 16
-7046.21 -2459.88 36019.9 36915.1
7355.45 -1339.96 29851.1 30928.6
-3455.82 -2814.35 18864.9 19384.5 -1 1
-3590.39 354.465 17155 17530.6 1 1
4568.22 477.18 20318.4 20831.4 -1 2
2787.23 -1817.14 9532.68 10097.2 1 2
event 17
-5758.49 3068.11 -12571.3 14498.3
7027.28 -4300.7 -1903.7 9005.2
3796.61 -961.194 157.501 3920.99 -1 2
-1286.93 2270.92 -3672.52 4506.86 1 1
3230.66 -3339.51 -2061.2 5084.21 1 2
-4471.56 797.194 -8898.75 9991.46 -1 1
event 18
-1323.17 8349.19 -25864.5 27386.5
7146.34 -10157.3 19321.9 23176.9
3558.55 -3903.61 10730.9 11960.9 -1 2
948.022 2487.87 -6419.76 6950.74 -1 1
3587.8 -6253.69 8591.05 11216 1 2
-2271.19 5861.32 -19444.7 20435.8 1 1
event 19
3858.96 -7427.15 8758.66 12504.4
2111.14 4522.56 -4330.34 7297.5
2802.55 2587.25 -2849.56 4762.28 1 2
2567.19 -3171.99 6043.66 7293.08 1 1
-691.41 1935.31 -1480.78 2535.22 -1 2
1291.78 -4255.15 2715 5211.28 -1 1
event 20
-6591.48 4968.26 19700.4 21583.1
8621.85 -2659.48 -25332.1 27068.7
-3252.79 4275.62 12919.6 13992.4 -1 1
-3338.69 692.634 6780.86 7590.64 1 1
5744.11 -3151.12 -15989.8 17280.3 -1 2
2877.74 491.641 -9342.28 9788.39 1 2
event 21
573.214 9706.67 -24816.1 26832.4
-7626.86 -4181.3 689.046 9258.63
1697.75 5080.13 -14852.8 15789.5 -1 1
-1124.54 4626.53 -9963.24 11042.9 1 1
-6542.35 -2226.9 1053.21 6991.56 -1 2
-1084.51 -1954.4 -364.168 2267.08 1 2
event 22
5040.42 572.645 -16947.9 17959.9
-4859.98 -6719.54 -7607.14 11671.8
2864.38 -1145.22 -10402 10850.3 1 1
2176.05 1717.87 -6545.9 7109.58 -1 1
-1446.52 -4103.67 -2597.39 5068.54 1 2
-3413.46 -2615.87 -5009.75 6603.27 -1 2
event 23
1205.94 -10109.5 -37226.9 38718
3774.03 4583.56 14325.2 15813.1
1890.53 -5470.45 -17153.6 18104 1 1
-684.584 -4639.01 -20073.3 20614 -1 1
2850 1588.8 4969.92 5946.26 -1 2
924.03 2994.76 9355.31 9866.88 1 2
event 24
-7488.72 7276.22 -21966.4 24518.1
-5706.82 9056.85 20692.9 23502.8
-1825.81 3305.23 10612.9 11265.1 1 2
-1918.45 1276.95 -8029.49 8354.34 -1 1
-5570.27 5999.26 -13936.9 16163.7 1 1
-3881 5751.62 10080 12237.7 -1 2
event 25
-1372.38 -11155.3 14133.2 18321.1
-5361.07 -14051.8 21574.5 26481.1
-2536.2 -3465.7 4763.54 6414.5 -1 2
-1123.13 -2731.04 2081.25 3614.24 -1 1
-2824.87 -10586.1 16811 20066.6 1 2
-249.255 -8424.31 12051.9 14706.8 1 1
event 26
-5113.28 2607.88 -27787.3 28542.5
-6794.44 7712.77 -9950.06 14637.1
-4271.87 745.802 -15935.9 16515.7 1 1
-841.408 1862.08 -11851.4 12026.7 -1 1
-4593.11 3027.08 -5864.36 8041.26 -1 2
-2201.32 4685.69 -4085.7 6595.88 1 2
event 27
-3981.62 8514.71 -8053.55 12759.5
5673.79 1834.35 15902.7 17263.9
-3526.71 3904.19 -4224.78 6748.36 1 1
-454.913 4610.52 -3828.76 6011.19 -1 1
3303.48 410.814 4943.23 5960.57 -1 2
2370.31 1423.54 10959.5 11303.3 1 2
event 28
-6372.86 6737.74 22611.7 24635.2
5943.87 414.802 -2119.37 7041.6
3429.13 -1230.78 -1638.63 3996.25 1 2
-2540.43 3316.38 6532.19 7754.53 1 1
2514.74 1645.59 -480.733 3045.35 -1 2
-3832.43 3421.36 16079.5 16880.6 -1 1
event 29
-3158.23 -5584.34 16365.2 17848.5
7635.5 4378.01 -22329.2 24200.3
3333.33 1682.9 -13579.1 14083.6 -1 2
-106.634 -2767.39 4588.34 5360.39 -1 1
4302.17 2695.11 -8750.07 10116.7 1 2
-3051.59 -2816.95 11776.9 12488.1 1 1
event 30
5592.32 2827.71 -16182.2 17740.5
-7535.77 2897.08 8514.3 12135.3
-3427.68 806.87 1709.82 3915.95 -1 2
2446.35 -469.553 -3791.63 4537.93 1 1
-4108.1 2090.21 6804.48 8219.34 1 2
3145.97 3297.27 -12390.6 13202.6 -1 1
event 31
-433.236 -34329 -156984 160725
-703.422 5902.44 21098.1 22137.1
-1574.85 3428.26 9034.17 9790.84 1 2
-1057.59 -15176.8 -63616.7 65410.6 -1 1
871.426 2474.17 12063.9 12346.3 -1 2
624.354 -19152.2 -93367.8 95314 1 1
event 32
6720.48 5135.84 35843.5 36958
-15820.4 4888.45 -13402.2 21526.6
-3639.46 120.49 -4041.53 5441.07 -1 2
2759.07 333.698 11128.7 11471 1 1
-12181 4767.96 -9360.65 16085.5 1 2
3961.41 4802.14 24714.8 25487 -1 1
event 33
-5545.15 8683.61 -47301.1 48550.4
2072.44 7259.18 42765.8 43537.3
-632.074 3176.66 15528.2 15862.7 1 2
-934.903 2178.43 -5416.66 5913.63 1 1
-4610.24 6505.18 -41884.5 42636.7 -1 1
2704.51 4082.52 27237.6 27674.6 -1 2
event 34
1792 6213.59 5801.51 9223.24
-9129.36 482.88 -22662.2 24632.2
-2604.26 1537.66 -7780.2 8348.01 1 2
898.538 1914.9 3898.93 4437 1 1
-6525.1 -1054.78 -14882 16284.2 -1 2
893.465 4298.7 1902.58 4786.23 -1 1
event 35
-3399.63 5923.99 1084.51 7836.64
-2153.45 -7450.46 12149.4 14742.6
-3406.87 2827.38 -308.911 4439.3 1 1
7.24038 3096.62 1393.42 3397.33 -1 1
-43.628 -5418.16 7836.83 9528.14 -1 2
-2109.83 -2032.3 4312.57 5214.51 1 2
event 36
11758.3 6768.54 5659.2 15022.9
-6570.8 -1736.48 -14006.6 15873.5
-4579.95 -2489.32 -8535 10001.5 1 2
4852.06 3083.4 4043.53 7029.31 1 1
-1990.86 752.84 -5471.62 5871.97 -1 2
6906.24 3685.15 1615.67 7993.62 -1 1
event 37
6181.17 7007.78 -29806.8 31390.3
-1934.19 -4328.19 14005.9 15107.3
-176.798 -3244.81 10913.9 11387.9 1 2
2588.79 3253.81 -8558.28 9515.48 -1 1
-1757.39 -1083.38 3092.03 3719.4 -1 2
3592.38 3753.97 -21248.5 21874.8 1 1
event 38
4783.79 5081.92 6108.92 9778.56
-10645.4 5544.4 -30676.6 33086.4
4327.91 2476.75 4068.29 6436.4 1 1
455.879 2605.17 2040.62 3342.16 -1 1
-6938.09 1901.03 -18114.6 19491.1 1 2
-3707.32 3643.37 -12562 13595.3 -1 2
event 39
-5.1779 -7432.19 -1379.32 8168.91
-3004.88 8656.78 -5954.33 11358.4
226.606 3962.73 -2564.13 4726.58 1 2
-1096.49 -2847.95 500.588 3094.33 -1 1
-3231.48 4694.05 -3390.2 6631.83 -1 2
1091.31 -4584.23 -1879.91 5074.58 1 1
event 40
1468.41 8843.62 11692.5 15055.6
-5311.95 -2091.64 29182.5 29896.5
-3661.04 15.8247 19937.1 20270.8 1 2
-820.337 4121.74 5821.18 7180.46 -1 1
-1650.91 -2107.46 9245.36 9625.73 -1 2
2288.74 4721.87 5871.34 7875.17 1 1
event 41
25645.3 9458.23 -139935 142613
4498.36 -8854.06 18849.8 21529.9
13779.4 3572.57 -75669.1 76996.5 -1 1
11865.9 5885.66 -64265.8 65616.7 1 1
3983.25 -4488.54 10590.3 12172.9 -1 2
515.106 -4365.52 8259.48 9356.99 1 2
event 42
4937.63 2309.8 8024.11 10182.8
3231.78 14519.7 56402.4 58413
4081.7 396.713 5991.54 7261.36 -1 1
855.937 1913.09 2032.57 2921.48 1 1
1299.84 10317.2 34789 36310.1 -1 2
1931.94 4202.43 21613.3 22103 1 2
event 43
-12024.5 9289.03 61987.2 63897.4
3865.29 -8171.55 20883.7 22966
-9909.86 6139.38 44362.3 45868.6 -1 1
-2114.65 3149.65 17624.9 18028.9 1 1
2672.5 -2368.46 9105.46 9781.23 -1 2
1192.79 -5803.09 11778.3 13184.7 1 2
event 44
-5645.21 9836.29 19960.6 23165.4
-4117.42 -5975.35 -1240.79 7986.74
-4305.54 7025.37 16879.8 18783.9 -1 1
-1339.67 2810.91 3080.74 4381.56 1 1
-1845.54 -891.736 -1277.36 2417.44 -1 2
-2271.88 -5083.61 36.5716 5569.3 1 2
event 45
5610.5 -999.766 21166.9 22138.3
-11247.5 -11321.7 19724.7 25560.6
-2611.09 -2026.22 6125.18 6960.78 1 2
1509.31 -1611.63 5400.26 5835.19 1 1
-8636.37 -9295.52 13599.5 18599.8 -1 2
4101.19 611.867 15766.6 16303.1 -1 1
event 46
-9806.38 4560.37 3023.18 11648.7
-13262.3 3039.73 -36450.2 39029.9
-10295 1058.43 -25854.2 27848.8 1 2
-3714.24 1785.83 2735.29 4947.5 1 1
-2967.33 1981.29 -10596 11181.1 -1 2
-6092.14 2774.54 287.885 6701.22 -1 1
event 47
-5117.39 6319.51 4088.74 9614.19
8254.45 3879.28 -6122.9 11413.3
3099.9 3155.7 -2893.38 5286.83 -1 2
-2459.21 827.319 1316.77 2911.57 1 1
-2658.18 5492.19 2771.97 6702.62 -1 1
5154.55 723.584 -3229.53 6126.5 1 2
event 48
-9391.45 -7067.33 26137.2 28825.2
3759.19 10351.7 -28625.3 30826.7
2607.99 3001 -9077.79 9910.86 1 2
-2806.67 -1761.15 4464.45 5560.71 -1 1
-6584.78 -5306.18 21672.8 23264.4 1 1
1151.2 7350.7 -19547.5 20915.9 -1 2
event 49
-271.293 8071.67 9502.36 12849.6
-7926.76 -1486.16 10678.1 13735.2
-3371.52 730.419 3230.56 4727.4 -1 2
-404.834 3101.31 5999.13 6766.3 -1 1
-4555.24 -2216.58 7447.53 9007.79 1 2
133.541 4970.36 3503.23 6083.26 1 1
event 50
1826.41 -5735.24 11094.7 12996.6
-7932 5072.94 6213.16 11698.1
2410.63 -2553.24 6260.51 7178.81 -1 1
-584.22 -3182 4834.16 5817.79 1 1
-5169.57 2088.22 2233.76 6007.16 -1 2
-2762.43 2984.72 3979.4 5690.9 1 2
event 51
-5087.3 15107.4 -636.752 16251.3
2989.2 9085.7 -1456.51 10158.6
-4153.3 11114.9 -1766.88 11996.9 -1 1
-933.994 3992.44 1130.12 4254.44 1 1
1321.01 1759.56 749.964 2326.96 -1 2
1668.19 7326.13 -2206.47 7831.65 1 2
event 52
-2639.39 4881.56 25427.9 26210
11258.7 1959.68 -26935.8 29423.2
-849.272 3354.51 19936 20234.3 1 1
-1790.12 1527.05 5491.94 5975.7 -1 1
6296.92 1460.07 -18796 19876.7 1 2
4961.73 499.609 -8139.85 9546.55 -1 2
event 53
-40629.8 87901.9 -149342 178017
4820.9 6857.58 -6329.28 10950.7
-25520.3 51905.1 -90277.5 107217 -1 1
-15109.6 35996.8 -59064.6 70800.5 1 1
3755.89 2713.46 -2910.25 5472.69 -1 2
1065.01 4144.12 -3419.04 5478.04 1 2
event 54
13293.8 33763.9 -49855.4 61740.5
3944.54 4222.77 4094.5 7729.57
8656 18765.6 -26669.2 33739.1 -1 1
4637.83 14998.3 -23186.3 28001.3 1 1
1307.26 3607.81 2576.8 4623.45 -1 2
2637.28 614.963 1517.69 3106.12 1 2
event 55
-7353.1 6937.35 16921.6 19953.1
-519.411 7663.62 13570.6 15898.3
-3694.08 4841.59 12102.5 13548.7 1 1
-3659.02 2095.76 4819.15 6404.37 -1 1
-72.9955 2467.29 7488.12 7885.17 -1 2
-446.415 5196.33 6082.53 8013.08 1 2
event 56
1594.9 4703.09 -5816.01 8251.04
-4152.18 -10004.2 10567.5 15446.3
2302.41 2006.33 -2840 4171.71 1 1
-707.509 2696.76 -2976.01 4079.33 -1 1
-1203.98 -5918.7 4355.36 7447.21 1 2
-2948.2 -4085.49 6212.18 7999.09 -1 2
event 57
-7630.64 2645.5 -342.585 8656.42
-1748.9 13277.5 -33674.3 36371.7
671.24 4041.4 -8209.05 9175.14 -1 2
-2748.17 -323.628 677.227 2850.78 -1 1
-2420.14 9236.06 -25465.3 27196.6 1 2
-4882.47 2969.13 -1019.81 5805.64 1 1
event 58
17032.2 2012.93 56501.8 59128.6
-5329.67 6440.62 19908.8 21813.7
-5001.27 3909.17 14687.1 16000.5 -1 2
3264.8 1629.69 11300.5 11875.5 -1 1
13767.4 383.234 45201.2 47253.1 1 1
-328.396 2531.45 5221.78 5813.28 1 2
event 59
8228.33 -8762.61 -13637.2 18440.5
-8397.89 -2368.87 2543.57 9601.9
5819.83 -3969.74 -7914.04 10595.9 -1 1
2408.49 -4792.87 -5723.13 7844.61 1 1
-2580.61 -2234.8 1273.74 3645.2 -1 2
-5817.27 -134.076 1269.83 5956.7 1 2
event 60
7188.21 -1949.63 -24.8829 8066.16
-1870.7 -9008.57 30521.2 32027.9
3761.91 -2207.03 1006.08 4477.31 -1 1
3426.31 257.397 -1030.97 3588.86 1 1
-1162.5 -6617.76 26097.5 26948.8 -1 2
-708.199 -2390.81 4423.64 5079.1 1 2
event 61
-1347.41 4875.54 -10679.3 12215.8
-5638.25 -6595.83 2345.37 9507.43
329.527 2988.2 -3556.97 4658.45 1 1
-1676.94 1887.34 -7122.32 7557.3 -1 1
-2395.92 -3719.51 2654.79 5160.84 -1 2
-3242.33 -2876.32 -309.42 4346.58 1 2
event 62
6924.72 5355.35 20881.3 22852.8
1139.16 -8393.81 -2297.59 9307.24
824.558 -3180.14 587.84 3339.14 -1 2
2225.63 94.5679 4889.91 5374.45 1 1
4699.09 5260.78 15991.4 17478.3 -1 1
314.602 -5213.67 -2885.43 5968.1 1 2
event 63
6677.04 -3861.97 -2525.25 8687.06
1850.83 6854.1 10597.1 13126.1
2287.91 2592.62 4622.7 5773.8 -1 2
1525.83 -2576.64 -761.833 3091.72 1 1
5151.21 -1285.33 -1763.41 5595.34 -1 1
-437.083 4261.48 5974.44 7352.31 1 2
event 64
-247.512 8028.12 -2735.68 9251.05
4320.23 -13031.9 3115.96 14415.1
2366.77 -4000.7 2154.7 5124.55 1 2
979.372 2932.52 -2544.04 4005.26 -1 1
1953.46 -9031.21 961.268 9290.53 -1 2
-1226.88 5095.6 -191.641 5245.78 1 1
event 65
10593 -2239.2 -36328.8 38034.2
-4541.4 5825 25233.8 26474.3
-1783.12 4700.14 15951.5 16725.2 1 2
5284.8 315.33 -19384.8 20095 -1 1
-2758.28 1124.86 9282.33 9749.16 -1 2
5308.21 -2554.53 -16944.1 17939.2 1 1
event 66
4475.86 11151.8 385.52 12415.1
-1534.6 7134.32 -5582.69 9695.92
-1422.8 3858.83 -4805.37 6325.95 1 2
2980.5 4379.91 1195.81 5432.14 -1 1
-111.806 3275.48 -777.322 3369.97 -1 2
1495.37 6771.85 -810.292 6982.96 1 1
event 67
2769.37 9371.39 25972.5 27922.3
-158.234 6262.07 -28200.1 29052.9
-1189.64 3379.03 -19563.3 19888.8 1 2
640.989 4853.75 9204.5 10426.1 1 1
1031.4 2883.05 -8636.79 9164.12 -1 2
2128.38 4517.64 16768 17496.2 -1 1
event 68
-7032.62 3444.66 6168.65 10438.7
5503.8 5886.76 -34045.3 35123
2804.98 5007.85 -24524.1 25187.1 1 2
-3780.69 1114.82 4794.31 6207.5 1 1
2698.83 878.903 -9521.22 9935.84 -1 2
-3251.93 2329.84 1374.34 4231.21 -1 1
event 69
18924.4 -3226.84 -9270.35 21542.4
306.85 7845.72 38136.4 39059.2
10257.8 -798.98 -3583.91 10895.7 -1 1
8666.63 -2427.86 -5686.44 10646.7 1 1
408.134 5254.44 31414.6 31853.7 -1 2
-101.284 2591.28 6721.8 7205.47 1 2
event 70
-3973.34 9201.75 9206.25 13957.3
-3495.27 -9901.52 7128.56 13063.8
70.743 -4124.46 2221.46 4686.39 -1 2
-2123.36 2169.71 1597.08 3431.93 -1 1
-1849.97 7032.04 7609.17 10525.3 1 1
-3566.01 -5777.05 4907.1 8377.44 1 2
event 71
-9926.76 10714.5 -58031.9 59921.9
-5271.97 -4632.92 2310.87 8011.64
-2306.02 -3910.86 827.599 4616.13 1 2
-3659.92 5154.44 -30271.3 30924.5 1 1
-2965.95 -722.054 1483.27 3395.5 -1 2
-6266.84 5560.03 -27760.6 28997.4 -1 1
event 72
2998.76 9957 917.176 10888.8
-2079.92 -3964.5 -15544.2 16469.8
1100.15 6177.19 -792.861 6325.17 -1 1
1898.61 3779.81 1710.04 4563.67 1 1
-2724.72 -2033.03 -10000.8 10563.4 -1 2
644.794 -1931.46 -5543.33 5906.43 1 2
event 73
-4028.5 13237 32129.1 35118.6
667.536 6228.84 26123.3 27041.8
-1347.75 9087.34 22264.7 24085.7 -1 1
-2680.75 4149.63 9864.43 11032.9 1 1
1661.44 3313.34 17381.9 17773 -1 2
-993.901 2915.5 8741.44 9268.87 1 2
event 74
2090.18 -6107.8 10085.8 12368.7
1.08122 -8179.56 5857.54 10526.4
1477.34 -3825.05 3296.12 5262.04 1 2
-768.384 -1995.02 2734.39 3472.55 1 1
2858.56 -4112.78 7351.42 8896.12 -1 1
-1476.26 -4354.51 2561.43 5264.33 -1 2
event 75
5525.15 -4946.55 34111.5 35045.4
7507.94 -599.383 13920 16127.2
5098.13 -551.102 11978.6 13030.5 1 2
1544.84 -3275.94 18276.6 18632.4 -1 1
2409.82 -48.2809 1941.41 3096.74 -1 2
3980.31 -1670.61 15834.9 16413.1 1 1
event 76
-6250.49 1967.72 23006.9 24121.6
9848.8 -3607.94 2370.23 11190.4
8248.97 -1748.56 1389.66 8546.65 1 2
-2202.63 2163.14 7967.84 8545.66 -1 1
1599.83 -1859.38 980.563 2643.75 -1 2
-4047.86 -195.426 15039.1 15575.9 1 1
event 77
-412.741 5472.9 1041.12 6387.34
6487.61 14292.9 6914.81 17429.3
992.688 2868.66 -452.318 3070.89 1 1
-1405.43 2604.24 1493.44 3316.45 -1 1
3760.27 10812.9 5951.02 12902.9 -1 2
2727.34 3479.97 963.791 4526.44 1 2
event 78
-823.01 -6687.74 -30558.7 31445.7
3559.74 5128.33 -4072.99 8071.63
-1977.43 -3594.94 -17688 18157.9 1 1
1154.42 -3092.8 -12870.7 13287.8 -1 1
1101.15 4167.48 -2266.1 4871.02 -1 2
2458.6 960.846 -1806.89 3200.62 1 2
event 79
-4109.71 -5550.66 -11812.7 14029.6
6033.07 2922.1 -34144.1 34933.5
1999.74 2651.2 -16620.7 16949.6 -1 2
-212.505 -2717.98 -3770.23 4653.85 -1 1
-3897.21 -2832.68 -8042.47 9375.76 1 1
4033.33 270.892 -17523.4 17983.9 1 2
event 80
-4988.19 2756.63 -11127.8 12880.2
5908.13 -12588.2 -33723.5 36609.2
-2938.32 857.27 -8530.31 9063.45 -1 1
-2049.87 1899.36 -2597.44 3816.73 1 1
3298.95 -7277.24 -15338.6 17295.2 1 2
2609.19 -5311.01 -18384.9 19314 -1 2
event 81
-1743.43 6250.52 -8695.36 11283.1
9697.88 9528.93 20125.9 24484.5
-1266.6 3614.6 -7338.38 8278.44 1 1
-476.825 2635.92 -1356.98 3004.67 -1 1
6012.2 3878.09 11300 13374.8 1 2
3685.68 5650.84 8825.96 11109.7 -1 2
event 82
6082.02 753.801 -5691.63 8918.77
2508.05 -11538.8 -36558.4 38542.7
3511.9 1618.05 -2051.55 4378.53 1 1
2570.12 -864.25 -3640.08 4540.24 -1 1
310.718 -6573.85 -16559.9 17820 -1 2
2197.33 -4964.99 -19998.5 20722.8 1 2
event 83
7559.2 -4117.18 -39564.7 40608.5
4905 1700.67 -23872.3 24625.7
3445.27 -3210.27 -25284.4 25719.4 -1 1
4113.93 -906.91 -14280.3 14889.1 1 1
3504.64 -217.908 -11405.9 11934.7 -1 2
1400.36 1918.58 -12466.4 12691.1 1 2
event 84
-8868.27 908.411 -17344.8 19746
-7051 -3323.59 4512.68 9524.61
-1790.27 -2475.67 1572.23 3437.6 1 2
-1963.77 625.077 -7055.73 7351.3 -1 1
-6904.5 283.335 -10289 12394.7 1 1
-5260.73 -847.915 2940.45 6087.01 -1 2
event 85
6270.06 -6803.01 -7921.76 12567.4
-4165.37 -6085.54 165.035 8000.15
4174.56 -4420.4 -3183.42 6863.83 1 1
2095.5 -2382.61 -4738.34 5703.59 -1 1
-988.961 -2197.06 1452.99 2815.58 -1 2
-3176.41 -3888.47 -1287.95 5184.57 1 2
event 86
-6516.18 -8302.78 23218.3 25692
-5772.97 -409.893 368.876 6574.23
-4554.51 -5210.65 11581 13491.7 1 1
-1961.66 -3092.13 11637.3 12200.3 -1 1
-1832.85 979.61 -808.221 2232.34 -1 2
-3940.12 -1389.5 1177.1 4341.89 1 2
event 87
3701.2 -3222.93 -781.836 5855.62
-18962.7 -2375.65 -44010.3 48080.4
1595.1 -2797.6 -1544.55 3573.19 1 1
2106.1 -425.324 762.71 2282.42 -1 1
-11208.1 -1110.46 -22121.7 24824.1 -1 2
-7754.62 -1265.19 -21888.6 23256.3 1 2
event 88
-8736.06 4279.86 18379.5 21024.6
4314.65 -6424.05 -27262.1 28507.9
3853.46 -3755.68 -14635.2 15593.4 -1 2
-3102.8 996.992 9230.72 9789.73 1 1
-5633.25 3282.87 9148.8 11234.9 -1 1
461.19 -2668.37 -12626.9 12914.5 1 2
event 89
-8532.05 3384.52 4134.37 10720.5
-3014.34 3336.58 -10315.2 11671
-2912.95 1064.65 -6910.32 7575.12 1 2
-4112.09 568.247 3518.05 5442.42 1 1
-101.39 2271.94 -3404.87 4095.89 -1 2
-4419.96 2816.27 616.322 5278.11 -1 1
event 90
-3787.02 -6955.95 6958.1 10987.9
4845.68 4695.89 -6600.24 9934.07
2161.45 4031.95 -3384.23 5691.46 -1 2
-2817.79 -2064.11 2485 4287.99 1 1
-969.23 -4891.84 4473.1 6699.95 -1 1
2684.23 663.947 -3216.01 4242.61 1 2
event 91
-5413.93 -3956.74 -3842.04 8325.78
-305.243 -11560.8 -30181.6 32469.5
-2971.32 -3774.12 -3259.34 5805.79 -1 1
-2442.61 -182.618 -582.705 2520 1 1
-1359.33 -6226.32 -13618.5 15036.2 -1 2
1054.08 -5334.5 -16563.1 17433.2 1 2
event 92
10990.2 7876.98 -12039.3 18367.6
1434.18 5832.55 -5091.53 8461.12
703.245 3897.78 -1352.02 4186.45 1 2
2897.63 3822.97 -3688.82 6052.26 -1 1
730.939 1934.77 -3739.52 4274.67 -1 2
8092.59 4054 -8350.47 12315.3 1 1
event 93
-6454.98 2212.87 3069.02 8097.7
1015.08 -14639 1835.7 15109.3
-3831.6 2836.74 2283.19 5287 -1 1
-2623.38 -623.876 785.83 2810.7 1 1
-136.063 -7524.03 2345.61 7883.05 1 2
1151.14 -7114.93 -509.912 7226.24 -1 2
event 94
-6130.65 -1615.18 7181.11 10067.4
7464.48 234.487 -2939.24 8602.57
3234.57 653.446 214.714 3308.58 -1 2
-1941.43 -1657.34 4230.64 4942.21 1 1
4229.91 -418.959 -3153.95 5293.98 1 2
-4189.22 42.1687 2950.47 5125.21 -1 1
event 95
7312.13 11269.9 13343.1 19186.1
5491.23 -4009.87 8529.08 11338.8
4382.03 6135 9522.45 12146.1 -1 1
2930.1 5134.89 3820.67 7039.97 1 1
3287.85 -1407.77 2350.53 4281.11 -1 2
2203.38 -2602.1 6178.55 7057.72 1 2
event 96
6235.06 -2995.1 -5401.6 9306.72
13287.9 2885.37 9227.89 16722.4
2965.03 1440.79 3575.86 4864.69 -1 2
1020.27 -1937.91 -2145.65 3067.81 1 1
10322.9 1444.58 5652.03 11857.7 1 2
5214.79 -1057.19 -3255.95 6238.91 -1 1
event 97
5349.01 1733.08 -1912.05 6697.91
12011.6 -4002.68 -22014.1 25583.4
3890.93 87.5525 -180.835 3897.55 1 1
1458.07 1645.53 -1731.21 2800.36 -1 1
8577.3 -1418.05 -13760.6 16277.1 -1 2
3434.29 -2584.63 -8253.55 9306.29 1 2
event 98
-7769.46 -3219.63 9680.55 13192.3
-7942.74 3056.34 -9440.4 13082.1
-4209.87 220.418 -3292.82 5350.27 -1 2
-2818.8 339.763 3524.2 4526.83 1 1
-4950.65 -3559.39 6156.35 8665.45 -1 1
-3732.88 2835.92 -6147.59 7731.81 1 2
event 99
-788.452 -5502.74 -13748.4 15149.6
6773.15 3502.01 15355.7 17422
3368.49 874.508 4139.06 5408.74 1 2
-1601.65 -1269.88 -4146.14 4623.79 1 1
813.194 -4232.86 -9602.29 10525.9 -1 1
3404.66 2627.5 11216.6 12013.3 -1 2
event 100
2804.67 5104.39 -8121.66 10462.9
1476.97 13764.5 -10105.8 17417.3
278.006 3247.68 -5406.06 6313.59 -1 1
2526.66 1856.71 -2715.59 4149.34 1 1
-534.72 8819.52 -6611.29 11035.9 1 2
2011.69 4944.96 -3494.54 6381.42 -1 2
event 101
5515.96 10754.4 -10753.6 16471.6
6517.54 -5131.25 -21536.6 23285.7
4984.62 -3096.6 -11263.3 12700.8 -1 2
255.584 3512.03 -3178 4744.53 -1 1
5260.37 7242.4 -7575.57 11727.1 1 1
1532.92 -2034.65 -10273.3 10584.9 1 2
event 102
-3291.42 -4624.54 10130.5 12018.2
-10487.9 5002.12 -57.8351 12025.5
-2518.34 -1995.92 7737.4 8378.79 -1 1
-773.085 -2628.63 2393.07 3639.41 1 1
-6863.49 3009.38 -1500.44 7643.71 1 2
-3624.43 1992.74 1442.6 4381.76 -1 2
event 103
4068.96 11242.8 -18867.6 22550.7
5124.57 1883.89 20757.3 21685.6
2870.5 5602.11 -12245.7 13769.2 -1 1
1198.46 5640.68 -6621.94 8781.51 1 1
2257.86 2380.86 9233.43 9799.69 -1 2
2866.71 -496.972 11523.9 11885.9 1 2
event 104
5778.5 2237.75 -7647.83 10318.8
1354.18 8560.92 -8704.28 12668
-272.113 4051.56 -2301.07 4668.54 -1 2
1204.76 1683.88 -1206.28 2398.57 1 1
1626.3 4509.36 -6403.21 7999.46 1 2
4573.74 553.865 -6441.56 7920.27 -1 1
event 105
-4328.95 5982.96 24945 26198.9
-71.7382 -6846.34 5814.38 9501.3
713.954 -4737.11 2272.3 5303.25 1 2
-1769.42 2469.15 15577.2 15871 -1 1
-785.692 -2109.23 3542.07 4198.05 -1 2
-2559.53 3513.81 9367.79 10327.9 1 1
event 106
1697.38 7873.28 -10897.1 13899.9
-14977.5 -11532.2 16459.5 25255.1
931.218 4826.33 -4065.21 6379.48 -1 1
766.165 3046.95 -6831.89 7520.43 1 1
-9648.32 -9057.34 12174.5 17982.1 -1 2
-5329.19 -2474.87 4284.94 7273.04 1 2
event 107
-5100.94 5649.98 -11432.7 14079.7
8065.24 930.971 -20714.7 22463.5
3578.85 1921.48 -8787.01 9681.06 -1 2
-157.014 2096.11 -2486.52 3257.65 1 1
-4943.93 3553.87 -8946.14 10822.1 -1 1
4486.38 -990.511 -11927.7 12782.4 1 2
event 108
-3367.18 -10578.9 32764.7 34732.8
5642.65 -2823.22 -16619.6 18155.1
3546.25 -1385.08 -13977.1 14486.8 1 2
169.141 -4115.53 10445.1 11228.4 -1 1
2096.39 -1438.15 -2642.42 3668.33 -1 2
-3536.32 -6463.36 22319.5 23504.3 1 1
event 109
3879.35 -7531 -12804.7 15662.6
10386.4 285.03 16540.6 19777.3
2827.94 1269.75 6176.68 6911.73 -1 2
1900.35 -1417.18 -5129.88 5652.13 1 1
7558.47 -984.716 10363.9 12865.5 1 2
1979 -6113.82 -7674.83 10010.5 -1 1
event 110
-6642.77 6404.24 10389.2 14236.1
4259.23 -5061.57 -24274.4 25349.5
-3573.04 3846.58 8030.86 9595.24 1 1
-3069.73 2557.66 2358.37 4640.9 -1 1
2022.33 -917.895 -4466.42 4989.23 -1 2
2236.9 -4143.68 -19808 20360.3 1 2
event 111
16062.5 9780.69 -1784.03 19142.6
6540.21 -1293.66 32698.4 33514.5
9621.88 5140.58 -2432.63 11177.4 -1 1
6440.59 4640.11 648.596 7965.15 1 1
4675.15 499.917 23030.5 23505.8 -1 2
1865.06 -1793.58 9667.84 10008.7 1 2
event 112
-5148.92 3481.16 18604.1 19857.8
2650.49 6436.72 6681.31 10133.5
-91.1703 3225.19 3958.76 5108.14 -1 2
-2320.56 -164.004 6144.28 6570.79 1 1
-2828.37 3645.17 12459.8 13287 -1 1
2741.66 3211.53 2722.55 5025.34 1 2
event 113
-9579.58 -4463.34 -9700.24 14675.7
-713.477 -7114.79 -24448 25659.8
-1656.32 -3835.41 -16263.4 16791.7 -1 2
-3869.71 -947.07 -5390.39 6703.66 -1 1
-5709.87 -3516.27 -4309.86 7972 1 1
942.845 -3279.38 -8184.6 8868.04 1 2
event 114
-8071.72 3121.66 -14874.8 17485.7
-8272.16 631.658 -35265 36359.9
-4848.77 -986.412 -16978.2 17684.9 -1 2
-3128.02 2818.99 -7487.51 8591 1 1
-4943.7 302.673 -7387.31 8894.67 -1 1
-3423.39 1618.07 -18286.8 18675 1 2
event 115
2739.2 3370.76 -5901.92 7955.51
-8706.15 -11229.2 37572 40288.2
628.393 3073.46 -2908.88 4279.46 -1 1
2110.81 297.302 -2993.04 3676.05 1 1
-7123.81 -6952.24 24614.4 26551.1 1 2
-1582.34 -4276.97 12957.7 13737.1 -1 2
event 116
7180.43 2638.77 2870.4 8737.92
4805.43 909.742 -4562.45 7370.65
3404.88 -863.531 -2537.88 4334.84 1 2
3999.85 -166.578 1560.18 4297.9 -1 1
1400.55 1773.27 -2024.57 3035.8 -1 2
3180.57 2805.35 1310.22 4440.03 1 1
event 117
10508.7 -6277.56 14249.7 19039.1
-4484.24 -4303.18 18426.5 19691.4
7322.91 -3187.94 10715 13364.5 -1 1
3185.84 -3089.63 3534.68 5674.55 1 1
-1686.06 -3544.19 8775.2 9613.5 -1 2
-2798.18 -758.992 9651.26 10077.9 1 2
event 118
2690.82 10570.3 12060.6 16553.6
-4884.56 2253.76 12180.8 13671.1
-1933.21 2405.73 4665.58 5594.97 1 2
1969.91 4432.41 3445.71 5950.71 1 1
-2951.35 -151.97 7515.26 8076.13 -1 2
720.906 6137.91 8614.92 10602.9 -1 1
event 119
-4959.06 -759.538 837.391 5954.97
19.7675 11413.9 20189.8 23398.6
-3277.17 -1964.97 601.912 3869.68 -1 1
-1681.89 1205.43 235.478 2085.29 1 1
924.744 5806.21 7798.79 9767.27 1 2
-904.977 5607.73 12391 13631.4 -1 2
event 120
-5083.51 -6337.9 16310 18482.9
-5463.04 -1659.37 -11362.3 13087.9
-4070.04 303.809 -7343.87 8402.44 -1 2
-2136.71 -2432.78 9913.06 10429 1 1
-2946.8 -3905.12 6396.89 8053.88 -1 1
-1393 -1963.18 -4018.4 4685.43 1 2
event 121
4627.59 5544.36 2384.35 8211.62
8785.49 -506.104 -15068.2 17722.3
3010.49 -1055.82 -3243.18 4550.52 -1 2
35.7653 2016.19 230.556 2032.4 -1 1
5775.01 549.719 -11825 13171.7 1 2
4591.83 3528.17 2153.79 6179.23 1 1
event 122
7020.32 10190.9 -58392.7 59769.9
-8420.83 -3040.49 -25643.3 27337.3
-4497.64 -2835.2 -11719.9 12869.9 1 2
2865.62 4690.72 -19038 19816 1 1
-3923.19 -205.293 -13923.5 14467.5 -1 2
4154.7 5500.13 -39354.7 39953.9 -1 1
event 123
-8105.66 -1299.48 -1923.89 8982.39
5178.92 -8716.42 5073.72 11752.9
1567.81 -4296.36 853.292 4653.6 -1 2
-2778.72 -497.545 -2210.21 3586.79 -1 1
3611.11 -4420.06 4220.43 7099.31 1 2
-5326.94 -801.931 286.327 5395.61 1 1
event 124
2106.97 8374.89 8805.87 12716.6
458.8 -7983.28 -38940.8 39873.8
1276.95 -3870.48 -13956.7 14540 1 2
654.655 3348.72 1496.88 3727.5 1 1
1452.31 5026.17 7308.99 8989.11 -1 1
-818.146 -4112.8 -24984.2 25333.9 -1 2
event 125
-6904.25 2260.46 -465.343 7911.11
12222 9101.65 72213.9 73869.2
2411.56 3395.21 17282.7 17777.6 1 2
-2964.89 128.6 1097.53 3165.88 -1 1
9810.45 5706.45 54931.3 56091.6 -1 2
-3939.37 2131.86 -1562.87 4745.23 1 1
event 126
-5314.55 12735.3 3897.74 14670.3
4554.95 -9758.87 -16546.8 19984.2
-4289.81 6461.36 1677.49 7935.79 1 1
-1024.73 6273.94 2220.24 6734.47 -1 1
3118.03 -3240.21 -7409.76 8668.15 -1 2
1436.92 -6518.66 -9137.01 11316.1 1 2
event 127
-6638.74 3921.69 18226.8 20031.5
8932.01 2973.28 42428 43570
4703.18 -55.1322 20691.1 21219.2 1 2
-2295.74 337.314 8292.89 8612.05 -1 1
-4343 3584.38 9933.95 11419.5 1 1
4228.83 3028.41 21736.9 22350.8 -1 2
event 128
4002.04 -7464.47 51497.9 52281.6
5542.96 3454.23 -14022.6 15775.9
3605.27 -3481.62 28232.8 28674.4 1 1
396.776 -3982.85 23265.1 23607.2 -1 1
1461.64 1641.72 -7875.82 8177.49 -1 2
4081.32 1812.51 -6146.76 7598.44 1 2
event 129
4559.82 8640.55 -30055.2 31754.6
4274.63 3345.87 7409.02 9693.02
2862 1340.32 6191.79 6952.48 1 2
3059.27 2735.18 -10589.4 11357.3 1 1
1412.63 2005.55 1217.23 2740.54 -1 2
1500.55 5905.37 -19465.8 20397.4 -1 1
event 130
-5115.65 -8212.1 -29773.1 31458.5
-8310.21 2164.13 -10995.9 14291.4
-2505.24 -5509.27 -22101.6 22915.5 1 1
-2610.41 -2702.83 -7671.54 8543.02 -1 1
-6478.46 350.466 -7097.16 9616.35 -1 2
-1831.75 1813.66 -3898.71 4675.02 1 2
event 131
1050.83 -6178.47 -13948.3 15602.1
-7203.57 2766.58 -2459.26 8670.9
-2203.16 2386.2 -1431.09 3550.64 1 2
1475.1 -1846.01 -3005.3 3824.48 -1 1
-5000.41 380.38 -1028.16 5120.26 -1 2
-424.275 -4332.47 -10943 11777.6 1 1
event 132
9429.61 -6003.59 49006.9 50361
-6639.1 -1358.9 -3406.95 8192.97
-3572.63 -1574.4 -458.863 3932.44 1 2
4037.96 -831.539 16834.5 17332.3 -1 1
-3066.48 215.495 -2948.08 4260.53 -1 2
5391.65 -5172.05 32172.4 33028.7 1 1
event 133
7394.34 -3849.93 -3824.61 9680.75
-4635.15 613.421 1182.79 5731.57
3324.66 -3198.07 -2917.26 5459.17 -1 1
4069.68 -651.861 -907.353 4221.58 1 1
-2901.89 -1147.83 470.333 3157.66 -1 2
-1733.26 1761.25 712.461 2573.9 1 2
event 134
4264.28 3038.55 -1510.77 6268.17
-3959.13 14542.1 -59175.1 61142.7
3834.19 1008.92 -647.81 4018.67 -1 1
430.095 2029.63 -862.957 2249.5 1 1
-1697.53 8939.58 -40685.1 41690.4 1 2
-2261.59 5602.47 -18489.9 19452.3 -1 2
event 135
-6303.66 12693.8 3240.68 14864.8
-3551.83 4487.39 4202.42 7746.04
-4510.36 5762.08 1174.02 7411.78 1 1
-1793.3 6931.74 2066.66 7453 -1 1
-3052.26 2477.94 1227.66 4120.05 -1 2
-499.562 2009.45 2974.76 3625.99 1 2
event 136
-4253.96 6919.74 4019.93 9577.57
24.2989 -15938.4 -662.792 16250
927.546 -4216.47 -1194.89 4480.84 -1 2
44.7944 2499.74 841.747 2640.15 -1 1
-903.247 -11721.9 532.1 11769.2 1 2
-4298.76 4420.01 3178.18 6937.42 1 1
event 137
-5876.76 671.838 -1317.8 6805.54
-5658.56 -8191.46 -22347.1 24659.7
-2114.25 -3908.29 -6577.24 7938.26 -1 2
-1394.31 1571.64 -417.484 2144.67 1 1
-3544.31 -4283.17 -15769.9 16721.5 1 2
-4482.45 -899.8 -900.314 4660.87 -1 1
event 138
8442.19 474.529 -28803.3 30178.1
-12216.1 14761.9 37927.8 42605.8
4339.86 -1237.1 -13011.4 13772.2 -1 1
4102.33 1711.63 -15791.9 16405.9 1 1
-7717.06 6968.05 21074.5 23500 -1 2
-4499.09 7793.84 16853.4 19105.8 1 2
event 139
-4109.34 7652.96 -7148.56 11668.2
9292.95 4646.22 3400.88 11362.2
3381.85 1000.53 2573.89 4367.38 1 2
-1846.4 1390.94 -3122.62 3886.62 -1 1
5911.1 3645.69 826.991 6994.8 -1 2
-2262.94 6262.02 -4025.94 7781.59 1 1
event 140
12478.7 6913.52 -47185.8 49392.4
-4487.94 -1952.05 -1914.59 6099.94
8645.17 4392.5 -36423.2 37692.1 1 1
3833.58 2521.02 -10762.6 11700.3 -1 1
-3405.49 140.688 -862.344 3517.38 -1 2
-1082.45 -2092.74 -1052.24 2582.56 1 2
event 141
-1287.99 -8213.1 10847.2 14013.1
5161.12 -6233.07 491.819 8678.73
2437.25 -2818.04 1769.79 4126.12 -1 2
-902.939 -2454.82 5728.45 6298.24 -1 1
-385.055 -5758.27 5118.77 7714.85 1 1
2723.87 -3415.03 -1277.98 4552.61 1 2
event 142
-7676.6 -3065.38 -6662.25 11059.1
-5243.79 6810.87 -5009.07 10419.5
-3426.26 5657.91 -2403.79 7038.5 1 2
-2863.61 -1160.28 -4474.01 5438.24 1 1
-1817.53 1152.97 -2605.28 3381.04 -1 2
-4812.99 -1905.1 -2188.25 5620.84 -1 1
event 143
-7959.59 -2992.05 7262.43 11603.5
-4860.39 -2735.11 -25233.4 26027.3
-4988.34 -1626.73 2468.31 5799.44 -1 1
-2971.24 -1365.32 4794.12 5804.07 1 1
-835.394 -1894.45 -11713.2 11895.3 -1 2
-4025 -840.659 -13520.1 14132 1 2
event 144
-39.6928 8986.24 -39368.9 40500.1
1054.68 -9666.1 3691 10851.8
-543.813 -4203.62 357.539 4255.02 1 2
-305.718 3158.1 -8268.45 8856.94 -1 1
266.025 5828.14 -31100.5 31643.2 1 1
1598.49 -5462.47 3333.46 6596.74 -1 2
event 145
7875.4 -8875.71 -13170.6 17996
2078.77 5724.36 9439.21 11652.5
1354.98 3324.03 2796.36 4551.47 1 2
2437.71 -4148.77 -7079.56 8560.72 1 1
723.8 2400.33 6642.86 7101 -1 2
5437.69 -4726.94 -6091.05 9435.28 -1 1
event 146
342.798 5753.56 8528.86 10749.6
3409.95 12509.1 6468.81 14816.9
1609.63 3651.37 6135.56 7319.81 -1 1
-1266.84 2102.2 2393.3 3429.75 1 1
1817.53 7434.36 2110.14 7939.59 1 2
1592.42 5074.72 4358.67 6877.34 -1 2
event 147
-13746.4 -8697.33 -13996.3 21681.6
1680.57 -4334.18 -17756.4 18614.2
-10018.6 -4620.65 -9246.77 14395.7 1 1
-3727.79 -4076.68 -4749.53 7285.94 -1 1
2183.07 -2294.81 -13495.7 13862.8 -1 2
-502.498 -2039.37 -4260.62 4751.38 1 2
event 148
-3321.77 -8019.96 19726.6 21773.5
-6966.26 -1074.18 12881.8 15007.2
-935.421 -5927.75 11921.6 13347.2 -1 1
-2386.35 -2092.21 7805.06 8426.28 1 1
-2562.97 1083.32 4305.18 5127.2 -1 2
-4403.29 -2157.49 8576.64 9879.96 1 2
event 149
-641.742 -8804.58 -19901.1 21990.4
-4670.01 3659.4 -7916.87 10366.7
-2625.37 3710.09 -6235.73 7717.04 1 2
-272.209 -4339.94 -6189.21 7564.83 -1 1
-2044.64 -50.6888 -1681.14 2649.63 -1 2
-369.533 -4464.64 -13711.9 14425.6 1 1
event 150
-6498.83 -7301.58 7937.6 12967
8007.37 -8685.06 7886.72 14537.5
5186.46 -7518.28 6293.32 11092.4 1 2
-3566.93 -2070.38 4266.73 5935.12 1 1
2820.91 -1166.79 1593.4 3445.14 -1 2
-2931.9 -5231.21 3670.87 7031.93 -1 1
event 151
7125.95 356.605 26161.3 27293
-4489.98 -5669.83 6394.26 10138.2
-2827.84 -1784.31 4217.8 5383.44 -1 2
2289.29 -1239.66 10764.8 11075.6 -1 1
4836.66 1596.27 15396.5 16217.4 1 1
-1662.14 -3885.51 2176.45 4754.79 1 2
event 152
448.29 -6669.13 6656.56 9928.8
-6600.36 -3781.33 -260.802 8217.21
-3601.25 -375.755 -572.874 3667.36 1 2
1492.3 -1680.92 1714.42 2828.94 -1 1
-1044.01 -4988.21 4942.14 7099.87 1 1
-2999.11 -3405.57 312.072 4549.85 -1 2
event 153
-13956.4 681.328 -10598.9 17809.3
-5968.96 674.457 13036.7 14819.8
-8963.05 -898.661 -5871 10752.8 -1 1
-4993.36 1579.99 -4727.89 7056.5 1 1
-3644.97 -0.825462 11203.2 11781.7 -1 2
-2324 675.283 1833.54 3038.09 1 2
event 154
-1810.89 7670.43 24985.2 26381.2
4678.22 -5620.91 2356.57 8284.01
-1302.75 4066.83 18047.9 18546.5 -1 1
-508.139 3603.6 6937.31 7834.64 1 1
4086.26 -3223.16 575.576 5237.25 -1 2
591.958 -2397.75 1781 3046.76 1 2
event 155
-6505.05 13204 -23263.6 27702.8
4282.26 2461.54 788.251 5883.06
1529.28 2657.61 420.248 3096.67 1 2
-1686.11 3709.14 -9203.54 10065.6 1 1
2752.98 -196.07 368.003 2786.39 -1 2
-4818.94 9494.81 -14060 17637.2 -1 1
event 156
7092.55 -3953.63 -23642 25188.7
1607.41 -8786.79 -20747.1 22799.7
1137.05 -5940.33 -17160.8 18195.8 1 2
2053.74 -2878 -9646.65 10274.7 1 1
470.364 -2846.46 -3586.31 4603.95 -1 2
5038.82 -1075.64 -13995.3 14914 -1 1
event 157
1165.87 -7331.16 23365.9 24711.5
-17062.8 2291.86 14201.3 22531.3
1906.23 -5469.21 19680.3 20515.1 1 1
-740.354 -1861.95 3685.6 4196.4 -1 1
-9124.66 179.369 8938.94 12775.3 1 2
-7938.14 2112.49 5262.33 9756.02 -1 2
event 158
-5892.32 3673.89 -11884.6 14108.5
-9900.87 1001.56 -19869.2 22436.8
-4208.8 1689.72 -10700.1 11622.1 -1 2
-1418.53 2186.68 -6174.6 6703.03 1 1
-5692.07 -688.163 -9169.14 10814.7 1 2
-4473.79 1487.21 -5709.96 7405.5 -1 1
event 159
-2243.84 5036.44 5891.33 8642.94
-2732.41 -7791.81 8600.11 12317.9
-676.364 3256.22 1497.95 3649.03 -1 1
-1567.47 1780.22 4393.38 4993.91 1 1
-164.679 -4712.07 5521.95 7261.81 -1 2
-2567.73 -3079.74 3078.15 5056.11 1 2
event 160
-7242.1 -15889.8 87752.4 89526.6
-1848.92 5124.63 13183.7 14597.4
-6338.29 -10644 59286.7 60567.3 -1 1
-903.813 -5245.72 28465.7 28959.3 1 1
352.613 3310.99 5920.48 6793.4 -1 2
-2201.53 1813.64 7263.24 7803.96 1 2
event 161
5483.47 -3180.7 17048.6 18450.8
-2756.69 14342.8 -30898.6 34316.6
3244.85 -1188.33 5318.13 6343.1 -1 1
2238.62 -1992.37 11730.5 12107.7 1 1
-3219.75 8896.69 -19366 21553.9 1 2
463.061 5446.07 -11532.6 12762.7 -1 2
event 162
-5389.65 -4211.03 -2908.95 8051.97
-3116.5 7399.84 5275.89 10094.3
122.232 3502.92 1740.17 3914.68 1 2
-893.899 -2052.94 68.9191 2242.66 -1 1
-3238.73 3896.92 3535.72 6179.63 -1 2
-4495.75 -2158.09 -2977.87 5809.3 1 1
event 163
-5592.12 -6857.37 18459.6 20703.7
1532.27 -6580.29 28486.9 29440.5
1219.8 -3284.04 20441 20739.3 1 2
-3623.46 -2048.04 8765.24 9703.84 -1 1
312.462 -3296.25 8045.9 8701.18 -1 2
-1968.66 -4809.32 9694.31 10999.8 1 1
event 164
10191.2 7180.46 -2925.35 13174.5
6848.87 -3798.81 -1801.29 8612.41
6792.49 4249.7 -3308.31 8669.14 -1 1
3398.7 2930.75 382.961 4505.37 1 1
2740.17 -146.402 -1443.4 3102.34 -1 2
4108.7 -3652.41 -357.892 5510.06 1 2
event 165
4838.98 -2860.54 -11113.7 12833.8
-4643.58 8936.26 -492.698 10735.6
3997.55 -904.353 -8671.01 9591.45 1 1
841.433 -1956.19 -2442.72 3242.33 -1 1
-1464.23 6036.31 744.584 6256.72 1 2
-3179.35 2899.95 -1237.28 4478.84 -1 2
event 166
4175.89 -16482.4 15890.4 23477.7
-4257.76 4254.67 -13905.4 15465.5
-1768.88 3680.58 -7036.04 8135.88 1 2
739.503 -5574.02 7071.94 9035.49 -1 1
-2488.88 574.088 -6869.38 7329.64 -1 2
3436.39 -10908.4 8818.42 14442.2 1 1
event 167
-5312.88 413.52 4438.2 7595.14
8561.65 -7461.37 30996 33155.9
-3662.49 1639.64 2297.48 4625.13 1 1
-1650.39 -1226.12 2140.72 2970.01 -1 1
3933.11 -5068.57 14499.3 15855.6 -1 2
4628.54 -2392.8 16496.7 17300.3 1 2
event 168
9715.63 5944.63 26605.4 29106.2
-3541.25 5573.86 -11303.5 13452.4
-2913.82 3225.48 -4640.83 6359.44 -1 2
2597.87 1713.04 4267.43 5282.57 -1 1
7117.76 4231.59 22337.9 23823.6 1 1
-627.43 2348.38 -6662.64 7092.99 1 2
event 169
8858.01 8166.56 8332.16 14972.4
7200.48 4575.55 -16919.2 19199.8
3740.68 2947.36 -6200.81 7819.26 -1 2
1993.41 3761.66 2419.45 4897.83 -1 1
6864.59 4404.9 5912.71 10074.6 1 1
3459.8 1628.19 -10718.4 11380.6 1 2
event 170
4939.54 4665.59 799.394 7509.75
-9427.21 -5814.02 -31148.8 33204.1
3154.38 3055.36 -999.776 4505.12 -1 1
1785.16 1610.22 1799.17 3004.63 1 1
-5198.04 -3683.58 -21968.5 22873.9 -1 2
-4229.17 -2130.44 -9180.23 10330.2 1 2
event 171
8250.86 -6638.6 -20028.5 22866.5
-7808.43 -2750.67 15608 17937
-5248.19 -618.416 7545.51 9212.59 -1 2
3413.18 -1648.2 -9719.85 10433.3 1 1
4837.67 -4990.41 -10308.6 12433.3 -1 1
-2560.24 -2132.25 8062.44 8724.41 1 2
event 172
5206.86 -8747.56 5836.13 12136
-966.827 8170.04 3809.1 9580.44
-1748.87 6133.95 1838.12 6638.81 -1 2
1377 -3315.78 3693.76 5152.24 -1 1
3829.86 -5431.78 2142.38 6983.77 1 1
782.042 2036.09 1970.98 2941.63 1 2
event 173
-3259.25 5302.89 -9257.54 11577.4
-4778.53 -4557.77 5380.53 9063.54
-2960.45 -846.33 1649.25 3494.53 1 2
-902.893 2010.03 -1089.9 2460.59 1 1
-1818.08 -3711.44 3731.29 5569.01 -1 2
-2356.36 3292.86 -8167.64 9116.85 -1 1
event 174
-1806.18 6315.25 8179.15 10937.7
-7819.23 2233.11 -5266.61 10171.3
-2510.45 3212.81 4561.41 6119 1 1
704.267 3102.44 3617.73 4818.75 -1 1
-4646.9 2111.15 -1666.51 5370.2 -1 2
-3172.33 121.963 -3600.11 4801.09 1 2
event 175
-3795.58 -11498.4 3141.84 12887.3
2890.32 -4240.41 -3395.71 6888.88
604.722 -3520.05 -1741.01 3974.76 1 2
-2299.2 -3433.69 89.3185 4134.69 -1 1
2285.6 -720.356 -1654.7 2914.12 -1 2
-1496.38 -8064.7 3052.52 8752.57 1 1
event 176
8455.33 -1464.85 -19047.8 21119.8
-11567.7 4070.86 -2074.41 12817.1
-4449.39 3160.85 -1175.42 5583.98 -1 2
2305.8 371.035 -8085.49 8416.69 -1 1
-7118.36 910.01 -898.991 7233.15 1 2
6149.53 -1835.89 -10962.3 12703.1 1 1
event 177
105.223 -8581.56 -5613.29 10712.3
4566.31 11534.1 3665.47 13300.9
596.133 5676.81 1639.51 5939.76 1 2
1221.24 -2001.87 -787.204 2475.84 -1 1
3970.18 5857.33 2025.96 7361.14 -1 2
-1116.01 -6579.68 -4826.09 8236.51 1 1
event 178
9288.57 -10617.8 11751.1 18619.7
-4054.88 -8274.84 -47352.4 48340
-1936.81 -6958.48 -34800.8 35542.7 -1 2
5417.36 -4052.67 6336.52 9270.09 -1 1
3871.21 -6565.1 5414.59 9349.64 1 1
-2118.07 -1316.35 -12551.5 12797.3 1 2
event 179
-10227.6 11035.8 -9804.24 18223.7
-3176.39 -5794.81 -3468.66 8080.33
-3366.79 -3056.52 -2059.19 4992.9 1 2
-4528.03 5573.49 -6423.25 9635.15 1 1
190.405 -2738.29 -1409.47 3087.44 -1 2
-5699.56 5462.28 -3380.99 8588.58 -1 1
event 180
3652.86 7499.84 -371.857 8906.19
6488.11 -6747.59 -36671.1 38026.1
3686.83 -1698.8 -11342.8 12047.8 -1 2
2203.03 2927.68 -1527.9 3971.18 -1 1
2801.28 -5048.8 -25328.3 25978.3 1 2
1449.83 4572.16 1156.05 4935.01 1 1
event 181
-4371.53 -6074.78 30684.6 31735.7
6441.69 1746.39 13224.1 15133.2
4988.82 79.177 10477.8 11605.6 1 2
-654.405 -2997.82 8652.35 9180.94 1 1
1452.87 1667.22 2746.32 3527.59 -1 2
-3717.13 -3076.96 22032.3 22554.7 -1 1
event 182
7611.26 58.0141 14943.6 17053.9
-5035.77 6645.94 -23203.2 24849.7
4285.29 -1298.12 9849.06 10819.6 -1 1
3325.97 1356.13 5094.57 6234.34 1 1
-4188.13 3775.26 -17798.3 18670.4 -1 2
-847.647 2870.68 -5404.88 6179.26 1 2
event 183
-2192.77 7449.73 -8772.7 12118.5
4924.11 4361.18 -21355.2 22558.9
-41.3141 5254.52 -5037.42 7280 1 1
-2151.46 2195.21 -3735.28 4838.52 -1 1
752.873 2644.42 -8569.79 9000.68 -1 2
4171.24 1716.77 -12785.5 13558.2 1 2
event 184
-306.85 -9024.76 -14665.1 17498.5
-4762.83 4929.72 -5238.01 9165.93
-1470.41 -4838.87 -9370.83 10649 -1 1
1163.56 -4185.89 -5294.31 6849.56 1 1
-3487.49 2143.31 -1570.83 4385.78 -1 2
-1275.34 2786.41 -3667.18 4780.16 1 2
event 185
6599.86 7223.79 19016.7 21609.4
16642.2 -3410.89 -52250.7 55030.2
6033.63 176.559 -16737.2 17792.7 1 2
1375.07 3095.85 8624.6 9266.61 -1 1
10608.6 -3587.45 -35513.5 37237.5 -1 2
5224.79 4127.94 10392.1 12342.8 1 1
event 186
-7172.6 -3182.41 2611.15 8830.84
-8830.83 2515.46 40.5439 9690.43
-4296.96 -168.22 -735.375 4363.95 -1 2
-2041.04 -1094.05 2323.47 3282.14 1 1
-5131.56 -2088.36 287.684 5548.7 -1 1
-4533.87 2683.68 775.919 5326.48 1 2
event 187
6569.18 -8982.37 -7858.58 13970.9
1210.19 -8481.83 22950.8 24692.8
4116.44 -5601.38 -6651.84 9621.78 -1 1
2452.73 -3380.99 -1206.74 4349.07 1 1
-531.603 -3721.16 12878.8 13416.6 -1 2
1741.79 -4760.67 10072 11276.2 1 2
event 188
13178.7 12120.1 -20316.4 27256.6
9410.95 3637.27 747.263 10580.4
7676.22 6093.25 -9018.03 13318.7 1 1
5502.44 6026.81 -11298.4 13937.8 -1 1
5231.94 561.564 1106.4 5378.08 -1 2
4179.01 3075.7 -359.139 5202.33 1 2
event 189
4655.08 1566.01 -10868.3 12322.1
8813.65 5858.06 -12609.9 16751.1
3228.1 -278.868 -4554.79 5590.68 -1 1
1426.98 1844.88 -6313.51 6731.37 1 1
3966.66 3602.12 -4307.8 6875.9 1 2
4846.99 2255.94 -8302.13 9875.18 -1 2
event 190
-10128.2 -13957.4 -11860.7 21157.9
-6531.94 -405.883 5617.25 9163.8
-4632.98 -1562.72 3040.72 5758.8 1 2
-3201.67 -6947.79 -5619.69 9492.86 1 1
-1898.96 1156.84 2576.53 3405 -1 2
-6926.55 -7009.66 -6240.98 11665.1 -1 1
event 191
15600.3 -7939.62 -61563 64078.1
10818 -3929.07 -13895 18306.5
8841.08 -4000.03 -28692 30288.7 -1 1
6759.22 -3939.59 -32871 33789.4 1 1
2378.3 -639.09 -5177.79 5734.58 -1 2
8439.67 -3289.98 -8717.19 12571.9 1 2
event 192
7834.06 558.399 -22835.5 24346.2
-2913.31 5954.84 -16033.2 17736.9
5105.03 1805.12 -13784.7 14810.4 -1 1
2729.03 -1246.73 -9050.86 9535.78 1 1
369.974 2092.58 -2487.32 3273.18 -1 2
-3283.29 3862.26 -13545.9 14463.7 1 2
event 193
-1760.37 6971.89 -10464.4 13069.1
6389.03 4961.27 12232.5 14988.6
1998.79 3501.48 5790.49 7056.66 1 2
-2140.71 2631.29 -3686.73 5010.94 -1 1
4390.24 1459.79 6442.01 7931.95 -1 2
380.339 4340.6 -6777.7 8058.15 1 1
event 194
-11928.4 -5113.58 6518.29 14849.7
-4030.67 5385.71 6510.53 9860.54
-7062.05 -4458.26 4874.17 9670.43 1 1
-4866.34 -655.327 1644.12 5179.29 -1 1
-3930.17 2844.06 4059.37 6326.49 -1 2
-100.507 2541.66 2451.17 3534.05 1 2
event 195
9014.12 6532.66 -7532.98 13793.7
-9470.95 735.176 -14824.3 17877.1
4253.35 4777.18 -3375.83 7233.24 1 1
4760.77 1755.48 -4157.15 6560.47 -1 1
-7036.55 -672.43 -11721.5 13688.3 -1 2
-2434.4 1407.61 -3102.74 4188.77 1 2
event 196
4556.84 -11633.8 727.404 12893
-3928.79 5307.42 -17870.9 19302
1928.11 -8472.69 -134.641 8690.99 -1 1
2628.74 -3161.1 862.045 4202.03 1 1
-3233.65 1801.97 -9708.81 10391.1 -1 2
-695.146 3505.44 -8162.12 8910.82 1 2
event 197
8534.14 663.042 2048.17 9330.44
9854.11 -559.337 -8119.03 13150.1
7353.85 -1723.54 -5487.95 9336.94 1 2
2993.24 -977.459 1599.75 3533.45 1 1
2500.25 1164.2 -2631.08 3813.19 -1 2
5540.89 1640.5 448.414 5796.98 -1 1
event 198
8071.25 -8297.82 61348.8 62508.1
-6807.96 732.799 -2002.11 7777.18
5638.35 -3638.41 32877.8 33555.8 1 1
2432.9 -4659.41 28471 28952.3 -1 1
-4270.1 1924.3 -946.291 4779.47 -1 2
-2537.86 -1191.5 -1055.82 2997.72 1 2
event 199
4901.14 -7421.49 -40546.6 41625.9
8063.73 -3825.25 199.02 9449.17
2924.55 -3459.98 -26892 27271.2 1 1
1976.58 -3961.51 -13654.6 14354.8 -1 1
5793.67 -4001.55 812.382 7088.73 -1 2
2270.07 176.299 -613.361 2360.44 1 2
event 200
-12002.3 4908.42 25285.3 28584.8
-10482.9 -322.322 8178.29 13655.5
-8347.51 -505.729 7876.26 11488.4 1 2
-3972.62 3216.21 9104.24 10441.5 -1 1
-2135.44 183.408 302.034 2167.05 -1 2
-8029.7 1692.21 16181.1 18143.3 1 1
event 201
7683.61 4559.02 -28089.4 29638.3
2342.59 -7984.19 -18651.6 20657
1018.27 -3797.74 -12457 13063.3 1 2
2056.43 86.2318 -9177.86 9406.42 -1 1
5627.18 4472.79 -18911.5 20231.8 1 1
1324.32 -4186.44 -6194.59 7593.7 -1 2
event 202
-2387.43 -9123.53 20662.5 22923.1
-9219.29 -11412 17077 22725.4
-2041.87 -4636.2 13940.9 14833.2 -1 1
-345.559 -4487.33 6721.56 8089.88 1 1
-4076.78 -7209 8385.96 11786.7 -1 2
-5142.51 -4202.95 8691.09 10938.8 1 2
event 203
-432.898 -6876.94 4836.48 8970.08
-6276.27 4436.33 16153.3 18154.7
-3591.18 958.325 9268.9 9986.93 -1 2
1039.04 -2167.23 2628.37 3563.14 1 1
-1471.94 -4709.72 2208.1 5406.93 -1 1
-2685.08 3478 6884.42 8167.78 1 2
event 204
-7439.04 1509.62 18818.9 20527.1
1283.25 12060.5 63767.9 64984.9
1745.64 5180.87 23248.9 23883.3 1 2
-1432.52 1546.68 6237.03 6584.53 -1 1
-462.395 6879.66 40519 41101.6 -1 2
-6006.52 -37.0547 12581.9 13942.6 1 1
event 205
-3177.1 4495.81 -4250.06 7613.17
2814.63 11617.6 9112.98 15346.9
-694.231 3231.46 -1298 3552.5 -1 1
-2482.87 1264.35 -2952.06 4060.67 1 1
3165.4 6817.92 5946.28 9585.05 -1 2
-350.765 4799.7 3166.7 5761.89 1 2
event 206
-2500.69 8609.93 29078.9 30586.9
-10661.5 -633.056 9859.89 14861.9
-2572.7 4115.25 17646.2 18301.7 -1 1
72.0054 4494.67 11432.7 12285.2 1 1
-7178.87 -1419.56 7971.32 10821.5 -1 2
-3482.65 786.501 1888.57 4040.46 1 2
event 207
-10474.7 -10135 -67928 69571.8
-4452.41 -89.2554 17004.5 17848.7
-2792.6 -1560.04 9716.67 10230.2 1 2
-2668.39 -4848.45 -21959.2 22646.1 -1 1
-1659.81 1470.79 7287.84 7618.53 -1 2
-7806.27 -5286.57 -45968.8 46925.8 1 1
event 208
-2697.85 -5520.71 9896.87 12053.9
-6483.7 8009.59 -3752.47 11395.8
-866.679 -3659.4 3478.12 5123.56 -1 1
-1831.17 -1861.31 6418.75 6930.31 1 1
-4255.88 3300.39 -918.832 5464.48 1 2
-2227.82 4709.19 -2833.63 5931.3 -1 2
event 209
-5649.51 -2039.12 -13652.4 15233.4
14851.3 -278.251 17247.5 22971.8
-3001.99 -920.708 -3602.73 4780.21 1 1
-2647.52 -1118.41 -10049.7 10453.1 -1 1
10682 -331.248 10149.1 14738.7 -1 2
4169.29 52.9973 7098.43 8233.14 1 2
event 210
7535.05 -1329.63 -20659.4 22247.4
5852.09 -3080.54 -5312.73 9030.64
4102.08 -1798.14 -1653.99 4775.69 -1 2
3169.91 926.194 -7311.18 8023.14 -1 1
4365.14 -2255.82 -13348.2 14224.3 1 1
1750 -1282.4 -3658.74 4254.95 1 2
event 211
3566.85 -8270.77 14336.5 17212.1
-2855.07 4557.81 721.771 6248.12
-656.682 3782.99 755.212 3914.56 1 2
140.425 -4114 5676.16 7012.46 -1 1
-2198.39 774.813 -33.4417 2333.56 -1 2
3426.42 -4156.77 8660.33 10199.6 1 1
event 212
16592.1 11076.3 14384.3 24788.8
6629.2 3963.14 6812.94 10938.7
4264.58 4346.82 4235.38 7418.3 -1 2
2628.39 2683.44 1621.21 4092.52 1 1
13963.7 8392.86 12763.1 20696.2 -1 1
2364.62 -383.685 2577.55 3520.45 1 2
event 213
8039.65 -11058.6 45398.7 47513.8
1204.59 6558.36 15667.3 17306.6
4046.9 -5847.48 18360.4 19689.7 -1 1
3992.75 -5211.13 27038.4 27824.1 1 1
1360.17 4097.46 6432.9 7748.08 -1 2
-155.584 2460.9 9234.35 9558.48 1 2
event 214
8506.01 6621.42 20131.8 23045.1
9964.42 -1536.92 26856 28852.9
5076.98 2833.09 8084.68 9958.68 1 1
3429.03 3788.33 12047.1 13086.4 -1 1
5825.64 599.281 13849.9 15037.5 -1 2
4138.78 -2136.2 13006.2 13815.4 1 2
event 215
4044.52 8411.14 19927.6 22221.7
4808.4 -5279.08 8620.73 11614.5
2533.47 -4209.2 7223.37 8736.37 -1 2
2192.03 2882.94 4835.89 6042.62 -1 1
1852.5 5528.2 15091.7 16179.1 1 1
2274.93 -1069.88 1397.35 2878.14 1 2
event 216
9933.57 -1203.95 56267.7 57234.4
-7029.83 7891.33 -22238 24815.5
-2170.79 4495.6 -8600.49 9944.96 1 2
3270.46 -1882.87 20643 20985.3 1 1
6663.11 678.922 35624.8 36249 -1 1
-4859.04 3395.74 -13637.5 14870.6 -1 2
event 217
2145.45 -13727.3 27662.4 31110.1
5506.07 -4946.71 -27964 29092.3
4191.31 -1995.77 -13659.7 14427.4 -1 2
901.71 -4251.33 5787.35 7238.2 -1 1
1243.74 -9475.94 21875 23871.9 1 1
1314.76 -2950.94 -14304.3 14664.9 1 2
event 218
11414.7 -6554 23470.7 27087.2
8038.62 -1573.12 11325.1 14315.8
5068.85 -834.576 4479.74 6816.82 1 2
5986.03 -1725.92 11664.5 13224.3 1 1
2969.77 -738.549 6845.38 7499.03 -1 2
5428.62 -4828.07 11806.2 13862.8 -1 1
event 219
-9129.87 -2488.82 17922.3 20502.4
6018.84 1730.03 -7761.92 10443.1
4055.49 2594.47 -4965.91 6917.35 -1 2
-3320.4 -1322.97 9918.81 10543.7 -1 1
-5809.48 -1165.85 8003.52 9958.75 1 1
1963.35 -864.443 -2796.01 3525.74 1 2
event 220
-6885.78 -800.999 6342.08 9892.76
7659.19 -11788.4 -23750.6 27772.5
-4773.94 709.077 5066.76 6998.32 1 1
-2111.84 -1510.08 1275.32 2894.44 -1 1
4549.92 -6516.94 -16260.8 18099.7 -1 2
3109.27 -5271.43 -7489.75 9672.8 1 2
event 221
-5836.48 -947.387 -1165.75 7064.59
4427.19 11107.2 -34351.5 36504.6
-3443.94 1294.39 -770.69 3760.49 1 1
-2392.54 -2241.78 -395.055 3304.1 -1 1
3928.84 5736.5 -19744 20932.8 -1 2
498.346 5370.68 -14607.5 15571.9 1 2
event 222
-3878.19 5436.32 -28213.7 29158.2
12726 2949.11 -10550.4 17074.9
-1031 3559.38 -18359 18729.6 1 1
-2847.19 1876.93 -9854.73 10428.6 -1 1
7438.24 2384.31 -4485.29 9007.85 -1 2
5287.78 564.793 -6065.16 8067.02 1 2
event 223
9421.63 -1456.06 16525.9 19328.3
-4280.54 -7713.85 -18603.5 20820.8
5085.96 -2145.33 7754.84 9519.36 1 1
4335.67 689.271 8771.04 9808.94 -1 1
-3855.53 -5340.79 -10780 12633.6 -1 2
-425.013 -2373.06 -7823.5 8187.21 1 2
event 224
1243.88 6589.3 -6122.67 9800.03
-12269.8 -4138.85 -19418.4 23544.5
-3313.47 106.546 -6086.06 6931.22 -1 2
1393.14 1831.25 -370.824 2333.02 1 1
-8956.28 -4245.4 -13332.4 16613.3 1 2
-149.26 4758.06 -5751.85 7467.01 -1 1
event 225
-2458.52 -4352.68 8679.85 10484.3
8229.38 -7383.59 22447.9 25213.8
-2561.25 -1746.55 3451.1 4640.23 -1 1
102.732 -2606.13 5228.75 5844.1 1 1
3121.07 -4848.53 10738.3 12189 -1 2
5108.31 -2535.06 11709.6 13024.9 1 2
event 226
-3883.87 -3931.33 6171.45 9067.21
1974.43 -8916.72 -44938.9 45962
-889.747 -3400.38 4018.74 5340 -1 1
-2994.13 -530.95 2152.72 3727.2 1 1
-97.48 -4866.82 -28119 28537.4 -1 2
2071.91 -4049.9 -16819.9 17424.6 1 2
event 227
-7631.05 -4992.94 -15145.7 17948.4
-2296.96 16369 16381.8 23477.1
-5185.99 -4839.29 -12231.3 14139.6 1 1
-2445.05 -153.645 -2914.34 3808.74 -1 1
-1065.55 9224.82 11283.4 14613.7 -1 2
-1231.42 7144.21 5098.39 8863.46 1 2
event 228
-6505.28 3415.63 -20578.8 22069.5
20725.9 12840.4 130818 133106
2677.18 2935.41 22900.6 23242.9 1 2
-1681.53 1863.26 -10393.5 10692.8 -1 1
18048.7 9904.95 107917 109864 -1 2
-4823.76 1552.37 -10185.3 11376.7 1 1
event 229
10929.6 4581.61 6135.51 13699.8
1532.02 -7498 3111.18 8822.54
2113.28 -2804.22 1561.82 3844.48 -1 2
3214.69 348.187 2831.31 4299.18 1 1
7714.96 4233.42 3304.19 9400.6 -1 1
-581.257 -4693.77 1549.36 4978.06 1 2
event 230
8518.15 3907.41 32469.1 33936.2
6562.19 -9879.98 -8811.25 15096.5
4202.29 -8213.87 -5680.84 10835.6 1 2
4591.03 443.812 16266.5 16908.1 1 1
2359.9 -1666.11 -3130.4 4260.94 -1 2
3927.12 3463.6 16202.7 17028.1 -1 1
event 231
14967.2 -25126.6 20341.9 35759.6
4313.29 4742.87 1034.05 7194.39
10955 -20317.5 15013.9 27536.1 1 1
4012.26 -4809.15 5328.05 8223.46 -1 1
1681.39 3062.54 1864.53 3961.55 -1 2
2631.9 1680.33 -830.477 3232.84 1 2
event 232
-1400.8 8869.95 20755.8 22826.1
4487.78 -1529.39 588.531 5693.56
2616.25 -2350.78 -138.895 3521.56 1 2
903.246 4050.47 9429.68 10303 1 1
1871.53 821.389 727.426 2172 -1 2
-2304.05 4819.48 11326.1 12523.1 -1 1
event 233
3742.13 5146.04 -552.102 7097.96
-3535.38 6946.62 -16375.3 18506.5
-2269.4 2660.17 -10844.5 11394.8 1 2
426.925 2532.94 752.06 2678.58 1 1
-1265.99 4286.45 -5530.77 7111.75 -1 2
3315.2 2613.1 -1304.16 4419.38 -1 1
event 234
-10173 12414.5 -8870.07 18597.8
-7936.14 -6850.38 -1269.07 11005.1
-2150.59 -3683.74 100.625 4268.06 -1 2
-2344.83 1839.49 -2862.44 4133.6 1 1
-7828.14 10575 -6007.64 14464.2 -1 1
-5785.55 -3166.64 -1369.7 6737.02 1 2
event 235
20590.8 14487.7 133481 135870
748.649 -6493.62 -9483.34 11926.9
14189.2 11110.2 100613 102214 1 1
6401.55 3377.46 32867.6 33655.2 -1 1
1140.75 -3183.37 -2561.45 4243.51 -1 2
-392.104 -3310.25 -6921.89 7683.44 1 2
