event 0
-5569.05 620.998 -7654.17 9978.84
-6211.8 7837.26 -562.004 10484.1
-3607.67 -253.966 -2510.53 4403.83 1 1
-1961.38 874.963 -5143.65 5575.02 -1 1
-2576.6 5104.08 -1328.2 5870.76 1 2
-3635.2 2733.18 766.201 4613.38 -1 2
event 1
-166.437 -6675.16 -22783.2 23942.7
3876.96 -6689.77 31399 32484.9
3206.67 -2477.49 14545.4 15099.7 1 2
-954.836 -1987.7 -4018.27 4584.79 -1 1
788.398 -4687.46 -18764.9 19357.9 1 1
670.296 -4212.28 16853.6 17385.3 -1 2
event 2
-8423.81 -7109.24 12548.6 16987.1
4819.56 5503 -146.176 7945.06
715.378 2963.41 440.515 3082.01 1 2
-1264.66 -2108.57 4405.49 5046.28 1 1
-7159.15 -5000.66 8143.14 11940.8 -1 1
4104.18 2539.59 -586.691 4863.05 -1 2
event 3
7167.15 25587.8 -92631.7 96417.5
6745.45 4556.05 17858.6 19869.1
5345.39 1947.29 12781.2 13990.5 1 2
3073.14 6586.11 -22769.9 23901.9 -1 1
1400.06 2608.76 5077.47 5878.58 -1 2
4094.01 19001.7 -69861.9 72515.6 1 1
event 4
12831.5 -675.429 -10880.4 17119.5
-6146.6 -5120.4 916.076 8627.26
-4509 -3456.8 -785.512 5736.62 -1 2
5132.38 500.331 -2691.44 5817.79 1 1
7699.17 -1175.76 -8188.92 11301.7 -1 1
-1637.6 -1663.6 1701.59 2890.65 1 2
event 5
-6818.61 -1188.21 35943 36734.1
-3648.99 12976.8 8177.8 16067.9
-4843.76 642.277 23351.5 23857.4 -1 1
-1974.85 -1830.49 12591.5 12876.7 1 1
-2521.03 7267.82 2933.95 8233.83 1 2
-1127.96 5708.94 5243.84 7834.11 -1 2
event 6
3140.73 -11367.9 -8285.79 14742.4
-975.003 -5599.69 -6413 9111.78
3013.82 -6708.4 -6262.01 9659.7 -1 1
126.912 -4659.51 -2023.78 5082.71 1 1
-133.329 -3482.26 -5770.6 6742.02 -1 2
-841.674 -2117.42 -642.402 2369.76 1 2
event 7
-3776.69 3853.87 19919 20868
-3417.96 11885.6 -28886.5 31574.8
-1652.34 3608.56 14703.8 15230.4 -1 1
-2124.35 245.311 5215.21 5637.61 1 1
-1195.97 8446.81 -17379.6 19360.8 -1 2
-2221.99 3438.79 -11506.9 12214 1 2
event 8
-194.782 5304.69 16683.6 17779.6
-16975.3 6527.88 -2761.03 18761.3
97.7222 3232.31 5337.97 6241.99 -1 1
-292.504 2072.37 11345.7 11537.6 1 1
-12858.1 3794.95 -3247.64 13794.5 1 2
-4117.25 2732.93 486.613 4966.75 -1 2
event 9
9279.52 4848.79 -7411.86 13196.5
5779.9 -2776.99 -358.46 7130.11
5382.37 2737.88 -6073.88 8565.58 1 1
3897.15 2110.9 -1337.99 4630.88 -1 1
3639.15 -1548.06 1288.64 4160.73 -1 2
2140.75 -1228.94 -1647.1 2969.37 1 2
event 10
-6054.76 1859 -1104.85 7136.35
8333.74 -4553.14 -10927 14938.8
-3921.51 441.268 689.185 4007.38 1 1
-2133.24 1417.74 -1794.04 3128.97 -1 1
3539.46 -3842.66 -6774.6 8555.71 -1 2
4794.29 -710.481 -4152.4 6383.07 1 2
event 11
-4492.21 7006.15 -4484.16 9948.1
-5901.38 -3795.16 18410.2 19943.8
-1777.73 -2603.8 10229.1 10704.5 -1 2
-1757.88 1102.3 -58.2287 2078.41 -1 1
-2734.33 5903.85 -4425.93 7869.69 1 1
-4123.66 -1191.36 8181.06 9239.3 1 2
event 12
4301.6 -7286.25 30672.4 31968.4
-5800.62 6615.46 -11169.9 14552.3
2234.73 -3936.25 21742.1 22208.5 -1 1
2066.87 -3350 8930.28 9759.89 1 1
-4000.45 3742.12 -8964.2 10506 -1 2
-1800.16 2873.35 -2205.69 4046.35 1 2
event 13
-7668.22 2962.91 -6059.17 10671.7
5686.68 5347.7 -11472.7 14218
2851.52 1644.56 -7087.9 7815.7 1 2
-1814.2 1435.57 -330.863 2339.4 -1 1
-5854.02 1527.34 -5728.31 8332.29 1 1
2835.16 3703.14 -4384.84 6402.29 -1 2
event 14
-7592.22 846.077 -36447.5 37368.1
1112.17 7585.31 12798 15236.6
259.053 4826.31 10446.5 11510.9 -1 2
-2959.33 -1100.57 -11977 12386.6 -1 1
-4632.88 1946.65 -24470.5 24981.4 1 1
853.116 2759 2351.56 3725.7 1 2
event 15
1845.53 6996.91 -6110.75 9964.68
8997.71 5409.56 6415.4 12687.4
4921.76 1580.51 4237.34 6684.9 -1 2
1041.81 1827.08 -3576.26 4150.23 1 1
4075.96 3829.04 2178.06 6002.51 1 2
803.721 5169.83 -2534.49 5814.46 -1 1
event 16
6050.44 -6106.54 30782.8 32110.3
3562.04 4202.88 16686.8 17843.6
4131.31 -2337.88 13274 14097.7 1 1
1919.13 -3768.66 17508.8 18012.6 -1 1
3487.35 2002.23 9248.01 10085 -1 2
74.6997 2200.65 7438.8 7758.56 1 2
event 17
5254.63 -17169.7 -86932.1 88821.1
-2919.45 6508.41 10227.3 12848
1982.49 -11104.1 -57030.2 58135.1 1 1
3272.14 -6065.54 -29901.9 30686 -1 1
-3146.95 3664.56 7341.42 8788.62 -1 2
227.495 2843.85 2885.9 4059.41 1 2
event 18
1695.05 -10008.7 21536.4 24009.4
-2665.78 7988.27 4426.47 10005.3
-2701.63 4317.28 3608.59 6242.66 -1 2
-146.54 -4460.68 12225.2 13014.9 -1 1
1841.59 -5548.01 9311.17 10994.6 1 1
35.8583 3670.99 817.883 3762.66 1 2
event 19
-7637.67 5022.61 -14364.1 17305.4
9853.22 -730.964 6700.69 12333.3
7596.08 -316.666 3441.89 8346.17 1 2
-3955.19 1331 -8417.95 9396.18 1 1
2257.15 -414.298 3258.8 3987.14 -1 2
-3682.48 3691.61 -5946.12 7909.24 -1 1
event 20
3489.81 4900.91 13435.8 15043.6
-1546.78 11774 17209 21136.7
1491.63 2689.77 10150.1 10606.4 1 1
1998.18 2211.14 3285.73 4437.24 -1 1
334.394 8163.24 10788.8 13533.6 -1 2
-1881.17 3610.78 6420.17 7603.05 1 2
event 21
-5661.26 -1615.12 -5198.71 8442.51
-4320.63 6845.89 17026.7 19105.8
-3322.09 654.485 -2512.94 4217.9 -1 1
-2339.17 -2269.61 -2685.77 4224.61 1 1
-3432.4 2786.16 10129.5 11052.7 1 2
-888.233 4059.73 6897.16 8053.09 -1 2
event 22
-3850.75 5231.71 -319.284 7203.61
12394.6 10263.5 -2722.66 16612.3
-3405.49 3116.89 922.283 4708.94 1 1
-445.261 2114.82 -1241.57 2494.67 -1 1
7232.34 5977.51 -3124.34 9889.89 1 2
5162.25 4286.03 401.674 6722.45 -1 2
event 23
-5700.92 1599.77 10805 12704.3
-10413.7 -7885.95 -16731.4 21451.4
-3237.59 -377.698 7236.11 7937.07 1 1
-2463.33 1977.47 3568.89 4767.23 -1 1
-6010.18 -6312.01 -10183.4 13404.4 -1 2
-4403.48 -1573.94 -6548 8047.07 1 2
event 24
2318.42 -7946.25 -13759.8 16353.6
-4970.43 4397.33 14406.9 16161.4
-242.779 -4671.7 -7290 8662.51 -1 1
2561.2 -3274.55 -6469.83 7691.05 1 1
-2778.06 708.177 7490.83 8021.4 -1 2
-2192.37 3689.15 6916.08 8140.01 1 2
event 25
3155.7 5012.78 -16975 18243.6
206.075 -7062.99 -27642 28698.4
1490.72 -2791.79 -9411.94 9930.36 1 2
23.1778 2494.83 -8571.46 8927.81 1 1
-1284.65 -4271.2 -18230 18768 -1 2
3132.52 2517.95 -8403.53 9315.75 -1 1
event 26
-2823.45 -5358.53 1261.35 6918.67
-9154.88 2062.56 11539.6 15192.7
-3041.31 -540.183 4939.12 5826.44 1 2
219.369 -2761.29 204.566 2779.54 -1 1
-6113.56 2602.74 6600.46 9366.28 -1 2
-3042.82 -2597.24 1056.79 4139.13 1 1
event 27
-10900.3 -7414 37207.8 39595.4
-3305.31 -3845.94 -25501.7 26261
-7889.66 -4025.55 27260.7 28663.8 1 1
-3010.65 -3388.45 9947.03 10931.6 -1 1
-3026.1 -823.141 -10688.4 11139.4 -1 2
-279.215 -3022.79 -14813.3 15121.5 1 2
event 28
4058.17 4984.93 -11522.9 13553.1
358.272 -11332 6871.47 13614.3
1323.39 3985.46 -7304.77 8426.5 -1 1
2734.79 999.473 -4218.09 5126.55 1 1
1306.4 -5633.21 2214.34 6193.07 1 2
-948.125 -5698.75 4657.13 7421.23 -1 2
event 29
1627.62 8752.49 -30204.6 31641.1
4116.16 5460.65 13878.5 15778.6
2594.87 3721.09 11895.8 12731.9 1 2
889.893 4290.53 -20065.8 20538.9 -1 1
1521.29 1739.56 1982.7 3046.75 -1 2
737.725 4461.96 -10138.8 11102.2 1 1
event 30
448.436 -5556.14 -8574.27 10685.5
778.229 -8875.71 -16386.6 18907.6
1694.88 -3509.45 -4466.55 5928.75 1 1
-1246.45 -2046.69 -4107.72 4756.79 -1 1
-983.252 -4593.99 -9640.96 10725.2 1 2
1761.48 -4281.72 -6745.64 8182.34 -1 2
event 31
2011.28 6658.02 -15792.1 17531.6
1964.58 6957.82 7239.77 10690
2046.7 2747.43 2005.67 3971.3 1 2
1877.44 1481.86 -5862.51 6332.52 1 1
133.845 5176.17 -9929.6 11199.1 -1 1
-82.118 4210.38 5234.1 6718.71 -1 2
event 32
29.7672 18858.8 -14301.8 23870.2
418.278 -6712.23 -11151.5 13385.7
-493.415 -4743.1 -9588.36 10709.3 -1 2
856.665 3427.61 -1662.68 3906.16 -1 1
-826.898 15431.1 -12639.2 19964.1 1 1
911.693 -1969.14 -1563.18 2676.45 1 2
event 33
11479.1 -988.531 15709.8 19726.5
6591.99 -652.274 4644.95 8662.97
4678.56 -1600.48 2194.51 5410.87 -1 2
2944.53 984.752 5048.09 5927.42 1 1
8534.55 -1973.28 10661.7 13799.1 -1 1
1913.44 948.204 2450.44 3252.1 1 2
event 34
6072.22 -5385.4 10574.2 13685
-4205.35 6656.87 -3005.35 8978.97
2212.79 -3872.32 4555.94 6376.45 1 1
3859.42 -1513.08 6018.26 7308.57 -1 1
-3295.05 2482.05 -2011.3 4590.69 -1 2
-910.296 4174.82 -994.045 4388.28 1 2
event 35
9987.86 4532.5 3020.63 11790.5
6916.49 -5563.05 -21170 23163.4
5520.7 -4013.48 -12467.7 14214.1 1 2
4704.35 2467.73 3030.57 6116.87 -1 1
1395.79 -1549.56 -8702.28 8949.32 -1 2
5283.51 2064.77 -9.93801 5673.63 1 1
event 36
6338.02 5301.67 -18284.5 20302.5
-4787.44 -7555.5 5809.5 11106.1
-2036.32 -2865.72 4108.07 5407.99 -1 2
2269.33 2629.5 -11039.3 11573.3 -1 1
-2751.12 -4689.79 1701.43 5698.14 1 2
4068.68 2672.17 -7245.12 8729.13 1 1
event 37
-6586.13 -7041.38 38507.5 39816.8
1289.1 8501.17 -15342.6 17858.3
1410.12 5332.82 -6869.23 8810.5 1 2
-3866.3 -2645.71 13793.1 14567.4 1 1
-121.017 3168.35 -8473.39 9047.8 -1 2
-2719.83 -4395.68 24714.4 25249.4 -1 1
event 38
7928.35 -1166.79 24143.2 25704
545.393 -6185.5 2126.55 7257.5
5046.05 479.717 10465.4 11628.8 -1 1
2882.3 -1646.51 13677.8 14075.2 1 1
-1203.18 -1770.95 1052.97 2388.27 -1 2
1748.58 -4414.54 1073.59 4869.24 1 2
event 39
5905.8 2929.13 -1396.27 7416.02
3546.85 10252.3 9844.26 14973
3816.76 1541.92 661.24 4170.56 1 1
2089.04 1387.21 -2057.51 3245.45 -1 1
3448.17 5776.66 5049.87 8412.61 1 2
98.6835 4475.67 4794.39 6560.39 -1 2
event 40
6881.54 -782.594 -591.867 7609.81
8470.62 -2268.44 -2490.32 9627.54
3974.34 153.677 -2113.95 4505.43 1 2
2596.34 630.003 954.425 2839.01 1 1
4496.28 -2422.11 -376.371 5122.11 -1 2
4285.2 -1412.6 -1546.29 4770.81 -1 1
event 41
-5865.66 2839.89 15381.6 16989.8
-8494.73 -1791.86 -25118.1 26756
-3244.99 -1590.06 -13990.9 14450.4 -1 2
-1710.02 1239.56 8744.32 8996.39 1 1
-5249.75 -201.809 -11127.2 12305.6 1 2
-4155.64 1600.33 6637.23 7993.4 -1 1
event 42
2364.55 -5328.11 1169.48 6703.8
-2352.19 -8274.02 6225.64 11060.7
356.941 -3754.02 -253.137 3780.91 1 1
2007.61 -1574.09 1422.62 2922.89 -1 1
241.845 -4789.84 3288.03 5815.78 1 2
-2594.03 -3484.19 2937.62 5244.93 -1 2
event 43
-4599.4 3868.31 3324.52 7534.17
7855.18 -2872.29 11364.3 14446.2
-1850.59 3378 2597.59 4646.96 1 1
-2748.81 490.306 726.936 2887.21 -1 1
4014.81 -1444.05 8284.86 9319.55 -1 2
3840.37 -1428.25 3079.41 5126.62 1 2
event 44
213.548 -6750.16 43752.9 44379.3
8299.31 163.055 -14621.3 17096.1
3562.53 860.795 -8958.51 9679.8 1 2
-1308.55 -1663.21 12512.4 12690.5 -1 1
1522.1 -5086.95 31240.5 31688.7 1 1
4736.79 -697.739 -5662.75 7416.32 -1 2
event 45
5608.72 -4998.72 -945.851 8181.08
-4223.79 1298.61 15118.8 16052.9
-2268.65 2265.01 8652.25 9227.65 1 2
1761.86 -3633.72 -586.635 4082.08 1 1
-1955.14 -966.4 6466.56 6825.25 -1 2
3846.86 -1364.99 -359.216 4099 -1 1
event 46
12915.4 -63.9406 3471.07 13727.7
390.898 9319.65 -5911.05 11469
1712.89 4998.64 -3579.45 6383.11 -1 2
4966.19 1479.78 1316.44 5347.61 -1 1
7949.19 -1543.72 2154.63 8380.12 1 1
-1321.99 4321.01 -2331.61 5085.89 1 2
event 47
-4171.55 -7762.49 751.631 9370.89
5407.74 -2010.73 9370.75 11431.9
-3294.94 -3401.84 1235.28 4895.53 1 1
-876.606 -4360.65 -483.649 4475.36 -1 1
3792.8 -694.085 8145 9012.17 -1 2
1614.94 -1316.65 1225.76 2419.76 1 2
event 48
-3343.08 -6952.27 2867.26 8793.28
5107.01 -7852.36 4391.3 10798.8
1722.59 -3008.19 3302.78 4789.16 1 2
-1585.5 -2674.94 2771.53 4166.73 -1 1
3384.43 -4844.16 1088.51 6009.68 -1 2
-1757.58 -4277.33 95.7279 4626.55 1 1
event 49
-3054 7800.79 -35933.2 37026.5
-1946.08 6794.53 7450.91 10726.6
-686.979 4890.69 -16075.7 16817.6 -1 1
-2367.02 2910.1 -19857.4 20208.9 1 1
-883.748 2455.07 4972.44 5616.47 -1 2
-1062.33 4339.46 2478.46 5110.13 1 2
