event 0
-612.587 7952.37 20838 22526.2
1988.78 -7108.15 13522.9 15714.3
268.138 -4989.67 6651.33 8319.86 1 2
1195.76 3837.79 8767.6 9645.75 -1 1
1720.64 -2118.47 6871.57 7394.47 -1 2
-1808.34 4114.58 12070.4 12880.5 1 1
event 1
1132.07 6148.04 -20189.5 21360.9
6216.69 4257.99 -23960.1 25307.3
1775.41 3037.58 -11254.8 11792.4 -1 2
1827.69 1916.7 -6675.69 7182.63 1 1
4441.28 1220.4 -12705.4 13514.9 1 2
-695.62 4231.34 -13513.8 14178.2 -1 1
event 2
7185.22 13596.1 -1511.15 15759.3
2078.81 -6314.42 -11092.9 13298.1
5794.21 9515.17 138.256 11141.9 1 1
1391.01 4080.96 -1649.41 4617.46 -1 1
-196.375 -3905.72 -4864.76 6242.62 -1 2
2275.18 -2408.7 -6228.15 7055.44 1 2
event 3
4975.26 -717.808 9803.35 11444
1707.61 14449 -34595.3 37657.9
3077.97 -1766.81 4637.01 5840.25 1 1
1897.29 1049 5166.34 5603.78 -1 1
397.685 8234.66 -15858.8 17874 1 2
1309.93 6214.38 -18736.5 19783.9 -1 2
