event 0
-9761.63 7593.84 -19631.8 23408.5
236.024 5718.31 20951.7 21939
-6010.19 4685.41 -14725.4 16580.8 1 1
-3751.44 2908.42 -4906.46 6827.65 -1 1
-363.337 3596.22 7726.74 8531.03 -1 2
599.361 2122.08 13225 13408 1 2
event 1
11059.5 4238.58 -2460.49 12486.9
9569.07 710.55 2464.73 10379.7
7763.82 1708.52 -726.176 7983.38 -1 1
3295.68 2530.06 -1734.31 4503.52 1 1
2413.83 1409.93 59.7932 2798.08 -1 2
7155.24 -699.382 2404.94 7581.65 1 2
event 2
-2294.63 6328.93 6172.34 9644.15
1952.11 -11117.9 -52789 54071.1
-797.287 -3339.14 -16971.1 17315.2 1 2
-1.34901 2462.2 3880.47 4596.91 1 1
2749.4 -7778.72 -35817.9 36756 -1 2
-2293.28 3866.73 2291.87 5047.24 -1 1
event 3
5377.62 2055.9 -3747.47 7535.26
8530.03 3767.11 -31320.1 32825.2
3058.5 1102 -6485.2 7255.2 1 2
1300.73 1552.13 -2544.17 3253.45 -1 1
5471.53 2665.1 -24834.9 25570 -1 2
4076.89 503.773 -1203.3 4281.81 1 1
event 4
-7223.68 -11168.8 -972.967 13691.6
744.033 7351.75 27662.9 28799.8
-146.155 4800.63 22078.5 22595.1 -1 2
-2623.84 -3823.56 -1820.57 4982.95 -1 1
-4599.84 -7345.29 847.605 8708.7 1 1
890.189 2551.12 5584.41 6204.63 1 2
event 5
-7375.01 -12092.3 -8903.34 17013.8
-1886.52 16062.7 -48977.6 51671.8
-576.238 13623.6 -42243.8 44390.1 1 2
-1195.58 -4712.88 -3280.28 5866.18 -1 1
-1310.28 2439.14 -6733.84 7281.63 -1 2
-6179.43 -7379.37 -5623.06 11147.7 1 1
event 6
-4670.15 1508.47 11785.6 13136.9
-12957.1 14161.1 -20993.6 28613.7
-3097.46 78.3206 9591.41 10080 1 1
-1572.69 1430.15 2194.18 3056.84 -1 1
-9718.91 8580.6 -13330.3 18595.5 -1 2
-3238.17 5580.52 -7663.28 10018.2 1 2
event 7
3807.33 -2783.56 -3763.55 6782.27
2740.7 14561.4 69568.8 71196.6
1554.68 -2995.55 -2299.34 4085.15 1 1
2252.65 211.988 -1464.21 2697.12 -1 1
2978.92 7560.21 36483.7 37377.8 1 2
-238.213 7001.22 33085.1 33818.8 -1 2
