event 0
88.3582 8524.72 -30782 32090.5
994.563 6442.81 6500.3 9713.09
-725.544 4635.7 3836.27 6061.7 -1 2
1487.4 3347.55 -11009.5 11603.4 -1 1
-1399.05 5177.17 -19772.5 20487.1 1 1
1720.11 1807.11 2664.03 3651.39 1 2
event 1
6715.65 -4073.52 25206.8 26583.2
1439.87 -4782.57 9457.89 11135
2676.93 -3394.71 11988.6 12744.7 -1 1
4038.72 -678.814 13218.2 13838.5 1 1
2316.2 -2405.77 5330.1 6290.76 -1 2
-876.33 -2376.79 4127.79 4844.27 1 2
event 2
-9755.82 -4885.25 -17138.4 20551.3
-2131.88 -6646.02 -29147.4 30131
-2350.5 -2373.62 -13705.8 14107.5 1 2
-2431.24 -2271.54 -7191.97 7925.05 1 1
-7324.58 -2613.71 -9946.39 12626.3 -1 1
218.624 -4272.41 -15441.6 16023.6 -1 2
event 3
-10234.8 395.409 7059.2 12819.1
3647.34 -6468.53 280.271 8050.72
1852.42 -2559.44 1609.42 3547.33 -1 2
-2644.51 606.62 450.836 2752.42 -1 1
-7590.29 -211.211 6608.36 10066.7 1 1
1794.92 -3909.09 -1329.15 4503.39 1 2
event 4
-9473.86 -928.618 5790.46 11564.5
83.6224 7784.92 12628.6 15155.3
-5046.94 1047.41 2788.5 5861.36 1 1
-4426.92 -1976.03 3001.97 5703.09 -1 1
-946.848 5415.53 6566.56 8564.78 -1 2
1030.47 2369.39 6062.06 6590.56 1 2
