event 0
6111.84 1858.31 -8219.98 10861.2
4479.44 8709.57 8483.8 13322.5
876.921 3655.02 1698.93 4126.22 1 2
1657.69 1842.65 -4104.16 4795.69 1 1
3602.52 5054.55 6784.87 9196.31 -1 2
4454.15 15.6568 -4115.82 6065.54 -1 1
event 1
-2933.91 5719.3 -19850.2 21093.6
-5089.05 8152.98 -978.487 10144.8
-3043.57 2928.59 -10033.7 10887 1 1
109.66 2790.71 -9816.52 10206.6 -1 1
-3751.82 3635.76 -1411.51 5412.8 1 2
-1337.23 4517.22 433.019 4732.03 -1 2
event 2
4097.55 5726.69 -5104.8 9232.3
15572.3 11558.1 -5353.42 20355.3
2015.32 3681.33 -4669.68 6279.39 -1 1
2082.23 2045.36 -435.117 2952.91 1 1
10936.7 9508.61 -4743.29 15249.1 1 2
4635.69 2049.53 -610.136 5106.23 -1 2
event 3
-4545.93 -3278.5 -7819.87 10107.2
7345.81 9981.49 -13156 18337.5
995.393 3731.27 -4018.52 5574.3 -1 2
-2185.58 -28.4032 -4019.05 4576.19 -1 1
6350.42 6250.22 -9137.51 12763.2 1 2
-2360.35 -3250.1 -3800.83 5530.99 1 1
event 4
-1409.93 8315.64 33953.7 35122.4
8184.66 -5838.82 1863.97 10683.9
3880.44 -1210.97 -91.4186 4067.41 1 2
-1444.23 2352.15 15005.2 15257.3 -1 1
4304.21 -4627.85 1955.39 6616.49 -1 2
34.2943 5963.49 18948.5 19865.1 1 1
event 5
7202.4 2841.95 39296.3 40171.4
-7975.97 -8770.12 6818.06 14021.7
-3200.87 -2289.86 3655.73 5372.57 1 2
1782.26 1981.78 9210.53 9589 -1 1
-4775.1 -6480.26 3162.34 8649.1 -1 2
5420.14 860.175 30085.7 30582.4 1 1
event 6
12437 2226.79 -59930.9 61326.5
-5820.93 -1619.97 4635.04 8220.77
6205.37 2678.65 -30954.1 31683.6 -1 1
6231.65 -451.865 -28976.7 29642.9 1 1
-2845.57 -1979.92 1221.58 3677.06 -1 2
-2975.36 359.948 3413.47 4543.7 1 2
event 7
3613.86 4480.88 -861.867 6593.33
-8075.33 -11962.6 -47555.5 49793.9
1039.39 3623.19 -97.1247 3772.06 1 1
2574.48 857.695 -764.742 2821.27 -1 1
-5509.56 -6018.55 -29698.1 30798.8 1 2
-2565.77 -5944.04 -17857.4 18995.1 -1 2
