event 0
-206 5734.88 -2782.81 7089.83
-9426.12 1428.91 17763.8 20397
-3646.4 -950.331 6939.17 7897 1 2
1182.17 1778.82 -1768.68 2775.09 1 1
-5779.72 2379.24 10824.6 12500 -1 2
-1388.17 3956.06 -1014.13 4314.74 -1 1
event 1
3671.74 10232.2 -41412 42926.9
953.015 9586.87 5011.54 11292.6
-1049.83 4748.49 2747.45 5586.59 1 2
-106.396 2661.91 -13495.4 13756.2 -1 1
3778.14 7570.28 -27916.6 29170.7 1 1
2002.84 4838.37 2264.09 5706.01 -1 2
event 2
4730.85 3929.16 -12978.2 14691.6
-9858.34 -5755.36 -9261.75 15022.8
3840.05 1890.7 -10606.9 11438.5 1 1
890.796 2038.45 -2371.26 3253.13 -1 1
-4368.23 -4009.09 -5831.24 8316.78 -1 2
-5490.1 -1746.26 -3430.51 6705.99 1 2
event 3
-4773.03 6828.81 -2177.26 9151.25
8411.1 8689.01 -2103.76 12659.5
-3552.09 3084.75 -120.873 4707.32 1 1
-1220.93 3744.06 -2056.39 4443.94 -1 1
5115.65 4373.37 -2577.82 7207.81 1 2
3295.45 4315.65 474.057 5451.67 -1 2
event 4
-2350.28 -9774.97 -2628.51 10843.1
-13623.3 -4020.82 -23406.5 27553.9
-4534.88 -2057.72 -10758.3 11855.5 1 2
683.552 -3008.11 -1050.98 3260.63 1 1
-9088.38 -1963.1 -12648.2 15698.4 -1 2
-3033.84 -6766.86 -1577.53 7582.5 -1 1
event 5
-744.504 4725.05 9380.76 11156.4
-1182.43 9849.86 14578.1 17903.3
-2039.43 2845.72 7156.9 7968.05 1 1
1294.93 1879.33 2223.86 3188.33 -1 1
-959.872 5681.72 10940.5 12365.6 -1 2
-222.554 4168.14 3637.63 5537.73 1 2
event 6
-6406.42 -4287.63 -7393.27 11121
9191.31 2923.78 -17793.5 20475
4113.76 816.163 -10748.7 11538.4 -1 2
-2474.93 -2603.2 -5178.93 6303.52 -1 1
5077.55 2107.62 -7044.74 8936.61 1 2
-3931.49 -1684.43 -2214.34 4817.51 1 1
event 7
3513.04 -15748.7 46311.9 49140.1
-891.87 -7684.7 25313 26649.4
802.857 -4473.55 16556.5 17169.3 1 2
644.514 -5007.15 18802.3 19468.5 -1 1
-1694.73 -3211.15 8756.57 9480.1 -1 2
2868.52 -10741.5 27509.6 29671.5 1 1
event 8
-10881.8 -15126.5 3034.88 19131.9
5505.42 -4408.93 15312 17140.4
4698.37 -2137.82 8894.37 10284.3 1 2
-3515.97 -7424.87 929.223 8268.34 1 1
807.056 -2271.11 6417.64 6856.13 -1 2
-7365.88 -7701.68 2105.66 10863.6 -1 1
event 9
735.177 -5275.37 -276.262 6167.24
-17722.8 24451 58226.8 65665.1
-809.718 -3915 345.963 4014.19 -1 1
1544.9 -1360.38 -622.225 2153.06 1 1
-13091.7 16548.3 42922.7 47829 1 2
-4631.13 7902.74 15304.1 17836.1 -1 2
event 10
3249.34 4728.48 14483.4 15883.2
18083 1888.22 -33390.2 38145.2
2768.6 1715.38 5473.25 6369.87 1 1
480.746 3013.1 9010.16 9513.36 -1 1
9380.89 2427.21 -18718.9 21078.4 1 2
8702.09 -538.998 -14671.3 17066.8 -1 2
event 11
887.385 -7833.99 -9079.73 12417.4
-6328.29 -6615.86 493.24 9677.34
1951.56 -4249.4 -5724.82 7392.61 1 1
-1064.17 -3584.58 -3354.91 5024.77 -1 1
-3454.59 -5190.72 1295.35 6369.21 -1 2
-2873.7 -1425.14 -802.112 3308.13 1 2
event 12
3582.34 2732.49 -4652.18 7178.66
-7955.88 -11026 -25589.3 29142.3
3019.6 407.091 -2272.31 3802.41 -1 1
562.738 2325.4 -2379.87 3376.25 1 1
-6385.51 -6775.34 -15498.6 18080.4 1 2
-1570.37 -4250.7 -10090.7 11062 -1 2
event 13
-15476.4 8121.99 -28991.6 33993.9
-196.652 6954.72 12615 14735.5
1091.29 3988.46 8865.59 9783.07 1 2
-4672.87 2966.67 -11926.8 13149 1 1
-1287.94 2966.26 3749.42 4952.46 -1 2
-10803.5 5155.31 -17064.8 20845 -1 1
event 14
-4643.57 -8657.69 10195.5 14493.4
-1492.19 -7752.9 -2648.91 8884.92
-2385.48 -5246.84 -2270.07 6195.5 -1 2
-2789.21 -2571.33 2681.4 4646.77 1 1
-1854.36 -6086.36 7514.13 9846.62 -1 1
893.288 -2506.06 -378.847 2689.42 1 2
event 15
5268.06 5924.04 -10517.2 13529.5
2709.18 -6585.67 -28361.9 29405.8
2847.16 -3023.96 -13679.4 14296.4 -1 2
1409.16 3453.63 -6181.99 7220.9 1 1
3858.9 2470.41 -4335.17 6308.64 -1 1
-137.982 -3561.71 -14682.5 15109.3 1 2
event 16
-5383.55 -5385.69 -4065.55 9386.39
-7257.28 -3080.4 -2347.56 8789.71
-4161.19 -173.821 -1668.37 4487.8 1 2
-1188.29 -3628.71 -1175.71 3996.63 -1 1
-4195.26 -1756.99 -2889.84 5389.76 1 1
-3096.09 -2906.58 -679.184 4301.91 -1 2
event 17
8031.56 2467.89 -19.9988 8954.88
-9202.45 6839.2 3823.49 12476.8
4256.3 2362.07 -1166.13 5006.64 1 1
3775.26 105.825 1146.13 3948.24 -1 1
-6705.24 5164.59 4192.39 9445.67 -1 2
-2497.21 1674.6 -368.893 3031.11 1 2
event 18
8571.45 -3511.61 25205.2 27031.4
187.109 7134.74 -8417.88 11462.6
-1142.98 5615.54 -6625.18 8760.41 -1 2
2368.67 -2559.82 9222.03 9860.04 -1 1
6202.78 -951.787 15983.2 17171.3 1 1
1330.08 1519.2 -1792.71 2702.23 1 2
event 19
4942.01 -2412.25 -5783.13 8560.26
7601.84 -5552.15 19544.3 21913
2533.54 -2779.93 -2709.71 4636.87 -1 1
2408.47 367.682 -3073.43 3923.39 1 1
4682.86 -2510.28 7833.04 9465.64 -1 2
2918.98 -3041.87 11711.2 12447.4 1 2
event 20
6004.69 -122.703 20883.3 21949.3
244.068 12720 3950.25 13676.8
3470.13 -51.5441 6756.61 7596.54 1 1
2534.56 -71.1586 14126.7 14352.8 -1 1
483.352 8275.94 4043.18 9224.06 -1 2
-239.284 4444.04 -92.9281 4452.7 1 2
event 21
-6948.71 5354.22 7263.21 11802.4
18308.7 -5872.29 -17840.2 26411.3
3984.79 -2661.83 -4217.28 6384.4 1 2
-3341.37 1817.55 4954.31 6246.97 1 1
14323.9 -3210.47 -13623 20026.9 -1 2
-3607.34 3536.67 2308.9 5555.45 -1 1
event 22
-12142.2 -5361.56 -821.736 13654.5
1081.15 -6529.3 631.05 7334.13
-6622.63 -2898.3 -1987.23 7497.97 -1 1
-5519.57 -2463.25 1165.49 6156.52 1 1
2092.54 -4017.96 870.051 4614.2 -1 2
-1011.39 -2511.34 -239.001 2719.93 1 2
event 23
8474.1 1166.69 -8173.86 12230.1
7547.94 -3417.73 -499.795 8859.64
4966.32 2140.67 -4272.32 6892.8 -1 1
3507.78 -973.988 -3901.54 5337.26 1 1
6020.51 -1913.02 771.168 6364.91 -1 2
1527.43 -1504.7 -1270.96 2494.73 1 2
event 24
-769.448 10256.4 33519.4 35198.4
11165.5 -657.639 -221.358 11607.8
5452.75 -825.752 -1569.26 5734.82 -1 2
-1831.73 4156.23 13641.4 14378 1 1
1062.28 6100.13 19878 20820.4 -1 1
5712.74 168.113 1347.9 5872.96 1 2
event 25
-12250.2 -1873.16 7255.29 14690.3
3737.15 -12789.4 -71817.7 73108.9
4272.07 -10759.8 -60564.6 61661.2 1 2
-4235.81 -147.237 943.483 4343.4 -1 1
-534.922 -2029.62 -11253.1 11447.7 -1 2
-8014.39 -1725.93 6311.81 10347 1 1
event 26
-8098.05 -2106.4 1876.76 9117.48
2407.66 -5776.69 -12487.8 14307.4
2643.14 -3751.12 -10492.2 11452.3 -1 2
-4177.32 483.891 619.736 4251.99 1 1
-3920.72 -2590.29 1257.02 4865.49 -1 1
-235.484 -2025.57 -1995.54 2855.12 1 2
event 27
6590.67 1791.23 5711.27 9426.29
8130.23 9821.55 -26108.9 29220.3
4116.64 -22.3057 4569.84 6151.58 1 1
2474.03 1813.53 1141.42 3274.71 -1 1
5703.6 7995.1 -22147.2 24227.3 -1 2
2426.63 1826.45 -3961.68 4993.04 1 2
event 28
-5602.5 895.739 5048.12 8201.5
-7219.23 4928.9 22989.7 24789.7
-3702.61 51.2589 4860.5 6111.26 1 1
-1899.89 844.48 187.62 2090.24 -1 1
-3621.17 2913.84 8103.25 9342.23 -1 2
-3598.06 2015.06 14886.4 15447.4 1 2
event 29
-1474.09 8450.54 10911.2 14220.8
-4415.26 8416.11 -4963.15 11160.2
-2897.51 3344.41 -3565.78 5683.89 1 2
921.367 2024.38 2163.42 3104.6 1 1
-2395.46 6426.16 8747.81 11116.2 -1 1
-1517.75 5071.7 -1397.37 5476.26 -1 2
event 30
10357.6 -1252.22 -3537.41 11443.4
2040.43 6145.42 930.551 7237.95
5472.78 145.221 -3218.5 6351.56 1 1
4884.79 -1397.44 -318.909 5091.85 -1 1
1428.71 3868.96 -934.604 4230.22 -1 2
611.723 2276.46 1865.15 3007.73 1 2
event 31
17182.5 -6609.57 72620.8 74982
6204.02 4511.92 36885.4 37801.7
4181.11 1232.14 21785.6 22217.7 1 2
4976.14 -3015.07 18955.8 19829 -1 1
2022.9 3279.77 15099.7 15584 -1 2
12206.4 -3594.5 53665 55153 1 1
event 32
3654.17 6473.95 -1791.22 8250.11
-2839.34 7125.57 1347.16 8381.06
-326.302 3743.27 1750.93 4146.74 -1 2
422.146 3501.32 -1542.27 3850.61 1 1
3232.02 2972.63 -248.951 4399.5 -1 1
-2513.04 3382.3 -403.764 4234.32 1 2
event 33
-2039.96 -5472.56 2854.05 7200.47
-10006.5 -1012.58 9466.73 14155
-1347.05 -3163.72 3276.57 4750.87 1 1
-692.912 -2308.84 -422.523 2449.6 -1 1
-5414.88 -2083.83 5015.52 7670.06 -1 2
-4591.61 1071.25 4451.21 6484.97 1 2
event 34
-6652.89 -6116.45 -2436.11 9858.86
-4575.51 9321.82 10170.3 14861.3
-4401.17 -3206.49 -2.85865 5446.38 1 1
-2251.72 -2909.96 -2433.25 4412.48 -1 1
-2377.7 7029.23 5609.97 9303.03 -1 2
-2197.81 2292.59 4560.3 5558.23 1 2
event 35
-9490.77 7407.58 26675.6 29430
-1772.23 -8375.37 -23986.7 25656.2
25.5135 -4790.29 -9730.93 10846.6 -1 2
-4341.11 1842.32 12370.5 13239.3 -1 1
-5149.65 5565.25 14305.2 16190.7 1 1
-1797.75 -3585.08 -14255.8 14809.5 1 2
event 36
-5663.69 621.818 -24841.9 25674.4
948.293 7276.41 -16744.7 18542.5
-406.811 3149.92 -4200.38 5267.05 1 2
-1635.33 1289.82 -5019.01 5435.03 -1 1
1355.1 4126.49 -12544.4 13275.4 -1 2
-4028.37 -668.007 -19822.9 20239.4 1 1
event 37
14127.5 1244.43 18916.2 23844.3
-5664.36 4906.35 -6379.25 10317.3
-3558.81 2092.33 -1704.08 4467.44 -1 2
3498.29 402.854 7114.1 7938.63 1 1
10629.2 841.578 11802.1 15905.6 -1 1
-2105.56 2814.02 -4675.17 5849.82 1 2
event 38
-29971.2 -10669.6 20148.6 37784.5
4478.82 6934.66 26675.1 28094.6
-27328.9 -8942.02 18765 34336.1 1 1
-2642.25 -1727.6 1383.53 3448.39 -1 1
2442.13 1890.32 6476.53 7175.92 -1 2
2036.7 5044.33 20198.6 20918.6 1 2
event 39
-6987.84 -3529.44 -11238.9 14042.4
-8283.7 101.376 -11416 14441.1
-4902.43 -356.195 -9012.01 10265.9 1 2
-2760.55 -3087.19 -6081.84 7358.76 -1 1
-3381.27 457.572 -2404 4175.26 -1 2
-4227.29 -442.25 -5157.03 6683.69 1 1
event 40
-586.285 6799.5 -7996.94 10959.7
6451.81 3492.52 -840.325 8007.53
1895.81 2440.53 522.407 3135.98 -1 2
994.735 2299.08 -1580.99 2964.11 -1 1
-1581.02 4500.42 -6415.95 7995.56 1 1
4556 1051.99 -1362.73 4871.55 1 2
event 41
-13448.8 -5058.71 19116.1 24113.8
5711.39 15241.8 -3825.34 17004.6
2337.8 6154.2 -3116.81 7284.58 1 2
-2301.93 -168.176 4762.85 5293.69 -1 1
-11146.9 -4890.54 14353.3 18820.1 1 1
3373.6 9087.63 -708.523 9720.04 -1 2
event 42
-6490.07 3015.47 -561.723 7817.97
-5870.59 -85.6808 -5219.47 8444.22
-4343.96 341.226 -496.65 4386.83 1 1
-2146.11 2674.24 -65.0731 3431.14 -1 1
-1828.52 -1366.25 -2589.94 3453.84 -1 2
-4042.08 1280.56 -2629.54 4990.38 1 2
event 43
6170.35 -2574.02 -12868.8 14828.9
12278.2 3895.24 65448 66775.4
4156.91 -455.449 -5569.44 6965.43 1 1
2013.44 -2118.57 -7299.4 7863.5 -1 1
8004.83 1042.65 42355 43117.6 -1 2
4273.36 2852.59 23093 23657.9 1 2
event 44
-13810 9313.47 -53114.5 55751.2
3151.68 -5877.6 18905.8 20285.4
-8593.56 6940.73 -38480.9 40035.1 -1 1
-5216.41 2372.75 -14633.6 15716.1 1 1
3372.24 -3856.01 15414.1 16243.3 -1 2
-220.552 -2021.58 3491.66 4042.07 1 2
