event 0
6885.73 -1302.85 -7402.59 10653.6
-8643.95 -6093.4 32293.3 34121.8
-7743.54 -4003.64 26475.7 27874.1 1 2
2887.57 -2011.91 -2682.44 4426.35 1 1
-900.419 -2089.75 5817.63 6247.7 -1 2
3998.16 709.066 -4720.15 6227.28 -1 1
event 1
-8530.65 -8781.78 -1931.85 12775.5
-3370.26 13786 40932.2 43433.3
-3752.15 11743.8 32844.1 35081.9 1 2
-1248.33 -2937.26 -1190.46 3407.96 -1 1
381.895 2042.24 8088.09 8351.34 -1 2
-7282.32 -5844.51 -741.385 9367.57 1 1
event 2
3245.49 6923.53 -33868.1 34858.4
9160.03 3156.86 -32688.6 34234.6
4096.15 2539.34 -12142.6 13064.5 -1 2
1976.37 1064.15 -8627.45 8915.3 1 1
1269.12 5859.37 -25240.6 25943.1 -1 1
5063.88 617.518 -20545.9 21170 1 2
event 3
-5809.04 2825.97 8920.96 11441.4
9466.83 1972.96 -13871.5 17190.8
3716.32 2240.45 -6862.62 8120.18 1 2
-2010.49 77.0482 4770.74 5178.72 -1 1
5750.51 -267.49 -7008.92 9070.61 -1 2
-3798.55 2748.92 4150.22 6262.67 1 1
event 4
5651.47 337.158 -12446 14019.6
-16205 5020.67 -84704.5 86442.2
3490.54 -199.928 -4141.06 5420.64 -1 1
2160.93 537.087 -8304.97 8598.94 1 1
-9746.56 1428.57 -49205.1 50181.6 1 2
-6458.4 3592.11 -35499.4 36260.7 -1 2
event 5
-3985.66 4725.58 6902.9 9770.25
-3307.65 -9067.75 -15231.1 18296
-475.411 -3953.19 -8452.01 9343.53 -1 2
-1782.92 963.776 4132.79 4604.21 -1 1
-2832.24 -5114.56 -6779.05 8952.49 1 2
-2202.75 3761.8 2770.12 5166.04 1 1
