event 0
3302.76 6640.31 -2820.28 8517.46
7746.08 -11419.1 10027.4 17336
2521.73 3544.45 -150.026 4353.84 1 1
781.032 3095.85 -2670.25 4163.62 -1 1
4356.73 -6399.17 7476.56 10762.9 -1 2
3389.35 -5019.95 2550.8 6573.08 1 2
event 1
-61.1811 9270.84 -5844.18 11388.5
6978.84 1743.51 -2164.39 8125.23
4229.82 -426.901 -1742.61 4595.81 1 2
1407.88 4532.04 -2200.93 5232.28 1 1
2749.02 2170.41 -421.778 3529.43 -1 2
-1469.06 4738.8 -3643.25 6156.2 -1 1
event 2
-6224.65 -2482.03 21729.2 22949
-10885 -9850.91 -58785.1 60669.6
-3479.77 -2988.55 13674.3 14423.5 -1 1
-2744.88 506.515 8054.99 8525.54 1 1
-5160.29 -6424.1 -35749.9 36687.4 1 2
-5724.68 -3426.81 -23035.2 23982.2 -1 2
event 3
-3554.04 3895.63 8712.48 10644.5
-10365.9 -16812.3 38758.8 43611.2
-1101.52 3440.27 4942.75 6122.97 1 1
-2452.52 455.362 3769.74 4521.53 -1 1
-7780.58 -13712.6 33058.5 36625.8 -1 2
-2585.32 -3099.64 5700.26 6985.39 1 2
event 4
4457.08 -4407.4 -8624.51 11102.4
-7233.22 -7412.69 2973.52 11211.6
2388.37 -3587.05 -7389.87 8555.26 1 1
2068.71 -820.351 -1234.64 2547.16 -1 1
-3216.24 -5424.55 2069.87 6638.19 -1 2
-4016.97 -1988.14 903.653 4573.46 1 2
event 5
8482.81 -3591.95 8369.83 12826
-2547.24 9519.12 51338.6 52367.4
-992.03 6603.74 40110.6 40662.9 1 2
3910.88 -1159.9 1800.27 4460.1 1 1
-1555.21 2915.38 11227.9 11704.5 -1 2
4571.93 -2432.05 6569.56 8365.87 -1 1
