event 0
10448.8 3559.17 -4263.15 12231.6
574.477 8152.86 -31448 32639.9
5187.09 3196.23 -1496.31 6274.7 1 1
5261.76 362.947 -2766.84 5956.88 -1 1
-782.549 6564.58 -25097.5 25953.9 -1 2
1357.03 1588.28 -6350.45 6686.07 1 2
event 1
5097.56 5743.82 -32999.2 34022.2
-9131.31 -3346.49 -2409.47 10487
1535.23 4050.69 -17621.1 18146 1 1
3562.33 1693.13 -15378.1 15876.2 -1 1
-5529 -388.995 -1245.95 5681.96 1 2
-3602.31 -2957.5 -1163.52 4805.04 -1 2
event 2
-5382.31 1198.39 1642.77 6534.14
8551.43 11798.7 -17675.2 23115.8
-3696.94 -711.944 1142.43 3935.8 1 1
-1685.37 1910.34 500.339 2598.34 -1 1
4101.81 7089.96 -11830.7 14389.9 1 2
4449.62 4708.72 -5844.57 8725.9 -1 2
event 3
-13159 -3015.27 -5529.19 14913.5
-5475.87 -4561.02 13274.5 15381.5
-9013.26 -3410.76 -3287.93 10183 1 1
-4145.72 395.484 -2241.26 4730.52 -1 1
-628.51 -2012.47 2338.23 3150.16 -1 2
-4847.36 -2548.55 10936.3 12231.3 1 2
event 4
-3745.24 8158.8 19510.2 21698.6
6798.2 -6404.7 19828.5 22135.8
3490.18 -2167.46 5767.83 7082.25 -1 2
338.301 2327.46 4227.8 4839.11 -1 1
-4083.54 5831.34 15282.4 16859.5 1 1
3308.02 -4237.24 14060.7 15053.6 1 2
event 5
7152.49 14540.2 -28101.1 32585.8
-6952.12 4332.39 2972.09 9248.01
-4087.06 1923.31 3135.59 5499.66 1 2
2531.59 7663.94 -11750.9 14256.2 1 1
-2865.06 2409.07 -163.499 3748.35 -1 2
4620.9 6876.23 -16350.2 18329.6 -1 1
event 6
2687.98 -11441.8 -13696 18311.6
-4769.31 -993.916 -3084.95 6545.37
-2684.31 -2085.51 -2060.82 3976.56 1 2
2298.48 -5474.95 -8617.28 10465.5 1 1
-2085 1091.59 -1024.13 2568.82 -1 2
389.501 -5966.89 -5078.77 7846.05 -1 1
event 7
6223.2 3577.39 -2027.62 8076.39
-5785.46 -11869.2 12376.5 18360.8
-2529.79 -2192.2 3221.07 4646.72 1 2
2142.11 -178.415 50.2324 2152.71 -1 1
-3255.67 -9676.98 9155.41 13714.1 -1 2
4081.09 3755.81 -2077.85 5923.68 1 1
event 8
-572.781 6832.31 -21844.8 23104.1
9466.35 7348.5 -6419.18 13943.1
2362.82 3661.81 -2586.18 5068.65 1 2
1177.14 2660.79 -10317 10720 1 1
7103.54 3686.7 -3833 8874.4 -1 2
-1749.92 4171.52 -11527.8 12384.1 -1 1
event 9
-1901.18 7642.52 -25110.4 26498
-2662.86 -4825.7 6969.66 9409.84
-649.679 4600.54 -9912.45 10947.8 1 1
-1251.5 3041.98 -15197.9 15550.2 -1 1
431.642 -2018.15 3019.36 3658.82 -1 2
-3094.5 -2807.55 3950.3 5751.02 1 2
event 10
8152.26 -1989.03 -9478 13032.2
6471.66 -2853.03 -204.423 7723.31
4776.48 406.106 -4789.63 6777.27 -1 1
3375.79 -2395.14 -4688.37 6254.97 1 1
1908.18 -2214.38 742.684 3017.84 -1 2
4563.48 -638.659 -947.107 4705.47 1 2
event 11
9374.39 -2646.86 -5423.32 11571
6981.07 3645.19 4705.94 9682.97
5837.13 1930.93 2432.9 6612.92 1 2
4148.44 393.942 -2023.16 4633.47 -1 1
1143.94 1714.26 2273.05 3070.05 -1 2
5225.95 -3040.81 -3400.16 6937.53 1 1
event 12
-332.503 -4454.09 -25433.5 26007.8
9659.87 -720.88 -19776.6 22238.2
-1630.19 -2851.47 -17749.8 18051.4 1 1
1297.69 -1602.63 -7683.73 7956.34 -1 1
5083.26 857.801 -8158.15 9651.01 -1 2
4576.61 -1578.68 -11618.5 12587.2 1 2
event 13
-722.429 -7776.49 -47255.5 47996.5
-13523.2 -7283.41 24539.4 29115.3
-3592.47 -3569.94 8030.72 9494.94 -1 2
1189.29 -2171.31 -13708.5 13930.6 1 1
-9930.77 -3713.47 16508.7 19620.4 1 2
-1911.72 -5605.18 -33547 34065.9 -1 1
event 14
-6.11453 7150.01 -2855.49 8298.53
-6359.32 -3719.48 3668.75 8793.53
-2269.55 -3114.73 1829.35 4267.33 1 2
-1318.55 1894.2 -1346.51 2674.1 -1 1
1312.43 5255.81 -1508.98 5624.43 1 1
-4089.77 -604.748 1839.4 4526.2 -1 2
event 15
1702.44 7127.23 896.194 8005.61
10897.8 7282.52 38266.4 40567.3
8328.13 5616.14 32760.5 34266 1 2
2072.04 2438.63 800.354 3300.3 1 1
2569.65 1666.37 5505.92 6301.28 -1 2
-369.595 4688.6 95.8404 4705.31 -1 1
event 16
7635.29 2299.31 -12980.1 15545.4
-12229.5 9332.54 -12095.7 19813
4270.25 2830.61 -7247.7 8876.24 1 1
3365.05 -531.307 -5732.44 6669.17 -1 1
-6905.71 4024.91 -4732.65 9289.66 -1 2
-5323.78 5307.63 -7363.09 10523.3 1 2
event 17
99.2473 -10802.2 6341.26 12903.5
-7281.26 7236.32 -1925.5 10894
-911.247 -7088.39 2812.92 7681.11 1 1
1010.49 -3713.78 3528.35 5222.42 -1 1
-4894.05 6098.05 -379.947 7829.02 -1 2
-2387.2 1138.27 -1545.56 3065.01 1 2
event 18
7157.24 -1037.03 1794.95 8069.32
1088.75 -6377.02 -2581.51 7622.77
-454.646 -5063.36 -2273.78 5570.06 1 2
2546.82 -1707.35 1458.71 3397.11 -1 1
1543.4 -1313.66 -307.726 2052.71 -1 2
4610.42 670.318 336.233 4672.21 1 1
event 19
7411.57 12092.4 5316.12 15459.9
-8099.7 -670.132 22968.2 24559.8
5008.93 9580.69 5157.9 11978.9 -1 1
2402.64 2511.69 158.219 3481.01 1 1
-3205.2 -1245.27 6301.28 7179.23 -1 2
-4894.5 575.141 16666.9 17380.6 1 2
event 20
-3667.46 -9195.14 19271.3 21885.5
2918.5 10660.3 28570.8 30790.3
1424.46 3284.67 13177.3 13655.5 1 2
-1964.47 -1676.23 3745.79 4550.94 1 1
-1702.99 -7518.91 15525.5 17334.5 -1 1
1494.04 7375.61 15393.5 17134.8 -1 2
event 21
7056.65 2690.86 15958.7 17925
11693.9 9957.61 20110.2 25493.4
4977.78 2948.15 13534 14719.1 -1 1
2078.86 -257.287 2424.7 3205.96 1 1
5290.28 6508.98 11116.5 13926.3 -1 2
6403.65 3448.63 8993.78 11567.2 1 2
event 22
4808.02 -4678.67 10935 13197.4
6895.15 1028.6 525.808 7646.45
3190.7 -855.431 1022.25 3459.55 1 2
563.787 -2590.34 3707.65 4559.12 1 1
4244.23 -2088.33 7227.32 8638.29 -1 1
3704.45 1884.03 -496.438 4186.9 -1 2
event 23
-1280.24 -8289.1 -36786.2 37857.2
-5921.65 2142.69 4849.83 8530.44
-4102.09 530.346 1523.79 4409.25 -1 2
-384.757 -3927.99 -10952.6 11642.5 -1 1
-895.482 -4361.1 -25833.7 26214.7 1 1
-1819.56 1612.35 3326.04 4121.18 1 2
event 24
-4489.97 5943.74 -5367.35 9689.54
-2709.74 -7325.78 -770.06 8437.65
-2273.58 -2867.35 688.962 3725.14 1 2
55.4913 2103.57 -1207.48 2428.42 -1 1
-4545.46 3840.17 -4159.87 7261.12 1 1
-436.155 -4458.43 -1459.02 4712.51 -1 2
event 25
-7089.8 -2965.4 -10229.7 13164.3
4747.53 -5072.06 7833.96 10919.1
2698.82 -4284.75 6830.4 8503.43 1 2
-2789.05 -2259.4 -6504.43 7429.84 1 1
2048.71 -787.305 1003.56 2415.65 -1 2
-4300.74 -706.003 -3725.26 5734.42 -1 1
event 26
-6282.43 35616.7 135925 140689
-7422.33 1450.2 581.459 8192.85
-3644.39 1577.14 -996.163 4095.42 1 2
-1394.78 8398.8 37330 38288.7 1 1
-3777.94 -126.935 1577.62 4097.43 -1 2
-4887.65 27217.9 98595.2 102400 -1 1
event 27
7283.87 2588.85 -24777.7 26139.7
-4734.15 7662.33 33532.3 34858.7
-2624.56 1535.64 10972.8 11386.9 -1 2
3009.01 -379.655 -7371.01 7971.28 -1 1
-2109.59 6126.69 22559.5 23471.8 1 2
4274.86 2968.51 -17406.7 18168.4 1 1
event 28
-7370.03 4420.14 -25014.7 26630.5
12699.4 -2995.99 8716.02 15994.1
6366.19 17.9037 4671.44 7896.98 -1 2
-1063.45 2204.05 -6785.01 7213.62 -1 1
6333.25 -3013.89 4044.57 8097.12 1 2
-6306.58 2216.1 -18229.7 19416.9 1 1
event 29
3573.86 4615.81 -21066.2 22078.4
-10582.7 2610.51 12584 16933.9
2714.66 2238.98 -16369.6 16743.8 1 1
859.202 2376.83 -4696.64 5334.53 -1 1
-6744.34 495.797 9078.98 11321.3 1 2
-3838.39 2114.72 3505 5612.62 -1 2
event 30
-4834.62 4803.55 9309.78 11946.2
3809.16 8727.8 3836.38 10723.5
2531.56 2336.08 1833.81 3903.85 1 2
-1830.11 2028.68 6297.94 6865.86 1 1
1277.61 6391.72 2002.57 6819.67 -1 2
-3004.52 2774.87 3011.84 5080.3 -1 1
event 31
-5268.35 3091.63 6382.86 9361.91
-22407.4 14.2438 47728.3 52817.3
-4046.44 629.481 3722.22 5534.98 1 1
-1221.91 2462.14 2660.64 3826.93 -1 1
-11841.3 -1374.51 26793.8 29326.2 1 2
-10566.2 1388.75 20934.4 23491.1 -1 2
event 32
10118.3 8595.77 -3733.99 14135.1
7987.37 6265.45 3410.16 11147.8
4247.2 4139.68 500.122 5952.89 1 2
4228.29 4418.31 -3175.73 6891.76 1 1
3740.18 2125.77 2910.04 5194.93 -1 2
5890 4177.46 -558.254 7243.35 -1 1
event 33
-9852.07 -8620.66 -17495.7 22069.7
6107.28 -2886.8 -15549.5 17234
4384.41 -1822.42 -13660.7 14462.7 -1 2
-3076.82 -2741.56 -8041.48 9036.57 1 1
-6775.26 -5879.1 -9454.27 13033.1 -1 1
1722.88 -1064.38 -1888.85 2771.31 1 2
event 34
-4269.44 -4067.37 -5728.75 8785.27
-2064.44 9708.1 34.8114 10397.2
-2657.38 -2584.6 -1458.69 3985.07 -1 1
-1612.07 -1482.77 -4270.05 4800.2 1 1
258.153 5658.61 583.991 5695.5 1 2
-2322.59 4049.49 -549.18 4701.66 -1 2
event 35
7618.58 -929.144 2480.07 8639.91
4964.12 4661.22 -4053.79 8508.47
4294.29 1013.18 1548.95 4677.38 -1 1
3324.29 -1942.33 931.123 3962.54 1 1
2308.02 3981.57 -1746.42 4923.51 -1 2
2656.11 679.653 -2307.37 3584.96 1 2
event 36
-965.909 7482.82 -3188.88 8757.02
7512.29 -6470.73 10868.6 15034
3254.77 -1152.57 2621.09 4336.27 1 2
-1037.82 3058.3 115.342 3233.38 -1 1
4257.52 -5318.16 8247.49 10697.7 -1 2
71.9144 4424.52 -3304.23 5523.64 1 1
event 37
6746.41 -3449.98 19299.9 20964.1
-507.489 -6343.7 6800.46 9815.17
-1814.72 -3781.11 3881.9 5715.79 -1 2
3720.5 -348.233 7225.27 8135.05 1 1
3025.91 -3101.75 12074.6 12829.1 -1 1
1307.23 -2562.59 2918.56 4099.38 1 2
event 38
-9904.32 -15425.3 -27267 33001.7
287.978 -6759.08 -9010.39 11685.3
-6498.19 -7300.41 -13910.9 17001.4 1 1
-3406.13 -8124.87 -13356.1 16000.4 -1 1
-31.0126 -4721.33 -3738.25 6023.09 -1 2
318.991 -2037.75 -5272.13 5662.22 1 2
event 39
3795.42 6187.23 -13094.6 15288.8
7019.07 -4383.81 -14242 16760.3
3707.7 -945.774 -8281.46 9123.34 1 2
2506.1 1289.28 -4959.88 5705.64 1 1
1289.32 4897.96 -8134.7 9583.15 -1 1
3311.37 -3438.03 -5960.49 7637.01 -1 2
event 40
3616.14 4633.29 16514.7 17800.8
-4171.53 6848.42 12129.7 14866.9
1140.7 3847.75 9191.31 10029.8 -1 1
2475.43 785.542 7323.41 7770.99 1 1
-945.163 4361.14 5480.85 7068.5 -1 2
-3226.36 2487.29 6648.85 7798.36 1 2
event 41
9915.5 -467.933 14520.3 17859.6
2468.9 7377.82 25951.5 27269
5258.5 1083.44 8921.81 10413.2 -1 1
4657 -1551.38 5598.5 7446.39 1 1
2575.19 4758.48 13503.3 14547.3 -1 2
-106.289 2619.34 12448.2 12721.7 1 2
event 42
5642.62 -5434.52 25885.4 27221.7
2423.58 -6718.72 -7450.08 10775.3
1915.53 -2539.24 -1586.69 3556.09 -1 2
2274.96 -414.843 8750.02 9051.05 1 1
3367.66 -5019.68 17135.4 18170.6 -1 1
508.059 -4179.47 -5863.39 7219.18 1 2
event 43
5960.05 -279.806 -33286.9 33958.9
12190.7 2406.1 -503.816 12815.9
4436.86 1165.86 -21254.6 21744.3 1 1
1523.19 -1445.67 -12032.3 12214.6 -1 1
6516.38 -69.8145 526.719 6538.86 -1 2
5674.36 2475.92 -1030.54 6277.08 1 2
event 44
5787.25 -3171 -3522.36 8096
-2335.39 -5042.04 2156.97 6717.08
4039.85 -545.091 -2478.22 4771.82 -1 1
1747.39 -2625.91 -1044.14 3324.18 1 1
420.282 -2110.96 8.36037 2155 -1 2
-2755.67 -2931.08 2148.61 4562.09 1 2
event 45
5267.87 5955.78 43292.7 44125.6
-1793.44 -8050.98 -23343.9 24951.3
-2238.06 -3449.13 -9399.02 10259.5 -1 2
2078.99 409.96 9751.78 9979.91 1 1
3188.88 5545.82 33540.9 34145.7 -1 1
444.623 -4601.85 -13944.9 14691.7 1 2
