event 0
337.961 12378.3 17524.1 21680
5315.87 -10219.9 -31661.7 33834.2
3852.33 -4164.5 -16167.4 17134.2 -1 2
-810.944 4301.14 8156.63 9257.39 1 1
1148.91 8077.14 9367.5 12422.6 -1 1
1463.54 -6055.36 -15494.3 16700.1 1 2
event 1
-5273.21 -13300.4 58814.7 60609.2
-5737.07 -1111.43 8670.86 10905.2
-4355.56 -8617.69 34260.7 35595.5 1 1
-917.647 -4682.69 24554 25013.6 -1 1
-3033.19 -818.024 7095.07 7760.19 -1 2
-2703.88 -293.404 1575.79 3145.05 1 2
event 2
4137.42 6806.1 8805.35 12270.7
5778.39 2239.45 -1721.89 7138.67
1142.4 4129.79 3088.04 5282.74 1 1
2995.02 2676.31 5717.31 6987.96 -1 1
3512.13 2785.02 -1728.58 4805.26 -1 2
2266.26 -545.576 6.68796 2333.41 1 2
event 3
-3944.7 -6552.98 276.838 8256.48
9003.27 -1605.05 -26426.5 28135.1
3870.26 -694.575 -16014.4 16490.4 1 2
-1129.7 -2001.23 1524.87 2759.99 1 1
-2815 -4551.75 -1248.03 5496.49 -1 1
5133.01 -910.477 -10412.1 11644.7 -1 2
event 4
11678.8 -3067.73 3507.36 12949.8
2114.85 -7714.49 3343.18 9206.16
7686.57 -3502.61 2303.41 8756.05 -1 1
3992.22 434.873 1203.95 4193.75 1 1
-416.615 -3853.24 2162.01 4439.2 -1 2
2531.47 -3861.26 1181.17 4766.96 1 2
event 5
12598.9 14675.1 -19438.3 27595.9
5937.11 7082.35 5341.3 11114.4
5128.89 4933.83 5195.01 8811.78 -1 2
4108.5 2740.38 -4777.71 6872.2 -1 1
8490.41 11934.7 -14660.6 20723.7 1 1
808.223 2148.52 146.29 2302.6 1 2
event 6
-7352.78 1930.42 -3845.53 9064.71
-5717.51 10753.9 26548.9 29373
-4701.19 -340.391 -2131.09 5173.95 -1 1
-2651.59 2270.81 -1714.44 3890.76 1 1
-4836.37 7867.13 16853.2 19217.8 -1 2
-881.142 2886.81 9695.73 10155.2 1 2
