event 0
11806.9 11060.1 -23481 28682.3
9428.33 5726.01 15823.1 19535.7
5591.91 6502.15 -10199.4 13326.2 1 1
6215.01 4557.95 -13281.5 15356.2 -1 1
2437.28 1507.23 2054.67 3527.73 -1 2
6991.05 4218.78 13768.5 16008 1 2
event 1
-1966.15 8862.93 30019.4 31514.7
1975.84 7986.97 -28154.9 29495.5
-1644.58 4502.9 20268.8 20828.3 1 1
-321.57 4360.03 9750.58 10686.4 -1 1
2648.98 4406.82 -16034.8 16839.3 -1 2
-673.149 3580.15 -12120.1 12656.1 1 2
event 2
-4258.52 -5558.57 -17899 19467.9
-6019.6 -4929.24 539.447 8391.33
-1333.73 -2909.01 729.151 3283.9 -1 2
-313.056 -2726.76 -5408.09 6065.63 1 1
-4685.87 -2020.23 -189.704 5107.43 1 2
-3945.46 -2831.81 -12490.9 13402.3 -1 1
event 3
11256.5 16567.4 -1652.71 20334.9
4727.39 8319.4 5080.41 11267.7
5434.21 8740 -2339.9 10554.8 -1 1
5822.26 7827.4 687.198 9780.09 1 1
1730.45 5854.3 2451.48 6579.37 -1 2
2996.94 2465.1 2628.94 4688.37 1 2
event 4
-7261.66 1728.18 -42043.3 42812.9
-1031.35 -11308 -4311.61 12534.6
1081.9 -3926.73 -1814.55 4460.21 -1 2
-1207.95 1622.35 -10731.5 10921 -1 1
-2113.25 -7381.32 -2497.06 8074.42 1 2
-6053.71 105.832 -31311.7 31891.9 1 1
event 5
5571.87 886.869 -14540.4 15901.2
-8236.6 -1462.64 35368.1 36475.7
3413.28 -662.255 -5779.16 6745.29 1 1
2158.59 1549.12 -8761.27 9155.89 -1 1
-4202.59 -607.046 11619.7 12371.7 -1 2
-4034.02 -855.592 23748.4 24104 1 2
event 6
9713.72 -4324.33 20399.5 23211.8
11401.1 16399.5 -76021.2 78662.2
5727.42 -1838.57 14285.4 15500.5 -1 1
3986.3 -2485.76 6114.17 7711.28 1 1
6448.86 7837.25 -43583.8 44750.1 1 2
4952.25 8562.2 -32437.4 33912.1 -1 2
event 7
-7285.36 -3236.79 37193.9 38164.5
-997.835 -9497.77 -28521.3 30236.8
-3662.2 -3168.14 18586.8 19207.5 1 1
-3623.16 -68.6423 18607.1 18957 -1 1
-1089.31 -6064.87 -22229.4 23067.9 -1 2
91.4729 -3432.9 -6291.93 7168.87 1 2
