event 0
14352.2 803.431 -34159.8 37190.2
1695.74 -8525.25 3055.65 9720.19
7601.96 1880.98 -16934.7 18658 -1 1
6750.24 -1077.55 -17225.1 18532.2 1 1
898.227 -6099.93 632.99 6199.01 -1 2
797.516 -2425.32 2422.66 3521.17 1 2
event 1
-3335.31 8306.11 -7230.82 11916
-5231.53 -6833.15 4864.78 10359.4
-557.655 -3048.49 1260.71 3347.36 1 2
-151.715 2664.91 -3621.15 4499.86 1 1
-3183.59 5641.2 -3609.67 7416.15 -1 1
-4673.87 -3784.66 3604.07 7012.08 -1 2
event 2
-6546.52 -5158.88 -16699.2 18918.9
9850.04 1.9106 8625.41 13601.7
3500.94 -1735.58 3669.61 5361.53 1 2
-1849.09 -2729.72 -8932.2 9521.86 -1 1
6349.1 1737.49 4955.8 8240.21 -1 2
-4697.43 -2429.16 -7767.02 9397.04 1 1
