event 0
-5256.17 -5342.25 -3942.55 9016.74
-9723.93 -8588.94 -18517.9 22821.8
-3680.33 -1761.63 -1258.22 4271.12 -1 1
-1575.84 -3580.61 -2684.34 4745.62 1 1
-5930.08 -5314.27 -8675.74 11776.5 -1 2
-3793.84 -3274.67 -9842.2 11045.2 1 2
event 1
-1266.01 -10500.5 -14914.8 18544.7
-2547.03 3625.03 4383.41 6959.43
-358.93 3139.37 2580.57 4081.05 1 2
-1997.08 -3945.59 -6091.6 7528.26 1 1
-2188.1 485.654 1802.84 2878.38 -1 2
731.064 -6554.89 -8823.19 11016.4 -1 1
event 2
3886.62 -2534.63 -7038.95 8981.53
-1245.73 -8294.07 -18727.2 20751.9
3340.53 -492.173 -3549.14 4899.9 1 1
546.091 -2042.45 -3489.81 4081.64 -1 1
-1231.7 -4266.28 -13087.8 13821 1 2
-14.0285 -4027.79 -5639.42 6930.91 -1 2
event 3
13508.1 7486.04 -46455.6 49053.3
-1320.79 8609.43 -19992.4 22026.2
-1811.36 4510.05 -13316.3 14176 1 2
4011.53 3760.38 -14452.4 15463.4 -1 1
490.577 4099.38 -6676.07 7850.27 -1 2
9496.6 3725.67 -32003.2 33589.9 1 1
event 4
4729.17 -10869.7 10566.1 16178.6
-5701.83 -1492.95 -741.411 6699.4
4321.4 -6172.17 6517.2 9962.69 1 1
407.771 -4697.54 4048.86 6215.91 -1 1
-2850.76 -2227.94 145.702 3622.55 -1 2
-2851.07 734.985 -887.113 3076.84 1 2
event 5
-6906.01 913.548 -14703.4 16562.3
-16727.5 -1795.4 -66908.3 69060.5
-4095.61 946.685 -11768.9 12497.6 -1 1
-2810.4 -33.1372 -2934.45 4064.68 1 1
-10205.9 -1251.28 -46698 47816.7 -1 2
-6521.56 -544.123 -20210.3 21243.7 1 2
