event 0
8511.04 3507.85 25958.6 27716.1
-11766.4 -2409.09 -18880.7 22590.3
-4999.34 457.39 -8470.65 9847.12 -1 2
1962.26 2238.95 6629.68 7268.23 -1 1
-6767.01 -2866.48 -10410 12743.2 1 2
6548.78 1268.9 19328.9 20447.9 1 1
event 1
-3146.64 -11101 53488.4 54806.3
6729.02 -7435.4 9043.51 13854.3
-1014.62 -8592.62 38799.3 39752.4 1 1
-2132.02 -2508.4 14689.2 15053.9 -1 1
1049.44 -2769.12 1500.45 3321.43 -1 2
5679.57 -4666.28 7543.06 10532.8 1 2
event 2
2746.86 4205.7 -5142.89 7827.72
16452.5 -3844.53 47457 50470
2693.45 1705.26 -3883.68 5025.61 1 1
53.4149 2500.44 -1259.21 2802.11 -1 1
10102.6 -3881.17 29430.8 31357.8 -1 2
6349.87 36.6382 18026.2 19112.2 1 2
event 3
-9819.36 4672.21 4692.92 12241.9
-5146.21 -438.723 1422.51 6187.91
-3128.98 -916.238 -569.038 3311.34 1 2
-4757.2 770.8 1242 4977.83 1 1
-2017.23 477.514 1991.55 2876.57 -1 2
-5062.16 3901.41 3450.93 7264.06 -1 1
event 4
1678.44 5607.76 1395.77 6767.78
-2167.04 8289.13 -36957.5 38063.9
593.693 3545.99 -16016.5 16415.4 -1 2
-882.852 1930.05 657.759 2224.49 1 1
-2760.73 4743.15 -20941 21648.5 1 2
2561.29 3677.7 738.01 4543.3 -1 1
event 5
-6068.2 -5578.34 -4805.76 10031.2
4610.31 4664.67 26608.1 27578.9
3250.72 1671.22 9985.97 10634.4 1 2
-3336.36 -2416.22 -714.607 4182.25 -1 1
1359.58 2993.45 16622.2 16944.5 -1 2
-2731.84 -3162.12 -4091.15 5848.99 1 1
event 6
-2037.71 5710.93 9052.65 11327.3
-10365.9 3219.07 17121.9 20507.7
-2755.81 1568.57 2926.13 4316.05 -1 2
-1736.28 1450.08 4756.69 5268.27 -1 1
-7610.13 1650.5 14195.8 16191.7 1 2
-301.437 4260.85 4295.96 6059.05 1 1
