event 0
7515.89 -1466 -16357.3 18324.6
3947.65 -6179.62 789.068 7999.02
2532.54 -1854.74 -684.743 3214.63 1 2
2232.66 -729.772 -2301.3 3290.06 -1 1
5283.23 -736.232 -14056 15034.6 1 1
1415.11 -4324.87 1473.81 4784.39 -1 2
event 1
-2087.45 -6266.98 8962.39 11556.3
-13719.8 -1961.64 -20236.3 24722
-3550.3 11.2729 -3186.97 4772.08 1 2
-1765.92 -1883.71 5042.89 5666.46 1 1
-10169.5 -1972.91 -17049.3 19950 -1 2
-321.529 -4383.27 3919.5 5889.83 -1 1
event 2
135.298 4788.44 2175.74 6105.16
1646.43 10353.5 -13866.3 17657
-1306.88 3036.89 1906.48 3817.91 -1 1
1442.18 1751.55 269.262 2287.25 1 1
-594.212 5790.52 -7995.76 9890.72 -1 2
2240.64 4562.94 -5870.54 7766.29 1 2
event 3
-13213.6 1754.07 23167.7 26907.4
592.706 5526.19 -5907.45 8682.08
-7826.4 2434.43 12718.7 15131.3 -1 1
-5387.18 -680.36 10449 11776.1 1 1
1817.24 3758.87 -4308.86 6000.74 -1 2
-1224.54 1767.32 -1598.59 2681.34 1 2
event 4
-15167.9 -5081.84 13068.7 20887.2
-6294.62 -234.533 16234.5 17686.9
-3986.01 1309.77 10699.6 11493.3 1 2
-3821.61 -2202.33 2274.85 4963.97 1 1
-2308.61 -1544.3 5534.84 6193.56 -1 2
-11346.3 -2879.51 10793.9 15923.2 -1 1
