event 0
-6802.35 4448.19 -5627.58 10359.5
-9465.46 293.357 5245.16 11259.8
-3672.82 102.968 386.26 3696.02 -1 2
-3070.5 1335.51 -4035.2 5244.57 1 1
-5792.64 190.39 4858.9 7563.79 1 2
-3731.85 3112.68 -1592.39 5114.92 -1 1
event 1
6769.78 -922.444 -26405.2 27450.1
10125 3586.26 -30780.5 32747.6
4951.01 32.2313 -22475.9 23015 1 1
1818.77 -954.675 -3929.34 4435.11 -1 1
5587.29 974.029 -12405.5 13640.9 -1 2
4537.66 2612.23 -18375 19106.7 1 2
event 2
16614.8 9374.54 -37193.9 41915.5
5831.66 -4730.35 26052.3 27289.1
13716.8 6467.52 -27910.1 31764.2 1 1
2898 2907.02 -9283.79 10151.3 -1 1
3523.34 -1016.96 13812.1 14291.1 -1 2
2308.32 -3713.39 12240.1 12998.1 1 2
event 3
9699.62 -1416.16 -10296.7 14550
8049.7 -1704.36 -1673.28 8949.48
5314.43 -1807.88 221.289 5618.87 1 2
4640.47 797.052 -4047.31 6209.77 1 1
2735.26 103.516 -1894.57 3330.61 -1 2
5059.15 -2213.21 -6249.37 8340.21 -1 1
