event 0
-4163.06 9107.02 -57400.4 58349.6
-4856.04 8128.3 18216.2 20762.2
-1086.83 6021.03 -34265.5 34807.6 -1 1
-3076.22 3085.98 -23135 23542 1 1
-2591.15 3311.62 11136.1 11904 -1 2
-2264.89 4816.68 7080.09 8858.27 1 2
event 1
-3767.46 -4241.45 -24285.1 25130.5
7200.25 1401.82 16796 18587.7
2899.18 2098.27 6868.33 7745.52 -1 2
-195.789 -2362.75 -10595.5 10858 1 1
4301.07 -696.457 9927.65 10842.2 1 2
-3571.67 -1878.69 -13689.6 14272.5 -1 1
event 2
7193 -2546.25 20068.2 21692.1
-9082.49 1164.73 26106.3 27838.4
4109.73 -1931.8 7792.49 9019.74 1 1
3083.28 -614.447 12275.7 12672.3 -1 1
-7133.44 -184.883 21553.5 22704.3 -1 2
-1949.05 1349.61 4552.78 5134.12 1 2
