event 0
-4353.35 -7063.85 10338.7 13613.6
8312.95 -889.178 37275 38326.4
3680.06 -1498.28 21858.2 22216.7 1 2
-1226.5 -3394.22 2435.07 4354.97 1 1
-3126.85 -3669.63 7903.67 9258.65 -1 1
4632.9 609.103 15416.8 16109.7 -1 2
event 1
-7547.82 -9477.01 -7686.08 14678.2
4455.63 -7553.35 5790.76 10955.8
4632.71 -5448.76 4071.29 8230.29 -1 2
-1510.6 -3609.68 -1348.49 4140.2 1 1
-6037.22 -5867.33 -6337.59 10538 -1 1
-177.081 -2104.58 1719.47 2725.5 1 2
event 2
-5298.32 -4760.92 2439.54 8141.29
-4597.69 4690.94 33839.9 34610.3
-3822.58 2252.82 25594.6 25976.6 1 2
-3565.64 -1128.76 1172.38 3920.91 -1 1
-775.109 2438.12 8245.36 8633.79 -1 2
-1732.68 -3632.16 1267.15 4220.38 1 1
event 3
-6762.09 4050.43 17488.9 19431.5
-1345.48 -11350.8 36669.9 38534.7
-1.81899 -3493.47 16077.5 16453 -1 2
-1565.15 1774.59 2701.48 3592.78 1 1
-1343.66 -7857.32 20592.4 22081.6 1 2
-5196.94 2275.84 14787.4 15838.8 -1 1
event 4
-6199.51 -6754.35 10251.7 14097.7
2322.91 8188.96 -16465.4 18792.4
-3435.49 -3474.1 7656.12 9082.91 1 1
-2764.02 -3280.25 2595.57 5014.77 -1 1
2954.83 5031.28 -10658.2 12151.3 -1 2
-631.921 3157.68 -5807.14 6641.11 1 2
event 5
-9105.87 -7714.62 12788.4 17764.2
-9422.62 12167.3 -74612 76245.5
-2865.17 4657.09 -20187 20914.7 -1 2
-4118.09 -1888.79 3549.46 5756.39 -1 1
-6557.45 7510.18 -54425 55330.8 1 2
-4987.79 -5825.83 9238.94 12007.8 1 1
