event 0
-7590.91 16315.6 -4704.52 18855.9
6297.72 -97.8624 7604.92 10348.9
3838.07 -1156.18 6027.09 7239.1 1 2
-3672.86 4730.93 -967.069 6067.78 -1 1
2459.65 1058.32 1577.83 3109.76 -1 2
-3918.05 11584.6 -3737.45 12788.1 1 1
event 1
9228.44 8644.58 -5402.43 14095.1
4234.6 3049.12 -22893.7 23684.2
6071.68 4519.05 -4544.3 8828.87 1 1
3156.76 4125.52 -858.126 5266.18 -1 1
3590.99 1016.1 -17267.4 17666.4 -1 2
643.618 2033.02 -5626.33 6017.82 1 2
event 2
15633.2 8299.92 -64833.8 67277.8
6509.99 6807.47 -1288.79 9998.67
1117.17 3246.88 -170.495 3439.55 -1 2
2441.33 141.695 -9632.58 9938.71 -1 1
13191.9 8158.22 -55201.2 57339.1 1 1
5392.82 3560.59 -1118.29 6559.12 1 2
event 3
8997.25 2312.69 -26970.1 28692.8
-1202.82 -12893.5 -34726 37191.1
-1473.74 -10785.1 -31484.3 33313.1 1 2
4572.05 -291.709 -10971.7 11890.3 1 1
270.927 -2108.45 -3241.66 3877.95 -1 2
4425.2 2604.4 -15998.3 16802.5 -1 1
event 4
-4926.77 3610.65 6541.19 9470.34
-9621.06 -13001.1 19776.2 25734.8
-3574.26 1896.7 2192.92 4603.57 -1 1
-1352.52 1713.95 4348.26 4866.77 1 1
-6111.01 -6369.81 9030.64 12628.6 -1 2
-3510.05 -6631.28 10745.5 13106.2 1 2
event 5
-4288.95 4754.43 -17173.7 18588.3
4082.21 -5819.01 -33538.9 34423.4
737.665 -3613.6 -18153.8 18524.9 -1 2
-1738.77 1065.21 -2412.87 3160.87 -1 1
-2550.18 3689.22 -14760.8 15427.4 1 1
3344.55 -2205.41 -15385.1 15898.5 1 2
event 6
-829.52 7845.61 -1839.38 8672.55
-5187.52 -3484.09 136.548 6975.58
-2019.78 -3079.05 -499.457 3717.62 1 2
-1896.13 3740.24 -1322.04 4398.14 -1 1
-3167.74 -405.037 636.006 3257.96 -1 2
1066.61 4105.38 -517.334 4274.41 1 1
event 7
-4482.51 -9104.74 -5177.21 11806.1
-1633.44 6886.84 24239.9 25441.4
-3842.92 -4459.21 -3336.66 6767.35 -1 1
-639.592 -4645.53 -1840.55 5038.73 1 1
-2266.42 3911.77 11862.5 12695.2 -1 2
632.983 2975.07 12377.5 12746.1 1 2
event 8
-14870.7 2976.42 -21540.5 26525.1
-6141.7 5075.69 15439 17647.6
-3995.37 4103.04 7968.85 9813.85 -1 2
-4523.65 -399.468 -5383.4 7043.8 1 1
-10347.1 3375.89 -16157.1 19481.3 -1 1
-2146.33 972.653 7470.18 7833.74 1 2
event 9
-1360.35 -9623.78 478.969 10212.1
-10762.7 211.826 -22029.2 24713.6
-4469.29 -313.902 -6032.54 7515.04 -1 2
-13.4642 -4303.06 1630.92 4602.99 1 1
-6293.45 525.729 -15996.7 17198.5 1 2
-1346.88 -5320.72 -1151.95 5609.13 -1 1
event 10
10519.7 462.97 20838.2 23552.1
-5107.52 -5199.54 14962.8 16929.2
6359.78 -1233.87 12046.4 13678.3 1 1
4159.97 1696.84 8791.84 9873.81 -1 1
-842.651 -2980.04 6313.44 7032.88 -1 2
-4264.87 -2219.49 8649.35 9896.35 1 2
event 11
7813.83 4691.15 20239 22411.3
4642.79 -781.827 -6435.74 8554.37
3978.17 2357.94 6658.15 8107.28 1 1
3835.65 2333.21 13580.8 14304.1 -1 1
2848.25 1044.53 -2996.92 4265.71 -1 2
1794.54 -1826.36 -3438.83 4288.66 1 2
event 12
6815.57 4250.24 -8416.29 12039.2
5405.89 6919.27 3145.91 9827.95
2171.14 2639.19 2854.51 4454.05 1 2
1789.59 2141.56 -4611.38 5391.19 -1 1
5025.98 2108.68 -3804.91 6647.97 1 1
3234.75 4280.08 291.401 5373.9 -1 2
event 13
-7283.1 -10588.5 56888.7 58404.4
1652.24 4613.07 27292.1 27972.4
-799.632 3197.19 14424.4 14796.5 1 2
-2276.21 -3386.04 12253.7 12915.6 1 1
2451.87 1415.88 12867.6 13175.9 -1 2
-5006.89 -7202.44 44635 45488.9 -1 1
event 14
-3029.86 10188.1 2521.51 11354.6
2354.77 3430.41 -3292.58 6143.64
240.829 3009.35 -2087.52 3671.93 1 2
-2948.3 4609.39 923.925 5550.11 -1 1
2113.94 421.055 -1205.06 2471.71 -1 2
-81.5573 5578.73 1597.58 5804.51 1 1
event 15
-1534.1 10499.2 5834.16 12498.6
10942.3 -2629.47 22218 25097.4
7051.73 -2575.59 17029.4 18611.1 1 2
-2003.15 4792.99 1819.96 5505.34 1 1
3890.54 -53.8769 5188.61 6486.3 -1 2
469.054 5706.17 4014.2 6993.24 -1 1
event 16
-10392.6 -767.445 -24758.5 27040.1
4433.07 7009.59 33491.2 34641.5
-5780.54 -1278.59 -16971.5 17974.8 1 1
-4612.08 511.145 -7786.96 9065.34 -1 1
1503.44 4091.43 12287.4 13038.1 -1 2
2929.63 2918.16 21203.8 21603.5 1 2
event 17
1613 6410.3 22875.6 24012
7746.57 -10593.3 29846.1 32750.7
-452.846 4131.76 11542.7 12268.7 1 1
2065.85 2278.54 11333 11743.4 -1 1
4191.45 -7247.1 21616.3 23181.1 1 2
3555.12 -3346.23 8229.79 9569.57 -1 2
event 18
-8855.83 -5356.32 25661.9 27843.1
4000.16 5754.1 -607.152 7685.73
1727.92 4645.39 374.259 4971.58 -1 2
-2660.42 -2580.77 12424.7 12966.2 -1 1
-6195.41 -2775.55 13237.2 14876.9 1 1
2272.24 1108.71 -981.411 2714.15 1 2
event 19
-408.921 9084.49 5234.78 10940.2
-3160.19 -4687.89 9659.84 11613.2
295.492 4792.09 1076.25 4921.47 -1 1
-704.413 4292.4 4158.54 6018.76 1 1
-1184.76 -3151.87 3048.66 4543.51 -1 2
-1975.43 -1536.02 6611.18 7069.69 1 2
event 20
7759.41 5366.97 530.67 9944.11
9103.71 4776.32 20854.9 23456.6
4779.45 1458.07 -10.4989 4998.04 1 1
2979.96 3908.89 541.169 4946.07 -1 1
5976.45 4515.6 16112.8 17769.1 -1 2
3127.26 260.72 4742.16 5687.44 1 2
event 21
-8912.35 -2440.62 1934.8 9935.88
-1876.52 3769.45 6378 8246.23
-2552.75 1775.78 3581.43 4744.23 1 2
-4227.87 304.072 1461.55 4484.94 -1 1
676.229 1993.66 2796.57 3501.99 -1 2
-4684.48 -2744.7 473.248 5450.95 1 1
event 22
-5262.64 424.405 33754.6 34363.3
-1338.98 10528 -43654.7 45032.8
-1879.24 3449.28 -14105.1 14642.2 1 2
-1344.66 1831.27 12136 12347.2 1 1
540.264 7078.7 -29549.5 30390.5 -1 2
-3917.98 -1406.86 21618.7 22016.1 -1 1
event 23
-5877.48 2165.41 2846.86 7805.56
-5577.04 3765.43 -3811.93 8330.89
-3132.65 308.368 -1304.43 3409 1 2
-1815.4 1964.67 -255.513 2689.25 -1 1
-2444.4 3457.06 -2507.49 4921.89 -1 2
-4062.08 200.744 3102.37 5116.32 1 1
event 24
-8959.72 -4185.63 -14340.8 17693.1
4472.05 -3916.68 -10893.8 12790.8
4133.75 -1894.1 -8471.98 9615.67 -1 2
-4054.73 -301.945 -4918.54 6382.42 1 1
-4904.99 -3883.68 -9422.29 11310.7 -1 1
338.304 -2022.58 -2421.8 3175.15 1 2
event 25
3540.82 -4597.01 10377.3 12286.1
-2375.27 -10741.4 29586.7 31717.3
1612.78 -3138.24 8561.33 9260.51 -1 1
1928.04 -1458.77 1815.93 3025.57 1 1
316.638 -5721.39 14928.6 15990.9 -1 2
-2691.91 -5020.02 14658.1 15726.4 1 2
event 26
3457.38 8963.22 4925.41 11231.3
2841.07 4292.11 13899.5 15142
389.874 3079.67 5609.89 6412.36 1 2
896.235 4306.82 731.702 4460.77 -1 1
2451.19 1212.45 8289.58 8729.64 -1 2
2561.14 4656.41 4193.71 6770.52 1 1
event 27
-24153.3 12975.3 -120960 124067
6277.93 3145.12 4695.76 8996.98
-11385.4 7836.3 -61961.9 63484.8 1 1
-12768 5138.99 -58998 60582.2 -1 1
3342.12 1199.94 4097.64 5423.23 -1 2
2935.81 1945.18 598.119 3573.75 1 2
event 28
-3824.81 -8527.19 -16292.5 19036.2
-5117.27 4968.04 10525.1 13085.7
-2800.43 3278.53 8627.87 9645.85 1 2
-282.933 -4373.57 -7077.8 8325.54 1 1
-2316.84 1689.51 1897.22 3439.89 -1 2
-3541.88 -4153.62 -9214.69 10710.7 -1 1
event 29
-5009.96 1435.36 -15403.5 16553.6
-8507.87 -288.3 5894.62 10807.6
-2712.06 2345.81 -8974.04 9664.51 -1 1
-2297.89 -910.451 -6429.5 6889.04 1 1
-4525.95 1387.37 3199.66 5714.72 1 2
-3981.92 -1675.67 2694.95 5092.88 -1 2
event 30
-117.999 -7498.31 -7627.65 11136
-5653.32 -4560.5 5084.08 9391.32
-3690.15 -3213.29 5014.41 7006.99 1 2
918.603 -2959.34 -4715.48 5643.44 1 1
-1963.18 -1347.21 69.6639 2384.33 -1 2
-1036.6 -4538.97 -2912.17 5492.6 -1 1
event 31
-5392.18 -50.4318 6133.84 8734.6
7458.7 -2923.92 8048.04 11770.4
-3389 -1418.98 2853.38 4653.15 -1 1
-2003.18 1368.55 3280.46 4081.45 1 1
3395.16 -2728.4 3017.15 5299.59 1 2
4063.53 -195.513 5030.89 6470.82 -1 2
event 32
4134.9 -5369.25 110.174 7451.82
-14720.2 -694.033 3445.65 15447.6
-3109.57 -1085.56 -112.607 3297.22 -1 2
711.162 -2674.32 -1016.82 2950.06 1 1
-11610.6 391.526 3558.26 12150.4 1 2
3423.74 -2694.92 1127 4501.76 -1 1
event 33
8768.65 -2282 15542.7 18255.5
-9401.86 -2480.58 14834.1 18005.3
-3171.96 -1280.67 7881.26 8592.25 1 2
2490.77 -2042.13 6344.8 7116.31 1 1
-6229.91 -1199.91 6952.87 9413.03 -1 2
6277.88 -239.877 9197.87 11139.2 -1 1
event 34
-3447.04 3018.19 -7387.22 9227.88
10383 -1890.96 7996.78 13598.6
-3281.44 926.353 -4206.55 5415.92 1 1
-165.596 2091.84 -3180.67 3811.96 -1 1
5658.46 -2575.95 4308.01 7564.64 1 2
4724.54 684.988 3688.77 6033.96 -1 2
event 35
-4264.83 -7261.31 13370.9 16102.4
-4531.56 -9153.73 5108.94 11832.9
-809.565 -4872.59 1761.02 5244.99 1 2
-1609.54 -1309.01 5520.91 5898.79 1 1
-2655.29 -5952.31 7850.02 10203.6 -1 1
-3722 -4281.14 3347.92 6587.95 -1 2
event 36
-4349.36 -8584.6 -36074.2 37463.9
5126.69 11996 23977.6 27471.8
1454.48 6075.99 13670 15030.4 -1 2
-845.628 -2948.4 -16824.5 17102.1 -1 1
3672.21 5920.02 10307.6 12441.5 1 2
-3503.74 -5636.2 -19249.7 20361.8 1 1
event 37
7998.81 -473.252 11677 14496.5
9125.23 1658.59 2846.61 10184.1
3704.15 2179.3 1666.15 4610.56 1 2
3153.79 -1055.52 2727.39 4302.37 -1 1
5421.08 -520.707 1180.45 5573.5 -1 2
4845.02 582.273 8949.63 10194.1 1 1
event 38
5291.1 -14200.2 10474.7 18680.2
6041.72 -1959.39 -16515.1 17963.4
3571.84 -2707.4 -10564.5 11476.4 -1 2
2032.6 -3618.06 4404.79 6052.7 1 1
3258.5 -10582.1 6069.88 12627.5 -1 1
2469.89 748.003 -5950.65 6487 1 2
event 39
-5766.81 -4626.03 -17882 19596.2
2325.96 -7919.92 781.918 8850.85
-3799.22 -1447.61 -7077.02 8162.41 -1 1
-1967.59 -3178.42 -10804.9 11433.8 1 1
564.365 -5160.3 -729.821 5243.19 -1 2
1761.6 -2759.62 1511.74 3607.66 1 2
event 40
-1714.73 10227.5 12422.7 16476
4822.78 8945.54 8086.08 13351.3
3795.4 5762.07 3686.88 7823.73 1 2
572.35 4709.05 4383.66 6459.9 -1 1
1027.38 3183.47 4399.2 5527.58 -1 2
-2287.08 5518.49 8039.08 10016.1 1 1
event 41
-5243.83 -3637.29 6921.69 9911.02
-1475.47 -11693.8 3264.8 12616.3
-1940.51 -3087.76 4410.88 5724.23 -1 1
-3303.32 -549.529 2510.81 4186.79 1 1
600.925 -7302.96 1968.28 7588.12 -1 2
-2076.39 -4390.8 1296.52 5028.19 1 2
event 42
-3732.37 -2689.98 -6161.42 8289.78
-8147.91 -7334.43 -30874.5 32909.1
-3309.65 -610.898 -4329.14 5484.48 1 1
-422.729 -2079.08 -1832.28 2805.3 -1 1
-3767.48 -5298.98 -19327.7 20392.2 1 2
-4380.44 -2035.45 -11546.8 12516.9 -1 2
event 43
-3245.37 20628.8 3097.66 21337
-5065.77 3622.42 -35367.6 36045
-633.398 13325.2 1598.08 13436 -1 1
-2611.98 7303.64 1499.58 7900.98 1 1
-4030.4 1029.92 -21102.9 21509.3 -1 2
-1035.37 2592.5 -14264.7 14535.7 1 2
event 44
8800.96 2866.27 22776.9 24780.1
-995.438 7268.36 8074.5 11340.6
993.381 4002.38 3869.97 5656.29 1 2
4144.37 157.527 7360.81 8449.46 -1 1
-1988.82 3265.99 4204.53 5684.31 -1 2
4656.59 2708.74 15416.1 16330.6 1 1
event 45
2946.44 9072.25 17611.5 20266.8
6164.3 5435 37319.2 38338.7
4413.87 3556.07 31046.1 31559.5 -1 2
1276.15 2904.73 8997.62 9541.2 1 1
1670.28 6167.51 8613.84 10725.6 -1 1
1750.43 1878.93 6273.1 6779.18 1 2
event 46
-5132.08 9258.3 37600.9 39185.1
11756.6 -10158.6 26997.1 31366.4
4965.91 -3677.17 7433.76 9667.15 -1 2
-344.469 2403.21 5499.46 6012.43 1 1
6790.67 -6481.46 19563.3 21699.3 1 2
-4787.62 6855.09 32101.4 33172.7 -1 1
event 47
4185.73 5428.62 -19941.5 21313
-6247.71 5026.87 22635.3 24212.6
-2624.18 2701.65 6506.32 7518.55 1 2
2635.72 1351.39 -5795.28 6509.2 -1 1
1550.01 4077.23 -14146.2 14803.8 1 1
-3623.53 2325.23 16129 16694.1 -1 2
event 48
-1794.68 9047.56 37298.1 38546.3
8530.69 1877.07 -12192.4 15314.8
6259.69 -44.2578 -8827.12 10822 1 2
-733.2 4449.41 24358.8 24772.9 -1 1
2271 1921.32 -3365.3 4492.81 -1 2
-1061.48 4598.15 12939.2 13773.3 1 1
event 49
5696.11 8249.76 3227.78 10977.9
2121.32 9845.8 31320.4 33045.4
-198.412 4885.06 17749.3 18410.6 1 2
2792.82 2358.99 -4.85216 3657.3 1 1
2903.29 5890.77 3232.63 7320.61 -1 1
2319.74 4960.74 13571.1 14634.8 -1 2
event 50
5407.39 2534.06 6013.11 9022.73
-3579.05 10067.9 8283.06 13869.8
3250.73 2068.41 1774.94 4243.48 1 1
2156.66 465.65 4238.17 4779.25 -1 1
-445.83 5824.53 4589.55 7429.61 -1 2
-3133.22 4243.4 3693.51 6440.24 1 2
event 51
-8112.58 1068.46 -28149.9 29478.2
6497.09 5661.55 13788.6 16552.4
2060.38 2325.86 7745.6 8346.27 -1 2
-2267.8 -492.75 -4471.77 5039.21 -1 1
-5844.78 1561.21 -23678.1 24439 1 1
4436.71 3335.69 6042.97 8206.09 1 2
event 52
2827.41 -6380.2 7113.23 10435.1
9107.71 -1621.16 463.34 9766.48
3592.01 -1209.93 1605.69 4117.75 1 2
674.859 -2595.73 867.416 2820.79 1 1
5515.7 -411.232 -1142.35 5648.73 -1 2
2152.55 -3784.47 6245.81 7614.26 -1 1
event 53
-9463.92 -13484 -11075.4 20090.8
4708.22 -4570.74 9909.45 12282
-6550.89 -7873.31 -8309.89 13189.7 1 1
-2913.03 -5610.67 -2765.47 6901.04 -1 1
2230.36 -4046.78 7329.87 8665.4 -1 2
2477.86 -523.956 2579.58 3616.59 1 2
event 54
4601.21 -7021.36 -17133 19328.7
632.877 -15915 21156.9 26662.6
2609.84 -5621.13 -14339.9 15622.2 1 1
1991.37 -1400.23 -2793.06 3706.55 -1 1
-1131 -9618.59 12756.9 16017.1 -1 2
1763.88 -6296.43 8399.99 10645.5 1 2
