event 0
-5403.05 3659.77 -10858.6 13041.8
2765.28 -9920.24 5694.12 12168.5
2171.72 -3295.57 3133.69 5040.67 1 2
-1101.12 2483.06 -3430.76 4377.14 -1 1
593.552 -6624.67 2560.43 7127.8 -1 2
-4301.94 1176.71 -7427.87 8664.62 1 1
event 1
1929.09 7588.53 -9624.09 12787.6
4920.16 1359.74 -2884.87 6630.72
-484.554 4266.75 -5328.57 6844.33 1 1
2413.64 3321.77 -4295.52 5943.28 -1 1
3085.31 -437.811 -566.718 3169.1 -1 2
1834.85 1797.55 -2318.15 3461.62 1 2
event 2
6282.26 6389.04 6562.37 11530.1
7228.94 7369.04 -3454.66 11317.5
6139.27 5405.71 -1455.41 8309.13 1 2
1719.77 2619.55 3994.17 5077.81 1 1
1089.67 1963.33 -1999.25 3008.36 -1 2
4562.49 3769.49 2568.2 6452.31 -1 1
event 3
-2206.9 -6834.64 22528.5 23847.6
-7612.68 398.878 9756.93 12763.3
-3525.21 1418.53 3200.19 4969.08 1 2
379.55 -3093.99 6935.04 7604.13 -1 1
-2586.45 -3740.65 15593.5 16243.5 1 1
-4087.47 -1019.65 6556.74 7794.17 -1 2
event 4
2928.87 -9168.26 9814.67 14232
-6680.77 -9886.76 -3600.09 12842.6
-1324.97 -4482.41 -1893.65 5044.26 1 2
2545.71 -2513.34 4181.76 5504.16 -1 1
-5355.79 -5404.36 -1706.45 7798.38 -1 2
383.165 -6654.91 5632.91 8727.86 1 1
event 5
2282.49 6895.25 -35265.3 36138.4
-10022.4 10580.1 -13158.6 19877.8
-3525.25 1806.1 -3075.35 5015.81 -1 2
-602.298 2565.62 -9934.36 10278.5 -1 1
-6497.12 8773.95 -10083.2 14861.9 1 2
2884.79 4329.63 -25330.9 25859.9 1 1
