event 0
3463.83 4575.26 13606.5 15088.4
-11891.3 -7144.11 5458.9 15226
2488.46 2618.24 11484.2 12039.4 1 1
975.372 1957.02 2122.3 3049.03 -1 1
-7829.52 -3848.17 1990.57 8948.93 -1 2
-4061.74 -3295.94 3468.33 6277.05 1 2
event 1
-5745.49 439.613 -17551.8 18731.3
11563 -1143.91 -17546.8 21271.9
-3997.44 -964.972 -9103.28 9989.57 -1 1
-1748.04 1404.59 -8448.57 8741.74 1 1
6127.4 307.675 -11342.6 12895.9 -1 2
5435.62 -1451.58 -6204.25 8375.97 1 2
event 2
-5170.09 9535.65 -3293.04 11751.3
7980.28 -11243.2 -20935.4 25258.1
2474.21 -4749.02 -10521.9 11806.6 -1 2
-2085.95 2737.14 -2475.55 4240.6 1 1
5506.07 -6494.15 -10413.4 13451.5 1 2
-3084.15 6798.51 -817.494 7510.73 -1 1
event 3
-8254.74 -3284.9 -39811.7 40908.3
-7636.98 -2660.7 11526.2 14416.9
-3255.44 -2571.46 4383.61 6036.35 1 2
-2938.27 -2810.55 -16746.5 17233.4 1 1
-5316.47 -474.347 -23065.1 23674.9 -1 1
-4381.53 -89.2382 7142.62 8380.57 -1 2
event 4
7646.61 907.538 -12920.1 15356.3
-13924.6 5606.74 -24052.4 28520.8
4210.66 -135.037 -9515.88 10407.3 -1 1
3435.95 1042.57 -3404.26 4949.02 1 1
-8977.12 4068.54 -13003.3 16316.8 -1 2
-4947.48 1538.19 -11049.1 12204 1 2
event 5
1079.66 5442.15 11331.3 12991.2
-8449.13 -7857.74 38931.8 40723.5
1591.86 2717.3 8319.34 8896.09 1 1
-512.196 2724.85 3011.91 4095.11 -1 1
-4250.73 -5703.97 26060.8 27014.4 1 2
-4198.4 -2153.77 12871 13709.1 -1 2
event 6
8505.33 13063.5 -5024.61 16668.3
-405.159 4454.4 -8709.43 10269
5975.04 6464.42 -3213.14 9371.52 1 1
2530.29 6599.1 -1811.46 7296.78 -1 1
1254.55 2870.92 -5318.74 6173.84 -1 2
-1659.71 1583.48 -3390.69 4095.12 1 2
event 7
-14317.2 893.176 -10962.8 18318.1
5394.16 -3850.96 -4844.96 8774.39
1454.06 -2811.32 -2734.83 4184.29 -1 2
-2909.46 -938.4 -1634.39 3468.13 1 1
-11407.7 1831.58 -9328.42 14850 -1 1
3940.09 -1039.63 -2110.13 4590.1 1 2
event 8
6015.81 4242.7 32545 33510.6
-15466.6 -9024.66 -9817.99 20655.4
4950.3 1972.02 24897.4 25461.5 -1 1
1065.51 2270.68 7647.64 8049.15 1 1
-9240.9 -5064.36 -4051.47 11290.2 -1 2
-6225.71 -3960.3 -5766.52 9365.22 1 2
event 9
3384.81 -4382.29 14031.3 15399.1
7614.5 4998.65 -34507.4 35823.5
2511.53 -2257.33 4698.64 5787.2 -1 1
873.288 -2124.96 9332.69 9611.89 1 1
4650.79 1226.32 -16406.9 17097.7 -1 2
2963.71 3772.33 -18100.5 18725.8 1 2
event 10
8164.09 2857.48 -6599.38 11311.9
2120.83 6952.51 -4180.78 8938.96
4499.94 1303.11 -1668.43 4974.17 -1 1
3664.14 1554.37 -4930.95 6337.78 1 1
1224.67 4701.81 -1038 4969.45 -1 2
896.16 2250.7 -3142.78 3969.51 1 2
event 11
-7140.78 6341.55 -10348.5 14418.4
7479.19 -1833.58 15473.9 17559.4
-2838.12 4437.33 -6280 8197.22 1 1
-4302.66 1904.22 -4068.49 6221.15 -1 1
3728.74 -2352.05 9682.69 10639.6 -1 2
3750.45 518.469 5791.18 6919.8 1 2
event 12
-14722.4 12493.9 -32165.8 37644
4563.4 2327.63 721.582 6029.45
2465.6 2034.75 -941.659 3334.26 1 2
-4092.72 5147.77 -9520.61 11571.7 1 1
2097.8 292.882 1663.24 2695.19 -1 2
-10629.7 7346.11 -22645.1 26072.4 -1 1
event 13
-5694.58 -3487.48 22540.9 23712.4
4419.47 6658.3 -15309.6 17545.3
1690.69 3075.66 -3741.44 5131.05 -1 2
-1668.13 -2076.73 5074.63 5732.24 -1 1
2728.78 3582.64 -11568.1 12414.3 1 2
-4026.45 -1410.74 17466.3 17980.1 1 1
event 14
-2515.45 -9999.74 -30067 31936.5
-7110.26 578.629 12470.4 14696.6
-2986.09 -5961.82 -19831.8 20922.9 1 1
470.639 -4037.92 -10235.3 11013.6 -1 1
-1873.07 -1193.27 3072.8 3792.83 -1 2
-5237.2 1771.9 9397.55 10903.8 1 2
event 15
7451.3 -4716.74 -16928 19337
-1094.98 4945.68 5423.57 8041.41
625.339 3363.02 2239.25 4089.79 1 2
2966.82 -2733.4 -4902.57 6349.79 1 1
-1720.32 1582.67 3184.32 3951.63 -1 2
4484.49 -1983.34 -12025.5 12987.2 -1 1
event 16
7687.62 1701.13 14425.8 16723.9
3484.92 -5166.26 -10074.1 12243.9
4537.55 2388.51 7529.55 9110.41 1 1
3150.07 -687.377 6896.27 7613.49 -1 1
2125.32 -1034.27 -5182.49 5697.02 -1 2
1359.61 -4131.99 -4891.63 6546.83 1 2
event 17
2619.06 8212.43 -51.7293 9159.55
-5898.65 1912.89 -14916.9 16448.6
2361.38 4142.94 -1206.85 4920.13 -1 1
257.685 4069.5 1155.12 4239.42 1 1
-2776.76 2454.16 -9051.93 9781.72 -1 2
-3121.89 -541.263 -5864.92 6666.9 1 2
event 18
11054.7 -663.634 126.8 11500.1
-588.941 7159.22 -3194.57 8449.84
7475.46 202.195 -1219.81 7577.76 -1 1
3579.2 -865.829 1346.61 3922.36 1 1
1259.91 3158.75 -1160.23 3594.77 -1 2
-1848.85 4000.47 -2034.34 4855.07 1 2
event 19
-5388.66 -15954.8 55092.8 57692.3
6276.1 2902.77 2966.24 8136.8
-3412.43 -11630.4 43621.7 45274.5 1 1
-1976.23 -4324.36 11471.1 12417.9 -1 1
2404.06 -453.396 1065.49 2670.49 -1 2
3872.03 3356.17 1900.75 5466.31 1 2
event 20
6450.69 6964.37 10030.3 14153.1
-8525.59 5182.16 5173.73 11657.6
-6388.7 2334.09 2690.46 7315.27 1 2
3350 1437.44 3630.58 5145.97 -1 1
-2136.89 2848.07 2483.27 4342.3 -1 2
3100.68 5526.93 6399.68 9007.12 1 1
event 21
-8669.78 -10244 46180.5 48190.6
-1657.86 -6348.14 5799.93 9288.57
-1958.36 -3851.35 5081.74 6671.08 1 2
-3051.35 -3254.47 20768 21242 1 1
300.504 -2496.79 718.19 2617.49 -1 2
-5618.43 -6989.51 25412.6 26948.6 -1 1
event 22
-3327.83 -14777 1305.99 15515.5
-2870.55 -6505.78 4844.98 9144.98
-2696.2 -10248 2277.85 10839.3 1 1
-631.63 -4529.09 -971.855 4676.25 -1 1
-1674.5 -1360.85 310.177 2182.48 -1 2
-1196.05 -5144.93 4534.8 6962.5 1 2
event 23
5779.5 -4102.28 -3716.29 8580.96
-7239.62 1919.86 -25904.8 27143
-2976.3 -743.644 -9274.34 9769.13 -1 2
2727.72 -221.966 -831.234 2862.14 1 1
-4263.31 2663.5 -16630.4 17373.9 1 2
3051.78 -3880.31 -2885.05 5718.81 -1 1
event 24
4003.79 8703.45 -2278.31 10322.9
3298.69 6587.7 12775.2 15201.1
1676.09 6326.47 -540.263 6567.84 1 1
2327.71 2376.98 -1738.05 3755.03 -1 1
-575.642 2520.49 4673.16 5341.71 -1 2
3874.33 4067.21 8102.08 9859.38 1 2
event 25
-9262.72 -206.257 27385.7 29075.9
2651.12 3764.31 14460.8 15488.9
2779.4 1441.36 9614.86 10112.3 1 2
-3802.31 -1551.8 10342.9 11128.9 1 1
-128.276 2322.94 4845.97 5376.53 -1 2
-5460.42 1345.54 17042.8 17947 -1 1
event 26
7945.64 6355.81 2355.27 10893.5
-8617.26 -3711.01 -47175.7 48199.2
-3434.32 -38.0344 -13573.3 14001.5 1 2
2621.04 439.041 336.054 2680.8 -1 1
5324.6 5916.77 2019.21 8212.67 1 1
-5182.94 -3672.98 -33602.4 34197.8 -1 2
event 27
3134.29 -6625.03 -19946.3 21474.6
-10039.4 1161.28 8546.18 13592.9
1862.17 -3832.6 -15470.6 16047 1 1
1272.12 -2792.44 -4475.68 5427.6 -1 1
-5890.49 -840.936 4507.08 7465.25 -1 2
-4148.89 2002.22 4039.1 6127.61 1 2
event 28
3293.87 4092.66 -23499 24277.4
4697.44 -7123.93 -17175.7 19427.1
485.689 3003.76 -13197.1 13543.7 1 1
2808.18 1088.9 -10301.9 10733.7 -1 1
3835.83 -3029.22 -8993.66 10236.5 -1 2
861.606 -4094.71 -8182.02 9190.52 1 2
event 29
-12294.1 -5670.45 -16805.8 21802
-6623.41 -3734.65 -28495.5 29654.7
-7320.67 -4959.15 -11277.9 14331.3 1 1
-4973.44 -711.306 -5527.94 7470.63 -1 1
-1268.92 -1658.24 -4227.79 4716.49 -1 2
-5354.5 -2076.41 -24267.7 24938.2 1 2
event 30
11608.5 -3632.6 -1747.69 12829.4
3269.71 -6346.77 -28302.9 29353.3
5931.91 -3768.32 -1084.42 7111.6 -1 1
5676.56 135.719 -663.272 5717.76 1 1
3484.92 -3554.98 -17902.5 18582 -1 2
-215.214 -2791.79 -10400.4 10771.2 1 2
event 31
-2654.29 7685.41 2516.32 9057.26
-690.176 16645.2 6427.79 18123.1
-1751.7 5064.3 3142.83 6213.22 1 1
-902.595 2621.11 -626.513 2844.04 -1 1
1055.56 10325.4 4206.9 11199.9 -1 2
-1745.74 6319.83 2220.88 6923.24 1 2
event 32
-8465.33 -2006.27 -21417.3 23323.5
-8415.97 591.178 989.854 9041.52
-3013.66 1143.84 1555.39 3580.63 1 2
-2078.86 -1873.31 -7636 8133.3 -1 1
-6386.47 -132.953 -13781.3 15190.2 1 1
-5402.31 -552.66 -565.534 5460.9 -1 2
event 33
-22336 8944.63 113794 116351
2323.94 -7851.21 -28830.9 30130.6
1436.52 -5240.54 -23586.5 24204.6 -1 2
-4204.75 2474.14 28167.2 28586.8 -1 1
-18131.2 6470.49 85626.4 87763.9 1 1
887.419 -2610.67 -5244.33 5925.98 1 2
event 34
-6343.75 -4680.44 20098.7 21810.5
7259.78 2876.57 43468.7 44273
3359.57 -190.905 14821.5 15199 1 2
-1353.99 -2385.53 4481.5 5255.38 1 1
-4989.76 -2294.91 15617.2 16555.1 -1 1
3900.21 3067.47 28647.3 29074 -1 2
event 35
4253.89 9335.72 12359.9 16358.7
5045.49 -3041.03 -5399.97 8570.42
3062.06 -749.058 -4324.42 5352.48 1 2
3318.34 3766.58 6586.59 8282.08 -1 1
1983.43 -2291.98 -1075.55 3217.94 -1 2
935.548 5569.14 5773.28 8076.66 1 1
event 36
1647.1 -6621.17 24319.5 25447.6
223.972 8898.01 -10314.2 13971.3
1534.99 3828.44 -3766.63 5586.75 1 2
-920.702 -2019.28 7305.13 7635.52 1 1
2567.8 -4601.89 17014.4 17812.1 -1 1
-1311.01 5069.58 -6547.59 8384.6 -1 2
event 37
2526.43 7146.73 -16181.6 18135.4
3940.88 -3684.07 -1854.87 6491.09
3843.66 -1655.91 -1293.34 4381.74 -1 2
2428 2756.07 -8937.14 9663.06 1 1
98.4344 4390.65 -7244.45 8472.35 -1 1
97.2239 -2028.16 -561.523 2109.35 1 2
event 38
-6646.08 8665.67 4092.43 12066.6
7830.67 2669.79 -297.679 8838.97
-3114.21 5838.88 3546.87 7508.81 -1 1
-3531.87 2826.79 545.559 4557.81 1 1
3804.68 20.7723 -1077.59 3955.81 -1 2
4025.99 2649.02 779.909 4883.17 1 2
event 39
-3442.31 -3070.92 23168.5 23825.4
13529.2 2420.23 -7657.51 16035.1
-1257.04 -3119.75 13675.3 14083.3 1 1
-2185.27 48.8289 9493.21 9742.18 -1 1
8257.99 2983.11 -4988.93 10099.2 1 2
5271.24 -562.889 -2668.58 5935.93 -1 2
event 40
-4288.57 -13271.8 -54366 56211.9
2745.91 3644.2 1823.05 5808.15
3008.86 1555.67 894.122 3504.85 1 2
-1204.59 -3937.46 -11008.6 11754 1 1
-262.95 2088.53 928.928 2303.3 -1 2
-3083.98 -9334.32 -43357.4 44458 -1 1
event 41
-8202.36 -11205.2 42115 44453.3
-5652 -4708.22 -14815.6 16828.7
-4016.25 -7089.86 20647.3 22197.2 1 1
-4186.11 -4115.38 21467.7 22256.1 -1 1
-2506.14 -3349.64 -10593 11389.6 -1 2
-3145.86 -1358.59 -4222.63 5439.12 1 2
event 42
8647.45 -7630.97 11150.5 16338.1
-4575.09 -6159 -8007.96 11514.5
-2503.31 -2031.08 -1561.39 3583.43 -1 2
665.31 -2142.61 2337.93 3241.99 -1 1
7982.14 -5488.36 8812.54 13096.1 1 1
-2071.78 -4127.92 -6446.56 7931.04 1 2
event 43
741.823 -12714.3 -52757.6 54361.4
-4782.14 6989.25 7753.91 11892.5
-2520.25 4869.27 6604.65 8584.52 1 2
-1175.96 -6348.47 -26212.9 26996.5 1 1
-2261.89 2119.98 1149.26 3307.94 -1 2
1917.79 -6365.83 -26544.8 27364.9 -1 1
event 44
-9520.4 -4184.89 13847 17592.1
3359.34 -6368.67 24482.8 25706.9
-5108.46 -2431.21 9960.71 11455.7 -1 1
-4411.94 -1753.68 3886.32 6136.38 1 1
2139.03 -1610.12 5804.88 6393.41 -1 2
1220.31 -4758.55 18678 19313.5 1 2
event 45
-7086.86 -7683.57 3994.29 11610.6
-4968.37 4951.69 10422.9 12939.5
-1839.27 3170.61 3194.17 4863.08 1 2
-2707.15 -4323.19 3225.49 6036.03 1 1
-3129.1 1781.08 7228.7 8076.43 -1 2
-4379.71 -3360.38 768.796 5574.6 -1 1
event 46
-11387.8 9078.47 -44417.3 46846.5
-5224.95 -324.516 -5330.05 8087.39
-7989.53 4939.95 -25098.1 26798.6 1 1
-3398.31 4138.52 -19319.2 20047.9 -1 1
-3035.67 -1687.4 -2680.32 4388.38 -1 2
-2189.29 1362.89 -2649.73 3699.01 1 2
event 47
-903.823 -7315.26 -21723.4 23147.9
3661.86 -8690.4 -12052.3 15613.5
-943.688 -4015.47 -7644.18 8686.73 -1 1
39.8652 -3299.79 -14079.2 14461.1 1 1
1794.16 -6866.47 -10133.1 12371.6 -1 2
1867.7 -1823.92 -1919.29 3241.88 1 2
event 48
-11192.5 -8919.02 -71186.3 72676.7
-11850.7 -5927.44 -63505.8 64947.3
-5023.81 -1080.6 -27974 28442.3 -1 2
-3001.46 -2974.52 -14916.3 15503.7 -1 1
-8191.01 -5944.5 -56270 57173 1 1
-6826.89 -4846.83 -35531.8 36505.1 1 2
event 49
-3089.16 -6699.08 -13232 15462.8
4640.41 3204.75 -24041.3 24887.4
3850.44 1150.49 -18331.6 18767.2 -1 2
-634.651 -3109.66 -3105.52 4441.64 1 1
-2454.51 -3589.42 -10126.5 11021.1 -1 1
789.971 2054.25 -5709.79 6120.2 1 2
event 50
2016.79 8245.22 16837.2 19108.5
3735.39 4212.5 10732.3 12508.8
2522.99 4979.61 8850.49 10464.4 -1 1
-506.2 3265.61 7986.74 8644.05 1 1
3.78433 2025.98 4331.99 4783.5 -1 2
3731.61 2186.52 6400.28 7725.31 1 2
event 51
6010.94 -1215.61 -2180.07 7207.84
11455.1 -233.895 16725.3 20508.4
2776.58 1274.15 4128.54 5137.01 1 2
1812.82 -1394.52 328.325 2313 -1 1
8678.49 -1508.05 12596.7 15371.4 -1 2
4198.12 178.909 -2508.4 4894.84 1 1
event 52
3664.85 -10189.2 11221.6 15898.6
-1790.73 -6716.78 41594.2 42284.7
-2599.38 -3985.35 26239.5 26667.6 1 2
210.773 -5122 4975.14 7144.4 1 1
808.647 -2731.43 15354.7 15617.1 -1 2
3454.08 -5067.19 6246.46 8754.23 -1 1
event 53
-6169.37 -936.368 -21719.1 22808.9
-3731.14 -6630.12 3414.72 8895.56
-3130.82 -2551.3 1200.71 4214.74 1 2
-1922.59 -1647.97 -6069.05 6576.98 1 1
-4246.78 711.602 -15650 16232 -1 1
-600.326 -4078.82 2214 4680.83 -1 2
event 54
2053.71 5344.12 -13782 15241.8
7887.82 694.475 4495.87 9617.84
3732.76 -1152.23 1580.47 4215.46 -1 2
1806.77 924.233 -5240.22 5620.47 -1 1
4155.07 1846.7 2915.41 5402.37 1 2
246.939 4419.89 -8541.77 9621.3 1 1
event 55
-6063.02 -1714.83 1784.51 7244.06
-9646.65 -7216.62 -18245 22081.9
-3734.05 -853.249 -504.888 3864.87 1 1
-2328.97 -861.581 2289.4 3379.19 -1 1
-6276.63 -3036.18 -11640 13568.9 -1 2
-3370.02 -4180.44 -6604.97 8512.92 1 2
event 56
-8981.91 -513.475 -8762.74 12935
-3875.92 -4219.7 -16191.8 17452.6
-2412.04 -2323.93 -5083.94 6089.02 1 2
-4152 81.102 -2020.76 4619.56 1 1
-1463.88 -1895.77 -11107.8 11363.6 -1 2
-4829.91 -594.577 -6741.98 8315.47 -1 1
