event 0
-10968.8 -2552.55 -6636.25 13433.5
-1901.6 -7153.12 -11549.9 14063.3
-2620.31 -3989.49 -6677.49 8208.66 1 2
-5150.85 78.4209 -4007.93 6527.79 -1 1
718.707 -3163.63 -4872.42 5854.63 -1 2
-5817.93 -2630.97 -2628.31 6905.76 1 1
event 1
1981.93 -7505.31 2632.55 8762.36
5256.76 5878.47 2274.58 8772.4
4146.14 3691.75 2864.15 6247.72 1 2
1223.83 -2941.31 2633.41 4134.62 1 1
1110.63 2186.73 -589.565 2524.68 -1 2
758.097 -4564 -0.861528 4627.74 -1 1
event 2
4041.96 -5241.63 -15238.9 16900.5
10187.3 933.092 -12547.7 16482.9
3042.26 -2824.46 -12211.2 12898 1 1
999.699 -2417.17 -3027.65 4002.49 -1 1
6313.96 -907.922 -7977.48 10214.8 1 2
3873.3 1841.01 -4570.18 6268.14 -1 2
event 3
5119.74 5150.23 2499.52 8280.99
-4127.91 16810.8 35467.4 39587.5
-2513.45 14558 28862.5 32423.9 1 2
865.461 2991.84 819.83 3222.33 1 1
-1614.46 2252.77 6604.89 7163.6 -1 2
4254.28 2158.4 1679.7 5058.66 -1 1
event 4
-9317.85 2053.15 6890.44 12169.7
-919.888 -8165.09 18267.1 20268.1
393.777 -5699.07 9717.07 11272.4 1 2
-3943.17 181.651 1214.69 4131.37 -1 1
-1313.66 -2466.01 8550.06 8995.65 -1 2
-5374.67 1871.5 5675.75 8038.34 1 1
event 5
7134.92 -4802.48 2879.6 9584.05
4893.85 8997.27 2664.87 11026.9
5209.26 -1851.7 2394.25 6025.68 -1 1
1925.66 -2950.78 485.35 3558.37 1 1
2352.17 6994.26 2473.68 7783.48 -1 2
2541.68 2003.01 191.189 3243.44 1 2
event 6
-7144.87 4698.85 15016.3 17555.9
-11758.8 -5405.88 61156 62587.1
-4672.3 1414.87 9430.67 10619.8 1 1
-2472.57 3283.97 5585.65 6936.05 -1 1
-7756 -2386.51 42552 43319 -1 2
-4002.79 -3019.36 18604 19268.1 1 2
event 7
3720.16 7129.32 -3452.93 9283.34
7381.1 14208.2 13807.2 21367.8
2223.54 4187.2 -3636.03 5975.67 1 1
1496.62 2942.13 183.096 3307.67 -1 1
7060.82 10933.5 11044.6 17070.2 -1 2
320.281 3274.79 2762.59 4297.67 1 2
event 8
7305.23 161.86 -14435 16472.8
1554.2 -9952.76 5568.15 11919.3
3864.68 -1153.48 -9436.77 10263 -1 1
3440.55 1315.34 -4998.28 6209.79 1 1
246.502 -8438.97 3847.51 9278.55 -1 2
1307.7 -1513.79 1720.64 2640.72 1 2
