event 0
-14949.5 12376.9 13097.2 23617.8
4431.42 3066.68 3788.19 7278.96
2258.75 3064.88 1423.82 4066.19 1 2
-5569.17 6175.17 6704.67 10682.3 -1 1
2172.67 1.79657 2364.38 3212.78 -1 2
-9380.32 6201.69 6392.52 12935.5 1 1
event 1
-9192.1 2470.85 20862.2 23139.2
-485.488 -8834.47 -35602.6 36816
-5161.07 252.443 8498.43 9946.6 -1 1
-4031.03 2218.4 12363.7 13192.6 1 1
404.349 -4303.92 -22787.3 23194 -1 2
-889.836 -4530.55 -12815.3 13622 1 2
event 2
4396.68 -3976.36 956.771 6756.44
4371.05 -7190.86 -9931.58 13380.6
2813.44 -1780.81 -3901.85 5130.53 1 2
455.398 -2120.1 -367.359 2201.89 -1 1
1557.62 -5410.05 -6029.72 8250.06 -1 2
3941.28 -1856.26 1324.13 4554.55 1 1
event 3
7334.56 -25338.6 -2677.24 26694.5
-2960.1 -4333.56 -2388.76 6545.2
7154.71 -20709.3 -2552.06 22058.8 -1 1
179.856 -4629.29 -125.179 4635.68 1 1
-2391.91 -2076.36 -2739.3 4188.97 -1 2
-568.19 -2257.2 350.545 2356.24 1 2
event 4
-1256.04 8439.28 4591.76 10172.2
-4175.04 4437.92 -8622.31 11002.8
-1707.73 2943.52 -2467.7 4204.92 1 2
-2061.19 3437.5 1999.78 4480.54 1 1
-2467.31 1494.41 -6154.6 6797.88 -1 2
805.153 5001.77 2591.99 5691.71 -1 1
event 5
-968.987 -5728.54 6637.81 9349.14
5943.58 -21320 50429.1 55159.3
781.528 -3640.66 2891.54 4715.65 -1 1
-1750.51 -2087.88 3746.27 4633.49 1 1
3832.11 -12470.4 33283.5 35749.2 -1 2
2111.47 -8849.65 17145.5 19410.2 1 2
event 6
16842.9 -1596.76 -43346.7 46634.3
-6874.82 7287.73 -8339.03 13397.9
-5153.54 5593.57 -4431.93 8803.42 -1 2
5940.67 -284.596 -19363.3 20256.4 -1 1
10902.2 -1312.17 -23983.4 26377.9 1 1
-1721.28 1694.16 -3907.1 4594.52 1 2
event 7
14464.4 -1096.16 -60414.4 62208.6
2118.86 12585 12371.7 18042.2
7879.93 914.303 -33683.1 34604.8 -1 1
6584.44 -2010.47 -26731.3 27603.8 1 1
2016.07 5425.08 7038.73 9113.23 -1 2
102.79 7159.93 5332.98 8929 1 2
event 8
5040.87 -10079.9 20789.1 23849.4
-8555.77 -13981.7 -6532.91 17915.3
-3860.09 -6886.21 -1522.21 8040.43 -1 2
150.26 -3416.8 6141.14 7030.07 1 1
-4695.67 -7095.5 -5010.69 9874.9 1 2
4890.61 -6663.13 14648 16819.3 -1 1
event 9
5317.68 -4302.83 -25671.5 26747.2
11536.9 -14048.6 12949.1 22532.8
3716.31 -1036.38 -13897.8 14423.8 -1 1
1601.38 -3266.45 -11773.7 12323.4 1 1
4879.58 -8066.2 7561.46 12085.6 1 2
6657.27 -5982.38 5387.6 10447.3 -1 2
event 10
10191.5 -22.8001 -12450.9 16385.4
256.757 9278.62 -52149.3 53059.4
-1070.97 7414.59 -40372.8 41062.1 1 2
4331.73 -1471.1 -6065.93 7598.33 1 1
1327.73 1864.03 -11776.5 11997.3 -1 2
5859.72 1448.3 -6384.98 8787.1 -1 1
