event 0
-5520.81 3207.46 -18547.7 19858.8
4299.41 -9123.62 10365.6 14790.6
643.527 -3691.42 2287.21 4391.27 -1 2
-1846.44 1462.42 -11333.9 11576.6 1 1
3655.88 -5432.19 8078.38 10399.3 1 2
-3674.37 1745.05 -7213.75 8282.24 -1 1
event 1
799.606 4926.72 -2105.39 6239.82
6941.26 7459.1 11682 15807.6
-962.845 3368.7 -1047.56 3658.39 1 1
1762.45 1558.02 -1057.83 2581.44 -1 1
4198.43 3058.55 7606.27 9211.3 -1 2
2742.83 4400.54 4075.72 6596.26 1 2
event 2
5440.8 -3595.97 -14668.9 16349.4
-7251.47 -7165.73 -17941.6 20866.8
2195.57 -3244.43 -8793.69 9627.41 1 1
3245.22 -351.54 -5875.25 6721.96 -1 1
-3390.4 -5443.69 -11286.1 12981.4 1 2
-3861.07 -1722.04 -6655.52 7885.46 -1 2
event 3
-1147.65 -10668.8 16202.9 19679
-3303.54 4126.57 15226.6 16412.9
-643.091 2984.26 5858.87 6607.33 1 2
205.8 -4576.13 9331.17 10395.4 1 1
-2660.45 1142.31 9367.75 9805.55 -1 2
-1353.45 -6092.65 6871.75 9283.55 -1 1
event 4
-775.439 5462.77 4914.46 8011.46
6913 11247.9 5926.96 14799.5
923.102 3517.85 2146 4224.2 -1 1
-1698.54 1944.92 2768.46 3787.25 1 1
3458.06 8351.63 4238.82 9984.32 1 2
3454.93 2896.29 1688.14 4815.19 -1 2
event 5
587.836 7017.82 -3676.6 8526.65
-6178.59 -3405.24 2292.68 8038.54
-4995.88 -1293.65 886.075 5237.24 1 2
1700.99 2488.36 -1214.3 3251.3 -1 1
-1182.71 -2111.59 1406.61 2801.3 -1 2
-1113.15 4529.47 -2462.31 5275.35 1 1
event 6
-11588.1 -3445.62 -32747.9 35045.3
-4846.52 5201.42 -30209.9 31189.3
-6922.93 -3447.67 -22280.7 23585 -1 1
-4665.2 2.0498 -10467.2 11460.3 1 1
-1585.37 3949.01 -17019.6 17543.8 -1 2
-3261.15 1252.41 -13190.4 13645.5 1 2
event 7
7662.75 -4838.99 18131.5 20505.5
-5121.02 5462.15 24698.2 25993.3
-2919.76 970.596 8516.91 9056.27 -1 2
1239.59 -1994.42 6557.27 6965.86 -1 1
6423.16 -2844.57 11574.2 13539.7 1 1
-2201.26 4491.55 16181.2 16937 1 2
event 8
4171.8 -8145.88 -1422.72 9766
-906.109 -6738.2 -40.0168 7471.06
1391.93 -5959.08 -785.632 6170.62 -1 1
2779.87 -2186.79 -637.086 3595.38 1 1
-1727.06 -2161.76 -437.952 2803.37 -1 2
820.95 -4576.45 397.935 4667.69 1 2
event 9
-4355.29 -5484.39 -10938.7 13352.7
-6604.4 5931.46 33334.5 34634.9
-5437.6 3666.84 19676.9 20741.4 1 2
-2743.97 -1237.33 -3325.77 4486.9 1 1
-1166.8 2264.62 13657.6 13893.5 -1 2
-1611.32 -4247.06 -7612.93 8865.76 -1 1
event 10
-4056.78 8021.13 12282.4 15532
6976.89 -1527.67 17535.9 19186.2
4809.58 466.501 10580.4 11632.1 -1 2
-1365.51 3505.05 2804.46 4693.2 -1 1
-2691.27 4516.08 9477.92 10838.8 1 1
2167.31 -1994.17 6955.51 7554.09 1 2
event 11
6533.06 -1948.65 9690.09 12246.1
-4897.09 -14554.1 24580.1 29147.4
195.69 -3349.17 5285.25 6261.01 1 2
2026.78 -1479.18 1613.83 2985.2 -1 1
-5092.78 -11204.9 19294.8 22886.4 -1 2
4506.28 -469.468 8076.26 9260.89 1 1
event 12
-8543.42 3825.15 -7828.46 12589.6
-39.4642 -6711.65 -7732.98 10697.5
-1390.6 -5066.09 -5684.53 7741.07 -1 2
-2825.83 1784.47 -1084.98 3515.4 1 1
-5717.58 2040.68 -6743.48 9074.19 -1 1
1351.14 -1645.56 -2048.45 2956.47 1 2
event 13
-1700.16 7750.77 10839.6 13785.9
-5588.91 -6357.96 -23633.1 25293.8
-3398.93 -5083.13 -19576.7 20509.8 1 2
827.72 3182.04 3942.72 5134.85 1 1
-2189.98 -1274.83 -4056.4 4784.01 -1 2
-2527.88 4568.72 6896.86 8651.08 -1 1
event 14
-5373.55 4477.81 978.594 7711.95
-7000.33 10321.7 -13067.7 18327.5
-2192.66 4698.91 -3607.3 6317.54 -1 2
-2074.73 -7.29248 161.479 2083.7 1 1
-4807.67 5622.79 -9460.42 12010 1 2
-3298.82 4485.1 817.114 5628.25 -1 1
event 15
-4480.51 -3243.13 8450.48 10563.9
-15522.3 -5496.27 -32995.6 37006.1
-2001.82 -3076.53 3763.13 5257.82 -1 1
-2478.69 -166.602 4687.34 5306.04 1 1
-11441 -2703.49 -24517.4 27190.4 1 2
-4081.3 -2792.79 -8478.2 9815.69 -1 2
event 16
8301.26 -11087.9 -1099.17 14235.6
-3639.34 5702.13 5686.8 9364.31
-1896.37 3537.16 5152.56 6532.06 -1 2
3175.69 -2390.88 522.135 4010.63 1 1
5125.57 -8697.03 -1621.3 10224.9 -1 1
-1742.97 2164.97 534.238 2832.24 1 2
event 17
-8229.47 -3947.6 12432.7 15731.1
-11303.9 -2375.6 -21985.3 25027.3
-4932.09 -3893.24 8923.98 10914.7 -1 1
-3297.39 -54.3619 3508.67 4816.39 1 1
-8978.1 -2050.44 -19710.7 21756.2 -1 2
-2325.76 -325.168 -2274.6 3271.07 1 2
event 18
7452.43 6412.12 -10624.7 14803.1
4252.95 -6687 10296.2 13357
4028.34 -3755.4 7433.89 9252.26 -1 2
2601.19 3422.28 -2833.19 5149.4 1 1
4851.23 2989.84 -7791.56 9653.66 -1 1
224.619 -2931.6 2862.28 4104.7 1 2
event 19
3248.14 -4824.7 -5942.07 8872.86
-6705.38 9083.99 10372.9 15641.9
2127.03 -2258.42 -1128.55 3302.96 1 1
1121.1 -2566.27 -4813.52 5569.9 -1 1
-4155.21 4086.81 3619.3 6861.37 -1 2
-2550.17 4997.18 6753.58 8780.5 1 2
event 20
-1881.3 6547.74 8501.3 11326
6312.13 1751.19 -15113.4 16760.5
2962.24 -747.124 -6791.16 7447.42 1 2
-856.808 2123.28 883.398 2456.42 1 1
-1024.49 4424.45 7617.9 8869.55 -1 1
3349.89 2498.32 -8322.22 9313.1 -1 2
event 21
10104.4 4144.1 -8260.35 14039
-7943.5 2425.55 24526.7 26079.4
6912.54 2411.99 -7164.96 10244.4 -1 1
3191.82 1732.11 -1095.39 3794.6 1 1
-3110.41 323.193 5415.7 6254.61 -1 2
-4833.08 2102.36 19111 19824.7 1 2
event 22
1676.87 9351.47 -20264.3 22594.1
3492.34 4606.21 28626.9 29368.4
2488.72 5296.91 -12138.9 13476.5 -1 1
-811.848 4054.56 -8125.38 9117.65 1 1
3144.78 1610.71 14842.8 15257.9 -1 2
347.554 2995.5 13784 14110.5 1 2
event 23
-2741.46 4048.88 -18653.2 19530.5
13716.2 1302.08 -2540.86 14348.4
-327.951 3207.66 -10748.6 11222.3 -1 1
-2413.51 841.217 -7904.59 8308.21 1 1
8397.13 -503.446 -2315.59 8725.73 -1 2
5319.06 1805.53 -225.267 5622.65 1 2
event 24
-7537.55 -6373.62 -5822.81 11871.5
4164.85 2920.89 4742.37 7613.04
-4765.46 -2055.08 -2541.65 5779.63 -1 1
-2772.09 -4318.54 -3281.16 6091.92 1 1
2053.27 2510.13 1184.6 3454.15 -1 2
2111.58 410.757 3557.77 4158.9 1 2
event 25
13923.4 1574.53 -5701.26 15441.4
8810.56 -6979.42 -7412.62 13815.8
1988.43 -3224.77 -3208.21 4965.56 -1 2
2978.01 1021.86 -2505.48 4025.09 -1 1
10945.4 552.668 -3195.78 11416.3 1 1
6822.13 -3754.65 -4204.41 8850.26 1 2
event 26
5761.14 5373.28 13148.6 15637.8
9078.24 4293.43 -42883.2 44152.1
3403.47 2679.89 -13364.9 14049.8 -1 2
1667.87 3512.89 5055.84 6379.25 -1 1
5674.77 1613.54 -29518.3 30102.2 1 2
4093.27 1860.4 8092.8 9258.54 1 1
event 27
-1738.68 6050.79 -4326.98 8243.06
4645.85 7593.13 9394.93 13307.7
3562.18 2868.14 4684.23 6547.4 -1 2
-1772.95 1321.34 -846.945 2370.18 1 1
1083.68 4724.99 4710.7 6760.31 1 2
34.2755 4729.45 -3480.04 5872.88 -1 1
event 28
-6758.38 -4584.09 12280 15069.2
-2237.66 9239.14 -2736.82 10365.8
-1577.21 6547.88 -414.56 6748.73 1 2
-3689.82 -700.779 5881.02 6978.78 1 1
-660.455 2691.26 -2322.26 3617.07 -1 2
-3068.56 -3883.32 6399 8090.4 -1 1
event 29
-1841.44 -7107.96 -15687.2 17595.2
10003.3 655.193 30218.8 31988.5
7834.67 -651.83 20857.3 22290 1 2
-2090.06 -2867.21 -8969.5 9646.37 -1 1
2168.61 1307.02 9361.57 9698.52 -1 2
248.62 -4240.75 -6717.67 7948.84 1 1
event 30
-8516.42 7796.46 -41262.9 42959.6
9462.43 3700.22 -6606.21 12508.5
5078.44 362.271 -3538.25 6200.98 1 2
-3465.28 2879.47 -11020.3 11906.2 -1 1
-5051.14 4916.99 -30242.6 31053.4 1 1
4383.99 3337.95 -3067.96 6307.52 -1 2
event 31
1240.17 -7574.01 -12094.1 14654.7
4858.76 -6615.19 3159.94 9324.41
1767.45 -4714.41 1116.01 5158.12 1 2
2091.04 -3264.26 -5444.25 6684.22 1 1
3091.32 -1900.78 2043.93 4166.3 -1 2
-850.869 -4309.75 -6649.81 7970.51 -1 1
event 32
710.7 7267.09 -8548.09 11660.9
-7574.73 -1607.1 -981.329 8397.23
-5233.93 160.257 180.771 5240.57 1 2
1199.49 3182.25 -5760.52 6690.31 1 1
-2340.8 -1767.36 -1162.1 3156.66 -1 2
-488.793 4084.84 -2787.57 4970.57 -1 1
event 33
7312.58 -1350.56 24293.8 25594.5
-4956.76 -5620.4 -33806.7 34765.5
-1047.46 -3285.41 -11882.9 12373.6 1 2
2146.13 -1271.2 4599.78 5233.64 -1 1
5166.45 -79.3616 19694 20360.8 1 1
-3909.31 -2334.98 -21923.8 22391.9 -1 2
event 34
1013.61 9525.49 -13818.8 17097.2
7191.97 -4110 -403.281 8852.68
1958.4 6616.63 -8374.2 10851.4 1 1
-944.793 2908.86 -5444.65 6245.75 -1 1
1151.37 -1726.39 837.948 2240.4 -1 2
6040.6 -2383.61 -1241.23 6612.28 1 2
event 35
6014.64 -1378.95 3246.38 7886.91
-2589.34 -17053.9 -48195.6 51283
3648.24 -2617.9 1727.47 4812.31 1 1
2366.4 1238.96 1518.92 3074.59 -1 1
-7.40143 -9111.06 -27270.7 28752.7 1 2
-2581.94 -7942.82 -20924.9 22530.4 -1 2
event 36
5228.22 6562.21 -27544.3 28959.9
6817.3 5430.51 1561.67 9380.6
4306.3 1500.87 437.858 4582.55 1 2
1620.4 1559.08 -3704.65 4334.97 -1 1
3607.82 5003.13 -23839.7 24625 1 1
2510.99 3929.64 1123.81 4798.05 -1 2
event 37
7949.97 -4292.55 -53421.4 54268.4
-9653.73 -13754 -37962.2 41630.4
5912.96 -4593.92 -41678.9 42346.3 -1 1
2037.02 301.37 -11742.5 11922.1 1 1
-4677.16 -7827.61 -17113.9 19391.9 1 2
-4976.57 -5926.42 -20848.3 22238.6 -1 2
event 38
4906.53 -4417.39 -530.99 7311.64
12399.5 -3215.98 -34058.3 36519.2
4486.54 -2192.99 -677.814 5040.72 1 1
419.985 -2224.4 146.824 2270.92 -1 1
5922.21 -2925.21 -15078.3 16462 1 2
6477.28 -290.766 -18980 20057.2 -1 2
event 39
-4632.11 -2837.43 5789.15 8521.29
9735.29 -8015.51 -54453.7 55980.6
-2463.6 -3105.59 2977.73 4959.04 -1 1
-2168.5 268.169 2811.42 3562.24 1 1
5759.34 -6472.71 -34003.1 35089.7 1 2
3975.95 -1542.8 -20450.6 20890.8 -1 2
event 40
-22388.7 16569.2 -72639.1 77857.7
2242.81 7329.49 -803.882 8305.93
2901.76 5124.94 -77.9096 5890.88 1 2
-6530.97 3668.96 -16817.9 18411.1 -1 1
-658.949 2204.55 -725.973 2415.05 -1 2
-15857.7 12900.3 -55821.1 59446.6 1 1
event 41
-4844.32 -5920.18 -5914.06 10153
5807.67 9293.69 2728.73 11710.5
-3105.71 -2588.73 -4704.08 6203.75 -1 1
-1738.61 -3331.45 -1209.99 3949.25 1 1
3412.43 7151.74 3023.52 8482.04 -1 2
2395.23 2141.95 -294.794 3228.49 1 2
event 42
14751 1148.64 -9082.95 17635.3
4148.07 -421.668 -2189.15 5636.3
9801.74 1895.07 -7097.77 12249.7 1 1
4949.27 -746.426 -1985.18 5385.59 -1 1
2450.62 -1768.7 -1296.82 3290.4 -1 2
1697.45 1347.03 -892.326 2345.9 1 2
event 43
-16947.9 -9005.99 -4516.04 19958.1
-8788.23 2034.07 -992.069 9588.82
-6680.78 1790.51 586.782 6942.21 -1 2
-5998.11 -2328.88 -2801.16 7018.46 1 1
-10949.8 -6677.11 -1714.88 12939.6 -1 1
-2107.45 243.559 -1578.85 2646.62 1 2
event 44
-3710.19 -4709.65 8316.77 10709.9
-9521.68 5423.38 -4818 12364.5
-1073.91 -3798.74 4622.16 6079.41 -1 1
-2636.28 -910.912 3694.61 4630.44 1 1
-5773.9 2177.71 -3956.76 7331.27 -1 2
-3747.78 3245.67 -861.234 5033.2 1 2
event 45
-5059.86 4663.95 6647.23 10056.4
-6814.48 2302.61 4421.45 8993.29
-3343.01 -70.8671 3159.24 4601.38 -1 2
-3108.14 801.476 3025.95 4412.53 1 1
-1951.72 3862.48 3621.28 5643.83 -1 1
-3471.47 2373.48 1262.21 4391.91 1 2
event 46
7682.66 15757.6 26380.4 31825.2
-1421.38 -6474.98 -29190.1 30093.1
6994.64 11603.2 21011.2 25000.8 1 1
688.021 4154.38 5369.2 6824.35 -1 1
-406.36 -4078.72 -23226.5 23585.6 -1 2
-1015.02 -2396.26 -5963.58 6507.52 1 2
event 47
-4840.65 3877.02 8655.95 11089.6
7362.5 2085.93 23270 24690.9
2413.38 2064.33 11285.3 11724.2 1 2
-928.308 2411.69 4533.73 5219.57 1 1
4949.11 21.5972 11984.7 12966.8 -1 2
-3912.34 1465.33 4122.22 5870.05 -1 1
event 48
-4466.72 -1761.53 -6173.73 8411.93
4065 -10191.7 8676.95 14327.4
-3279.17 321.773 -3252.55 4631.07 -1 1
-1187.55 -2083.31 -2921.18 3780.86 1 1
3207.52 -4653.15 5487.38 7877.97 1 2
857.487 -5538.58 3189.57 6449.47 -1 2
event 49
5772.08 -3847.28 2918.67 8138.06
-3898.71 -7112.89 -4347.01 9709.82
-24.0633 -3093.88 -1673.73 3519.26 -1 2
2632.8 -307.745 153.831 2657.28 -1 1
-3874.65 -4019.02 -2673.28 6190.56 1 2
3139.28 -3539.54 2764.84 5480.78 1 1
event 50
-8355.21 -18016.9 10646.2 22745.3
-4132.49 6948.01 12949.3 15576.4
-4527.49 -12808.2 7953.42 15742.2 1 1
-3827.72 -5208.61 2692.73 7003.07 -1 1
-1075.19 4344.59 5310.33 6945.66 -1 2
-3057.3 2603.42 7638.98 8630.76 1 2
event 51
10301.4 -722.403 10767.9 15237.4
-7711.74 12040.7 -10731 18143.7
-1805.63 3236.74 -1227.38 3905.69 1 2
3291.32 402.817 5393.82 6332.42 1 1
-5906.1 8804 -9503.6 14238 -1 2
7010.09 -1125.22 5374.05 8905 -1 1
event 52
-6619.52 -5852.03 1746.38 9523.93
-2965.93 5247.93 -6170.4 9165.24
-607.173 3906.61 -2844.74 4871.75 1 2
-4038.93 -1621.83 315.009 4365.05 1 1
-2358.76 1341.31 -3325.66 4293.49 -1 2
-2580.59 -4230.2 1431.37 5158.88 -1 1
event 53
3567.71 -3392.78 290.034 5823.62
1960.33 -11896.1 -3065.09 12819.8
1054.2 -2919.12 -498.042 3145.13 1 1
2513.52 -473.653 788.076 2678.49 -1 1
-353.159 -7198.71 -1902.88 7455.08 -1 2
2313.49 -4697.41 -1162.21 5364.68 1 2
event 54
5363.99 5993.94 -33211.8 34312
619.759 -6428.99 5066.74 8773.77
1899.66 4334.1 -20016.4 20568.4 -1 1
3464.33 1659.84 -13195.3 13743.5 1 1
1555.21 -4568.52 2406.45 5393.72 -1 2
-935.451 -1860.47 2660.29 3380.05 1 2
event 55
-1213.6 -11240.7 -7798.87 14079.7
-6231.45 1540.1 12072.8 14019.5
828.388 -6095.33 -3572.78 7114.43 -1 1
-2041.99 -5145.36 -4226.09 6965.3 1 1
-4956.06 -143.315 9210.67 10460.9 -1 2
-1275.39 1683.41 2862.09 3558.55 1 2
event 56
-6872.73 -395.862 6630.49 10047.2
-4233.79 -10678.7 8062.65 14372.1
-3689.55 -1741.45 3332.46 5268.95 1 1
-3183.19 1345.59 3298.03 4778.23 -1 1
-1842.36 -8184.63 5094.16 9815.5 -1 2
-2391.43 -2494.03 2968.49 4556.56 1 2
event 57
5564.38 4746.25 5056.34 9415.17
9828.62 1714.92 -22260.2 24589.7
2827.06 3608.99 1591.01 4853.81 1 1
2737.32 1137.27 3465.33 4561.36 -1 1
5019.8 1618.85 -14806 15717.8 1 2
4808.82 96.07 -7454.19 8871.87 -1 2
event 58
7136.97 -5829.22 -54038.8 54906.2
-3492.79 7926.67 -14207.8 16925.9
3404.57 -4711.81 -31128.5 31666.8 -1 1
3732.4 -1117.41 -22910.3 23239.4 1 1
-172.644 3269.57 -3554.04 4833.46 -1 2
-3320.14 4657.1 -10653.8 12092.4 1 2
event 59
-6400.4 8380.58 15161.8 18726.2
-3690.63 -4117.75 6538.65 9106.1
-4195.39 4501.14 11096.7 12689 -1 1
-2205.02 3879.43 4065.08 6037.23 1 1
-1532.99 -3849.43 3973.23 5741.59 -1 2
-2157.63 -268.322 2565.43 3364.52 1 2
event 60
-1298.26 6357.31 3157.73 8103.06
-12310.4 -7374.22 -7814.59 16630.9
-3603.66 -1395.74 -3521.73 5229.55 -1 2
946.064 2113.32 2221.68 3210.63 -1 1
-8706.79 -5978.47 -4292.86 11401.3 1 2
-2244.32 4243.99 936.052 4892.42 1 1
event 61
-6751.34 -5918.95 -9063.4 13128.2
-3755.35 -6001.36 -16437.2 18162.9
-5023.35 -2706.39 -6600.24 8725.42 -1 1
-1727.99 -3212.56 -2463.16 4402.82 1 1
-152.963 -2259.35 -3029 3783.39 -1 2
-3602.38 -3742.01 -13408.2 14379.5 1 2
event 62
5455.17 -11934.3 6743.55 15074.9
4955.38 10077.6 -34983.7 36872.3
1967.52 5270.05 -12883.5 14058.4 1 2
263.423 -2946.55 624.071 3025.26 1 1
5191.75 -8987.74 6119.48 12049.6 -1 1
2987.86 4807.55 -22100.2 22813.9 -1 2
event 63
-5535.99 -4853.36 2077.66 8252.87
-5512.37 4116.13 -216.606 7547.66
-2483.83 3645.02 -616.267 4454.95 1 2
-1661.49 -3352.73 377.607 3762.33 1 1
-3028.54 471.108 399.661 3092.71 -1 2
-3874.51 -1500.63 1700.05 4490.55 -1 1
event 64
1446.73 -5931.1 -5371.81 8701.62
6942.86 -11571.8 5412.68 14866
1284.98 -3710.45 -5127.57 6459.23 1 1
161.758 -2220.65 -244.24 2242.38 -1 1
4291.86 -7503.53 5011.76 9992.59 -1 2
2651 -4068.27 400.922 4873.45 1 2
event 65
-6103.85 8369.4 21629 24180.7
6324.29 -6484.57 -27068.1 28710.9
2966.56 -3082.49 -8237.43 9282.7 -1 2
-505.172 2674.18 7041.08 7549.46 -1 1
-5598.67 5695.22 14587.9 16631.3 1 1
3357.74 -3402.08 -18830.7 19428.2 1 2
event 66
-8314.68 4036.87 -8275 12786.6
192.451 9005.35 -11622.7 15027
-5196.17 813.371 -4372.95 6840.73 1 1
-3118.52 3223.5 -3902.05 5945.86 -1 1
990.486 5854.82 -9286.07 11022.8 -1 2
-798.035 3150.52 -2336.66 4004.22 1 2
event 67
4141.19 17497.5 3016.31 18493.3
191.211 -6471.03 -1591.95 7350.98
-1276.65 -4705.11 -1149.7 5010.08 1 2
3397.46 7729.4 1609.84 8595.88 1 1
1467.86 -1765.91 -442.254 2340.9 -1 2
743.726 9768.09 1406.46 9897.37 -1 1
event 68
965.015 8306.28 -3491.35 9576.32
1721.88 -6966.35 2744.79 8283.69
750.155 5160.44 -3730.18 6412.35 1 1
214.86 3145.84 238.832 3163.97 -1 1
101.095 -5239.71 2736.67 5913.15 -1 2
1620.79 -1726.64 8.12348 2370.54 1 2
event 69
-926.232 6220.89 26904.8 27803.2
-7088.37 -2663.76 22234.3 23691.7
-3120.68 -1557.37 14656 15065.7 1 2
-1699.35 1780.33 8156.63 8520.52 1 1
773.115 4440.56 18748.2 19282.7 -1 1
-3967.69 -1106.4 7578.26 8626 -1 2
event 70
-2231.7 -10742.1 -3156.33 11829.1
5766.39 -979.186 8066.36 10433.9
106.943 -6198.4 -994.966 6279.55 -1 1
-2338.64 -4543.74 -2161.36 5549.54 1 1
2730.36 -1513.46 5863.56 6643.64 -1 2
3036.03 534.273 2202.8 3790.3 1 2
event 71
-9804.46 6120.68 37542.4 39403.2
-7180.99 3695.58 -24321.2 25813.5
-6065.4 1893.03 -20227.7 21202.5 -1 2
-2890.36 3116.8 10465.5 11296.3 1 1
-6914.1 3003.88 27076.9 28106.9 -1 1
-1115.59 1802.55 -4093.46 4611 1 2
event 72
-4166.82 9183.44 35013.3 36568
7036.91 -2312.62 -9610.46 12522.7
-3178.83 4126.41 14182.5 15109.2 1 1
-987.992 5057.03 20830.7 21458.8 -1 1
5516.16 -693.205 -8134.66 9853.55 -1 2
1520.75 -1619.42 -1475.8 2669.15 1 2
event 73
-11860.1 -386.326 28560.7 31082.4
-5820.91 6540.24 -32902.1 34187.7
-3126.99 5504.27 -20595.4 21546.6 -1 2
-2964.77 -759.111 4650.09 5567.82 1 1
-8895.37 372.784 23910.6 25514.6 -1 1
-2693.92 1035.97 -12306.8 12641.1 1 2
event 74
5970.02 -10013.5 5544.42 13275.7
10908.9 5156.93 -3596.71 12966.3
7914.59 4825.18 -1757.99 9435.29 1 2
2249.83 -4037.62 576.174 4659.11 1 1
2994.28 331.757 -1838.72 3530.99 -1 2
3720.18 -5975.86 4968.25 8616.57 -1 1
event 75
-4217.17 -1826.88 -19880 20638
-886.185 9172.84 -7506.57 12282.8
-3029.66 139.537 -8436.02 8965.26 1 1
-1187.51 -1966.41 -11443.9 11672.7 -1 1
-1888.47 5216.73 -5140.87 7564.41 -1 2
1002.28 3956.1 -2365.7 4718.37 1 2
event 76
-1066.35 -9183.13 34703.6 36047.1
-2499.18 8134.75 26367.4 27950.7
161.029 4261.59 16155.3 16709.1 -1 2
1076.71 -2842.04 9948.63 10403 1 1
-2143.06 -6341.09 24754.9 25644.1 -1 1
-2660.21 3873.16 10212 11241.7 1 2
event 77
2098.4 -6318.41 -4030.42 8376.2
5028.87 4003.82 4539.69 8456.96
2568.46 3837.13 3417.53 5745.54 1 2
-571.5 -3013.46 -2024.85 3676.78 1 1
2460.4 166.681 1122.16 2711.41 -1 2
2669.91 -3304.95 -2005.57 4699.42 -1 1
event 78
-4013.99 -10168.5 -11489.6 16158.9
4464.26 3464.02 -738.988 6485.87
2192.4 3153.04 505.227 3874.88 1 2
-290.771 -4878.8 -5162.51 7109.85 1 1
2271.85 310.981 -1244.21 2610.99 -1 2
-3723.22 -5289.65 -6327.06 9049.07 -1 1
event 79
5882.28 6672.7 -6661.5 11536.6
753.895 -12634.5 -17386.8 21727.7
989.003 -6230.08 -10989.9 12672.1 -1 2
2111.98 484.211 -1642.68 2721.12 1 1
3770.3 6188.48 -5018.82 8815.45 -1 1
-235.108 -6404.43 -6396.9 9055.58 1 2
event 80
5944.37 -991.147 -255.176 6780.42
1558.82 -10514.1 -36934.1 38557.7
2868.22 -2039.2 -238.275 3528.87 -1 1
3076.15 1048.05 -16.901 3251.55 1 1
1871.26 -5778.79 -24670.2 25407.2 1 2
-312.435 -4735.3 -12264 13150.5 -1 2
event 81
1462.39 -10633.9 -4202.28 11936
-6338.66 -5383.73 -17726.1 19823.4
-2596.67 -4203.56 -9480.12 10691 -1 2
-98.0419 -4599.46 -365.846 4616.24 1 1
1560.43 -6034.4 -3836.43 7319.72 -1 1
-3741.99 -1180.17 -8245.94 9132.47 1 2
event 82
3709.89 -7019.08 13115 15640.5
-8005.69 13392.5 -29412.4 33438.4
3613.35 -3878.81 7194.24 8936.98 1 1
96.5409 -3140.27 5920.72 6703.48 -1 1
-3598.96 8940.33 -17457.4 19941.3 -1 2
-4406.73 4452.22 -11955 13497.2 1 2
event 83
2900.08 -15259.5 33751.8 37283.2
5645.79 -109.453 -14033.8 15441
882.36 -7942.28 13962.5 16087.9 1 1
2017.72 -7317.2 19789.4 21195.4 -1 1
3664.41 -1058.97 -5992.1 7103.93 -1 2
1981.38 949.513 -8041.69 8337.11 1 2
event 84
934.044 -6574.06 -6348.62 9694.67
-12018.6 -5411.72 8524.29 15999.7
2030.86 -4855.85 -4896.98 7189.94 -1 1
-1096.81 -1718.22 -1451.64 2504.73 1 1
-5749.89 -3663.79 5768.79 8931.67 1 2
-6268.76 -1747.93 2755.5 7068 -1 2
event 85
954.687 -6672.12 1172.32 7509.58
-26302.9 13182.9 -11582.4 31770.7
1661.11 -4119.8 1786.39 4788.99 1 1
-706.427 -2552.31 -614.079 2720.59 -1 1
-14493.5 8351.98 -7835 18472.1 1 2
-11809.4 4830.93 -3747.41 13298.6 -1 2
event 86
11546 -340.333 -52306.1 53655.8
4591.15 3803.65 -27201.1 28018.6
8071.77 1180.95 -36515.1 37415.4 1 1
3474.2 -1521.28 -15791 16240.4 -1 1
2334.24 168.9 -7476.1 7834.57 -1 2
2256.92 3634.75 -19725 20184 1 2
event 87
6314.69 -6618.35 31791.3 33225.9
-3837.32 -11022.2 -58102.9 59344.4
3351.13 -3192.65 10789.8 11741.1 -1 1
2963.56 -3425.7 21001.6 21484.8 1 1
-1617.25 -8110.72 -44188.7 44956.1 -1 2
-2220.07 -2911.47 -13914.2 14388.3 1 2
event 88
685.005 6618.53 765.251 7379.14
-7800.19 4107.64 14350.8 17124.6
1200.76 3267.95 -904.52 3598.7 -1 1
-515.756 3350.58 1669.77 3780.44 1 1
-3617.22 3171.07 5624.56 7401.82 1 2
-4182.96 936.567 8726.28 9722.83 -1 2
event 89
-6092.95 -6212.19 -2111.97 9474.53
8661.65 -227.699 -3910.84 9998.07
6693.5 285.248 -1544.76 6876.17 1 2
-2330.66 -3784.68 167.407 4449.16 1 1
1968.15 -512.947 -2366.08 3121.9 -1 2
-3762.29 -2427.51 -2279.38 5025.37 -1 1
event 90
7315.73 -2017.99 41326.2 42131.2
3218.13 8565.97 -30750.5 32232.2
-61.3435 3310.44 -13576.7 13975 -1 2
2055.04 785.749 9576.82 9826.86 1 1
3279.48 5255.53 -17173.8 18257.2 1 2
5260.69 -2803.74 31749.4 32304.3 -1 1
event 91
1045.62 5448.29 5326.36 8290.86
4805.17 -6210.99 11246.1 14061.7
-226.006 3546.35 4742.89 5927.38 -1 1
1271.63 1901.94 583.472 2363.47 1 1
1506.41 -3905.6 7350.86 8459.86 -1 2
3298.77 -2305.39 3895.2 5601.82 1 2
event 92
6877.62 1521.75 -16518.8 18223
-11614.2 1618 23460.7 26410.3
3732.17 2195.64 -7690.93 8826.75 -1 1
3145.46 -673.885 -8827.85 9396.28 1 1
-6267.85 1625.8 9865.07 11800.8 -1 2
-5346.38 -7.79984 13595.6 14609.4 1 2
event 93
-7268.23 -4827.9 -8424.95 12518.2
5723.92 13.4954 13158.1 14679.6
-2940.93 -3489.24 -5398.45 7069.53 -1 1
-4327.3 -1338.67 -3026.5 5448.71 1 1
3794.36 -1322.55 6772.92 7875.9 -1 2
1929.56 1336.05 6385.23 6803.72 1 2
event 94
8116.53 -409.202 12512.9 15238.4
-16083.5 8890.05 6046.94 19592.6
-13394.1 7600.51 3815.91 15866.4 1 2
3513.57 -1692.1 5164.29 6472.21 -1 1
-2689.4 1289.54 2231.03 3726.18 -1 2
4602.96 1282.9 7348.58 8766.18 1 1
event 95
-4096.44 7709.5 -9711.62 13421
-6259.28 1530.62 -890.431 7204.51
-3744.23 2442.53 -531.572 4503.22 -1 2
-2933.99 2507.74 -3272.15 5061.14 -1 1
-1162.46 5201.76 -6439.48 8359.88 1 1
-2515.04 -911.915 -358.86 2701.29 1 2
event 96
-2375.7 12476.5 23055 26503.4
2739.37 4517.72 49.9992 6124.33
-1660.64 8087.41 17777.3 19601.2 1 1
-715.056 4389.05 5277.71 6902.2 -1 1
2940.51 1914.34 -10.4072 3510.35 -1 2
-201.134 2603.38 60.4064 2613.97 1 2
event 97
2737.42 -8066.79 3526.54 9725.94
6007.6 -1431.11 7356.91 10092.3
4359.49 -294.44 3014.57 5309.49 -1 2
552.876 -3148.69 2881.18 4304.92 -1 1
2184.54 -4918.09 645.356 5421.03 1 1
1648.11 -1136.67 4342.34 4782.82 1 2
event 98
10425.5 -3076.02 -6924.03 13254.7
5668.79 -5126.58 4061.48 9192.65
3581.27 -1650.16 3117.74 5027.92 1 2
3047.65 -529.341 -3661.96 4794.74 -1 1
7377.84 -2546.68 -3262.07 8459.92 1 1
2087.52 -3476.41 943.741 4164.74 -1 2
event 99
5161.21 -5885.09 -10167.5 13200
6038.1 4166.12 -35740.2 36616.5
3680.34 666.508 -16811.2 17222.6 1 2
1986.99 -1183.21 -1251.26 2631.53 1 1
3174.22 -4701.89 -8916.21 10568.5 -1 1
2357.76 3499.61 -18929 19393.9 -1 2
event 100
-2284.71 11044.5 -1043.09 11742.2
-68.7796 7913.62 -542.879 8515.65
-424.508 7087.9 463.83 7116.52 -1 1
-1860.2 3956.55 -1506.92 4625.65 1 1
-1209.75 2138.61 568.262 2524.13 -1 2
1140.97 5775.01 -1111.14 5991.52 1 2
event 101
16296.9 13135.7 101076 103267
3882.91 4676.29 1197.52 6926.04
12007.7 8663.11 76645.2 78062.4 -1 1
4289.16 4472.55 24430.5 25204.4 1 1
2105.9 3751.64 2024.88 4756.15 -1 2
1777 924.649 -827.359 2169.89 1 2
event 102
4556.98 -3109.55 -20002.7 20979.4
12132.1 -5231.56 11244.1 17623.1
4042.1 -1049.6 -12384.1 13069.7 -1 1
514.884 -2059.95 -7618.64 7909.7 1 1
8452.49 -2055.87 7516.86 11497.2 -1 2
3679.56 -3175.69 3727.19 6125.95 1 2
event 103
-6119.69 -4385.14 -20732 22273.1
-6578.25 6162.12 2185.17 9778.09
-3652.41 1345.72 843.785 3984.24 1 2
-1853.16 -2476.75 -11704.3 12106.6 -1 1
-2925.84 4816.4 1341.38 5793.85 -1 2
-4266.53 -1908.38 -9027.74 10166.4 1 1
event 104
7396.4 3246.85 -14481.9 16869
-7229.84 4923.74 -866.391 9319.85
4838.97 466.399 -7761.85 9159.19 -1 1
2557.43 2780.45 -6720.01 7709.8 1 1
-5061.88 2152.33 542.473 5528.16 -1 2
-2167.96 2771.42 -1408.86 3791.68 1 2
event 105
-6563.55 -1425.88 -27223.3 28210.2
-25837.4 -33801 60223 73800.3
-4459.53 -76.1557 -12422 13198.9 1 1
-2104.02 -1349.73 -14801.3 15011.3 -1 1
-14295.9 -18472 35695.9 42659.1 1 2
-11541.5 -15329 24527.1 31141.2 -1 2
event 106
-12801.9 -3209.79 2883.18 13859.9
4597 2524.74 -6279.65 8748.19
1614.2 2559.98 -3857.82 4904.39 1 2
-6112.12 -2249.54 5.98589 6513.81 1 1
2982.8 -35.244 -2421.83 3843.8 -1 2
-6689.77 -960.258 2877.2 7346.06 -1 1
event 107
8885.64 -3840.57 -9929.05 14208.5
2633.62 -5206.78 -7945.61 10333
909.597 -3174.96 -6518.86 7308.52 1 2
4779.11 -517.451 -5574.1 7361.34 1 1
1724.02 -2031.82 -1426.75 3024.45 -1 2
4106.53 -3323.12 -4354.95 6847.15 -1 1
event 108
-6044.34 -7646.26 3994.16 10979.2
2571.67 4803.12 -11653.6 13231.7
-3912.97 -3757.18 3630.35 6528.27 1 1
-2131.36 -3889.08 363.807 4450.98 -1 1
2818.53 2218.71 -7775.74 8563.88 -1 2
-246.862 2584.41 -3877.82 4667.85 1 2
event 109
-5554.03 11047.3 20822.5 24414.3
-6802.61 5115.29 4251.88 10005.5
-2997.52 7428.7 15807.1 17721.3 -1 1
-2556.51 3618.61 5015.39 6692.94 1 1
-2141.35 700.63 -85.1712 2257.14 -1 2
-4661.26 4414.66 4337.05 7748.41 1 2
event 110
-2705.93 -3702.17 10665.2 12015.3
22621.7 3167.1 -68197.5 71988
-631.21 -3249.61 5370.66 6309.8 1 1
-2074.72 -452.562 5294.58 5705.53 -1 1
12740.6 2582.19 -42748.4 44681.3 1 2
9881.18 584.912 -25449.2 27306.6 -1 2
event 111
11930.8 5022.55 -11738.8 17747.2
-5737.38 -5634.25 -921.38 8666.15
-5388.94 -3513.51 -1008.69 6512.61 -1 2
3926.95 302.723 -2645.72 4745.9 -1 1
8003.86 4719.83 -9093.12 13001.3 1 1
-348.443 -2120.74 87.3118 2153.54 1 2
event 112
5260.22 -6983.16 -171.34 9276.58
-5496.86 945.588 16400.1 17597.3
4155.11 -3153.9 468.715 5238.59 -1 1
1105.11 -3829.26 -640.055 4037.99 1 1
-1528.94 1549.3 7926.22 8220.35 -1 2
-3967.92 -603.716 8473.89 9376.93 1 2
event 113
502.302 7644.69 -8030.14 11522.4
-6122.01 -3622.11 2911.64 8286.56
-1068.08 4473.58 -3542.14 5806.17 1 1
1570.39 3171.11 -4488.01 5716.25 -1 1
-2604.12 -1169.72 2793.12 3995.29 -1 2
-3517.89 -2452.39 118.518 4291.27 1 2
event 114
-12477 9184.28 -60144.1 62184.6
-6465.16 4056.28 5164.47 9721.85
-8634.98 7440.53 -39412.5 41027.8 -1 1
-3842.06 1743.75 -20731.5 21156.8 1 1
-2523.82 229.887 669.952 2623.45 -1 2
-3941.34 3826.39 4494.51 7098.4 1 2
event 115
8769.55 -8991.81 -29365.5 32150.9
2960.72 -15485.9 23731.1 28659
5468.75 -3741.54 -11961.2 13674.3 -1 1
3300.8 -5250.26 -17404.4 18476.6 1 1
2767.78 -11384.8 19590 22826.6 -1 2
192.935 -4101.16 4141.09 5832.37 1 2
event 116
5748.16 2257.48 -467.069 6924.34
-3387.07 7969.16 -20091.4 22096
4364.18 308.126 -961.679 4480.74 -1 1
1383.98 1949.35 494.61 2443.6 1 1
-3022.43 3597.65 -8692.51 9881.76 1 2
-364.645 4371.51 -11398.9 12214.3 -1 2
event 117
9849.23 10018 -19294.3 24067.2
2538.12 5679.91 2553.99 7403.83
6052.23 4420.69 -11720.8 13912.6 -1 1
3796.99 5597.3 -7573.5 10154.6 1 1
2750.38 3284.37 2569.55 4996.54 -1 2
-212.26 2395.54 -15.5618 2407.29 1 2
event 118
7661.36 4012.49 -5729.94 10826.8
6799.09 5728.74 -42528.6 43558.2
4669.72 783.326 -3514.03 5897.41 1 1
2991.64 3229.17 -2215.92 4929.39 -1 1
4709.62 5578.1 -34053 34826.9 -1 2
2089.47 150.642 -8475.62 8731.32 1 2
event 119
-7072.99 -1976.49 -6940.05 10568.3
-4773.52 8572.84 25963.1 27927.7
-2262.33 2804.46 13407.4 13883.6 -1 2
-1963.69 -415.03 -279.584 2029.2 -1 1
-2511.19 5768.39 12555.7 14044.1 1 2
-5109.3 -1561.46 -6660.47 8539.09 1 1
event 120
3364.96 -12234.7 -2599.73 13317.7
4520.1 4053.88 39739.5 40319.7
1115.65 -7982.46 -2711.98 8504.73 1 1
2249.31 -4252.2 112.248 4812.94 -1 1
4081.56 1706.07 25844.4 26220.5 -1 2
438.541 2347.81 13895.1 14099.2 1 2
event 121
5878.73 9182.59 -2286.91 11734.4
5493.74 -6060.83 30048.8 31296
1600.31 -3951.6 13027 13707.3 1 2
2639.85 1302.95 -1038.49 3123.48 1 1
3238.87 7879.64 -1248.42 8610.97 -1 1
3893.43 -2109.23 17021.8 17588.6 -1 2
event 122
-2385.68 -4977.13 -4517.78 7775.91
-3164.64 8756.82 27489 29187.9
55.6927 -3118.64 -3083.62 4387.36 1 1
-2441.38 -1858.5 -1434.15 3388.55 -1 1
-3251.05 4571.22 16512.7 17439.8 -1 2
86.408 4185.6 10976.3 11748.1 1 2
event 123
-6159.97 4365.2 -30957.7 32015.2
-3776.19 -4114.93 6448.87 9075.85
-2915.87 2871.2 -10933.9 11675.1 1 1
-3244.1 1494 -20023.8 20340.1 -1 1
-2190.41 -407.754 3178.86 3883.36 -1 2
-1585.79 -3707.17 3270.02 5192.5 1 2
event 124
5793.63 -1540.23 -11614.5 13432.2
629.48 -9566.8 -18582.7 21138.3
693.847 -3137.18 -3557.96 4795.16 -1 2
2407.66 876.779 -4958.36 5582.3 -1 1
-64.3668 -6429.62 -15024.7 16343.1 1 2
3385.97 -2417.01 -6656.1 7849.94 1 1
event 125
-9482.54 9520.03 3461.91 14217
-1127.96 -6901.94 17226.1 18847.7
-5844.04 5713.78 533.981 8191.24 1 1
-3638.5 3806.25 2927.93 6025.79 -1 1
-1716.47 -3653.95 6775.57 7887.78 -1 2
588.514 -3247.99 10450.5 10959.9 1 2
event 126
-12081.3 6237.32 -31707.8 34638.7
4934.48 2809.5 195.455 6470.8
-7078.81 2169.79 -18912.3 20310.2 -1 1
-5002.52 4067.52 -12795.5 14328.5 1 1
2331.03 2275.82 -1192.46 3470.76 -1 2
2603.45 533.686 1387.92 3000.04 1 2
event 127
6162.4 17816.4 -16649.6 25341.6
-5522.22 -3808.31 -2923.26 7945.64
-4480.76 -1296.09 -1779.63 4993.53 1 2
2266.72 9013.88 -9930.92 13602.3 -1 1
-1041.46 -2512.22 -1143.63 2952.11 -1 2
3895.68 8802.52 -6718.67 11739.4 1 1
event 128
2521.41 -8659 -28922.7 30454.1
-8027.97 -1477.54 20586.3 22361
-3035.11 -2094.32 9228.42 9938.46 1 2
-472.373 -2880.86 -11177.1 11552.5 -1 1
2993.78 -5778.14 -17745.6 18901.5 1 1
-4992.85 616.777 11357.8 12422.6 -1 2
event 129
2962.3 -6917.4 6123.72 10184.1
-11704.2 7943.8 6305.08 15793.6
-3223.4 3872.89 2709.82 5722.22 1 2
2412.79 -1861.49 2208.92 3765.26 -1 1
-8480.81 4070.91 3595.26 10071.4 -1 2
549.507 -5055.9 3914.8 6418.8 1 1
event 130
4901.57 4550.58 -5551.09 9227.05
5871.68 -5648.17 -21273 22989.3
2992.01 -1263.41 -10756.4 11236.5 1 2
1272.04 2075.33 -421.753 2472.67 -1 1
2879.66 -4384.76 -10516.6 11752.8 -1 2
3629.53 2475.25 -5129.34 6754.38 1 1
event 131
-5964.07 2546.19 -12792.7 14673
9470.46 -452.095 -9711.38 13921.1
-2627.77 2763.79 -7438.64 8359.92 -1 1
-3336.3 -217.6 -5354.04 6313.09 1 1
5302.68 -1671.42 -4629.47 7235.69 -1 2
4167.78 1219.33 -5081.91 6685.37 1 2
event 132
-7427.19 -1728.56 -14529.4 16698.6
-8239.24 -242.958 -29125.4 30427.4
-2932.35 -1520.63 -12439 12870.6 1 2
-2651.35 -847.242 -8564.34 9005.92 1 1
-5306.89 1277.67 -16686.4 17556.8 -1 2
-4775.84 -881.316 -5965.03 7692.73 -1 1
event 133
-5152.96 -4130.32 -14869.3 16561.9
-9449.32 -6440.51 -53484 54780.5
-2889.14 -2261.49 -4623.09 5903.02 1 1
-2263.82 -1868.82 -10246.2 10658.9 -1 1
-6992.35 -3009.21 -35605.8 36410.6 -1 2
-2456.97 -3431.3 -17878.2 18369.9 1 2
event 134
-13454.9 -3479.79 -22938.8 26998.6
-4415.13 -1974.45 22098.6 22832.7
-2150.4 -2245.47 8667.43 9208.79 1 2
-5839.56 -324.508 -7665.2 9642.21 1 1
-2264.73 271.022 13431.2 13623.9 -1 2
-7615.34 -3155.28 -15273.6 17356.4 -1 1
event 135
-453.132 5933.09 -12403.6 14101.3
13775.1 3195.91 -13571.5 19842.9
-1508.25 3420.95 -5253.27 6448.7 -1 1
1055.12 2512.14 -7150.36 7652.64 1 1
8333.29 2112.88 -10238 13369.2 1 2
5441.81 1083.03 -3333.49 6473.76 -1 2
event 136
6835.44 -4244.5 9680.27 12962.9
-4984.36 4486.25 -3696.5 8259.94
-3048.79 3689.29 -3871.52 6156.77 1 2
3958.98 -1191.41 3141.23 5193.41 -1 1
-1935.57 796.966 175.016 2103.18 -1 2
2876.46 -3053.09 6539.03 7769.52 1 1
event 137
6061.83 -9114.27 13919.6 18087.5
10021.2 -3551.37 -24680.8 27051.3
5006.58 -4587.49 9457.99 11643.7 1 1
1055.25 -4526.78 4461.61 6443.79 -1 1
6119.42 -3291.9 -13124.4 14850.8 -1 2
3901.78 -259.472 -11556.4 12200.6 1 2
event 138
-6349.65 6634.91 -13087 16285
3664.48 -4616.96 5194.81 8445.22
-2694.04 3954.96 -4475.95 6553.23 -1 1
-3655.61 2679.95 -8611.03 9731.73 1 1
1647.66 -4075 4365 6195.55 -1 2
2016.82 -541.955 829.802 2249.67 1 2
event 139
2916.73 6148.83 27178.1 28187.8
-7852.22 -5303.83 -354.07 9975.18
-3063.34 -980.644 -1266.6 3458.49 -1 2
2559.9 1919.34 10450.5 10929.8 -1 1
-4788.89 -4323.19 912.529 6516.69 1 2
356.839 4229.49 16727.6 17258 1 1
event 140
3796.5 -10179.8 -6230.64 12901.7
-1392.8 6748.9 23799 24969.4
-596.039 4550.28 10407.9 11375.2 -1 2
2708.12 -3190.45 -2825.27 5050.36 1 1
1088.39 -6989.36 -3405.37 7851.33 -1 1
-796.766 2198.62 13391.1 13594.1 1 2
event 141
-7413.93 -4994.88 16283.5 18832.4
18439.5 -11640 -53722.5 58062
-5113.93 -2224.62 12018.3 13249.6 1 1
-2300 -2770.26 4265.18 5582.77 -1 1
10816.9 -8587.11 -34028.1 36724.2 1 2
7622.57 -3052.93 -19694.4 21337.9 -1 2
event 142
726.256 -9844.09 -11229.4 15268.3
6318.3 -5862.09 1596.25 9296.44
3124.7 -1661.58 1884.44 4010.84 -1 2
-1054.42 -2813.94 -4221.53 5182.91 1 1
1780.68 -7030.14 -7007.89 10085.4 -1 1
3193.6 -4200.51 -288.19 5285.6 1 2
event 143
-2467.52 -11185.8 -13804.9 18203.8
-2062.69 -5930 -12531.5 14354.3
-811.703 -6682.56 -5878.85 8937.97 1 1
-1655.82 -4503.22 -7926.08 9265.78 -1 1
-2421.02 -3381.52 -5726.05 7077.77 -1 2
358.323 -2548.48 -6805.43 7276.56 1 2
event 144
-6062.42 4023.33 13661.7 15785.2
-6381.98 6765.86 6935.73 12008.4
-1369.12 3647.9 2831.1 4817.46 1 2
-1072.84 2444.3 4465.69 5203.76 -1 1
-5012.86 3117.96 4104.63 7190.93 -1 2
-4989.57 1579.03 9195.97 10581.4 1 1
event 145
-1411.69 -7983.64 5685.62 10375.5
18557.6 -8186.12 34053.7 39757.3
441.39 -5272.59 4261.32 6794.49 1 1
-1853.08 -2711.05 1424.3 3580.99 -1 1
11918.8 -3761.14 19555.5 23208.5 -1 2
6638.74 -4424.98 14498.2 16548.8 1 2
event 146
-1356.19 7568.24 -1995.54 8525.87
3975.58 -11588.3 15597.6 20074.1
1364.49 -3005.52 2267.38 4005.89 1 2
-1710.99 2299.47 -1456.26 3216.66 -1 1
2611.1 -8582.77 13330.2 16068.2 -1 2
354.801 5268.77 -539.28 5309.22 1 1
event 147
-7875.82 -6389.97 -59560.7 60497.3
14253.9 5425.1 -10490.4 18768.2
6850.78 2325.64 -6817.19 9941.18 -1 2
-570.349 -1986.73 -10976 11169.4 -1 1
-7305.47 -4403.24 -48584.7 49327.9 1 1
7403.1 3099.46 -3673.22 8827.02 1 2
event 148
2711.67 -12186.9 -61870.2 63193.2
-7927.97 -6077.19 -27224.7 29164.4
-5389.32 -5641.93 -18829.3 20382.1 -1 2
1794.35 -3645.12 -14931.3 15474.5 1 1
917.32 -8541.82 -46938.9 47718.7 -1 1
-2538.64 -435.256 -8395.47 8782.32 1 2
event 149
-3397.27 -9721.03 -3711.38 11375.6
6873.83 3155.33 -5776.91 10008.5
3179.16 2910.52 -4072.68 5930.94 1 2
-381.183 -5293.39 -1126.61 5426.39 -1 1
3694.67 244.809 -1704.23 4077.51 -1 2
-3016.09 -4427.64 -2584.76 5949.2 1 1
event 150
-299.852 5699.12 -10862.3 12655.1
14850.4 18071.8 20473.9 31239.3
320.236 3036.81 -8528.08 9058.92 1 1
-620.089 2662.31 -2334.22 3596.13 -1 1
10393 11593.3 11840.4 19560.8 -1 2
4457.44 6478.48 8633.46 11678.5 1 2
event 151
7748.08 4159.85 -35120.2 36336.7
523.069 6405.81 15165.1 16759.5
-733.545 4204.43 6902.05 8115.71 -1 2
2540.52 2932.83 -17315.5 17745.2 1 1
5207.56 1227.02 -17804.7 18591.5 -1 1
1256.61 2201.38 8263.05 8643.74 1 2
event 152
5667.1 -3387.3 31112.3 31955.5
-7500.62 304.458 8060.6 11441.9
-3734.22 -1391.86 3835.9 5532.35 -1 2
3015.35 -297.802 9826.78 10283.9 1 1
-3766.4 1696.32 4224.7 5909.53 1 2
2651.75 -3089.5 21285.5 21671.7 -1 1
event 153
11010.1 -278.081 6627.84 13221.9
10045.1 5445.05 -7916.27 14241.2
3981.8 3554.98 -4739.61 7139.17 1 2
4031.16 -1568.61 2849.53 5180.9 1 1
6978.94 1290.53 3778.31 8041.01 -1 1
6063.33 1890.07 -3176.66 7102.02 -1 2
event 154
4091.71 13377.2 -64477.9 66050.6
-4405.41 7506.49 -10087.1 13678.3
4101.52 8770.65 -45847.7 46859 -1 1
-9.80752 4606.55 -18630.2 19191.6 1 1
-2747.84 1795.96 -3339.78 4684.16 -1 2
-1657.57 5710.53 -6747.3 8994.16 1 2
event 155
-7597.75 -4702.84 2075.03 9681.88
7967.21 9952.54 791.597 13143.3
5874.73 9132.45 850.893 10892.6 1 2
-2372.35 -2828.38 1835.98 4124.29 -1 1
2092.48 820.09 -59.2961 2250.71 -1 2
-5225.41 -1874.46 239.051 5557.59 1 1
event 156
13109.4 -16980.2 20155.4 29597.5
-129.183 6407.82 26177 27127.5
8508.62 -10854.9 10881.3 17568.1 1 1
4600.73 -6125.25 9274.09 12029.4 -1 1
-1586 3671.27 15625.5 16129.5 -1 2
1456.82 2736.55 10551.6 10998.1 1 2
event 157
-4925.97 624.557 -12501.8 13803.6
-1611.66 -12757.9 23503.4 26969.6
-2746.14 1467.86 -9499.06 9996.96 -1 1
-2179.83 -843.303 -3002.71 3806.6 1 1
-515.147 -7132.42 16012.9 17537.4 -1 2
-1096.51 -5625.44 7490.51 9432.22 1 2
event 158
8684.31 -2757.27 -21.0462 9623.47
2745.03 4241.32 20831.9 21658.4
349.51 3224.49 9805.3 10328.3 1 2
3391.59 -2582.48 -554.218 4300.04 1 1
2395.52 1016.83 11026.6 11330.1 -1 2
5292.72 -174.793 533.172 5323.43 -1 1
event 159
-6750.06 -330.611 -9522.24 12080.4
5548.1 5495.16 24262.5 25675.6
1587.6 3401.86 8588.78 9373.98 1 2
-2108.34 1323.04 -2852.93 3787.6 -1 1
-4641.72 -1653.65 -6669.3 8292.82 1 1
3960.51 2093.3 15673.7 16301.7 -1 2
event 160
12356.6 -4162.38 34812.3 37302.8
2564.26 -4105.21 28253.5 28831.9
2770.14 -1558.82 16455.7 16760.2 1 2
6491.01 -939.084 20001.4 21049.5 1 1
-205.88 -2546.4 11797.8 12071.7 -1 2
5865.59 -3223.3 14810.9 16253.3 -1 1
event 161
-6474.55 -4732.2 -11887.6 14670.3
-2096.49 5829.91 10566.8 12634.5
-4360.66 -2572.83 -4855.83 7016.06 1 1
-2113.89 -2159.36 -7031.74 7654.27 -1 1
422.83 2020.67 1766.12 2718.87 -1 2
-2519.32 3809.23 8800.68 9915.66 1 2
event 162
-248.125 -6636.85 3942.89 8321.45
-5726.22 2130.38 11472.4 13361.7
-4077.85 230.824 5272.54 6670.31 -1 2
1414.43 -2893.62 1932.9 3757.78 1 1
-1662.55 -3743.23 2009.99 4563.67 -1 1
-1648.37 1899.55 6199.9 6691.44 1 2
event 163
-3179.69 -10138 24454.2 26841.9
-8770.84 225.043 1415.44 9411.27
-4288.59 -14.6638 2250.47 4844.38 1 2
155.324 -3279.47 5437.28 6352.5 -1 1
-3335.01 -6858.58 19016.9 20489.5 1 1
-4482.25 239.707 -835.035 4566.88 -1 2
event 164
-6974.03 5430.54 11689.6 14978.8
40.7754 -9020.17 47577.3 48523.8
-1415.76 -3087.05 15229.6 15604 1 2
-1814.96 1929.47 5906.6 6474.25 1 1
-5159.08 3501.07 5782.99 8504.57 -1 1
1456.53 -5933.12 32347.8 32919.8 -1 2
event 165
-5506.63 919.056 16547.4 17736.3
-9142.14 -16941.7 59722.1 62824.5
-3168.86 -594.774 5836.47 6668.66 -1 1
-2337.77 1513.83 10711 11067.6 1 1
-8161.12 -12389.6 44881.1 47269.8 -1 2
-981.018 -4552.07 14841 15554.8 1 2
event 166
1506.28 -12487.9 -25532.2 28630.3
-3653.86 -8155.96 -38450.7 39597
-2613.03 -3503.63 -13361.4 14058.5 1 2
35.7351 -3964.38 -11299.3 11975.1 1 1
1470.54 -8523.47 -14232.9 16655.3 -1 1
-1040.83 -4652.34 -25089.3 25538.4 -1 2
event 167
-3562.51 -4097.49 -8955.02 10920.7
-7041.98 -690.31 -3172.47 8349.85
-3193.4 814.682 -289.46 3310.06 -1 2
-2069.99 -211.737 -2823.81 3509.24 1 1
-1492.52 -3885.75 -6131.21 7411.45 -1 1
-3848.58 -1504.99 -2883.01 5039.79 1 2
event 168
-5902.33 1479.52 15407.2 16852.3
-4658.32 -9361.73 43382.6 44732.3
-3975.31 211.995 12617.3 13230.9 1 1
-1927.03 1267.52 2789.93 3621.45 -1 1
-1709.75 -5313.44 17482 18351.8 1 2
-2948.57 -4048.28 25900.5 26380.5 -1 2
event 169
-3454.26 9566.11 -17428 20414.9
10381.1 -20127.9 66165.1 70002.2
-3442.68 6170.03 -9978.48 12227.1 1 1
-11.5774 3396.09 -7449.49 8187.77 -1 1
6254.49 -12269.9 44720.6 46793.3 -1 2
4126.59 -7857.97 21444.5 23208.9 1 2
event 170
-155.325 8234.98 36602 37644.9
7396.79 2918.22 19976.1 21722.4
4838.76 582.501 9334.75 10531 1 2
1215.61 4017.81 21443.9 21851.1 1 1
2558.03 2335.72 10641.3 11191.4 -1 2
-1370.93 4217.17 15158.1 15793.8 -1 1
event 171
8490.86 -19352.9 3182.13 21595
-4915.3 1281.21 -21861.7 22656.8
-3048.63 -361.827 -15938.1 16231.5 1 2
3367.09 -6873.24 -305.806 7660.51 -1 1
-1866.67 1643.03 -5923.6 6425.28 -1 2
5123.76 -12479.6 3487.94 13934.5 1 1
event 172
3208 -10619.6 -3995.57 12191.1
-6297.74 6566.68 -7176.66 11994.9
-2791.94 4486.18 -2684.32 5927.69 1 2
2878.12 -4474.33 -2369.61 5824.9 1 1
-3505.8 2080.5 -4492.34 6067.24 -1 2
329.878 -6145.26 -1625.95 6366.15 -1 1
event 173
-5332.88 -4136.69 -12840.5 14833.2
9082.7 -5806.68 47780.4 49079.3
2670.03 -2210.28 9848.17 10440.9 -1 2
-1470.88 -1881.92 -2039.98 3142.9 1 1
6412.67 -3596.4 37932.3 38638.4 1 2
-3861.99 -2254.77 -10800.6 11690.3 -1 1
event 174
4232.56 -12185.8 49223.6 50980
4788.01 -3581.09 -16945.6 18234.4
2069.33 -8854.26 38028.1 39100.2 -1 1
2163.23 -3331.55 11195.5 11879.8 1 1
2615.11 -186.844 -5368.75 5975.64 -1 2
2172.9 -3394.24 -11576.9 12258.8 1 2
event 175
-8299.38 -8498.2 10584.3 16208.5
1790.15 -6915.26 -364.052 7794.17
-188.982 -3394.29 974.015 3537.91 -1 2
-1415.64 -2923.73 4092.45 5226.05 1 1
-6883.74 -5574.47 6491.81 10982.5 -1 1
1979.13 -3520.96 -1338.07 4256.26 1 2
event 176
-8986.84 -1102.22 6919.94 11809.1
5378.52 -2467.17 -6736.92 9486.44
4301.74 -426.503 -4901.29 6536.11 -1 2
-3384.54 -850.109 4512.22 5705.18 1 1
-5602.3 -252.11 2407.72 6103.9 -1 1
1076.78 -2040.66 -1835.63 2950.33 1 2
event 177
4187.3 -1523.81 -11462.9 12682.4
-10817.9 4720.81 -4506.14 13008
3167.81 398.491 -5921.65 6728.37 -1 1
1019.49 -1922.3 -5541.2 5954.04 1 1
-5703.25 4149.35 -2697.49 7551.94 -1 2
-5114.65 571.456 -1808.65 5456.06 1 2
event 178
-6588.88 -5545.03 261.99 9155.34
-1443.06 -7094.89 24733.7 25957
-1676.22 -2872.22 14627 15000.7 1 2
-902.923 -2423.28 -456.915 2628.21 1 1
-5685.96 -3121.75 718.905 6527.13 -1 1
233.167 -4222.66 10106.7 10956.3 -1 2
event 179
-5092.11 9111.66 6182.93 12520.8
3214.13 10224.5 286.502 11159.9
-2859.07 4426.49 1379.28 5448.08 -1 1
-2233.05 4685.18 4803.66 7072.74 1 1
3472.3 6274.52 -168.914 7173.99 -1 2
-258.166 3949.97 455.416 3985.91 1 2
event 180
4361.57 19983.7 -10279.8 23100.5
-159.251 7013.16 -831.705 7713.12
1185.01 11985.5 -6666.86 13766.4 1 1
3176.57 7998.22 -3612.92 9334.16 -1 1
923.087 3921.12 -1618.06 4342.41 -1 2
-1082.34 3092.04 786.351 3370.71 1 2
event 181
5231.61 8366.22 -3396.53 10885.3
-6622.18 -16776.8 -22803.7 29238.9
-2282.75 -4741.87 -4609.21 6996.59 -1 2
1900.42 845.771 -342.265 2110.74 -1 1
-4339.43 -12035 -18194.5 22242.4 1 2
3331.19 7520.45 -3054.26 8774.6 1 1
event 182
2737.16 7440.86 -18074.1 19978.1
-8247.79 -1276.12 2865.6 9351.85
-4988.97 -994.246 3278.92 6053.17 1 2
123.011 3751.01 -5927 7016.1 1 1
-3258.82 -281.875 -413.32 3298.69 -1 2
2614.14 3689.85 -12147.1 12962 -1 1
event 183
-6206.62 1004.51 1563.2 7180.93
-6522.26 -4325.03 3934.84 9290.85
-1625.63 -2570.38 573.082 3096.63 -1 2
-1649.19 1616.43 -34.1185 2311.93 -1 1
-4896.63 -1754.65 3361.76 6194.22 1 2
-4557.43 -611.923 1597.32 4869 1 1
event 184
8385.12 3114.59 10662.5 14258
-5643.04 -3399.31 -36215.8 36940.1
4485.22 1354.94 7831.19 9126.43 -1 1
3899.89 1759.65 2831.34 5131.59 1 1
-2657.22 -3219.24 -24170.9 24528.9 -1 2
-2985.82 -180.074 -12044.9 12411.2 1 2
event 185
1911.53 6167.65 -191.76 7163.86
-1155.85 8623.16 -3069.43 9731.77
1049.42 2943.91 -1301.5 3387.18 -1 2
1927.11 1382.76 -119.871 2377.25 -1 1
-2205.28 5679.25 -1767.93 6344.6 1 2
-15.5801 4784.88 -71.8889 4786.61 1 1
event 186
-10874.3 1980.74 21025.8 23955.2
657.495 -5593.81 -15712.6 16976.4
-6163.42 1601.39 8931.11 10969.4 -1 1
-4710.87 379.348 12094.7 12985.7 1 1
925.132 -3173.47 -5034.14 6023.33 -1 2
-267.637 -2420.34 -10678.5 10953.1 1 2
event 187
-660.042 4901.46 1626.41 6057.6
17442.3 -5348.96 -26350.2 32198.9
-1732.19 3062.34 1733.25 3923.48 1 1
1072.15 1839.13 -106.847 2134.12 -1 1
8840.83 -2977.35 -10809.7 14278.9 1 2
8601.5 -2371.61 -15540.5 17920 -1 2
event 188
-2129.96 -6241.41 -7969.21 10797.7
-6059.06 2048.12 5800.63 9173.06
-2664.18 -3193.24 -4085.15 5830.46 1 1
534.224 -3048.17 -3884.06 4967.27 -1 1
-4447.67 509.204 2331.33 5048.49 -1 2
-1611.39 1538.91 3469.3 4124.56 1 2
event 189
-6945.09 9435.67 10242.4 15867.1
20.7922 -9782.4 29956.8 31665.4
-1399.83 -2842.38 9770.59 10272 -1 2
-419.753 2523.55 1597.99 3018.15 1 1
-6525.34 6912.12 8644.45 12848.9 -1 1
1420.62 -6940.02 20186.2 21393.4 1 2
event 190
-7079.55 7872.27 47276.4 48546.3
6662.78 -4032.08 -9671.71 12797.8
3185.36 -803.712 -5825.6 6688.89 1 2
-570.437 1991.86 6018.52 6366.06 -1 1
-6509.11 5880.41 41257.9 42180.2 1 1
3477.42 -3228.37 -3846.11 6108.89 -1 2
event 191
8267.87 -3109.03 39995.9 41076.5
13176 1546.3 -2102.02 13784.2
9373.33 -276.432 -1847.93 9558.34 1 2
3404.56 -2535.24 14261.5 14880.2 -1 1
3802.62 1822.74 -254.092 4225.88 -1 2
4863.31 -573.786 25734.4 26196.4 1 1
event 192
-7045.91 -7189.25 -9107.11 13923.4
-5351.23 -5832.97 -17962.8 19872.4
-3367.2 -1820.32 -10412.2 11094 1 2
-955.494 -2675.95 -3411.79 4441.3 -1 1
-6090.42 -4513.29 -5695.32 9482.13 1 1
-1984.03 -4012.66 -7550.61 8778.42 -1 2
event 193
-8103.93 -1720.79 11275.2 14330.2
5001.35 -6882.25 -17736.2 19913.3
2989.04 -3000.82 -5662.96 7072.46 -1 2
-3318.4 -1840.12 3308.65 5035.49 1 1
-4785.53 119.335 7966.53 9294.75 -1 1
2012.32 -3881.42 -12073.2 12840.9 1 2
event 194
-3129.08 3401.73 9226.6 10774.2
11043.9 -3488.95 -20078.8 23385.6
-3124.23 1194.28 5823.38 6716.4 1 1
-4.85653 2207.45 3403.22 4057.82 -1 1
5781.37 -2754.88 -13385.9 14839.4 1 2
5262.5 -734.075 -6692.84 8546.23 -1 2
event 195
520.258 7365.4 16374 18226.9
3523.57 8724.61 3115.64 10384.1
-185.765 3054.73 417.905 3090.58 -1 2
-784.329 2234.58 2873.93 3725.48 1 1
3709.34 5669.88 2697.74 7293.54 1 2
1304.59 5130.82 13500.1 14501.4 -1 1
event 196
5999.64 4674.33 7401.22 11055.1
-11185.2 -866.567 -48377.7 49757.9
3012.59 2519.99 5873.52 7066.5 1 1
2987.05 2154.34 1527.7 3988.57 -1 1
-6801.51 -1023.22 -35293.8 35957.9 -1 2
-4383.71 156.657 -13083.9 13800.1 1 2
event 197
-2933.93 -9384.18 -20878.6 23284.7
4993.5 2453.15 -9969.07 11829
-2446.93 -5186.88 -14873.2 15940.9 -1 1
-487 -4197.3 -6005.44 7343.77 1 1
3173.56 292.836 -7188.2 7863.75 -1 2
1819.93 2160.31 -2780.87 3965.29 1 2
event 198
6928.15 6240.72 2031.58 10033.1
-5950.36 -2219.63 237.492 7069.74
-3695.66 -2837.19 -295.473 4669.69 1 2
2600.21 3875.67 2053.46 5099.98 -1 1
-2254.7 617.555 532.964 2400.05 -1 2
4327.94 2365.05 -21.8794 4933.17 1 1
