event 0
-5499.68 -6813.88 -17482.4 19796.5
-925.548 -6874.81 -1941.88 7841.02
-2767.3 -5520.12 -12950.9 14348 -1 1
-2732.38 -1293.75 -4531.54 5448.46 1 1
246.246 -2657.65 655.445 2750.36 -1 2
-1171.79 -4217.16 -2597.32 5090.66 1 2
event 1
-11456.1 -26332.2 26757.3 39372.2
-541.776 6055.53 -955.644 6889.64
-1565.97 3269.98 -1397.8 3887.16 1 2
-4036.93 -8544.58 10792.9 14345.9 -1 1
1024.19 2785.55 442.152 3002.49 -1 2
-7419.2 -17787.6 15964.4 25026.3 1 1
event 2
-2882.79 -4970.26 6595.85 9279.55
-6700.41 8050.86 -6819.92 12876.9
-825.465 -4002.51 5180.84 6599.53 1 1
-2057.33 -967.753 1415.01 2680.03 -1 1
-3618.13 5198.11 -5718.63 8533.76 1 2
-3082.28 2852.75 -1101.29 4343.11 -1 2
event 3
-2582.29 -5482.76 2244.58 7166.4
-8207.93 4249.22 24306.6 26188.3
-3375.29 105.791 8151.3 8823.75 1 2
-2283.88 -1436.07 488.42 2743.74 -1 1
-4832.63 4143.43 16155.3 17364.5 -1 2
-298.409 -4046.68 1756.16 4422.66 1 1
event 4
-4910.27 -265.629 -28545.4 29130.9
4137.28 12938.5 39930.5 42338.6
-2991.75 -1608.05 -14626.1 15015.6 -1 1
-1918.52 1342.42 -13919.3 14115.3 1 1
4146.53 7345.13 25647.2 26998.8 1 2
-9.24394 5593.39 14283.3 15339.8 -1 2
event 5
1620.26 -9233.83 67.3631 9873.44
2719.45 -6531.12 -565.437 7743.49
2081.98 -3889.74 1108.58 4550.25 1 2
2194.49 -3962.49 -404.969 4548.88 -1 1
637.469 -2641.38 -1674.01 3193.23 -1 2
-574.225 -5271.33 472.332 5324.56 1 1
event 6
4028.51 -6156.29 6403.6 10233.5
7353.25 -2058.73 4860.73 9566.95
5503.41 -591.72 4583.77 7187.48 1 2
730.493 -3637.11 3909.58 5390.56 1 1
1849.84 -1467.01 276.958 2379.47 -1 2
3298.01 -2519.18 2494.02 4842.98 -1 1
