event 0
-13382.9 -3124.71 -8864.17 16644.2
-1256.43 5368.59 -1105.16 6419.68
-10396.9 -1995.43 -8176.29 13376.9 -1 1
-2985.97 -1129.28 -687.881 3267.36 1 1
977.421 1902.69 28.8505 2141.86 -1 2
-2233.85 3465.9 -1134.01 4277.82 1 2
event 1
-1924.74 -4080.72 -2640.86 6076.31
-1143.48 -8405.59 -2424.73 9350.47
-2380.31 -2111.72 -674.222 3254.38 -1 1
455.568 -1969 -1966.63 2821.93 1 1
-1594.35 -4224.67 -43.9085 4516.95 -1 2
450.872 -4180.92 -2380.82 4833.52 1 2
event 2
-5436.15 -5618.14 -11706.6 14413.6
-9533.69 667.995 6760.06 12109.1
-3470.78 729.75 4274.57 5555.36 -1 2
-1028.88 -2476.3 -5861.64 6446.75 1 1
-6062.91 -61.7558 2485.48 6553.73 1 2
-4407.28 -3141.85 -5845.01 7966.84 -1 1
event 3
475.716 -11610.2 40435.6 42185.9
-472.668 7711.12 -27067.5 28318.3
172.514 4096.54 -9136.23 10014.7 -1 2
-1036.48 -3836.89 16581.3 17051.3 1 1
1512.2 -7773.28 23854.3 25134.7 -1 1
-645.181 3614.58 -17931.3 18303.6 1 2
event 4
1067.9 -6796.06 13210.9 15213.3
8280.61 -2948.17 -35398.4 36604.6
3469.84 -2820.1 -15511.8 16143.7 -1 2
1088.58 -2125.4 7286.02 7668.09 1 1
4810.78 -128.072 -19886.7 20461 1 2
-20.6833 -4670.66 5924.87 7545.25 -1 1
event 5
6219.73 -3280.37 -1605.51 7849.46
1008.05 -13621.1 16692.4 21789.4
3489.32 -3462.07 -1353.21 5099.38 -1 1
2730.4 181.706 -252.303 2750.08 1 1
1536.42 -8382.74 8403.62 11969.2 1 2
-528.377 -5238.39 8288.75 9820.1 -1 2
event 6
11675.7 4712.33 23950.8 27235.2
-158.354 4205.24 -9439.64 10789.2
6029.21 3844.09 14979.1 16598.6 -1 1
5646.49 868.244 8971.7 10636.7 1 1
-1580.71 2738.19 -6130.56 6898.64 -1 2
1422.35 1467.05 -3309.08 3890.57 1 2
