event 0
-6983.7 -7516 2832.89 11263.9
-15350.1 10589.2 39303.3 43613
-5041.13 -2884.21 885.844 5876.01 1 1
-1942.57 -4631.79 1947.04 5387.88 -1 1
-9352.38 7772.25 23066.2 26075.5 -1 2
-5997.77 2816.95 16237.1 17537.5 1 2
event 1
1472.52 -3769.53 -18.9565 5474
13991 17219.4 -86.9775 22402.1
-601.82 -3282.17 59.9782 3339.1 1 1
2074.34 -487.368 -78.9347 2134.9 -1 1
9825.45 13477.1 -1081.33 16713.8 1 2
4165.54 3742.31 994.354 5688.28 -1 2
event 2
-4522.34 -5101.53 -15304.1 17037.7
8337.69 13412.5 20389.1 25975.4
-2540.36 -2445.05 -11305.2 11842.7 -1 1
-1981.98 -2656.48 -3998.9 5194.95 1 1
4447.62 7677.01 13837.2 16437.6 1 2
3890.07 5735.49 6551.98 9537.72 -1 2
event 3
5939.24 -2017.17 -492.577 7012.64
-12188 1239.95 48007.4 49642.5
4530.22 -128.657 249.287 4540.13 1 1
1409.02 -1888.51 -741.864 2472.51 -1 1
-7663.28 -172.985 34034.1 34886.8 1 2
-4524.75 1412.93 13973.3 14755.8 -1 2
event 4
-8314.32 -1889.07 13681.5 16415.6
-7343.31 5561.02 -4777.74 10829
-3078.62 627.814 -1036.31 3310.16 1 2
-1661.05 -1452.6 5018.91 5483.59 -1 1
-6653.27 -436.467 8662.58 10932 1 1
-4264.69 4933.21 -3741.43 7518.88 -1 2
