event 0
7227.79 7038.87 18275.1 21103.5
6441.31 12834.5 26438 30245.2
1610.31 3657.03 10441.7 11180.7 -1 2
2844.82 2146.57 3818.27 5224.08 1 1
4831 9177.43 15996.3 19064.6 1 2
4382.97 4892.31 14456.9 15879.5 -1 1
event 1
-2782.88 3945.24 -6441.43 8625.07
5937.38 9024.63 -20737.4 23586.6
-2813.68 1418.04 -4152.24 5213.43 1 1
30.8041 2527.2 -2289.19 3411.63 -1 1
3575.48 5299.36 -15314.6 16595.6 -1 2
2361.89 3725.27 -5422.79 6991 1 2
event 2
-8911.11 -6866.04 37170.8 38959.1
5320.76 -2792.83 -7365.54 9997.62
2727.1 -3024.49 -5222.91 6623.79 -1 2
-3541.71 -1709.9 9024.86 9845.14 -1 1
-5369.4 -5156.14 28146 29114 1 1
2593.66 231.663 -2142.63 3373.83 1 2
event 3
5380.98 -2951.99 -3025.44 7510.91
10385.5 -166.699 3425.73 11367.1
4491.63 -121.753 -104.865 4495.74 1 2
971.353 -1959.5 -245.174 2203.28 1 1
5893.88 -44.9457 3530.59 6871.4 -1 2
4409.63 -992.486 -2780.27 5307.63 -1 1
event 4
8477.02 -3541.38 -3609.6 10345.1
-2745.76 -6034.95 -14933.7 16630.3
-982.705 -4841.47 -12207.3 13169.5 1 2
3900.46 -1765.55 -54.5387 4283.09 1 1
-1763.05 -1193.48 -2726.4 3460.8 -1 2
4576.57 -1775.82 -3555.06 6062.02 -1 1
event 5
7149.76 4274.84 -38149.2 39170.7
-819.066 -9235.53 -17711.1 20229.7
-1734.66 -4357.79 -7034 8455.04 1 2
3184.85 345.392 -16834 17136.5 1 1
3964.92 3929.45 -21315.2 22034.3 -1 1
915.596 -4877.73 -10677.1 11774.6 -1 2
event 6
3290.23 4562.2 -30842.7 31504
-1905.54 -8234.42 6547.28 11130.7
583.158 3386 -18099.2 18422.7 -1 1
2707.07 1176.2 -12743.5 13081.3 1 1
-2362.8 -3808.87 2604.58 5185.11 -1 2
457.261 -4425.56 3942.7 5945.64 1 2
event 7
-8800.29 -3315.25 31048.2 32588.6
-2083.64 -6295.93 -8939.99 11554
-4626.33 -2601.17 21452.5 22099.5 1 1
-4173.96 -714.081 9595.72 10489.1 -1 1
-1880.2 -3231.13 -2747.04 4640.34 -1 2
-203.439 -3064.8 -6192.95 6913.62 1 2
event 8
-4628.61 -7701.88 -5070.19 10772.3
5182.51 -6727.43 29777.3 31119
2094.13 -4595.74 20448.2 21062.9 1 2
-3358.22 -2906.32 -3175.63 5460.78 -1 1
3088.39 -2131.69 9329.06 10056.1 -1 2
-1270.39 -4795.57 -1894.56 5311.48 1 1
