event 0
3171.27 -7246.64 -1694.95 8662.16
-6918.98 3398.33 -16542.6 18511.3
-2470.4 2862.85 -6646.56 7647.67 -1 2
2184.15 -2674.8 506.287 3491.79 -1 1
987.114 -4571.84 -2201.24 5170.37 1 1
-4448.58 535.475 -9896 10863.6 1 2
event 1
9438.49 8133.58 -10731.9 16733.3
-18048.1 1073.17 -103506 105119
-13331.2 2117.89 -74506.5 75719.4 1 2
3162.69 4564.21 -3844.44 6754.67 -1 1
-4716.82 -1044.71 -28999.8 29399.7 -1 2
6275.8 3569.36 -6887.44 9978.68 1 1
event 2
3978.44 -7398.1 22005.8 23757.3
-570.585 -10258.7 580.044 10746.8
3428.52 -3124.54 11111.2 12041.1 -1 1
549.925 -4273.56 10894.6 11716.2 1 1
-270.282 -5187.97 -1253.91 5345.23 1 2
-300.303 -5070.73 1833.95 5401.57 -1 2
event 3
-9544.78 8539.45 31701.1 34330.4
5056.67 2701.1 -5950.84 8824.4
-7035.96 5332.77 24702.5 26232.9 -1 1
-2508.81 3206.69 6998.59 8097.43 1 1
3844.31 545.576 -2665.37 4710.81 -1 2
1212.36 2155.53 -3285.47 4113.59 1 2
event 4
6849.15 -3148.96 6525.38 10440.2
-5986.41 -3932.42 19288.7 20807.4
-3581.46 -2689.92 15600.7 16231.3 1 2
3652.93 -31.5078 2500.49 4428.15 -1 1
-2404.95 -1242.5 3688 4576.04 -1 2
3196.22 -3117.45 4024.88 6012.08 1 1
