event 0
-7825.55 2641.66 5120.05 10199.2
-4993.97 -1778.22 3421.45 7028.4
-4496.96 287.133 1513.23 4754.59 -1 1
-3328.59 2354.53 3606.82 5444.6 1 1
-3004.39 -2314.04 1159.76 3967.04 -1 2
-1989.58 535.825 2261.69 3061.36 1 2
event 1
451.695 5612.69 10277 12120.8
-5371.21 -9373.66 26641.4 28914.9
-607.695 3121.53 3070.32 4421.68 -1 1
1059.39 2491.16 7206.72 7699.11 1 1
-3925.93 -5128.1 12367.9 13953 -1 2
-1445.28 -4245.56 14273.5 14961.9 1 2
event 2
-4044.31 6265.8 -8994.54 12087.5
7813.56 4010.87 -14058.9 16863.6
3996.07 1607.89 -9588.07 10511.7 1 2
-2485.65 1291.7 -3855.43 4766.81 1 1
-1558.66 4974.09 -5139.11 7320.7 -1 1
3817.49 2402.97 -4470.83 6351.93 -1 2
event 3
1734.14 5480.12 10590.6 12441.4
-1148.64 8062.92 24531.9 26033.4
-1675.9 3497.25 8280.88 9144.59 1 2
-820.99 2288.61 3703.65 4431.7 1 1
527.256 4565.67 16251 16888.8 -1 2
2555.13 3191.51 6886.9 8009.68 -1 1
event 4
157.356 -10118.5 47063 48238.3
-5031.1 655.308 -15261.7 16378.4
-3634.67 -871.03 -11380.5 11979 1 2
193.732 -4917.57 15917.9 16661.7 1 1
-1396.43 1526.34 -3881.16 4399.35 -1 2
-36.376 -5200.96 31145.1 31576.6 -1 1
event 5
-4677.33 -10442.1 26814.6 29317.7
2805.34 -5639.39 13455.9 15176.5
-1718.26 -5986.07 17507.1 18582.1 1 1
-2959.07 -4456.03 9307.44 10735.5 -1 1
2792.94 -3007.49 10153.9 10952.5 -1 2
12.4047 -2631.9 3302.06 4223.95 1 2
event 6
3870.98 -10292.7 -18647.3 21959.8
5059.78 6397.08 4420.52 9780.38
2977.14 1400.33 1367.17 3564.35 1 2
619.202 -2004.33 -6941.75 7252.57 -1 1
3251.78 -8288.38 -11705.6 14707.2 1 1
2082.65 4996.75 3053.36 6216.03 -1 2
event 7
-2926.33 -4284.19 12535 13915.3
-16243.9 5953.35 -31200.6 35810.3
-3063.85 -1845.84 7985.33 8750.48 1 1
137.515 -2438.36 4549.68 5164.81 -1 1
-12160.8 3625.53 -24919.2 27964.4 1 2
-4083.12 2327.83 -6281.46 7845.93 -1 2
