event 0
3790.97 -7215.15 14113.5 16589.5
2728.45 8496.28 13923.9 16825.5
22.6495 3483.43 7293.92 8083.76 -1 2
1930.98 -2294.93 2764.38 4080.23 1 1
2705.8 5012.86 6629.96 8741.72 1 2
1859.99 -4920.22 11349.1 12509.2 -1 1
event 1
3662.7 6418.06 -13497.1 15696.1
333.319 -9577.06 15919.6 18837.6
595.96 3922.03 -5596.97 6861.11 1 1
3066.74 2496.03 -7900.1 8835.03 -1 1
914.015 -5089.02 10983.8 12140.4 1 2
-580.696 -4488.04 4935.75 6697.2 -1 2
event 2
7252.11 -177.931 -2958.91 8424.42
-8176.23 3872.95 -18054 20430.1
-4120.53 440.738 -9419.75 10291.5 1 2
2287.3 -1490.06 -1311.12 3030.22 1 1
-4055.7 3432.21 -8634.27 10138.6 -1 2
4964.81 1312.13 -1647.79 5394.2 -1 1
event 3
-14398.3 10647.1 16454.2 24515.4
6102.06 -2770.24 -20122.3 21433.8
3885.08 -2516.09 -16829.3 17454.5 -1 2
-2870 1045.65 1822.09 3558.29 -1 1
-11528.3 9601.42 14632.1 20957.1 1 1
2216.98 -254.151 -3293.05 3979.31 1 2
event 4
7694.81 977.296 36782.1 37718.4
-6192.45 10953.2 24781.3 27964.7
-4938.18 9256.39 17709.8 20584.3 1 2
3381.66 -1086.09 14529 14957.2 -1 1
-1254.26 1696.83 7071.5 7380.36 -1 2
4313.15 2063.39 22253.1 22761.2 1 1
event 5
8587.88 -2912.24 15549.1 18264.7
4427.56 -10604.7 -1624.44 12012.2
3873.83 -2941.33 8085.52 9436.35 1 1
4714.05 29.0904 7463.58 8828.32 -1 1
3744.37 -5757.07 -49.922 6868.61 -1 2
683.19 -4847.63 -1574.51 5143.59 1 2
event 6
5592.02 -3496.25 -2466.66 7692.19
-8622.53 11028.3 -66060.7 67598.6
3436.81 -1046.14 -2581.91 4425.32 -1 1
2155.21 -2450.11 115.241 3266.87 1 1
-5678.85 6315.71 -46235.4 47009.1 1 2
-2943.67 4712.6 -19825.3 20589.5 -1 2
event 7
5824.28 9765.14 31472.9 33606.8
-4077.98 -6661.43 -3143.66 8971.01
5464.51 6489.02 22989.4 24504.9 1 1
359.769 3276.12 8483.52 9101.85 -1 1
-1180.44 -2494.27 385.379 2788.28 -1 2
-2897.54 -4167.16 -3529.04 6182.73 1 2
event 8
5168.94 288.213 -75.3447 6033.05
6202.35 -13807.5 -50286.9 52606.9
3209.77 1314.96 -1032.48 3620.62 -1 1
1959.17 -1026.75 957.135 2412.43 1 1
5744.76 -9429.12 -35348.3 37032.8 1 2
457.592 -4378.42 -14938.6 15574.1 -1 2
event 9
6446.51 -1354.7 1240.71 7383.97
-7615.52 -7959.86 -42680.5 44187.9
-3930.44 -2627.36 -22503.9 22995.4 1 2
2066.39 854.001 -258.828 2253.32 -1 1
-3685.08 -5332.5 -20176.6 21192.5 -1 2
4380.12 -2208.7 1499.54 5130.65 1 1
event 10
-2521.82 8080.31 -16939.7 19292.3
-19439 -5903.97 -4601.43 21059.3
96.1891 5664.25 -10185.1 11655 1 1
-2618.01 2416.06 -6754.67 7637.28 -1 1
-11273.3 -3679.58 -1135.57 11913.4 1 2
-8165.66 -2224.38 -3465.85 9146 -1 2
event 11
-1114.58 9508.16 4383.47 10975
-708.47 4779.22 -8613.51 10350.2
-184.695 5171.84 3962.82 6518.98 -1 1
-929.885 4336.33 420.649 4456.07 1 1
1059.17 3171.78 -5143.85 6136.15 -1 2
-1767.64 1607.44 -3469.67 4214.05 1 2
event 12
-3637.25 -7557.49 -645.167 8963.97
6083.01 4732.04 -12259.2 14807.8
-1153.52 -5232.65 -1259.44 5505.32 -1 1
-2483.73 -2324.84 614.277 3458.65 1 1
1800.21 1756.95 -6829.74 7279.02 -1 2
4282.8 2975.09 -5429.41 7528.82 1 2
event 13
4494.57 4556.18 7729.02 10501.8
-8184.09 -577.419 10226.2 13471.4
-2980.78 -1292.32 5582.58 6459.99 1 2
621.859 2223.14 1330.85 2666.72 -1 1
-5203.31 714.901 4643.61 7011.4 -1 2
3872.71 2333.04 6398.16 7835.09 1 1
event 14
4151.37 2667.29 -9331.78 11001
18415.6 7692.7 -8306.14 21838
2843.92 1078.27 -2741.3 4095.9 -1 1
1307.45 1589.02 -6590.48 6905.08 1 1
13654.4 4996.79 -7313.89 16276.2 -1 2
4761.22 2695.91 -992.25 5561.74 1 2
event 15
-2639.83 -5712.43 -6697.82 9698.07
6444.48 -14100.5 -23279.2 28140.2
-836.914 -4479.9 -5688.82 7289.98 -1 1
-1802.92 -1232.53 -1008.99 2408.09 1 1
2867.2 -7918.34 -10111 13159.2 1 2
3577.28 -6182.14 -13168.3 14981 -1 2
event 16
16960.7 -7056.73 -26350.7 32270.9
5978.53 3064.33 26417.1 27433.3
9376.97 -3236.26 -11726.6 15359.9 -1 1
7583.72 -3820.46 -14624.1 16911.1 1 1
2871.91 2843.1 18238.6 18681.2 -1 2
3106.62 221.233 8178.52 8752.11 1 2
event 17
-498.56 5204.66 21700.2 22535
7109.74 4516.51 -28396.2 29780.6
-1515.11 2730.35 14957.1 15279.9 -1 1
1016.55 2474.32 6743.12 7255.1 1 1
4098.02 1597.7 -18789.4 19297.6 -1 2
3011.71 2918.81 -9606.85 10483 1 2
event 18
6393.63 5959.35 -36097.8 37269.8
-783.324 6065.17 -704.549 6891.12
2192.57 4137.93 -17445.5 18063.4 -1 1
4201.06 1821.42 -18652.3 19206.4 1 1
325.948 3850.48 -1695.53 4221.19 -1 2
-1109.27 2214.69 990.986 2669.93 1 2
event 19
-19299.4 4504.02 23191 30662.2
5770.15 -2874.35 17426 18836.5
-13805.9 2054.93 14876.8 20399.9 1 1
-5493.48 2449.09 8314.18 10262.2 -1 1
2619.25 -2217.05 5502.35 6485.58 -1 2
3150.9 -657.293 11923.7 12350.9 1 2
event 20
6136.2 2092.05 14267 15973.9
10658.9 -2914.73 -23971 26576.4
3958.43 -177.494 9070.06 9898.38 1 1
2177.77 2269.54 5196.91 6075.57 -1 1
6142.58 -626.133 -10450.7 12138.9 -1 2
4516.33 -2288.6 -13520.3 14437.6 1 2
event 21
9829.42 -2281.15 44660.5 45890.9
-1420.52 10979.1 15707.2 19464.5
170.82 4594.1 4304.17 6298.56 1 2
2459.64 617.624 13718 13950.9 1 1
7369.78 -2898.77 30942.5 31940 -1 1
-1591.34 6384.98 11403 13165.9 -1 2
event 22
7679.16 8598.57 -15576.3 19624.4
7434.67 1309.1 -482.759 8173.85
5726.5 -350.701 -695.853 5780.24 -1 2
2555.19 2960.4 -3040.54 4954.7 -1 1
5123.97 5638.17 -12535.8 14669.7 1 1
1708.17 1659.8 213.095 2393.61 1 2
event 23
-3917.83 -3148.16 -10625.4 12155.3
5214.56 11962.7 8569.44 15916.2
-1809.95 -3281.97 -6100.94 7160.99 1 1
-2107.88 133.813 -4524.47 4994.3 -1 1
2781.22 7285.06 6819.18 10359.5 1 2
2433.34 4677.69 1750.26 5556.66 -1 2
event 24
4253.34 -6911.25 -5066.11 10055.4
3759.88 12712.8 8555.31 16079.1
2363.72 3737.8 3769.22 5811.76 -1 2
1126.81 -3486.76 -796.837 3751.45 -1 1
1396.16 8975.04 4786.1 10267.3 1 2
3126.53 -3424.49 -4269.28 6303.98 1 1
event 25
-3763.65 -4139.55 -12481.3 14024.1
8373.62 -7338.34 -5457.13 12780.5
3668.58 -1621.33 -2883.94 4941.21 1 2
-300.751 -1993.68 -2316.75 3073.06 -1 1
4705.04 -5717.01 -2573.18 7839.26 -1 2
-3462.89 -2145.87 -10164.5 10951 1 1
event 26
5212.03 -1120.32 -11296.7 12869.6
-13724.3 -4236.18 9455.39 17472.8
2402.01 -1998.06 -6926.23 7599.06 1 1
2810.02 877.741 -4370.48 5270.57 -1 1
-6876.92 -3557.4 5843.29 9700.64 -1 2
-6847.4 -678.785 3612.09 7772.13 1 2
event 27
2860.78 -4119.76 -20288.6 21127.6
-2190.65 9349.3 -13580.5 16918.3
711.733 -3460.26 -14294.6 14725 1 1
2149.05 -659.496 -5994.02 6402.56 -1 1
-1901.4 4877.49 -9545.52 10887.3 1 2
-289.248 4471.81 -4034.94 6030.97 -1 2
event 28
5312.44 4799.89 2507.41 8193.81
-6790.55 -5753.62 12231.9 15441
-2491.91 -3895.85 4882.58 6725.92 1 2
1008.78 2635.93 146.232 2828.13 1 1
4303.66 2163.96 2361.18 5365.68 -1 1
-4298.64 -1857.77 7349.33 8715.13 -1 2
event 29
-6499.62 2158.28 -8907.2 11654.7
6014.27 -3841.37 -34562.3 35426.9
1641.17 -2788.88 -12676 13083 -1 2
-2719.83 -166.932 -5198.47 5870.32 1 1
4373.1 -1052.49 -21886.3 22344 1 2
-3779.79 2325.21 -3708.73 5784.39 -1 1
event 30
11482.2 3277.37 -1845.59 12473.1
8291.88 -2811.99 11126.5 14493.3
4798.58 -450.562 4252.75 6428.56 1 2
5036.68 2940.12 -329.336 5842.26 -1 1
3493.3 -2361.43 6873.79 8064.72 -1 2
6445.51 337.257 -1516.26 6630.88 1 1
event 31
-6416.66 -6024.18 -8858.79 12866
-4243.16 7188.01 -20209.2 22083.4
-2789.84 5461.72 -17566.8 18606.9 1 2
-1648.37 -3294.95 -2459.31 4430.93 -1 1
-1453.32 1726.29 -2642.41 3476.45 -1 2
-4768.29 -2729.24 -6399.48 8435.04 1 1
event 32
7632.86 3020.69 -4000.67 9642.7
-1506.68 -6597.9 9329.78 11934.7
-543.709 -4317.24 8036.75 9139.74 -1 2
2858.91 2540.69 -2659.37 4659.6 -1 1
4773.95 479.998 -1341.29 4983.09 1 1
-962.975 -2280.66 1293.03 2794.96 1 2
event 33
6185.81 -6376.38 -20797.9 22826.8
-4437.27 -6121.82 39102 39946.5
5261.4 -3411.02 -14727.8 16007.4 -1 1
924.404 -2965.36 -6070.03 6819.4 1 1
-36.3811 -2370.63 12450.2 12674.4 -1 2
-4400.89 -3751.19 26651.8 27272.1 1 2
event 34
5247.13 82.3963 -1823.36 6665.94
6087.27 4715.81 22139.2 23643.8
3038.59 1536.76 5853.96 6773.08 -1 2
1342.64 1674.37 -992.749 2367.05 1 1
3048.68 3179.05 16285.3 16870.8 1 2
3904.49 -1591.97 -830.614 4298.89 -1 1
event 35
-6521.01 -404.315 -35255 35988.8
-3050.63 -8601.68 -7952.73 12495.3
119.928 -4246.33 -3465.31 5483.17 1 2
-2010.04 -1506.72 -10077.7 10386.6 1 1
-3170.56 -4355.35 -4487.43 7012.11 -1 2
-4510.97 1102.4 -25177.3 25602.2 -1 1
event 36
-6030.04 2590.38 -11148.9 13302.6
-7731.26 3396.62 13498.4 16220.7
-3365.31 56.2478 3843.82 5110.25 -1 2
-2198.31 728.809 -6924.42 7302.23 1 1
-4365.95 3340.37 9654.56 11110.4 1 2
-3831.73 1861.58 -4224.45 6000.4 -1 1
event 37
-1617.53 -5904.98 125.267 6862.35
5677.78 3304.82 -7488.43 10432
1618.14 2591.5 -2424.5 3901.75 -1 2
907.152 -1838.44 282.191 2072.1 -1 1
-2524.68 -4066.54 -156.924 4790.25 1 1
4059.64 713.317 -5063.92 6530.23 1 2
event 38
-13472.9 -10597.6 -7150.12 18829.3
6085.36 3389.12 3276.96 8297.4
-8248.95 -6048.34 -5838.66 11778.3 -1 1
-5223.9 -4549.22 -1311.47 7050.94 1 1
3603.45 1527.44 3407.4 5190.33 -1 2
2481.9 1861.68 -130.444 3107.07 1 2
event 39
9279.48 -3971.03 3514.16 11127.3
-5017.87 -6061.17 10521.5 13498.5
-2878.1 -5165.63 6052.87 8462.6 -1 2
3139.89 -9.46487 1802.54 3622.06 -1 1
6139.59 -3961.57 1711.62 7505.29 1 1
-2139.77 -895.542 4468.61 5035.89 1 2
event 40
-1480.52 -4588.68 5537.73 7969.03
136.473 -19367.2 -25465 32142.8
270.607 -3328.66 4408.73 5531.84 -1 1
-1751.12 -1260.02 1129 2437.19 1 1
-1217.84 -11658.2 -16521.9 20257.9 1 2
1354.31 -7708.92 -8943.13 11885 -1 2
event 41
472.6 5466.12 22430.8 23298.8
9183.9 892.15 -3582.91 10371.5
1375.59 3566.81 17880.2 18284.7 1 1
-902.985 1899.31 4550.53 5014.11 -1 1
4908.1 1563.5 -3105.61 6015.8 1 2
4275.8 -671.345 -477.305 4355.7 -1 2
event 42
6717.17 -3102.98 -31079.1 32097.5
6094.7 -1627.53 -14629.7 16230
4767 -543.299 -18991.2 19588.1 1 1
1950.17 -2559.68 -12088 12509.4 -1 1
2798.41 819.052 -6323.47 6964.15 -1 2
3296.28 -2446.58 -8306.18 9265.8 1 2
event 43
-14683.6 -574.388 -48609.9 50876.8
6751.25 5603.23 -6912.39 11590.9
-8090.66 -1825.63 -25878.2 27175.1 -1 1
-6592.98 1251.24 -22731.6 23701.7 1 1
4846.25 2215.03 -4764.05 7148.41 -1 2
1905 3388.2 -2148.34 4442.46 1 2
event 44
-6547.25 -5943.52 3906.61 10151.1
-5856.83 -3695.31 -2550.54 8003.37
-3901.08 -3031.76 539.043 4971.09 -1 1
-2646.17 -2911.76 3367.56 5179.98 1 1
-3290.49 -3728.65 -2082.16 5392.28 -1 2
-2566.34 33.3367 -468.375 2611.08 1 2
event 45
7742.4 -1859.34 6775.36 10904.1
-3137.43 -8373.27 12494.4 15673.4
-1226.12 -3802.15 3121.28 5070.82 1 2
1692.53 -1807.16 2260.25 3354.16 1 1
6049.87 -52.1826 4515.11 7549.91 -1 1
-1911.31 -4571.13 9373.17 10602.6 -1 2
event 46
-5017.02 12358.3 33417.4 36113.9
-941.567 -5913.84 -13576.4 15158.1
-2356.26 9368.65 22545.4 24528.2 1 1
-2660.76 2989.61 10871.9 11585.7 -1 1
-1100.86 -3472.11 -11067.5 11651.9 -1 2
159.292 -2441.73 -2508.94 3506.19 1 2
event 47
12659.6 -4710.42 -36143.5 38709.2
6654.81 -971.947 -12977.7 14941.2
4616.36 -1849.35 -10466.3 11588.1 1 2
4221.93 -3162.2 -13381 14383.5 -1 1
2038.44 877.4 -2511.41 3353.12 -1 2
8437.71 -1548.22 -22762.5 24325.6 1 1
event 48
7248.06 6195.21 34222.4 35660.6
1626.82 -4540.82 -6194.66 8439.81
-438.109 -3238.36 -3880.35 5074.17 1 2
2525.79 4145.79 17754 18406.1 -1 1
2064.93 -1302.46 -2314.31 3365.64 -1 2
4722.28 2049.43 16468.4 17254.5 1 1
event 49
-3457.6 5030.16 5600.73 8844.01
-10509.1 -2416.95 13277 17382.6
-4268.45 403.888 6150.69 7498.33 1 2
97.6636 2364.51 2354.36 3339.86 -1 1
-6240.62 -2820.84 7126.34 9884.25 -1 2
-3555.27 2665.64 3246.38 5504.15 1 1
event 50
-12642.8 -9113.19 4543.31 16526.4
4134.21 2696.78 7691.56 9649.68
-6823.75 -3985.93 3693.12 8723.62 1 1
-5819.02 -5127.25 850.198 7802.8 -1 1
3166 756.362 2788.76 4287.66 -1 2
968.214 1940.42 4902.8 5362.02 1 2
event 51
12008.7 -3770.83 18594.1 22666.2
-1835.73 -5033.39 -9289.24 11339.4
-911.839 -3032.19 -2055.31 3776.39 1 2
5311.93 -1614.1 5581.61 7873.21 1 1
-923.894 -2001.2 -7233.93 7563.02 -1 2
6696.77 -2156.73 13012.5 14793 -1 1
event 52
1093.44 -6638.32 1027.66 7477.33
-4215.68 5415.02 5693.68 9439.41
-627.751 3099.86 3165.09 4475.73 -1 2
568.56 -2555.87 1939.52 3260.16 -1 1
-3587.93 2315.16 2528.59 4963.68 1 2
524.88 -4082.45 -911.854 4217.17 1 1
event 53
-4719.91 -5518 20036.3 21535.3
-2454.06 -8473.51 -11397 14741.3
-2133.14 -2207.71 -3919.86 4980.04 -1 2
-2221.9 -1002.83 9420.6 9731.46 -1 1
-320.921 -6265.81 -7477.13 9761.25 1 2
-2498.01 -4515.17 10615.7 11803.9 1 1
event 54
-6099.83 9760.8 -1927.12 12074.2
1863.59 -6188.9 3804.86 8114.41
2515.57 -4212.81 3454.22 6001.56 1 2
-3776.54 3192.68 -977.725 5042.08 1 1
-651.985 -1976.09 350.642 2112.85 -1 2
-2323.29 6568.12 -949.399 7032.09 -1 1
event 55
7067.43 -1847 -34602 35500
12573 -2446.89 -19698.8 23700.2
3810.38 -1758.55 -4588.27 6218.91 -1 2
2731.48 166.961 -7612.48 8090.1 -1 1
8762.63 -688.342 -15110.5 17481.3 1 2
4335.95 -2013.96 -26989.5 27409.9 1 1
event 56
3632.68 5359.48 -8605.86 11206
1344.56 -7923.58 27916.3 29214.7
2156.75 -5531.44 16926.6 17937.9 1 2
229.82 3007.16 -3206.62 4403.34 -1 1
-812.191 -2392.15 10989.7 11276.8 -1 2
3402.86 2352.33 -5399.24 6802.64 1 1
event 57
5908.74 1647.79 1308.45 6995.09
8717.55 -8695.56 -28384.4 31094.6
2336.86 -2397.38 -11491.3 11969.5 -1 2
1952.04 -503.368 -595.068 2104.54 -1 1
6380.69 -6298.18 -16893.2 19125.1 1 2
3956.7 2151.15 1903.52 4890.55 1 1
event 58
3323.76 -6375.48 24642.9 25856.5
8445.96 -7312.79 -33035 35010.2
6980.35 -5766.46 -22353.6 24117.9 1 2
2631.91 -1785.8 9647.34 10158.7 1 1
1465.6 -1546.33 -10681.4 10892.3 -1 2
691.847 -4589.67 14995.6 15697.8 -1 1
event 59
5713.43 4737.26 24890.9 26157.9
-7256.69 2783.98 -10729 13605.7
4239.56 2106.91 18408.5 19007.8 1 1
1473.87 2630.35 6482.39 7150.07 -1 1
-5699.34 970.057 -6165.22 8452.49 -1 2
-1557.35 1813.92 -4563.82 5153.18 1 2
event 60
-9784.68 445.317 -6903.23 12376.8
2464.79 7597.4 31395.3 32543.1
-6677.95 1324.58 -5856.11 8980.8 1 1
-3106.73 -879.26 -1047.13 3395.95 -1 1
-603.188 2348.45 7325.23 7716.82 -1 2
3067.98 5248.95 24070.1 24826.3 1 2
event 61
9991.77 -1390.68 3159.49 11015.6
-4444.41 4999.67 -7170.37 10283.7
-1804.19 4187.33 -5012.64 6776.91 -1 2
4317.29 -1274.96 2853.12 5330.66 -1 1
5674.49 -115.719 306.37 5684.91 1 1
-2640.22 812.346 -2157.73 3506.8 1 2
event 62
1023.88 10842 22781.2 25439.5
-6835.37 33.435 -19553 20943.6
-4940.1 1119.46 -10923 12040.8 -1 2
1135.49 3140.67 9694.83 10254.5 -1 1
-111.607 7701.31 13086.3 15185.1 1 1
-1895.26 -1086.03 -8630.05 8902.83 1 2
event 63
-1326.97 -19633.3 -113038 114780
2208.28 7005.89 -31522.7 32515.1
-2322.42 -12173 -70125.9 71212.6 -1 1
995.447 -7460.31 -42912.4 43567.5 1 1
2925.38 5128.47 -21752.7 22540 -1 2
-717.096 1877.42 -9769.99 9975.11 1 2
event 64
-11388.9 5409.61 -11410.9 17285
6696.83 -3962.68 -33589.9 34618.3
4248.01 -3869.56 -20028.1 20836.3 -1 2
-5431.88 1517.52 -6662.32 8729.6 1 1
-5957.04 3892.09 -4748.57 8555.4 -1 1
2448.82 -93.1141 -13561.9 13781.9 1 2
event 65
-5578.76 -1706.97 18335.7 19489.1
8668.51 3063.17 3117 10189.8
-2546.67 -2297.77 11168.2 11683.5 1 1
-3032.09 590.798 7167.54 7805.6 -1 1
4331.16 2868.76 768.969 5252.73 1 2
4337.35 194.404 2348.03 4937.09 -1 2
event 66
-5492.21 8609.5 -6824.71 12667.1
1275.17 17705.5 -54579.3 57477
-3620.3 4588.36 -5526.14 8044.19 -1 1
-1871.91 4021.14 -1298.57 4622.88 1 1
-273.441 13819.2 -40976.4 43244.9 -1 2
1548.61 3886.26 -13602.9 14232.1 1 2
event 67
-6300.37 -5747.12 -20963.3 22842.4
-3130.78 -4938.24 -4771.96 8157.85
-3005.15 -2423.06 -1799.1 4260.29 1 2
-3714.81 -2011.6 -13049.6 13716.8 1 1
-125.633 -2515.18 -2972.85 3897.55 -1 2
-2585.56 -3735.52 -7913.64 9125.57 -1 1
event 68
-2774.48 -6203.1 -22582.1 23784.9
331.104 8065.16 -516.178 8661.05
1436.47 2661.59 -822.404 3136.08 -1 2
76.9517 -2731.39 -11621.2 11938.6 -1 1
-1105.36 5403.57 306.226 5524.97 1 2
-2851.43 -3471.72 -10960.9 11846.3 1 1
event 69
7487.56 8944.04 -34203.8 36270.6
-797.974 6509.19 21417.1 22611.7
-1971.21 4140.91 14374.5 15088.8 1 2
3776.73 3651.89 -11126 12304.5 -1 1
1173.24 2368.28 7042.56 7522.9 -1 2
3710.83 5292.15 -23077.8 23966.1 1 1
event 70
-5104.75 4760.49 9012.92 11812.9
-1660.96 -8718.17 -40913.6 42027.1
1082.02 -3860.84 -18442.4 18873.5 1 2
-3378.42 1067.78 3837.55 5224.16 1 1
-2742.98 -4857.33 -22471.3 23153.5 -1 2
-1726.34 3692.71 5175.37 6588.77 -1 1
event 71
7439.75 556.309 -20406.5 21947.1
746.785 -7024.48 2991.01 8272.68
894.782 -4331.96 3350.63 5550.17 -1 2
2807.45 1706.43 -9018.87 9599.21 -1 1
4632.3 -1150.12 -11387.7 12347.9 1 1
-147.997 -2692.52 -359.621 2722.51 1 2
event 72
-348.776 5681.13 7324.35 9779.15
-9354.79 -30367.1 49555 58948.9
1302.65 3199.97 3382.81 4836.45 1 1
-1651.42 2481.16 3941.54 4942.69 -1 1
-5888.59 -18649.2 27680.9 33892.7 -1 2
-3466.2 -11717.9 21874.1 25056.2 1 2
event 73
-15214.3 2448.4 -43356.4 46117.7
-2196.33 13336.7 12000 18338
-10541 261.95 -28223.9 30129.4 -1 1
-4673.22 2186.45 -15132.6 15988.3 1 1
-1237.83 10502.4 7629.6 13040.5 -1 2
-958.499 2834.27 4370.37 5297.46 1 2
event 74
6381.63 -5299.13 -17881.4 19953.5
-6589.05 -7597.56 53173.8 54205
-1630.19 -3339.87 13791.3 14283.6 -1 2
856.22 -2309.76 -3746.59 4485.11 1 1
-4958.86 -4257.68 39382.5 39921.3 1 2
5525.41 -2989.37 -14134.8 15468.4 -1 1
event 75
-2916.04 8697.18 13465.1 16584.4
-2633.24 -8121.06 2184.51 9340.75
-2445.35 5403.39 10793.1 12315.8 -1 1
-470.69 3293.79 2671.97 4268.63 1 1
-523.355 -3161.65 2304.78 3948.81 -1 2
-2109.89 -4959.41 -120.27 5391.94 1 2
event 76
-1940.96 -7619.56 15968.3 18066.6
-10162 -2295.27 -4101.42 11616.7
483.33 -4304.97 7766.41 8893.52 -1 1
-2424.29 -3314.6 8201.9 9173.11 1 1
-8214.96 -3064.6 -3188.79 9330.43 -1 2
-1947.06 769.328 -912.63 2286.26 1 2
event 77
6475.93 5407.09 29575.8 30911.1
-8522.95 -5824.14 20905.9 23520.4
-3881.83 -1511.36 5821.79 7159.41 -1 2
2342.27 604.538 11622.6 11872.1 1 1
4133.66 4802.55 17953.2 19038.9 -1 1
-4641.13 -4312.78 15084.1 16361 1 2
event 78
-2051.46 9120.17 -34671.8 36043.2
-8223.36 -872.149 1017.99 8888.83
-3388.39 -1530.33 1443.22 3989.63 1 2
292.211 3314.86 -16212.8 16551.1 -1 1
-2343.67 5805.31 -18459.1 19492.1 1 1
-4834.97 658.179 -425.236 4899.2 -1 2
event 79
-2708.05 16557 -7470.7 18624.5
6220.37 4060.02 1830.56 8253.41
-2604.24 8309.64 -2814.34 9152.26 1 1
-103.809 8247.35 -4656.36 9472.19 -1 1
5149.02 1873.8 570.523 5510.01 -1 2
1071.35 2186.22 1260.04 2743.4 1 2
event 80
8829.62 -5124.76 -18868.4 21675.6
1681.91 3906.98 -910.999 5339.86
4194.98 -4202.31 -10761.8 12291.6 1 1
4634.64 -922.443 -8106.64 9384.01 -1 1
2267.15 1981.28 -1310.13 3285.28 -1 2
-585.24 1925.71 399.134 2054.59 1 2
event 81
5334.98 2697.23 -13921.3 15463.8
9213.64 -6651.73 -27350.3 29778.6
3160.09 2855.18 -6883.23 8094.95 1 1
2174.89 -157.944 -7038.02 7368.85 -1 1
5910.68 -3135.98 -12715.2 14368.6 1 2
3302.96 -3515.76 -14635.1 15410 -1 2
event 82
6580.39 -6288.07 -33936 35271.6
13381.1 -1023 -24958.8 28506.7
5144.96 -726.549 -6746.24 8515.95 -1 2
583.394 -2340.67 -7603.78 7977.96 -1 1
8236.09 -296.454 -18212.5 19990.7 1 2
5996.99 -3947.4 -26332.3 27293.7 1 1
event 83
681.08 -8247.93 -34941.4 36041.5
-14921.3 3493.99 19077.9 24746.8
-3132.81 656.074 1911.08 3729.38 1 2
1294.54 -2168.51 -14007.6 14233.9 1 1
-11788.5 2837.91 17166.8 21017.5 -1 2
-613.459 -6079.42 -20933.8 21807.6 -1 1
event 84
-8921.75 -16631.8 -65065 67817.9
3847.52 3198.06 -6475.39 8749.42
-7277.88 -10598.5 -42502 44404.1 -1 1
-1643.88 -6033.24 -22563 23413.8 1 1
1212.36 2853.62 -2592.19 4042.72 -1 2
2635.16 344.444 -3883.2 4706.71 1 2
event 85
6408.85 -453.174 -5900.88 9256.9
3219.1 -5670.85 -23740 24813.3
2598.71 -1620.09 -8663.15 9189.09 -1 2
1605.98 -1513.36 -1696.26 2785.3 1 1
4802.87 1060.19 -4204.62 6471.6 -1 1
620.389 -4050.76 -15076.8 15624.2 1 2
event 86
-7663.47 -880.883 1140.78 8390.29
3245.71 7845.45 1678.39 9192.06
1410.51 6042.37 170.399 6208.06 1 2
-2921.98 903.717 -417.684 3088.74 -1 1
1835.2 1803.08 1507.99 2984 -1 2
-4741.49 -1784.6 1558.46 5301.56 1 1
event 87
-17320.9 12497.4 65696.8 69151
6326.88 9722.77 51247 52634.7
-11819.7 8842.12 40630.5 43228.9 1 1
-5501.16 3655.26 25066.4 25922.1 -1 1
2841.42 1884.72 13368.4 13796.8 -1 2
3485.46 7838.05 37878.6 38837.9 1 2
event 88
-7711.54 2011.42 11303.7 14173.1
11855.3 2325.08 7870.81 14747.7
-4112.71 1847.89 8441.63 9570.86 1 1
-3598.83 163.532 2862.02 4602.24 -1 1
6538.11 2657.7 3627.93 7936.2 1 2
5317.18 -332.629 4242.88 6811.48 -1 2
event 89
-3045.47 9637.19 -48483.6 49622.6
1541.18 -6909.11 -9715.61 12413.5
364.768 -4099.96 -7782.8 8804.88 -1 2
-2282.51 3104.17 -14215.1 14728.4 -1 1
-762.967 6533.03 -34268.5 34894.2 1 1
1176.41 -2809.14 -1932.81 3608.62 1 2
event 90
4627.83 6012.44 -20913.8 22462
-5329.34 -4147.96 9257.28 12037.2
-3314.39 -3489.2 8528.32 9793.02 1 2
851.691 3552.51 -8382.63 9144.69 1 1
-2014.95 -658.754 728.952 2244.22 -1 2
3776.14 2459.94 -12531.2 13317.4 -1 1
event 91
5917.17 8884.55 50094.9 51313.1
-1223.29 6631.8 29673.7 30587.5
339.34 4856.32 16529 17231.3 -1 2
915.14 3589.26 20692.3 21021.5 1 1
5002.03 5295.29 29402.6 30291.7 -1 1
-1562.63 1775.48 13144.7 13356.2 1 2
event 92
495.448 12961 -11285.3 17469.4
1251.28 -4048.36 17706 18467.5
-600.258 -3086.73 11269.1 11700.1 1 2
1544.79 4266.07 -3236.78 5574.38 1 1
1851.54 -961.627 6436.88 6767.39 -1 2
-1049.34 8694.91 -8048.5 11895 -1 1
event 93
-6123.4 -5577.71 22622.3 24289.2
7527.01 4610.15 -6244.06 11246.7
2306.09 2736.94 -1280.7 3802.67 1 2
-2234.25 -410.643 7617.58 7949.8 -1 1
-3889.15 -5167.07 15004.7 16339.4 1 1
5220.91 1873.21 -4963.36 7443.99 -1 2
event 94
-7636.22 6790.98 19261.1 22022.9
-6364.18 -3418.43 14086 16130.6
-4104.98 -3092.77 11923.7 12984.6 -1 2
-2996.46 3345.05 5529.3 7124.07 1 1
-4639.76 3445.93 13731.8 14898.8 -1 1
-2259.19 -325.663 2162.38 3145.96 1 2
event 95
-2901.66 7521 39131.1 40072.7
-1418.34 -9432.34 25158 27083.1
-3278.09 4396.66 24465.6 25073 -1 1
376.433 3124.34 14665.5 14999.7 1 1
-236.057 -7700.46 21813.2 23134 -1 2
-1182.28 -1731.88 3344.77 3949.16 1 2
event 96
7832.24 -3947.52 -10456.1 13994.8
9682.08 6208.14 3189.71 12330.8
2420.33 3286.42 1112.7 4231.76 -1 2
2750.43 -226.297 -1828.95 3312.44 -1 1
7261.76 2921.72 2077.01 8099.05 1 2
5081.81 -3721.22 -8627.18 10682.3 1 1
event 97
-9366.51 7980.93 -9166.02 15653.5
-4887.74 -9817.12 -31341.4 33348.8
-778.017 -3325.44 -13448.6 13875.9 1 2
-1431.42 2947.46 -2690.58 4241.09 1 1
-7935.09 5033.47 -6475.44 11412.5 -1 1
-4109.72 -6491.67 -17892.8 19472.9 -1 2
event 98
-2437.88 -5213.88 -20025 21064.7
-3824.83 -8702.04 3058.03 10454.5
-2966.17 -3009.73 -14102.1 14722 1 1
528.292 -2204.15 -5922.94 6342.69 -1 1
-3383.45 -4262.22 975.706 5529.68 1 2
-441.384 -4439.82 2082.32 4924.84 -1 2
event 99
3074.43 -5396.4 1063.17 7021
8556.19 1970.88 -26697.3 28274.2
3332.16 2311.35 -12521.4 13162.1 -1 2
-243.754 -2102.93 1001.24 2344.22 -1 1
5224.03 -340.464 -14175.9 15112.1 1 2
3318.18 -3293.46 61.929 4676.78 1 1
event 100
5533.3 1985.63 -2076.09 6961.4
-2495.46 9125.3 19349.2 21759.6
3709.47 -186.871 -1740.41 4103.09 1 1
1823.83 2172.5 -335.679 2858.31 -1 1
-1738.05 4938.03 13841.8 14799.1 -1 2
-757.412 4187.27 5507.35 6960.53 1 2
event 101
-4976.7 6429.71 27202.8 28560.3
6617.46 -4575.54 -7565.26 11469.5
3097.1 -871.3 -4420.15 5468.1 -1 2
-1275.85 2740.85 5956.62 6680.76 -1 1
-3700.85 3688.85 21246.2 21879.6 1 1
3520.36 -3704.24 -3145.11 6001.44 1 2
event 102
7389.91 -3596.38 -14683.3 17109.5
-10964.6 -11896.1 -31303.6 35372.9
-8733.96 -9989.43 -22845.8 26419.9 1 2
3373.89 -549.826 -3783.97 5100.49 1 1
-2230.65 -1906.64 -8457.74 8952.97 -1 2
4016.02 -3046.55 -10899.3 12009 -1 1
event 103
12700.8 -21497.2 -9224.8 26797.9
3692 4851.81 16916 18245.9
2921.3 1973.53 11889.9 12402 1 2
2851.64 -5931.94 -3776.93 7589.22 1 1
770.697 2878.28 5026.1 5843.91 -1 2
9849.19 -15565.3 -5447.87 19208.7 -1 1
event 104
-8288.35 2040.78 35040.9 36198.3
-1016.18 6383.44 -1597.7 7343.26
-1875.57 4135.52 -174.92 4545.56 -1 2
-3172.76 -93.4112 8258.14 8847.78 1 1
-5115.6 2134.19 26782.8 27350.5 -1 1
859.39 2247.92 -1422.78 2797.71 1 2
event 105
-11896.4 433.839 5024.22 13287.1
-949.728 -8890.69 20405 22492.2
-1904.98 -3498.76 8688.65 9558.98 1 2
-2669.01 -1201.29 1198.9 3164.68 1 1
-9227.44 1635.13 3825.32 10122.4 -1 1
955.248 -5391.93 11716.3 12933.2 -1 2
event 106
6428.27 4261.44 2203.35 8598.15
157.941 -10465.6 16982.6 20187.9
3481.99 3308.32 2619.44 5471.91 -1 1
2946.28 953.12 -416.094 3126.23 1 1
-1033.22 -7898.17 13742.6 15884.6 -1 2
1191.17 -2567.39 3239.96 4303.36 1 2
event 107
-7062.12 -2019.74 22495.3 23865.9
-5734.22 4201.58 17935.8 19540.2
-1367.72 2796.58 6177.05 6917.99 1 2
-2944.53 -630.009 14028 14347.9 -1 1
-4366.5 1405 11758.7 12622.2 -1 2
-4117.58 -1389.73 8467.28 9517.98 1 1
event 108
-2153.77 10518.7 -49061.3 50317.8
-6964.87 -1234.25 -9833.28 12502.7
-4685.58 619.58 -6766.11 8254.09 -1 2
-1469.52 4062.07 -26128.3 26483.2 -1 1
-684.249 6456.59 -22932.9 23834.6 1 1
-2279.29 -1853.83 -3067.17 4248.59 1 2
event 109
3287.03 -4296.9 15904.6 17082.6
9688.79 5922.33 7232.79 13814.9
1499.14 -3397.92 6688.85 7651.48 1 1
1787.9 -898.982 9215.72 9431.09 -1 1
5143.84 4201.97 5596.5 8686.05 -1 2
4544.95 1720.36 1636.29 5128.83 1 2
event 110
-5336.31 6127.38 2892.82 9164.04
-7420.86 -6936.29 6897.06 12662.6
-6836.08 -4846.81 4878.18 9696.98 1 2
-1178.75 3682.69 1166.16 4040.14 1 1
-584.777 -2089.48 2018.88 2965.62 -1 2
-4157.56 2444.7 1726.66 5123.91 -1 1
event 111
5118.02 4006.51 154.686 7201.44
2775.87 9607.61 9078.31 13857.1
2034.36 3176.3 -818.797 3861.23 1 1
3083.65 830.21 973.483 3340.21 -1 1
2581.65 4956.1 6352.1 8460.98 1 2
194.22 4651.51 2726.2 5396.07 -1 2
event 112
1743.26 7166.6 -23797 25105.5
8896.51 2955.26 3839.32 10593.1
3359.47 638.049 2963.5 4526.22 -1 2
-559.189 2518.79 -10954.3 11254.5 1 1
5537.04 2317.21 875.818 6066.83 1 2
2302.45 4647.81 -12842.7 13850.9 -1 1
event 113
-3440.66 7870.16 -850.793 9170.18
-4517.69 -5948.59 -8116.91 11457.3
-1042.2 -3733.17 -4768.94 6146.27 1 2
-2033.72 1394.77 124.662 2471.46 -1 1
-1406.94 6475.39 -975.455 6698.72 1 1
-3475.49 -2215.42 -3347.97 5311.04 -1 2
