event 0
-6724.89 3561.73 -717.722 8247.2
-7681.82 -9868.95 19471.8 23348.4
-4539.93 3160.55 748.838 5583.19 -1 1
-2184.96 401.177 -1466.56 2664.01 1 1
-2818.85 -5933 11071.6 12874 -1 2
-4862.98 -3935.95 8400.14 10474.4 1 2
event 1
-493.591 6666.98 29885.5 30780.3
-8214.33 1707.78 3534.96 9616.57
-5962.82 -115.473 2968.28 6662.62 1 2
-1709.34 2592.12 13292.8 13651 -1 1
-2251.51 1823.25 566.677 2953.95 -1 2
1215.74 4074.86 16592.7 17129.3 1 1
event 2
10063.1 2817.21 -34482.7 36164.2
5364.07 3590.15 5108.82 8795.08
5791.15 2818.15 -23860.7 24714.8 -1 1
4271.98 -0.947547 -10622 11449.3 1 1
3766.01 1681.17 1459.39 4376.09 -1 2
1598.07 1908.98 3649.43 4419 1 2
event 3
9981.8 1339.1 -34412.7 35989.7
7633.76 -2957.45 3919.77 9590.46
6408.18 -1075.91 3067.97 7186.51 -1 2
3315.26 -940.913 -12868.4 13322.3 1 1
6666.54 2280.01 -21544.3 22667.4 -1 1
1225.58 -1881.54 851.802 2403.95 1 2
event 4
-3556.96 9795.76 22399.2 24898.3
-11966.3 1232.72 -11812.2 17141.4
-4878.77 2010.94 -5412.77 7560.12 -1 2
-1856.37 2025.75 4008.57 4861.02 -1 1
-1700.59 7770.01 18390.6 20037.3 1 1
-7087.49 -778.218 -6399.41 9581.32 1 2
