event 0
-1557.77 4517.17 1768.94 5962.48
-6214.83 -5349.47 -24304.7 25837
536.158 3131.43 906.985 3305.61 1 1
-2093.93 1385.74 861.952 2656.87 -1 1
-2436.15 -3765.25 -10070.1 11024 -1 2
-3778.68 -1584.22 -14234.6 14812.9 1 2
event 1
-2955.91 -8120.54 48225.2 49091.2
-128.33 -7192.09 -5815.68 9754.86
1137.57 -2898.18 -1240.86 3353.27 1 2
-1906.15 -1622.64 10412.7 10709.9 1 1
-1049.76 -6497.9 37812.6 38381.3 -1 1
-1265.9 -4293.91 -4574.83 6401.59 -1 2
event 2
691.929 -6184.32 15294.8 16800.2
2347.77 6795.86 -4405.23 8982.93
1834.38 2717.95 -3452.2 4762.46 -1 2
-1236.66 -2464.72 6129.58 6722.13 1 1
1928.59 -3719.6 9165.2 10078 -1 1
513.384 4077.91 -953.033 4220.46 1 2
event 3
-19.7605 10562 9712.4 14679
-5365.76 -6183.97 -17978.3 19996.1
-3352.11 -1756.61 -9408.91 10142 1 2
505.433 1996.2 3578.1 4129.68 1 1
-525.194 8565.75 6134.3 10549.4 -1 1
-2013.65 -4427.36 -8569.39 9854.03 -1 2
event 4
878.567 5348.17 -6167.76 8775.36
5911.05 -23727.1 -26352.6 36082.7
-172.974 3029.9 -5254.43 6068.81 -1 1
1051.54 2318.27 -913.332 2706.56 1 1
1684.89 -13135.2 -14152.7 19382.5 1 2
4226.16 -10591.9 -12199.9 16700.2 -1 2
