event 0
-2177.45 7643.08 -4336.52 9568.37
11189.2 -3260.42 -33363.6 35476
-963.678 4687.32 -4200.79 6368.47 1 1
-1213.77 2955.76 -135.734 3199.89 -1 1
5863.07 -2933.54 -21254.6 22243 1 2
5326.11 -326.882 -12109 13233 -1 2
event 1
-2259.7 -11784.5 -47389.2 48982.7
4893.26 -2083.02 -4560.54 7659.47
2433.34 -2652.16 -2331.58 4289.82 1 2
532.345 -4273.83 -19143.2 19622 1 1
2459.92 569.138 -2228.96 3369.65 -1 2
-2792.05 -7510.7 -28246 29360.7 -1 1
event 2
4586.24 2572.68 9457.28 11255.4
-10375.9 -6669.76 -10680.6 16607.6
3046.34 694.674 7529.77 8153 -1 1
1539.89 1878.01 1927.52 3102.37 1 1
-5078.61 -5052.1 -6400.35 9606.86 -1 2
-5297.26 -1617.66 -4280.3 7000.71 1 2
event 3
1000.93 -4854.41 754.137 5892.87
2208.16 20319.2 27098.8 34083.4
1883.75 -2972.32 -347.719 3537.7 -1 1
-882.815 -1882.08 1101.86 2355.18 1 1
65.4179 10615.4 12175 16153.5 -1 2
2142.74 9703.8 14923.7 17930 1 2
