event 0
-5589.87 2218.7 -8221.77 10647
-5104.04 5292.1 16074.7 17945.6
-1204.85 3097.5 8764.86 9374.44 1 2
-1996.06 -578.97 -1676.23 2672.15 1 1
-3593.8 2797.67 -6545.53 7974.81 -1 1
-3899.18 2194.6 7309.82 8571.14 -1 2
event 1
102.204 6783.51 -6617.88 9970.64
-5538.74 992.577 16629.4 17826.7
-3718.57 1897.18 13134.6 13782.4 1 2
-1133.07 2807.61 -1524.78 3391.55 1 1
-1820.17 -904.599 3494.78 4044.25 -1 2
1235.27 3975.9 -5093.09 6579.09 -1 1
event 2
5724.32 5708.66 -9625.64 12946.1
-7295.18 1463.3 19546.4 21142.7
-3245.13 -885.214 7632.25 8341.27 -1 2
560.499 2027.54 -1282.94 2466.2 1 1
5163.82 3681.13 -8342.7 10479.9 -1 1
-4050.05 2348.51 11914.2 12801.4 1 2
event 3
8755.85 7200.35 -5125.89 12820.9
4558.22 2397.34 22278.3 23074.7
4615.99 5669.27 -2789.2 7825.52 -1 1
4139.86 1531.08 -2336.69 4995.4 1 1
2240.13 2866.51 13836.6 14307.2 -1 2
2318.08 -469.175 8441.74 8767.43 1 2
event 4
5669 5305.85 7292.14 11093.1
5439.84 -5329.4 7604.39 11375.8
1951.45 3799.28 4496.33 6202.48 -1 1
3717.56 1506.57 2795.81 4890.57 1 1
3057.64 -5200.56 5924.03 8455.79 -1 2
2382.19 -128.837 1680.36 2919.97 1 2
event 5
6234.84 -2043.29 -15816.4 17401.1
-1797.51 8286.29 -31665.8 32927.3
3364.1 -1502.17 -5095.48 6288.78 1 1
2870.74 -541.123 -10721 11112.3 -1 1
-1372.65 4246.44 -21890.9 22341.4 1 2
-424.863 4039.85 -9774.99 10586 -1 2
event 6
12930.6 6717.69 13568.8 20150.2
10573.4 -19900.4 22616.2 32076.6
1248.08 -5065.34 5500.58 7581.75 1 2
4114.17 1472.98 2407.46 4990.3 -1 1
9325.34 -14835 17115.6 24494.8 -1 2
8816.41 5244.71 11161.3 15159.9 1 1
event 7
-2497.62 -6613.88 1054.44 7789.98
1382.81 9959.91 8291.15 13395.8
-1578.01 -3627.99 2116.87 4488.29 -1 1
-919.614 -2985.89 -1062.44 3301.69 1 1
2352.55 6068.05 5078.6 8255.85 -1 2
-969.733 3891.86 3212.55 5139.9 1 2
event 8
6828.92 373.057 20554.1 21882.3
3123.2 -6908.63 -12344.6 14814.3
2071.58 -2734.47 -3137.82 4650.36 1 2
1851.42 1506.02 7158.66 7546.75 -1 1
4977.5 -1132.96 13395.4 14335.6 1 1
1051.62 -4174.17 -9206.76 10163.9 -1 2
event 9
1014.54 -12953.8 23830.3 27318.6
-12493.3 2577.51 -29655.9 32431.3
-4847 -516.909 -10748.2 11802.3 -1 2
-1071.61 -3306.49 5771.43 6738.09 -1 1
2086.15 -9647.32 18058.9 20580.5 1 1
-7646.35 3094.41 -18907.7 20628.9 1 2
event 10
-2722.63 -6913.55 18686 20346.2
6991.97 6390.87 3665.69 10618.8
3493.64 2896.23 3389.66 5665.21 1 2
-898.728 -2202.04 10159.5 10434.7 1 1
-1823.9 -4711.51 8526.47 9911.44 -1 1
3498.33 3494.64 276.025 4953.6 -1 2
event 11
3386.3 -5543.36 13323.9 15143.1
-2519.75 7517.21 5188 9968.15
2826.08 -2785.7 10157.7 10905.8 1 1
560.221 -2757.66 3166.22 4237.3 -1 1
53.8103 4316.06 1953.63 4739.11 1 2
-2573.56 3201.15 3234.37 5229.04 -1 2
event 12
4760.32 -2656.62 -22379.9 23241.6
-4837.17 -9540.41 -23277.2 25803.9
2312.95 -2209.07 -7492.28 8147.09 -1 1
2447.37 -447.546 -14887.7 15094.5 1 1
-3115.12 -4604.51 -15168.4 16155.4 1 2
-1722.05 -4935.89 -8108.8 9648.44 -1 2
event 13
879.6 -9115.04 30418.2 31917.3
1696.01 8777.07 13987.3 16886.4
1467.91 5189.07 5675.15 7829.42 1 2
-926.754 -4678.92 17522.6 18160.5 1 1
228.1 3588 8312.19 9057.01 -1 2
1806.35 -4436.11 12895.6 13756.9 -1 1
event 14
5287.71 5078.2 -25611.3 26819.4
-6448.39 8745.27 25045.9 27476.3
2013.76 4047.32 -14210.8 14912.9 -1 1
3273.95 1030.87 -11400.6 11906.5 1 1
-6045.23 6312.97 17987.9 19999.4 -1 2
-403.153 2432.3 7057.99 7476.97 1 2
event 15
-13222.9 625.795 -59437 60972
-9846.48 -2059.84 -3713.48 11161.4
-6404.06 -472.802 -3610.98 7367.9 1 2
-6591.4 -1230.53 -28827.4 29597.1 1 1
-3442.42 -1587.04 -102.499 3793.5 -1 2
-6631.53 1856.32 -30609.7 31374.9 -1 1
event 16
-3864.34 6484.22 27152.8 28352.2
7367.27 650.083 -8405.16 11616.3
-2450.12 3242.38 19522.6 19941.4 1 1
-1414.23 3241.84 7630.26 8410.8 -1 1
4038.24 535.863 -2348.63 4703.38 -1 2
3329.03 114.22 -6056.53 6912.9 1 2
event 17
-7928.64 415.729 -7713.77 11494.8
12391.9 -945.669 -23335.2 26619.1
3325.88 -819.055 -9282.98 9895.31 -1 2
-2163.43 1344.91 -1461 2938.52 1 1
9066.06 -126.615 -14052.2 16723.8 1 2
-5765.2 -929.186 -6252.77 8556.24 -1 1
event 18
-1941.05 -9807.98 7071.72 12631.9
-6098.73 -3541.16 -3065.66 8289.79
-2249.72 -2146.68 -2800.36 4186.01 1 2
-1632.82 -1787.11 1347.58 2772.55 1 1
-308.224 -8020.87 5724.13 9859.33 -1 1
-3849.01 -1394.48 -265.298 4103.78 -1 2
event 19
-3343.55 4447.82 4380.48 7729.26
1564.09 9868.46 18066.6 20876.4
-2263.65 2278.5 648.524 3278.32 -1 1
-1079.9 2169.33 3731.95 4450.93 1 1
2176.86 5481.81 8655.7 10474.8 1 2
-612.775 4386.65 9410.87 10401.6 -1 2
event 20
5908.91 15555.2 14046.4 21994.8
-2910.01 5475.35 -587.346 6955.88
3181.07 9838.7 10490 14729.9 1 1
2727.84 5716.53 3556.39 7264.91 -1 1
-896.958 4533.58 110.672 4623.99 -1 2
-2013.06 941.775 -698.018 2331.89 1 2
event 21
-14143.5 -13652.2 32470.7 38083.6
4616.63 -1104.14 -16064.6 17035.1
3111.92 244.206 -5947.81 6717.99 1 2
-3992.03 -4446.23 7402.12 9513.56 -1 1
1504.71 -1348.34 -10116.8 10317.2 -1 2
-10151.4 -9206 25068.6 28570.1 1 1
event 22
-4079.74 -3921.48 11557.7 13236
8609.16 -7156.77 -62990.2 64052.3
-2114.19 -2882.76 9695.49 10334.1 -1 1
-1965.55 -1038.73 1862.17 2901.93 1 1
6181.33 -3172.17 -37805 38438.3 1 2
2427.82 -3984.6 -25185.2 25614 -1 2
event 23
2269.86 7748.03 -13304.9 15868.1
4661.23 -7661.47 11294 14750.3
3205.65 -2408.42 5317.19 6660.36 1 2
-597.154 2918.71 -3832.79 4855.61 1 1
2867.01 4829.32 -9472.13 11012.5 -1 1
1455.58 -5253.05 5976.82 8089.92 -1 2
event 24
-9059.38 20408.4 16378.7 27864.5
-5955.4 1769.08 2160.1 7270.04
-3883.69 98.8422 74.0765 3887.09 1 2
-1152.07 4425.72 4638.2 6514.47 1 1
-2071.71 1670.24 2086.02 3382.95 -1 2
-7907.31 15982.7 11740.5 21350 -1 1
event 25
-4406.58 -2801.26 13067 14408.4
2209 -14109.5 10460.4 17971.3
-2400.51 -1801.19 3644.25 4722.12 -1 1
-2006.08 -1000.07 9422.72 9686.24 1 1
-50.2092 -9271.65 6568.69 11363.3 1 2
2259.21 -4837.81 3891.74 6607.97 -1 2
event 26
-7937.5 -3953.82 50415.9 51283.4
5967.39 -5209.11 16945.8 18960.3
1893.43 -3669.5 8865.06 9780.12 -1 2
-2364.94 135.333 9747.77 10032 1 1
-5572.57 -4089.15 40668.1 41251.4 -1 1
4073.96 -1539.61 8080.7 9180.22 1 2
event 27
6483.65 -2376.37 -52.4595 7568.26
-3773.63 -6805.63 -20529.3 22172
-2968.54 -2352.77 -10685.7 11337.7 -1 2
2694.89 -793.726 -1533.06 3202.17 -1 1
-805.083 -4452.86 -9843.54 10834.3 1 2
3788.75 -1582.64 1480.6 4366.09 1 1
event 28
-2499.15 -7952.82 7292.2 11500.4
7048.67 6627.46 3353.52 10697.8
2593.27 2101.29 2733.76 4315.68 -1 2
-454.4 -2657.37 674.567 2781.06 -1 1
4455.4 4526.17 619.768 6382.16 1 2
-2044.75 -5295.45 6617.63 8719.35 1 1
event 29
8051.79 -3061.83 -44685.3 45613.3
13688.1 -9578.9 -23912.1 29334.3
4554.07 -2672.22 -5305.69 7486.11 -1 2
2611.68 476.945 -12217.8 12503.4 -1 1
9134.04 -6906.68 -18606.4 21848.2 1 2
5440.11 -3538.78 -32467.4 33109.9 1 1
event 30
-5051.7 -1809.09 -5242.37 8115.96
3755.54 12288.2 4145.66 13852.1
-3000.43 -2622.57 -3363.75 5215.98 1 1
-2051.27 813.482 -1878.63 2899.98 -1 1
1874.62 6597.73 3814.14 7848.76 -1 2
1880.92 5690.44 331.523 6003.33 1 2
event 31
-6752.98 -3793.19 20314.9 21960.8
2934.67 -6004.97 12795.5 14764.3
-5145.01 -1202.15 12485.1 13557.4 1 1
-1607.97 -2591.04 7829.79 8403.32 -1 1
-106.323 -2970.12 6423.87 7078.86 -1 2
3040.99 -3034.85 6371.59 7685.46 1 2
event 32
7020.53 9515.69 -613.61 12239.5
-10245.5 -3090.52 15179.2 18828.7
6096.63 6291.22 -1165.7 8838.46 -1 1
923.899 3224.47 552.087 3400.99 1 1
-2705.46 -1529.07 6627.95 7321.1 -1 2
-7540.06 -1561.45 8551.27 11507.7 1 2
event 33
-7252.6 -8639.08 -7058.33 13661.8
-2998.77 -4612.66 -10508.3 12259.1
-388.155 -3342.39 -4933.18 5972.41 1 2
-2684.76 -4363.34 -4764.33 6996.91 -1 1
-2610.62 -1270.27 -5575.15 6286.68 -1 2
-4567.85 -4275.73 -2294 6664.89 1 1
event 34
-8206.7 -578.852 -30495.9 31737.6
12021.5 -4293.99 -1810.53 13259.6
4134.45 -1001.63 784.593 4327.09 -1 2
-2080.86 1193.89 -9073.74 9386.12 1 1
7887.02 -3292.36 -2595.12 8932.55 1 2
-6125.83 -1772.74 -21422.1 22351.4 -1 1
event 35
-4149.7 -11255.8 -55493.5 56859.7
5538.08 970.599 6169.49 8903.15
4291.19 -681.681 4192.12 6038.55 1 2
-2967.8 -3773.76 -22761.1 23262.2 1 1
1246.89 1652.28 1977.37 2864.6 -1 2
-1181.91 -7482 -32732.3 33597.5 -1 1
event 36
10027.6 -2127.27 -16848.7 19963.7
7727.73 -7254.83 -5714.5 12433.7
3525.31 -1969.5 -896.121 4137.74 -1 2
3516.44 459.986 -4149.7 5459.68 1 1
6511.12 -2587.26 -12699 14504 -1 1
4202.42 -5285.34 -4818.37 8295.96 1 2
event 37
-6564.08 -8700.71 12658.8 16989
4171.58 -4335.02 22374.1 23374.9
-3428.72 -5970.22 5973.4 9115.5 -1 1
-3135.37 -2730.49 6685.38 7873.47 1 1
3161.83 -1995.57 17255 17655.7 -1 2
1009.76 -2339.45 5119.12 5719.19 1 2
event 38
5159.03 -4849.4 -17519 19147.8
-4824.79 5045.51 19531.8 20971.8
3952.41 -1692.13 -8762.31 9760.85 -1 1
1206.62 -3157.28 -8756.67 9386.95 1 1
-1284.75 3039.61 6091.19 6928.46 -1 2
-3540.04 2005.9 13440.6 14043.3 1 2
event 39
6609.48 5281.21 35759 36876.5
8053.77 -15992.4 7867.12 19801.6
7561.16 -12340.5 5975.7 15658.2 1 2
1932.76 3486.69 14948 15470.9 1 1
492.616 -3651.93 1891.42 4143.42 -1 2
4676.72 1794.52 20811 21405.6 -1 1
event 40
-3533.12 -7719.91 21032.1 22891.4
-4202.43 -6575.23 8947.24 12269.4
-908.196 -3353.26 5530.56 6532.03 -1 2
-1730.5 -1334.94 7617.32 7925.36 -1 1
-1802.62 -6384.97 13414.7 14966.1 1 1
-3294.23 -3221.97 3416.68 5737.42 1 2
event 41
-4223.37 -6663.89 34149.3 35185.4
-4381.83 -3617.36 -1986.63 6769.27
-3458.03 -936.004 -693.311 3650.46 1 2
-3309.97 -2412 15127 15672 -1 1
-923.806 -2681.36 -1293.32 3118.8 -1 2
-913.398 -4251.89 19022.3 19513.4 1 1
event 42
-4381.08 -3726.69 -1379.44 6676.56
-9552.1 -2250.06 42708.4 43930.7
-1398.81 -3210.16 -788.801 3590.98 -1 1
-2982.27 -516.538 -590.643 3085.58 1 1
-5376.75 -2781.64 26695.9 27373.8 -1 2
-4175.35 531.587 16012.6 16556.9 1 2
event 43
549.686 7487.97 21416.1 22991.6
-1709.72 -8773.98 -20235.3 22337.5
-1352.67 -6038.62 -10213.2 11942.2 1 2
1907.6 3143.8 11637.4 12205 1 1
-357.05 -2735.36 -10022 10395.3 -1 2
-1357.92 4344.17 9778.71 10786.6 -1 1
event 44
-874.995 -7146.36 -23203.8 24491.7
-6663.95 1623.18 -5183.79 9138.15
-4094 1478.15 -1424.93 4581.19 1 2
425.211 -3051.9 -13980.9 14316.9 -1 1
-2569.95 145.027 -3758.86 4556.96 -1 2
-1300.21 -4094.47 -9222.85 10174.8 1 1
event 45
7859.31 3512.73 -6050.11 10968.3
8033.67 -5059.59 19277.4 21710.6
4443.06 988.539 -4616.84 6484.16 1 1
3416.26 2524.19 -1433.28 4484.17 -1 1
6997.9 -3326.78 13208.7 15314 -1 2
1035.76 -1732.81 6068.71 6396.55 1 2
event 46
-7786.67 6527.31 6757.95 12589.6
-4039.24 -11312.8 -24851.7 27775.8
-2209.17 -5242.37 -8413.02 10156.4 1 2
-2225.95 2698.96 812.524 3593.13 1 1
-5560.72 3828.35 5945.42 8996.5 -1 1
-1830.08 -6070.47 -16438.7 17619.3 -1 2
event 47
11401.2 -101.834 -20615.1 23760.7
-2542.61 4711.63 -19429.1 20389.8
5905.87 437.096 -13590.5 14825.1 1 1
5495.34 -538.93 -7024.61 8935.63 -1 1
-2672.62 2391.49 -14530.7 14967.1 -1 2
130.011 2320.14 -4898.42 5422.7 1 2
event 48
2831.12 7990.72 15861.5 18249.5
2857.15 6343.52 -6674.53 10126.4
428.026 4466.56 -3353.67 5602.82 -1 2
633.449 3796.82 9987.17 10703.8 -1 1
2197.68 4193.9 5874.29 7545.67 1 1
2429.13 1876.96 -3320.87 4523.6 1 2
event 49
1815.07 -9031.36 -42610.2 43704.4
-7453.15 1246.11 -32463.1 33474.5
2121.89 -4501.75 -26643 27104.1 -1 1
-306.827 -4529.61 -15967.1 16600.4 1 1
-2709.68 1745.29 -9878.18 10391.3 -1 2
-4743.47 -499.175 -22584.9 23083.3 1 2
event 50
13703.2 4929.04 12032.8 19142.9
-4186.73 5316.8 5025.12 8980.1
7943.14 2635.07 4927.43 9712.25 1 1
5760.04 2293.96 7105.34 9430.66 -1 1
-2275.21 4571.48 4618.22 6885.79 -1 2
-1911.53 745.319 406.902 2094.32 1 2
event 51
-11262.5 14494.8 7319.92 20002.9
-10879.5 -2878.37 7071.93 13647.4
-8205.46 10709.4 6799.14 15108.3 -1 1
-3057.07 3785.42 520.785 4894.63 1 1
-2607.55 -2104.6 1769.47 3790.89 -1 2
-8271.9 -773.776 5302.46 9856.49 1 2
event 52
-9317.54 -690.618 2100.09 10064.5
-6258.13 -4619.18 3375.3 9026.89
-1657.15 -3035.79 945.445 3587.09 -1 2
-1918.62 -844.006 -605.362 2184.28 1 1
-7398.92 153.388 2705.45 7880.24 -1 1
-4600.97 -1583.39 2429.86 5439.8 1 2
event 53
-7951.78 8553.51 14853.9 19147.4
4140.2 -1490.04 -474.979 5401.65
-3704.04 6176.43 8461.7 11112.1 -1 1
-4247.74 2377.09 6392.22 8035.26 1 1
3346.15 357.088 -335.415 3383.48 -1 2
794.052 -1847.12 -139.564 2018.17 1 2
event 54
-9407.55 4608.34 -1517.55 11028.7
3406.08 -5583.87 15108.5 16752.3
1470.39 -4951.64 10100.6 11345.2 -1 2
-3609.89 2861.16 525.349 4637.32 1 1
-5797.65 1747.18 -2042.9 6391.4 -1 1
1935.69 -632.226 5007.93 5407.14 1 2
event 55
9643.64 8202.15 4417.47 13761.5
27.3219 -7182.53 -7738.46 11002.9
5012.05 4477.79 3955.84 7799.43 -1 1
4631.59 3724.35 461.632 5962.11 1 1
-1236.07 -5203.39 -4434.97 6948.62 -1 2
1263.39 -1979.14 -3303.49 4054.3 1 2
event 56
8818.29 -1598.1 -765.994 9512.82
-5306.28 2747.04 -30757.3 31485
5219.21 -2439.62 -149.692 5764.16 1 1
3599.07 841.521 -616.302 3748.66 -1 1
-850.301 1865.53 -6899.58 7198.51 -1 2
-4455.97 881.508 -23857.7 24286.5 1 2
event 57
14555.9 5328.1 14639.4 21544.5
-872.293 -6434.34 15646.4 17221
10939.4 5327.33 10810.8 16276.8 -1 1
3616.48 0.764929 3828.6 5267.66 1 1
-1478.25 -2273.08 8563.67 8983.3 -1 2
605.961 -4161.26 7082.69 8237.66 1 2
event 58
-5926.68 -405.053 -27316.7 28126.2
-14972.1 -3590.47 -884.803 15729.9
-4154.48 -1620.22 -20430.6 20911.8 1 1
-1772.21 1215.17 -6886.11 7214.36 -1 1
-7822.21 -1066.09 -1781.83 8093.8 1 2
-7149.93 -2524.39 897.032 7636.09 -1 2
event 59
6143.87 -5113.4 -10303.8 13403.4
4473.8 6836.79 -5426.11 10285.4
4173.63 4434.4 -4872.31 7799.6 1 2
2417.38 -2967.46 -2761.81 4721.05 -1 1
300.17 2402.38 -553.796 2485.84 -1 2
3726.48 -2145.94 -7541.95 8682.39 1 1
event 60
-1336 6304.16 9622.55 11988
-5873 8995.5 -5077.9 12279.7
-1132 3455.71 -2948.9 4683.01 -1 2
-960.848 2065.81 5929.06 6352.62 1 1
-4740.99 5539.79 -2129 7596.72 1 2
-375.15 4238.35 3693.49 5635.37 -1 1
event 61
-8703.17 -4361.82 -13763.3 17140.3
-5201.33 2746.81 -15723.1 17070.6
-2887.77 3097.94 -11251.1 12022.3 -1 2
-3561.06 -1547.6 -8127.52 9007.99 -1 1
-5142.11 -2814.22 -5635.74 8132.28 1 1
-2313.56 -351.134 -4472.01 5048.36 1 2
event 62
5673.43 -3185.76 17449.2 18878.6
1925.78 7097.98 -26163 27353
122.861 3466.36 -7640.44 8391.55 -1 2
2097.87 -423.966 9461.51 9701.14 -1 1
3575.56 -2761.79 7987.67 9177.48 1 1
1802.92 3631.61 -18522.6 18961.4 1 2
event 63
-4403.05 -1581 -12585.4 13779.3
-5416.99 6324.68 -36189.5 37264.1
-2525.15 -2463.74 -7693.91 8464.86 1 1
-1877.9 882.738 -4891.5 5314.48 -1 1
-2496.09 3375 -24540 24896.7 -1 2
-2920.9 2949.68 -11649.5 12367.4 1 2
event 64
275.321 9005.88 -11897 15241.8
13201.4 -6478.09 -4140.56 15587.7
1674.41 5238.28 -6589.82 8583.71 1 1
-1399.09 3767.6 -5307.23 6658.09 -1 1
7737.28 -4952.67 -1424.19 9296.98 1 2
5464.13 -1525.42 -2716.37 6290.75 -1 2
event 65
6514.54 10744.9 30007.3 32679
4078.65 -4746.49 19286.4 20511.5
2042.1 -2679.09 14712.6 15093.7 1 2
2156.81 5067.64 16457.6 17355 1 1
2036.56 -2067.4 4573.81 5417.8 -1 2
4357.73 5677.23 13549.6 15324 -1 1
event 66
-10482.2 -12500.2 -59015.5 61307
6199.41 -7458.95 -26605.7 28487.2
2836.58 -3769.23 -8686.6 9885.41 1 2
-3148.33 -2434.15 -18355.4 18782.1 -1 1
-7333.87 -10066 -40660.1 42524.9 1 1
3362.83 -3689.72 -17919.1 18601.8 -1 2
event 67
-5000.14 -6963.01 29115.4 30508.7
-3512.28 -6586.67 -10092 12929
-3354.5 -3157.87 -6404.97 7890.47 -1 2
-1681.74 -3689.68 18069.2 18518.9 -1 1
-3318.41 -3273.33 11046.2 11989.8 1 1
-157.785 -3428.81 -3686.99 5038.52 1 2
event 68
10770.1 -1270.28 -215.565 11280.3
-2245.15 -4635.59 -794.145 6062.25
-2641.54 -2175.85 -980.609 3561.57 1 2
4665.68 950.782 -412.082 4780.53 -1 1
396.388 -2459.74 186.464 2500.67 -1 2
6104.42 -2221.06 196.518 6499.76 1 1
event 69
4699.59 -3504.31 -5853.49 8844.33
-15191.1 -12669.9 43281.2 47688.1
2879.55 -1381.93 -1198.25 3412.99 -1 1
1820.04 -2122.38 -4655.24 5431.34 1 1
-8827.73 -7835.08 22206.7 25148.9 1 2
-6363.34 -4834.78 21074.6 22539.2 -1 2
event 70
12525.6 3061 23503.2 26986.1
6226.06 -1266.07 11695.5 13665.4
9893.65 1595.56 19955.8 22331 -1 1
2631.97 1465.43 3547.37 4655.08 1 1
1248.83 -1652.96 3494 4063.38 -1 2
4977.23 386.892 8201.51 9602 1 2
event 71
-609.194 -7888.95 -392.916 8505.98
1753.24 3739.9 3665.78 6331.67
-1805.59 -4069.84 -617.131 4496.2 -1 1
1196.4 -3819.11 224.215 4009.79 1 1
2475.35 1745.67 1979.23 3619.84 -1 2
-722.11 1994.23 1686.55 2711.83 1 2
event 72
6718.24 7055.95 -14206 17502.1
11128.6 1462.45 36036.4 37870.8
3349.83 1550.7 8760.2 9506.75 -1 2
1759.39 1514.21 -1457.97 2743.2 1 1
7778.76 -88.2488 27276.3 28364.1 1 2
4958.85 5541.75 -12748 14758.9 -1 1
event 73
2249.32 -3541.2 -2200.06 5659.13
14434.5 -30951.8 -38744.6 51740.7
276.508 -3016.76 -666.299 3103.62 1 1
1972.81 -524.44 -1533.76 2555.51 -1 1
11857.9 -27582.2 -34586.8 45800 1 2
2576.67 -3369.59 -4157.81 5940.7 -1 2
event 74
4844.45 3519.16 3210.08 7466.47
4109.75 15526.2 73001.3 74811.3
2025.91 3191.17 1130.2 3946.7 -1 1
2818.54 327.99 2079.88 3519.77 1 1
4136.41 10926.2 55395.3 56613.9 -1 2
-26.6544 4600 17606 18197.4 1 2
event 75
5022.9 -4551.64 -13123.5 15091.9
-6174.59 2701.87 7717.89 10704.3
-5193.89 832.461 6004.25 7983.21 1 2
2968.44 -829.976 -6858.3 7519.84 1 1
-980.707 1869.41 1713.64 2721.06 -1 2
2054.46 -3721.66 -6265.2 7572.02 -1 1
event 76
9100.95 2760.47 19368 21798.1
-3577.95 4829.22 20989.6 22051.7
-3348.75 2359.92 15396.3 15932.4 -1 2
2391.37 2209.7 5839.63 6686.85 1 1
6709.58 550.766 13528.3 15111.2 -1 1
-229.206 2469.29 5593.3 6119.32 1 2
event 77
-5099.46 354.1 4922.1 7742.6
7798.56 8021.24 6310.28 13212.4
-3459.6 -1086.41 2165.46 4224.86 1 1
-1639.87 1440.51 2756.65 3517.74 -1 1
5781.94 3869.42 3300.61 7701.2 1 2
2016.62 4151.82 3009.67 5511.23 -1 2
event 78
-4139.1 9485.41 -23500.4 25864.4
-6444.44 -51.3521 -4503.06 8450.22
-3675.61 4995.12 -15166.6 16385.9 -1 1
-463.485 4490.29 -8333.85 9478.48 1 1
-2014.61 -1007 -2829.91 3618.32 -1 2
-4429.83 955.652 -1673.15 4831.9 1 2
event 79
-3395.68 5277.02 5971.86 9199.54
2008.07 13267.1 36874.6 39362.1
-1044.45 3605.12 1900.33 4208.35 -1 1
-2351.23 1671.9 4071.53 4991.2 1 1
715.97 8097.89 18027 19775.6 1 2
1292.1 5169.25 18847.6 19586.5 -1 2
event 80
-17066.6 1535.28 51741.8 54593.3
8813.39 -218.777 8476.83 12616.3
-11826.7 1955.91 32290.1 34443.5 -1 1
-5239.88 -420.637 19451.7 20149.8 1 1
4688.04 91.9013 6537.93 8046.24 -1 2
4125.35 -310.678 1938.9 4570.07 1 2
event 81
5039.92 -3450.91 -2858.62 7421.09
-5002.84 11963.1 -6036.03 14634.4
2899.25 -2872.49 -390.202 4101.26 -1 1
2140.67 -578.415 -2468.41 3319.83 1 1
-3113.92 6103.09 -1576.6 7031.43 1 2
-1888.92 5860.03 -4459.43 7603 -1 2
event 82
9677.72 1768.97 33811.7 35349.8
-1603.18 -7006.65 4819.89 9191.63
4807.25 2376.34 19222.4 19956.7 -1 1
4870.47 -607.362 14589.3 15393.1 1 1
-1265.58 -3441.51 4164.07 5549.45 -1 2
-337.596 -3565.14 655.817 3642.18 1 2
event 83
-5111.94 7804.59 17855.9 20382.9
-5059.07 5486.73 31943.9 32950
-2471.74 5991.2 13496.5 14972.4 1 1
-2640.2 1813.39 4359.36 5410.57 -1 1
-406.339 2445.18 11421.3 11687.6 -1 2
-4652.73 3041.55 20522.7 21262.4 1 2
event 84
12540.7 14785.6 18592.2 27039.7
-7880.07 743.055 -6688.09 10815.2
-3207.01 -816.215 -1422.18 3603.45 -1 2
620.061 2219.55 1983.1 3042.16 1 1
11920.7 12566.1 16609.1 23997.6 -1 1
-4673.06 1559.27 -5265.91 7211.78 1 2
event 85
5401.07 4770.34 -10907.7 13434.9
-1360.25 -11715.6 16384.2 20423.9
2444.33 3837.01 -4990.73 6753.96 1 1
2956.74 933.325 -5916.95 6680.93 -1 1
-2212.79 -7053.53 10954.6 13216.1 -1 2
852.543 -4662.08 5429.54 7207.84 1 2
