event 0
-6007.31 3618.43 102.96 7666.94
-3468.02 -9762.2 37602.7 39126.5
-1929.67 -3002.55 17533.9 17893.8 -1 2
-2695.28 481.783 1172.64 2980.42 1 1
-1538.34 -6759.64 20068.9 21232.8 1 2
-3312.02 3136.65 -1069.68 4686.52 -1 1
event 1
-11118.5 3319.07 24779.6 27536.4
-1221.67 7803.94 33134.7 34203.7
-2095.6 5353.87 25393.8 26036.8 -1 2
-4542.99 114.782 7468.17 8742.81 -1 1
-6575.49 3204.29 17311.4 18793.6 1 1
873.93 2450.06 7740.9 8166.96 1 2
event 2
4685.16 6259.08 -22491 24011.7
5618.3 -6987.57 -13575.5 16561.3
1197.51 -3914.77 -5577.28 6919.3 1 2
175.674 2575.33 -7160.33 7612.14 -1 1
4509.48 3683.75 -15330.6 16399.6 1 1
4420.79 -3072.79 -7998.25 9642.03 -1 2
event 3
8022.19 -4709.93 -3312.36 10349
9685.65 1669.99 -19434.5 21997.5
3798.54 202.186 -4600.87 5970.67 -1 2
3590.54 -626.441 -2077.83 4196.78 1 1
5887.11 1467.81 -14833.6 16026.8 1 2
4431.65 -4083.49 -1234.53 6152.21 -1 1
event 4
-17355.3 1336.53 37949.6 41865.9
3078.14 -3493.12 -6164 8322.45
1084.51 -3143.01 -4936.89 5953.04 1 2
-5204.58 -1004.37 11781.8 12919.7 -1 1
1993.63 -350.115 -1227.11 2369.41 -1 2
-12150.7 2340.9 26167.7 28946.1 1 1
event 5
-193.324 7571.21 -10951 13670.3
1728.59 -6572.55 -12049.5 14316.5
897.419 4516.23 -8246.58 9445.58 -1 1
-1090.74 3054.98 -2704.45 4224.67 1 1
2765.21 -4458.28 -9438.2 10798.8 -1 2
-1036.62 -2114.27 -2611.27 3517.76 1 2
event 6
10651.5 10495.1 38693.9 41598.2
-6258.24 -5106.37 17270.5 19315.8
6268.96 7909.4 27756.2 29534.3 -1 1
4382.52 2585.68 10937.7 12063.9 1 1
-709.055 -2248.05 5687.82 6157.84 -1 2
-5549.19 -2858.31 11582.7 13158 1 2
event 7
2559.08 -5805.69 32015.9 32785.1
7294.94 -1105.27 -15514.8 17456.8
3092.78 980.926 -5293.19 6209.39 1 2
-350.849 -2676.92 14946 15188.2 -1 1
4202.16 -2086.2 -10221.6 11247.4 -1 2
2909.93 -3128.77 17069.9 17596.9 1 1
event 8
-2880.75 7988.03 2344.73 9337.94
6289.79 9245.04 1867.49 11752.1
-298.508 4615.8 2103.67 5082.45 -1 1
-2582.24 3372.23 241.063 4255.48 1 1
2765.99 4890.42 -557.488 5647.02 -1 2
3523.81 4354.62 2424.98 6105.05 1 2
event 9
-6965.92 1824.77 -39059.9 39838.6
18364.7 -15935 -109248 111964
-3560.37 2452.69 -19440.2 19915.4 1 1
-3405.55 -627.924 -19619.7 19923.2 -1 1
9755.9 -9422.22 -66939.7 68300 1 2
8608.81 -6512.78 -42308.3 43663.8 -1 2
event 10
6842 -106.766 -26937 27964.6
3930.49 -6036.03 25991.5 27148.3
653.379 -3613.4 14385.4 14847 1 2
2303.49 -512.856 -4642.59 5209.02 1 1
4538.51 406.091 -22294.5 22755.6 -1 1
3277.11 -2422.63 11606.1 12301.2 -1 2
event 11
7441.61 6509.22 10358.9 14650.8
-4039.64 -4933.09 19925.2 21148.5
5573.56 4101.38 5194.54 8653.34 -1 1
1868.05 2407.84 5164.4 5997.46 1 1
-2325.39 -617.828 5831.24 6309.02 -1 2
-1714.25 -4315.26 14094 14839.5 1 2
event 12
-4921.84 -5184.32 -13259.5 15378.8
737.32 6189.26 -11804.6 13703.7
-3736.98 -1790.46 -7954.01 8969.3 1 1
-1184.86 -3393.86 -5305.52 6409.51 -1 1
1689.73 4292.48 -6347.44 7847.41 -1 2
-952.409 1896.78 -5457.16 5856.33 1 2
event 13
-13113.8 -2989.34 1697.89 13906.2
5779.56 -9081.97 -7381.52 13415
3294.09 -2804.25 -3862.58 5800.47 -1 2
-2917.57 -1906.31 -135.741 3489.38 1 1
-10196.2 -1083.04 1833.63 10416.8 -1 1
2485.47 -6277.72 -3518.94 7614.55 1 2
event 14
-8170.01 228.236 -1306.53 8837.34
52.5084 -8231.73 32790.8 33949.8
-845.846 -4291.75 12076.4 12844.6 -1 2
-3892.53 1632.7 -378.565 4239.34 1 1
-4277.47 -1404.47 -927.966 4598 -1 1
898.354 -3939.98 20714.4 21105.2 1 2
event 15
-7402.59 3109.43 9195.25 12594.1
-4293.75 -431.519 11872.7 13006.7
-4452.82 280.615 4089.97 6053.54 -1 1
-2949.78 2828.81 5105.28 6540.52 1 1
-2532.53 -1630.31 8475.22 8995.12 -1 2
-1761.23 1198.79 3397.46 4011.6 1 2
event 16
3610.73 -3688.76 6144.73 8601.93
4020.62 -12973.3 -47169.4 49183.4
2454.82 -1728.32 1350.05 3293.48 -1 1
1155.91 -1960.44 4794.68 5308.45 1 1
3080.82 -8642.4 -36371.3 37510.9 1 2
939.799 -4330.88 -10798 11672.6 -1 2
event 17
13433.6 -2621.14 19913.1 24442.9
6693.14 3883.1 -11233.6 13987.9
2006.69 2309.19 -6292.19 6997.28 -1 2
2367.28 52.8128 6087.89 6533.02 -1 1
11066.3 -2673.95 13825.2 17909.8 1 1
4686.45 1573.91 -4941.45 6990.64 1 2
event 18
3017.23 8422.92 -13889.3 16809.3
-5724.59 -8894.27 -22819.5 25341.6
3292.63 4812.76 -8998.22 10723 -1 1
-275.408 3610.16 -4891.1 6086.31 1 1
-5790.46 -6871.4 -18231.3 20325.8 -1 2
65.8642 -2022.87 -4588.17 5015.85 1 2
event 19
13165.4 -10525.7 27575.2 32467
-6217.16 210.375 34454.1 35147.9
7780.74 -6709.01 19462.9 22008.3 1 1
5384.7 -3816.66 8112.36 10458.7 -1 1
-3165.58 -1434.05 17846.7 18182.2 -1 2
-3051.58 1644.43 16607.5 16965.7 1 2
event 20
9084.74 -1896.59 -28309.9 29952.8
7743.28 -446.121 30943.2 32050.4
4362.01 855.289 21041.8 21506.4 -1 2
3920.92 84.9951 -8110.33 9009.41 1 1
5163.82 -1981.59 -20199.6 20943.4 -1 1
3381.28 -1301.41 9901.43 10544 1 2
event 21
-5497.61 -6585.03 -11680.2 14819
6535.76 -7328.52 5182.87 11527.3
4142.29 -2571.32 1705.39 5166.21 -1 2
-1437.77 -2877.62 -2336.11 3976.99 1 1
-4059.84 -3707.41 -9344.04 10842 -1 1
2393.48 -4757.2 3477.48 6361.11 1 2
event 22
-1481.1 7421.16 -8612.08 11875.4
-1924.07 14894.5 25507.3 29761.8
356.403 5017.49 -6320.66 8078.62 -1 1
-1837.5 2403.67 -2291.41 3796.81 1 1
-2152.24 9759.87 14474.4 17590 -1 2
228.165 5134.62 11032.9 12171.8 1 2
event 23
-7625.87 -672.112 -16005.7 18010.5
2879.79 6097 13848.7 15711.2
2293.49 2091.92 4012.37 5074.1 -1 2
-2762.37 -64.4431 -9309.89 9711.85 1 1
-4863.51 -607.669 -6695.77 8298.64 -1 1
586.301 4005.08 9836.31 10637.1 1 2
event 24
-6335.29 7254.43 16826.6 19633.9
-1622.97 6849.62 -23884 25091.7
-2453.5 3777.01 -13804.9 14521.4 -1 2
-2295.59 3375.29 10010.8 10811.5 -1 1
-4039.69 3879.15 6815.85 8822.35 1 1
830.528 3072.61 -10079.1 10570.3 1 2
event 25
-4407.76 5817.74 -35054.2 35939.8
9966.49 -976.124 17132.3 20084.6
-1352.58 4287.35 -20935.8 21413.4 1 1
-3055.17 1530.4 -14118.4 14526.4 -1 1
6726.68 -752.661 8534.29 10893.1 -1 2
3239.8 -223.462 8597.98 9191.44 1 2
event 26
2685.18 11302.4 19618.6 23096.2
6059.58 6955.44 -44594 45643.4
3861.24 4665.75 -35444.3 35958.1 -1 2
-196.482 3640.18 8825.84 9549.67 1 1
2881.66 7662.22 10792.8 13546.6 -1 1
2198.34 2289.69 -9149.73 9685.25 1 2
event 27
14517.8 -716.485 -26360.1 30260.9
9298.07 -5432.57 -10302.8 15221.9
7234.82 -3532.12 -9147.56 12186.4 -1 2
5348.9 -336.349 -6832.9 8684.67 1 1
9168.88 -380.136 -19527.2 21576.2 -1 1
2063.25 -1900.44 -1155.22 3035.52 1 2
event 28
4262.97 3860.62 22382.1 23315.8
1991.97 -11292.2 -10653 15955
-364.574 -3116.42 -4354.27 5368.03 1 2
2317.83 217.245 9777.65 10051.5 -1 1
2356.55 -8175.82 -6298.76 10586.9 -1 2
1945.14 3643.37 12604.5 13264.3 1 1
event 29
-5833.73 2256.68 -30380.5 31172
-8777.35 3362.4 3575.98 10522.6
-3752.38 42.5058 -13156.8 13681.9 -1 1
-2081.36 2214.17 -17223.7 17490.1 1 1
-5043.14 1812.35 390.233 5374.13 -1 2
-3734.21 1550.05 3185.75 5148.51 1 2
event 30
-2791.19 -7268.28 4139.11 9345.7
1429.62 -4976.77 11858.5 13305.2
-752.619 -2941.62 6353.93 7042.95 1 2
-2624.85 -3161.3 2969.83 5070.97 -1 1
2182.24 -2035.15 5504.58 6262.23 -1 2
-166.338 -4106.98 1169.28 4274.73 1 1
event 31
-5009.38 -6946.32 -10558.4 13943.3
-2684.33 8680.34 19885.3 22081
306.659 4102.72 9143.75 10027.2 -1 2
-2195.68 -828.21 -3176.21 3950.5 -1 1
-2813.7 -6118.11 -7382.24 9992.84 1 1
-2990.98 4577.62 10741.6 12053.8 1 2
event 32
6919.4 2741.86 584.614 8082.6
-6801.94 10789.8 7821.18 15279
-3315.83 2593.4 2744.47 5026.31 -1 2
3579.91 -43.5843 -453.951 3610.39 1 1
-3486.11 8196.36 5076.7 10252.7 1 2
3339.48 2785.45 1038.56 4472.21 -1 1
event 33
-3968.18 4906.02 20532.5 21702.3
-547.17 -9456.23 44651.3 45749.8
-3038.34 2455.89 15954.7 16426.4 -1 1
-929.833 2450.14 4577.8 5275.91 1 1
1122.04 -5466.46 22679.1 23355.8 1 2
-1669.21 -3989.77 21972.2 22394 -1 2
event 34
92.9608 -6711.74 -41980.5 42626.4
-215.324 -8073.82 -24202.4 25701.7
-1468.44 -3982.6 -23936.9 24310.6 -1 1
1561.4 -2729.15 -18043.6 18315.8 1 1
-1411.1 -6077.35 -19081.7 20076 -1 2
1195.78 -1996.47 -5120.7 5625.7 1 2
event 35
-5872.97 -4505.08 6534.06 10347.6
-8246.71 1069.52 -20363.3 22212.8
-2554.95 -3129.71 5029.06 6451.78 1 1
-3318.02 -1375.36 1505 3895.78 -1 1
-6528.43 -451.842 -14215.1 15649.5 -1 2
-1718.29 1521.36 -6148.12 6563.35 1 2
event 36
4359.08 4533.66 -6288.25 9417.5
-24679.5 -22899.7 1756.88 33854.9
3732.33 2096.6 -2805.03 5119.12 -1 1
626.748 2437.06 -3483.22 4298.38 1 1
-18502.3 -15975 2339.56 24556.5 1 2
-6177.24 -6924.74 -582.674 9298.44 -1 2
event 37
-16770.6 18157.9 -53235.8 58775.9
1839.59 -4224.43 -785.301 5606.95
-8357.28 10941.8 -27493.4 30748.4 1 1
-8413.29 7216.1 -25742.4 28027.5 -1 1
2131.42 -2204.27 -1534.12 3430.23 -1 2
-291.834 -2020.16 748.822 2176.72 1 2
event 38
-7546.12 9622.78 6700.95 14284.1
-4450.5 -26924.2 -2338.67 27564.1
-4140.69 7297.38 5314.1 9932.16 -1 1
-3405.42 2325.41 1386.86 4351.89 1 1
-3586.83 -13435.2 -428.274 13912.8 1 2
-863.669 -13489 -1910.4 13651.3 -1 2
event 39
-2690.17 5842.09 -15625.2 17178.6
-5176.28 10433 25708.7 28393.1
-2171.55 2977.84 -11850.2 12410.5 1 1
-518.623 2864.26 -3775.06 4768.14 -1 1
-4017.89 4975.12 12141.4 13723 1 2
-1158.39 5457.88 13567.3 14670.2 -1 2
event 40
3663.18 5116.53 13034.7 14801.8
-9819.51 -1009.48 -51758.3 52782.2
-3786.03 -1842.38 -23538.2 23912 -1 2
117.673 2263.61 6081.6 6491.13 -1 1
-6033.47 832.895 -28220.2 28870.1 1 2
3545.51 2852.93 6953.11 8310.64 1 1
event 41
9095.95 2802.55 26073.4 27928.5
-8969.68 -2817.57 15101.6 18056.7
-5198.82 -573.77 6058.1 8004.29 -1 2
4484.27 -193.631 12574.9 13352.3 -1 1
4611.68 2996.18 13498.5 14576.2 1 1
-3770.86 -2243.8 9043.53 10052.4 1 2
event 42
-9193.52 -4760.24 13818.9 17542.3
7980.82 5893.96 -2641.59 10723.8
2252.83 3427.63 -521.376 4136.05 1 2
-3283.92 -547.077 2820.04 4364.31 -1 1
-5909.59 -4213.17 10998.9 13178 1 1
5727.99 2466.33 -2120.21 6587.8 -1 2
event 43
-17957.9 6802.62 27024.7 33297
-4696.55 -4477.51 3831.38 8147.37
-10355.2 5486.78 16938.2 20597.3 1 1
-7602.7 1315.84 10086.5 12699.6 -1 1
-2197.36 -3895.32 1618.88 4757.51 -1 2
-2499.19 -582.19 2212.5 3389.87 1 2
event 44
1467.23 -6285.61 4754.15 8593.84
-12925.9 -16299.5 -69437.4 72552.7
349.291 -4315.91 4604.61 6321.61 1 1
1117.94 -1969.7 149.544 2272.23 -1 1
-7517.74 -7439.6 -31997.4 33700.2 -1 2
-5408.15 -8859.95 -37440.1 38852.5 1 2
event 45
4635.77 1456.4 1296.82 5906.24
124.191 9836.43 -2026.12 10510.3
3290.8 -353.949 18.0881 3311.51 1 1
1344.98 1810.35 1278.73 2594.73 -1 1
578.802 4994.01 -2512.35 5621.23 1 2
-454.611 4842.43 486.232 4889.11 -1 2
