event 0
4410.13 -612.67 2407.4 5933.89
5902.05 6748.8 -25230.3 26954.4
3048.81 896.536 651.071 3245.63 1 1
1361.32 -1509.21 1756.33 2688.26 -1 1
4229.47 2497.62 -13394.7 14267.3 1 2
1672.58 4251.18 -11835.5 12687.1 -1 2
event 1
4761.38 -224.986 395.306 5698.07
-11044.4 -395.359 -1799.74 11617.4
2898.85 1128.63 -629.528 3175.63 -1 1
1862.53 -1353.62 1024.83 2522.44 1 1
-6879.13 48.7254 386.979 6890.98 1 2
-4165.23 -444.085 -2186.72 4726.44 -1 2
event 2
-230.958 10813.5 -33090.8 34951.1
5915.35 24.2711 340.828 6685.75
3077.17 -1191.7 1142.99 3493.81 1 2
1016.14 3931.02 -9188.51 10046.2 -1 1
2838.18 1215.97 -802.163 3191.94 -1 2
-1247.1 6882.44 -23902.3 24904.9 1 1
event 3
8692.89 -11762.9 -30540.7 34062.4
-4100.44 -3646.75 -3108.16 7026
3767.21 -6363.88 -19146.9 20525.7 1 1
4925.69 -5399.03 -11393.8 13536.7 -1 1
-1476.27 -3321.71 -1533.75 3946.73 -1 2
-2624.18 -325.038 -1574.41 3079.27 1 2
event 4
-6157.96 -1945.53 28168.5 29064.8
2022.29 7584.81 -18752.7 20563.9
2145.22 2433.32 -6304.46 7090.87 -1 2
-2669.67 682.115 9510.45 9902.13 1 1
-122.933 5151.49 -12448.3 13473.1 1 2
-3488.29 -2627.64 18658.1 19162.7 -1 1
event 5
1867.85 9340.3 -10391.6 14432.8
3019.92 5486.6 -29407 30225.5
1793.95 5198.57 -7803.6 9547.29 1 1
73.9014 4141.73 -2588 4885.52 -1 1
2836.04 2710.51 -21172.1 21532.8 -1 2
183.882 2776.09 -8234.81 8692.74 1 2
