event 0
-27766.8 -4016.8 -15287.3 32100.2
-4445.72 332.996 -10920.2 12194.9
-2824.02 -1133.01 -7888.79 8455.94 1 2
-9760.1 45.066 -4973.36 10954.8 -1 1
-1621.7 1466.01 -3031.37 3738.92 -1 2
-18006.7 -4061.86 -10313.9 21145.4 1 1
event 1
-17349.2 -1505.43 76054.1 78083.8
6985.54 6997.3 3480.09 10929.9
4542.51 3541.13 562.188 5788.02 1 2
-6253.92 922.515 28244.7 28943.7 1 1
2443.04 3456.17 2917.9 5141.87 -1 2
-11095.3 -2427.94 47809.4 49140.1 -1 1
event 2
7985.54 -7640.53 -14164.7 18231.2
7021.67 2753.73 -4698.72 9410.41
5040.55 873.703 -4226.62 6636.71 -1 2
2787.13 -1174.64 -2550.94 3958.07 -1 1
5198.41 -6465.9 -11613.8 14273.1 1 1
1981.12 1880.02 -472.1 2773.7 1 2
event 3
-2768.61 -9576.61 13980 17447.3
2175.06 -7581.12 -2416.59 8811.06
379.802 -4257.07 -2640.71 5025.08 1 2
-48.3606 -4599.31 4747.14 6610.79 1 1
1795.25 -3324.05 224.119 3785.98 -1 2
-2720.25 -4977.3 9232.83 10836.5 -1 1
