event 0
-5404.33 -3241.1 -21090.1 22228.2
6765.37 3276.51 3854.31 8997.3
3314.23 741.478 263.754 3408.02 1 2
-1134.23 -1783.9 -3705.58 4267.47 -1 1
-4270.1 -1457.2 -17384.5 17960.7 1 1
3451.14 2535.03 3590.56 5589.28 -1 2
event 1
-5811.26 5917.29 -4393.31 9883.19
-6281.24 -4520.37 -21155.3 22738.2
-3620.84 -1449.22 -13725.7 14269.4 1 2
-667.043 2609.91 -916.019 2847.25 1 1
-5144.22 3307.37 -3477.29 7035.94 -1 1
-2660.41 -3071.15 -7429.63 8468.78 -1 2
event 2
2644.74 10190.9 -2403.07 11234.7
-15960.8 -18269.3 -84675.4 88136.4
482.242 6589.19 -515.176 6627.71 1 1
2162.49 3601.75 -1887.9 4606.99 -1 1
-10799.5 -10336.2 -54335 56353.9 -1 2
-5161.22 -7933.13 -30340.4 31782.5 1 2
event 3
-1318.86 5059.15 4894.52 7802.66
-9731.52 -6334.39 58295.5 59521.3
657.032 3483.76 2803.26 4520.81 1 1
-1975.89 1575.39 2091.25 3281.85 -1 1
-5499.23 -2372.06 23823.2 24564.7 1 2
-4232.29 -3962.33 34472.2 34956.5 -1 2
event 4
7747.67 -938.347 3685.65 9169.61
-337.383 13289.1 39876.7 42148
-545.814 4169.26 8690.68 9655.03 1 2
2315.61 -1579.65 532.498 2855.18 -1 1
208.431 9119.84 31186 32493 -1 2
5432.06 641.3 3153.15 6314.43 1 1
event 5
10242 -3141.66 -1471.61 11248.3
-1318.03 -8868.3 1678.54 9632.85
-329.904 -7086.06 172.372 7096.62 1 2
4529.83 -849.947 815.243 4681.62 -1 1
-988.128 -1782.23 1506.16 2536.23 -1 2
5712.16 -2291.72 -2286.85 6566.71 1 1
event 6
-2657.83 4107.37 -6876.23 8989.34
-12055.7 -3407.91 -33513.5 35912.3
-2451.12 1848.38 -5592.88 6380.91 -1 1
-206.711 2258.99 -1283.35 2608.43 1 1
-7777.05 -638.368 -19866.5 21344.3 1 2
-4278.63 -2769.54 -13646.9 14568 -1 2
event 7
-5511.2 3824.88 -7745.54 10704.6
-8488.36 -4423.9 5212.14 11330.4
-2680.11 -2800.35 3011.26 4909.57 1 2
-1982.96 1532.86 -893.027 2662.79 -1 1
-5808.25 -1623.55 2200.88 6420.8 -1 2
-3528.24 2292.02 -6852.51 8041.76 1 1
event 8
-4779.5 -9039.7 -17875.3 20824.9
-12283.3 -2957.65 12445.4 18003
-4569.97 -618.587 6571.82 8029.15 1 2
-2762.4 -2263.13 -5168.26 6282.88 -1 1
-7713.35 -2339.07 5873.56 9973.81 -1 2
-2017.11 -6776.57 -12707.1 14542 1 1
event 9
3678.35 4255.12 -596.843 6448.16
894.822 -8053.31 6323.23 10734.6
1115.86 3345.58 398.26 3550.75 -1 1
2562.49 909.542 -995.103 2897.42 1 1
-1028.7 -4276.32 3701.73 5749.71 -1 2
1923.52 -3776.99 2621.5 4984.88 1 2
event 10
6076.77 -9640.13 -9385.16 15084.1
6330.36 6947.95 7880.16 12650.5
5278.94 3813.51 4469.07 7898.98 -1 2
2556.01 -2738.15 -1522.09 4044.58 -1 1
3520.76 -6901.97 -7863.07 11039.6 1 1
1051.42 3134.44 3411.08 4751.51 1 2
