event 0
-5095.85 -10633.8 -1526.76 12286.9
-3709.09 -3389.02 22275.2 23043.7
-1354.26 -3257.73 12636.9 13120.5 1 2
-2933.98 -4071.97 -1899.2 5367.24 1 1
-2354.84 -131.285 9638.28 9923.21 -1 2
-2161.87 -6561.88 372.434 6919.67 -1 1
event 1
-6084.26 8514.95 6840.54 12880.5
3465.75 5057.99 11956 13788.8
-4376.91 4133.54 2640.7 6574.79 1 1
-1707.35 4381.42 4199.84 6305.68 -1 1
1061.29 4148.12 7050.86 8249.79 -1 2
2404.46 909.879 4905.16 5539.05 1 2
event 2
-6469.26 -3701.22 -1620.67 8232.15
2285.89 7496.43 4998.77 9797.97
-404.818 3959.12 2338.73 4617.28 1 2
-2047.12 -1472.09 893.64 2677.22 -1 1
-4422.14 -2229.14 -2514.31 5554.93 1 1
2690.71 3537.31 2660.05 5180.69 -1 2
event 3
-7876.26 1910.47 -7366.98 11556.1
9516.15 9420.25 6567.75 15232.3
-5741.63 2067.81 -3250.22 6915 1 1
-2134.63 -157.337 -4116.75 4641.15 -1 1
4088.86 6213.01 3589.64 8259.36 -1 2
5427.3 3207.23 2978.11 6972.96 1 2
