event 0
2213.81 13964.5 1739.1 14578.1
-5873.71 -7031.46 3443.8 10266.1
1196.98 7468.39 2479.8 7960.54 -1 1
1016.83 6496.06 -740.702 6617.6 1 1
-3794.18 -5155.96 3793.71 7441.99 -1 2
-2079.53 -1875.5 -349.911 2824.1 1 2
event 1
3845.34 7869.06 28380.9 29862.6
5487.64 781.353 -2506.75 6826.37
3423.31 4664.82 21407.8 22176.2 1 1
422.026 3204.24 6973.14 7686.43 -1 1
1282.14 1608.05 -909.157 2251.09 -1 2
4205.5 -826.696 -1597.6 4575.28 1 2
event 2
-1331.48 -11273.1 -18581.4 21993.5
2820.76 5493.68 -1150.61 7003.75
297.18 -7593.29 -13696.6 15663.8 -1 1
-1628.66 -3679.79 -4884.77 6329.74 1 1
2896.74 2529.55 -1219.87 4035.96 -1 2
-75.9831 2964.13 69.2596 2967.79 1 2
event 3
-4672.3 -5329.42 25659.6 26800
-13309.5 -1326.49 32719.3 35483
-3674.37 1002.13 8615.43 9420.3 1 2
-838.581 -2762.98 6887.59 7469.09 -1 1
-9635.13 -2328.62 24103.8 26062.7 -1 2
-3833.72 -2566.44 18772 19330.9 1 1
event 4
975.43 8053.77 -11746.1 14607.4
-10317 1502.09 -21506 24099.7
-4201.59 -148.769 -11623.6 12361.1 1 2
-491.218 2776.96 -6200.28 6812.3 -1 1
-6115.44 1650.86 -9882.34 11738.6 -1 2
1466.65 5276.81 -5545.81 7795.06 1 1
