event 0
8545.23 930.052 -6907 11453.5
-6305.17 2450.68 6333.95 9770.91
-5051.55 659.084 3464.41 6161.65 -1 2
3199.27 1477.99 -1506.74 3834.22 1 1
5345.96 -547.935 -5400.26 7619.28 -1 1
-1253.62 1791.59 2869.54 3609.26 1 2
event 1
9482.84 675.436 -11358.8 15132.5
-1960.86 4972.24 6938.18 9289.61
-2723.24 3061.26 4949.61 6426.28 1 2
4460.49 -377.148 -7405.57 8654 -1 1
762.382 1910.98 1988.57 2863.33 -1 2
5022.35 1052.58 -3953.19 6478.48 1 1
event 2
5084.49 -8377.54 -48311 49432.5
2128.13 -7162 -18465.2 20158.8
-194.614 -4686.21 -10749.3 11728.5 -1 2
3653.81 -2564.47 -22058.6 22506 -1 1
1430.69 -5813.07 -26252.4 26926.5 1 1
2322.74 -2475.79 -7715.83 8430.3 1 2
event 3
7803.53 -409.316 -38521.5 39427.9
11025.3 7553.26 13785 19448
4975.06 746.708 -28821.8 29257.8 1 1
2828.47 -1156.02 -9699.71 10170.2 -1 1
5884.94 5359.61 6573.49 10323.8 -1 2
5140.33 2193.65 7211.53 9124.27 1 2
event 4
-2476.84 7415.35 4955.27 9760.47
210.336 -8328.09 29423.8 30736.8
148.663 -3776.24 18831.5 19207.2 1 2
-724.204 2173.43 3245.37 3973.89 1 1
-1752.64 5241.93 1709.9 5786.58 -1 1
61.6737 -4551.85 10592.3 11529.6 -1 2
event 5
-5364.34 -5359.58 14271.1 16454.7
4974.92 -5240.24 -9052.92 11989.8
2129.52 -3745.53 -3413.37 5497.83 -1 2
-1302.74 -3065.16 7751.51 8437.38 1 1
-4061.61 -2294.42 6519.59 8017.31 -1 1
2845.4 -1494.71 -5639.55 6492 1 2
event 6
-5352.19 -2696.06 -6138.18 9120.46
-7852.48 -2485.05 35441.4 36572.1
-3066.34 -1335.23 7677.56 8375.05 -1 2
-2590.06 238.861 -1625 3068.75 -1 1
-4786.14 -1149.82 27763.9 28197 1 2
-2762.13 -2934.92 -4513.18 6051.71 1 1
event 7
-7903.78 -2056.6 -36807 37829.2
-10262.5 5282.14 -55499.6 56771.7
-4311.19 3329.41 -31513.7 31981.2 1 2
-2384.6 563.18 -14236.3 14446 -1 1
-5951.31 1952.73 -23985.9 24790.5 -1 2
-5519.19 -2619.78 -22570.7 23383.2 1 1
