event 0
-3036.34 3989.62 -6180.51 8770.85
-1953.26 -9718.6 -42172 43431.9
-237.064 3272.48 -2735.35 4273.01 1 1
-2799.27 717.149 -3445.17 4497.84 -1 1
-1071 -5461.52 -29861.2 30375.6 1 2
-882.259 -4257.08 -12310.8 13056.3 -1 2
event 1
8963.19 2837.86 30939.8 32484.7
-3608.29 20853.6 40854.1 46114.4
5911.12 669.08 15652 16744.7 -1 1
3052.07 2168.78 15287.8 15739.9 1 1
-1298.21 11322.2 24941.7 27422.2 1 2
-2310.07 9531.33 15912.4 18692.2 -1 2
event 2
5067.35 8031.74 17942.8 20535.8
7093.38 -527.425 8164.02 11262.2
2032.49 5683.26 12427.4 13816 1 1
3034.86 2348.48 5515.36 6719.83 -1 1
3380.27 1229.38 4454.29 5726.21 -1 2
3713.11 -1756.81 3709.73 5535.96 1 2
