event 0
-7322.92 -738.92 15985.2 17868.6
2630.86 -4951.52 -22758.7 23642.9
665.357 -4237.44 -16170.1 16729.7 -1 2
-3407.96 1178.1 6654.45 7569.35 1 1
-3914.96 -1917.02 9330.74 10299.3 -1 1
1965.51 -714.079 -6588.51 6913.23 1 2
event 1
-4280.04 -4890.62 -12509.9 14433.5
-16230.5 10072.2 -15239.4 24631.5
-3403.83 -2252.96 -9472.11 10314.7 -1 1
-876.217 -2637.66 -3037.82 4118.8 1 1
-9830.68 4566.25 -9586.03 14470.5 -1 2
-6399.82 5505.99 -5653.41 10161 1 2
event 2
6308.61 -4523.02 -27623.2 28859.8
1797.7 5249.49 31507.4 32141.8
2546.2 3268.12 23250.6 23617.1 -1 2
1808.43 -3148.17 -11090.1 11669.8 -1 1
4500.18 -1374.85 -16533.1 17190 1 1
-748.502 1981.36 8256.76 8524.75 1 2
event 3
2040.95 13417 -31330.8 34283.9
-1649.89 -6781.45 7674.33 10825.7
-984.878 -4192.37 2448.69 4955.12 1 2
-700.318 5042.56 -12271.2 13285.7 -1 1
-665.009 -2589.07 5225.64 5870.6 -1 2
2741.26 8374.39 -19059.6 20998.2 1 1
event 4
5049.63 -9821.79 33220.6 35144.9
-6481.13 -8010.2 -3832.7 11421.4
3433.69 -4998.6 13900.4 15166 -1 1
1615.94 -4823.18 19320.2 19978.9 1 1
-2954.76 -5653.5 -3180.78 7128.89 -1 2
-3526.37 -2356.71 -651.926 4292.5 1 2
event 5
6415.13 2075.38 10520 13027.7
4258.67 -5860.67 -18227.1 19857
2876.09 -1406.63 -6922.57 7627.82 1 2
2599.61 402.24 1357.65 2962.12 -1 1
1382.58 -4454.03 -11304.5 12229.2 -1 2
3815.52 1673.14 9162.3 10065.6 1 1
