event 0
-3654.68 -5001.05 4519.03 8269.2
-10403.9 220.006 -22375.7 24870.7
-1651.72 -2722.56 488.437 3223.39 1 1
-2002.97 -2278.48 4030.59 5045.81 -1 1
-6169.92 -1384.06 -12693 14181.2 1 2
-4234 1604.06 -9682.7 10689.5 -1 2
event 1
3844.72 19003.7 -44298 48454.4
5960.86 9529.8 3540.68 12185
2997.41 10200.9 -27202 29206.2 1 1
847.315 8802.85 -17096 19248.2 -1 1
3874.43 7640.69 3767.59 9359.34 -1 2
2086.44 1889.11 -226.917 2825.7 1 2
event 2
-12506.6 7450.43 11411.6 18754.8
3968.68 -5265.48 28678 29656.2
-8953.93 6843.06 8381.52 14045 -1 1
-3552.7 607.368 3030.03 4709.86 1 1
178.383 -3150.45 10342.8 10814 -1 2
3790.29 -2115.03 18335.1 18842.2 1 2
event 3
-5911.84 7175.97 9856.14 14041.9
-8715.04 5122.21 -909.761 10611.7
-3774.39 2379.15 1128.4 4603.35 1 2
-1502.36 3216.17 5994.59 6967.57 -1 1
-4409.48 3959.79 3861.55 7074.34 1 1
-4940.65 2743.05 -2038.17 6008.3 -1 2
event 4
6349.34 -6842.71 -1935.51 10023.7
-897.679 10779.9 8647.01 14190.6
5011.85 -3634.9 -2111.26 6542.15 1 1
1337.49 -3207.81 175.751 3481.52 -1 1
-455.538 7601 7729.77 10851 -1 2
-442.141 3178.91 917.24 3339.68 1 2
event 5
-785.976 8829.72 1233.73 9470.73
-4589.71 5827.59 19220.3 20833.6
309.43 5069.71 -653.531 5122.11 -1 1
-1095.41 3760.01 1887.27 4348.62 1 1
-1064.79 3637.83 10785.1 11432.3 -1 2
-3524.92 2189.76 8435.24 9401.3 1 2
