event 0
-4759.5 7576.8 -3705.06 10167.6
242.404 -7832.37 4187.65 9409.22
-4349.36 4518.9 -1745.82 6511.26 1 1
-410.133 3057.89 -1959.24 3656.32 -1 1
-1289 -2320.35 1802.31 3210.14 -1 2
1531.4 -5512.03 2385.34 6199.08 1 2
event 1
5244.96 -10.2682 1451.14 6261.54
9497.6 -1863.78 7910.91 12878.4
3398.06 1060.88 1958.68 4064.46 1 1
1846.9 -1071.15 -507.537 2197.08 -1 1
5620.53 317.864 5220.45 7678.25 1 2
3877.08 -2181.65 2690.47 5200.1 -1 2
event 2
420.668 -5046.61 306.275 5943.89
-4273.08 6788.64 15334.7 17581
-748.046 -3159.38 1313.52 3503.96 -1 1
1168.71 -1887.23 -1007.25 2439.93 1 1
-3363.41 2781.85 6414.86 7759.69 1 2
-909.677 4006.79 8919.88 9821.26 -1 2
event 3
-539.331 -6762.67 -13524.6 15444.4
13772.9 -3690.79 8600.07 16937.2
-155.019 -4225.66 -5040.3 6579.97 -1 1
-384.312 -2537.01 -8484.27 8864.43 1 1
8738.2 -2626.71 3751.77 9866.24 -1 2
5034.74 -1064.08 4848.3 7070.93 1 2
event 4
9962.13 -5866.66 304.52 11972.7
485.469 -8220.48 22444.7 24107.4
1631.02 -4773.73 11054.2 12151.3 -1 2
4289.26 -1017.88 -616.824 4452.58 -1 1
5672.87 -4848.77 921.344 7520.11 1 1
-1145.55 -3446.75 11390.5 11956.1 1 2
event 5
5542.77 -2831.1 -3375.2 7727.9
-7723.49 -1017.01 11314.7 14081.9
3918.65 -651.807 -954.921 4087.02 -1 1
1624.12 -2179.3 -2420.28 3640.88 1 1
-3764.58 -1772.89 7229.55 8342.23 1 2
-3958.91 755.883 4085.11 5739.65 -1 2
event 6
-11396.2 5492.94 1718.69 13137.4
8220.56 13917 36233.9 39796.3
4315.53 4371.88 13499.7 14832.1 1 2
-2364.69 1570.08 -841.999 2962.61 1 1
3905.03 9545.11 22734.2 24964.2 -1 2
-9031.51 3922.86 2560.68 10174.7 -1 1
event 7
-4492.92 -6238.41 -15147.6 17266.9
6482.01 2759.62 -20346.6 21753.4
3209.44 -244.107 -7586.87 8242.08 1 2
-614.79 -2278.61 -7194.03 7572 1 1
-3878.13 -3959.8 -7953.57 9694.86 -1 1
3272.57 3003.72 -12759.8 13511.3 -1 2
event 8
2706.95 -3998.87 -12422.3 13682.9
8314.76 -1566.36 -27096.9 28555.6
710.253 -3492.81 -6531.3 7441.32 1 1
1996.69 -506.059 -5890.98 6241.61 -1 1
4341.21 -517.306 -9116.07 10110.8 1 2
3973.56 -1049.05 -17980.8 18444.8 -1 2
event 9
-10698.8 8122.2 -1314.08 13847.6
-4723.49 3684.28 -7196.52 9862.23
-3949.48 1585.74 -3373.96 5432.1 -1 2
-2629.7 1468.66 922.877 3152 1 1
-8069.11 6653.55 -2236.96 10695.6 -1 1
-774.014 2098.54 -3822.55 4430.13 1 2
