event 0
3570.1 -9641.67 -32.3596 10737.7
-6452.1 -523.402 -1449.99 7321
786.388 -6460.73 -44.0852 6509.42 -1 1
2783.71 -3180.94 11.7256 4228.33 1 1
-1846.66 1253.73 -563.575 2304.51 -1 2
-4605.44 -1777.13 -886.417 5016.49 1 2
event 1
-34780.8 -19480.7 91456.2 99814.9
-7324.29 -2278.48 26005.7 27289.7
-30802.5 -17326.1 78422.2 86017.7 1 1
-3978.32 -2154.54 13033.9 13797.2 -1 1
-2539.58 -938.099 14582.9 14832.4 -1 2
-4784.71 -1340.38 11422.9 12457.3 1 2
event 2
-8395.45 -6622.41 -3885 11790.9
-4721.93 4677.77 9958.31 12366.7
-4257.11 2210.57 6979.68 8469.75 1 2
-4626.78 -2117.98 -787.43 5150.15 -1 1
-464.815 2467.21 2978.63 3897 -1 2
-3768.67 -4504.43 -3097.57 6640.7 1 1
event 3
-5592.39 -7855.93 -6450 12007.7
9341.38 -3636.08 -14007.7 17501.2
3085.74 -315.601 -2486.62 3976.91 -1 2
-1104.47 -2014.25 -3235.82 3969.73 -1 1
-4487.92 -5841.68 -3214.18 8037.96 1 1
6255.64 -3320.48 -11521.1 13524.2 1 2
event 4
6322.52 5315.17 -11232.6 14282.4
-6600.56 -16578.7 28508 33774.5
4021.09 3515.81 -9458.37 10862.9 1 1
2301.43 1799.36 -1774.23 3419.55 -1 1
-2571.56 -10548.6 17057.9 20220.5 -1 2
-4029.01 -6030.1 11450.1 13554 1 2
event 5
2060.07 -5251.19 -1996.54 6737.65
4440.11 5617.35 5293.06 9427.48
2743.81 1371.64 3074.97 4344.71 -1 2
-446.05 -2037.04 -1620.94 2643.31 1 1
1696.31 4245.71 2218.09 5082.77 1 2
2506.12 -3214.15 -375.601 4094.34 -1 1
