event 0
4059.11 3260.99 -10644.6 12247.8
15683.1 2037.93 69439.9 71285.4
1740.22 3304.15 -6483.02 7482.41 -1 1
2318.89 -43.1554 -4161.54 4765.37 1 1
8869.13 2558.68 42620.7 43608.9 1 2
6814 -520.757 26819.3 27676.4 -1 2
event 1
-2004.23 -8666.3 -1824.55 9593.83
3408.63 -7885.75 -4111.78 10015.1
1379.9 -6375.65 -3529.65 7417.72 1 2
-1352.72 -2810.71 674.531 3193.13 1 1
2028.74 -1510.11 -582.132 2597.35 -1 2
-651.504 -5855.59 -2499.08 6400.7 -1 1
event 2
-7096.38 17613.1 -1799.14 19323.7
4296.96 3270.54 2869.21 6854.46
1686.3 3173.22 1421.85 3865.98 1 2
-818.038 4107.78 618.278 4235.15 -1 1
2610.67 97.3202 1447.36 2988.49 -1 2
-6278.34 13505.3 -2417.41 15088.6 1 1
event 3
-4351.56 -2850.69 -1465.35 6228.98
-812.469 14098.2 -1173.16 14504.7
-3086.06 -1195.94 -2246.66 4001.58 -1 1
-1265.5 -1654.75 781.311 2227.4 1 1
-1996.89 8464.31 -820.082 8735.89 1 2
1184.42 5633.91 -353.08 5768.85 -1 2
event 4
7486.74 -703.699 -19764.2 21371.9
7198.18 -8295.11 28931.7 31100.7
5084.81 -200.436 -9082.41 10411.4 -1 1
2401.93 -503.263 -10681.7 10960.5 1 1
5144.26 -3603.32 16466.5 17624 -1 2
2053.92 -4691.78 12465.1 13476.7 1 2
event 5
-7680.32 -1567.4 -9846.08 12960.7
6167.23 546.012 -21157.4 22261.2
4068.84 -1078.5 -14314.6 14921 -1 2
-2847.8 -1692.9 -5688.29 6583.59 1 1
-4832.52 125.497 -4157.8 6377.1 -1 1
2098.39 1624.51 -6842.82 7340.14 1 2
