event 0
5369.64 -2009.74 4207.05 7756.42
8945.71 -5451.22 5914.55 12422.4
4219.29 -41.1024 2494.26 4902.71 -1 1
1150.34 -1968.64 1712.8 2853.71 1 1
4258.92 -3343.42 4628.35 7123.88 1 2
4686.8 -2107.8 1286.2 5298.52 -1 2
event 1
-3054.07 5408.71 -157.139 6942.45
-6047.39 3451.4 -15027.7 16849.5
-3121.8 398.821 -8568.11 9128.44 -1 2
-1785.83 906.637 -912.438 2203.38 -1 1
-1268.24 4502.07 755.299 4739.06 1 1
-2925.59 3052.58 -6459.58 7721.05 1 2
event 2
-3737.77 -2865.69 4038.6 7216.72
9265.88 1450.76 36688 37994.2
-1664.45 -3250.38 3450.06 5024.88 1 1
-2073.32 384.681 588.543 2191.84 -1 1
4742.13 604.554 12740.1 13607.9 1 2
4523.76 846.209 23947.9 24386.4 -1 2
event 3
8345.75 -4750.26 -52602.7 53561.7
-2869.22 -5366.35 -20357.9 21472.4
5830.27 -1579.86 -31505.7 32079.7 -1 1
2515.48 -3170.4 -21097.1 21482 1 1
-1519.19 -1500.91 -3318.56 3947.74 -1 2
-1350.03 -3865.44 -17039.3 17524.7 1 2
event 4
-2793.59 4662.66 -18268.7 19310.1
-11238.6 -9643.27 21129.6 25987.5
-2840.66 1788.58 -10622.9 11141.2 -1 1
47.0759 2874.09 -7645.78 8168.95 1 1
-7062.9 -5525.27 15190.2 17639.9 1 2
-4175.75 -4118 5939.38 8347.58 -1 2
