event 0
5994.81 4691.41 32278.5 33308.3
3056.43 6087.77 -4038.74 8503.23
1120.43 4568.64 -1435.32 4919.26 1 2
3831.53 1192.95 13497.8 14082.1 1 1
1936 1519.13 -2603.42 3583.97 -1 2
2163.28 3498.46 18780.7 19226.2 -1 1
event 1
6351.19 -4821.38 -23941.1 25423.4
-7354.32 -11080.4 -29406.9 32422.5
3146.89 -3412.68 -17340.4 17951.3 1 1
3204.3 -1408.71 -6600.64 7472.05 -1 1
-5808.96 -6525.97 -20835.6 22593.5 1 2
-1545.36 -4554.4 -8571.28 9828.97 -1 2
event 2
121.391 -7113.21 25967.9 27102.4
42.7466 -6535.49 16411.5 17934.4
-951.709 -4513.95 13398 14170.4 1 2
1510.17 -2958.78 12807.3 13231.5 1 1
994.455 -2021.54 3013.49 3764.02 -1 2
-1388.78 -4154.43 13160.6 13870.9 -1 1
event 3
-6504.36 5438.55 10978.2 14212.5
-5225.57 -4335.69 -19600.5 20973.2
-4456.09 1938.26 4875.6 6884.49 1 1
-2048.28 3500.28 6102.58 7328.04 -1 1
-1860.44 -3302.03 -12233.7 12807.8 -1 2
-3365.14 -1033.66 -7366.79 8165.38 1 2
event 4
-13699.8 4606.5 41676.4 44220.1
3365.28 2674.36 -2667.43 5931.36
1351.2 2821.45 -930.107 3265.36 1 2
-5676.23 3327.29 20892 21903.8 1 1
2014.07 -147.09 -1737.32 2666 -1 2
-8023.52 1279.21 20784.5 22316.3 -1 1
event 5
1907.71 -7841.63 -944.501 8695.56
3849.18 -4268.92 -8973.55 11097.6
2305.37 -3595.41 -1150.31 4424.49 -1 1
-397.669 -4246.22 205.806 4271.07 1 1
2985.5 -1703.97 -3102.04 4631.48 -1 2
863.677 -2564.95 -5871.5 6466.11 1 2
event 6
11838.7 -2909.17 37607.5 39655.2
3910.96 5453.53 13287.9 15205.2
6213.51 -411.252 15438 16647 1 1
5625.21 -2497.92 22169.5 23008.3 -1 1
2853.91 3079.65 5060.08 6576.06 -1 2
1057.05 2373.88 8227.87 8629.12 1 2
