event 0
2413.77 6794.34 10106.7 12795.5
-8300.18 519.867 6529.19 11017.6
-3241.02 976.343 1050.88 3545.84 -1 2
-352.07 2588.71 2176.27 3401.87 -1 1
-5059.16 -456.476 5478.31 7471.72 1 2
2765.84 4205.63 7930.4 9393.6 1 1
event 1
-2809.92 -4997.99 -8052.1 10358.7
-5375.13 6926.03 8395.88 12527.7
-1008.55 -3286.04 -6691.57 7523.53 1 1
-1801.38 -1711.96 -1360.53 2835.13 -1 1
-3695.96 3182.13 2923.94 5687.41 1 2
-1679.17 3743.89 5471.95 6840.3 -1 2
event 2
-5011.44 -10197.5 5385.53 12949.8
-6230.6 -4421.03 -27339.6 28555.4
-4032.55 -2198.77 -11028.6 11947.3 1 2
-2642.52 -4423.51 825.211 5219.43 1 1
-2198.05 -2222.27 -16311 16608.1 -1 2
-2368.91 -5773.97 4560.32 7730.34 -1 1
event 3
43096.4 -28476.8 -63172.1 81661.1
-6679.92 2640.19 2808.85 8311.16
-2836.67 2764.29 1183.73 4135.26 1 2
15434.8 -8777.48 -23064 29107.3 1 1
-3843.25 -124.099 1625.11 4175.9 -1 2
27661.6 -19699.3 -40108.1 52553.8 -1 1
event 4
2718.37 5978.14 -3409.23 8021.31
10796.8 11460.2 16592.7 23082.8
1525.92 2939.71 -3410.84 4755.56 1 1
1192.45 3038.43 1.60348 3265.76 -1 1
6716.55 5678.58 7492.19 11554.3 -1 2
4080.29 5781.59 9100.46 11528.4 1 2
event 5
-3384.48 -8036.1 -15471.1 18027.2
-426.004 7391.17 28555.3 29661.6
1278.69 3047.5 13518.6 13917.1 -1 2
-949.853 -3076.04 -3066.97 4447.67 -1 1
-2434.62 -4960.06 -12404.1 13579.5 1 1
-1704.69 4343.67 15036.7 15744.4 1 2
event 6
3372.59 8161.46 35052.5 36280.2
4773.88 -2009.38 4372.25 7452.14
2571.81 3905.98 23053.9 23523.7 1 1
800.781 4255.48 11998.6 12756.5 -1 1
3086.77 -129.101 3727.99 4842.92 -1 2
1687.11 -1880.28 644.256 2609.22 1 2
event 7
-6108.49 1571.93 9352.55 11698.1
1740.72 9091.56 -30942.5 32445.6
-196.183 4618.71 -18812.8 19372.8 -1 2
-2075.89 -855.273 2277.89 3200.11 1 1
1936.9 4472.85 -12129.6 13072.8 1 2
-4032.6 2427.2 7074.66 8497.95 -1 1
event 8
-3962.28 -10673.5 53649.6 54931.7
-14546.7 13063.5 51077.6 54779.4
-5489.55 3793.03 20798.8 21843.1 -1 2
89.3229 -3266.21 12169.2 12600.6 -1 1
-9057.12 9270.51 30278.9 32936.2 1 2
-4051.6 -7407.24 41480.5 42331.1 1 1
event 9
1153.32 -9815.44 -10225.9 14554.5
2387.98 7256.03 2412.92 8589
779.527 5776.54 2619.48 6391.32 -1 2
-1056.54 -3724.14 -4012.61 5576.53 -1 1
2209.86 -6091.31 -6213.32 8977.97 1 1
1608.45 1479.49 -206.565 2197.69 1 2
event 10
4188.17 2442.94 -569.305 5781.31
-12269.2 1279.22 4914.12 13634.8
3041.42 527.936 -1408.01 3394.5 -1 1
1146.75 1915 838.706 2386.81 1 1
-8113.61 715.659 4765.17 9437.2 1 2
-4155.55 563.556 148.945 4197.57 -1 2
event 11
1162.29 8994.47 -17251.7 19734.8
-3501.22 14269.3 31418.3 34822
-2006.59 3670.97 10980.6 11751 1 2
-975.718 2196.91 -5281.07 5803.39 -1 1
-1494.63 10598.3 20437.7 23070.9 -1 2
2138.01 6797.56 -11970.6 13931.4 1 1
event 12
-11477.9 -1720.3 -1073.58 12060.1
-1191.05 -6771.29 -3361.96 8255.97
-8448.04 -2580.68 -436.064 8844.81 -1 1
-3029.91 860.384 -637.515 3215.31 1 1
808.217 -1904.5 -1858.1 2782.81 -1 2
-1999.27 -4866.79 -1503.86 5473.16 1 2
event 13
2971.38 -11033.4 23092.2 25950
2254.1 -9049.31 6341.42 11695.1
2605.15 -6522.49 5741.6 9072.31 1 2
2061.6 -5263.67 8268.79 10017 1 1
-351.053 -2526.82 599.822 2622.79 -1 2
909.778 -5769.7 14823.4 15933 -1 1
event 14
6446.63 -1103.99 24461.5 25509.4
-11781.7 4255.86 -28589.7 31367
4518.17 669.979 16873.1 17480.7 1 1
1928.46 -1773.97 7588.37 8028.73 -1 1
-6646.01 786.77 -14159.6 15661.9 -1 2
-5135.74 3469.09 -14430.1 15705.1 1 2
event 15
3742.05 -3183.27 11533.7 12913.3
-8076.43 -2146.32 -3195.55 9467.73
1565.7 -2838.57 4537.43 5577.49 -1 1
2176.36 -344.703 6996.3 7335.85 1 1
-3899.69 -2560.41 -2167.57 5145.17 -1 2
-4176.74 414.091 -1027.97 4322.56 1 2
event 16
-7113.77 -6362.1 -3666.05 10682.4
5644.8 4543.75 13425.8 15567.7
3769.09 3769.46 6821.75 8658.08 -1 2
-3411.12 -2052.56 -120.278 3984.26 -1 1
-3702.66 -4309.54 -3545.78 6698.17 1 1
1875.72 774.294 6604.05 6909.6 1 2
event 17
3411.05 6287.7 -8391.29 11453.2
10205.8 3788.36 4777.94 12285.4
3666.07 2397.83 3169.02 5407.72 1 2
-188.303 2551.77 -2209.28 3382.17 1 1
6539.77 1390.53 1608.93 6877.65 -1 2
3599.36 3735.93 -6182.01 8070.99 -1 1
event 18
-7400.17 2674.95 5309.51 9984.97
11000.8 2900.86 -4719.42 12700.2
3656.39 1405 -149.907 3921.33 -1 2
-2697.21 -149.902 2980.72 4024.08 1 1
7344.39 1495.87 -4569.51 8778.91 1 2
-4702.96 2824.86 2328.79 5960.88 -1 1
event 19
-5355.62 -2013.49 -17866.8 19014.5
11695.9 6692.22 42889 45062.6
-3861.49 104.481 -9540.22 10293.1 -1 1
-1494.14 -2117.97 -8326.57 8721.31 1 1
7821.22 2986.81 28606.5 29806.6 -1 2
3874.63 3705.4 14282.5 15256 1 2
event 20
12175.8 617.168 22467.7 25749.1
6806.28 -4469.05 -28425.7 29730.6
6677.71 -1085.86 13336.8 14955 1 1
5498.09 1703.02 9130.83 10794.1 -1 1
2776.61 -3431.98 -17209.6 17767 -1 2
4029.67 -1037.07 -11216.1 11963.6 1 2
event 21
5624.26 -2293.26 -28796.2 29592.3
-16819.2 5013.81 53030 55944.6
-2476.03 1844.77 10768 11202.5 -1 2
2004.52 209.219 -4991.96 5384.49 -1 1
-14343.2 3169.04 42262 44742.1 1 2
3619.74 -2502.48 -23804.2 24207.8 1 1
event 22
-6583.88 161.049 -11726.1 13801.1
-9911.87 -2182.33 -14827.7 18233.4
-4180.53 22.2777 -9993.4 10833.1 1 1
-2403.35 138.772 -1732.73 2967.98 -1 1
-4961.97 -1463.31 -10108.9 11356.2 1 2
-4949.9 -719.022 -4718.78 6877.25 -1 2
event 23
-1860.07 -11684.3 -25231.7 28039.4
2301.11 4410.63 19129.4 20006.9
-190.168 -7199.62 -17771.1 19175.3 1 1
-1669.9 -4484.65 -7460.62 8864.12 -1 1
246.657 3437 13536.4 13968.5 -1 2
2054.45 973.626 5593.02 6038.35 1 2
event 24
-4403.05 -5488.44 -39962.6 40695.3
-14097.5 4134.87 4543.29 15686.5
-4364.18 -3261.78 -29223.1 29726.8 1 1
-38.8708 -2226.66 -10739.5 10968.5 -1 1
-7406.34 3537.01 1655.21 8373.48 1 2
-6691.12 597.853 2888.08 7313.05 -1 2
event 25
2947.01 6527.71 5385.63 9689.6
14006.6 -2357.12 -27957.9 31511.5
2853.37 3470.77 1488.22 4734.33 1 1
93.6443 3056.94 3897.42 4955.27 -1 1
8184.48 -929.468 -12923.3 15325.5 1 2
5822.13 -1427.65 -15034.7 16186 -1 2
event 26
-2560.42 -3999.68 -6510.55 8633.15
-5361.45 8702.68 240.02 10683.2
-2652.57 -1498.14 -4424.78 5373.12 -1 1
92.1451 -2501.55 -2085.76 3260.03 1 1
-3222.12 5258.08 -1371.75 6318.4 1 2
-2139.34 3444.6 1611.77 4364.75 -1 2
event 27
690.004 8317.45 -28493.3 29851.6
-10512.3 12485 -43461.6 46528.3
-2883.2 2065.67 -12165.6 12672.5 -1 2
1434.15 1955.44 -6274.43 6727.56 1 1
-7629.08 10419.4 -31296 33855.8 1 2
-744.146 6362.01 -22218.9 23124 -1 1
event 28
-2928.69 9257.9 -20514.2 22906.5
-3217.05 3814.59 -3427.35 6799.85
-2586.52 5193.3 -9179.63 10859.9 1 1
-342.174 4064.59 -11334.5 12046.6 -1 1
-723.397 3121.5 -2435.33 4026.05 -1 2
-2493.65 693.082 -992.027 2773.8 1 2
event 29
-5396.09 632.154 -7362.19 9659.71
-6753.8 8889.16 42495.5 44046.4
-2629.67 1541.82 -2305.51 3823.47 -1 1
-2766.42 -909.669 -5056.68 5836.24 1 1
-2843.45 5970.37 21677.9 22664.3 1 2
-3910.35 2918.79 20817.6 21382.1 -1 2
event 30
5758.83 2180.67 -10521.2 12578.1
-7140.28 3938.32 3823.46 9523.82
2677.79 2163.6 -3502.89 4912.55 1 1
3081.04 17.0698 -7018.27 7665.53 -1 1
-2977.16 3225.6 2690.48 5149.55 1 2
-4163.11 712.718 1132.98 4374.28 -1 2
event 31
12096.7 655.353 2298.82 12713.6
-8670.91 1068.16 -14313.6 17052.7
-3936.71 2005.85 -7433.3 8647.9 -1 2
3066.05 -569.253 -542.525 3167.05 1 1
9030.66 1224.61 2841.35 9546.56 -1 1
-4734.2 -937.69 -6880.28 8404.84 1 2
event 32
15461.7 -7957.82 -49604.3 52655.2
-6047 3313.84 7210.89 10446.8
10003.2 -3461.44 -30321.1 32115.8 1 1
5458.56 -4496.38 -19283.3 20539.4 -1 1
-4498.41 1928.39 6711.34 8307.08 -1 2
-1548.59 1385.45 499.548 2139.69 1 2
event 33
-4490.19 -8118.46 -11670.8 15227.3
-9646.06 -11482.9 83742.8 85131.4
-3207.95 -3649.66 -4180.62 6410.91 1 1
-1282.25 -4468.81 -7490.2 8816.39 -1 1
-7180.44 -6411.01 55927.6 56750 1 2
-2465.62 -5071.89 27815.2 28381.3 -1 2
event 34
-10525.8 5435.09 -128.267 12245
8790.66 727.261 48354.1 49249.5
7006.54 -555.051 39868.4 40483.4 1 2
-5197.4 1184.34 701.607 5377.64 1 1
1784.12 1282.31 8485.67 8766.14 -1 2
-5328.36 4250.75 -829.874 6867.33 -1 1
event 35
-21058.3 11726 -19234.5 30992.1
-4707.61 -2003.62 -5743.95 8292.17
-3073.66 -601.002 -1378.71 3423.54 1 2
-4124.61 3161.72 -5493.37 7562.88 -1 1
-1633.94 -1402.62 -4365.24 4868.63 -1 2
-16933.7 8564.23 -13741.2 23429.2 1 1
event 36
-6855.55 -1341.77 4403.45 8819.32
1241.06 17688.4 -3949.83 18428.6
-4777.43 454.957 2128.58 5250.98 1 1
-2078.13 -1796.73 2274.87 3568.34 -1 1
985.653 12248.1 -4171.02 12976.8 1 2
255.409 5440.31 221.185 5451.82 -1 2
event 37
30611.8 -4867.83 -177333 180048
4398.33 -2976.9 -24521.4 25280.4
23355.4 -2737.76 -139218 141191 -1 1
7256.37 -2130.07 -38114.8 38857.9 1 1
2402.76 -3159.2 -13264.2 13845.8 -1 2
1995.56 182.305 -11257.2 11434.6 1 2
event 38
-8028.46 -910.369 32554.8 33685.3
2308.06 5352.86 31742.9 32422
-4685.01 -1213.19 24221.6 24700.6 1 1
-3343.45 302.825 8333.24 8984.68 -1 1
-534.819 2306.87 9448.17 9740.98 -1 2
2842.88 3045.98 22294.8 22681 1 2
event 39
2465.43 17487.8 -55241.8 58078.8
-5436.79 -6437.44 2668.11 9365.29
-1674.94 -3809.25 2311.36 4761.23 -1 2
419.631 3981.72 -17153.9 17615.3 1 1
2045.8 13506.1 -38087.9 40463.5 -1 1
-3761.85 -2628.19 356.754 4604.05 1 2
event 40
17203.4 5107.35 6787.42 19434.6
3095.76 2655.87 12535.2 13541.1
2969.14 633.54 8455.33 8984.49 1 2
3437.53 2365.13 1525.15 4443.84 1 1
126.622 2022.33 4079.89 4556.59 -1 2
13765.9 2742.23 5262.27 14990.7 -1 1
event 41
-7236.6 2936.59 23975.8 25405.2
2826.26 -7483.79 -42873.2 43723
3361.46 -5169.3 -29139 29784.4 1 2
-2948 2721.14 9708.57 10505.4 -1 1
-535.196 -2314.48 -13734.2 13938.5 -1 2
-4288.6 215.448 14267.3 14899.8 1 1
event 42
-6686.06 947.036 7361.19 10458.4
-10137.6 -1838.07 43271.2 44588.5
-3044.05 -1131.34 8632.51 9223.75 1 2
-1694.91 1437.7 3415.23 4076.11 -1 1
-7093.58 -706.728 34638.6 35364.7 -1 2
-4991.15 -490.669 3945.96 6382.32 1 1
event 43
8089.28 4581.63 832.243 9834.2
-10462 2618.4 -21249.8 24030.2
-8593.7 1147.56 -18215.1 20173.5 1 2
1941.59 2752.22 537.803 3412.46 -1 1
-1868.26 1470.83 -3034.69 3856.72 -1 2
6147.69 1829.41 294.44 6421.73 1 1
event 44
6710.57 1058.49 -1239.37 7568.31
-981.791 7953.13 -1539.91 8727.85
-1792.73 2828.17 -1069.71 3516.8 -1 2
2127.92 286.428 -1905.16 2872.43 -1 1
810.937 5124.96 -470.198 5211.05 1 2
4582.65 772.059 665.788 4695.87 1 1
event 45
2512.27 -7650.52 -11488.5 14367.3
6258.96 2759.78 -276.431 7513.89
2924.19 -4074.64 -6346 8089.28 1 1
-411.92 -3575.88 -5142.51 6277.99 -1 1
2569.19 -266.59 616.823 2657.71 -1 2
3689.77 3026.37 -893.255 4856.18 1 2
event 46
-5941.92 7979.31 38020.5 39422.4
5806.13 2204.92 1950.63 7208.93
-3528.58 3901.64 25446.9 25985.2 -1 1
-2413.34 4077.67 12573.7 13437.2 1 1
3192.49 2077.7 -206.42 3816.1 -1 2
2613.64 127.221 2157.05 3392.83 1 2
event 47
8395.93 2820.73 39474.4 40574.3
-2499.05 7940.13 -16934.4 19122.1
4829.18 126.036 17856.9 18499.1 -1 1
3566.75 2694.7 21617.6 22075.2 1 1
-1898.25 5533.23 -14538.8 15671.8 -1 2
-600.805 2406.9 -2395.68 3450.31 1 2
event 48
4306.45 -23111.8 26570.8 35613.1
-6258.59 7488.66 39474.9 40781.2
-5531.36 4500.03 26093.9 27050.9 1 2
1101 -9311.89 8550.52 12690.4 1 1
-727.236 2988.63 13381 13730.3 -1 2
3205.45 -13799.9 18020.2 22922.7 -1 1
event 49
983.233 -7460.53 7632.86 11156.9
-6669.39 -473.911 13623.7 15617.2
438.014 -4440.62 2344.3 5041.62 -1 1
545.219 -3019.91 5288.56 6115.32 1 1
-4300.55 -2018.14 7621.03 8981.03 -1 2
-2368.84 1544.23 6002.67 6636.2 1 2
event 50
1876.56 5958.36 20865.1 21999.3
-8042.13 -2206.07 14499.4 17127.7
-4237.13 181.712 9509.04 10412.5 1 2
-701.934 2430.36 9201.07 9543.07 -1 1
-3805 -2387.78 4990.32 6715.21 -1 2
2578.49 3528 11664 12456.2 1 1
event 51
-12529.3 2831.13 -54611.6 56187.3
-6224.2 2149.74 -2308.28 7634.24
-4175.29 -127.456 -1690.1 4507.43 -1 2
-3229.47 621.077 -8946.14 9532.04 1 1
-9299.8 2210.05 -45665.5 46655.3 -1 1
-2048.91 2277.19 -618.186 3126.81 1 2
event 52
4032 6478.3 -3519.11 8955.48
249.235 9351.28 2038 10062.4
3677.69 3032.29 -1951.76 5151.77 1 1
354.312 3446.01 -1567.34 3803.71 -1 1
-917.897 6255.85 2330.98 6739.65 -1 2
1167.13 3095.42 -292.978 3322.78 1 2
event 53
5013.31 8961.47 -53568.4 54631.5
6992.69 -7113.03 12652.7 16406.5
2313.37 -2431.28 2135.46 3979.21 1 2
950.186 2124.77 -6712.26 7105.15 1 1
4063.12 6836.7 -46856.1 47526.4 -1 1
4679.32 -4681.75 10517.2 12427.3 -1 2
event 54
8749.36 2526.83 -16782.8 19344
793.297 -8743.75 15769.8 18312.8
1538.58 -6859.06 13784.7 15473.9 1 2
3665.77 2005.25 -10098.8 10929.6 -1 1
-745.284 -1884.7 1985.1 2838.9 -1 2
5083.59 521.576 -6684.01 8414.4 1 1
event 55
-6060.75 -13735.4 -38207.3 41167.8
-10352.3 3689.04 -30001.7 32163.2
-4978.05 -9538.03 -23735.7 26060.5 1 1
-1082.7 -4197.38 -14471.7 15107.3 -1 1
-2467.43 -131.674 -3789.34 4525.02 -1 2
-7884.9 3820.72 -26212.4 27638.2 1 2
event 56
-5393.75 5325.85 -16803.5 18692.4
4290.94 11536.7 23913.5 27073.1
-4189.27 2057.15 -10462.7 11456.9 1 1
-1204.48 3268.71 -6340.78 7235.46 -1 1
1048.69 6660.4 14412.3 15911.8 1 2
3242.25 4876.27 9501.13 11161.2 -1 2
event 57
5201.26 -10356.4 1565.02 12097.5
2677.19 -8304.02 -1593.86 9394.45
4289.21 -5160.17 1097.93 6800.09 1 1
912.051 -5196.25 467.095 5297.37 -1 1
1069.91 -4361.12 717.264 4548.6 -1 2
1607.28 -3942.9 -2311.13 4845.85 1 2
event 58
13067.5 -4137.96 -12295 18671.9
4801.97 2368.72 2457.3 6655.75
2770.45 2970.65 1660.64 4389.65 1 2
4349.87 -519.985 -2397.97 4995.31 1 1
2031.52 -601.93 796.655 2266.1 -1 2
8717.61 -3617.97 -9897.06 13676.6 -1 1
event 59
-3333.35 -9336.46 -52516.1 53533.2
-841.391 8779.13 39162.1 40262.1
113.806 3017.68 7881.48 8440.87 -1 2
-1677.34 -2167.04 -9330.19 9724.87 1 1
-1656.01 -7169.42 -43185.9 43808.4 -1 1
-955.197 5761.44 31280.6 31821.3 1 2
event 60
-1102.84 -15762.9 24083.9 28970.9
5817.08 -1150.54 -24977.4 25857.7
-1558.88 -8564.71 15312 17614 -1 1
456.044 -7198.18 8771.92 11356.9 1 1
3320.28 -1619.23 -9896.4 10563.9 -1 2
2496.8 468.697 -15081 15293.8 1 2
event 61
-12194.6 5627.49 -34251.7 36920.8
-14636.5 3680.79 4637.09 16089.4
-11367.1 3460 4779.62 12807.8 1 2
-5552.38 1010.55 -12576.8 13785.4 -1 1
-3269.4 220.788 -142.526 3281.64 -1 2
-6642.21 4616.94 -21674.9 23135.4 1 1
event 62
-7418.49 -688.799 -29257.4 30349.5
-4567.11 -5475.57 -2870.25 8286.54
-2163.99 -2226.97 -2891.43 4244.26 1 2
-1731.59 -1380.8 -5994.95 6391.83 1 1
-5686.9 691.999 -23262.4 23957.7 -1 1
-2403.12 -3248.61 21.1717 4042.28 -1 2
event 63
-9863.57 120.542 60653.6 61528.5
5671.71 -4316.66 -1546.69 7923.71
-6434.69 -1400.92 38660.4 39217.5 -1 1
-3428.88 1521.46 21993.2 22311.1 1 1
2607.34 -174.043 -433.648 2650.99 -1 2
3064.37 -4142.61 -1113.04 5272.72 1 2
event 64
6728.68 6734.63 3915.63 10749.6
5518.86 -1479.25 -12354.3 13959.4
3669.24 -2392.99 -7542.95 8723.36 -1 2
1746.76 3263.99 380.526 3723.01 -1 1
4981.92 3470.64 3535.1 7026.59 1 1
1849.62 913.74 -4811.34 5236.04 1 2
event 65
3668.68 5413.56 -9854.86 12226
9007.73 -7655.52 14240.5 18765.1
1494.62 3309.52 -7687.93 8503.07 1 1
2174.06 2104.04 -2166.93 3722.94 -1 1
6456.95 -3738.05 7670.81 10701.3 1 2
2550.78 -3917.47 6569.74 8063.85 -1 2
event 66
-11770.7 1312.93 23903.6 26856
-2522.26 -3881.97 212.636 5573.45
-7716.64 437.913 12238.9 14475.5 1 1
-4054.04 875.016 11664.7 12380.5 -1 1
-380.983 -3310.89 -81.4627 3335.4 -1 2
-2141.28 -571.087 294.098 2238.05 1 2
event 67
-8739.84 2630.66 8877.68 13103.8
3921.73 -2204.65 21981.7 22650.1
1782.89 -2680.2 14502.9 14856.2 1 2
-4181.64 -336.611 3992.46 5792.27 1 1
2138.83 475.553 7478.82 7793.88 -1 2
-4558.2 2967.28 4885.21 7311.53 -1 1
event 68
-6007.56 2460.15 13279.9 15234.3
11947.3 -2634.48 6561.96 14224.2
3457.52 -357.708 3451.73 4899.8 1 2
-3173.1 -622.804 5009.22 5963.21 1 1
8489.76 -2276.77 3110.24 9324.4 -1 2
-2834.46 3082.95 8270.63 9271.1 -1 1
event 69
3578.27 -3201.02 17817.4 18711.1
7963.71 -4700.86 -40949.2 42094.5
3043.76 -679.687 10387.9 10846.5 -1 1
534.506 -2521.33 7429.53 7864.6 1 1
3535.03 -3566.44 -25159.7 25656.1 -1 2
4428.68 -1134.43 -15789.5 16438.3 1 2
event 70
-3795.44 5724.63 -2340.04 7889.45
9926.28 -2950.5 37783.9 39299.4
3331.66 -2442.63 16609.1 17115.5 -1 2
-1850.59 1151.9 -1910.84 2900.7 1 1
6594.62 -507.87 21174.7 22183.9 1 2
-1944.84 4572.73 -429.203 4988.75 -1 1
event 71
-5278.24 -970.843 12728.2 14156.3
-6334.67 7172.71 -16737.5 19527.3
-3216 966.637 6626.5 7429.59 1 1
-2062.24 -1937.48 6101.69 6726.7 -1 1
-4590.31 2870.91 -8990.48 10495.4 1 2
-1744.36 4301.8 -7746.99 9031.9 -1 2
event 72
-4458.98 3479.12 -4068.51 7624.18
7715.75 -8559.18 -6019.1 13364.6
-1800.97 3036.62 -1311.8 3767.83 -1 1
-2658.01 442.499 -2756.71 3856.35 1 1
4468.27 -6016.52 -2381.69 7864.32 1 2
3247.47 -2542.66 -3637.41 5500.28 -1 2
event 73
5127.23 -6215.22 -21443.6 23115.7
17701.4 2215.14 74761.9 76923.2
3856.64 -3953.44 -17829.7 18665.8 1 1
1270.59 -2261.78 -3613.86 4449.85 -1 1
11477 1864.78 42368.3 43935 -1 2
6224.38 350.361 32393.6 32988.2 1 2
event 74
5382.77 -6201.06 -4128.05 9698.4
21909.2 6177.55 16677.3 28388.3
3850.69 -4409.87 -4398.65 7323.53 1 1
1532.08 -1791.19 270.595 2374.87 -1 1
13975.9 4759.86 9213.28 17403.4 -1 2
7933.27 1417.69 7463.98 10984.9 1 2
event 75
-7254.78 4463.13 -10543 13903.2
7837.79 1571.06 492.188 8586.73
6388.49 -57.0093 416.256 6403.16 1 2
-2025.45 3018.94 -4190.46 5548.65 -1 1
1449.3 1628.06 75.9329 2183.57 -1 2
-5229.34 1444.18 -6352.56 8354.51 1 1
event 76
4519.17 -10986.6 13977.3 18603.4
2072.23 5243.22 8796.35 10897.3
1483.24 -7495.89 8390.75 11349.2 1 1
3035.93 -3490.76 5586.54 7254.16 -1 1
2059.37 3226.44 7699.58 8599.16 -1 2
12.8585 2016.77 1096.77 2298.18 1 2
event 77
2689.08 -4943.8 -5649.16 8554.32
-7568.22 6869.97 16140.7 19354.3
1181.26 -3124.84 -1266.46 3574.23 -1 1
1507.82 -1818.96 -4382.7 4980.09 1 1
-4107.01 3719.04 5901.96 8095.87 -1 2
-3461.2 3150.93 10238.8 11258.4 1 2
event 78
5512.59 -1354.67 21305.5 22265.2
-6600.24 7354.86 -41985 43243.4
3692.83 500.62 14717.9 15182.7 1 1
1819.75 -1855.29 6587.61 7082.47 -1 1
-5048.24 3514.46 -27330.8 28014.6 -1 2
-1552.01 3840.4 -14654.2 15228.8 1 2
event 79
-1608.98 -12209.5 -58460.8 59824
-454.574 5097.87 -14815.1 15977.3
-225.058 -7141.63 -27112.3 28038.2 -1 1
-1383.92 -5067.86 -31348.5 31785.8 1 1
-1744.55 3277.38 -8404.62 9188.77 -1 2
1289.98 1820.49 -6410.51 6788.53 1 2
event 80
-7134.93 3761.5 -11378.6 14287
-4833.75 2691.09 -12718.1 14210.9
-4076.84 800.237 -7010.31 8149.63 -1 2
-3296.85 154.625 -3523.36 4828.91 1 1
-3838.07 3606.88 -7855.24 9458.13 -1 1
-756.911 1890.85 -5707.83 6061.25 1 2
event 81
2597.36 -9430.37 16927.3 19794
6413 4419.4 17640 19530
3486.25 2023.3 5539.89 6851.95 1 2
-74.8385 -4508.66 5910.29 7434.81 1 1
2926.74 2396.1 12100.1 12678 -1 2
2672.2 -4921.71 11017 12359.2 -1 1
event 82
-648.458 6561.17 4724.55 8682.28
-12108.6 2440.42 2342.21 12948
-1390.19 4272.72 1674.45 4796.22 -1 1
741.735 2288.45 3050.1 3886.06 1 1
-7298.57 -47.7349 999.826 7367.65 -1 2
-4810 2488.15 1342.38 5580.33 1 2
event 83
5011.98 -2678.67 -2849.97 7071.68
-2579.32 -8458.49 -755.639 9400.03
2926.26 -3120.38 -2339.48 4876.9 1 1
2085.72 441.707 -510.487 2194.79 -1 1
-2566.24 -4169.39 518.622 4924.39 1 2
-13.0844 -4289.09 -1274.26 4475.65 -1 2
event 84
-4703.72 -6112.35 -8600.29 11960
-7289.07 -8587.81 10418.5 15653
-6530.24 -5914.26 8707.58 12387.7 1 2
-2676.5 -2392.88 -1984.38 4103.47 1 1
-758.831 -2673.55 1710.96 3265.31 -1 2
-2027.22 -3719.47 -6615.91 7856.56 -1 1
event 85
-5347.07 2214.52 -10596.7 12465
-2469.6 12754.1 -15453.7 20424.8
-2297.21 2450.02 -6827.66 7609.72 1 1
-3049.86 -235.502 -3769.02 4855.28 -1 1
96.2019 7122.3 -9069.63 11532.8 1 2
-2565.8 5631.83 -6384.02 8892.01 -1 2
event 86
-4453.74 -7226.39 9089.09 12816.4
-73.7669 7807.56 -4184.11 9384.08
1047.59 3339.26 -3038.07 4635.64 -1 2
-2254.85 -1245.05 1860.38 3179.1 -1 1
-2198.89 -5981.33 7228.71 9637.27 1 1
-1121.36 4468.3 -1146.04 4748.45 1 2
event 87
3195.58 -4112.96 -11452.2 12956.5
-6198.41 -6435.48 34106.2 35393
622.053 -2975.81 -4274.91 5246.75 -1 1
2573.53 -1137.15 -7177.25 7709.75 1 1
-3564.8 -3008.24 23130.4 23596.3 -1 2
-2633.6 -3427.24 10975.8 11796.7 1 2
event 88
-6.65211 6436.09 -12651 14527.9
-8696.08 -3538.02 -30209.6 31786
-229.933 3433.81 -3568.11 4958.48 1 1
223.281 3002.28 -9082.87 9569.39 -1 1
-5219.42 -471.505 -15426.5 16292.7 1 2
-3476.65 -3066.52 -14783.1 15493.3 -1 2
event 89
13777.9 6490.74 37625.4 40709
-4049.35 6812.44 -8016.69 11690.4
8225.61 5397.92 22401.5 24467 1 1
5552.34 1092.82 15224 16242 -1 1
-3579.91 3199.31 -3855.69 6158.64 -1 2
-469.441 3613.13 -4161.01 5531.75 1 2
event 90
-5938.72 -11702.2 -33366.9 35988.2
-3428.43 6541.52 3829.54 8876.84
-1097.59 4762.2 3293 5893.91 -1 2
-3194.91 -3570.68 -14214.7 15000.8 1 1
-2743.81 -8131.56 -19152.2 20987.4 -1 1
-2330.84 1779.32 536.545 2982.93 1 2
event 91
-3333.61 9293.21 -1208.84 10417.7
-6726.64 -500.63 -5564.44 9276.43
-1620.58 5597.71 785.545 5881.23 1 1
-1713.03 3695.5 -1994.38 4536.51 -1 1
-3478.84 -1325.08 -4312.11 5697.68 -1 2
-3247.8 824.445 -1252.34 3578.75 1 2
event 92
5843.74 -3153.16 4789.67 8753.49
7556.09 -11727.3 23838.1 27793.3
2945.26 -3217.47 3427.59 5548.53 1 1
2898.48 64.3067 1362.08 3204.96 -1 1
3797.79 -6417.6 15641.6 17328.6 -1 2
3758.29 -5309.67 8196.53 10464.8 1 2
event 93
12717.2 2991.02 -23407.8 26985
-5937.51 -7057.24 -4663.23 10788.7
-4479.16 -3794.07 -4118.72 7171.67 -1 2
5299.93 1498 -6928.35 8851.36 1 1
7417.23 1493.03 -16479.4 18133.6 -1 1
-1458.35 -3263.16 -544.508 3617 1 2
event 94
-1484.09 5694.9 3138.51 7353.65
-2020.2 8923.38 29785.3 31312.4
-2289.82 3067.39 2348.72 4492.19 1 1
805.723 2627.51 789.784 2861.45 -1 1
289.338 5153.45 17955 18682.5 -1 2
-2309.54 3769.93 11830.3 12629.9 1 2
event 95
2779.9 -13214.9 -2719.85 14119.1
-5338.19 8203.79 2419.12 10547
-2596.78 1567.27 1197.35 3262.58 1 2
1269.58 -1721.73 238.784 2155.08 -1 1
1510.32 -11493.1 -2958.64 11964 1 1
-2741.4 6636.52 1221.77 7284.41 -1 2
event 96
-4458.63 445.244 -3292.61 6364.7
-8543.33 -3620.15 11411.5 15030.2
-3064.54 -1002.58 -1149.75 3424.86 1 1
-1394.08 1447.82 -2142.86 2939.84 -1 1
-5287.84 -570.3 6246.89 8204.96 -1 2
-3255.48 -3049.85 5164.61 6825.26 1 2
event 97
14549.2 -6144.35 -12065.8 20114.7
-5650.23 -2454.12 7251.58 10006.2
-3317.64 -2524.27 2939.47 5102 1 2
4417.31 -3009.49 -5336.98 7554.08 -1 1
-2332.59 70.1473 4312.11 4904.21 -1 2
10131.8 -3134.86 -6728.82 12560.6 1 1
event 98
5528.79 -6201 -15552.8 17902.5
8981.94 -8444.06 -35245.7 37467.7
4129.51 -2876.54 -10968.4 12068.3 1 1
1399.28 -3324.46 -4584.35 5834.16 -1 1
6283.52 -3860.14 -19556.2 20900.7 1 2
2698.42 -4583.91 -15689.5 16567 -1 2
event 99
3106.82 -11883.5 -42273 44130.1
-7329.78 12513.1 34251.1 37323.3
-3805.29 4543.75 11048.9 12538.5 -1 2
-416.534 -4082.92 -13355.7 13972.5 -1 1
-3524.49 7969.32 23202.2 24784.8 1 2
3523.35 -7800.53 -28917.3 30157.6 1 1
event 100
-135.039 14173.8 63711.8 65342.9
5091.65 1322.59 -8586.31 10535.2
3065.05 1698.95 -7313.07 8110.06 1 2
1313.86 5752.61 29030.8 29624.6 -1 1
2026.6 -376.359 -1273.24 2425.09 -1 2
-1448.9 8421.23 34681 35718.3 1 1
event 101
7565.13 -6460.49 -14132.4 17558.1
10670.3 -10806.5 -1927.41 15618.7
2776.6 -4616.97 75.3323 5389.13 1 2
2636.51 -3798.76 -8083.8 9313.48 1 1
7893.74 -6189.55 -2002.74 10229.6 -1 2
4928.61 -2661.73 -6048.63 8244.58 -1 1
event 102
2537.76 -8636.43 4512.22 10534.7
-5105.83 1851.71 -13360.6 14751.1
-2809.97 2272.99 -10190.4 10812.8 1 2
1184 -4060.03 3841.16 5714.14 -1 1
-2295.85 -421.287 -3170.25 3938.29 -1 2
1353.76 -4576.4 671.061 4820.54 1 1
event 103
3483.57 -4968.14 -299.38 6818.96
5196.84 8984.81 -20292.5 23002.4
3458.76 -2781.66 543.891 4472.99 -1 1
24.8071 -2186.47 -843.271 2345.97 1 1
4127.81 4562.14 -9891.94 11649.6 1 2
1069.04 4422.67 -10400.5 11352.7 -1 2
event 104
-5917.35 692.744 -22035.7 23036
13077 1239.16 42766.7 44845.6
-3251.23 -934.264 -14252.8 14649.1 -1 1
-2666.12 1627.01 -7782.88 8386.88 1 1
7415.91 1486.02 19958.5 21343.8 1 2
5661.12 -246.866 22808.2 23501.8 -1 2
event 105
2324.77 -8350.59 10614.2 14049.5
6264.45 -3057.02 -4403.2 8807.3
3890.24 -1942.47 -919.968 4445.75 -1 2
-326.608 -3801.68 3359.86 5085.2 1 1
2651.38 -4548.91 7254.31 8964.3 -1 1
2374.21 -1114.55 -3483.23 4361.55 1 2
event 106
5798.57 -11710.7 -35078.6 37561.5
-13515.1 2779.6 20653.4 25110.4
-6204.37 2632.89 7687 10223.9 -1 2
3335.52 -3413.72 -12372.8 13261.9 -1 1
2463.05 -8296.99 -22705.8 24299.6 1 1
-7310.71 146.715 12966.4 14886.5 1 2
event 107
6196.96 2654.51 -493.278 7435.29
1181.48 7127.75 -1183.75 7949.41
1703.32 3008.45 446.243 3487.46 -1 2
2210.86 2267.83 -1158.85 3374.18 1 1
-521.842 4119.3 -1629.99 4461.95 1 2
3986.1 386.682 665.572 4061.11 -1 1
event 108
2229.78 -4423.53 -16939.9 18030.1
11146.9 5620.17 30674.9 33262.3
58.462 -3671.08 -8065.94 8862.88 1 1
2171.32 -752.45 -8873.92 9167.25 -1 1
7247.26 2449.61 15675.6 17443 1 2
3899.68 3170.56 14999.3 15819.3 -1 2
event 109
-7706.89 3745.76 -10588 14110.9
2324.62 5067.56 25249.1 26042.1
2644.88 2340.06 11916.7 12429.4 1 2
-3233.68 2915.38 -3090.16 5340.08 -1 1
-320.254 2727.51 13332.4 13612.7 -1 2
-4473.21 830.374 -7497.81 8770.83 1 1
event 110
5567.99 2585.45 -11403.2 13315.8
2610.55 -7255.3 2774.39 8760.27
-237.408 -3876.99 1430.48 4140.63 1 2
2247.78 25.3316 -1964.24 2987.07 -1 1
2847.96 -3378.31 1343.91 4619.64 -1 2
3320.21 2560.12 -9438.94 10328.7 1 1
event 111
-7195.64 4624.33 -24882.2 26493
-8215.31 -2381.75 -43796.5 44731.3
-4326.32 308.361 -19192.4 19676.7 1 2
-2780.84 253.312 -6097.89 6707.66 -1 1
-4414.8 4371.01 -18784.3 19785.3 1 1
-3888.99 -2690.11 -24604.1 25054.6 -1 2
event 112
-6796.11 -747.214 -3024.06 8092.05
-1529.08 -6553.43 31005 31877.7
-2377.27 -4320.66 18507.2 19153.3 1 2
-2627.3 -1513.2 -291.162 3047.69 1 1
848.193 -2232.77 12497.7 12724.4 -1 2
-4168.8 765.982 -2732.9 5044.36 -1 1
event 113
6748.55 6862.38 5818.98 11665.6
-3978.39 4448.63 3711.1 7679.91
-1797.45 3627.39 3473.02 5334.97 -1 2
2079.89 2494.09 381.096 3271.52 1 1
4668.66 4368.29 5437.88 8394.05 -1 1
-2180.94 821.239 238.073 2344.94 1 2
event 114
6919.13 -9115.84 14586 18796.7
-1081.41 -10703.6 10938.3 15651.6
4863.47 -4132.17 6804.14 9329.28 -1 1
2055.66 -4983.67 7781.9 9467.41 1 1
287.791 -4971.68 3185.09 5912.39 -1 2
-1369.2 -5731.88 7753.2 9739.22 1 2
event 115
8476.01 8475.59 7504.39 14477
431.829 -5899.01 -643.973 6707.45
-1254.84 -3151.35 107.324 3395.34 1 2
3709.25 2234.52 3927.15 5846.82 -1 1
1686.67 -2747.66 -751.297 3312.11 -1 2
4766.76 6241.07 3577.24 8630.23 1 1
event 116
-2943.05 -3453.49 -12118 13305.1
6425.61 8736.92 33067 34937.7
-2815.89 -1293.69 -5183.03 6039.68 -1 1
-127.159 -2159.8 -6935 7265.41 1 1
3762.63 4644.38 13395.3 14668.8 -1 2
2662.98 4092.54 19671.7 20268.9 1 2
event 117
-22108.4 898.605 -7461.24 23555.2
12743.7 7004.81 17371.6 22865.5
6685.29 5371.28 10552.4 13598.1 -1 2
-7641.9 -621.889 -3785.64 8551.47 -1 1
-14466.5 1520.49 -3675.6 15003.7 1 1
6058.44 1633.53 6819.19 9267.45 1 2
event 118
4414.95 -2833.15 4317.61 7466.69
-5475.19 7950.71 21382.5 23664.2
2199.54 -2417.87 936.557 3401.82 -1 1
2215.41 -415.287 3381.06 4064.87 1 1
-2767.9 4772.33 15475.9 16430.2 -1 2
-2707.29 3178.38 5906.57 7233.96 1 2
event 119
14026.4 -11696.2 8534.65 20493.2
-4821.91 2447.66 -10934.6 12585.7
10951.4 -8424.32 8010.72 15971.4 -1 1
3075 -3271.91 523.926 4521.8 1 1
-3825.53 282.69 -7060.66 8036.09 -1 2
-996.375 2164.97 -3873.95 4549.56 1 2
event 120
-11602.9 7582.79 -6289.73 15533.1
-4773.7 3626.91 4196.86 7946.57
-1709.22 3196.65 2604.2 4464.64 1 2
-5075.65 3663.94 -1200.58 6374.89 -1 1
-3064.48 430.259 1592.66 3481.93 -1 2
-6527.25 3918.85 -5089.16 9158.22 1 1
event 121
4461.55 5463.88 -9534.72 12258.1
2410.9 6534.75 -25600.8 26711.6
2081.92 2206.46 -13987.6 14313.2 1 2
2165.63 2010.93 -6428.43 7075.99 1 1
328.974 4328.29 -11613.2 12398.4 -1 2
2295.91 3452.95 -3106.29 5182.11 -1 1
event 122
1577.68 -8500.1 -5069.81 10489.7
3854.88 4029 191.968 6381.26
2402.93 -4595.24 -2709.93 5851.94 1 1
-825.249 -3904.86 -2359.88 4637.8 -1 1
2248.04 343.785 554.77 2343.25 -1 2
1606.83 3685.22 -362.802 4038.01 1 2
event 123
1108.78 9506.19 14310.4 17492.1
-3039.48 4664.87 -8661.73 10752.3
-884.182 3981.39 -5081.8 6516.84 -1 2
-238.845 3107.22 7116.58 7769.73 1 1
1347.63 6398.97 7193.83 9722.41 -1 1
-2155.3 683.476 -3579.93 4235.5 1 2
event 124
5971.32 -9187.57 -8733.71 14350.4
-181.54 -5417.11 4790.48 7868.83
1095.47 -3583.21 4035.15 5507.54 1 2
1861.33 -3939.28 -1753.09 4697.55 1 1
-1277.02 -1833.91 755.332 2361.29 -1 2
4109.99 -5248.28 -6980.63 9652.81 -1 1
event 125
-7306.62 13189.3 -21544.9 26478.6
-2800.57 5689.46 11659.9 13629.3
-2923.91 2593.94 7277.46 8261.38 1 2
-1699.75 5292.44 -9674.41 11158.2 1 1
123.334 3095.51 4382.45 5367.91 -1 2
-5606.87 7896.82 -11870.5 15320.5 -1 1
event 126
6254.61 -6322.18 -36371.1 37570.4
15480 182.89 27687.1 31872
3997.04 -60.0766 10139.4 10899.4 -1 2
2321.92 -510.07 -10284.8 10556.5 -1 1
11482.9 242.966 17547.7 20972.6 1 2
3932.68 -5812.11 -26086.3 27013.9 1 1
event 127
4026.49 -5129.56 5611 9143.24
-20532.3 25981.9 122899 127320
-2300.43 3930.35 20392.8 20895.4 1 2
22.6864 -2320.92 1668.61 2860.53 -1 1
-18231.9 22051.6 102506 106424 -1 2
4003.8 -2808.64 3942.39 6282.71 1 1
event 128
-6466.43 -9635.62 10556.8 15990.5
-4860.92 5802.53 7885.11 11360.6
-2811.19 -5727.94 4019.12 7541.66 -1 1
-3655.24 -3907.68 6537.71 8448.88 1 1
-3159.06 2514.91 5923.72 7169.8 -1 2
-1701.85 3287.63 1961.38 4190.82 1 2
event 129
3291.2 -7781.84 23121.8 24811.3
7096.01 -6019.3 -32030.1 33497.8
4245.1 -2149.44 -19619 20188 1 2
1701.98 -1671.69 3840.95 4522.76 1 1
1589.22 -6110.15 19280.9 20288.5 -1 1
2850.92 -3869.86 -12411.2 13309.8 -1 2
event 130
-6153.17 -10242.9 -54386.4 55769.6
-4500.6 6225.44 10609.9 13460.1
-3248.12 2224.89 6423.14 7534.47 -1 2
-1070.79 -2294.78 -6800.99 7257.91 -1 1
-5082.38 -7948.08 -47585.4 48511.7 1 1
-1252.48 4000.55 4186.74 5925.63 1 2
event 131
-5955.48 -7853.73 33775 35319.9
9128.06 -4688.92 44600.3 45870.3
3065.81 -2391.65 22681.9 23013 1 2
-2318.03 -2043.56 15405.2 15712.4 1 1
-3637.45 -5810.17 18369.8 19607.4 -1 1
6062.25 -2297.27 21918.4 22857.3 -1 2
event 132
-6021.51 5243.54 3762.95 9354.36
4867.04 4645.37 7409.94 10476.9
2759.89 4500.67 5023.98 7288.66 1 2
-3009.73 1904.95 3258.3 4828.56 1 1
2107.15 144.702 2385.96 3188.26 -1 2
-3011.78 3338.59 504.655 4525.8 -1 1
event 133
-6078.58 -5412.7 -11240.5 14359.1
-8076.96 6252.88 -6033.34 12260.8
-2832.44 4074 -2352.33 5492.25 -1 2
-1490.72 -3104.5 -6559.56 7409.4 1 1
-5244.51 2178.88 -3681.01 6768.56 1 2
-4587.86 -2308.2 -4680.93 6949.71 -1 1
event 134
-4442.67 -6441.39 31525.2 32629.1
-840.976 8031.46 6052.72 10556.4
-1844.42 3050.98 2446.15 4324.95 -1 2
-606.492 -3078.66 15365.9 15683.4 -1 1
-3836.17 -3362.74 16159.3 16945.8 1 1
1003.44 4980.47 3606.57 6231.41 1 2
event 135
7370.61 -1394.46 -21761.8 23225.8
4870.92 5485.28 -13798.4 15931.2
3507.04 2753.97 -10640.4 11537.5 1 2
3105.84 -527.313 -13760.2 14116.6 1 1
1363.88 2731.31 -3157.99 4393.67 -1 2
4264.77 -867.147 -8001.54 9109.11 -1 1
event 136
3069.35 -7497.56 10262.5 13436.7
-4274.9 4192.35 -12236.6 13970.5
-1866.24 3776.34 -6662.16 7882.84 -1 2
2642.45 -2473.65 4592.44 5848.35 1 1
426.895 -5023.91 5670.05 7588.32 -1 1
-2408.66 416.009 -5574.42 6087.69 1 2
event 137
-8824.17 4522.5 -779.999 10417.2
-1232.89 8211.24 14196.2 16735.2
-1237.97 4744.45 10890.2 11943.6 -1 2
-3267.77 2702.51 892.928 4334.79 -1 1
-5556.4 1819.99 -1672.93 6082.41 1 1
5.08057 3466.8 3306.04 4791.64 1 2
event 138
-12327.2 -694.72 25540.5 28536.8
5885.29 7076.36 -13782.8 16860.3
-8122.33 -1749.17 15178.5 17304 1 1
-4204.89 1054.45 10362 11232.7 -1 1
2811.38 1191.9 -3906.14 4959.19 -1 2
3073.91 5884.46 -9876.67 11901.1 1 2
event 139
-5870.63 -6536.59 34884.7 36162.4
7321.86 -917.543 -25186 26426.9
4535.28 -934.891 -20097.3 20624.1 -1 2
-891.997 -3525.49 15613.4 16031.7 1 1
-4978.63 -3011.11 19271.3 20130.7 -1 1
2786.58 17.3476 -5088.79 5802.78 1 2
event 140
-1754.39 8668.24 -26739.3 28333.6
5258.79 3764.93 27285.9 28212.4
3263.87 3970.4 18597.3 19294.8 -1 2
556.933 3187.58 -6903.38 7624.87 -1 1
-2311.33 5480.66 -19835.9 20708.8 1 1
1994.92 -205.475 8688.58 8917.65 1 2
event 141
3153.89 -13109.4 21905.5 25908.4
-4583.93 4276.29 -1659.57 7459.05
863.288 -7582.34 9959.52 12547.5 -1 1
2290.6 -5527.09 11946 13360.9 1 1
-2417.34 4451.43 -1465.25 5274.17 -1 2
-2166.59 -175.141 -194.317 2184.88 1 2
event 142
12912 10826.5 7850 18845.3
8383.33 -626.107 6414.32 11018.5
6101.96 -1483.44 5687.49 8473.08 1 2
6494.13 4337.04 2213.19 8117.45 1 1
2281.38 857.33 726.831 2545.41 -1 2
6417.83 6489.43 5636.81 10727.8 -1 1
event 143
-6171.25 1409.56 -31089.6 31940.9
-6715.91 -8506.55 -14545.7 18401.9
-1417.33 -3854.79 -6640.24 7808.47 1 2
-2430.24 -1230.7 -12721.6 13010.5 1 1
-5298.58 -4651.75 -7905.49 10593.5 -1 2
-3741.01 2640.26 -18368 18930.4 -1 1
event 144
-2255.75 -6604.97 -2439.96 8016.13
-8136.77 902.69 450.507 8764.44
-3039.85 947.203 -1202.19 3405.04 1 2
-1681.66 -1951.72 -2079.64 3312.59 1 1
-5096.92 -44.5132 1652.7 5359.4 -1 2
-574.09 -4653.25 -360.322 4703.54 -1 1
event 145
-8977.42 -5875.16 -44743.9 46116.4
2235.21 5450.14 -18324.6 19495.7
-5743.33 -5310.69 -33584.1 34483.3 -1 1
-3234.09 -564.466 -11159.8 11633.1 1 1
1973.81 1208.53 -5027.87 5535.98 -1 2
261.401 4241.61 -13296.7 13959.7 1 2
event 146
-10532.5 3813.92 13061.6 17483.6
-2486.85 6830.76 23696 24978.7
-6889.75 2422.68 10593.8 12867.7 1 1
-3642.78 1391.24 2467.82 4615.92 -1 1
-1293.64 2875.27 5705.39 6519.46 -1 2
-1193.2 3955.49 17990.6 18459.2 1 2
event 147
-11300.6 4622.36 -34377.3 36612.3
2353.03 8516.43 10875.6 14350.4
2351.59 3196.58 3781.32 5482.48 -1 2
-2598.34 -117.593 -5575.09 6152.88 -1 1
-8702.24 4739.95 -28802.2 30459.4 1 1
1.43838 5319.85 7094.24 8867.93 1 2
event 148
-7062.11 2779.39 -15853.8 17847.5
5370.58 5624.95 -5511.97 10022.8
3367.01 4818.82 -5178.56 7834.94 1 2
-3346.79 -227.909 -7617.23 8323.84 -1 1
2003.58 806.139 -333.414 2187.81 -1 2
-3715.32 3007.3 -8236.57 9523.64 1 1
event 149
27267.8 -18272.8 1413.31 33000.3
1533.17 -7644.05 -5965.73 10293.8
18765.5 -11585.7 2144.35 22158.1 1 1
8502.3 -6687.08 -731.043 10842.1 -1 1
-646.059 -4582.53 -3245.98 5653.72 -1 2
2179.23 -3061.52 -2719.75 4640.06 1 2
event 150
-6419.13 -643.769 -4017.34 8206.67
-2038.38 7776.3 -15683.1 17893.5
161.03 3028.47 -3491.07 4625.61 -1 2
-2522.48 866.357 -2764.05 3842.47 1 1
-2199.41 4747.83 -12192.1 13267.9 1 2
-3896.65 -1510.13 -1253.3 4364.2 -1 1
event 151
-9154.54 -2634.49 -13929.7 17157.3
-3806.17 5408.81 -20109 21394
-4793.49 -1005.28 -4553.05 6688.02 -1 1
-4361.05 -1629.21 -9376.62 10469.3 1 1
-3108.06 3138.73 -16430.1 17013.8 -1 2
-698.108 2270.08 -3678.91 4380.2 1 2
event 152
-8521.07 1911.42 -7772.66 12094.1
-1208.31 7429.71 2865.7 8629.24
-1899.09 5488.31 3044.68 6558.15 1 2
-2830.99 2166.66 -2859.43 4571.26 -1 1
690.774 1941.4 -178.98 2071.09 -1 2
-5690.08 -255.247 -4913.23 7522.84 1 1
event 153
1902.46 -9309.75 9116.76 13527.6
-4659.92 -2689.07 -3439.7 7097.06
2524.29 -5354.71 6200.66 8573.46 -1 1
-621.832 -3955.04 2916.1 4954.17 1 1
-2019.95 -2850.14 -1441.59 3780.59 -1 2
-2639.97 161.075 -1998.11 3316.47 1 2
event 154
2749.85 8630.12 8137.11 12563.6
-1939.9 5561.25 2105.12 6979.47
58.5429 4105.36 1806.01 4486.67 -1 2
501.736 2987.89 1001.99 3192.86 -1 1
2248.11 5642.23 7135.12 9370.69 1 1
-1998.44 1455.89 299.104 2492.79 1 2
event 155
6505.62 5274.3 6998.46 11344.8
-5085.51 16950.5 18620.2 25874.4
3520.56 2985.37 1864.4 4979.35 1 1
2985.06 2288.93 5134.07 6365.5 -1 1
-1953.89 11442 11448.6 16303.9 -1 2
-3131.62 5508.55 7171.57 9570.46 1 2
event 156
-3574.9 -4233.02 -5271.42 8250.86
6052.87 16551.1 -75472.9 77565
-859.359 -3356.74 -2521.71 4286.77 -1 1
-2715.54 -876.282 -2749.71 3964.1 1 1
3508.43 12470.1 -58915.6 60323.1 1 2
2544.44 4080.97 -16557.3 17241.9 -1 2
event 157
-11978.4 289.271 -8544.85 15038.9
5871.52 -447.597 256.941 6658.24
3861.54 1139.39 600.976 4072.11 -1 2
-3469.2 1481.08 -2875.35 4744.23 1 1
-8509.19 -1191.81 -5669.5 10294.7 -1 1
2009.98 -1586.99 -344.034 2586.13 1 2
event 158
-2528.42 9143.06 28416 30117.2
6248.79 359.622 22112.8 23189.2
3887.06 227.526 8221.07 9097.15 1 2
-1192.33 4222.53 8595.46 9651.14 -1 1
2361.73 132.096 13891.7 14092 -1 2
-1336.08 4920.53 19820.5 20466.1 1 1
event 159
-13470.1 -8834.39 -16983.4 23611.8
3641.38 -6642.97 6206.69 10464.2
512.356 -3409.69 4455.55 5634.85 1 2
-2175.74 -760.31 -3918.53 4547.3 1 1
-11294.4 -8074.08 -13064.9 19064.5 -1 1
3129.02 -3233.28 1751.14 4829.34 -1 2
event 160
-9310.85 1406.69 -34392.6 35792.6
1125.69 7443.52 3596.73 8899.46
1894.29 2561.16 1202.87 3406.75 -1 2
-2484.79 302.002 -14910.1 15119.1 1 1
-6826.06 1104.69 -19482.6 20673.6 -1 1
-768.6 4882.36 2393.86 5492.71 1 2
event 161
-14057.1 2430.56 -3192.39 14942.9
-6548.82 927.573 3363.03 8040.39
-4721.75 2014.72 2752.35 5825.85 1 2
-5256.76 -295.621 -254.164 5272.26 1 1
-1827.07 -1087.15 610.685 2214.54 -1 2
-8800.31 2726.18 -2938.23 9670.68 -1 1
event 162
5374.07 -85.8274 -9824.33 11618.8
6264.82 12384.6 7002.68 15851
3209.88 -1453.49 -6763.25 7626.84 -1 1
2164.18 1367.67 -3061.08 3991.94 1 1
3010.59 8561.39 3495.47 9725.77 -1 2
3254.23 3823.16 3507.2 6125.21 1 2
event 163
-6140.21 -4010.37 28795.1 29875.3
-10527.7 -3577.28 -11317.4 16164.9
-3348.6 -2087.27 -5673.54 6911.58 -1 2
-1740.53 -2490.73 15312.3 15611.2 1 1
-7179.07 -1490.01 -5643.85 9253.29 1 2
-4399.68 -1519.64 13482.8 14264.1 -1 1
event 164
-4301.19 -12253.6 -11137.9 17386.6
4308.9 -3912.39 -1153.62 6692.94
3648.92 -1268.38 -735.364 3933.87 1 2
-1417.84 -5727.19 -6932.21 9103.72 1 1
659.982 -2644.01 -418.253 2759.07 -1 2
-2883.35 -6526.4 -4205.71 8282.92 -1 1
event 165
-1232.02 -8781.02 -2684.24 9768.37
11436.4 -1597.14 -2195.04 12155.3
8903.05 -1590.55 -409.117 9053.87 1 2
830.036 -4191.57 -579.221 4313.33 -1 1
2533.37 -6.59195 -1785.93 3101.4 -1 2
-2062.05 -4589.45 -2105.01 5455.04 1 1
event 166
-6473.63 -8344.98 -44211.3 45560.7
-12389.1 8655.76 52097 54333.2
-4038.78 -3675.06 -17406.9 18243.6 1 1
-2434.85 -4669.93 -26804.4 27317.1 -1 1
-9607.27 7692.4 44908.7 46564.7 -1 2
-2781.84 963.364 7188.28 7768.47 1 2
event 167
1659.21 5740.21 19681.1 20800
-6561.04 -15059.4 -21090.4 26911.5
960.622 3079.9 5700.35 6550.85 1 1
698.586 2660.31 13980.8 14249.2 -1 1
-5749.65 -9566.67 -13977.2 17887.2 -1 2
-811.39 -5492.75 -7113.27 9024.33 1 2
event 168
11407.3 780.068 34760.1 36723.2
4621.01 -2715.82 -11032.9 12650.9
2309.35 -2716.35 -4643.38 5855.24 1 2
4198.03 610.107 17695.4 18197.1 1 1
2311.65 0.538224 -6389.56 6795.69 -1 2
7209.23 169.961 17064.8 18526.2 -1 1
event 169
-3699.9 -5884.92 11517.1 13804.2
-9353.6 -2354.77 -2625.73 10465
-3840.93 -998.406 470.278 3997.74 1 2
-2780.47 -1773.01 6159.12 6987.16 -1 1
-5512.66 -1356.37 -3096.01 6467.27 -1 2
-919.433 -4111.91 5357.95 6817.04 1 1
event 170
-5754 -5153.3 21131.7 22711.4
-5484.69 -9300.14 -43121.4 44560.3
-3498.85 -2682.87 7744.86 8912.56 1 1
-2255.15 -2470.43 13386.9 13798.9 -1 1
-2614.32 -5869.3 -19902.3 20914 -1 2
-2870.37 -3430.85 -23219.1 23646.3 1 2
event 171
-6031.09 -3774.36 -28299.4 29343.9
-11662.7 -5112.83 -56370.2 57873.6
-2615.53 -1997.5 -19811.5 20083.2 1 2
-2811.73 -369.696 -14358.6 14636.4 -1 1
-9047.22 -3115.34 -36558.7 37790.3 -1 2
-3219.36 -3404.66 -13940.8 14707.5 1 1
event 172
4413.96 3710.31 -11558.2 13282.7
-13541.3 1740.59 -2882.35 14293.2
1759.35 3153.25 -4860.6 6055.98 -1 1
2654.62 557.058 -6697.57 7226.75 1 1
-7387.12 2316.61 -866.979 7790.96 1 2
-6154.2 -576.02 -2015.37 6502.22 -1 2
event 173
-3744.79 -8900.98 6988.59 12315.9
-760.747 5865.41 -16556.9 17852.2
-1468.83 -5272.77 2225.78 5909.73 -1 1
-2275.96 -3628.21 4762.81 6406.2 1 1
-473.474 3414.89 -13440.5 13876 -1 2
-287.273 2450.52 -3116.39 3976.26 1 2
event 174
-7575.78 15076.3 8985.57 19365.3
4413.39 5168.81 10528.1 12908.4
-4885.68 12462.2 7357.39 15274.8 1 1
-2690.1 2614.13 1628.18 4090.53 -1 1
690.484 2609.49 2423.85 3629.38 -1 2
3722.91 2559.31 8104.3 9279.06 1 2
event 175
15893.9 4161.38 10032.6 19498.1
-8116.73 -4654.62 -36371 37682.8
-4309.91 -1441.21 -12595.7 13390.8 -1 2
2935.14 -402.066 2105.76 3636.22 1 1
12958.8 4563.44 7926.83 15861.9 -1 1
-3806.82 -3213.4 -23775.4 24291.9 1 2
event 176
-7393.05 -6464.15 -539.594 10311.4
-2176.35 -6081.07 -1282.85 7276.84
-277.683 -4429.4 -1640.61 4732.8 -1 2
-2843.67 -1906.02 1217.79 3635.05 1 1
-4549.38 -4558.13 -1757.39 6676.3 -1 1
-1898.67 -1651.67 357.761 2544.04 1 2
event 177
530.157 10324 10892.4 15333
2498.44 -4209.8 -2600.99 6349.81
285.036 -3389.58 -1233.85 3619.96 1 2
1694.83 4781.11 4392.41 6710.88 1 1
2213.4 -820.22 -1367.14 2729.86 -1 2
-1164.67 5542.85 6500.04 8622.14 -1 1
event 178
-6331.98 1115.38 -7845.23 10605.5
12071.5 -3050.76 -9391.25 15900.1
-3510.18 663.987 -1993.42 4092.32 -1 1
-2821.8 451.391 -5851.82 6513.16 1 1
6863.89 -615.132 -6458.76 9445.54 1 2
5207.6 -2435.62 -2932.49 6454.61 -1 2
event 179
664.711 10689.5 -26882.7 29102.9
1989.28 -7070.27 4214.03 9016.36
585.874 5391.22 -9606.06 11031.6 -1 1
78.8365 5298.29 -17276.6 18071.3 1 1
-110.397 -5056.95 2737.97 5752.61 -1 2
2099.68 -2013.33 1476.07 3263.75 1 2
event 180
6275.36 3449.65 8390.66 11457.5
-1495 17726 61976.2 64552.9
-1510.33 5134.62 15361.3 16267.4 -1 2
1105.18 1813.86 3787.07 4343.34 -1 1
15.3299 12591.4 46614.8 48285.6 1 2
5170.18 1635.79 4603.59 7114.13 1 1
event 181
14203.4 7953.95 53399.4 55911.4
298.911 -7295.54 4731.11 9235.12
-125.371 -4505.12 1110.02 4642.75 1 2
4719.93 3360.51 23689.3 24387.8 1 1
424.282 -2790.42 3621.09 4592.38 -1 2
9483.42 4593.43 29710.1 31523.6 -1 1
event 182
4913.26 -13822.4 -38762.9 41561.4
-1342.12 -5633.78 -11935.3 13622.9
-485.017 -2974.9 -2974.34 4235.93 1 2
2575.51 -5733.46 -12675.1 14148.4 1 1
-857.103 -2658.88 -8960.99 9386.95 -1 2
2337.75 -8088.94 -26087.7 27413.1 -1 1
event 183
6032.41 962.727 -7527.56 10177
-3342.37 13028.5 -41571.1 43802.5
3761.83 -742.814 -5415.17 6636.14 1 1
2270.58 1705.54 -2112.39 3540.87 -1 1
-2096.02 7155.71 -18109.8 19585 1 2
-1246.35 5872.8 -23461.3 24217.5 -1 2
event 184
-7812.22 1105.73 1770.66 8658.91
171.778 7966.52 -6248.31 10589
127.871 4708.1 -1733.14 5019.71 1 2
-3239.44 388.008 2308.06 3997.86 -1 1
43.9072 3258.42 -4515.18 5569.31 -1 2
-4572.78 717.718 -537.404 4661.05 1 1
event 185
-7672.78 -532.889 -24802.7 26151.9
-1444.26 -6542.52 -13350 15254.6
-249.83 -4234.17 -10836.2 11637.3 -1 2
-3537.2 1288.61 -10818.6 11455.4 -1 1
-4135.58 -1821.5 -13984.1 14696.5 1 1
-1194.43 -2308.34 -2513.78 3617.37 1 2
event 186
-1168.82 -12799.9 7902.46 15531.9
5705.79 -1840.54 4287.27 7994.7
173.049 -7485.75 6392.16 9845.67 -1 1
-1341.87 -5314.15 1510.3 5686.2 1 1
3195.1 -2523.1 3171.26 5161.67 -1 2
2510.69 682.565 1116.01 2833.03 1 2
event 187
-10114.9 10591.4 -8570.8 17249.3
1619.14 -13785.8 -9834.07 17290.6
-727.017 -5455.85 -4618.72 7186 -1 2
-3227.97 4019.13 -1436.11 5352.27 1 1
-6886.91 6572.22 -7134.69 11897 -1 1
2346.15 -8329.92 -5215.34 10104.6 1 2
event 188
3101.36 11331.4 -15001.8 19407.8
4109.31 3339.68 17150.3 18214.3
536.469 6018.64 -9943.31 11635.8 -1 1
2564.89 5312.72 -5058.54 7771.97 1 1
2014.41 2751.03 13819.8 14234.6 -1 2
2094.9 588.653 3330.48 3979.74 1 2
event 189
8670.29 1378.32 3804.59 10056.8
-4578.99 5638.88 -5899.76 9857.1
4796.62 -592.434 2829.35 5601.33 1 1
3873.67 1970.75 975.245 4455.5 -1 1
-2768.51 4166.09 -5587.36 7500.05 -1 2
-1810.47 1472.79 -312.399 2357.05 1 2
event 190
8193.94 1971.72 9937.99 13393.4
8731.26 -4760.46 6206.94 12125
3546.08 -305.722 2468.74 4332.9 -1 2
2994.54 -490.364 4798.4 5678.34 -1 1
5185.18 -4454.74 3738.2 7792.06 1 2
5199.4 2462.08 5139.59 7715.06 1 1
event 191
-6849 5677.39 -10639.7 14210.5
-1378.16 -5000.21 3587.94 7026.08
359.739 -3910.79 1882.44 4356.43 1 2
-3898.54 1275.54 -4230.2 5893.33 1 1
-1737.9 -1089.42 1705.5 2669.65 -1 2
-2950.46 4401.84 -6409.55 8317.14 -1 1
event 192
270.705 -5661.86 -5512.01 8723.44
-11886.8 5024.68 -6864.27 14941.6
-845.72 -3681.1 -5197.25 6425.6 -1 1
1116.43 -1980.77 -314.755 2297.84 1 1
-7095.26 2083.82 -2443.47 7788.89 -1 2
-4791.51 2940.87 -4420.8 7152.75 1 2
event 193
-2933.04 7724.8 -17473.6 19575.3
9840.77 2929.66 -19774.7 22495.6
-2139.08 3651.1 -11863.8 12596.3 -1 1
-793.962 4073.7 -5609.8 6979 1 1
5030.33 1423.99 -6816.16 8590.88 -1 2
4810.44 1505.67 -12958.5 13904.7 1 2
event 194
4058.29 -6431.36 -6314.41 10358.3
-7666.6 2546.43 14029.1 16482.4
-6015.32 990.853 8139.13 10169.7 1 2
711.878 -4003.09 -2904.09 4997.64 -1 1
-1651.28 1555.58 5890.02 6312.68 -1 2
3346.41 -2428.27 -3410.32 5360.63 1 1
event 195
3563.59 10916.5 47675.3 49136.5
3096.79 -14814.3 45817.2 48351.4
2482.69 -4998.01 18069.4 18911.9 1 2
264.597 2388.59 5889.63 6361.94 -1 1
614.096 -9816.26 27747.8 29439.6 -1 2
3298.99 8527.88 41785.7 42774.6 1 1
event 196
3636.64 -8111.78 7042.76 11756.6
3629.79 -9189.57 -23866 26015.3
2770.07 -6327.35 -12715.4 14470.7 1 2
2327.13 -2252.25 3563.73 4816.58 1 1
859.723 -2862.23 -11150.6 11544.6 -1 2
1309.51 -5859.52 3479.04 6940.01 -1 1
event 197
1537.31 7267.81 8966.12 12048.5
1494.62 -8303.31 377.566 8995.1
1603.34 -2921.65 -916.396 3457.98 -1 2
1085.07 2752.89 1520.33 3328.41 1 1
-108.722 -5381.67 1293.96 5537.12 1 2
452.233 4514.92 7445.79 8720.09 -1 1
event 198
-13411.6 -3410.72 21230.2 25530.7
3076.5 -3516.12 -15830.3 16793.4
-8860.33 -3130.89 16293.5 18809.5 -1 1
-4551.25 -279.829 4936.71 6721.19 1 1
962.417 -3332.59 -10302.5 10871.3 -1 2
2114.09 -183.526 -5527.8 5922.06 1 2
event 199
-7920.89 -4663.46 32388 33809.2
-1084.22 5932.37 7702.49 10261
-1188.79 3926.32 2816.9 4977.48 -1 2
-2350 -1924.28 6330.67 7022.38 -1 1
-5570.89 -2739.19 26057.3 26786.8 1 1
104.573 2006.05 4885.6 5283.5 1 2
event 200
-4609.34 9740.17 25657 27999.8
857.019 6404.18 -12615.7 14508.4
684.9 3716.76 -10240.5 10916.1 1 2
-1346.18 5135.44 9474.11 10860.7 1 1
172.119 2687.42 -2375.18 3592.28 -1 2
-3263.16 4604.73 16182.9 17139.1 -1 1
event 201
-8396.88 1140.78 -5696.44 10670
-3771.69 9538.31 -4863.79 11766.6
-857.644 3957.22 -3431.89 5308.88 1 2
-3600.62 1242.51 -964.072 3930.51 -1 1
-2914.05 5581.09 -1431.89 6457.68 -1 2
-4796.26 -101.727 -4732.37 6739.5 1 1
event 202
-6531.39 10475.2 -372.611 12732.5
698.643 4944.98 4469.92 7383.23
-5664.06 6349.45 -193.088 8511.49 1 1
-867.323 4125.72 -179.523 4221.05 -1 1
-1134.75 2793.38 1929.51 3581.17 -1 2
1833.39 2151.61 2540.42 3802.06 1 2
event 203
-4102.56 9058.75 21094.4 23525.7
8866.68 -8.78042 12324.6 15495.4
3740.09 1516.71 5053.44 6468.16 -1 2
-1359.45 3037.9 4057.99 5249.32 1 1
-2743.11 6020.85 17036.4 18276.4 -1 1
5126.59 -1525.49 7271.2 9027.21 1 2
event 204
-7052.66 -167.726 -16921.2 18592.7
12305.1 1861.23 -47015.8 48733.5
-4235.55 1296.35 -11272.4 12112 -1 1
-2817.11 -1464.07 -5648.81 6480.73 1 1
8019.24 -233.813 -27855.3 28987.8 -1 2
4285.87 2095.05 -19160.5 19745.7 1 2
event 205
764.443 7622.65 -8488.45 11846.3
6763.62 -4532.06 -29533.4 30791.2
3325.03 -592.863 -9374.24 9964.68 -1 2
1795.93 2823.9 -3232.32 4653.91 -1 1
3438.59 -3939.2 -20159.2 20826.5 1 2
-1031.49 4798.75 -5256.13 7192.36 1 1
event 206
-4892.94 2147.81 12953.4 14489
7617.05 -5877.67 3665.6 10751.5
-4265.15 110.279 9704.97 10601.9 1 1
-627.793 2037.53 3248.4 3887.02 -1 1
3296.63 -4173.3 1056.36 5423.21 1 2
4320.42 -1704.37 2609.24 5328.25 -1 2
event 207
-8275.77 -2787.79 -4524.23 10311.1
4445.11 -6037.1 -9871.43 12776.6
4131.71 -3759.76 -5520.37 7854.46 -1 2
-2688.03 -2164.16 -2751.64 4414.95 1 1
-5587.74 -623.633 -1772.59 5896.18 -1 1
313.401 -2277.34 -4351.06 4922.13 1 2
event 208
5963.76 398.174 -4641.13 8176.56
8538.66 3736.85 -5126.47 11079
2584.74 2442.59 -2903.82 4592.43 1 2
2066.7 -835.815 -367.703 2261.91 -1 1
5953.92 1294.26 -2222.64 6486.57 -1 2
3897.06 1233.99 -4273.43 5914.66 1 1
event 209
-2694.4 -6683.37 4577.25 9081.29
-3061.01 -11640.7 11572.2 16981.9
-275.32 -4989 6333.18 8067.6 1 2
-354.588 -2064.17 3013.34 3671.23 -1 1
-2785.69 -6651.75 5239.04 8914.29 -1 2
-2339.81 -4619.21 1563.91 5410.06 1 1
event 210
8666.96 -1591.53 -23865.7 25628.4
5633.93 2584.26 24729.8 25682.2
3254.48 2589.02 19451.4 19891.3 1 2
4197.1 -93.3182 -15120.8 15693.1 1 1
2379.45 -4.75134 5278.43 5790.92 -1 2
4469.87 -1498.21 -8744.95 9935.28 -1 1
event 211
-17591.6 -3265.25 25520 31320.8
-5788.41 -4404.99 17473.8 19179
-4228.97 -2161.36 7860.95 9184.84 1 2
-5746.47 -1953.57 6666.49 9016.19 1 1
-1559.44 -2243.63 9612.84 9994.17 -1 2
-11845.2 -1311.68 18853.5 22304.6 -1 1
event 212
-2535.8 9807.78 17136.1 20146
-5437.62 7369.18 7837.49 12445.4
-2830.6 1454.69 2225.96 3885.16 1 2
607.703 2495.62 5175.09 5778.42 -1 1
-3143.51 7312.16 11961 14367.5 1 1
-2607.01 5914.49 5611.53 8560.27 -1 2
event 213
4739.91 5862.83 -30507.1 31577.1
-8243.16 -10924.7 504.583 14041
2090.14 4357.41 -22396 22911.8 1 1
2649.77 1505.42 -8111.1 8665.37 -1 1
-3706.31 -7215.06 -339.544 8119.13 -1 2
-4536.86 -3709.65 844.126 5921.85 1 2
event 214
-4430.64 3916.66 -5143.45 8427.1
10100.8 575.983 -20879.6 23407.4
3232.22 -1074.78 -5304.65 6304.99 1 2
-2105.14 168.709 -2536.98 3302.66 1 1
6868.62 1650.76 -15574.9 17102.4 -1 2
-2325.5 3747.95 -2606.46 5124.44 -1 1
event 215
5690.48 -4690.52 19900.1 21447.3
7491.64 2502.89 21271.3 22900.8
4087.75 -92.6728 12252.6 12917.3 1 2
1412.32 -2911.5 6372.15 7147.51 -1 1
4278.16 -1779.02 13527.9 14299.8 1 1
3403.89 2595.56 9018.68 9983.55 -1 2
event 216
-2249.09 5889.36 -19545 20864.8
3916.21 -6490.72 42186.6 42974
2907.12 -2104.16 15507.9 15918.1 -1 2
-2202.19 1041.04 -5920.96 6403.31 -1 1
-46.8985 4848.32 -13624.1 14461.5 1 1
1009.09 -4386.56 26678.6 27055.9 1 2
event 217
-10604.9 -5788.54 24701.6 27671.8
-1670.3 6767.43 -27514.8 28552.4
-5724.71 -3062.93 16633.2 17855.7 1 1
-4880.2 -2725.61 8068.4 9816.09 -1 1
-1901.19 3369.26 -10287.6 10991.5 -1 2
230.891 3398.17 -17227.1 17560.9 1 2
