event 0
12506 6175.78 4687.73 15036.8
-3955.99 -8500.11 -2355.42 10150.9
-3667.57 -4563.21 -813.308 5911.56 -1 2
4146.38 3613.13 2377.63 5992.62 1 1
8359.61 2562.65 2310.1 9044.22 -1 1
-288.425 -3936.9 -1542.11 4239.3 1 2
event 1
-13196.6 3327.48 -30805.2 33819.7
-1017.18 -7073.66 20677.5 22095.7
205.67 -4775.05 16441.4 17122.3 1 2
-5042.77 1906.94 -15627.2 16531.3 -1 1
-1222.85 -2298.61 4236.11 4973.41 -1 2
-8153.82 1420.54 -15178 17288.3 1 1
event 2
-3737.86 -5664.33 11075.8 13353.7
3361.09 7705.11 81.4396 8958.97
-196.073 3245.37 27.4869 3253.12 1 2
-2335.08 -1301.77 2673.15 3782.08 1 1
3557.16 4459.75 53.9527 5705.86 -1 2
-1402.77 -4362.56 8402.64 9571.59 -1 1
event 3
12192.4 -333.029 -57376.1 58739.9
3563.33 -12437.7 14204.7 19461.7
7944.89 -1659.99 -35635.7 36548.5 -1 1
4247.55 1326.97 -21740.4 22191.4 1 1
3985.62 -10063.1 10824.7 15308 -1 2
-422.296 -2374.69 3379.98 4153.66 1 2
event 4
-7516.32 -819.617 29301.4 30419.3
13610.3 -6480.76 31279.4 34860.1
-4106.83 -492.468 21558 21951.5 -1 1
-3409.49 -327.15 7743.46 8467.82 1 1
9389.89 -5940.74 23418.8 25921.3 -1 2
4220.41 -540.023 7860.57 8938.86 1 2
event 5
546.31 -7630.78 -25105.4 26427.3
-653.536 -13678.2 -1403.42 14109.6
611.878 -3895.52 -17675.6 18110.5 1 1
-65.5684 -3735.26 -7429.8 8316.83 -1 1
-1282.25 -8686.05 -2101.29 9028.74 -1 2
628.71 -4992.12 697.868 5080.82 1 2
