event 0
-5139.63 9114.42 33518 35249.7
-2524.02 5509.69 -11430.4 13452.3
-2302.55 6025.79 16359.1 17585.3 1 1
-2837.08 3088.64 17158.9 17664.3 -1 1
-214.752 3610.14 -8615.16 9344.05 -1 2
-2309.27 1899.55 -2815.24 4108.26 1 2
event 1
2481.72 -5909.5 3638.4 7994.36
10757.4 2864.52 26509.7 28918.5
193.632 -3698.92 943.934 3823.83 -1 1
2288.09 -2210.58 2694.47 4170.53 1 1
6350.4 198.328 15948.5 17167.8 -1 2
4407.03 2666.2 10561.2 11750.8 1 2
event 2
-4001.63 -10243.7 10171.3 15296.9
5392.82 -2379.18 -10211.9 12190.8
4079.8 -440.915 -7878.66 8883.9 -1 2
-1929.76 -2896.97 4933.26 6038.59 1 1
-2071.88 -7346.74 5238.05 9258.27 -1 1
1313.01 -1938.26 -2333.22 3306.95 1 2
event 3
4353.94 -961.922 9664.96 11085.3
6913.2 4892.61 -19404.3 21397.4
2595.77 -1974.41 4708.37 5728.54 1 1
1758.17 1012.48 4956.59 5356.79 -1 1
2768.78 3705.72 -11445 12345 1 2
4144.42 1186.89 -7959.27 9052.41 -1 2
event 4
-3458.75 -3311.46 2930.56 6411.55
-6636.75 5879.49 -8617.11 12746
-3184.82 -1296.34 945.53 3567.74 -1 1
-273.926 -2015.12 1985.03 2843.81 1 1
-3510.62 3171.7 -6657.85 8168.37 1 2
-3126.13 2707.78 -1959.26 4577.62 -1 2
