event 0
-1614.04 8180.44 19336.7 21284.3
1137.59 -7818.99 -18710.3 20545.1
-608.63 4626.89 14267.5 15011.7 1 1
-1005.41 3553.55 5069.19 6272.67 -1 1
2138.04 -4862.96 -12840.9 13896.8 -1 2
-1000.46 -2956.03 -5869.39 6648.3 1 2
event 1
6528.56 -5512.46 -691.112 9114.71
-70.7619 -7522.4 -4658.09 9374.46
-1351.33 -4602.67 -3651.24 6029.37 1 2
2411.04 -3438.97 782.692 4273.57 -1 1
1280.57 -2919.73 -1006.86 3345.08 -1 2
4117.52 -2073.5 -1473.8 4841.14 1 1
event 2
4181.35 -15791.8 9190.21 18997.8
-4285.11 11323.8 -12713.9 17827.7
3632.92 -8177.41 4273.48 9916.75 -1 1
548.433 -7614.37 4916.73 9081.01 1 1
-3143.75 6856.12 -5794.87 9512.16 -1 2
-1141.35 4467.71 -6919.08 8315.52 1 2
event 3
-6350.77 825.512 15285 16859.3
-5053.24 -9446.09 -25659.8 27978.3
-3601.13 -542.826 5451.91 6557.23 1 1
-2749.64 1368.34 9833.09 10302.1 -1 1
-3817.3 -4712.68 -11581.2 13073.5 -1 2
-1235.94 -4733.41 -14078.6 14904.7 1 2
event 4
-2967.01 -8968.83 -3019.23 10389.9
3721.73 9420.61 -15400 18690.9
846.547 4299.12 -4342.5 6169.89 -1 2
399.867 -2206.53 24.1433 2245.09 -1 1
-3366.87 -6762.3 -3043.37 8144.8 1 1
2875.18 5121.49 -11057.5 12521 1 2
event 5
1343.33 -14083.9 -38033 40697.1
-20016.3 -6121.39 30887.8 37440.2
-6318.99 -3060.04 8617.75 11116.2 1 2
-728.463 -6480.09 -15123.1 16469.4 -1 1
-13697.3 -3061.35 22270 26324 -1 2
2071.79 -7603.79 -22909.9 24227.7 1 1
event 6
2318.87 -4919.61 5990.93 8663.88
-3876.85 -9093.65 20234 22731.6
1527.75 -2904.69 5555.43 6453.31 1 1
791.124 -2014.92 435.496 2210.57 -1 1
-860.958 -5890.02 11962.3 13361.9 1 2
-3015.89 -3203.64 8271.67 9369.67 -1 2
