event 0
2238.58 6045 9475.08 11871
10205.5 1087.91 26190.4 28299.6
-31.1672 3994.5 4393.63 5939.04 -1 1
2269.74 2050.5 5081.46 5932 1 1
6247.7 -629.622 17580.6 18668.6 -1 2
3957.79 1717.53 8609.87 9630.94 1 2
event 1
-10877.1 2831.07 -60657.6 61767.8
6757.51 -11475.1 3732.64 14313
4631.54 -9516.45 1567.08 10699.6 1 2
-3079.6 -528.08 -18722.1 18981.4 1 1
2125.97 -1958.63 2165.56 3613.42 -1 2
-7797.5 3359.14 -41935.4 42786.4 -1 1
event 2
5112.55 -12752.3 2636.48 14328.6
1392.34 15677.9 -10023.8 19020.9
359.021 6675.44 -6417.82 9267.69 -1 2
301.72 -2127.47 -582.401 2228.79 -1 1
4810.83 -10624.9 3218.88 12099.8 1 1
1033.32 9002.44 -3605.94 9753.24 1 2
event 3
8046.65 6166.29 5509.49 11946.4
-4230.22 3418.77 47.976 6259.06
5458.23 4065.19 5258.93 8601.49 -1 1
2588.42 2101.1 250.557 3344.92 1 1
-369.928 2151.6 175.257 2192.74 -1 2
-3860.29 1267.16 -127.281 4066.32 1 2
event 4
1979.93 5112.05 564.936 6321.69
-6459.25 10577.2 -19950.1 23689.5
2733.38 3253.23 60.6516 4250.85 -1 1
-753.453 1858.82 504.284 2070.84 1 1
-3476.1 6799.37 -14703 16568.2 -1 2
-2983.15 3777.84 -5247.04 7121.37 1 2
