event 0
-6206.58 4026.75 -8272.95 11522.5
8267.29 3209.24 -21142.1 23134.9
2852.09 2720.38 -8303.97 9192.5 -1 2
-2601.46 382.81 -1503.95 3031.04 1 1
5415.2 488.855 -12838.1 13942.4 1 2
-3605.12 3643.94 -6769 8491.5 -1 1
event 1
-3290.75 6742.07 21175.7 22677.9
3562.08 8535.18 -4355.57 10681.7
1260.24 6624.71 -2733.43 7277.21 1 2
-2617.98 2310.25 7241.18 8039.71 -1 1
2301.84 1910.48 -1622.14 3404.53 -1 2
-672.772 4431.82 13934.5 14638.2 1 1
event 2
3974.43 11082.6 -63144.1 64307
6412.29 5023.38 -19673.1 21516.8
3090.28 3858.59 -8882.89 10166.4 -1 2
2643.83 3548.97 -19381.1 19880.2 -1 1
1330.6 7533.65 -43763.1 44426.9 1 1
3322.01 1164.79 -10790.2 11350.4 1 2
event 3
-2768.45 4445.2 8340.82 10324
11866 -9334.28 -7008.56 16930.5
-2125.8 2474.07 7311.6 8006.91 -1 1
-642.653 1971.13 1029.22 2317.07 1 1
7847.6 -7363.12 -6072.36 12356.6 1 2
4018.39 -1971.16 -936.202 4573.9 -1 2
event 4
5680.69 5764 -10624.8 13710.3
23727 -4370.17 69364 73505.3
19978.3 -2944.48 60338.9 63628.6 1 2
3799.51 1659 -5197.36 6649.22 1 1
3748.71 -1425.69 9025.15 9876.74 -1 2
1881.19 4105 -5427.49 7061.07 -1 1
event 5
-5349.62 -7025 -27526.1 29073.1
2864.27 -11555 -7422.08 14366.6
565.511 -4377.1 -4437.45 6259.46 1 2
-1806.89 -3096.87 -6868.38 7748.63 -1 1
2298.76 -7177.9 -2984.63 8107.14 -1 2
-3542.72 -3928.13 -20657.7 21324.5 1 1
event 6
-3520.17 6650.09 -17530.2 19326.6
-5176.92 10203.7 71513.3 72489
-2905.44 8580.62 54682.2 55427.6 1 2
-1194.09 3034.66 -4191.4 5311.68 -1 1
-2271.47 1623.08 16831.1 17061.4 -1 2
-2326.08 3615.43 -13338.8 14014.9 1 1
event 7
4095.64 -939.317 -2063.32 5612.93
9751.63 1441.73 -6771.46 12353.8
2246.19 -2002.29 -740.388 3100.62 -1 1
1849.45 1062.97 -1322.93 2512.31 1 1
6048.51 -616.497 -4303.94 7449.81 -1 2
3703.13 2058.23 -2467.52 4904 1 2
event 8
-5447.55 -1917.42 20066.7 21109.6
-16520.7 -1316.7 -22752.6 28318.5
-3948.53 -521.241 16687.9 17157 -1 1
-1499.02 -1396.18 3378.78 3952.68 1 1
-10861.3 -1191.19 -17275 20440.7 1 2
-5659.37 -125.507 -5477.68 7877.84 -1 2
event 9
919.132 5778.18 919.371 6683.51
7891.23 -3501.99 -8974.63 12832.4
-231.62 3717.43 -736.689 3798.27 1 1
1150.75 2060.75 1656.06 2885.24 -1 1
3783.98 -2739.89 -3042.12 5575.94 1 2
4107.26 -762.099 -5932.51 7256.46 -1 2
event 10
-11674.7 13712.2 7516.15 19758.7
1296.11 6920.1 5155.67 9259.41
1911.01 4866.27 4771.29 7078.77 -1 2
-3245.94 2955.61 3178.4 5420.81 -1 1
-8428.8 10756.6 4337.75 14337.9 1 1
-614.897 2053.83 384.378 2180.64 1 2
event 11
13711.2 -21594.7 -52165.7 58182.3
5861.74 -9144.55 1584.6 11405.5
11832.5 -16352.5 -41607.7 46245.2 -1 1
1878.66 -5242.22 -10558 11937 1 1
1422.27 -3983.43 -557.973 4267.68 -1 2
4439.47 -5161.12 2142.58 7137.77 1 2
event 12
-2712.34 5582.29 794.258 6981.43
7629.38 3188.49 7122.94 11344.7
-2945.05 2562.46 477.261 3934.27 1 1
232.716 3019.83 316.998 3047.16 -1 1
4433.57 180.033 3497.69 5651.02 -1 2
3195.81 3008.46 3625.25 5693.64 1 2
event 13
-4211.53 15716.1 -17968.3 24437.3
-6812.22 441.765 13238 15213.1
-4844.84 -127.161 6130.08 7815.22 1 2
-1057.79 5387.1 -8238.11 9900.37 -1 1
-1967.38 568.926 7107.93 7397.85 -1 2
-3153.74 10329 -9730.14 14536.9 1 1
event 14
-6778.21 5185.68 -5939.8 10849.3
5689.23 5163.64 -14.795 8283.83
-5303.07 2215.97 -4042.41 7027.47 1 1
-1475.15 2969.71 -1897.39 3821.85 -1 1
1509.31 2484.82 -1250.54 3166.6 -1 2
4179.91 2678.83 1235.74 5117.23 1 2
event 15
7094.61 -2793.37 -4021.51 9159.67
1109.56 6614.34 -22175.3 23373.4
56.3884 4340.78 -17878.1 18397.9 -1 2
2279.33 -2432.62 -2210.86 4001.51 -1 1
4815.28 -360.744 -1810.64 5158.16 1 1
1053.17 2273.56 -4297.22 4975.5 1 2
event 16
1299.33 7160.33 -1786.52 8108.1
-7675.86 -8383.12 -41337.2 42983.1
1914.44 3971.53 -21.1323 4410.18 1 1
-615.107 3188.81 -1765.38 3697.92 -1 1
-3673.05 -6225.34 -25867 26858.1 -1 2
-4002.82 -2157.78 -15470.1 16125 1 2
event 17
-7849.1 96.6283 -5459.02 10050.4
-6506.53 -5373.43 -43542.9 44461
-4861.63 -1447.25 -3229.39 6014.16 -1 1
-2987.47 1543.88 -2229.63 4036.2 1 1
-5933.27 -3273.85 -34490.6 35150.2 -1 2
-573.259 -2099.57 -9052.25 9310.81 1 2
event 18
-8241.96 -10135.5 -28339.6 31358.9
7440.94 6454.51 -44261.6 45450
5703.64 3615.27 -33907.7 34573.8 -1 2
-3061.51 -4240 -14946.3 15835.2 -1 1
-5180.45 -5895.55 -13393.3 15523.7 1 1
1737.31 2839.24 -10353.8 10876.2 1 2
event 19
-6142.77 3098.84 10515.4 12942.2
4546.28 -3692.64 -10845.1 12708.7
-4154.07 412.425 6359.62 7608.04 -1 1
-1988.7 2686.42 4155.81 5334.2 1 1
2539.24 -178.241 -3619.12 4425.92 -1 2
2007.04 -3514.4 -7225.97 8282.82 1 2
event 20
5023.87 10843.1 7060.95 14221.9
-4748.65 -2094.03 7572.45 9688.5
4412.93 6797.47 3628.22 8880.02 -1 1
610.94 4045.66 3432.73 5341.86 1 1
-3521.64 103.206 4428.54 5660.02 -1 2
-1227.01 -2197.24 3143.9 4028.48 1 2
event 21
6596.3 2352.86 -16654.8 18330.8
491.857 7721.69 2309.06 8648.08
-1272.14 3495.94 659.291 3779.65 1 2
2175.15 -638.551 -5958.9 6376.41 -1 1
4421.15 2991.41 -10695.9 11954.4 1 1
1764 4225.75 1649.77 4868.42 -1 2
event 22
-5043.06 -5169.94 -20424.6 21884.1
8214.34 2497.03 -6070.4 10961.3
6352.98 878.288 -5446.35 8414.61 1 2
-3023.63 -974.501 -7486.35 8133.18 -1 1
1861.36 1618.75 -624.048 2546.69 -1 2
-2019.43 -4195.44 -12938.2 13750.9 1 1
event 23
4545.75 -4061.67 17765.7 19036
-12859.9 3331.23 8828.76 16248.5
1459.14 -3358.27 9097.22 9807.02 -1 1
3086.61 -703.407 8668.43 9229.02 1 1
-7715.39 3523.28 5206.86 9953.05 -1 2
-5144.52 -192.051 3621.9 6295.42 1 2
event 24
-1803.24 5894.67 -15375.7 16852.3
8686.61 4396.16 -28902.2 30654.7
2245.14 2777.96 -10260.8 10865.2 1 2
-1364.03 1756.93 -8740.33 9019.53 1 1
6441.47 1618.2 -18641.4 19789.4 -1 2
-439.206 4137.74 -6635.33 7832.79 -1 1
event 25
10609.4 7133.11 -19230.1 23298.7
6823.25 -1406.58 25032 26167.3
2784.73 -2002.61 13654.9 14079.5 -1 2
3337.65 639.335 -4712.25 5810.78 1 1
7271.74 6493.77 -14517.9 17487.9 -1 1
4038.51 596.026 11377 12087.7 1 2
event 26
-4204.9 3797.17 14298.2 15688.5
6919.42 -1818.33 419.078 7807.21
3373.8 661.39 -144.512 3442.67 1 2
-345.766 2226.77 4285.11 4842.67 -1 1
3545.62 -2479.72 563.59 4364.54 -1 2
-3859.13 1570.4 10013.1 10845.8 1 1
event 27
9868.18 -2666.12 -46646.8 47854
-12308.3 -665.323 -20186.1 23853.8
5358.82 115.419 -24936.7 25506.5 -1 1
4509.36 -2781.54 -21710.1 22347.5 1 1
-9674.79 772.696 -15525.9 18310.2 -1 2
-2633.56 -1438.02 -4660.16 5543.63 1 2
event 28
3092.61 -11383.2 57939.7 59209.3
5504.09 -2214.52 18028.7 19230.8
3293.04 -2803.76 13098.1 13794.1 1 2
2511.23 -3664.78 22342.4 22780 1 1
2211.05 589.232 4930.56 5436.68 -1 2
581.381 -7718.45 35597.3 36429.3 -1 1
event 29
5252.32 6309.29 1215.8 8857.94
-97.5266 4903.01 19693.7 20530
1890.86 3917.03 1763.42 4694.6 -1 1
3361.45 2392.27 -547.619 4163.34 1 1
1438.58 2850.42 12095 12509.8 -1 2
-1536.11 2052.59 7598.7 8020.23 1 2
event 30
5071.15 6120.84 21617.8 23240.1
7749.31 1481.05 -11232.6 14071.5
2775.25 1530.24 -6364.24 7110.44 -1 2
1975.23 1149.28 3353.89 4059.82 1 1
3095.92 4971.55 18263.9 19180.2 -1 1
4974.05 -49.1867 -4868.36 6961.01 1 2
event 31
-6534.39 5907.53 -34197.9 35449.7
-9520.72 -9091.76 643.762 13685.9
-4219.37 -3455.52 -1497.76 5656.69 -1 2
-2924.03 728.381 -11748.9 12129.6 -1 1
-5301.36 -5636.24 2141.53 8029.25 1 2
-3610.36 5179.14 -22449 23320.1 1 1
event 32
1070.29 10344.8 246.479 10854.1
-4695.05 1745.72 -6511.94 8779.95
-756.781 6113.72 -510.745 6182.42 1 1
1827.07 4231.07 757.224 4671.69 -1 1
-3461.09 -209.827 -4693.41 5836.31 -1 2
-1233.97 1955.55 -1818.52 2943.64 1 2
event 33
7561.52 -7412.17 -1918.98 11197.8
5832.63 4994.44 -17889.9 19713.1
3901.45 1321.29 -9347.29 10215.2 1 2
1092.69 -2094.7 623.628 2445.78 -1 1
6468.83 -5317.46 -2542.6 8751.99 1 1
1931.18 3673.15 -8542.65 9497.87 -1 2
event 34
8806.84 -2002.48 28979.4 30511.7
-352.143 5029.04 9370.18 11081.8
1350.08 2787.09 4804.19 5716.81 1 2
3427.06 -2339.3 12079.5 12772.7 1 1
-1702.23 2241.95 4566 5365.02 -1 2
5379.78 336.824 16899.9 17739 -1 1
event 35
4974.25 -6570.36 4486.41 9880.89
-6442.96 1138.45 -4667.86 8613.19
-4893.18 -155.314 -2057.29 5311.39 -1 2
953.267 -2994.24 2880.76 4264.28 1 1
4020.99 -3576.12 1605.65 5616.6 -1 1
-1549.78 1293.76 -2610.57 3301.8 1 2
event 36
-7975.85 -1547.35 24823.7 26302.5
3888.26 7985.42 9181.62 13144.5
-4305.42 -382.857 8575.87 9604.17 -1 1
-3670.43 -1164.49 16247.9 16698.3 1 1
2356.2 6218.37 4886.58 8252.85 -1 2
1532.06 1767.06 4295.05 4891.66 1 2
event 37
3139.72 14078.3 -65660.4 67297.4
-3036.12 6323.48 7214.32 10528.1
811.107 9124.03 -36871 37991.9 -1 1
2328.62 4954.32 -28789.5 29305.5 1 1
-1056.77 3737.38 5788.29 6971.39 -1 2
-1979.35 2586.1 1426.03 3556.75 1 2
event 38
5694.28 -7706.7 -10596.7 14618.5
-6519.17 2732.03 -16933.6 18609.2
-4023.43 1599.11 -6423.92 7747.45 1 2
3662.44 -2456.98 -4113.02 6031.45 1 1
-2495.74 1132.93 -10509.7 10861.7 -1 2
2031.85 -5249.72 -6483.72 8587.07 -1 1
event 39
-3372.3 -4297.76 8198.71 10327.3
-8977.14 5064.19 25492.7 27671.4
-2130.34 -2200.35 6929.93 7577.27 1 1
-1241.96 -2097.41 1268.78 2750.02 -1 1
-4660.85 2413.25 16896.2 17692.9 1 2
-4316.29 2650.94 8596.54 9978.45 -1 2
event 40
4613.78 2133.14 -1225.04 6076.91
-3794.88 -9790.59 -2008.43 11130.2
3355.95 383.231 361.578 3398.7 1 1
1257.83 1749.91 -1586.61 2678.21 -1 1
-1713.67 -5773.79 337.394 6033.1 1 2
-2081.21 -4016.8 -2345.82 5097.08 -1 2
event 41
5916.83 -5990.78 12352.9 15267
-5163.75 -2510.74 1954.4 6810.23
-3838.94 -231.161 797.893 3929.21 1 2
2037.94 -3569.14 7778.44 8798.14 -1 1
-1324.81 -2279.58 1156.5 2881.02 -1 2
3878.89 -2421.65 4574.42 6468.89 1 1
event 42
-5423.74 -5117.93 1958.4 8308.78
-11091.3 4122.53 15339.5 19618.8
-3796.55 -2189.7 2280.5 4941.7 -1 1
-1627.2 -2928.23 -322.101 3367.08 1 1
-7354.01 1599.14 11216.6 13507.9 -1 2
-3737.25 2523.39 4122.89 6110.96 1 2
event 43
-6449.93 5688.05 3903.86 9939.23
-5375.88 4017.27 -9992.54 12429
-3031.79 4012.56 -6444.7 8175.43 1 2
-3064.48 2065.62 3277.15 4940.52 -1 1
-2344.1 4.71044 -3547.83 4253.6 -1 2
-3385.45 3622.43 626.707 4998.72 1 1
event 44
-8242.49 -4873.84 38735 40021.1
6164.56 3269.95 -16110.1 17827.5
4974.4 1294.48 -12780.6 13775.9 -1 2
-4128.03 -1570.49 12428 13189.9 1 1
-4114.46 -3303.35 26307 26831.2 -1 1
1190.16 1975.47 -3329.51 4051.64 1 2
event 45
4372.71 -7885.74 34076.2 35384.8
-2576.26 -10444.6 35404.2 37131.9
1658.45 -4356.62 22574.3 23050.8 1 1
2714.27 -3529.12 11501.9 12334 -1 1
-2022.92 -5768.78 15148 16335.4 -1 2
-553.336 -4675.86 20256.2 20796.5 1 2
event 46
5381.67 -8731.86 -2237.2 10945.5
1804.45 -6800.87 -25461.6 26596.8
2327.34 -2761.02 -12013.1 12544.6 1 2
1923.59 -1250.8 -1327.98 2653.18 1 1
3458.08 -7481.06 -909.224 8292.31 -1 1
-522.89 -4039.85 -13448.5 14052.3 -1 2
event 47
-24620.4 36462.9 65208.4 78723.7
-2840.79 -5940.64 20322.9 21586.4
-14855.7 20506.8 35205.2 43366.4 1 1
-9764.7 15956.1 30003.1 35357.4 -1 1
-602.134 -4060.01 14496.3 15066.6 -1 2
-2238.66 -1880.62 5826.56 6519.84 1 2
