event 0
5235.57 2889.96 33085.3 33763.8
-6405.94 2464.18 -8762.91 11725.4
-2304.7 2816.25 -3580.68 5106.4 -1 2
2242.84 -121.718 7552.63 7880.26 -1 1
2992.73 3011.68 25532.7 25883.5 1 1
-4101.23 -352.077 -5182.23 6618.97 1 2
event 1
-2371.42 -4238.89 3473.78 6726.75
4399.01 7958.52 10046.3 13900
-2402.13 -1827.54 799.47 3124.17 -1 1
30.706 -2411.35 2674.31 3602.58 1 1
2527.48 4161.67 3126.49 5787.38 -1 2
1871.52 3796.85 6919.83 8112.57 1 2
event 2
-3314.35 -7662 14422.2 16949.4
2028.19 -7063.43 -2535.69 8368.19
227.297 -4963.15 -2579.71 5599.16 -1 2
-974.869 -3015.67 8467.06 9041.4 -1 1
-2339.48 -4646.33 5955.19 7908.03 1 1
1800.9 -2100.28 44.0158 2769.03 1 2
event 3
-8006.2 -4303.76 17395.5 19870
-8484.32 2082.8 3544.67 9923.57
-5150.83 -1802.04 7540.36 9308.41 -1 1
-2855.37 -2501.72 9855.14 10561.6 1 1
-3121.28 1291.54 -115.704 3381.57 -1 2
-5363.05 791.262 3660.37 6542.01 1 2
event 4
6739.99 -7770.05 4749.62 11745.2
1973.71 -13869.1 22086 26336.9
672.947 -12207.1 18513.9 22186.5 1 2
3136.4 -1675.27 834.949 3654.02 -1 1
1300.76 -1662.09 3572.11 4150.38 -1 2
3603.59 -6094.78 3914.68 8091.23 1 1
event 5
4946.14 -129.537 2295.26 6272.18
12880.6 -6612.7 -64246.1 65930.2
3468.66 1351.91 1702.54 4095 1 1
1477.48 -1481.44 592.724 2177.18 -1 1
8466.88 -5240.43 -38178.8 39456.1 1 2
4413.77 -1372.27 -26067.3 26474.1 -1 2
event 6
-8825.29 6351.3 -8610.59 14211.1
3234.02 -10887 1411.72 11856.2
133.158 -5204.58 1358.62 5381.67 1 2
-2113 2951.54 -1762.33 4036.5 1 1
-6712.3 3399.76 -6848.26 10174.6 -1 1
3100.86 -5682.4 53.1012 6474.49 -1 2
