event 0
11265.1 8979.3 -14400.3 20603.1
-2555.27 -8411.77 -1692.21 9473.2
-3041.23 -5078.01 -710.481 5962.49 -1 2
2819.69 3960.65 -5561.23 7387.55 1 1
8445.41 5018.65 -8839.03 13215.6 -1 1
485.968 -3333.76 -981.73 3510.71 1 2
event 1
7681.06 -3572.52 25641.8 27181.9
-7985.07 3739.28 -2827.89 9763.83
-4347.28 3249.59 -2762.6 6091.13 1 2
2909.58 -2540.3 8121.04 8993.4 -1 1
-3637.78 489.683 -65.285 3672.69 -1 2
4771.48 -1032.22 17520.8 18188.5 1 1
event 2
-3926.77 -3446.49 6558.77 8939.02
5838.45 -9903.22 -5932.37 13302.1
-2924.12 -1256.25 1939.86 3728.66 -1 1
-1002.65 -2190.23 4618.91 5210.37 1 1
2370.93 -6034.21 -4561.02 7927.61 -1 2
3467.52 -3869.01 -1371.35 5374.45 1 2
event 3
-2161.67 9983.19 -47549.2 48732.4
-1012.65 -4322.13 18883.9 19644.3
-2719.69 5492.34 -28708.1 29355.2 1 1
558.028 4490.86 -18841.1 19377.2 -1 1
527.197 -3042.75 7973.66 8551.41 -1 2
-1539.85 -1279.38 10910.2 11092.9 1 2
event 4
-4831.16 -4676.9 -103.098 7403.76
6672.87 -4375.94 4785.63 9806.58
2232.26 -2426.62 505.363 3337.37 1 2
-2703.52 -554.612 -97.6684 2763.57 1 1
4440.6 -1949.32 4280.27 6469.21 -1 2
-2127.65 -4122.29 -5.42941 4640.19 -1 1
event 5
-5944.44 404.008 -14655.3 16120.4
1400.58 -13968.9 2113.83 14531
-3264.41 -715.114 -4830.08 5874.4 -1 1
-2680.03 1119.12 -9825.2 10246 1 1
-347.945 -9171.53 573.535 9196.64 1 2
1748.53 -4797.37 1540.3 5334.4 -1 2
event 6
961.382 -5758.5 6332.38 9152.86
8095.1 5365.56 19268.6 21798.8
1972.15 -3271.22 2917.34 4807.53 -1 1
-1010.77 -2487.29 3415.04 4345.33 1 1
5217.44 1849.4 8955.4 10528.6 -1 2
2877.66 3516.15 10313.2 11270.2 1 2
event 7
-7489.02 733.576 -1336.45 8246.23
6496.28 -4245.12 23362.1 24811.3
3383.9 -1631.73 6926.98 7880.83 -1 2
-3415.71 1060.35 751.444 3656.12 1 1
-4073.31 -326.771 -2087.9 4590.11 -1 1
3112.38 -2613.38 16435.1 16930.4 1 2
event 8
854.021 9621.9 10442 14558
-7347.31 -10351.4 -11415.7 17350.6
1165.41 5092.39 7522.53 9159.16 -1 1
-311.389 4529.51 2919.46 5398.88 1 1
-4006.23 -7554.25 -6251.44 10592.8 -1 2
-3341.07 -2797.19 -5164.28 6757.81 1 2
event 9
-6102.97 -5767.44 13118.3 15880.5
-6662.51 -6491.44 21348.6 23492.2
-2214.6 -3610.71 6843.66 8049.13 -1 2
-2697.36 -1070.82 6233.06 6876.38 -1 1
-3405.61 -4696.62 6885.23 9004.11 1 1
-4447.92 -2880.73 14505 15443 1 2
event 10
-2271.77 -6031.98 -3690.46 8047.13
3585.61 9311.96 -1432.35 10545.7
2541.62 2622.48 -168.34 3657.42 -1 2
-640.67 -2292 222.917 2392.61 -1 1
1043.99 6689.49 -1264.01 6888.25 1 2
-1631.1 -3739.99 -3913.38 5654.53 1 1
