event 0
6059.72 3988.87 -2135.39 8172.01
6691.47 603.232 17424.6 18930.1
2879.91 -1257.83 7922.81 8523.97 -1 2
2531.71 272.733 -1622.55 3021.22 -1 1
3528.01 3716.14 -512.844 5150.8 1 1
3811.56 1861.06 9501.83 10406.1 1 2
event 1
-869.337 6023.62 -5825.53 8975.89
-6754.36 3037.03 2665.1 8458.06
-3139.32 -217.453 1285.52 3400.93 -1 2
-32.0708 2089.07 -260.127 2108.09 1 1
-3615.04 3254.48 1379.58 5057.13 1 2
-837.266 3934.56 -5565.41 6867.8 -1 1
event 2
-7167.18 -1535.64 -23179.2 24507
-8694.08 -7151.46 -43967.6 45491.4
-3477.19 -2316.69 -11773.8 12493.7 -1 1
-3689.99 781.046 -11405.4 12013.3 1 1
-3668.28 -5007.86 -23826.9 24622.5 1 2
-5025.8 -2143.6 -20140.7 20869 -1 2
event 3
13997.4 -17642.1 40637.9 46563.9
-1642.58 9376.81 1955.1 10199.8
-1125.56 7355.93 2793.32 7949.24 1 2
7862.82 -7813.07 18174.6 21288.4 -1 1
-517.026 2020.87 -838.219 2250.56 -1 2
6134.6 -9828.99 22463.3 25275.5 1 1
event 4
2544.15 -8172 -32510.7 33760.8
5777.3 5041.06 16971.3 18878.7
3428.08 1030.4 6488.02 7410.74 1 2
1240.97 -3097.06 -18568.9 18866.6 -1 1
1303.17 -5074.94 -13941.7 14894.2 1 1
2349.22 4010.66 10483.3 11468 -1 2
event 5
5867.84 4617.18 -1464.66 8214.99
-6993.28 3878.59 20658.7 22367.8
-2600.99 1637.92 4333.61 5314.06 -1 2
1980.75 2102.21 -2055.25 3546.53 -1 1
-4392.29 2240.67 16325.1 17053.8 1 2
3887.08 2514.97 590.592 4668.45 1 1
event 6
6552.91 307.624 -22088.9 23249.7
-1668.4 -7994.83 42062.9 42960.2
3876.84 5.25746 -7825.01 8733.38 1 1
2676.07 302.367 -14263.9 14516.3 -1 1
-2103.5 -3837.9 25781.7 26150.8 -1 2
435.099 -4156.93 16281.2 16809.4 1 2
event 7
6874.74 7711.53 11295.3 15617.4
-2317.26 -4520.99 3436.58 6871.05
4275.12 3504.9 7799.52 9560.58 -1 1
2599.61 4206.63 3495.75 6056.83 1 1
-2795.76 -2153.08 1963.86 4039.8 -1 2
478.502 -2367.91 1472.72 2831.26 1 2
event 8
-11324.2 9586.74 62080.9 63904.4
-9595.84 2438.35 34856 36367
-6404.15 817.126 17695.3 18836.6 -1 2
-3624.26 2549.7 13252.6 13974.3 -1 1
-7699.94 7037.03 48828.3 49930.1 1 1
-3191.69 1621.22 17160.6 17530.4 1 2
event 9
-1502.53 -5610.88 11589.9 13328.8
-5168.27 9227.85 39766.2 41265.1
-156.809 -4092.69 9797.27 10619.4 1 1
-1345.72 -1518.19 1792.61 2709.33 -1 1
-1609.85 5300.2 16601.4 17501.5 -1 2
-3558.42 3927.65 23164.8 23763.6 1 2
event 10
-7514.55 3819.06 10026.9 13460.4
8498.02 -2109.46 -498.91 9300.87
4245.12 520.392 -39.6224 4278.39 1 2
-2162.07 315.706 4509.3 5011.91 -1 1
-5352.48 3503.36 5517.58 8448.51 1 1
4252.9 -2629.85 -459.288 5022.49 -1 2
event 11
-6822.53 681.465 -2983.55 8093.39
5949.71 5121.32 -33729.7 34769.4
2041.02 3069.46 -20303.6 20635.7 1 2
-1888.7 -718.243 -2048.33 2879.22 -1 1
-4933.83 1399.71 -935.212 5214.17 1 1
3908.69 2051.86 -13426.1 14133.6 -1 2
event 12
5386.73 -5296.43 5176.06 9667.04
-4413.13 6926.15 196.547 8779.36
1939.86 -4026.52 3167.58 5479.11 1 1
3446.87 -1269.91 2008.48 4187.93 -1 1
-3329.21 4729.45 -1269.92 5922.43 -1 2
-1083.91 2196.7 1466.47 2856.93 1 2
event 13
562.473 10706.1 19713 22652.4
-2713.65 -5342.42 -20626.4 21701.2
-2999.48 -2780.51 -11040.6 11774.3 -1 2
-733.293 3315.27 8563.37 9212.56 -1 1
1295.77 7390.83 11149.6 13439.8 1 1
285.834 -2561.91 -9585.81 9926.93 1 2
event 14
-8418.55 1682.29 25812.5 27378.4
-433.185 11712.4 28291.6 30779.4
-4520.43 579.966 9053.55 10136.5 1 1
-3898.12 1102.33 16758.9 17241.9 -1 1
139.735 8803.72 23983 25548.4 -1 2
-572.92 2908.63 4308.63 5231.04 1 2
event 15
-4990.76 -2966.47 -2937.74 7206.17
-9443.96 1565.47 20976.2 23264.4
-2586.82 -2284.76 -143.2 3455.93 1 1
-2403.94 -681.71 -2794.54 3750.24 -1 1
-5346.61 1613.56 15097.8 16098 1 2
-4097.35 -48.086 5878.43 7166.43 -1 2
event 16
4818.3 5890.73 -22913.3 24341.8
-4274.36 4179.19 1506.99 6899.08
3831.65 2255.47 -12551.9 13316.5 1 1
986.654 3635.26 -10361.4 11025.3 -1 1
-563.179 2598.34 249.498 2672.44 -1 2
-3711.18 1580.85 1257.5 4226.63 1 2
event 17
2224.93 -13282.8 43256.8 45410.6
1223.01 -5844.42 4174.98 7916.71
1302.37 -8146.06 31198.8 32271.2 -1 1
922.567 -5136.73 12058 13139.4 1 1
72.1508 -3678.33 4029.32 5457.28 -1 2
1150.86 -2166.09 145.657 2459.43 1 2
event 18
8319.83 1523.75 2869.64 9453.43
2458.44 -6401.71 26454.7 27503.9
2388.45 -2187.69 9701.58 10228.5 1 2
2005.38 -866.178 213.537 2197.4 -1 1
6314.45 2389.93 2656.1 7256.03 1 1
69.9934 -4214.02 16753.1 17275.4 -1 2
event 19
-4946.06 3888.12 5076.58 8657.03
-272.012 8702.81 -3435.76 9859.41
-2351.28 3313.56 4229.09 5865.53 -1 1
-2594.79 574.558 847.498 2791.5 1 1
255.316 4454.74 -3342.97 5576.42 -1 2
-527.328 4248.07 -92.7943 4282.99 1 2
event 20
-54.1231 8488.8 4649.61 10162.3
4655.55 3259.57 -12047.9 13676.3
-1556.9 4279.14 2103.44 5017.03 -1 1
1502.78 4209.67 2546.17 5145.27 1 1
2484.73 1683.73 -3025.77 4263.25 -1 2
2170.82 1575.84 -9022.09 9413.02 1 2
event 21
-6833.54 -3765.65 8596.39 12015.2
1742.91 12180.7 7619.04 14933.9
2364.55 4232.1 3304.43 5867.89 -1 2
-1462.99 -2278.6 3766.18 4639.79 1 1
-621.638 7948.57 4314.61 9066.05 1 2
-5370.54 -1487.05 4830.21 7375.37 -1 1
event 22
7406.23 -7178.05 43531.4 44843.6
1100.53 -8792.63 -11747.4 15037.1
4504.77 -4677.9 33090.8 33722.2 -1 1
2901.46 -2500.15 10440.6 11121.4 1 1
-472.057 -6868.77 -8984.62 11319.8 -1 2
1572.59 -1923.86 -2762.76 3717.29 1 2
event 23
3316.11 9294.55 30173.6 31897.1
1374.77 6177.91 -10183.9 12383.9
540.049 5983.76 16788.3 17831.3 -1 1
2776.06 3310.79 13385.3 14065.7 1 1
1743.36 3266.99 -3557.35 5136 -1 2
-368.59 2910.92 -6626.55 7247.87 1 2
event 24
8572.85 6600.52 -4629.09 12168.8
-978.312 6869.59 -1047.83 7670.54
-1801.23 2778.8 184.558 3318.35 -1 2
2220.95 665.962 -2060.78 3103.89 -1 1
6351.89 5934.56 -2568.31 9064.93 1 1
822.921 4090.78 -1232.38 4352.2 1 2
event 25
-2018.65 12621.3 -24637.7 27928.1
-4630.9 -4153.79 666.27 6980.97
-600.996 9456.17 -20046.5 22173.3 -1 1
-1417.65 3165.16 -4591.15 5754.81 1 1
-2222.6 -112.55 -3.36381 2227.95 -1 2
-2408.31 -4041.24 669.634 4753.01 1 2
event 26
-1478.63 8990.42 -25638.6 27385.1
542.35 -8188.31 35432.6 36556.8
-1464.13 -3197.3 16716.6 17082.8 1 2
-1756.27 2215.99 -6922.93 7478.85 -1 1
277.643 6774.43 -18715.7 19906.2 1 1
2006.48 -4991.01 18716 19474 -1 2
event 27
6884.22 1824.78 -1089.55 7842.23
-1050.08 6368.87 13032.7 14869.6
4459.81 -250.932 -1265.98 4644 -1 1
2424.41 2075.71 176.435 3198.22 1 1
725.675 2560.91 3118.37 4101.25 -1 2
-1775.75 3807.96 9914.3 10768.4 1 2
event 28
-5680.44 -1103.46 -5095.67 8309.17
4655.54 -9105.96 12357.8 16337
-4104.38 682.944 -3519.5 5450.72 1 1
-1576.06 -1786.4 -1576.17 2858.44 -1 1
1349.75 -5719.48 7792.56 9760.6 1 2
3305.79 -3386.48 4565.19 6576.37 -1 2
event 29
-5971.52 -276.172 2687.56 7519.57
6836.77 3188.4 4401.79 9266.87
3822.31 433.082 1067.34 3993.5 -1 2
-1591.78 -1592.41 1741.17 2848.22 1 1
-4379.74 1316.24 946.385 4671.34 -1 1
3014.46 2755.31 3334.45 5273.37 1 2
event 30
-9205.91 -2343.45 -37.4782 10189.7
-1662.75 -5331.35 12668.5 14187
495.614 -3191.8 7848.8 8488.11 1 2
-4070.73 -1767.51 1675.4 4744.8 -1 1
-2158.37 -2139.55 4819.7 5698.85 -1 2
-5135.18 -575.942 -1712.88 5444.9 1 1
event 31
-1143.19 5165.4 19010.9 19974.8
-7947.61 -2598.86 -14953.9 17525
-2194 2971.31 11408.1 11991.6 -1 1
1050.81 2194.1 7602.74 7983.18 1 1
-3860.59 -3052.66 -6831.9 8420.74 -1 2
-4087.02 453.8 -8122.04 9104.3 1 2
event 32
1509.49 -7783.54 -19469.5 21248.9
-1765.89 15158.7 -61460.8 63402.9
577.9 5771.21 -19743.5 20578.1 1 2
1616.02 -1706.52 -6823.44 7217.64 -1 1
-2343.79 9387.52 -41717.3 42824.8 -1 2
-106.534 -6077.02 -12646.1 14031.3 1 1
event 33
-6460.09 -1297.1 -5182.3 8936.6
-37918.4 -4317.7 -151128 155903
-4646.11 500.779 -3840.75 6049.76 1 1
-1813.98 -1797.88 -1341.56 2886.84 -1 1
-23493.7 -1168.64 -93420.1 96336.1 1 2
-14424.6 -3149.06 -57708.3 59567.2 -1 2
event 34
-4637.29 7979.47 -5544.06 11202.9
-5834.45 2091.51 14013.6 15760.2
-1654.05 5541.27 -4087.96 7082.67 1 1
-2983.24 2438.2 -1456.09 4120.19 -1 1
-2108.98 -1023.44 4904.52 5436.98 -1 2
-3725.48 3114.95 9109.13 10323.2 1 2
event 35
-5691.25 5257.44 3405.55 9012.37
4039.4 -7619.58 -20358.2 22325.4
-2241.03 3360.61 404.94 4060.92 -1 1
-3450.23 1896.83 3000.61 4951.45 1 1
3192.41 -5314.62 -17442.6 18511.9 -1 2
846.985 -2304.96 -2915.6 3813.41 1 2
event 36
-3335.35 4381.7 -8751.67 10793.9
6830.08 -7912.72 -6333.59 12765.6
2797.36 -1208.1 -712.232 3131 -1 2
-2136.92 479.274 -2484.1 3313.31 -1 1
4032.72 -6704.62 -5621.36 9634.6 1 2
-1198.43 3902.43 -6267.57 7480.56 1 1
event 37
-5423.24 4086.86 -14696.8 16483.4
3384.95 -8138.84 10942.9 14388.7
-123.954 -3530.9 4552.1 5763.28 1 2
-1189.77 2633.29 -7086.14 7653.39 -1 1
3508.9 -4607.94 6390.77 8625.47 -1 2
-4233.47 1453.57 -7610.65 8829.97 1 1
event 38
-279.127 -7661.04 5834.21 10119.2
195.561 -7318.35 29002.8 30072.4
-738.283 -5392.58 24331.4 24933 1 2
1156.82 -3727.15 3853.26 5485.31 -1 1
933.844 -1925.77 4671.36 5139.4 -1 2
-1435.95 -3933.9 1980.95 4633.88 1 1
event 39
3869.74 -10401.8 -54032.5 55247.4
-5732.8 -5893.89 6073.46 10680.9
-3269.95 -2769.91 4945.2 6544.55 1 2
2958.7 -3707.39 -20668.7 21206.3 1 1
-2462.85 -3123.99 1128.25 4136.31 -1 2
911.043 -6694.42 -33363.8 34041.2 -1 1
event 40
-9841.58 2737.22 -3050.85 11101.7
2517.42 3359.35 -14874.3 15762.6
-6064.3 764.566 -3066.01 6838.99 -1 1
-3777.28 1972.66 15.1628 4262.7 1 1
460.884 3041.99 -9956.43 10421.5 -1 2
2056.54 317.362 -4917.88 5341.05 1 2
event 41
1238.25 -7512.03 -6732.24 10624.3
-9302.21 -598.346 5952.69 11485.4
-165.439 -4247.57 -5291.99 6788.63 1 1
1403.69 -3264.46 -1440.24 3835.69 -1 1
-4856.23 65.5608 4831.04 6851.09 1 2
-4445.97 -663.906 1121.65 4634.3 -1 2
event 42
3553.68 -5217.42 -3535.19 7870.14
579.611 14112.8 -7734.25 16398.7
2994.38 -1938.02 -2592.73 4410.85 -1 1
559.303 -3279.4 -942.466 3459.29 1 1
50.981 9121.54 -6578.98 11247.2 1 2
528.63 4991.27 -1155.27 5151.51 -1 2
event 43
8021.4 -2510.18 -6576.59 11112.5
-4385.63 -4347.76 -4406.57 8194.27
-3846.95 -1761.15 -3091.4 5241.05 -1 2
3676.47 -938.577 -4895.2 6194.48 1 1
4344.92 -1571.6 -1681.39 4917.98 -1 1
-538.68 -2586.61 -1315.16 2953.22 1 2
event 44
-2547.3 -5480.68 6748.27 9573.68
1977.51 -11273.3 55956.5 57233.9
-1897.52 -3336.27 6153.25 7252.93 -1 1
-649.785 -2144.4 595.015 2320.75 1 1
432.422 -6615.4 39789 40337.7 1 2
1545.09 -4657.89 16167.5 16896.2 -1 2
event 45
-4704.94 -7106.43 -11073.3 14312.5
7625.6 4639.46 22024.4 23965.3
2459.6 3140 7888.08 8839.81 -1 2
-2811.21 -1602.57 -3656.97 4884.23 1 1
-1893.73 -5503.86 -7416.34 9428.25 -1 1
5166.01 1499.45 14136.3 15125.5 1 2
event 46
968.49 14622.3 24321.5 28563.6
-2950.55 8904.09 -15076.5 18024.5
-2161.33 4599.73 -10640 11792 1 2
1765.04 6198.18 11899.2 13532.8 -1 1
-789.218 4304.37 -4436.49 6232.5 -1 2
-796.552 8424.09 12422.3 15030.8 1 1
event 47
-3587.64 -4455.9 8880.96 11008.6
-10769.1 4161.51 -29750.3 32061.9
-3472.47 -2297.38 4559.21 6175.24 -1 1
-115.17 -2158.51 4321.75 4833.34 1 1
-5502.06 3757.61 -17104 18356.2 1 2
-5267.04 403.899 -12646.3 13705.7 -1 2
event 48
-4548.43 -7190.31 -47208.6 48069.1
5433.16 6852.41 11523.8 14794
1409.81 3591.04 6608.82 7653.16 1 2
-2584.98 -1447.51 -14040.5 14350.1 1 1
-1963.45 -5742.81 -33168.1 33719 -1 1
4023.35 3261.37 4914.95 7140.85 -1 2
event 49
-10064.9 -5554.64 -7614.78 14132.5
6036.84 782.842 -17474 18761.4
-5995.83 -4937.64 -4575.98 9015.6 1 1
-4069.03 -617.001 -3038.79 5116.94 -1 1
2080.74 -540.672 -9723.13 9958.53 -1 2
3956.1 1323.51 -7750.9 8802.85 1 2
event 50
5692.61 4217.39 -13215.6 15311.2
-5640.93 7862.88 19317.2 21917.8
-2522.6 3160.5 12086.6 12745.6 1 2
792.09 2332.02 -4676.02 5286.02 1 1
-3118.33 4702.38 7230.65 9172.23 -1 2
4900.52 1885.38 -8539.54 10025.2 -1 1
event 51
4723.87 1941.53 3920.59 7144.71
-19993.7 132.438 7696.41 21647
2304.13 2200.64 3386.54 4650.98 1 1
2419.74 -259.103 534.044 2493.72 -1 1
-11572.9 -988.042 3268.12 12066.5 1 2
-8420.73 1120.48 4428.29 9580.45 -1 2
event 52
1410.87 6871.49 30031.1 30994.6
6326.16 -6250.23 22742.6 24615.1
1871.99 -3425.04 12470.3 13067.4 -1 2
-593.519 2221.31 13831.4 14021.6 -1 1
4454.17 -2825.19 10272.2 11547.8 1 2
2004.38 4650.19 16199.8 16973.1 1 1
event 53
-7046.18 1604.27 26872.3 27998.8
3731.43 6822.88 32549.2 33667.7
188.979 4066.72 17186.7 17662.6 -1 2
-1925.96 -564.32 10955.8 11138.6 -1 1
-5120.22 2168.59 15916.5 16860.2 1 1
3542.45 2756.16 15362.6 16005.1 1 2
event 54
-9584.65 -2407.22 40598.9 41898.9
-7444.06 6676.53 -1416.08 10563.4
-4640.03 -2736.8 20161.4 20868.9 1 1
-4944.61 329.575 20437.5 21030 -1 1
-3501.85 4408.24 444.214 5648.36 -1 2
-3942.21 2268.29 -1860.29 4915.08 1 2
event 55
1633 -5798.21 710.557 6810.41
9553.81 -4083.68 -4809.62 11860.7
1568.55 -2937.72 1751.08 3764.04 1 1
64.4458 -2860.49 -1040.52 3046.37 -1 1
5210.46 -3541.17 -1817.99 6557.82 1 2
4343.35 -542.506 -2991.64 5302.83 -1 2
event 56
11756.8 1054.42 10025.5 15793.5
-1706.86 -3950.38 8938.84 10392.8
-2467.65 -2011.1 5936.78 6737.24 1 2
4711.57 578.696 2140.41 5208.29 -1 1
760.795 -1939.28 3002.06 3655.57 -1 2
7045.19 475.727 7885.09 10585.2 1 1
event 57
6948.77 3933.14 11583.7 14405.8
508.689 7033.84 27765.8 28814.3
1636.69 3088.5 15113.9 15513.2 -1 2
2783.91 -68.8581 3694.98 4628.05 -1 1
4164.86 4001.99 7888.71 9777.78 1 1
-1128 3945.34 12651.8 13301 1 2
event 58
-5632.82 27.9196 -12570 14118.3
-4991.77 -9589.56 11836.7 16327.2
-3143.16 1518.81 -7556.3 8324.36 1 1
-2489.66 -1490.89 -5013.74 5793.96 -1 1
-3510.79 -4505.46 4468.18 7252.63 1 2
-1480.98 -5084.09 7368.53 9074.57 -1 2
event 59
4696.52 -6941.15 2003.31 9156.38
7422.48 2996.03 -4054.29 9491.98
4964.45 3493.17 -2791.07 6682.01 1 2
790 -3189.42 -232.699 3295.73 1 1
2458.03 -497.146 -1263.22 2809.97 -1 2
3906.52 -3751.73 2236.01 5860.66 -1 1
event 60
-5838.12 6354.37 9347.29 13092.9
5700.23 667.337 -15168 16510.5
-4679.87 3448.55 4633.56 7434.69 -1 1
-1158.26 2905.82 4713.73 5658.25 1 1
1380.45 1529.1 -3905.18 4416.49 -1 2
4319.77 -861.765 -11262.8 12094 1 2
event 61
-9140.49 -7956.13 -18760.4 22547.5
12809.7 -1221.27 37842.4 40090.1
-5698.64 -3049.55 -8734.15 10866 -1 1
-3441.86 -4906.58 -10026.2 11681.5 1 1
8950.24 15.9578 22342.6 24068.9 -1 2
3859.49 -1237.23 15499.7 16021.2 1 2
event 62
10702.5 -12687.6 -6596.74 18128.1
-3877.44 7644.83 -6478.86 11182.3
5691.54 -6181.56 -4946.56 9751.15 -1 1
5011 -6506.07 -1650.18 8376.95 1 1
-1828.78 6499.75 -5052.44 8433.83 -1 2
-2048.65 1145.09 -1426.42 2748.46 1 2
event 63
-4155.77 7354.38 -21368.9 23185.7
-1502.18 9420.56 20447.9 22775.2
-2109.32 3959.95 8113.31 9271.86 -1 2
-649.617 4201.3 -9223.98 10157.1 1 1
607.131 5460.61 12334.6 13503.4 1 2
-3506.16 3153.08 -12145 13028.7 -1 1
event 64
1156.7 -7909.9 5833.62 10369.5
9209.59 1005.73 15668.1 18463.7
6921.17 2093.87 11670.1 13729.2 1 2
-489.041 -3422.35 3898.91 5211.94 1 1
2288.42 -1088.14 3997.9 4734.48 -1 2
1645.74 -4487.55 1934.7 5157.6 -1 1
event 65
21.8869 7987.59 -7286.52 11246.6
-8490.66 516.616 14139.6 16789.2
-3420.96 -1077.57 7231.37 8072.67 1 2
1404.96 2774.33 -2034.98 3717.95 -1 1
-1383.07 5213.26 -5251.54 7528.66 1 1
-5069.71 1594.19 6908.25 8716.56 -1 2
event 66
5248.24 14532.7 24034.9 28740.4
4145.76 3884.95 4808.13 8061.61
3723.49 1468.34 3210.27 5132 -1 2
-79.7892 3387.17 4675.77 5775.23 -1 1
5328.03 11145.6 19359.1 22965.1 1 1
422.268 2416.61 1597.85 2929.61 1 2
event 67
-8480.99 -896.496 5196.47 10455.9
-11551.4 -5242.77 -33041.9 35584.8
-3645.64 -1920.95 -6547.9 7737.37 1 2
-2052.26 567.33 2616.4 3374.96 -1 1
-7905.79 -3321.82 -26494 27847.4 -1 2
-6428.73 -1463.83 2580.07 7080.9 1 1
event 68
908.383 9326.9 51881.6 52812
-7219.82 -5392.01 11119.9 14643.8
-3055.06 -2310.52 2464.86 4556.16 1 2
1451.91 1815.54 11234 11472.5 1 1
-543.529 7511.36 40647.6 41339.5 -1 1
-4164.76 -3081.49 8655 10087.7 -1 2
event 69
19178.6 -16756.8 -12153.3 28388.4
117.114 -8749.62 18974.4 21123.2
15089.4 -13378.8 -8189.38 21766 1 1
4089.16 -3378.03 -3963.95 6622.42 -1 1
-1239.75 -2950.67 8349.24 8942.28 -1 2
1356.87 -5798.95 10625.2 12180.9 1 2
event 70
-6288.43 3901.01 -14366.7 16454.7
-4873.91 -6931.05 5834.05 10743.4
-2767.24 -6088.57 4880.52 8280.03 1 2
-3457.93 534.79 -7811.47 8559.99 1 1
-2106.67 -842.488 953.531 2463.38 -1 2
-2830.5 3366.22 -6555.27 7894.67 -1 1
event 71
9640.34 3796.45 1690.25 10945.2
1473.64 9689.78 -7205.63 12552.9
6038.68 1111.24 -8.75353 6140.99 -1 1
3601.66 2685.21 1699 4804.17 1 1
2090.03 3771.78 -3357.87 5466.35 -1 2
-616.388 5918 -3847.76 7086.54 1 2
event 72
2603.1 -5347.72 7831.03 10309.7
1909.52 -8775.45 -3629.92 10169.6
2652.51 -2522.14 3099.19 4797.2 1 1
-49.4018 -2825.59 4731.84 5512.52 -1 1
746.573 -4852.48 -3578.45 6076.22 1 2
1162.94 -3922.96 -51.4645 4093.4 -1 2
event 73
-551.535 5446.96 6211.22 9063.01
3444.76 -8245.81 -4966.8 10682.6
2651.83 -3462.96 -1151.43 4512.35 -1 2
1500.58 1374.51 1855.68 2756.04 1 1
792.929 -4782.85 -3815.36 6170.3 1 2
-2052.12 4072.45 4355.54 6306.97 -1 1
event 74
3124.93 -6548.51 -7181.87 10668.6
-10495.7 1667.8 -4190.23 11835.9
-7650.59 2219.27 -2034.1 8222.25 1 2
142.197 -3876.27 -3391.65 5153.66 1 1
-2845.09 -551.473 -2156.14 3613.69 -1 2
2982.73 -2672.23 -3790.21 5514.92 -1 1
event 75
9202.84 -5348.55 14355 18137.2
-10047.9 3837.99 -8351.63 13965.3
-8383.18 2720.51 -5215.84 10241.8 1 2
2757.69 -3227.26 6404.54 7684.36 1 1
-1664.69 1117.49 -3135.79 3723.48 -1 2
6445.15 -2121.29 7950.47 10452.8 -1 1
event 76
7206.28 9115.08 -14070.5 18509.1
-10146.7 2075.9 29884.9 31779.9
4878.39 5883.59 -11353.3 13686.6 -1 1
2327.88 3231.5 -2717.27 4822.49 1 1
-8310.51 444.23 22063.1 23580.8 -1 2
-1836.14 1631.67 7821.79 8199.1 1 2
event 77
4746.39 -6125.46 -8491.81 11905.9
6394.99 4893.23 -28376.4 29658.9
3006.77 556.878 -8475.27 9010.67 -1 2
1827.34 -1958.63 -1025.08 2870.08 -1 1
3388.22 4336.36 -19901.1 20648.2 1 2
2919.04 -4166.83 -7466.72 9035.84 1 1
event 78
-1242.07 -12958.5 1190.24 13434
-2992.94 -4966.82 -25153.2 25998.1
-376.026 -8244.8 2184.46 8538.22 1 1
-866.043 -4713.69 -994.217 4895.77 -1 1
-962.547 -4019.35 -13064.2 13702.8 -1 2
-2030.39 -947.474 -12088.9 12295.2 1 2
event 79
9747.25 -3332.94 49749.3 50898.9
2570.08 4948.49 4945.22 8070.88
671.305 3069.04 987.87 3294.95 1 2
4512.98 -2328.99 30718 31135.1 -1 1
1898.78 1879.45 3957.35 4775.93 -1 2
5234.27 -1003.95 19031.3 19763.8 1 1
event 80
10658.9 -4671.38 -55854.2 57137.7
2037.35 -8915.88 14763.4 17640.7
1502.93 -4644.14 10506 11585 1 2
4973.29 -547.047 -24577.1 25081.4 -1 1
534.421 -4271.74 4257.45 6055.61 -1 2
5685.59 -4124.34 -31277.1 32056.3 1 1
event 81
8824.23 -6094.76 2312.19 11399.5
-6923.92 2069.05 5171.18 9410.3
-2780.85 2217.72 3327.59 4871.9 -1 2
3051.61 -1344.56 2055.16 3918.55 1 1
5772.62 -4750.2 257.027 7480.96 -1 1
-4143.06 -148.668 1843.59 4538.4 1 2
event 82
206.226 -11546.1 2886.26 12299.4
-2656.9 -4064.3 13690.9 14852.9
-164.134 -6495.4 59.2536 6498.6 -1 1
370.36 -5050.66 2827.01 5800.81 1 1
-2758.74 -1970.86 6127.07 7003.36 -1 2
101.844 -2093.44 7563.82 7849.55 1 2
event 83
-5109.59 6849.8 -19119.8 21170.4
2676.66 6645.61 -4880.26 9205.25
-4329.23 3292.71 -11828.7 13019.7 -1 1
-780.358 3557.09 -7291.12 8150.67 1 1
-370.542 3058.65 -2207.7 3791.8 -1 2
3047.2 3586.96 -2672.56 5413.45 1 2
event 84
11405 -4337.32 -8343.54 15102.7
-5290.95 -5833.38 -22624 24154.9
-2843.54 -2485.04 -15072.8 15539 -1 2
2339.53 -265.593 -423.985 2394.76 1 1
9065.44 -4071.73 -7919.56 12707.9 -1 1
-2447.41 -3348.34 -7551.27 8615.92 1 2
event 85
791.422 -4545.57 -18183.4 19013.6
-10887.3 11098.9 20079.5 25583.1
-821.376 -3203.35 -8892.74 9488.31 -1 1
1612.8 -1342.22 -9290.68 9525.26 1 1
-6197.9 8350.55 12626.6 16358.1 1 2
-4689.36 2748.35 7452.89 9224.98 -1 2
event 86
-6091.01 1574.26 1515.91 7173.91
10852.5 20070.4 39258.5 45512.9
-3169.95 2006.55 1878.49 4196.99 1 1
-2921.06 -432.287 -362.574 2976.93 -1 1
6907.68 9908.18 22057 25147.8 1 2
3944.85 10162.2 17201.5 20365.1 -1 2
event 87
2753.24 -10403.2 450.174 11207.2
5003.67 -2291.29 23371.7 24209.8
2878.41 -4839.78 263.875 5638.22 -1 1
-125.173 -5563.42 186.299 5568.94 1 1
2744.32 -2597.32 11054.6 11683 -1 2
2259.35 306.032 12317.1 12526.8 1 2
event 88
-4381.68 -6534.68 14542.2 16821.6
12622.5 -35.7818 20709.9 24450.3
3512.73 25.3861 3403.26 4892.16 1 2
-1220.29 -2493.93 2523.95 3753.71 1 1
9109.72 -61.1679 17306.6 19558.2 -1 2
-3161.39 -4040.75 12018.2 13067.9 -1 1
event 89
4016.06 11387 -11123.4 16706.7
-11010.9 5440.15 -57994.7 59361.7
-3587.55 3237.2 -18970.3 19576.4 1 2
756.503 2800.5 -4605.71 5444.16 1 1
3259.56 8586.54 -6517.67 11262.5 -1 1
-7423.37 2202.95 -39024.3 39785.3 -1 2
event 90
12383.7 -1926.76 43109 45000.5
4657.89 -3699.88 3895.65 7755.7
8191.32 -422.099 31917.3 32954.6 1 1
4192.39 -1504.66 11191.7 12046 -1 1
2779.36 -2369.87 552.737 3695.65 -1 2
1878.53 -1330 3342.91 4060.05 1 2
event 91
-22258.9 9803.83 4198.31 24875.5
6585.43 2968.93 -14029.1 16080.7
-13925.4 6886.78 4004.54 16043.4 -1 1
-8333.55 2917.06 193.766 8832.1 1 1
3397.51 2716.44 -10209.4 11098 -1 2
3187.92 252.491 -3819.68 4982.74 1 2
event 92
3436.36 -3510.96 -6666.18 8841
1859.89 7593.65 7677.14 11386.5
1234.97 -3372.97 -4316.1 5616.22 -1 1
2201.39 -137.997 -2350.08 3224.78 1 1
-546.192 4255.77 4011.24 5874.62 1 2
2406.08 3337.88 3665.9 5511.86 -1 2
event 93
-5994.24 -614.079 8878.57 11168.2
7343.32 521.496 -516.821 8003.39
3243.6 -910.233 800.33 3464.27 -1 2
-2079.6 318.962 5577.73 5962.27 -1 1
4099.72 1431.73 -1317.15 4539.12 1 2
-3914.64 -933.042 3300.84 5205.93 1 1
event 94
-8282.89 10707.9 -7201.26 15643.4
5963.05 -1260.36 22105.6 23138.6
-4112.22 6886.95 -2875.54 8521.76 1 1
-4170.67 3820.96 -4325.72 7121.6 -1 1
3558.27 -1578.43 17544.9 17971.9 -1 2
2404.77 318.07 4560.64 5166.69 1 2
event 95
9857.3 -4652.94 40552.5 42106
8234.17 1357.1 -8372.78 12220.4
3397.07 2112.76 -3911.08 5595.67 -1 2
3294.41 -916.637 8229.47 8912.28 -1 1
6562.9 -3736.31 32323 33193.7 1 1
4837.09 -755.661 -4461.7 6624.68 1 2
event 96
3195.9 8200.93 2096.85 9563.31
-1223.42 5062.22 -9904.8 11611.1
3237.31 4087.92 1217.97 5355.92 -1 1
-41.4097 4113.01 878.881 4207.4 1 1
412.256 3405.26 -7572.86 8314.16 -1 2
-1635.67 1656.96 -2331.94 3296.97 1 2
event 97
7179.15 3814.3 -31037.5 32233.7
-6325.7 -7217.8 1349.52 10174.6
-3060.75 -4831.46 2034.95 6071.52 1 2
4240.19 661.429 -13108 13793 -1 1
-3264.94 -2386.34 -685.436 4103.1 -1 2
2938.96 3152.87 -17929.5 18440.6 1 1
event 98
3166.19 5685.98 -7511.23 10409.9
4001.87 -4976.73 -12841.2 14672.1
569.556 4030.98 -4898.05 6369.88 -1 1
2596.63 1655 -2613.18 4039.97 1 1
3709.65 -2573.37 -9742.38 10738.2 -1 2
292.22 -2403.37 -3098.8 3933.87 1 2
event 99
4792.45 10198.3 -2209.51 11893.1
-3097.73 12267.7 65698.7 66977.7
-2105.8 2888.28 19671.3 19993.7 1 2
2378.32 2625.51 301.528 3556.94 -1 1
-991.932 9379.44 46027.4 46984 -1 2
2414.13 7572.82 -2511.04 8336.19 1 1
event 100
-10177.6 2161.87 29349.3 31292.7
1939.77 -5264.31 -31729.5 32370.2
-5466.64 825.623 11151.2 12447 -1 1
-4710.95 1336.25 18198.1 18845.7 1 1
2579.66 -2632.54 -17362.5 17749.7 -1 2
-639.891 -2631.77 -14367 14620.5 1 2
event 101
-3708.48 6383.8 2141.06 8287.35
-4811.8 -5563.15 -9553.47 12448.5
-1473.36 3809.12 -294.267 4096.09 1 1
-2235.11 2574.67 2435.32 4191.26 -1 1
-2446.49 -3845.49 -7809.78 9043.06 -1 2
-2365.32 -1717.67 -1743.68 3405.39 1 2
event 102
-16751.5 16529.1 -85681.9 88909
-9927.22 3410.72 -49963.4 51147.9
-4926.61 2323.53 -32364.1 32819.5 1 2
-6391.91 7401.01 -30717.3 32236.6 -1 1
-5000.61 1087.18 -17599.3 18328.5 -1 2
-10359.6 9128.13 -54964.6 56672.4 1 1
event 103
28.1515 6699.48 272.146 7385.71
11432.1 8407.14 19828.8 24579.4
1777.01 2577.49 5664.09 6472.58 1 2
-485.824 2050.12 1451.28 2560.55 1 1
9655.13 5829.65 14164.7 18106.8 -1 2
513.976 4649.36 -1179.14 4825.17 -1 1
event 104
3598.41 3372.72 -10328.7 11857.3
6196.54 14280.5 -75692.4 77338.6
1096.24 3090.64 -6351.38 7148.78 -1 1
2502.17 282.08 -3977.29 4708.55 1 1
3643.26 7098.97 -45775.3 46465.7 1 2
2553.27 7181.57 -29917.1 30873 -1 2
event 105
-3630.84 3160.15 -2405.19 6208.52
9122.23 9561.21 45096.6 47094.8
-3491.81 1149.58 -1842.41 4113.39 -1 1
-139.03 2010.57 -562.783 2095.14 1 1
6028.79 4305.73 22434.1 23625.9 -1 2
3093.44 5255.48 22662.5 23468.9 1 2
event 106
9613.27 552.274 23269.9 25373.2
1111.16 -4486.58 -2967.62 6305.73
2113.29 -2137.46 -1603.01 3408.15 1 2
4751.94 -900.129 13893 14711.2 1 1
-1002.13 -2349.12 -1364.61 2897.57 -1 2
4861.33 1452.4 9376.88 10662 -1 1
event 107
4623.14 -5655.81 29434.9 30485.5
-7659.29 8737.41 -25346.8 28054.6
-5618.67 7106.4 -22106.8 23891.3 1 2
677.897 -3224.71 11894.9 12343.3 1 1
-2040.62 1631.02 -3240.02 4163.32 -1 2
3945.25 -2431.1 17540 18142.1 -1 1
event 108
-3800.12 6552.24 20798.6 22350.5
5433.65 -991.449 -2475.88 6799.19
-3518.75 3025.43 12035 12899.1 -1 1
-281.37 3526.81 8763.58 9451.4 1 1
2036.63 1122.35 -824.425 2469.49 -1 2
3397.01 -2113.8 -1651.46 4329.7 1 2
event 109
7911.42 -9499.64 8733.21 15449.7
-7702.7 -3625.22 29071.5 30450.3
4677.49 -6691.23 4090.18 9131.94 1 1
3233.92 -2808.41 4643.03 6317.78 -1 1
-3398.09 -502.665 15438.3 15816.2 -1 2
-4304.61 -3122.55 13633.2 14634.1 1 2
event 110
-14658.8 -10521 -74094.6 76322.8
-4324.04 5984.42 9674.11 12557.5
-7305.98 -5942.34 -32573.2 33907.4 1 1
-7352.79 -4578.69 -41521.4 42415.4 -1 1
-4078.26 3294.16 7083.61 8813.19 -1 2
-245.783 2690.26 2590.5 3744.3 1 2
event 111
-9895.74 -6204.22 -17589.5 21340.1
8110.83 8468.63 -7220.78 14115
3389.37 4715.34 -2017.29 6148.41 -1 2
-3863.11 -1347.31 -4151.58 5829.72 1 1
-6032.64 -4856.91 -13438 15510.4 -1 1
4721.46 3753.29 -5203.48 7966.6 1 2
event 112
-14777.6 17492.8 -36022.9 42797.4
-5404.04 -3665.19 24203.9 25259.8
-1895.57 -3023.27 10132.3 10742.8 1 2
-4181.39 5554.31 -8514.62 10992.9 1 1
-3508.47 -641.917 14071.6 14517 -1 2
-10596.2 11938.5 -27508.2 31804.4 -1 1
event 113
-7091.05 154.233 12831.4 14984.7
4633.62 -3288.34 2720.11 7019.52
4093.25 -1168.46 1514.35 4519.33 1 2
-3214.76 -1467.74 5770.33 6767.33 1 1
540.377 -2119.88 1205.76 2500.19 -1 2
-3876.3 1621.97 7061.03 8217.4 -1 1
event 114
6088.81 -2791.37 12633.6 14631
-6867.24 -2469.28 -107.859 7928.37
-5576.33 -904.51 794.312 5705.76 1 2
1791.17 -2481.05 4925.76 5799.84 1 1
-1290.91 -1564.77 -902.172 2222.61 -1 2
4297.63 -310.323 7707.89 8831.12 -1 1
event 115
3206.12 6669.01 -979.582 8081.18
-1895.45 9371.58 5690.14 11549.4
270.088 4089.85 -280.055 4109.67 1 1
2936.03 2579.16 -699.527 3971.5 -1 1
-468.592 5354.18 4769.67 7186.64 1 2
-1426.86 4017.4 920.468 4362.78 -1 2
event 116
-4761.35 7902.41 39714.3 40889.3
7405.11 -762.108 6235.03 10192.3
-3901.3 3512.57 20681.6 21337.7 -1 1
-860.047 4389.84 19032.7 19551.6 1 1
3194.91 1161.39 2198.57 4049.83 -1 2
4210.2 -1923.5 4036.46 6142.46 1 2
event 117
-904.195 -5955.46 11095.9 12999.8
-14458.1 6934.79 -10425.2 19375.3
735.396 -3752.17 7950.74 8822.98 1 1
-1639.59 -2203.29 3145.16 4176.83 -1 1
-7669.04 4892.15 -7120.82 11552.7 1 2
-6789.05 2042.64 -3304.35 7822.63 -1 2
event 118
-16612.6 -1823.2 -41895.6 45212.1
-1729.79 -5701.89 1513.54 6883.7
-2469.47 -3294.27 1435.95 4361.61 -1 2
-3259.98 -1539.34 -10130 10752.9 -1 1
-13352.6 -283.86 -31765.6 34459.2 1 1
739.688 -2407.62 77.598 2522.09 1 2
event 119
4588.59 -4503.18 17411.5 18817.1
5623.12 4206.11 8339.65 11333.7
3163.53 970.604 5333.15 6277.23 1 2
787.029 -2019.12 8996.27 9254.21 1 1
3801.56 -2484.06 8415.19 9562.9 -1 1
2459.59 3235.5 3006.5 5056.51 -1 2
event 120
5236.97 -3463.51 -35511.4 36194.9
-5129.27 5715.87 -11888.6 14488.3
-936.836 3065.36 -5865.81 6685.28 1 2
2089.91 8.68688 -7193.1 7491.31 -1 1
-4192.43 2650.51 -6022.81 7803.02 -1 2
3147.06 -3472.19 -28318.3 28703.6 1 1
event 121
-8780.02 13712.8 36756.1 40320.3
3079.73 -5919.74 34903.7 35670.5
-5740.17 9421.41 28140.2 30225.7 -1 1
-3039.85 4291.36 8615.87 10094.6 1 1
548.661 -3827.7 22942.5 23266.3 -1 2
2531.07 -2092.04 11961.2 12404.2 1 2
event 122
-4188.05 2198.94 9229.25 10823.4
534.717 8306.74 -2389.79 9411.99
-3049.15 542.657 7685.38 8286.62 1 1
-1138.89 1656.28 1543.87 2536.74 -1 1
1671.18 4351.61 -2506.76 5293.8 1 2
-1136.46 3955.13 116.963 4118.19 -1 2
event 123
7396.73 4374.42 -17572.9 19805.2
-9554.49 -8432.52 -13775.5 19019.7
-3934.34 -1556.26 -4359.05 6075.65 1 2
2093.44 -230.345 -3911.63 4443.82 -1 1
-5620.15 -6876.26 -9416.43 12944.1 -1 2
5303.3 4604.77 -13661.3 15361.3 1 1
event 124
-13998 -27295.9 -63747.3 70811.8
1095.32 -4388.58 3493.38 6500.3
-10458.3 -21630.4 -52358.9 57608.3 1 1
-3539.7 -5665.44 -11388.4 13203.6 -1 1
-614.754 -3209.01 1422.73 3565.25 -1 2
1710.08 -1179.56 2070.65 2935.04 1 2
event 125
-4853.8 3669.13 -6850.78 9671.89
-9129.46 7445.01 3869.23 12780.3
-3020.27 2510.52 -2114.93 4461.93 1 1
-1833.52 1158.61 -4735.85 5209.96 -1 1
-4836.03 3538.57 376.6 6005.13 1 2
-4293.44 3906.44 3492.63 6775.21 -1 2
event 126
-9415.11 3570.2 1161.99 10785.6
802.021 -8335.52 23783.5 25404.1
-6063.07 704.37 -369.566 6115.94 1 1
-3352.04 2865.83 1531.55 4669.68 -1 1
878.576 -3310.52 13895.2 14311.5 -1 2
-76.555 -5025 9888.26 11092.6 1 2
event 127
7152.87 1765.54 10897.9 13661.3
3274.69 6239.27 -13054.1 15154.3
4391.7 -711.675 5005.78 6697.95 -1 1
2761.17 2477.21 5892.09 6963.37 1 1
2509.22 3748.91 -5232.24 6909.27 -1 2
765.466 2490.36 -7821.85 8245.01 1 2
event 128
4999.94 2235.81 7977.45 10160.2
3359.61 9072.46 31286.5 32894.3
3345.95 510.207 2583.15 4259.05 1 1
1653.99 1725.6 5394.29 5901.1 -1 1
2950.9 5054.22 14696.1 15818.9 1 2
408.71 4018.24 16590.4 17075.3 -1 2
event 129
5800.57 -689.334 -11744.7 13477.8
6990.53 7777.16 5840.7 12371.6
2513.39 2831.84 490.225 3819.41 -1 2
1529.48 -1563.38 -3098.95 3794.48 1 1
4477.14 4945.33 5350.47 8552.18 1 2
4271.09 874.045 -8645.71 9683.27 -1 1
event 130
10175.9 82.8848 -50889 51988.8
-7733.64 -3278.67 5799.25 10666.8
-5255.65 -2092.04 5517.95 7903 -1 2
3011.26 1280.28 -19257.3 19533.6 1 1
7164.6 -1197.4 -31631.7 32455.2 -1 1
-2477.99 -1186.63 281.298 2763.84 1 2
event 131
-7361.27 5858.42 -9580.97 13780.3
2558.14 7031.05 -26825.1 28020.6
-4947.43 2510.33 -4010.52 6846.48 -1 1
-2413.84 3348.09 -5570.45 6933.79 1 1
-73.3335 3067.93 -14209.6 14537.6 -1 2
2631.48 3963.12 -12615.4 13483 1 2
event 132
1146.03 -9884.65 41286.1 42581.1
-1158.91 -11455.1 -26452.3 29015.1
748.316 -4411.77 -7913.68 9091.82 -1 2
713.033 -3394.63 20783.5 21071.2 -1 1
-1907.22 -7043.29 -18538.6 19923.3 1 2
432.999 -6490.02 20502.6 21509.9 1 1
event 133
13600.9 -4087.59 -13516.2 19848.7
1624.39 -4986.89 -2477.82 6575.87
9403.71 -2152.94 -7281.27 12086.9 -1 1
4197.21 -1934.65 -6234.95 7761.78 1 1
-314.962 -3288.46 -539.814 3348.99 -1 2
1939.35 -1698.42 -1938.01 3226.88 1 2
event 134
-1950.64 -6865.87 -12845.6 15018.2
-7243.94 3304.73 25036.6 26454.1
-4061.84 655.81 15874.2 16399.1 1 2
-1881.48 -2103.16 -6466.82 7056.5 1 1
-69.1569 -4762.7 -6378.82 7961.7 -1 1
-3182.1 2648.92 9162.31 10054.9 -1 2
event 135
8584.38 2788.57 1667.42 9687.06
-3619.57 7732.86 -30048.9 31391.5
-458.841 4055.2 -10949 11685.4 1 2
2501.35 806.795 1962.3 3281.69 1 1
6083.03 1981.78 -294.879 6405.38 -1 1
-3160.73 3677.66 -19099.9 19706.2 -1 2
event 136
-7708.9 850.033 8398.84 11844
1299.05 -8176.17 -3971.27 9690.19
-4321.36 -899.423 5502.38 7054.82 1 1
-3387.54 1749.46 2896.46 4789.22 -1 1
208.649 -5901.34 -1365.41 6061.75 -1 2
1090.4 -2274.84 -2605.86 3628.44 1 2
event 137
7717.85 2838.67 -13561.4 16159.4
927.6 5009.49 -713.454 6004.78
2068.18 3290.4 -619.525 3936.89 1 2
4038.88 454.147 -8754.91 9652.9 -1 1
-1140.58 1719.09 -93.9287 2067.89 -1 2
3678.97 2384.53 -4806.51 6506.5 1 1
event 138
-2596.13 -4608.28 7041.79 9335.57
8041.29 8484.26 4411.95 12872.5
-272.232 -3108.32 2427.32 3954.59 -1 1
-2323.9 -1499.96 4614.47 5380.98 1 1
3478.22 5894.13 2475.29 7278.53 -1 2
4563.08 2590.13 1936.66 5593.95 1 2
event 139
10449.9 1329.36 62461.6 63419.3
3907.96 4541.07 5991.7 9021.34
3456.6 1889.34 4344.32 5865.32 1 2
3683.68 1937.87 21820 22213.7 -1 1
451.359 2651.73 1647.39 3156.02 -1 2
6766.24 -608.51 40641.6 41205.6 1 1
event 140
-1982.6 18957.9 -20592.9 28231
10742.7 8207.32 14979.7 20414.4
-960.356 15922.2 -18378.2 24335.3 -1 1
-1022.25 3035.67 -2214.67 3895.67 1 1
2321.35 1734.86 5310.59 6050.78 -1 2
8421.31 6472.46 9669.14 14363.7 1 2
event 141
-7876.07 -15627.3 -62605.8 65079.4
-4645.43 -6326.72 70.2896 8438.16
-3375.58 -2184 -551.53 4059.52 1 2
-956.544 -1850.54 -11904.2 12085.5 1 1
-6919.53 -13776.8 -50701.6 52993.8 -1 1
-1269.85 -4142.72 621.82 4378.64 -1 2
event 142
164.933 9988.65 5153.72 11659.8
-6125.88 -1724.05 -3415.16 7858.3
-3784 489.076 -2247.45 4429.45 1 2
-1384.15 4896.21 3065 5940.88 -1 1
-2341.87 -2213.13 -1167.71 3428.85 -1 2
1549.08 5092.44 2088.72 5718.96 1 1
event 143
-5013.95 2765.57 1866.91 6772.02
-648.491 8365.82 6945.89 11324.5
-2590.35 2415.25 2379.31 4267.97 -1 1
-2423.6 350.329 -512.399 2504.05 1 1
1193.33 4531.69 3522.9 5863.64 1 2
-1841.82 3834.12 3422.99 5460.85 -1 2
event 144
-2879.84 -3918.15 1847.58 6053.94
13687.3 9677.49 7355.2 18565.7
-2908.28 -1721.58 1850.74 3854.65 -1 1
28.4366 -2196.57 -3.16187 2199.3 1 1
10101.2 5460.06 4471.42 12322.8 1 2
3586.13 4217.43 2883.78 6242.95 -1 2
event 145
6096.89 -3584.09 2857.82 8232.62
-7687.32 4367.9 -26889 28474.2
-3723.27 1311.07 -16144.6 16620.5 1 2
1427.16 -2561.47 1231.06 3181.91 -1 1
-3964.05 3056.83 -10744.3 11853.7 -1 2
4669.73 -1022.63 1626.76 5050.71 1 1
event 146
-7922.52 -12028.5 -63950.7 65625.7
-6621.49 5394.24 26461.9 27977.9
-5121.27 -5702.08 -28948 29945.6 -1 1
-2801.24 -6326.39 -35002.7 35680.1 1 1
-4182.11 3942.54 12917.1 14138.5 -1 2
-2439.38 1451.71 13544.8 13839.4 1 2
event 147
-4170.09 -5091.8 9140.07 11681.1
5001.51 4291.03 30426.5 31285.6
2579.15 3514.53 23607.5 24006.9 1 2
-2754.17 -1228.21 2765.73 4093.21 -1 1
2422.35 776.506 6818.95 7278.73 -1 2
-1415.92 -3863.59 6374.34 7587.86 1 1
event 148
978.398 7549.39 -18577.7 20314.4
8598.31 -3624.76 -15365.4 18241.6
2623.65 -1782.93 -7835.34 8453.76 -1 2
-1002.65 2191.22 -4205.98 4848.52 -1 1
5974.66 -1841.82 -7530.05 9787.83 1 2
1981.05 5358.17 -14371.7 15465.8 1 1
event 149
-2066.85 -10306.1 -38143.4 39686.3
343.493 7798.33 -10289.9 13281.7
-198.698 -6519.92 -19210.3 20287.9 -1 1
-1868.15 -3786.18 -18933.1 19398.4 1 1
-1232.96 2835.07 -2896.05 4237.46 -1 2
1576.45 4963.26 -7393.83 9044.28 1 2
event 150
4963.64 -8277.56 -19307.4 21806.4
-5435.34 7970.94 -11552.7 15366.7
3365.52 -3645.44 -7198.79 8743.55 1 1
1598.12 -4632.11 -12108.6 13062.9 -1 1
-3185.54 6940.08 -9113.77 11890.5 -1 2
-2249.8 1030.87 -2438.92 3476.17 1 2
event 151
-8098.67 -9650.44 22553.9 26019
-580.885 6868.21 5826.55 9541.98
-776.782 3552.51 4879.69 6086.56 1 2
-4810.38 -3639 9059.49 10884.3 -1 1
195.897 3315.7 946.865 3455.42 -1 2
-3288.29 -6011.45 13494.4 15134.7 1 1
event 152
-3190.93 9406.97 -6705.27 12378.4
5592.61 3902.4 -26853.5 27878.4
4961.25 1814.31 -19941.8 20629.9 -1 2
-1167.37 3191.59 -637.975 3459.36 1 1
-2023.56 6215.38 -6067.3 8919.03 -1 1
631.361 2088.09 -6911.65 7248.51 1 2
event 153
-2024.69 -8981.27 26214.4 27956.2
-5433.38 -4448.04 6856.9 10291.5
42.639 -6326.1 16245.7 17434.3 1 1
-2067.33 -2655.17 9968.72 10521.9 -1 1
-2186.43 -148.64 1297.35 2548.89 -1 2
-3246.94 -4299.4 5559.55 7742.56 1 2
event 154
-2582.27 7179.58 -7956.77 11450.6
-6356.56 -5824.29 36966.8 38085
-3507.4 -1165.79 15254.7 15696.5 -1 2
-1758.07 1956.38 -4223.92 4977.04 -1 1
-2849.15 -4658.5 21712.1 22388.5 1 2
-824.197 5223.2 -3732.85 6473.52 1 1
event 155
4988.52 -4610.14 -36252 37012.7
5071.58 4980.92 -25839.5 26977.8
3345.18 1300.15 -14252.3 14697.6 -1 2
2584.87 -494.373 -10672.6 10992.8 -1 1
2403.65 -4115.77 -25579.4 26019.9 1 1
1726.41 3680.76 -11587.3 12280.2 1 2
event 156
-4362.66 -6219.33 20068.1 21680.1
-12126 25724.4 -50686.2 58236.2
-3644.27 -2540.19 11417.8 12251.9 -1 1
-718.394 -3679.14 8650.27 9428.18 1 1
-8940.14 18190.8 -32622.1 38406.3 -1 2
-3185.82 7533.57 -18064.1 19830 1 2
event 157
-5967.8 3635.91 -2729.07 8116.21
-7399.4 3508.9 -7221.4 11349.1
-2468.81 2815.17 -3560.75 5168.2 -1 2
-2527.43 311.773 112.014 2551.24 -1 1
-4930.59 693.731 -3660.65 6180.9 1 2
-3440.37 3324.14 -2841.08 5564.97 1 1
event 158
9050.97 3951.83 -31068.1 32746.8
7639.27 -11795.8 24673 28563.1
6628.6 -9029.67 21429.7 24180.9 1 2
3725.58 728.873 -8036.26 8888.41 -1 1
1010.67 -2766.16 3243.29 4382.15 -1 2
5325.39 3222.95 -23031.9 23858.4 1 1
event 159
-2510.05 8360.76 -6711.66 11438.5
6979.07 1772.98 -2898.73 8357.35
3449.94 -302.495 -237.076 3472.89 -1 2
-1021.43 2552.2 -485.106 2793.48 -1 1
-1488.62 5808.57 -6226.56 8645.04 1 1
3529.13 2075.48 -2661.66 4884.46 1 2
event 160
7370.11 -3844.38 4222.91 9824.54
-779.076 14516.2 -7289.46 16554.6
1034.34 5167.23 -1844.89 5584.34 1 2
3228.46 -16.8451 1533.32 3575.68 -1 1
-1813.42 9348.99 -5444.57 10970.3 -1 2
4141.65 -3827.53 2689.59 6248.87 1 1
event 161
-258.411 -12899.6 24929.5 28240.7
-946.16 8670.69 -13382 16271
1305.35 -8410.88 16226 18323.2 -1 1
-1563.76 -4488.71 8703.49 9917.45 1 1
404.588 2320.86 -5961.48 6410.96 -1 2
-1350.75 6349.83 -7420.55 9860.05 1 2
event 162
5474.78 -2289.24 6584.34 9389.26
336.948 -7932.14 -3262.41 9341.46
433.006 -3164.03 -3268.97 4571.21 -1 2
1972.24 477.117 3184.94 3777.88 -1 1
-96.0578 -4768.11 6.56965 4770.25 1 2
3502.54 -2766.36 3399.39 5611.38 1 1
event 163
730.039 -7472.25 2094.73 8387.29
3240.73 -6042.86 25986.7 27054
1509.3 -4374.46 12000.9 12862.6 1 2
1819.95 -3011.53 724.508 3594.1 1 1
1731.42 -1668.4 13985.8 14191.4 -1 2
-1089.91 -4460.73 1370.22 4793.19 -1 1
event 164
15749.5 21846.8 7305.32 28076.5
6489.95 -1478.56 -3049.73 7949.65
8728.24 13228.9 5708.15 16845.7 -1 1
7021.28 8617.98 1597.17 11230.8 1 1
3464.55 -1341.82 -96.1893 3718.06 -1 2
3025.4 -136.74 -2953.54 4231.58 1 2
event 165
-4443.8 6495.72 3475.47 9143.93
-12600.6 -5614.04 -3490.77 14562.6
-3176.69 2901.58 550.541 4338.75 1 1
-1267.11 3594.14 2924.93 4805.18 -1 1
-7631.4 -3180.09 -3622.17 9026.77 1 2
-4969.2 -2433.95 131.405 5535.84 -1 2
event 166
5727.33 -7939.08 -34827.2 36309.2
10091 2647.97 -4595.65 11813.2
2952.13 -6200.27 -26054.9 26944.9 1 1
2775.2 -1738.81 -8772.24 9364.22 -1 1
8598.8 1247.92 -4440.67 9758.45 -1 2
1492.16 1400.05 -154.978 2054.72 1 2
event 167
-7195.65 9741.16 946.82 12536.2
-8130.32 4024.39 4197.13 10464.5
-4350.06 7924.03 1326.52 9136.96 1 1
-2845.59 1817.13 -379.7 3399.22 -1 1
-3267.3 49.6705 1018.14 3424.25 -1 2
-4863.02 3974.72 3179 7040.21 1 2
event 168
-3138.02 7067.91 -29514.3 30667.3
-5653.16 6785.11 -29901.9 31332.2
-2122.5 3724.78 -21506.3 21929.7 -1 1
-1015.52 3343.13 -8007.97 8737.65 1 1
-4166.43 2615.92 -16479.1 17198.1 1 2
-1486.73 4169.19 -13422.7 14134.1 -1 2
event 169
-1530.1 -6215.44 -1740.75 7320.84
-10199 1663.21 43266.6 44591.2
-3257.04 -562.611 17656.7 17963.7 1 2
-551.96 -2234.39 -2210.87 3193.16 1 1
-6941.99 2225.82 25610 26627.5 -1 2
-978.142 -3981.05 470.126 4127.67 -1 1
event 170
-5217.01 5760.69 -5489.09 10006.2
-6053.76 -5422.51 -22863.7 24462
-2001.25 4153.77 -2111.33 5072.25 1 1
-3215.76 1606.91 -3377.76 4933.94 -1 1
-5689.84 -3418.1 -16778.8 18044.3 -1 2
-363.927 -2004.41 -6084.88 6417.71 1 2
event 171
15240 813.228 2982.77 15855.9
4145.85 -2971.14 -6294.36 8673.26
11076.2 -79.9603 3370.4 11578.4 -1 1
4163.84 893.188 -387.625 4277.47 1 1
3238.23 -1148.77 -2149.81 4054.46 -1 2
907.624 -1822.37 -4144.56 4618.8 1 2
event 172
-4157.33 11457.4 8679.43 15280
4899.82 264.196 -9172.31 10853.6
2716.24 -1350.95 -4132.63 5127.65 1 2
-1556.27 4152 1419.79 4657.04 1 1
2183.58 1615.15 -5039.69 5725.93 -1 2
-2601.06 7305.37 7259.64 10623 -1 1
event 173
-5166.33 12377.1 6047.1 15034.6
-5193.08 3818.76 -16239.1 17744
-2421.32 3420.66 -11476.4 12218.1 1 2
-978.203 6130.31 2205.46 6588.84 -1 1
-2771.76 398.101 -4762.72 5525.92 -1 2
-4188.12 6246.75 3841.64 8445.8 1 1
event 174
-5268.44 7260.51 -15601 18260.7
-6394.77 9780.89 -53322.3 54675.6
-3473.42 3887.91 -6131.71 8049.19 -1 1
-1795.02 3372.6 -9469.26 10211.5 1 1
-3389.04 5127.21 -20976.5 21858.6 1 2
-3005.73 4653.67 -32345.7 32816.9 -1 2
event 175
-11396.5 6264.23 -31266.4 34004.3
-4348.75 4691.94 11370.7 13409.3
-2442.14 3252.72 9622.04 10447 -1 2
-3059.22 327.74 -6005.47 6748.56 -1 1
-8337.25 5936.49 -25260.9 27255.8 1 1
-1906.61 1439.22 1748.68 2962.35 1 2
event 176
7638.43 -495.427 -29830.1 30951.8
-7586.77 899.665 11946.3 14514.6
-3295.96 -874.738 3578.12 4943.95 -1 2
1565.83 -1341.63 -9247.08 9474.78 -1 1
6072.6 846.203 -20583 21477.1 1 1
-4290.81 1774.4 8368.2 9570.66 1 2
event 177
-4780.78 -17065.4 -78965.4 80989
8829.19 -4945.61 -9217.57 14034.5
-3467.4 -10108.7 -41070.7 42438.5 -1 1
-1313.38 -6956.65 -37894.7 38550.5 1 1
6437.57 -2241.71 -4846.78 8364.81 -1 2
2391.62 -2703.9 -4370.79 5669.74 1 2
event 178
-4253.52 4322.76 -9507.44 11694.5
8385.22 4560.54 43626 44765.3
3487.37 354.994 12898.1 13366.4 1 2
-818.962 1898.9 -5535.57 5910.18 -1 1
4897.85 4205.54 30727.9 31398.9 -1 2
-3434.56 2423.86 -3971.87 5784.31 1 1
event 179
-10123.5 15022.7 105289 106881
1520.9 -9339.84 17922.1 20502.1
-109.324 -6676.04 13787.4 15319.5 -1 2
-4743.72 4575.73 34723.6 35343.7 -1 1
-5379.75 10447 70565.7 71537.4 1 1
1630.23 -2663.8 4134.67 5182.68 1 2
event 180
-3355.6 7290.27 16799.2 18873.6
6377.36 4425.88 -948.619 8411.3
3784.38 3581 -1861.22 5533.57 1 2
-2498.55 2657.05 9588.19 10259 1 1
2592.98 844.88 912.6 2877.73 -1 2
-857.056 4633.21 7211.04 8614.61 -1 1
event 181
121.725 4679.3 -3772.39 6762.56
11791.9 -355.185 -3486.16 12685.4
-1107.14 2825.46 -3303.62 4487.1 -1 1
1228.86 1853.84 -468.765 2275.47 1 1
6947.95 917.868 -3090.6 7660.25 -1 2
4843.95 -1273.05 -395.561 5025.15 1 2
event 182
595.501 -6506.07 -6237.55 9548.64
8122.4 2034.38 18788.4 20801.6
3879.53 -427.855 6689.61 7745.7 1 2
-963.596 -2416.74 -3582 4428.43 -1 1
4242.87 2462.23 12098.8 13055.9 -1 2
1559.1 -4089.33 -2655.56 5120.21 1 1
event 183
9215.58 12186.8 30694.8 34426.8
-136.262 -8563.18 -6082.92 10951.7
521.963 -6338 -2847.27 6968.56 -1 2
3012.83 2339.9 9670.85 10396.6 -1 1
6202.75 9846.94 21023.9 24030.2 1 1
-658.225 -2225.18 -3235.66 3983.13 1 2
event 184
-14833.1 -1702.83 -58358.2 60317.4
-4610.96 5210.11 -4458.75 8824.75
-1290.66 3730.94 -1931.09 4396.13 1 2
-5491.04 -1110.85 -16510 17434.9 -1 1
-3320.31 1479.18 -2527.66 4428.62 -1 2
-9342.05 -591.983 -41848.2 42882.5 1 1
event 185
7769.81 6015.48 -22606.9 24843.9
-4283.58 -18873.1 -59590.6 62731
4994.56 2264.11 -14294.9 15311 -1 1
2775.26 3751.37 -8311.98 9532.84 1 1
-1680.96 -12976.9 -37404.4 39627.3 1 2
-2602.61 -5896.18 -22186.2 23103.7 -1 2
event 186
10434.7 515.152 -18301.3 21299.6
31324.2 24659.6 -199794 203756
8450.24 -577.866 -15769.9 17900.8 1 1
1984.42 1093.02 -2531.38 3398.78 -1 1
16074.8 12358 -109380 111243 -1 2
15249.4 12301.6 -90413.8 92512.4 1 2
event 187
-6327 1172.7 -2508.19 7568.9
-3177.32 6263.19 -17359.1 18980.4
-598.277 3052.14 -10757.8 11198.9 -1 2
-2626.07 -890.511 -304.119 2791.58 -1 1
-3700.93 2063.21 -2204.07 4777.32 1 1
-2579.04 3211.06 -6601.31 7781.44 1 2
event 188
3416.24 6386.46 -14507.9 16508.4
-3283.51 10642.9 62161.3 63227.1
1.96407 4150.8 18199.1 18666.7 1 2
2041.47 1239.57 -6129.37 6579.1 1 1
-3285.47 6492.1 43962.3 44560.4 -1 2
1374.77 5146.89 -8378.57 9929.35 -1 1
event 189
-6210.11 12661.9 20328.2 24934.2
-8262.3 -4063.53 476.547 9726.07
-6300.41 -2443.24 1595.91 6944.25 -1 2
-2969.48 4935.62 10840.8 12276.5 1 1
-3240.63 7726.23 9487.39 12657.7 -1 1
-1961.89 -1620.29 -1119.36 2781.81 1 2
event 190
5028.99 5927.53 7780.75 11426.2
2487.11 13766.6 -7278.63 16070.9
2076.07 4752.16 4750.84 7033.83 -1 1
2952.93 1175.37 3029.91 4392.36 1 1
2713.89 7196.24 -4662.12 8994.31 1 2
-226.784 6570.36 -2616.51 7076.61 -1 2
event 191
-3395.65 -10023.3 47133.5 48406.2
8931.56 -747.771 2713.96 9863.47
-685.184 -6065.6 22741.3 23546.6 1 1
-2710.47 -3957.69 24392.2 24859.6 -1 1
7006.8 -1698.63 2740.83 7713.88 -1 2
1924.76 950.861 -26.873 2149.59 1 2
event 192
3352.09 -15354.3 21727 27067.3
-4684.52 -2214.1 -4588.05 7582.09
-3618.37 -91.2121 -3175.9 4816.48 1 2
2184.71 -3529.21 4327.28 5997.07 1 1
-1066.15 -2122.89 -1412.15 2765.62 -1 2
1167.38 -11825.1 17399.7 21070.3 -1 1
event 193
-2650.66 8662.87 -1962.02 9773.01
5305.15 1367.92 21069.2 21989.1
3284.15 214.337 16857.3 17175.9 1 2
-2028.64 3744.42 403.338 4279.01 1 1
2021.01 1153.58 4211.96 4813.21 -1 2
-622.02 4918.45 -2365.35 5494.01 -1 1
event 194
2732.69 5439.67 -8876.58 11200.1
-8409.31 -6591.23 -21321.3 24048.9
562.728 3374.58 -2791.29 4416.66 1 1
2169.96 2065.09 -6085.3 6783.46 -1 1
-4191.01 -4681.04 -9922.37 11744.8 1 2
-4218.3 -1910.19 -11398.9 12304 -1 2
event 195
2976.79 -6007.6 16854.5 18401.6
-1593.68 15273.1 15974.2 22373.5
322.014 -3624.68 10503.2 11116.2 -1 1
2654.77 -2382.92 6351.36 7285.4 1 1
-2317.81 7951.46 9075.55 12287.2 -1 2
724.126 7321.67 6898.63 10086.3 1 2
event 196
8310.89 -63.4667 5324.16 10344.7
1620.58 -13398.2 -47500.1 49477.2
212.42 -5853.95 -25886.4 26541.1 -1 2
2215.45 533.18 3054.34 3812.17 -1 1
1408.16 -7544.26 -21613.8 22936.1 1 2
6095.44 -596.647 2269.82 6532.5 1 1
event 197
-543.565 5127.7 -21856.1 22668.7
-8052.63 4650.82 -272.815 9805.12
1033.55 3260.99 -10203.2 10761.9 -1 1
-1577.12 1866.72 -11652.9 11906.8 1 1
-4707.46 1761.7 1156.04 5158.62 1 2
-3345.18 2889.12 -1428.85 4646.5 -1 2
event 198
-219.645 8572.09 23399.2 25112.6
5195.88 -5007.4 -3445.7 8805.22
787.242 5674.83 11852.2 13164.7 1 1
-1006.89 2897.25 11547 11947.9 -1 1
1734.46 -2294.94 469.157 2916.57 -1 2
3461.42 -2712.46 -3914.86 5888.65 1 2
event 199
1402.45 -15845.3 9788.38 18932.6
7981.63 4251.28 -8017.87 12476.3
-493.31 -8990.44 6442.78 11072.1 -1 1
1895.76 -6854.89 3345.6 7860.51 1 1
3819.61 2978.31 -2512.31 5457.34 -1 2
4162.02 1272.97 -5505.56 7018.92 1 2
event 200
2457.07 6816.83 -167.248 7881.97
-4819.66 3569.1 -4034.55 7863.71
2723.64 3751.89 685.181 4687.8 -1 1
-266.571 3064.94 -852.429 3194.17 1 1
-2067.57 -95.1113 -671.621 2178.56 -1 2
-2752.09 3664.22 -3362.93 5685.15 1 2
event 201
-5058.3 -3127.01 4943.99 8330.62
-9246.52 -3663.34 48534.8 49640.1
-3496 -1230 4500.77 5831.21 1 1
-1562.3 -1897.01 443.211 2499.41 -1 1
-6017.83 -809.703 26401.2 27090.7 -1 2
-3228.69 -2853.64 22133.6 22549.4 1 2
event 202
-8153.07 1900.23 -29784.7 31093.4
7307.81 4830.01 -7484.25 11930.5
4449.22 4132.55 -3612.6 7066.51 1 2
-2291.15 2027.81 -10343.4 10786.9 1 1
2858.59 697.455 -3871.65 4864.03 -1 2
-5861.92 -127.583 -19441.3 20306.5 -1 1
event 203
-891.927 -11198.2 10580.5 15739.5
-1404.03 4879.38 -2841.65 6591.35
362.014 3407.24 -812.523 3523.03 1 2
-680.359 -4156.47 6015.72 7344.33 -1 1
-1766.05 1472.14 -2029.12 3068.33 -1 2
-211.568 -7041.73 4564.82 8395.2 1 1
event 204
-1960.69 -5884.19 -26949.8 27827.2
-1440.29 -10328 40562.2 41995.5
-2292.6 -3000.71 -18786 19162.1 1 1
331.91 -2883.48 -8163.85 8665.12 -1 1
325.977 -6364.6 20449.2 21419.5 1 2
-1766.27 -3963.38 20113 20576 -1 2
event 205
3304.74 8883.28 -14530 17622.3
6484.25 4759.97 32689.1 33806.3
2166.01 3482.83 16482.2 16985.2 1 2
2029.52 2953.21 -3371.09 4920.95 1 1
1275.21 5930.07 -11158.9 12701.4 -1 1
4318.23 1277.14 16206.8 16821.1 -1 2
event 206
2146.15 -6530.65 21401.1 22690.4
2183.15 7295.38 15514.5 17558
26.5276 3557.42 4566.8 5789.89 1 2
199.034 -2270.28 3436.81 4125.12 1 1
1947.12 -4260.36 17964.3 18565.3 -1 1
2156.62 3737.95 10947.7 11768.1 -1 2
event 207
1890.14 6333.37 11712.2 13800.4
-16533.1 3490.24 -28047 32890
240.245 4557.12 9394.58 10444.8 1 1
1649.89 1776.26 2317.66 3355.58 -1 1
-8687.31 680.598 -16350.5 18527.9 -1 2
-7845.78 2809.64 -11696.5 14362.1 1 2
event 208
-4659.31 12171.8 43811.3 45813.6
-2264.45 -5697.75 18227 19478.4
-1793.43 7884.88 29991.6 31062.8 -1 1
-2865.89 4286.88 13819.7 14750.8 1 1
-2580.25 -2309.93 9259.06 9886.09 -1 2
315.793 -3387.83 8967.97 9592.33 1 2
event 209
-5148.05 2584.38 8784.39 10951.6
-1332.77 -7258.22 -9999.85 12808
-1238.31 -3028.11 -6644.19 7406.7 -1 2
-1967.41 -576.19 2889.48 3544.43 -1 1
-3180.64 3160.57 5894.91 7407.22 1 1
-94.4666 -4230.11 -3355.66 5401.33 1 2
event 210
-6624.11 3058.67 8777.89 11827
-7196.28 6931.75 -8548.06 13509.1
-3034.03 2346.29 -5218.32 6477.07 1 2
-3557.32 113.583 3022.72 4670.7 1 1
-4162.25 4585.46 -3329.74 7032 -1 2
-3066.79 2945.09 5755.18 7156.25 -1 1
event 211
-5444.9 -7650.33 -16531.9 19263.1
384.922 -7330.67 -11313.9 13837.7
-4488.6 -3991.27 -8797.08 10652.6 1 1
-956.294 -3659.06 -7734.81 8610.56 -1 1
-1013.28 -1892.29 -1863.95 2844.82 -1 2
1398.2 -5438.38 -9449.94 10992.9 1 2
event 212
-6304.27 5799.08 13128.6 15978.9
195.415 7998.76 -36720.6 37709.6
-4494.32 2265.32 6133.18 7934.59 1 1
-1809.96 3533.76 6995.42 8044.28 -1 1
-932.555 5511.25 -28601.1 29142.4 -1 2
1127.97 2487.52 -8119.45 8567.19 1 2
event 213
-7528.73 -582.531 -7483.9 11073.4
-24455.9 -253.448 119069 121594
-21016.6 -700.366 106438 108495 1 2
-3515.57 -1456.43 -4956.66 6249.8 -1 1
-3439.27 446.919 12631.2 13099.1 -1 2
-4013.16 873.897 -2527.23 4823.61 1 1
event 214
4414.84 -4041.88 -828.877 6790.08
-5565.71 5019.41 -15968.8 17909.9
-1334.85 3260.5 -7115.12 7940.33 -1 2
2100.5 -58.4127 21.5913 2104.08 -1 1
2314.34 -3983.46 -850.468 4686 1 1
-4230.86 1758.91 -8853.64 9969.55 1 2
event 215
-18196.1 420.074 -23032.4 29518.8
-4185.47 -3516.45 -3362.33 7126.04
-12236.1 -237.498 -17531.2 21380.6 1 1
-5960.1 657.572 -5501.16 8138.13 -1 1
-1455.85 -3217.26 -1801.54 3965.73 -1 2
-2729.62 -299.189 -1560.79 3160.31 1 2
event 216
3471.21 3930.34 10866.4 12456.5
181.426 -8823.47 29221.4 30681.7
1948.85 2493.07 3172.33 4481.99 1 1
1522.36 1437.27 7694.08 7974.54 -1 1
1009.06 -4687.48 11402.2 12369.8 -1 2
-827.634 -4136 17819.2 18311.9 1 2
event 217
-3303.97 8423.67 -35185 36461.6
-3655.05 2997.29 1731.91 5910.47
-1157.99 2926.93 902.677 3276.26 1 2
-2805.94 3540.41 -19936.5 20442.1 1 1
-2497.06 70.3612 829.235 2634.21 -1 2
-498.027 4883.27 -15248.6 16019.5 -1 1
event 218
10859.9 36842.1 54451.9 66707.4
-4228.58 3196.46 15252.2 16441.3
7190.18 20523 32622.2 39206 1 1
3669.68 16319 21829.7 27501.4 -1 1
-3624.04 864.02 9306.9 10025.5 -1 2
-604.541 2332.43 5945.3 6415.87 1 2
event 219
11935.5 3874.04 -2689.35 13201.8
5172.85 -3213.92 21890.5 22931.9
3235.28 -1899.59 18023.4 18410.1 1 2
3462.39 2616.8 -1226.93 4511.35 1 1
1937.57 -1314.33 3867.06 4521.83 -1 2
8473.07 1257.24 -1462.42 8690.42 -1 1
event 220
-4106.86 -1497.25 1422.05 5542.88
9333.98 2770.76 7510.07 12680.4
-3085.5 311.406 1531.22 3460.21 1 1
-1021.37 -1808.66 -109.169 2082.67 -1 1
4972.1 878.985 2079 5461.49 1 2
4361.87 1891.78 5431.07 7218.89 -1 2
event 221
-6197.97 -3808.46 -10419.2 13079.4
-6460.96 10412.7 12180.3 17553.4
-3637.19 -1257.59 -7506.31 8436.03 1 1
-2560.78 -2550.87 -2912.9 4643.34 -1 1
-3250.99 5960.59 8766.69 11088.9 1 2
-3209.96 4452.12 3413.64 6464.47 -1 2
event 222
8201.52 8860.22 4384.03 13212.9
-3850.66 4120.98 2071.98 6759.73
4272.83 4455.79 604.941 6203.89 1 1
3928.69 4404.43 3779.08 7009.02 -1 1
-938.342 3163.32 592.322 3353.97 -1 2
-2912.32 957.657 1479.66 3405.77 1 2
event 223
-6766.04 10586.1 37537.2 39704.9
2723.46 -10954 -23815.9 26536.7
-278.857 -4259.33 -7167.05 8342.5 1 2
-2058.19 1130.47 7848.67 8193.1 1 1
-4707.85 9455.64 29688.5 31511.8 -1 1
3002.32 -6694.71 -16648.8 18194.2 -1 2
event 224
1911.41 -4998.49 17712.7 18760.8
7698.02 -9363.48 57880.3 59217
-345.881 -3356.05 10314 10852.3 1 1
2257.29 -1642.44 7398.65 7908.49 -1 1
4926.86 -3988.55 25468.1 26245.4 1 2
2771.15 -5374.93 32412.2 32971.7 -1 2
event 225
4562.43 -5380.54 -29130.5 30132.1
4370.42 -4611.01 628.624 7095.62
2910.37 -875.716 44.4986 3041.42 -1 2
1019.22 -2547.64 -6587.4 7136.83 1 1
3543.2 -2832.9 -22543.1 22995.3 -1 1
1460.05 -3735.29 584.125 4054.2 1 2
event 226
7297.23 6916.21 4386.73 11398
-2516.3 -7824.15 -3461 9440.26
-3155.43 -5450.35 -2173.74 6663.28 1 2
4116.42 2827.48 711.305 5045.46 1 1
639.131 -2373.8 -1287.27 2776.98 -1 2
3180.81 4088.73 3675.43 6352.58 -1 1
event 227
3687.32 3885.4 -4553.27 7682.23
11365.2 9755.68 35027.6 38221.3
1906.47 2790.11 -4446.84 5586.13 -1 1
1780.86 1095.29 -106.432 2096.1 1 1
4684.5 6045.55 17930.2 19493.5 1 2
6680.69 3710.12 17097.4 18727.7 -1 2
event 228
-6970.08 2184.62 -25168.8 26389.7
-5922.64 -4236.51 -14615.4 16620
-1974.32 -3015.52 -8554.9 9283.79 -1 2
-2517.62 2022.83 -13921 14291.1 1 1
-4452.46 161.794 -11247.8 12098.6 -1 1
-3948.32 -1220.99 -6060.46 7336.24 1 2
event 229
-17648.3 -7280.78 -10569.7 22040.4
1111.85 -4941.97 -6450.43 8766.91
2104.87 -2352.7 -3284.65 4556.95 1 2
-8461.04 -3713.32 -6862.66 11510.2 -1 1
-993.025 -2589.27 -3165.78 4209.96 -1 2
-9187.23 -3567.46 -3707.02 10530.2 1 1
event 230
-13410.5 -18129.8 19939.5 30260.7
986.342 11767.2 -35168.8 37227.4
-6023.12 -10711.7 10512.1 16172 1 1
-7387.42 -7418.1 9427.46 14088.7 -1 1
1905.02 6367.01 -21403.2 22411.5 -1 2
-918.682 5400.21 -13765.6 14815.8 1 2
event 231
8568.51 1072.35 18632.8 20768.7
-173.274 -11417.7 12092.1 16917.5
308.029 -7178.12 9544.49 11946.9 1 2
3830.68 1977.54 9727.07 10640.1 1 1
-481.303 -4239.55 2547.58 4970.59 -1 2
4737.84 -905.182 8905.71 10128.6 -1 1
event 232
-3187.84 -5057.55 -8637.81 10951.9
-10768.2 550.801 -10002.3 15029.8
-3632.33 -1223.13 -2913 4815.24 -1 2
-2039.41 -1181.17 -4929.16 5464.62 -1 1
-7135.86 1773.93 -7089.28 10214.5 1 2
-1148.44 -3876.38 -3708.65 5487.3 1 1
event 233
10157.5 8820.37 17659.3 22414.7
-1987.35 -14171.6 36959 39753.5
6011 5186.02 7872.46 11181 -1 1
4146.5 3634.36 9786.88 11233.7 1 1
-2143.7 -10119.7 23046.4 25261.7 -1 2
156.354 -4051.89 13912.6 14491.8 1 2
