event 0
-5705.24 1286.6 -1007.04 6694.03
-2802.41 9919.94 28606.7 30564.5
-1332.39 3939.54 16024.1 16555.3 -1 2
-1943.01 -1003.06 -599.285 2269.74 1 1
-1470.02 5980.4 12582.5 14009.2 1 2
-3762.23 2289.66 -407.758 4424.29 -1 1
event 1
501.636 -5423 14858.4 16125.3
-3801.95 7565.63 -9478.97 13081.9
86.6296 -3031.7 11981.4 12359.8 -1 1
415.006 -2391.3 2877.01 3765.48 1 1
-983.382 4515.58 -6472.84 7954.02 -1 2
-2818.57 3050.05 -3006.12 5127.87 1 2
event 2
-407.39 -9547.66 47921.1 48962.8
-1812.86 -7504.4 -40597.7 41441.1
-2547.22 -4449.73 -22991.6 23556.6 -1 2
1329.12 -3818.63 18078.7 18525.6 -1 1
-1736.51 -5729.03 29842.5 30437.2 1 1
734.357 -3054.67 -17606.1 17884.5 1 2
event 3
4651.14 -7773.32 23855.4 25704.6
3003.02 -4909.41 -5006.81 8232.78
1099.64 -4664.31 10596 11629.7 1 1
3551.5 -3109.01 13259.5 14074.9 -1 1
2003.77 -2250.08 -4387.17 5323.2 -1 2
999.244 -2659.33 -619.639 2909.58 1 2
event 4
517.295 16367.1 21274 27024.5
-7014.38 -11876.4 -55021.4 56808.4
-4759.12 -9264.72 -45597.3 46771.9 -1 2
-106.152 5474.65 4902.8 7350.62 1 1
623.447 10892.4 16371.2 19673.9 -1 1
-2255.27 -2611.73 -9424.09 10036.5 1 2
