event 0
1761.69 -5683.74 -11431.3 13254.2
-19462.1 2147.36 74331 76929
-198.137 -4134.34 -6191.74 7448.54 1 1
1959.82 -1549.4 -5239.57 5805.67 -1 1
-10346.6 2575.6 42305.2 43628.3 -1 2
-9115.45 -428.243 32025.8 33300.7 1 2
event 1
11686 -12812.7 -61736.4 64200.5
-4420.97 6817.37 -5181.66 10122.3
7955.01 -8984.89 -47521.5 49013.4 1 1
3730.98 -3827.84 -14214.9 15187.1 -1 1
-3697.02 3235.04 -2112.21 5348.46 -1 2
-723.945 3582.33 -3069.45 4773.88 1 2
event 2
-6568.37 117.177 -314.141 7269.6
-2862.09 7239.02 23951.2 25374.1
-1395.94 3348.24 6606 7537.22 -1 2
-2059.29 -1218.23 619.901 2473.91 -1 1
-4509.08 1335.41 -934.042 4795.7 1 1
-1466.15 3890.79 17345.2 17836.9 1 2
event 3
-9015.61 -6331.51 -37986.2 39672.6
3741.88 -7481.26 -2343.17 9222.38
-5330.16 -5490.64 -24668.7 25828.6 1 1
-3685.46 -840.869 -13317.5 13844 -1 1
-269.912 -2379.35 -290.898 2414.53 -1 2
4011.79 -5101.9 -2052.27 6807.85 1 2
event 4
-7978.79 -6132.95 -1818.92 10685.2
3146.52 -4940.46 23110 24041.1
1066 -3118.56 17225.2 17538 1 2
-3574.96 -2464.34 -2331.72 4929.65 1 1
2080.52 -1821.9 5884.81 6503.08 -1 2
-4403.82 -3668.6 512.802 5755.56 -1 1
event 5
-2501.8 5498.92 -20238.9 21347.1
-4694.07 -5924.5 4123 9150.15
-575.18 -3000.08 1027.04 3224.48 -1 2
-947.303 1794.48 -12108 12277.3 -1 1
-4118.89 -2924.43 3095.95 5925.67 1 2
-1554.5 3704.44 -8130.9 9069.84 1 1
event 6
3606.8 4410.79 -17967.1 19101.6
12641.2 -4221.2 9862.92 16866.7
2975.3 2332.84 -14687.5 15166.7 -1 1
631.492 2077.96 -3279.57 3934.89 1 1
8115.18 -1885 7654.08 11314 -1 2
4526.05 -2336.2 2208.84 5552.76 1 2
event 7
-10587.5 1185.33 -38082.4 39665.6
6148.42 -3042.68 -19326.9 20740.7
3229.77 6.61289 -9828.53 10346.1 -1 2
-2360.99 -1012.18 -8208.6 8601.8 -1 1
-8226.54 2197.51 -29873.8 31063.8 1 1
2918.65 -3049.3 -9498.37 10394.6 1 2
event 8
17629.2 1580.55 23705.3 29745.9
-3640.31 -5793.45 7842.84 11041.4
-2523.96 -3762.39 2407.32 5131.5 1 2
8493.78 1995.59 10029.7 13294.1 -1 1
-1116.35 -2031.06 5435.51 5909.94 -1 2
9135.4 -415.036 13675.6 16451.8 1 1
event 9
1567.99 9691.83 37027.2 38431.7
-3358.2 2768.47 -19480.7 20199.8
-1217.55 2938.04 -11025.1 11475.1 1 2
1716.36 4120.09 20796 21269.8 -1 1
-2140.65 -169.566 -8455.62 8724.67 -1 2
-148.371 5571.75 16231.2 17161.8 1 1
event 10
-11926.7 12243.7 -11991.4 21107.8
4423.43 3529.74 -684.465 6487.3
3057.57 1526.85 -1745.37 3838.94 1 2
-5380.05 3488.55 -3889.68 7500.38 1 1
1365.86 2002.88 1060.9 2648.35 -1 2
-6546.67 8755.18 -8101.76 13607.4 -1 1
event 11
3736.6 -4384.19 -2932.53 7167.54
-10815.2 -8018.05 27309.1 30604.5
-1921.44 -2551.03 4495.35 5515.34 1 2
91.4598 -2356.19 -898.932 2525.72 1 1
-8893.71 -5467.02 22813.7 25089.1 -1 2
3645.14 -2028 -2033.6 4641.82 -1 1
event 12
7258.22 -3459.44 -8989.69 12452.1
3146.14 -12586.1 28312.1 31296.5
3792.01 -3452.34 -5767.55 7718.4 1 1
3466.21 -7.09359 -3222.14 4733.71 -1 1
1672.13 -10696.9 24594.9 26872.7 -1 2
1474.01 -1889.19 3717.17 4423.83 1 2
event 13
8497.07 2850.14 -3262.18 10027.8
-14248.7 9784.9 5899.92 18632.5
-2579.81 1724.62 -367.904 3126.7 1 2
2287.57 2085.93 -1867.54 3617.04 -1 1
-11668.9 8060.28 6267.82 15505.7 -1 2
6209.49 764.21 -1394.64 6410.77 1 1
event 14
6539.85 -345.478 -23539.2 24628.7
10983 9040.72 7026.69 16165.6
4690.47 -1507.24 -18292.4 18944.5 1 1
1849.38 1161.77 -5246.75 5684.15 -1 1
6137.91 6530.89 3274.27 9542.45 -1 2
4845.06 2509.84 3752.42 6623.12 1 2
event 15
1703.41 6019.25 -5892.18 9134.67
3413.83 11216.7 8323.83 14708.6
1948.82 3981.1 -5461.16 7034.38 -1 1
-245.403 2038.15 -431.015 2100.29 1 1
771.354 7104.16 4049.04 8214.01 1 2
2642.47 4112.49 4274.79 6494.63 -1 2
event 16
46.6979 -6910.7 22808.4 24032.8
-12845.4 9743.94 18203.7 24513.6
1065.15 -4128.65 9749.59 10641.7 -1 1
-1018.45 -2782.05 13058.8 13391.1 1 1
-7501.51 7504.37 11337 15528.3 -1 2
-5343.84 2239.57 6866.7 8985.27 1 2
event 17
-4180.33 -3930.93 7693.68 10085.3
10506.1 890.801 -26112.2 28330.3
-1944.25 -3802.21 4826.36 6445.29 -1 1
-2236.08 -128.719 2867.32 3639.96 1 1
5646.78 2009.42 -13745.4 14995.7 -1 2
4859.31 -1118.62 -12366.8 13334.6 1 2
event 18
2835.29 -6340.52 33745.7 34592
-5811.73 7750.19 9170.99 13694.5
-593.587 3083.53 3310.87 4564.38 -1 2
-435.358 -2583.03 11454.6 11750.8 -1 1
-5218.14 4666.65 5860.12 9130.11 1 2
3270.64 -3757.49 22291.1 22841.2 1 1
event 19
5471.19 -4094.48 -18628.4 20082.5
12232.9 -10857 46056 48972.1
3140.57 -2111.32 -6050.6 7137.35 1 1
2330.62 -1983.16 -12577.8 12945.2 -1 1
7104.57 -5696.42 29834.1 31193.1 1 2
5128.35 -5160.54 16222 17779.1 -1 2
event 20
-8830.24 -1277.69 -27162.2 28757.3
-5242.8 -6897.59 -9040.74 12899.2
-2974.94 -2814.17 -6200.43 7431.44 1 2
-3746.98 -248.144 -16196.4 16626.4 -1 1
-5083.26 -1029.55 -10965.8 12130.9 1 1
-2267.86 -4083.42 -2840.32 5467.73 -1 2
event 21
2871.98 8579.04 19293.9 21533.5
252.553 -6786.68 -20862.3 22157.4
1206.07 -4489.22 -16412.6 17058.5 -1 2
2302.24 3022.84 9892.08 10597.3 1 1
569.742 5556.2 9401.8 10936.2 -1 1
-953.517 -2297.46 -4449.72 5098.89 1 2
event 22
-7684.85 7595.04 50997.3 52221.3
-5508.65 13018.9 20216.8 24862.6
-1226.44 6809.41 9254.4 11555.4 1 2
-1721.16 1232.67 5473.25 5869.37 1 1
-5963.69 6362.37 45524.1 46351.9 -1 1
-4282.22 6209.5 10962.4 13307.2 -1 2
event 23
5503.39 726.681 6592.55 9157.95
11088.5 27970 -135211 138553
3346.41 1708.73 2810.55 4693.46 -1 1
2156.99 -982.047 3781.99 4464.49 1 1
6756.06 18281.5 -93783.2 95787 1 2
4332.48 9688.5 -41428 42765.9 -1 2
event 24
5628.49 5949.28 4745.65 9959.22
-4101.31 1968.07 13426 14510.1
3954.11 1969.84 2721.98 5189.95 -1 1
1674.38 3979.45 2023.66 4769.27 1 1
-2203.49 2618.05 9537.8 10133.6 -1 2
-1897.82 -649.987 3888.18 4376.45 1 2
event 25
6032.89 -4921.64 5242.36 9883.92
11564.1 882.702 -12027.6 16993
4666.73 -621.264 -6498.78 8025.56 -1 2
2167.56 -502.074 2658.32 3468.17 1 1
6897.39 1503.97 -5528.8 8967.43 1 2
3865.33 -4419.57 2584.05 6415.75 -1 1
event 26
-262.892 8257.24 -1233.76 8908.65
-5604.51 -2998.67 -21073.3 22227.9
-646.326 4370.81 -2121.38 4902.36 1 1
383.434 3886.43 887.611 4006.29 -1 1
-1543.58 -1809.1 -4159.91 4792.86 -1 2
-4060.93 -1189.57 -16913.4 17435 1 2
event 27
8901.82 -243.164 -17418 19806.1
-4180.86 7607.4 4325.91 10181.2
-2853.67 2519.04 927.79 3919.31 -1 2
3140.39 1211.96 -7857.01 8548.37 1 1
5761.42 -1455.12 -9561 11257.7 -1 1
-1327.19 5088.37 3398.12 6261.89 1 2
event 28
1861.61 -7938.04 12396.8 15157.5
12770.3 15927.2 -16533.7 26452
2626.67 3485.78 -5260.69 6836.38 1 2
6.56515 -2278.09 5988.14 6407.71 1 1
10143.6 12441.4 -11273 19615.6 -1 2
1855.04 -5659.95 6408.66 8749.76 -1 1
event 29
-5774.17 4241.7 15262.8 17142.8
2164.56 6846.15 -2836.77 8318.26
2499.44 4477.04 -2957.5 5920.23 1 2
-1989.4 2528.72 9553.05 10080.9 1 1
-334.876 2369.11 120.737 2398.03 -1 2
-3784.77 1712.98 5709.74 7061.94 -1 1
event 30
-6756.29 249.505 20860.8 22146.6
890.42 10807 16615.3 20080.9
-4201.71 -1333.19 11594.5 12404.7 -1 1
-2554.58 1582.7 9266.25 9741.94 1 1
1834.69 8900.23 14212.3 16869.5 -1 2
-944.274 1906.77 2403.01 3211.39 1 2
event 31
5456.2 -4771.13 -550.328 7901.12
1999.15 9868.31 -11526.3 15614.9
2279.03 -3911.8 164.114 4531.48 1 1
3177.18 -859.33 -714.443 3369.64 -1 1
2525.28 7095.11 -7017.11 10294.1 -1 2
-526.124 2773.19 -4509.15 5320.81 1 2
event 32
4632.13 1880.13 -697.435 5921.91
-5141.18 14468 31883.6 35523.4
3529.41 -45.0136 174.972 3535.61 -1 1
1102.72 1925.14 -872.407 2386.3 1 1
-4208.02 8437.6 21539.8 23513.3 -1 2
-933.159 6030.45 10343.8 12010.1 1 2
event 33
4562.81 -6241.75 7753.37 11379.1
105.533 6432.07 3264.37 7850.45
-806.061 3923.13 553.659 4044.55 -1 2
2318.52 -2275.39 5260.19 6183.34 -1 1
2244.29 -3966.36 2493.18 5195.76 1 1
911.594 2508.94 2710.71 3805.9 1 2
event 34
-2803.56 12088.2 -25297.1 28346.4
-33804.3 -9936.2 -18668.6 39994.6
-4811.72 -2034.15 -1758.5 5513.07 1 2
403.894 4860.5 -9957.64 11088.4 -1 1
-28992.6 -7902.05 -16910.1 34481.5 -1 2
-3207.46 7227.65 -15339.5 17257.9 1 1
event 35
6056.68 -8940.35 6537.74 12997.9
-4880.84 -2639.95 -10641.6 12394.5
-2655.45 -1606.67 -8779.5 9312.55 1 2
4009.13 -3351.54 3696.3 6401.54 1 1
-2225.39 -1033.28 -1862.09 3081.97 -1 2
2047.55 -5588.81 2841.43 6596.38 -1 1
event 36
-6239.77 -5067.36 22266.9 23875.1
-2097.58 6281.84 -26596.2 27582.8
-4130.31 -1908.4 9158.25 10226.7 -1 1
-2109.46 -3158.95 13108.7 13648.3 1 1
-244.367 5082.92 -17815.6 18528.4 -1 2
-1853.21 1198.92 -8780.58 9054.37 1 2
event 37
3324.43 11088.2 13583.7 18223.7
-1072.22 -8708.7 23534.6 25307.3
-168.001 -6030.02 19246.5 20170 -1 2
49.9444 3968.38 6722.8 7807.54 -1 1
3274.49 7119.84 6860.88 10416.2 1 1
-904.219 -2678.68 4288.05 5137.26 1 2
event 38
-2875.16 -4451.37 -4028.96 7342.18
11357.7 6242.86 -4618.2 14102.8
-379.313 -3233.4 -2831.76 4316.11 -1 1
-2495.84 -1217.97 -1197.2 3026.08 1 1
6301.42 5131.66 -2443.55 8486.69 1 2
5056.23 1111.2 -2174.65 5616.09 -1 2
event 39
7090.37 -1116.45 -2028.14 8076.14
-1310.39 -6555.39 12552.8 14691.9
-2103.46 -4379.31 5882.37 7629.96 1 2
3352.51 1020.26 -771.768 3589.85 -1 1
793.078 -2176.08 6670.47 7061.92 -1 2
3737.86 -2136.72 -1256.37 4486.29 1 1
event 40
-10874.5 -4676.1 34810.8 36898.6
-1539.65 6081.46 -4805.61 8487.61
-1276.86 3265.91 -4402.37 5629.26 1 2
-5822.62 -838.545 17372.4 18341.7 1 1
-262.792 2815.56 -403.239 2858.36 -1 2
-5051.86 -3837.55 17438.4 18556.9 -1 1
event 41
-6218.4 -6972.59 8973.54 13319.1
5647.18 -8274.68 -7485.37 12883.4
2762.97 -2640.6 -1314.39 4042.97 1 2
-2123.6 -1516.72 931.117 2772.77 -1 1
-4094.79 -5455.87 8042.43 10546.4 1 1
2884.21 -5634.08 -6170.97 8840.45 -1 2
event 42
1730.2 -5173.87 -22852.6 23698
4873.09 -5472.38 -19535.8 21093.4
3379.31 -1548.08 -8173.9 8979.98 -1 2
-844.145 -2030.15 -8585.19 8862.88 1 1
1493.78 -3924.29 -11361.9 12113.4 1 2
2574.34 -3143.72 -14267.4 14835.1 -1 1
event 43
-2949.98 9948.55 -5047.74 11947.6
13027.9 -8792.82 19719.7 25485.2
-2554.41 5568.55 -1531.39 6315.86 -1 1
-395.566 4379.99 -3516.34 5631.76 1 1
8703.2 -4276.3 10021.8 13945.6 1 2
4324.73 -4516.52 9697.9 11539.6 -1 2
event 44
736.677 6343.63 17495.1 18880
-2669.64 -16160.5 -31293 35456.1
836.281 3643.4 5991 7062.36 1 1
-99.6039 2700.23 11504.1 11817.7 -1 1
-2880.47 -11261.4 -19798.5 22958.9 -1 2
210.83 -4899.02 -11494.5 12497.2 1 2
event 45
-252.417 -6775.02 266.866 7458.33
6039.19 -6279.08 -33689.1 34934.9
2555.99 -1673.01 -7175.08 7799.04 1 2
800.919 -2288.71 -1079.31 2656.27 1 1
3483.2 -4606.07 -26514.1 27135.9 -1 2
-1053.34 -4486.31 1346.18 4802.07 -1 1
event 46
-5252.28 -30.1464 -21109.1 21972.1
3889.35 9268.89 -11033.4 15243.6
-3208.25 1229.07 -9158.49 9782.26 1 1
-2044.03 -1259.22 -11950.6 12189.9 -1 1
3419.4 4668.49 -7186.7 9227.51 1 2
469.956 4600.4 -3846.72 6016.06 -1 2
event 47
5675.09 4060.4 -17085.3 18713.4
-5942.42 -6220.8 36264.2 37399.1
-2779.29 -2844.26 23219 23557.3 1 2
1012.54 2494.16 -5399.31 6034.05 1 1
4662.55 1566.24 -11686 12679.3 -1 1
-3163.13 -3376.55 13045.2 13841.8 -1 2
event 48
3812.94 13373.1 -19001.9 23749.5
1907.89 -7367.36 5856.52 10090
437.502 -5601.95 5297.17 7722.98 -1 2
1592.35 3711.55 -7845.49 8824.63 -1 1
2220.58 9661.56 -11156.4 14924.9 1 1
1470.39 -1765.42 559.354 2367.02 1 2
event 49
-5762.84 -640.931 -8012.81 10364.2
-6886.6 17812.6 -53458.5 56851.8
-3946.09 623.17 -6663.18 7769.76 -1 1
-1816.74 -1264.1 -1349.62 2594.45 1 1
-3313.24 11580.8 -30388 32688.4 1 2
-3573.36 6231.84 -23070.6 24163.3 -1 2
event 50
8647.85 4059.36 -15851.9 18871.5
12847.7 2209.09 -4964.03 14289
11055.8 1074.56 -3291.07 11585.7 1 2
1953.13 2331.32 -7046.16 7675.24 1 1
1791.86 1134.53 -1672.96 2703.31 -1 2
6694.72 1728.04 -8805.71 11196.3 -1 1
event 51
-12904.8 -12508 -13605.8 22752.8
-3603.61 -6618.09 4156 9145.91
-3304.39 -3119.81 1670.82 4843.04 1 2
-3314.52 -3500.55 -2043.83 5237.21 -1 1
-299.222 -3498.28 2485.18 4302.88 -1 2
-9590.31 -9007.4 -11562 17515.6 1 1
event 52
-3946.4 4191.91 15594 16908.9
-10492.8 -7520.02 2490.59 13507.1
-2675.05 2589.89 13397.9 13906.1 -1 1
-1271.35 1602.03 2196.05 3002.77 1 1
-7167.04 -3732.52 533.249 8098.99 -1 2
-3325.76 -3787.5 1957.34 5408.16 1 2
event 53
13202 2975.87 -54165.8 55916.6
6541.09 -1769.76 2239.91 7779.84
3440.47 -1872.28 2526.93 4662.49 1 2
6132.84 -174.099 -24835.6 25582.5 1 1
3100.62 102.522 -287.024 3117.35 -1 2
7069.14 3149.97 -29330.1 30334.2 -1 1
event 54
3727.07 4191.1 -10897.6 12641.4
-974.261 -10838.5 -7561.79 13608.6
2893.27 1573.75 -3798.77 5028.87 -1 1
833.797 2617.34 -7098.83 7612.51 1 1
577.824 -6967.69 -5780.97 9072.67 1 2
-1552.09 -3870.76 -1780.82 4535.89 -1 2
event 55
-3032.38 18390.6 -12702.9 22767.6
4884.64 -3664.49 -17334.2 18637.4
-706.172 12348.3 -7540.56 14486.2 1 1
-2326.21 6042.35 -5162.31 8281.42 -1 1
3792.58 -995.209 -8997.3 9815.12 -1 2
1092.06 -2669.28 -8336.87 8822.26 1 2
event 56
-7483.22 -2967.27 35536 36567.7
6602.02 -6668.54 17523.2 20117.4
-3518.82 -2757.96 15049.9 15700.3 1 1
-3964.41 -209.313 20486 20867.4 -1 1
4423.69 -2344.75 9706.1 10921.8 -1 2
2178.33 -4323.79 7817.13 9195.6 1 2
event 57
-9764.63 2131.75 -6712.54 12431.6
-8218.09 -1794.03 1520.89 9091.72
-5164.35 1837.72 -5258.77 7596.94 -1 1
-4600.28 294.03 -1453.77 4834.63 1 1
-3336.74 175.507 1842.48 3817.13 -1 2
-4881.35 -1969.53 -321.586 5274.58 1 2
