event 0
11209 -11008.3 -29268.9 33362.9
-121.447 4406.43 -369.826 5399.89
1442.38 2689.91 -58.0283 3054.61 1 2
3785.86 -4541.64 -13966.7 15167.1 -1 1
-1563.83 1716.51 -311.798 2345.29 -1 2
7423.17 -6466.62 -15302.2 18195.8 1 1
event 1
-3206.35 -7145.63 -15696.9 17813.6
4372.05 -5048.26 21670.1 22886.3
-2478.37 -3488.67 -11079.5 11877.7 1 1
-727.976 -3656.96 -4617.43 5935.92 -1 1
1961.92 -4412.13 13172.4 14029.9 -1 2
2410.13 -636.131 8497.73 8856.41 1 2
event 2
-1544.43 7225.71 -4047.24 8975.91
4936.81 -6233.44 -26132.4 27490.4
624.887 4410.95 -2223.65 4980.24 -1 1
-2169.31 2814.75 -1823.59 3995.67 1 1
2691.36 -5547.76 -18142.6 19162.1 -1 2
2245.45 -685.673 -7989.86 8328.34 1 2
event 3
-767.891 5723.81 -12316.9 13951.6
1248.24 -10542.9 -9360.02 14488.3
-1763.63 2866.16 -4948.28 5985.14 1 1
995.739 2857.65 -7368.6 7966.5 -1 1
1911.46 -6278.3 -6883.35 9511.17 1 2
-663.211 -4264.65 -2476.67 4977.16 -1 2
event 4
9513.2 3243.15 -60537.7 61444.5
3511.75 4222.89 -5166.51 8151.63
5924.28 414.087 -33150.3 33678.2 -1 1
3588.92 2829.07 -27387.4 27766.3 1 1
1136.68 3661.4 -3520.05 5205.75 -1 2
2375.07 561.482 -1646.47 2945.88 1 2
