event 0
4220.13 -4264.87 -22475.5 23467.8
-8149.98 3655.08 31067.6 32474.1
1093.83 -3178.73 -13095 13520 1 1
3126.3 -1086.14 -9380.55 9947.83 -1 1
-4775.85 933.061 20085.7 20667 -1 2
-3374.13 2722.02 10982 11807.1 1 2
event 1
468.168 10581.4 8667.17 14032
-1095.44 5546.52 25545.2 26346
1177.16 5674.8 6220.23 8502.44 -1 1
-708.996 4906.61 2446.94 5529.57 1 1
515.462 4125.46 14103.1 14703.6 -1 2
-1610.9 1421.06 11442.1 11642.5 1 2
event 2
-10357.9 -4766.84 1650.64 11930
3066.37 4788.28 -5759.02 8665.3
467.826 3557.65 -2986.71 4669.83 1 2
-3802.64 -2381.09 2066.76 4940.88 -1 1
2598.54 1230.62 -2772.31 3995.46 -1 2
-6555.26 -2385.75 -416.114 6989.1 1 1
event 3
-17679.6 -6169.02 64928.8 67645.9
6105.16 -1276.07 14666.6 16235.8
-10619.5 -5243.36 41800.7 43446.2 1 1
-7060.15 -925.655 23128.2 24199.7 -1 1
3663.04 -566.394 11954.5 12516.4 -1 2
2442.12 -709.671 2712.16 3719.48 1 2
