event 0
7465.83 -4532.78 -3306.46 10040.2
3265.33 6602.67 -639.619 8016.07
3463.65 -2858.96 -3502.51 5696.42 1 1
4002.19 -1673.82 196.057 4343.82 -1 1
3572.23 4274.68 -925.85 5648.19 -1 2
-306.905 2327.99 286.23 2367.88 1 2
event 1
-8778.88 1255.98 -7771.62 12191.6
-7109.45 -2837.26 10156.8 13241.7
-5447.18 2268.43 -4639.28 7506.77 1 1
-3331.71 -1012.45 -3132.34 4684.87 -1 1
-5929.77 -938.822 5822.8 8364.19 -1 2
-1179.67 -1898.44 4333.97 4877.51 1 2
event 2
7416.69 -3063.23 15929.3 18103.1
-5026.33 -8113.53 -31815.3 33360.1
-799.466 -3468.92 -8554.68 9266.4 -1 2
1527.24 -1867.33 3048.09 3888.63 -1 1
-4226.86 -4644.61 -23260.6 24093.7 1 2
5889.44 -1195.9 12881.2 14214.5 1 1
event 3
5196.01 4683.21 8852.59 11700
9922.6 -3071.29 16610.8 19834.3
3085.2 -304.689 2808.81 4184.72 1 2
2818.67 548.768 3555.02 4571.14 -1 1
6837.4 -2766.6 13802 15649.6 -1 2
2377.34 4134.45 5297.57 7128.87 1 1
event 4
-1616.14 -6489.5 29725.8 30625.8
-7818.74 -574.884 -10279.4 13293.6
-3729.29 432.478 -7039.96 7979.15 1 2
712.33 -1965.7 5839.52 6203.43 1 1
-2328.47 -4523.81 23886.3 24422.4 -1 1
-4089.44 -1007.36 -3239.48 5314.48 -1 2
event 5
-5531.19 -5508.89 21626.7 23200.1
2150.22 -7269.35 -9358.73 12435.6
-2380.96 -4065.52 9772.83 10849.7 1 1
-3150.23 -1443.37 11853.8 12350.4 -1 1
581.552 -5797.22 -7969.13 9872.4 -1 2
1568.67 -1472.12 -1389.59 2563.2 1 2
