event 0
-4602.88 -4531.89 7084.76 10075.2
4912.85 -4890.73 -30234.7 31173.5
3147.82 -1036.28 -11775.3 12233.2 -1 2
-578.619 -2600.14 2192.66 3451.73 1 1
-4024.26 -1931.75 4892.1 6623.45 -1 1
1765.03 -3854.45 -18459.4 18940.3 1 2
event 1
15904.4 1976.14 -3682.92 16733.5
-5199.37 4832.48 4383.85 8899.17
9284.19 -61.232 -1142.84 9355.06 -1 1
6620.17 2037.38 -2540.08 7378.4 1 1
-3790.71 2125.96 3835.07 5797.25 -1 2
-1408.66 2706.52 548.784 3101.92 1 2
event 2
4152.7 -7979.38 4652.25 10590.1
4582.52 -6198.8 -31716.6 32786.6
1891.91 -3073.41 -8979.04 9677.78 1 2
1229.08 -2397.42 3082.8 4095.49 -1 1
2923.62 -5581.96 1569.45 6494.62 1 1
2690.6 -3125.39 -22737.6 23108.8 -1 2
event 3
-3741.43 5412.56 -2464.15 7678.35
-164.005 -8926.99 -10494.6 14122.5
-1431.39 -3193.06 -3074.01 4658.89 1 2
-2239.55 1211.22 63.9217 2549.1 -1 1
1267.39 -5733.92 -7420.58 9463.63 -1 2
-1501.88 4201.34 -2528.07 5129.25 1 1
