event 0
5838.49 -1631.2 29051.6 29838.4
-481.866 -9157.65 26825.7 28518.5
3349.98 -2410.38 15665.7 16200.5 1 1
2488.51 779.177 13385.9 13637.9 -1 1
-1718.56 -4900.18 15910.4 16736.7 -1 2
1236.7 -4257.47 10915.4 11781.8 1 2
event 1
8092.67 -2026.12 15052.4 17599.8
5276.45 -1610.19 -14399.9 15854.9
4715.2 -250.308 5153.21 6990.17 -1 1
3377.48 -1775.81 9899.15 10609.7 1 1
1973 825.29 -7744.66 8035.22 -1 2
3303.45 -2435.47 -6655.21 7819.67 1 2
event 2
-6001.75 -4912.75 -2318.06 8667.24
-98.3163 11602 -36047.7 37995.3
-46.2683 8446.82 -30081.8 31245.4 1 2
-2401.05 -3057.11 204.501 3894.09 -1 1
-52.048 3155.13 -5965.93 6749.89 -1 2
-3600.69 -1855.64 -2522.56 4773.14 1 1
event 3
7342.88 -723.563 12569.5 14900.4
9811.13 -14978 2953.45 18409.5
4777.98 982.015 6955.34 8495.96 -1 1
2564.9 -1705.58 5614.12 6404.47 1 1
8091.58 -12861.3 1376.54 15257.6 -1 2
1719.56 -2116.64 1576.92 3151.96 1 2
event 4
6899.14 1388.97 1196.04 7781.31
2631.78 -6788.53 -7679.2 11025.9
1548.67 -2634.26 -5294.1 6113.62 1 2
2391.46 572.754 -1052.73 2677.04 -1 1
4507.68 816.217 2248.78 5104.27 1 1
1083.11 -4154.27 -2385.1 4912.33 -1 2
