event 0
4738.38 -6787.94 -9056.12 12654.3
-5430.32 6407.23 -16770.1 19009.7
-2907.37 2223.41 -10083.1 10727.3 1 2
85.2786 -2514.87 -2472.57 3529.39 1 1
4653.1 -4273.07 -6583.55 9124.95 -1 1
-2522.94 4183.82 -6686.99 8282.31 -1 2
event 1
-5701.17 2080.95 6410.39 9566.74
4308.35 -6318.53 -41774.5 42581.5
2720.18 -1375.18 -14571.3 14887.1 1 2
-771.72 1989.14 2377.56 3196.27 1 1
1588.18 -4943.34 -27203.1 27694.4 -1 2
-4929.45 91.8071 4032.83 6370.46 -1 1
event 2
7980.95 5087.45 1809.26 10121.4
6291.02 25775.9 -26839 37866.8
6727.75 2867.77 1938.98 7566.87 1 1
1253.2 2219.68 -129.713 2554.5 -1 1
4417.53 17828.7 -16489.4 24683.8 1 2
1873.48 7947.2 -10349.5 13183 -1 2
event 3
6889.25 5292.86 -30178 31556
2041.66 6329.81 8922.75 11551.7
4309.09 3002.51 -22986.3 23578.9 -1 1
2580.16 2290.34 -7191.71 7977.14 1 1
-460.614 2549.62 1994.5 3271.38 -1 2
2502.27 3780.18 6928.25 8280.27 1 2
event 4
-3364.65 4459.04 8797.58 10871.6
-12150.6 -8072.08 51500.2 53615.9
-3232.84 2174.26 6772.63 7813.98 -1 1
-131.812 2284.78 2024.95 3057.64 1 1
-8069.66 -5872.86 29845.6 31470.4 1 2
-4080.93 -2199.23 21654.6 22145.5 -1 2
event 5
-9647.53 441.79 -9783.5 14091.8
3201.6 12633.2 -32300.7 34968.2
1587.27 4775.93 -16451.9 17204.8 -1 2
-1740.38 -1095.86 -1595.09 2604.86 -1 1
-7907.16 1537.65 -8188.41 11486.9 1 1
1614.34 7857.26 -15848.9 17763.5 1 2
event 6
6003.12 1727.86 -15152.5 16679.7
-11037.7 -4195.55 -46970.4 48530.9
3516.27 2499.54 -8444.49 9483.27 -1 1
2486.85 -771.679 -6708.04 7196.45 1 1
-6945.01 -1014.23 -26457.8 27373.1 -1 2
-4092.65 -3181.32 -20512.7 21157.8 1 2
event 7
1008.24 8036.6 -14890.9 17231.7
3289.38 -5438.74 -31067.7 31862.1
-862.085 5194.86 -8925.18 10363.4 1 1
1870.33 2841.74 -5965.71 6868.36 -1 1
-304.497 -2223.7 -9749.11 10004.7 -1 2
3593.88 -3215.04 -21318.6 21857.4 1 2
