event 0
8152.15 -2833.3 -4468.58 10200.2
-5481.75 -5928.41 307.842 8653.38
-3958.11 -4357.59 -1180.17 6004.93 -1 2
3138.63 452.795 -1618.71 3561.94 1 1
5013.51 -3286.09 -2849.87 6638.27 -1 1
-1523.64 -1570.82 1488.02 2648.45 1 2
event 1
-7395.34 -8955.58 -1093.26 12069.8
8167.72 -3398.31 -24964.4 26665.9
4202.97 -1831.82 -8499.75 9658.03 -1 2
-1746.55 -4194.14 286.239 4553.5 -1 1
-5648.79 -4761.44 -1379.5 7516.27 1 1
3964.75 -1566.49 -16464.6 17007.9 1 2
event 2
-2774.53 -8827.04 -1014.71 9809.97
7705.5 -7666.81 996.182 11346.3
-2350.02 -4666.41 731.197 5276.72 -1 1
-424.506 -4160.62 -1745.91 4533.25 1 1
6023.31 -5161.43 1969.37 8173.75 -1 2
1682.2 -2505.38 -973.183 3172.53 1 2
event 3
3934.34 3222.51 6479.88 8800.19
5604.39 9742.98 -40792.6 42426
3422.03 1141.07 5103.73 6250.72 -1 1
512.305 2081.44 1376.15 2549.47 1 1
2527.12 5560.85 -27137.6 27816.7 1 2
3077.27 4182.12 -13655 14609.2 -1 2
event 4
2717.31 6861.49 -6181.89 10113
-3040.42 -7648.85 25014.8 26515.7
-2003.05 -3392.77 7639.11 8595.95 -1 2
301.074 2230.62 -345.097 2279.6 1 1
2416.23 4630.87 -5836.79 7833.42 -1 1
-1037.37 -4256.08 17375.7 17919.7 1 2
event 5
-4462.35 -6571.1 24957.3 26373.3
11055.8 -6503.37 26991.1 30043.8
4581.27 -2781.4 14866.8 15803.7 -1 2
-670.445 -2669.42 5252.66 5931.02 -1 1
6474.5 -3721.96 12124.3 14240.1 1 2
-3791.9 -3901.68 19704.7 20442.3 1 1
event 6
2700.26 -6037.24 19.8321 7302.78
-10300 12906.2 -3936.84 17255.5
2715.59 -2861.15 809.454 4028.27 1 1
-15.3205 -3176.08 -789.622 3274.51 -1 1
-7468.71 8655.82 -1299.82 11506.8 1 2
-2831.3 4250.43 -2637.02 5748.69 -1 2
