event 0
1049.98 6483.28 1532.58 7421.24
-11136.4 984.411 -19379.6 22586.5
-183.034 4866.36 -3.02565 4870.95 1 1
1233.02 1616.92 1535.6 2550.29 -1 1
-6459.63 -836.123 -12130.5 13769 1 2
-4676.81 1820.53 -7249.06 8817.42 -1 2
event 1
359.025 6300.39 27820.2 28694.6
-13436.6 6932.32 4130.64 15976.6
-1064.24 3938.69 13209.8 13825.9 1 1
1423.26 2361.7 14610.4 14868.7 -1 1
-9650.63 5166.72 1527.19 11053.2 1 2
-3785.96 1765.6 2603.45 4923.41 -1 2
event 2
-2115.86 6347.23 4352.27 8561.36
8778.58 -4101.97 1971.36 10361.7
-2375.75 2837.82 3086.01 4819.96 1 1
259.892 3509.41 1266.26 3741.4 -1 1
4705.81 -2993.64 -263.437 5584.54 -1 2
4072.77 -1108.33 2234.8 4777.17 1 2
event 3
6420.72 2280.31 -9995.14 12486.8
8505.21 610.185 -19869 21842.2
4314.31 -1216.49 -9200.57 10235 1 2
1590.2 2099.09 -3169.45 4122.08 -1 1
4830.52 181.225 -6825.69 8364.69 1 1
4190.9 1826.68 -10668.5 11607.2 -1 2
event 4
-6836.64 5165.99 12295.4 15303.4
-7597.77 2569.64 23875.6 25376.4
-3971.77 3346.12 9792.77 11085.2 1 1
-2864.87 1819.87 2502.64 4218.27 -1 1
-6410.72 894.9 16653 17867.1 -1 2
-1187.05 1674.74 7222.55 7509.34 1 2
event 5
183.333 -6297.51 -12271.3 14137.5
-3653.04 10888 -36820.6 38694.2
-1289.34 -4268.13 -8642.48 9725.37 -1 1
1472.67 -2029.38 -3628.87 4412.14 1 1
-2044.53 6626.18 -17075 18429.7 -1 2
-1608.51 4261.84 -19745.5 20264.5 1 2
event 6
5958.61 5031.63 37120.2 38056.8
-5959.44 -928.427 6460.19 9364.92
-4454.88 633.326 3541.1 5726.92 -1 2
3515.19 966.542 16124 16531.3 -1 1
2443.42 4065.09 20996.2 21525.5 1 1
-1504.56 -1561.75 2919.09 3638 1 2
event 7
-5162.32 4423.93 12524.8 14583.6
-129.15 -9304.63 3503.1 10414.1
-2328.35 3088.75 4315.17 5795.98 1 1
-2833.97 1335.19 8209.59 8787.64 -1 1
905.002 -5062.57 3151.01 6032.3 1 2
-1034.15 -4242.07 352.091 4381.75 -1 2
event 8
-10303.1 1955.59 28676.1 30690.2
2955.83 -9867.79 -19511 22279.6
709.433 -3689.22 -10286.7 10951.8 1 2
-2944.14 1943.42 10649.6 11219.1 -1 1
-7358.99 12.1666 18026.5 19471.1 1 1
2246.4 -6178.57 -9224.23 11327.8 -1 2
