event 0
-5606.7 610.518 1492.22 6900.87
-18231.3 -2330.11 35687.8 40261.9
-3265.55 2004.17 1642.61 4170.11 -1 1
-2341.15 -1393.65 -150.382 2730.75 1 1
-11640.2 -2610.14 20815.2 23991.5 -1 2
-6591.11 280.032 14872.6 16270.4 1 2
event 1
-7981.57 3461.54 -16289.7 18725.2
-17739.6 -3539.25 56861 59749.3
-4734.23 -1850.68 12629.4 13614.4 1 2
-3575.52 215.244 -8296.6 9037.45 -1 1
-13005.4 -1688.57 44231.5 46134.9 -1 2
-4406.05 3246.3 -7993.12 9687.77 1 1
event 2
332.228 -4923.78 -1082.6 5925.95
2253.81 8371.97 40381 41417.2
-719.386 -3221.88 541.443 3346.99 -1 1
1051.61 -1701.9 -1624.04 2578.96 1 1
-357.038 4587.66 20882.6 21383.8 1 2
2610.85 3784.31 19498.5 20033.4 -1 2
event 3
6131.62 -2251.55 -2742.86 7731.74
7576.56 -903.686 24414.3 25765.7
2753.91 -1264.51 5947.32 6675.68 -1 2
1575.3 -1946.11 -225.26 2516.11 1 1
4822.65 360.82 18466.9 19090 1 2
4556.31 -305.443 -2517.6 5215.63 -1 1
event 4
5673.98 -6824.3 -932.383 9445.89
-4544.99 -66.7515 9411.3 10900.7
-2924.69 1306.12 6914.88 7621.45 1 2
2184.93 -3618.66 -1855.33 4617.58 1 1
-1620.3 -1372.87 2496.42 3279.24 -1 2
3489.05 -3205.63 922.952 4828.31 -1 1
event 5
-3205.38 -12769.9 -26914.6 30122
-6400.03 11118 -14730.5 19777.5
-1281.37 5248.2 -6295.32 8296.25 -1 2
-1016.34 -2098.6 -2696.54 3566.45 -1 1
-2189.04 -10671.3 -24218.1 26555.5 1 1
-5118.67 5869.77 -8435.21 11481.2 1 2
event 6
-3283.9 -7429.54 -6924.03 11113.7
3158.47 -7817.74 -12458.1 15488.3
2910.33 -2391.4 -4992.25 6254.8 -1 2
498.616 -2046.14 -1832.89 2793.91 -1 1
-3782.51 -5383.41 -5091.15 8319.82 1 1
248.146 -5426.34 -7465.86 9233.47 1 2
