event 0
2080.3 -8756.06 -24481.8 26266.9
4792.48 -582.665 817.023 5793.65
3219.37 995.994 1095.74 3545.16 1 2
-593.191 -4128.95 -10774.2 11554 -1 1
1573.11 -1578.66 -278.718 2248.48 -1 2
2673.49 -4627.11 -13707.6 14712.9 1 1
event 1
3283.81 -4738.7 16314.7 17578.4
5313.1 11989 58548.8 60079.2
1920.46 -2654.47 13135.8 13538.7 -1 1
1363.35 -2084.23 3178.86 4039.69 1 1
4117.96 5831.7 28293 29180 -1 2
1195.14 6157.29 30255.7 30899.2 1 2
event 2
-3269.57 4401.68 -10570.4 12304
-9710.59 8280.98 10479.4 16801.2
-511.449 3077.66 -6502.01 7212.55 -1 1
-2758.12 1324.02 -4068.35 5091.46 1 1
-7601.4 4594.16 7192.12 11429.1 1 2
-2109.19 3686.82 3287.24 5372.01 -1 2
event 3
4632.44 -10701.2 28327.1 30789.5
-4461.4 5274.9 -12007.2 14194.8
-2714.29 3432.01 -10129.9 11035.1 -1 2
1306.97 -3367.96 12772.1 13273.7 -1 1
3325.47 -7333.23 15555 17515.8 1 1
-1747.11 1842.89 -1877.3 3159.76 1 2
event 4
6018.97 -107.108 -22353.5 23356.1
12204.8 2856.54 -33863.9 36241.8
3484.72 -570.397 -17573.5 17925.1 -1 1
2534.25 463.288 -4779.96 5431.04 1 1
7175.72 760.668 -15721.9 17299.1 -1 2
5029.1 2095.87 -18142 18942.7 1 2
event 5
-7853.44 -2274.32 -1948.17 8957.43
-296.251 -6285.84 -1870.17 7258.65
-4088.66 -2758.39 -1337.96 5111.47 -1 1
-3764.78 484.069 -610.212 3845.96 1 1
1135.16 -1896.25 150.407 2217.69 -1 2
-1431.41 -4389.59 -2020.57 5040.96 1 2
event 6
-11903.8 -412.28 33982.2 36142
-3780.03 4632.23 -9821.7 11908.1
-3402.77 2097.92 -4631.82 6119.23 1 2
-4136.22 164.442 16343.6 16860 1 1
-377.263 2534.31 -5189.88 5788.88 -1 2
-7767.55 -576.722 17638.5 19282 -1 1
event 7
-3756.68 3954.61 28022.3 28715.7
-22755.8 12066.8 -12768.2 28914.6
-3634.5 1886.9 20894.9 21292.7 1 1
-122.177 2067.71 7127.38 7423 -1 1
-13946.6 9061.59 -8005.73 18458.7 1 2
-8809.18 3005.23 -4762.45 10455.9 -1 2
