event 0
-10243.6 252.455 2917.16 11094.8
-4442.66 4029.95 10120.7 12165.4
-2346.37 3703.97 8211.49 9309.38 -1 2
-3173.09 1458.95 1391.47 3760.9 1 1
-7070.5 -1206.49 1525.69 7333.93 -1 1
-2096.3 325.979 1909.24 2856.06 1 2
event 1
3331.2 -7158.37 -27884.4 29145.7
-3364.34 10923.1 -15395.5 19422.8
-2819.79 4784.12 -8701.72 10323.3 1 2
1957.33 -1539.08 -5735.62 6253.68 -1 1
-544.547 6138.95 -6693.77 9099.51 -1 2
1373.86 -5619.29 -22148.8 22892 1 1
event 2
5610.6 5497.08 15049.1 17255.8
-4231.68 3581.22 3874.67 7438.76
4686.99 2602.13 10397.5 11698.7 1 1
923.617 2894.95 4651.57 5557.17 -1 1
-197.293 1998.12 1102.83 2293.21 -1 2
-4034.38 1583.1 2771.83 5145.55 1 2
event 3
8070.9 -780.123 9818.23 13104.8
-2208.86 5113.93 22722.9 23599.8
4066.19 -618.368 2657.13 4897.74 -1 1
4004.71 -161.755 7161.1 8207.09 1 1
-2521.51 1954.53 10923.6 11380.4 -1 2
312.653 3159.41 11799.3 12219.4 1 2
event 4
7671.4 -8598.2 2106.73 12116.5
3709.88 3362.96 4341.06 7314.89
6100.41 -4648.54 1122.38 7752.09 -1 1
1570.99 -3949.65 984.341 4364.38 1 1
3050.4 978.303 3381.26 4658.98 -1 2
659.478 2384.65 959.794 2655.91 1 2
event 5
6581.79 -5194.5 -27550.9 28964.6
4534.1 -7480.8 11505.8 14781.6
4578.3 -2238.7 -12583.7 13577 1 1
2003.49 -2955.8 -14967.2 15387.6 -1 1
3408.9 -4479.51 9360.31 10923.1 -1 2
1125.2 -3001.29 2145.53 3858.54 1 2
event 6
1251.79 -13887.5 4107.11 14862.2
3910.85 -4016.69 17502.6 18637.6
3693.14 -1759.26 10201.2 10991.4 1 2
-322.559 -5383.17 272.275 5400.73 -1 1
217.719 -2257.44 7301.35 7646.19 -1 2
1574.35 -8504.32 3834.83 9461.46 1 1
event 7
6613.59 3787 -28658.8 29816
-4743.92 6833.54 -30362.4 31633.4
-3088.96 1803.86 -11925 12450.4 1 2
975.254 1964.59 -5808.61 6209.81 1 1
5638.34 1822.41 -22850.2 23606.2 -1 1
-1654.96 5029.68 -18437.5 19183 -1 2
event 8
3721.69 6047.12 7592.29 10846.8
9940.81 4194.18 -23538.9 26078.4
3863.13 1659.33 -12876.6 13546.1 -1 2
288.462 3387.62 3250.13 4704.65 1 1
6077.68 2534.86 -10662.3 12532.3 1 2
3433.23 2659.5 4342.16 6142.11 -1 1
event 9
-14672.5 -22615.8 -72149.1 77083.4
4140.39 -4078.91 -415.465 6598.79
-11651.2 -19954.5 -61221.5 65437.1 -1 1
-3021.26 -2661.29 -10927.6 11646.2 1 1
1785.99 -2636.81 1192.11 3402.18 -1 2
2354.4 -1442.1 -1607.57 3196.61 1 2
event 10
-5015.59 3863.35 -12197.8 14087.5
-6391.87 -8524.55 30871.3 32804.8
-2108.22 -2565.08 14297.4 14678.3 -1 2
-2826.17 273.13 -4955.83 5712.55 -1 1
-4283.65 -5959.47 16573.9 18126.5 1 2
-2189.41 3590.22 -7241.93 8374.96 1 1
