event 0
-4573.48 -9760.09 -2692.11 11533.2
-6481.97 3685.79 -9430.1 12414.4
-2073.42 -5848.19 -2972.66 6881.01 1 1
-2500.06 -3911.9 280.55 4652.22 -1 1
-2478.43 1208.44 -1373.09 3082.12 -1 2
-4003.54 2477.35 -8057.01 9332.32 1 2
event 1
-8376.99 -7262.22 1154.14 11568.8
-2759.69 5103.5 -17359.5 18563.5
-6048.6 -3579.93 -113.013 7030.32 1 1
-2328.39 -3682.29 1267.15 4538.45 -1 1
-3167.43 2881.36 -12201.2 12931.1 -1 2
407.743 2222.15 -5158.3 5632.36 1 2
event 2
-10325.5 -861.827 5597.47 12177
6412.57 -4099.86 12186.6 14698.1
4048.05 -2445.26 10043.9 11102.1 1 2
-4826.62 -1433.63 3970.64 6413.17 1 1
2364.52 -1654.59 2142.68 3595.95 -1 2
-5498.87 571.806 1626.83 5763.87 -1 1
event 3
6550.17 -85.3667 30981.6 31817.6
-1224.35 -7715.84 3766.53 9209.29
-508.122 -3646.47 100.692 3684.59 -1 2
2374.71 1240.76 15392.3 15624.1 1 1
4175.46 -1326.12 15589.3 16193.6 -1 1
-716.225 -4069.37 3665.84 5524.7 1 2
