event 0
13842 -923.364 64950.2 66487.4
1175.54 -14592.9 9060.28 17493.2
748.815 -6536.91 2311.17 6974.56 1 2
4170.26 27.2448 13595.9 14221.5 -1 1
9671.72 -950.609 51354.3 52265.9 1 1
426.726 -8055.98 6749.11 10518.7 -1 2
event 1
-2210.39 7965.16 -7078.03 11314.5
3903.59 9465.7 -18640.4 21491.7
-1396.94 4120.56 -5650.34 7132.18 1 1
-813.449 3844.59 -1427.69 4182.35 -1 1
2636.14 7898.94 -16842.7 18789.1 -1 2
1267.45 1566.76 -1797.7 2702.61 1 2
event 2
-8276.1 5120.51 12370.2 16041.4
-5164.6 -3715.46 6176.57 9392.4
-5055.87 1334.93 6725.59 8519.9 1 1
-3220.23 3785.59 5644.65 7521.55 -1 1
-4162.06 -1156.32 3932.66 5842.67 -1 2
-1002.54 -2559.14 2243.91 3549.73 1 2
event 3
7559.88 1525.81 13335.1 15712.9
-11692.6 3091.98 7146.78 14385.5
-3438.13 2188.19 3242.88 5209.26 1 2
2870.18 594.611 2443.16 3817.29 -1 1
-8254.43 903.798 3903.9 9176.28 -1 2
4689.71 931.202 10892 11895.7 1 1
event 4
-4459.46 6573.76 16110.1 18227.1
-18559.3 -1876.53 51981.9 55314.4
-2222.34 4753.01 7560.1 9203.06 1 1
-2237.11 1820.75 8550.01 9024.06 -1 1
-10622.8 -844.831 34013 35643.4 1 2
-7936.55 -1031.7 17968.9 19670.9 -1 2
event 5
1537.27 -7315.99 32518.4 33510.1
-5384.55 -14049.2 -72954.7 74554.4
2232.91 -5193.5 19588.2 20387.9 1 1
-695.636 -2122.49 12930.2 13122.2 -1 1
-2161.89 -7771.68 -45341.6 46053.7 -1 2
-3222.67 -6277.55 -27613.1 28500.6 1 2
