event 0
-5494.1 -1927.4 -27374.6 28157.8
-700.669 14253.7 -65538 67145.2
-2458.59 -2026.74 -18614.3 18885.3 1 1
-3035.51 99.3427 -8760.37 9272.51 -1 1
424.79 8651.2 -33524.2 34625.2 1 2
-1125.46 5602.54 -32013.8 32520 -1 2
event 1
5616.77 -4278.41 3549.34 8487.72
-7635.07 2309.46 15016.8 17283.6
-3466.63 1383.2 10113.3 10780.6 -1 2
2502.62 -921.509 2761.17 3840.25 -1 1
3114.15 -3356.9 788.166 4647.48 1 1
-4168.43 926.26 4903.45 6502.99 1 2
event 2
-5871.11 -1903.28 237.812 6909.43
-154.233 7607.47 -19652.7 21300.6
-560.01 3219.18 -4800.12 5807.68 1 2
-2298.12 388.282 -920.738 2508.2 1 1
405.777 4388.29 -14852.5 15492.9 -1 2
-3572.98 -2291.56 1158.55 4401.23 -1 1
event 3
-2258.43 5000.28 27886.4 28589.3
5229.69 -11392.2 -61141.9 62490.5
-2891.34 2891.17 17539.9 18010.5 1 1
632.908 2109.11 10346.5 10578.8 -1 1
4262.11 -6965.15 -44454.8 45198.7 1 2
967.577 -4427.07 -16687.1 17291.8 -1 2
event 4
9799.62 2597.99 20262.5 22867.9
-5759.03 -2253.49 -49.8916 6916.5
-3641.81 -2486.36 -1090.3 4543.64 -1 2
3999.26 902.123 11613.2 12316.1 1 1
5800.35 1695.86 8649.28 10551.8 -1 1
-2117.22 232.87 1040.41 2372.86 1 2
event 5
-2198.67 -3890.05 1671.03 6028.8
14227.3 -2882.99 -55090.1 57054.7
-2850.51 -1550.17 1542.06 3594.1 1 1
651.842 -2339.89 128.975 2434.7 -1 1
7666.14 -3114.06 -30262.8 31373.8 1 2
6561.12 231.069 -24827.4 25680.9 -1 2
event 6
-3732.81 -5650.33 21804.5 23041
5825.6 14092 36221.4 39422.1
-873.914 -3763.62 13860.2 14389.1 1 1
-2858.9 -1886.71 7944.23 8651.88 -1 1
4363.43 8963.09 26818.3 28611.3 1 2
1462.17 5128.88 9403.09 10810.8 -1 2
event 7
-475.32 10687.8 -9403.35 14576.3
7422.75 -3083.59 16275.3 18414.2
4611.67 -3122.84 12674.6 13844.7 -1 2
-1436.58 4994.96 -5709.31 7721.45 1 1
961.259 5692.82 -3694.04 6854.88 -1 1
2811.08 39.2538 3600.69 4569.45 1 2
event 8
6774.21 -1972.96 2763.34 8185.92
-5813.43 7812.59 34202.1 35696
-3750.26 2730.53 13308.7 14094.4 1 2
2410.78 619.47 201.19 2499.45 -1 1
-2063.17 5082.06 20893.4 21601.6 -1 2
4363.43 -2592.43 2562.15 5686.47 1 1
event 9
-7172.18 -1383.47 -20350.9 21842.7
-8416.7 -3674.66 -10072.2 13977.9
-4145.77 -150.804 -4113.72 5843.29 1 2
-1721.24 -1554.98 -4250.33 4843.26 1 1
-4270.94 -3523.86 -5958.44 8134.66 -1 2
-5450.93 171.515 -16100.6 16999.5 -1 1
event 10
-6281.54 6367.31 8813.58 12933.3
6376.95 -5146.28 3459.34 9418.51
3701.75 -1047.84 1807.19 4251.83 1 2
-2126.81 2145.48 1121.24 3224.09 1 1
-4154.73 4221.83 7692.34 9709.21 -1 1
2675.2 -4098.43 1652.15 5166.68 -1 2
event 11
4898.7 -1981.14 19732.3 20661
6818.21 5841.51 -15129.9 17863.8
2614.42 -2580.27 13634 14120.5 1 1
2284.27 599.134 6098.36 6540.49 -1 1
4820.97 2141.59 -7912.16 9510.08 -1 2
1997.24 3699.92 -7217.69 8353.72 1 2
event 12
2857.53 7419.88 -17923.7 19851.2
-329.547 -6516.55 -20359.9 21603
590.856 5288.96 -9813.79 11164.4 1 1
2266.67 2130.92 -8109.91 8686.79 -1 1
1151.61 -1677.34 -4185.51 4655.03 -1 2
-1481.16 -4839.2 -16174.4 16948 1 2
event 13
13589.6 -7587.87 25124.4 29716.6
5485.06 -3856.41 4847.82 8834.9
4408.03 -1821.17 4393.52 6485.49 1 2
3802.03 -3052.61 5735.37 7528.58 1 1
1077.03 -2035.24 454.296 2349.41 -1 2
9787.55 -4535.26 19389 22188.1 -1 1
event 14
-8014.14 1485.95 5300.99 10204.2
-4524.87 -9509.36 -6684.62 12852.1
-1289.31 -4967.88 -1805.16 5441.68 1 2
-2815.61 298.12 226.55 2842.36 1 1
-3235.56 -4541.48 -4879.46 7410.41 -1 2
-5198.54 1187.83 5074.44 7361.85 -1 1
event 15
-5697.52 4146.55 11663.5 13974.4
14182 16704.2 -21339.2 30742.7
-3895.27 3013.05 5173.89 7143.66 -1 1
-1802.25 1133.5 6489.6 6830.74 1 1
6291.72 9793.13 -11290.1 16216.3 -1 2
7890.32 6911.04 -10049.1 14526.4 1 2
event 16
393.314 8736.13 12147 15284.5
-3825.38 -4197.12 3047.65 7150.43
-1279.82 4469.81 6848.92 8278.65 -1 1
1673.14 4266.32 5298.08 7005.83 1 1
-1234.31 -3439.75 1093.07 3815.93 -1 2
-2591.07 -757.368 1954.59 3334.49 1 2
event 17
-2396.16 10625.7 -11089.8 15849.9
-50.3196 -6831.5 -31200.4 32089.3
-507.09 8208.4 -7550.91 11165.2 -1 1
-1889.07 2417.3 -3538.85 4684.71 1 1
1382.03 -2325.09 -9411.68 9793.21 -1 2
-1432.35 -4506.4 -21788.7 22296.1 1 2
event 18
4418.91 3960.01 -6080.71 9261.28
-9544.32 -1937.36 -9913.71 14237.9
2202.52 2299.53 -5608.07 6449.85 -1 1
2216.39 1660.47 -472.636 2811.43 1 1
-5693.92 228.347 -4581.2 7312.42 1 2
-3850.4 -2165.71 -5332.51 6925.51 -1 2
event 19
-1869.2 -5786.22 -4397.7 8118.19
1761.96 9051.27 -2876.89 10143.8
-1694.57 -3157.75 -826.539 3679.3 1 1
-174.638 -2628.47 -3571.16 4438.89 -1 1
-332.128 5451.86 -2342.78 5944.15 1 2
2094.09 3599.4 -534.104 4199.69 -1 2
event 20
5113.64 9775.43 -19464.5 22586.8
7078.04 -4618.38 1544.55 9132.63
3328.22 -1298.36 -702.186 3642.39 -1 2
2277.43 1820.46 -6345.79 6984.34 -1 1
2836.21 7954.97 -13118.7 15602.5 1 1
3749.82 -3320.02 2246.74 5490.23 1 2
event 21
-4397.09 6593.02 12036.3 14739.9
6691.49 2750.79 -5154.66 9407.66
4604.52 577.426 -2032.17 5067.14 -1 2
-477.832 3435.25 4683.61 5828.95 -1 1
-3919.26 3157.77 7352.72 8910.99 1 1
2086.97 2173.37 -3122.5 4340.52 1 2
event 22
190.941 -6851.31 -17748.7 19276.5
163.936 13029.7 50388.9 52138.6
34.9351 5247.44 14650.5 15562.3 1 2
-1162.89 -1773.45 -3555.54 4141.31 -1 1
129.001 7782.25 35738.4 36576.3 -1 2
1353.83 -5077.85 -14193.1 15135.2 1 1
event 23
8376.57 5608.88 25983.3 28041.9
1620.18 -7610.91 14073.8 16377.3
2378.35 -4466.91 9641.73 10889.6 -1 2
4176.69 974.695 10731.7 11557.5 -1 1
4199.88 4634.19 15251.6 16484.4 1 1
-758.163 -3144 4432.09 5487.63 1 2
event 24
6101.36 -1751.95 -7936.79 10624.5
-7575.33 3275.52 -6149.31 10747.9
3430.34 -306.56 -6280.37 7163.47 1 1
2671.02 -1445.39 -1656.42 3460.98 -1 1
-4786.68 394.989 -3389 5879.19 1 2
-2788.64 2880.53 -2760.31 4868.72 -1 2
event 25
3202.34 -5558.1 -24050.8 25083.4
5306.3 -4355.45 -17820.9 19346.9
1205.65 -2908.58 -6631.29 7341.56 1 2
1795.81 -1528.64 -13444.4 13650.1 -1 1
4100.65 -1446.88 -11189.6 12005.3 -1 2
1406.53 -4029.46 -10606.3 11433.3 1 1
event 26
4035.84 -13471.8 41014.1 43468.7
9529.21 10295.2 14348.1 20304.1
8367.58 8171.16 10293.2 15580.3 1 2
-18.7056 -5050.36 14693.1 15537.2 -1 1
1161.63 2124.07 4054.92 4723.83 -1 2
4054.55 -8421.41 26321.1 27931.5 1 1
event 27
-2355.02 4985.55 9378.39 11311.4
13077.1 4395.76 9627.75 17106.1
-1551.82 2858.78 2613.64 4174.09 1 1
-803.206 2126.77 6764.75 7137.31 -1 1
9046.82 1607.3 6941.76 11516.4 1 2
4030.26 2788.45 2685.99 5589.65 -1 2
event 28
9879.32 3550 43511.6 44867.1
5340.85 -2509.3 27228.6 28032.3
6448.57 3372.25 24943.9 25983.9 1 1
3430.75 177.748 18567.7 18883.1 -1 1
1950.55 605.705 7562.38 7834.05 -1 2
3390.3 -3115.01 19666.2 20198.3 1 2
event 29
-5195.6 -12722.8 770.72 14108.5
2085.66 6640.09 1307.99 7729.33
-1819.09 -7391.75 -645.214 7640.32 -1 1
-3376.51 -5331.04 1415.93 6468.14 1 1
772.144 3831.18 -783.758 3987.43 -1 2
1313.52 2808.9 2091.75 3741.9 1 2
event 30
7390.69 5886.02 29945 31552.5
6931.78 -8655.29 -4338.45 12303.5
6048.52 -6199.7 -4347.23 9691.77 1 2
3733.16 1971.1 9138.48 10067 -1 1
883.263 -2455.59 8.7747 2611.76 -1 2
3657.53 3914.92 20806.5 21485.5 1 1
event 31
4953.95 -3920.1 -6104.37 9314.67
-2652.47 -8432.65 7088.02 11746.3
351.224 -3953.78 3128.81 5055.33 -1 2
2349.54 -41.0173 -2279.28 3275.41 1 1
-3003.69 -4478.86 3959.21 6690.96 1 2
2604.41 -3879.08 -3825.09 6039.26 -1 1
event 32
-1353.52 13349.2 41681.6 43897.3
-4443.48 -12736.1 649.483 13855.2
54.2482 8122.59 20929.9 22451.1 -1 1
-1407.77 5226.58 20751.7 21446.3 1 1
-3040.45 -9827.96 -789.983 10318.3 -1 2
-1403.03 -2908.15 1439.47 3536.81 1 2
event 33
7922.02 -2095.94 -2262 9047.61
-4166.66 -5795.34 -24574.9 25777.2
3840.47 -1752 269.75 4231.15 1 1
4081.55 -343.936 -2531.75 4816.46 -1 1
-1259.44 -2879.25 -15434.5 15751.5 -1 2
-2907.22 -2916.09 -9140.41 10025.7 1 2
event 34
12063.4 10478.1 -44376.7 47267.3
2747 15447.8 53095.5 55451.9
7978.7 5714.86 -23485.5 25453.8 -1 1
4084.68 4763.26 -20891.2 21813.5 1 1
1607.13 10642.4 40930.3 42321.9 -1 2
1139.87 4805.39 12165.3 13130 1 2
event 35
-270.223 -6603.76 -32105.7 32924.9
7631.65 -2765.62 10569.4 13681.8
4227.7 -40.6141 4185.33 5950.06 -1 2
-1395.58 -1702.21 -11912.5 12114.6 -1 1
1125.35 -4901.55 -20193.2 20810.3 1 1
3403.94 -2725.01 6384.07 7731.75 1 2
event 36
-13109 -2131.61 53232.3 54951.4
9067.49 -433.844 8593.99 12878.5
3355.44 -936.245 5052.8 6138.2 1 2
-2985.96 -1217.84 8844.76 9414.89 -1 1
-10123 -913.768 44387.6 45536.6 1 1
5712.04 502.401 3541.2 6740.26 -1 2
event 37
-10728.4 -7501.12 -3699.76 13951.5
5567.09 -95.7836 16094.7 17309.9
-7821.31 -4535.78 -1247.29 9127.6 1 1
-2907.08 -2965.34 -2452.47 4823.91 -1 1
3041.64 1265.94 6400.39 7199.33 -1 2
2525.44 -1361.73 9694.33 10110.6 1 2
event 38
-4307.23 -5657.07 -5976.09 9790.76
5356.58 -16721.5 25770.1 31336.7
-4364.35 -3501.47 -4294.51 7054.21 -1 1
57.1135 -2155.6 -1681.57 2736.56 1 1
3571.04 -10935.5 19345.1 22507.3 -1 2
1785.55 -5786.02 6425.03 8829.41 1 2
event 39
321.18 -14148.8 22857.9 27062.3
3837.86 -1878.43 388.784 5291.54
1669.96 -8769.4 13540.8 16219 -1 1
-1348.78 -5379.35 9317.1 10843.3 1 1
1940.44 -2551.24 606.362 3263.89 -1 2
1897.42 672.806 -217.579 2027.66 1 2
event 40
4770.31 481.685 -25823.3 26446.6
-2554.75 -7916.88 -5678.81 10537.7
2850.57 -1113.98 -17120.5 17392.2 -1 1
1919.74 1595.66 -8702.85 9054.41 1 1
-2777.2 -3592.16 -3046.92 5469.13 1 2
222.449 -4324.72 -2631.89 5068.59 -1 2
event 41
-13024.8 -4460.29 -28549.7 31846.8
4329.4 1108.23 1697.55 5695.96
-6791.04 -3395.51 -18154.9 19678.9 -1 1
-6233.79 -1064.78 -10394.8 12167.9 1 1
2470.8 2033.71 1682.36 3616.95 -1 2
1858.59 -925.478 15.1976 2079.01 1 2
event 42
12892.4 3071.16 34305.3 36906.6
-2664.21 -4415.91 3975.65 7210.78
-2386 -2326.61 852.612 3441.54 1 2
6611.49 -12.3184 16718.1 17978.3 1 1
-278.213 -2089.3 3123.04 3769.24 -1 2
6280.93 3083.48 17587.2 18928.3 -1 1
event 43
-11592.3 3486.59 -39641.3 41564
4725.5 -4439.33 4933.6 8716.04
-7420.75 3047.38 -21618 23058.6 -1 1
-4171.59 439.217 -18023.4 18505.3 1 1
367.948 -2140.38 922.162 2361.82 -1 2
4357.55 -2298.95 4011.44 6354.23 1 2
event 44
-450.733 -7373.66 7857.09 11220.5
-6210.04 7187.28 -701.169 10015.2
-925.283 3293.15 -124.914 3424.58 -1 2
168.464 -3140.31 1331.6 3416.76 -1 1
-5284.76 3894.13 -576.255 6590.61 1 2
-619.197 -4233.35 6525.49 7803.71 1 1
event 45
-2633.68 4453.67 -2640.51 6582.92
-1768.74 -11077.4 -33919.9 35860.7
-3016.44 2452.56 -1147.59 4054.88 -1 1
382.757 2001.11 -1492.93 2528.03 1 1
354.737 -6106.95 -15498.1 16662.1 1 2
-2123.48 -4970.47 -18421.8 19198.7 -1 2
event 46
4409.04 -3863.86 14361.1 15817.7
-10835.7 3619.17 -2111.41 12023.4
3831.13 -1409.3 9499.28 10339.8 -1 1
577.908 -2454.56 4861.86 5477.93 1 1
-5785.92 3542.16 -1234 6896.21 -1 2
-5049.83 77.0115 -877.411 5127.15 1 2
event 47
-672.456 -9173.39 -12437 15775.8
3126.12 6111.4 3362.06 8247.19
1001.58 -5482.53 -8165.07 9886.4 -1 1
-1674.04 -3690.85 -4271.91 5889.41 1 1
634.426 2346.71 -275.145 2448.76 -1 2
2491.69 3764.69 3637.2 5798.43 1 2
event 48
6411.21 -10663.4 -21673.6 25182.4
-7455.39 -2115.75 -16593.8 18574.3
-2876.02 -1155.73 -3536.92 4704.06 -1 2
483.185 -2747.04 -3354.92 4364.21 1 1
5928.03 -7916.37 -18318.7 20818.2 -1 1
-4579.37 -960.021 -13056.8 13870.3 1 2
