event 0
-7926.71 9931.1 63823.8 65150
10633.7 -2306.86 6352.8 12974.9
7906.28 -2415.91 3364.62 8926.23 1 2
-3118.77 3236.38 15937.7 16559.6 1 1
2727.47 109.055 2988.18 4048.63 -1 2
-4807.94 6694.71 47886.1 48590.4 -1 1
event 1
-8361.46 11827.1 14659.4 20839.5
-4341.48 -4672.38 1539.57 7255.39
-2683.09 -3153.46 -556.91 4179.06 1 2
-2820.25 4307.1 7368.13 8989.18 1 1
-1658.39 -1518.92 2096.48 3076.33 -1 2
-5541.21 7519.98 7291.29 11850.3 -1 1
event 2
4809.63 4930.28 20636.8 21975.2
7820.62 9805.2 -59079.4 60475.4
2074.65 4168.93 14046.8 14799 1 1
2734.98 761.35 6589.98 7176.26 -1 1
4106.93 5003.88 -23219.7 24105.5 1 2
3713.69 4801.32 -35859.7 36369.9 -1 2
event 3
2563.73 -7212.2 -7599.78 11222.1
-8115.15 -5794.11 46509.1 47666.7
1036.22 -4168.8 -6189.7 7535 -1 1
1527.52 -3043.39 -1410.08 3687.14 1 1
-6627.24 -3471.36 37697 38432.3 -1 2
-1487.9 -2322.75 8812.15 9234.41 1 2
