event 0
1844.25 -6371.59 -2636.52 7780.78
-15332.1 -1563.81 30815.3 34593.2
-3840.8 -1750.57 7929.91 8983.92 1 2
223.679 -2426.78 -2528.53 3513.39 -1 1
-11491.3 186.763 22885.4 25609.3 -1 2
1620.58 -3944.81 -107.986 4267.39 1 1
event 1
-7771.77 7865.73 -24830.7 27357.4
5211.14 10506.7 -14963.3 19262.3
2691.26 2785.88 -6221.7 7329.71 1 2
-1634.69 1969.17 -9311.17 9657.07 1 1
-6137.08 5896.55 -15519.5 17700.3 -1 1
2519.88 7720.77 -8741.64 11932.6 -1 2
event 2
-3377.9 -11556.1 -10818.3 16479.7
-9881.36 -4074.23 33741.6 35529.2
-3185.63 -1889.25 7597.78 8453.1 -1 2
-1168.05 -3350.51 -1460.19 3838.43 -1 1
-2209.85 -8205.59 -9358.13 12641.2 1 1
-6695.73 -2184.98 26143.8 27076.1 1 2
event 3
-7846.91 159.015 1283.08 8534.43
12645.6 -2681.69 27738.3 30758.9
-5286.27 -614.424 -455.606 5342.37 1 1
-2560.64 773.438 1738.68 3192.06 -1 1
6976.03 -27.7247 13219.3 14947.4 1 2
5669.61 -2653.96 14519.1 15811.5 -1 2
event 4
-15079.9 -17234 -2627.02 23257.4
-6628.43 -2291.42 3159.93 8292.36
-3799.51 -1266.64 3423.84 5270.16 1 2
-4625.33 -7429.1 -490.697 8765.69 -1 1
-2828.91 -1024.78 -263.917 3022.21 -1 2
-10454.6 -9804.91 -2136.33 14491.7 1 1
event 5
-2707.92 4460.21 9222.49 11039.6
45796.2 24524.8 82637.1 97658.8
-3115.44 2319.06 5849.08 7021.89 -1 1
407.522 2141.15 3373.4 4017.66 1 1
32793.7 18574.3 57896.9 69083.3 -1 2
13002.5 5950.5 24740.2 28575.6 1 2
event 6
2822.61 4129.88 -7849.21 9809.4
-7185.63 -6303.2 37295 38624.8
3012.44 1816.69 -4153.79 5444.29 1 1
-189.831 2313.19 -3695.42 4365.11 -1 1
-5165.63 -2527.68 20418.3 21213 -1 2
-2020 -3775.52 16876.7 17411.7 1 2
