event 0
-11813.6 23210.6 -8738.87 27645.1
5507.09 2447.88 -23572.8 24527.3
4016.55 964.552 -19602.2 20033 1 2
-2120.8 3618.31 -2618.08 4945.25 1 1
1490.54 1483.33 -3970.67 4494.37 -1 2
-9692.79 19592.3 -6120.79 22699.9 -1 1
event 1
4909.65 4714.2 2640.85 7930.64
8983.95 4822.15 1609.3 10777.1
3264.67 2197 2930.94 4907.8 -1 1
1644.98 2517.2 -290.087 3022.84 1 1
5297.37 3073.2 2471.86 6605.14 -1 2
3686.58 1748.96 -862.568 4171.92 1 2
event 2
7021.79 -1976.71 -8141.87 11361.9
9626.32 817.841 36261.4 37653.8
4457.09 1521.77 13381.5 14186.5 1 2
2588.88 760.582 -3097.95 4109.65 -1 1
5169.22 -703.93 22879.9 23467.3 -1 2
4432.91 -2737.29 -5043.92 7252.29 1 1
event 3
335.465 -7231.79 -3941.75 8805.62
-5428.92 5367 5936.39 10154.2
-2875.06 953.078 3020.92 4279.19 -1 2
-524.882 -2299.07 110.639 2363.18 1 1
-2553.86 4413.92 2915.47 5875.04 1 2
860.347 -4932.72 -4052.39 6442.44 -1 1
event 4
894.95 -10644.9 1178.78 11184.6
7791.58 -2672.65 15323.7 17670.8
286.654 -7501.12 -580.122 7529.72 -1 1
608.296 -3143.78 1758.91 3654.9 1 1
2188.15 -667.436 7489.83 7832.13 -1 2
5603.44 -2005.21 7833.82 9838.67 1 2
