event 0
1179.87 -9620.45 9026.67 13602.1
5930.82 2728.52 10149.6 12458.9
3505.14 3113.85 7491.33 8838.17 -1 2
1146.83 -2945.46 1378.09 3449.82 1 1
33.0356 -6674.99 7648.58 10152.3 -1 1
2425.68 -385.326 2658.26 3620.77 1 2
event 1
6663.12 -7787.27 -22667.4 25068.7
-1926.2 -4753.49 10800.5 12351
-2558.28 -2284.07 6526.87 7373.8 1 2
3548.3 -1864.28 -8162.82 9094.43 -1 1
632.084 -2469.42 4273.62 4977.2 -1 2
3114.82 -5922.99 -14504.6 15974.3 1 1
event 2
-2021.15 -13601.4 -16867.6 21981.6
-5780.88 3393.64 -7079.27 10229.5
-2621.59 -9921.2 -13486.4 16946.9 -1 1
600.441 -3680.25 -3381.24 5034.75 1 1
-1326.87 1757.66 -772.036 2336.05 -1 2
-4454.01 1635.98 -6307.24 7893.48 1 2
event 3
-8800.72 -9047.03 7770.17 15141.6
6555.06 -6619.74 4494.06 10797.1
1585.87 -3727.43 1568.77 4345.22 1 2
-2223.84 -3045.54 856.631 3868.56 1 1
-6576.88 -6001.49 6913.54 11273 -1 1
4969.19 -2892.31 2925.29 6451.88 -1 2
event 4
-3212.34 11936.8 17406.5 21572.8
-6274.11 4392.81 -17570.4 19415.7
-5263.81 2148.13 -13628.6 14767.3 1 2
-3032.77 5519.19 9283.06 11218.1 1 1
-1010.3 2244.68 -3941.8 4648.46 -1 2
-179.574 6417.58 8123.45 10354.7 -1 1
event 5
-11992.8 12809.6 10150.7 20507.1
-8477.2 896.374 -15216.2 17714.2
-4325.45 -777.831 -5711.34 7207.3 1 2
-2284.35 3335.52 1071.69 4183.73 1 1
-9708.44 9474.12 9079.02 16323.4 -1 1
-4151.74 1674.21 -9504.89 10506.9 -1 2
event 6
-877.972 4133.07 10885 12080
-9826.21 4722.89 -39914.2 41492.1
859.615 3052.53 7078.48 7757.12 -1 1
-1737.59 1080.54 3806.5 4322.89 1 1
-4436.11 3713.26 -22662.5 23389.5 1 2
-5390.1 1009.63 -17251.6 18102.6 -1 2
event 7
-36.0434 6540.41 -12225.2 14206.4
-5458.33 -6977.5 -13908.1 16778.1
-3502.17 -5242.38 -7161.83 9542.05 1 2
-1489.48 2745.72 -4530.41 5503.94 1 1
-1956.16 -1735.12 -6746.28 7236.06 -1 2
1453.44 3794.69 -7694.74 8702.43 -1 1
event 8
2797.93 4132.58 1247.7 6004.53
14435 -2125.63 58091 59975.4
3052.31 1955.03 1162.18 3807.96 -1 1
-254.385 2177.55 85.5191 2196.57 1 1
8636.26 -613.04 39663.6 40597.7 1 2
5798.74 -1512.59 18427.5 19377.7 -1 2
event 9
-4978.81 3628.67 -6116.21 9217.1
-311.663 -10738.1 13515.2 17540.2
422.673 -4479.08 7933.76 9121.21 1 2
-2074 29.0905 -955.718 2286.23 -1 1
-734.336 -6259.07 5581.43 8418.95 -1 2
-2904.82 3599.58 -5160.5 6930.86 1 1
