event 0
-605.609 5070.49 -14001.1 15221.6
771.032 10215.1 -1236.08 10773.2
-1860.99 3426.58 -9097.94 9898.91 1 1
1255.38 1643.91 -4903.18 5322.66 -1 1
-701.527 5908.01 -1721.08 6194.35 1 2
1472.56 4307.1 484.997 4578.86 -1 2
event 1
-2786.41 -8300.09 214.218 9289.33
4765.57 8531.18 1122.24 10504.2
2155.16 3466.74 2297.95 4685.59 1 2
-1700.92 -1692.14 -765.65 2520.69 1 1
-1085.48 -6607.95 979.867 6768.65 -1 1
2610.4 5064.44 -1175.71 5818.61 -1 2
event 2
4334.25 -3214 12514.4 13975.6
3962.69 -11004.6 -26503.5 29134.7
3545.98 -840.031 8435.61 9189.69 -1 1
788.27 -2373.97 4078.83 4785.93 1 1
3724.92 -6480.38 -14709.5 16500 1 2
237.769 -4524.26 -11794 12634.6 -1 2
event 3
-4993.36 6091.53 4528.51 9598.87
23882.3 -6001.49 -7617.18 25961.4
-3318.99 3536.75 4384.54 6539.08 -1 1
-1674.37 2554.78 143.97 3059.79 1 1
12133.3 -4418.29 -4793.45 13774.2 1 2
11749 -1583.2 -2823.73 12187.3 -1 2
event 4
1020.5 8406.22 -26047.4 27563.9
6433.19 -3820.29 -4369.13 9201.23
2045.91 5041.37 -17275.7 18112.5 1 1
-1025.42 3364.85 -8771.76 9451.38 -1 1
4298.75 -3881.53 -3979.65 7028.11 -1 2
2134.44 61.2409 -389.478 2173.12 1 2
event 5
-147.54 -6579.35 30951.3 31794.4
-6743.84 -3020.56 -5500.9 9718.74
-2674.5 -2888.06 -2801.53 4832.55 -1 2
1443.29 -2807.47 14640.8 14977.6 -1 1
-1590.83 -3771.88 16310.5 16816.7 1 1
-4069.33 -132.505 -2699.37 4886.19 1 2
event 6
6788.05 1118.25 20313.1 21668.9
13792 -10428.7 -44095.4 47465.4
5061.25 2137.76 13823 14875.3 1 1
1726.8 -1019.51 6490.1 6793.66 -1 1
8203.38 -7134.53 -23980 26329.6 -1 2
5588.58 -3294.13 -20115.4 21135.8 1 2
event 7
920.37 -5702.04 -10319.9 12225
4994.02 9543.42 28129.4 30279.8
1915.91 -3881.05 -5687.22 7147.65 -1 1
-995.544 -1820.99 -4632.64 5077.36 1 1
1697.83 5520.33 17811.6 18724.8 -1 2
3296.19 4023.09 10317.8 11555 1 2
event 8
-268.636 8074.82 1127.97 8725.73
-5798.84 -8930.36 -7351.12 13304.4
-1672.19 4222.74 783.908 4610.14 -1 1
1403.56 3852.09 344.06 4115.59 1 1
-2764.17 -4757.67 -1961.4 5842.46 -1 2
-3034.67 -4172.69 -5389.72 7461.95 1 2
