event 0
14451.5 4597.37 17533.9 23388.2
-10024.3 -4456.1 -45207.9 46622.9
-5892.58 -3496.85 -22443.9 23466.8 -1 2
5820.46 3431.91 7236.28 9901.04 1 1
8631 1165.47 10297.6 13487.2 -1 1
-4131.7 -959.245 -22764.1 23156.1 1 2
event 1
-9596 6283.04 -56674 57905.9
-5815.03 -2933.66 7666.92 10525.8
-3660.98 -2739.08 6796.61 8192.09 -1 2
-3184.17 2276.73 -12816.2 13401 1 1
-6411.83 4006.31 -43857.8 44504.9 -1 1
-2154.05 -194.582 870.316 2333.75 1 2
event 2
9440.8 7800.76 -9986.74 16103
-4274.79 6395.48 32182.6 33233.8
-3700.81 3168.76 22119.3 22649.7 1 2
4560.23 3415.51 -6595.94 8716.59 -1 1
-573.976 3226.71 10063.3 10584 -1 2
4880.57 4385.25 -3390.8 7386.41 1 1
event 3
-8649.54 3730.07 -1947.22 10105
7187.75 5222.1 -34193.7 35464.5
4028.2 1870.79 -11958.8 12757.4 -1 2
-2082.64 1623.56 672.309 2727 -1 1
-6566.9 2106.51 -2619.53 7377.98 1 1
3159.55 3351.31 -22234.8 22707.1 1 2
event 4
-6931.07 8512.31 2364.2 11648.2
-1494.45 7568.04 15027.8 17173.6
280.686 5642.18 9443.3 11004.5 -1 2
-1730.76 4116.24 1796.35 4814.25 -1 1
-5200.31 4396.07 567.857 6833.9 1 1
-1775.13 1925.85 5584.49 6169.1 1 2
event 5
8158.5 -3829.99 -33431.4 34763.2
-7822.45 6589.77 39808.6 41218.1
-4184.41 1630.42 18653.1 19186.4 -1 2
2309.07 -2266.65 -15575 15907.9 1 1
-3638.04 4959.35 21155.6 22031.8 1 2
5849.43 -1563.34 -17856.3 18855.2 -1 1
event 6
-9243.97 -2181.28 12117.3 15704.4
-1084.89 -6905.27 18958.9 20442.3
-6262.26 -167.507 6461.67 9000.46 1 1
-2981.7 -2013.77 5655.6 6703.94 -1 1
866.323 -2389.79 8704.27 9068.46 -1 2
-1951.22 -4515.49 10254.6 11373.9 1 2
event 7
-7691.11 -6707.85 -1417.27 10758.6
1648.65 6940.47 23523.6 24775.8
-707.956 3699.25 11480.6 12083 1 2
-2463.96 -1473.93 -1730.74 3354.13 -1 1
-5227.15 -5233.92 313.47 7404.49 1 1
2356.61 3241.22 12043 12692.7 -1 2
event 8
6126.01 2335.88 3242.94 7943.07
-7527.11 12956.3 -338.811 15304.5
3059.58 1576.54 40.8831 3443.74 -1 1
3066.43 759.335 3202.06 4499.33 1 1
-4631.91 10134.4 -1070.59 11194.6 -1 2
-2895.2 2821.88 731.781 4109.98 1 2
event 9
-4365.66 -4925.16 -16658.2 18176.9
-3933.35 10527.5 37162.3 38947.7
-3721.49 -1979.13 -10631 11436.6 -1 1
-644.169 -2946.02 -6027.17 6740.32 1 1
-2209.41 6653.9 27781.6 28652.8 -1 2
-1723.94 3873.61 9380.71 10294.9 1 2
event 10
-5981.16 -8512.55 18085.3 21092.9
-4075.9 3815.41 -17281.2 18422.8
-2345.07 -5249.1 7651.47 9571.24 1 1
-3636.09 -3263.45 10433.9 11521.6 -1 1
-3758.16 1749.44 -13203.9 13839.7 -1 2
-317.74 2065.97 -4077.3 4583.1 1 2
event 11
8342.68 5209.71 7203.11 12578.4
8461.61 -2481.65 8136.5 12391.5
6394.27 -3063.47 6979.94 9949.98 1 2
3874.01 1447.77 4587.39 6177.32 -1 1
2067.34 581.82 1156.57 2441.56 -1 2
4468.66 3761.94 2615.72 6401.12 1 1
event 12
7982.69 5303.06 16389.6 19236.8
-8832.28 -6669.35 36269.6 38046.9
-2227.27 -3142.43 9557.68 10305.1 -1 2
3316.87 522.229 6212.86 7062.95 1 1
-6605.01 -3526.92 26712 27741.8 1 2
4665.82 4780.83 10176.7 12173.9 -1 1
event 13
-3162.3 -7876.35 -16439 18758.1
-2367.58 -5264.53 4954.75 8213.45
-2336.78 -3729.77 -11139.3 11977.8 1 1
-825.514 -4146.58 -5299.66 6780.36 -1 1
-1903.91 -908.815 2132.53 3001.61 -1 2
-463.675 -4355.71 2822.22 5211.84 1 2
event 14
-8109.56 -327.169 -5479.78 10270.9
-2962.3 -9362.06 -10581.9 14899.1
-412.848 -4405.92 -2507.29 5087.26 -1 2
-2690.33 -1319.85 -2954.03 4209.2 -1 1
-2549.45 -4956.14 -8074.58 9811.88 1 2
-5419.23 992.685 -2525.75 6061.69 1 1
event 15
19740.4 -30751.9 -48010.2 60414.7
1877.78 4970.94 -5406.87 8189.09
2649.93 3078.87 -3141.25 5136.17 1 2
4163.8 -6519.77 -12342.5 14566.9 1 1
-772.152 1892.08 -2265.62 3052.93 -1 2
15576.6 -24232.1 -35667.7 45847.8 -1 1
event 16
-6547.73 4246.23 -2692.69 8817.3
-6887.51 -8376.44 -3235.92 11733.1
-2801.99 -2455.77 -2528.84 4504.24 -1 2
-1386.3 2530.48 -1476.34 3242.83 -1 1
-4085.52 -5920.67 -707.078 7228.89 1 2
-5161.42 1715.74 -1216.35 5574.47 1 1
event 17
-31636 13547.5 -5653.81 35013.2
665.74 6316.37 -1463.63 7216.11
-18236.6 6253.57 -2593.35 19453 1 1
-13399.4 7293.92 -3060.46 15560.3 -1 1
1441.65 4052.92 -2025.7 4755.96 -1 2
-775.913 2263.45 562.072 2460.15 1 2
event 18
7872.92 -7829.36 -2598.89 11816.4
-2237.4 7330.03 -11573.8 14222.5
6088.01 -4145.75 -1060.21 7442.2 -1 1
1784.91 -3683.6 -1538.69 4374.19 1 1
444.74 3811.57 -5517.52 6721.61 -1 2
-2682.14 3518.47 -6056.24 7500.85 1 2
event 19
12313.4 -600.816 -55806.9 57236.2
-7185.44 9.92802 10502.7 13096.9
-4488.64 -921.137 8335.52 9512.54 -1 2
3595.9 812.611 -21300.8 21617.7 1 1
8717.47 -1413.43 -34506.1 35618.4 -1 1
-2696.8 931.065 2167.18 3584.33 1 2
event 20
-6763.43 16775.5 46733.3 50207.1
268.427 -5778.63 12829.4 14410
721.826 -2928.07 9667.4 10127.4 1 2
-2211.54 8174.18 18575.6 20415 -1 1
-453.399 -2850.56 3162 4282.6 -1 2
-4551.9 8601.33 28157.7 29792.1 1 1
event 21
10513.8 -25884.1 3563.37 28334
2810.47 4841.93 -1052.58 6483.95
796.961 3769.01 236.968 3861.07 1 2
3534.84 -8555.09 -277.654 9261.36 -1 1
2013.51 1072.93 -1289.55 2622.88 -1 2
6978.91 -17329.1 3841.02 19072.7 1 1
event 22
4717.87 -5277.27 -9240.47 12045.1
4748.36 -5513.83 9073.52 12036.1
3392.61 -1636 4872.74 6159.63 -1 2
2859.13 -1667.36 -2400.3 4089.91 1 1
1355.75 -3877.83 4200.78 5876.51 1 2
1858.74 -3609.91 -6840.17 7955.21 -1 1
event 23
-10754.5 7931.37 6501.79 15179.9
2957.65 4511.37 -16899.6 18008.1
2147.03 2345.83 -5315.82 6195.3 1 2
-3430.75 4368.73 3000.58 6314.31 -1 1
810.625 2165.55 -11583.8 11812.8 -1 2
-7323.76 3562.64 3501.21 8865.64 1 1
event 24
-2301.43 5980.58 5899.52 9244.41
-20336.7 6749.07 30730.8 37591.3
-2314.12 3460.17 2048.3 4640.54 -1 1
12.682 2520.4 3851.22 4603.87 1 1
-15457.4 6401.77 22982 28427 1 2
-4879.21 347.304 7748.83 9164.21 -1 2
event 25
-6876.21 -2106.71 -547.066 7849.25
-5674.5 -3944.55 1456.28 7711.69
-4139.43 166.565 -994.797 4261.86 1 1
-2736.78 -2273.28 447.731 3587.39 -1 1
-4224.99 -1602.71 -148.363 4522.43 -1 2
-1449.51 -2341.84 1604.64 3189.26 1 2
event 26
6470.02 -461.178 -5769.62 9217.01
177.129 -8005.12 -19290.6 21114.8
1149.58 -3591.37 -6113.68 7183.85 -1 2
2259.98 -1645.78 -1960.02 3415.98 -1 1
-972.446 -4413.75 -13177 13930.9 1 2
4210.03 1184.61 -3809.6 5801.03 1 1
event 27
-2670.85 -8952.86 5417.14 11234.9
4177.8 -5048.07 10097.6 12429.3
692.411 -2986.8 3219.51 4447.11 -1 2
-990.695 -2648.53 123.48 2832.42 -1 1
-1680.16 -6304.33 5293.66 8402.47 1 1
3485.39 -2061.27 6878.07 7982.21 1 2
event 28
-5427.19 7579.1 22305.6 24372.7
3045.49 5450.58 -9048.82 11595.4
-4517.71 3828.46 12417.9 13758 -1 1
-909.485 3750.64 9887.71 10614.7 1 1
1902.77 841.683 -1152.97 2381.06 -1 2
1142.72 4608.9 -7895.85 9214.31 1 2
event 29
-4568.83 -4073.17 -4678.88 8303.49
-345.907 16268.1 -8048 18415.5
-2688.68 -2853.9 -1089.75 4070.93 1 1
-1880.15 -1219.26 -3589.12 4232.56 -1 1
1110.63 10881.5 -4685.42 11899.7 1 2
-1456.54 5386.66 -3362.58 6515.8 -1 2
event 30
-12008.3 100.575 54765.4 56187.6
-6291.34 -227.215 16391.2 17829.6
-8093.38 1529.57 40310.9 41143.9 -1 1
-3914.89 -1429 14454.5 15043.7 1 1
-3471.34 1202.62 10763.8 11373.9 -1 2
-2820 -1429.83 5627.42 6455.68 1 2
event 31
-6565.91 -820.121 17129.3 18622.3
-11078.7 -441.31 -2357.84 11750.8
-4210.92 -334.997 14282.3 14894.3 1 1
-2354.99 -485.124 2847 3727.98 -1 1
-6510.11 1201.83 -1809.01 6863.64 -1 2
-4568.63 -1643.14 -548.822 4887.19 1 2
event 32
-3579.42 3752.2 21123.3 21969.9
-8683.5 1861.51 34343.5 35608.1
-3017.13 935.549 11516.8 11942.6 1 1
-562.285 2816.65 9606.48 10027.2 -1 1
-5162.37 -345.512 16810.7 17589.2 -1 2
-3521.13 2207.03 17532.9 18019 1 2
event 33
822.123 -9634.97 15813.4 18792.7
5182.74 3919.7 8382.96 11049.4
3030.68 405.299 3204.45 4430.46 1 2
1262.31 -2394.24 6051.85 6630.37 1 1
-440.184 -7240.72 9761.58 12162.3 -1 1
2152.06 3514.4 5178.51 6618.95 -1 2
event 34
-446.883 5213.55 -24983.8 25713
11368.5 8948.92 -23092 27425.5
-1742.97 2846.98 -15267.6 15628.7 -1 1
1296.08 2366.57 -9716.11 10084.4 1 1
6233.97 6689.19 -13308.5 16147.3 1 2
5134.5 2259.73 -9783.51 11278.2 -1 2
event 35
-9459.63 -868.124 -32562.9 34061.3
-3492.38 -5225.33 1597.78 7186.41
-1616.92 -3271.4 -596.506 3699.11 1 2
-3894.87 -1893.32 -14203.7 14849.6 -1 1
-1875.46 -1953.93 2194.29 3487.3 -1 2
-5564.76 1025.2 -18359.2 19211.7 1 1
event 36
-7575.36 2537.52 11533.1 14367.6
16160.1 -8218.62 -24902.1 30958
-4142.08 1229.4 8743.37 9753.25 1 1
-3433.28 1308.12 2789.72 4614.36 -1 1
11651.3 -7253.35 -17558.9 22286.5 1 2
4508.8 -965.272 -7343.2 8671.49 -1 2
event 37
258.179 5763.61 1853.46 6805.1
8498.08 -7063.63 -5617.27 12777.2
-504.538 3318.1 2469.57 4168.24 -1 1
762.717 2445.51 -616.113 2636.86 1 1
6387.66 -3389.29 -3735.02 8139.47 1 2
2110.43 -3674.34 -1882.25 4637.75 -1 2
event 38
-5853.16 -1878.96 7150.36 9925.12
5307.41 15479.4 -21605.5 27279.5
-3091.63 -2584.15 4243.76 5852.92 -1 1
-2761.53 705.188 2906.59 4072.2 1 1
2907.18 8233.75 -14024.8 16521.3 -1 2
2400.23 7245.67 -7580.76 10758.2 1 2
event 39
-6866.66 -774.643 2801.09 8073.99
3115.18 -5649.79 17540.1 18943.8
-4033.96 -1905.18 1168.45 4612.91 -1 1
-2832.7 1130.54 1632.65 3461.07 1 1
3335.85 -2976.86 10964.1 11841.1 -1 2
-220.664 -2672.92 6575.96 7102.65 1 2
event 40
8370.66 11251.7 13399.2 19641.7
8093.68 3118.82 -744.213 9240.13
5488.53 6410.78 9897.31 13007.3 -1 1
2882.13 4840.96 3501.84 6634.43 1 1
4531.33 646.56 776.481 4643.82 -1 2
3562.34 2472.26 -1520.69 4596.31 1 2
event 41
1178.28 -8470.89 -2963.32 9566.42
-9599.72 2828.16 7622 12955.3
-3495.22 -461.078 2886.24 4557.49 1 2
260.419 -2394.7 569.354 2477.45 -1 1
-6104.5 3289.24 4735.76 8397.78 -1 2
917.865 -6076.19 -3532.68 7088.97 1 1
event 42
3887.32 -4212.15 12288.5 13908.7
5033.39 -6074.5 3908.41 9332.8
1663.48 -3216.17 3244.66 4863.12 1 2
2370.82 -399.848 4782.4 5353.8 -1 1
3369.92 -2858.33 663.742 4469.69 -1 2
1516.5 -3812.3 7506.06 8554.85 1 1
event 43
9227.45 657.545 -2146.85 9988.89
-4947.61 4505.36 13882.9 15719.5
-3179.47 827.326 5933.26 6782.94 1 2
2748.73 -952.954 184.112 2916.97 -1 1
6478.72 1610.5 -2330.96 7071.92 1 1
-1768.14 3678.03 7949.6 8936.53 -1 2
event 44
-6983.48 -8137.22 18847.1 21904
6699.84 -1539.05 -235.363 7543.24
4285.19 447.969 471.35 4335.54 1 2
-3419.69 -3028.9 10804.7 11731.2 -1 1
2414.65 -1987.02 -706.713 3207.71 -1 2
-3563.78 -5108.33 8042.39 10172.8 1 1
event 45
-4934.61 -3657.84 -5659.62 8908
2211.87 -7618.06 -4739.18 9745.91
-19.0348 -3728.59 -3445.6 5078 1 2
-1976.45 -776.754 -3850.42 4398.48 -1 1
2230.9 -3889.46 -1293.58 4667.91 -1 2
-2958.17 -2881.08 -1809.2 4509.52 1 1
event 46
5454.65 3629.77 -178.135 7249.23
2805.37 6292.44 20868.1 22193.1
2051.89 2239.51 12498.4 12862.7 -1 2
1970.89 1338.06 -1566.38 2852.99 -1 1
3483.76 2291.71 1388.25 4396.24 1 1
753.48 4052.93 8369.7 9330.44 1 2
event 47
5264.98 -4965.1 7009.48 10540.3
-3068.46 -5479.5 9083.82 11469.4
-2916.12 -3454.85 7937.57 9135.43 1 2
1505.12 -3540.91 3503.55 5204.76 1 1
-152.337 -2024.65 1146.25 2333.98 -1 2
3759.85 -1424.19 3505.93 5335.5 -1 1
event 48
-2605 9957.22 -3857.49 11419.4
-1871.25 -10741.7 8854.8 14383.5
673.042 -4891.06 4239.62 6508.53 -1 2
-502.998 4668.34 -3213.83 5690.9 -1 1
-2544.29 -5850.64 4615.17 7874.92 1 2
-2102 5288.88 -643.651 5728.54 1 1
event 49
10124.6 -3997.06 7002.58 13308.3
-2501.28 -10933.8 -23089.3 25855.6
5514.35 -2065.42 1959.23 6206.75 -1 1
4610.28 -1931.65 5043.35 7101.58 1 1
-3175.5 -7840.14 -16353.8 18412.2 -1 2
674.219 -3093.66 -6735.47 7443.32 1 2
event 50
836.956 7931.63 4008.7 9448.27
-6500.11 274.843 3820.95 8155.81
-4504.67 -1266.96 2541.45 5326.1 1 2
700.388 3546.72 174.613 3620.97 1 1
-1995.44 1541.81 1279.5 2829.7 -1 2
136.568 4384.91 3834.09 5827.3 -1 1
event 51
-4830.63 5912.94 19483 21153.6
-1965.74 9128.82 6829.07 11976.1
-2908.97 2893.89 14126.6 14710.8 -1 1
-1921.66 3019.05 5356.44 6442.83 1 1
-2759.17 6069.83 4854.24 8248.07 -1 2
793.434 3058.99 1974.82 3728.01 1 2
event 52
-8786.88 -1163.81 -19452 21599.4
-1970.11 -4804.9 11431.5 12932
-5196.07 856.305 -10807.8 12023 1 1
-3590.81 -2020.12 -8644.24 9576.47 -1 1
-27.3266 -3776.06 8121.84 8957.38 -1 2
-1942.79 -1028.84 3309.65 3974.65 1 2
event 53
-5721.67 4175.82 17656 19274.4
-6299.75 -10500.5 2683.43 12912.8
-4035.9 2636.08 7908.32 9262.3 1 1
-1685.76 1539.74 9747.69 10012.1 -1 1
-1889.73 -6150.9 1322.92 6570.07 1 2
-4410.03 -4349.61 1360.51 6342.68 -1 2
event 54
-2306.28 5718.73 -5938.88 9104.06
13932.8 8106.7 67142.4 69119.7
-1652.61 3733.46 -1794.15 4460.94 -1 1
-653.672 1985.27 -4144.73 4643.12 1 1
10063.3 6108.91 54201.6 55465.4 -1 2
3869.46 1997.79 12940.9 13654.3 1 2
event 55
5149.44 -8836.27 -40004.1 41406.7
-1609.01 -10017.9 -25075.9 27227.5
-1473.54 -3925.83 -7098.56 8245.26 1 2
1439.64 -1945.56 -5246.43 5778.75 1 1
3709.79 -6890.71 -34757.6 35627.9 -1 1
-135.468 -6092.06 -17977.3 18982.3 -1 2
event 56
-2788.22 7806.28 -7956.87 11900.2
-9076.66 -12094.8 36823.4 39927.7
-988.358 -2982.05 9606.98 10108.1 1 2
-1997.71 1521.7 -2316.33 3418.04 1 1
-8088.3 -9112.7 27216.4 29819.6 -1 2
-790.51 6284.57 -5640.54 8482.2 -1 1
event 57
-3568.14 6886.76 12708.2 15206.9
9356.36 5302.28 2640.8 11498.7
-1929.84 4219.14 4687.22 6595.95 1 1
-1638.3 2667.62 8021.01 8610.93 -1 1
5500.5 2207.86 77.0329 5928.51 -1 2
3855.86 3094.42 2563.76 5570.2 1 2
event 58
6891.32 4059.8 -20095.3 21849.1
4577.93 -4993.92 -8870.46 11583.1
3016.48 3559.61 -11141 12079 1 1
3874.84 500.185 -8954.32 9770.14 -1 1
4212.9 -2609.49 -6716.23 8347.27 -1 2
365.025 -2384.43 -2154.24 3235.84 1 2
event 59
-3216.39 7251.57 -9930.07 13081.6
-3067.34 5667.8 -5597.47 9080.47
-3095.33 3203.86 -4901.65 6624.44 1 1
-121.063 4047.71 -5028.42 6457.15 -1 1
-890.749 4664.8 -3787.05 6075.09 -1 2
-2176.59 1002.99 -1810.41 3005.38 1 2
event 60
8292.11 5359.48 2184.71 10575.8
2144.71 5093.91 290.205 6342.14
-264.101 3316.92 -35.458 3329.28 1 2
3044.53 3340.78 -58.0386 4521.56 1 1
2408.82 1776.99 325.663 3012.86 -1 2
5247.57 2018.7 2242.74 6054.19 -1 1
event 61
10815.9 -1249.17 -17938.3 21211.3
-32.4758 6147.5 -2687.89 7389.75
855.569 3700.08 -2894.06 4775.91 1 2
4088.07 931.615 -5714.21 7088.27 1 1
-888.045 2447.42 206.167 2613.84 -1 2
6727.83 -2180.78 -12224.1 14123 -1 1
event 62
-4589.75 -7789.61 22795.4 24717.7
-3715.99 8761.55 -10626 14597.2
-3722.73 5310.41 -6094.83 8900.41 1 2
-3133.94 -2574.76 11413.7 12113.4 1 1
6.73347 3451.13 -4531.19 5696.77 -1 2
-1455.81 -5214.85 11381.7 12604.3 -1 1
event 63
-1782.06 8616.58 -9553.98 13352.5
-4973.09 -5326.26 -9695.98 12518.1
-1135.56 4985.22 -7645.66 9198.33 1 1
-646.504 3631.35 -1908.32 4154.22 -1 1
-2972.19 -4856.94 -5900.67 8200.78 -1 2
-2000.9 -469.316 -3795.3 4317.33 1 2
event 64
10443.6 -12059.4 11632.8 19985.3
-429.76 4930.11 321.886 5846.81
1185.83 2977.63 -341.837 3224.98 1 2
4723.58 -3471.74 3344.75 6750.09 1 1
-1615.59 1952.49 663.724 2621.84 -1 2
5719.97 -8587.7 8288.04 13235.2 -1 1
event 65
7583.45 30.6234 2251.21 8495.19
6961.27 3133.74 -1546.31 8382.05
5367.32 1707.54 -2337.52 6099.1 1 2
2752.07 -1276.74 1644.08 3452.26 -1 1
1593.95 1426.2 791.215 2282.95 -1 2
4831.38 1307.36 607.134 5042.93 1 1
event 66
2100.68 5848.11 11736.3 13636.2
-3562.16 -11877.8 -42880.7 44745
1505.97 3519.85 4014.52 5548.41 1 1
594.709 2328.26 7721.79 8087.75 -1 1
-2919.51 -6972.97 -21224.4 22530.7 -1 2
-642.641 -4904.86 -21656.3 22214.3 1 2
event 67
7526.83 20395.6 -11586.9 24829
3339.9 -7608.12 -2044.61 9100.01
3300.25 -5393.18 -2561.45 6822.78 -1 2
729.792 5919.79 -3275.52 6805.64 -1 1
6797.04 14475.8 -8311.38 18023.3 1 1
39.6521 -2214.94 516.836 2277.24 1 2
event 68
8745.76 4851.36 -21583.9 24072.3
-2855.5 -9323.12 17302 20100.4
-296.544 -4835.2 10446.7 11515.7 1 2
4781.08 615.978 -10769.7 11799.8 1 1
3964.68 4235.38 -10814.2 12272.5 -1 1
-2558.95 -4487.91 6855.32 8584.65 -1 2
event 69
-17416.8 -6026.93 85605.1 87621.3
-12558.9 418.159 1175.42 12995.2
-8590.46 1195.01 -327.029 8679.99 -1 2
-7187.4 -985.816 30958.7 31797.5 1 1
-10229.4 -5041.11 54646.5 55823.8 -1 1
-3968.45 -776.853 1502.45 4315.17 1 2
event 70
-6322.32 6431.39 -26651.6 28306.1
-7822.09 -987.394 359.29 8478.19
-5031.88 825.54 625.36 5138.44 -1 2
-3660.03 1573.84 -11785.9 12441.5 1 1
-2662.29 4857.55 -14865.7 15864.6 -1 1
-2790.21 -1812.93 -266.069 3339.75 1 2
event 71
8652.51 -2041.76 -44399.9 45387
-8562.62 -2013.76 8497.37 12616.3
-3519.69 709.682 3179.9 4797.38 1 2
3534.54 457.718 -21210.2 21507.8 1 1
-5042.93 -2723.45 5317.47 7818.89 -1 2
5117.96 -2499.48 -23189.8 23879.2 -1 1
event 72
846.459 -10245.9 3701.8 11357.4
3039.35 8246.17 12115.9 15284.7
1847.07 -5460.11 1303.75 5910.62 -1 1
-1000.61 -4785.83 2398.05 5446.76 1 1
753.128 6204.71 8089.39 10223.3 -1 2
2286.22 2041.46 4026.51 5061.46 1 2
event 73
-3660.95 -2220.93 27808.4 28306.1
10957.8 -2307.28 -49711.1 51050.8
-3197.69 -197.415 17044.8 17343.6 1 1
-463.256 -2023.52 10763.6 10962.4 -1 1
5662.9 -2543.69 -30246.2 30876.9 -1 2
5294.91 236.402 -19464.9 20173.9 1 2
event 74
3214.06 8146.19 -16905.3 19289.2
6823.47 1199.08 -41834.4 42517.1
864.424 5641.96 -12131.8 13407.9 -1 1
2349.64 2504.23 -4773.54 5881.31 1 1
1742.14 1748.82 -14428.5 14638.5 -1 2
5081.33 -549.741 -27405.9 27878.6 1 2
event 75
2186.54 -9329.61 -16198.8 19074
7396.88 -2185.16 -5334.58 9876.11
3503.38 -1050.29 -715.246 3728.21 1 2
1826.72 -2960.09 -7670.19 8422.71 1 1
359.819 -6369.52 -8528.64 10651.3 -1 1
3893.5 -1134.87 -4619.34 6147.9 -1 2
event 76
-1079.83 -7839.64 11337.6 14168.9
10315.2 8599.27 38467.6 40861.9
7055.91 7213.26 30897.9 32504 1 2
-197.99 -3576 7706.03 8498.3 1 1
3259.27 1386.01 7569.69 8357.94 -1 2
-881.836 -4263.64 3631.52 5670.57 -1 1
event 77
9359.25 3290.13 17374.1 20245.3
-1894.43 -8940.23 -9345.08 13432.7
438.984 -3625.44 -4944.71 6147.99 1 2
2865.91 2254.43 8022.25 8812.69 1 1
6493.34 1035.7 9351.82 11432.6 -1 1
-2333.42 -5314.79 -4400.38 7284.66 -1 2
event 78
4459.98 1938.12 10845.1 12282.3
9489.32 8041.16 -16615.4 21080
3281.5 258.21 4263.14 5387.06 1 1
1178.48 1679.91 6581.95 6895.23 -1 1
4689.66 4893.15 -11702.6 13523.9 1 2
4799.66 3148.02 -4912.8 7556.03 -1 2
event 79
-7561.86 -530.383 -6619.2 10529.4
4478.69 9129.4 -45025.1 46262.9
-4480.3 -1383.99 -5276.17 7059.58 -1 1
-3081.56 853.61 -1343.03 3469.8 1 1
1762.68 5060.3 -29563.8 30045.7 -1 2
2716.01 4069.1 -15461.3 16217.2 1 2
event 80
5282.44 5978.05 1152.89 8863.33
-10088.1 5147.45 -1013.2 11784.9
-8362.93 3413.73 235.994 9036.53 1 2
2381.48 2756.63 2384.82 4355.34 -1 1
-1725.15 1733.72 -1249.19 2748.38 -1 2
2900.96 3221.42 -1231.93 4507.99 1 1
event 81
-27006.1 10561.3 -106471 110392
-9490.99 -669.055 -30845 32427.3
-5736.71 1033.01 -16404.7 17409.8 -1 2
-4969.14 704.782 -17889.4 18580.4 -1 1
-22036.9 9856.57 -88581.2 91811.8 1 1
-3754.27 -1702.07 -14440.3 15017.4 1 2
event 82
1178.77 -8322.85 -17267 19452.5
7108.35 3722.81 1763.75 8780.07
4609.24 1324.39 2218.25 5284.97 -1 2
1762.29 -3058.83 -5342.98 6404.74 1 1
-583.523 -5264.02 -11924 13047.8 -1 1
2499.11 2398.42 -454.504 3495.1 1 2
event 83
1744.88 4783.12 10054 11687.5
-13784.4 8272.25 14117 21617.6
52.1546 3538.69 4355.32 5612.93 1 1
1692.73 1244.42 5698.68 6074.54 -1 1
-7774.14 4588.48 5872.89 10770 1 2
-6010.28 3683.77 8244.11 10847.6 -1 2
event 84
7117.91 -4982.04 45379.1 46307
-9521.55 -6156.79 -19838.6 23059.2
-4561.96 -2068.19 -11388.5 12441.8 1 2
1895.7 -3130.54 16560.5 16960.4 -1 1
-4959.59 -4088.61 -8450.06 10617.4 -1 2
5222.21 -1851.5 28818.7 29346.7 1 1
event 85
-698.641 -11949.3 27160.5 29842.3
-3902.74 -16471.8 72692.1 74701.3
-1337.46 -7973.83 40978.7 41768.8 1 2
367.411 -3453.14 5034.87 6117.21 -1 1
-2565.28 -8497.92 31713.4 32932.4 -1 2
-1066.05 -8496.19 22125.7 23725 1 1
event 86
6267.62 5991.75 -11126 14441.7
3432.24 -5312.21 6503.03 9585.43
1181.18 -4093.12 2862.21 5133.45 -1 2
3573.21 1390.38 -5312.87 6552.77 1 1
2694.41 4601.37 -5813.1 7888.96 -1 1
2251.06 -1219.08 3640.81 4451.98 1 2
event 87
-7189.48 568.81 3211.2 8480.26
5729.34 1916.81 1170.52 6889.14
-3653.29 1674.65 2412.78 4688.67 -1 1
-3536.19 -1105.84 798.418 3791.59 1 1
3534.99 2245.7 -339.601 4203.07 -1 2
2194.35 -328.886 1510.12 2686.07 1 2
event 88
-580.069 -23467.6 61727.6 66113.2
-5500.23 2812.48 5243.06 8674.28
-7.00321 -12625.6 37366.1 39441.6 1 1
-573.066 -10842 24361.5 26671.6 -1 1
-2266.7 2857.9 3150.23 4820.86 -1 2
-3233.53 -45.4202 2092.82 3853.42 1 2
event 89
-2949.85 6664.03 3046.04 8716.45
2781.52 9132.79 -10470.4 14504
-3198.8 2686.67 1645.78 4491.14 -1 1
248.957 3977.36 1400.25 4225.31 1 1
306.055 6140.38 -6251.36 8768.61 -1 2
2475.46 2992.41 -4219.09 5735.35 1 2
event 90
-2182.93 -9918.49 -14468.6 17946.4
-2175.68 -7248.14 -2516.89 8555.44
-2471.11 -4726.27 -591.329 5367.02 -1 2
-1543.75 -3375.96 -3209.98 4908.7 -1 1
-639.176 -6542.54 -11258.6 13037.7 1 1
295.434 -2521.86 -1925.56 3188.42 1 2
event 91
5321.41 -5045.36 9388.6 12308.9
-8252.05 2978.12 6546.81 11376.2
-6216.88 918.912 5301.97 8222.9 1 2
1311.5 -3263.77 3486.39 4953.61 -1 1
-2035.17 2059.21 1244.84 3153.26 -1 2
4009.91 -1781.59 5902.22 7355.32 1 1
event 92
-3859.15 -6809.2 -25222 26589.5
5904.98 -7908.89 -14512.4 17821.9
2856.17 -2954.58 -3640.45 5491.02 1 2
-2036.69 -1330.38 -5038.83 5596.33 1 1
3048.81 -4954.31 -10871.9 12330.9 -1 2
-1822.46 -5478.82 -20183.2 20993.1 -1 1
event 93
602.137 -5970.14 7885.66 10381.7
9474.57 -12738.9 66498 68437
2094.78 -2787.37 9836.66 10436.9 1 2
1420.46 -1512.8 1554.29 2594.85 -1 1
7379.79 -9951.56 56661.3 58000.1 -1 2
-818.32 -4457.34 6331.38 7786.85 1 1
event 94
4462.15 -4070.29 -1982.61 7071.05
-5876.49 -3783.76 12615.6 14751
-1897.62 -2903.84 4642.04 5795.94 -1 2
2351 -220.208 -371.325 2392.65 1 1
2111.14 -3850.08 -1611.29 4678.4 -1 1
-3978.87 -879.922 7973.53 8955.11 1 2
event 95
-6094 -9904.15 -4593.5 12881
2946.52 -5099.86 3236.47 7399.72
764.629 -4228.76 2214.85 4835.68 1 2
-3906.51 -4281.81 -1073.87 5895.69 1 1
2181.89 -871.099 1021.62 2564.05 -1 2
-2187.49 -5622.33 -3519.63 6985.32 -1 1
event 96
11680.9 1461.12 3613.37 12697.5
-5785.79 -5226.17 -35418.7 36398.6
-3456 -1278.67 -12817.9 13337.5 -1 2
3102.18 -924.127 1356.08 3511.08 -1 1
8578.71 2385.25 2257.29 9186.41 1 1
-2329.79 -3947.5 -22600.7 23061.1 1 2
event 97
8360.72 10926.7 7207.33 15837.6
13731.9 4002.86 9600.26 17502.7
5777.27 3236.87 3900.43 7686.26 1 2
1551.94 4226.9 1722.75 4822.27 -1 1
6808.79 6699.78 5484.58 11015.4 1 1
7954.59 765.997 5699.83 9816.39 -1 2
event 98
-7933.48 623.351 -3778.35 9337.86
801.005 -5913.57 -2003.68 7015.8
914.805 -3915.72 -2755.18 4875.65 -1 2
-3553.16 945.937 -3257.8 4913.67 -1 1
-4380.32 -322.586 -520.55 4424.18 1 1
-113.801 -1997.84 751.495 2140.15 1 2
event 99
-1287.22 -14509.4 53074.6 55124.2
1582.36 -7930.89 -7853.98 11691
-506.423 -3759.56 -4779.39 6102.83 1 2
174.709 -2275.3 12965.5 13165.2 1 1
-1461.93 -12234.1 40109.1 41959 -1 1
2088.78 -4171.32 -3074.59 5588.13 -1 2
event 100
5112.53 10136.8 -63256.8 64342.1
-3909.15 -6977.44 28428.3 29693.9
-3298.91 -2736.51 13815.4 14465.4 1 2
3708.09 3956.35 -28183.7 28700.8 -1 1
-610.232 -4240.93 14613 15228.5 -1 2
1404.43 6180.43 -35073.1 35641.3 1 1
event 101
2021.19 8595.5 -1309.03 9448.43
-11141.2 -4740.69 -17595.1 21581.9
-4547.22 -3022.97 -9871.9 11281.9 1 2
1681.1 2611.95 -1500.47 3451.22 -1 1
-6594.02 -1717.72 -7723.15 10300 -1 2
340.095 5983.56 191.444 5997.2 1 1
event 102
5037.89 -2990.25 -13202.6 14772.4
-6832.42 -8438.13 -18825.4 21951.6
3544.27 -337.079 -6566.18 7470.03 1 1
1493.63 -2653.17 -6636.47 7302.33 -1 1
-5119.79 -4159.35 -12367.3 14016.9 1 2
-1712.63 -4278.79 -6458.11 7934.7 -1 2
event 103
-10946.8 -1352 9932.99 15163
-3540.44 4165.76 -1804.02 6537.11
-7171.82 562.829 5737.58 9202.32 -1 1
-3775.02 -1914.83 4195.41 5960.7 1 1
-2088.91 2614.95 -2627.65 4256.43 -1 2
-1451.53 1550.81 823.628 2280.68 1 2
event 104
-30741.1 -892.235 -8616.11 32088
-8531.93 -2388.2 -56492.2 57266.6
-5806.83 -73.1547 -34946.8 35426.2 1 2
-5970.12 762.022 -2509.35 6521.57 1 1
-2725.1 -2315.05 -21545.4 21840.3 -1 2
-24771 -1654.26 -6106.76 25566.4 -1 1
event 105
-5686.58 11783.7 -4432.74 14157.4
-1504.1 4880.28 -14700 15866.9
642.41 3064.67 -8480.08 9040.34 1 2
-3072.34 3819.64 -598.955 4939.52 -1 1
-2146.51 1815.61 -6219.88 6826.56 -1 2
-2614.24 7964.03 -3833.79 9217.87 1 1
event 106
-3740.89 4301.68 -8734.57 10880.4
3969.54 7739.73 -6701.1 11408.4
-3343.04 1679.73 -5984 7058.1 -1 1
-397.852 2621.94 -2750.57 3822.26 1 1
3433.3 3571.62 -4338.81 6586.39 1 2
536.24 4168.11 -2362.28 4822.06 -1 2
event 107
-5893.66 -2080.2 6366.47 9443.77
9783.35 3116.45 14034.6 17663.2
-3651.33 -644.761 1722.64 4089.81 -1 1
-2242.33 -1435.44 4643.83 5353.96 1 1
6178.48 729.257 9812.76 11619.2 -1 2
3604.88 2387.19 4221.87 6043.94 1 2
event 108
4644.19 4325.44 7436.22 10255.1
5405.27 -6893.53 -9328.26 13317
2534.34 2634.58 6373.05 7347.85 1 1
2109.85 1690.87 1063.17 2907.23 -1 1
1726.57 -4308.66 -6557.2 8034.53 -1 2
3678.7 -2584.88 -2771.06 5282.46 1 2
event 109
-5150.06 2072.73 -10435.7 12219.5
14780.9 -10479.5 91685.5 93510
-2510.11 2598.92 -5224.34 6352.95 1 1
-2639.95 -526.193 -5211.38 5866.5 -1 1
11150.9 -7838.13 75120.8 76347.4 1 2
3630.04 -2641.38 16564.7 17162.6 -1 2
event 110
-4105.31 4803.69 19293.8 20537
-31397.6 640.099 -86995.2 92541.7
-3513.88 2804.04 9333.75 10360.5 -1 1
-591.428 1999.64 9960.02 10176.5 1 1
-24357.9 86.5971 -70824.5 74896.2 1 2
-7039.7 553.502 -16170.7 17645.5 -1 2
event 111
6102.22 4007.88 -1869.29 8389.42
-816.222 8881.47 29572.1 31042.7
420.199 7195.15 24911.2 25933.1 1 2
3005.58 1034.16 868.087 3296.62 1 1
-1236.42 1686.32 4660.9 5109.55 -1 2
3096.64 2973.72 -2737.38 5092.8 -1 1
event 112
-10185.2 -3266.29 -25652.2 27964.8
-5277.93 -6061.59 -33820.8 34900.4
-4077.38 -4326.36 -29469 30062.9 -1 2
-3981.02 -2877.09 -10900.4 11956.4 1 1
-6204.2 -389.202 -14751.8 16008.4 -1 1
-1200.55 -1735.23 -4351.79 4837.51 1 2
event 113
-7709.51 -1268.85 -23548 25002.9
2270.86 7403.15 552.065 8358.15
-4793.16 -413.439 -9738.62 10862.6 1 1
-2916.34 -855.407 -13809.4 14140.2 -1 1
2481.07 4677.96 -713.784 5344.13 -1 2
-210.207 2725.19 1265.85 3014.03 1 2
event 114
-6726.3 -6799.76 24491.1 26474.2
-7044.57 -3356.33 -44632.7 45415.4
-3131.67 -4384.66 10134.3 11478.2 1 1
-3594.62 -2415.1 14356.7 14996 -1 1
-4131.31 -3572.12 -30098.2 30589.9 -1 2
-2913.27 215.784 -14534.4 14825.5 1 2
event 115
-6668.93 -6201.39 27052.7 28711.8
5050.68 -2834.02 17572.1 18759.3
-4787.21 -2604.72 17576.1 18401.9 -1 1
-1881.72 -3596.67 9476.57 10309.9 1 1
3058.47 -1076.27 5394.65 6294.92 -1 2
1992.22 -1757.75 12177.5 12464.4 1 2
event 116
4239.22 -3686.66 -17605.6 18737.9
-5651.42 11078.7 15567.3 20164.5
2264.99 -3306.91 -14440.6 14986.9 -1 1
1974.23 -379.756 -3164.98 3751.01 1 1
-2157.81 7537.75 9511.92 12327.3 -1 2
-3493.61 3540.91 6055.36 7837.21 1 2
event 117
-4930.09 -4743.68 6561.68 9972.68
-6166.62 11410.1 -1356.63 13403.4
-3295.37 -3577.84 6277.29 7942.04 -1 1
-1634.71 -1165.85 284.388 2030.65 1 1
-4581.57 5593.67 -37.8702 7231.36 1 2
-1585.04 5816.48 -1318.76 6172.04 -1 2
event 118
6404.57 11139.1 -50265.5 51974.2
1120.8 11735.4 49846.9 51315.5
3369.02 8562.18 -36693.5 37829.7 -1 1
3035.55 2576.95 -13572 14144.4 1 1
2114.56 9468.86 38891.7 40083.8 -1 2
-993.76 2266.58 10955.1 11231.7 1 2
event 119
5718.45 -2625.64 -9545.31 11844.7
-8454.41 1512.84 -14597.8 17217.8
3781.13 -113.286 -5919.22 7025.53 -1 1
1937.32 -2512.36 -3626.08 4819.21 1 1
-4295.35 1907.72 -5708.21 7394.88 -1 2
-4159.06 -394.881 -8889.55 9822.88 1 2
event 120
5614.94 1815.93 -7217.47 9823.84
-16086.9 3390.67 27233.2 31961.3
3202.76 1579.01 -6275.94 7221.47 1 1
2412.18 236.913 -941.53 2602.38 -1 1
-10685.1 753.264 17822.1 20793.7 -1 2
-5401.77 2637.41 9411.11 11167.6 1 2
event 121
-4337.5 -9246.33 26119.4 28215.6
5274.69 -2238.44 7652.88 10049.4
-2670.81 -5708.47 11880.4 13449 1 1
-1666.69 -3537.86 14239 14766.6 -1 1
2000.56 438.88 1339.46 2449.52 -1 2
3274.13 -2677.32 6313.42 7599.9 1 2
event 122
-4587.75 16748.6 5195.61 18388.8
-5246.71 4387.74 -1268.86 7614.55
-3225.72 4390.94 -1248.66 5590.7 1 2
-3558 7987.25 3420.76 9389.8 1 1
-2020.98 -3.19938 -20.1982 2023.85 -1 2
-1029.75 8761.35 1774.85 8999.05 -1 1
event 123
3615.43 2347.19 5392.12 7566.13
-6462.94 -7226.74 -3754.84 10848.2
3252.88 354.318 3160.57 4550.52 1 1
362.544 1992.87 2231.54 3015.61 -1 1
-2193.96 -4714.99 -2279.05 5678.9 1 2
-4268.98 -2511.74 -1475.79 5169.35 -1 2
event 124
3871.06 4306.16 3928.16 7651.77
869.042 -11412.3 6045.24 13309.1
2188.1 2372.09 348.796 3247.68 -1 1
1682.96 1934.07 3579.37 4404.09 1 1
1553.69 -6019.27 1997.26 6530.37 1 2
-684.646 -5393.08 4047.98 6778.74 -1 2
event 125
-1600.79 7165.13 -26206.3 27390.9
7706.05 -269.535 -34927.2 35902
3016.57 1378.13 -15205.1 15562.9 1 2
-1857.6 1887.29 -7614.48 8062.51 1 1
256.811 5277.84 -18591.8 19328.4 -1 1
4689.48 -1647.67 -19722.1 20339.1 -1 2
event 126
8867.22 -361.542 -1570.54 9529.73
-5809.75 4032.64 7878.91 11031
5359.62 1260.93 -1273.01 5652.19 1 1
3507.6 -1622.48 -297.532 3877.55 -1 1
-2754.64 1431.8 1394.54 3405 -1 2
-3055.11 2600.84 6484.37 7626.03 1 2
event 127
-959.32 5958.55 33941.4 34612.6
-6559.5 5555.07 18386 20531
989.878 3365.93 19201.8 19520 -1 1
-1949.2 2592.62 14739.5 15092.6 1 1
-3889.79 2159.52 12192.8 12979.6 -1 2
-2669.72 3395.55 6193.26 7551.48 1 2
event 128
1241.98 8380.68 -2936.18 9486.31
-8290.21 3081 27980.6 29508.1
-5810.08 1634.94 14176.6 15408.4 1 2
-690.107 3266.01 -2123.74 3957.84 1 1
-2480.13 1446.07 13804 14099.7 -1 2
1932.09 5114.67 -812.44 5528.47 -1 1
event 129
9279.44 -3988.45 12055.8 16029.6
-4224.22 -7274.87 12410.1 15309.1
6101.39 -3643.39 9841.29 12139.3 1 1
3178.05 -345.051 2214.49 3890.27 -1 1
-136.97 -3147.26 4538.41 5525.61 -1 2
-4087.25 -4127.61 7871.7 9783.54 1 2
event 130
6019.71 4275.01 -614.129 8029.99
7648.06 -4530.17 52277.5 53118.2
3567.32 1822.76 1106.08 4157.26 -1 1
2452.39 2452.25 -1720.21 3872.73 1 1
3322.77 -3714.02 29704.3 30119.7 -1 2
4325.29 -816.149 22573.1 22998.5 1 2
