event 0
-5167.82 -1445.53 -21708.7 22575.5
952.714 -10699.6 37413.2 39047.8
-2663.33 -1798.46 -7773.5 8412.27 -1 1
-2504.49 352.93 -13935.2 14163.2 1 1
-519.743 -6375.04 17966 19070.9 1 2
1472.46 -4324.59 19447.2 19976.9 -1 2
event 1
-827.921 4598.69 3222.59 6466.02
7032.12 -6384.49 13070 16450.8
716.939 3100.41 2862.36 4281.45 1 1
-1544.86 1498.28 360.232 2184.57 -1 1
2702.99 -4451.14 7565.19 9184.88 -1 2
4329.14 -1933.35 5504.84 7265.93 1 2
event 2
4869.03 5155.68 10904.8 13371.4
-7546.83 7598.12 40497.3 42003.7
-2733.52 1285.7 8035.18 8584.9 1 2
660.294 2374.39 2177.11 3290.09 -1 1
-4813.3 6312.42 32462.1 33418.8 -1 2
4208.74 2781.29 8727.73 10081.3 1 1
event 3
-5193.03 6685.98 -6499.59 11113.3
-7811 3678.2 -19351.2 21414.9
-4389.2 1093.5 -6951.95 8294.67 1 2
-3623.44 2526.04 -2234.22 4951.08 1 1
-3421.8 2584.7 -12399.2 13120.3 -1 2
-1569.59 4159.94 -4265.37 6162.25 -1 1
