event 0
-6335.06 2367.28 -5328.86 9150.11
657.656 7423.89 -21344.9 22819.8
-970.295 3583.46 -7659.98 8512.88 1 2
-1847.32 2224.06 -2632.85 3911.79 -1 1
-4487.75 143.223 -2696.01 5238.32 1 1
1627.95 3840.43 -13685 14306.9 -1 2
event 1
-4662.25 7839.62 -44218.4 45255.4
2133.76 4335.8 16786.7 17740.7
2704.26 2126.97 9485.23 10090.5 1 2
-918.516 4321.54 -17664.8 18209.3 -1 1
-570.497 2208.82 7301.42 7650.25 -1 2
-3743.74 3518.08 -26553.6 27046.2 1 1
event 2
-8467.91 3592.86 -40082.8 41241.2
-6213.2 8371.16 37657.6 39196.5
-2971.24 2288.32 17340.9 17742.1 1 2
-3292.4 465.705 -9487.66 10054 1 1
-3241.96 6082.84 20316.7 21454.4 -1 2
-5175.51 3127.16 -30595.2 31187.2 -1 1
event 3
-672.925 -13804.1 52692.8 54563
6711.27 2262.45 -23547 24783.3
-1523.61 -10599.6 43192.5 44500.3 1 1
850.69 -3204.51 9500.22 10062.7 -1 1
2742 -583.217 -7417.56 7930.33 -1 2
3969.28 2845.67 -16129.4 16853 1 2
event 4
-6416.08 2107.15 -21489.3 22737.3
-9373.8 1454.35 37161.7 38478.1
-2598.66 1747.35 13840.1 14190.3 -1 2
-2061.81 -709.348 -5121.21 5567.06 -1 1
-6775.14 -293.003 23321.6 24287.8 1 2
-4354.27 2816.5 -16368.1 17170.3 1 1
event 5
6981.99 -3390.1 -21304.8 22885
4992.69 -3635.34 -23732.3 24717.6
4231.31 -1306.81 -16299.3 16890.6 -1 2
2730.36 -1891.69 -5288.54 6246.05 1 1
4251.63 -1498.4 -16016.3 16638.9 -1 1
761.386 -2328.53 -7432.99 7827.02 1 2
event 6
7809.87 -3064.14 44223.7 45118.8
7462.3 1712.81 -3647.43 9028.53
3337.28 138.635 -3135.53 4582.51 -1 2
1300.76 -1672.29 7391.13 7689.51 1 1
6509.11 -1391.86 36832.6 37429.3 -1 1
4125.03 1574.18 -511.899 4446.02 1 2
event 7
10988.1 -5232.23 -8361.97 15087.4
3253.9 6748.65 14203.8 16354.5
3262.36 3472.85 7391.59 8794.91 1 2
4655.82 -1850.31 -1696.1 5290.39 -1 1
-8.46512 3275.8 6812.18 7559.62 -1 2
6332.31 -3381.92 -6665.87 9796.96 1 1
event 8
-8482.96 5357.81 -11622.4 15663.3
6881.52 -4146.33 -3087.47 9147.16
5552.45 -2214.43 -1116.34 6082 -1 2
-2345.14 3245.24 -4253.71 5842.64 1 1
-6137.82 2112.57 -7368.7 9820.62 -1 1
1329.08 -1931.9 -1971.14 3065.16 1 2
event 9
15565.9 4494.26 5067.2 17255.8
-5174.95 1274.34 -3360.35 7020.46
10659.4 1598.45 2933.24 11171 -1 1
4906.53 2895.81 2133.95 6084.79 1 1
-2766.91 1196.24 -169.842 3021.06 -1 2
-2408.04 78.101 -3190.51 3999.4 1 2
event 10
-794.941 -7277.32 -9749.39 12579.1
1402.94 -6991.02 -2488.01 8162.31
894.73 -4758.78 -3149.11 5777.07 1 2
519.231 -3359.77 -2454.36 4194.36 -1 1
508.214 -2232.23 661.094 2385.24 -1 2
-1314.17 -3917.55 -7295.03 8384.69 1 1
event 11
-53660.1 9213.3 -123439 134948
-8508.02 -2769.39 8150.63 12493.2
-5058.42 -84.989 4910.66 7051.28 1 2
-9827.1 1861.16 -25727.4 27603.3 -1 1
-3449.6 -2684.4 3239.97 5441.91 -1 2
-43833 7352.14 -97711.4 107345 1 1
event 12
-1058.49 -8440.71 22201.3 23976.1
1582.14 -7667.5 -10066.9 13123.6
904.756 -4496.86 9966.33 10971.7 -1 1
-1963.24 -3943.85 12234.9 13004.4 1 1
222.44 -4376.26 -3337.19 5509 -1 2
1359.7 -3291.23 -6729.74 7614.56 1 2
event 13
-8449.4 -1509.23 12647.3 15595.3
-1863.25 6291.64 10893.7 13088.9
77.0971 4678.81 6322.05 7866.17 1 2
-4013.9 -1724.18 8299.92 9379.98 1 1
-1940.35 1612.84 4571.65 5222.77 -1 2
-4435.5 214.957 4347.33 6215.33 -1 1
event 14
-9816.43 4768.25 9566.35 14839.3
3002.76 5578.78 -11390 13396.3
-7027.99 1849.37 6722.17 9900.08 -1 1
-2788.44 2918.88 2844.17 4939.21 1 1
339.988 2074.45 -1542.29 2609.36 -1 2
2662.77 3504.33 -9847.68 10787 1 2
event 15
-8419.57 5513.44 -35015.8 36564.8
-531.914 9724.85 -5625.15 11835.8
-1310.18 3138.89 -469.788 3435.27 1 2
-2424.58 213.108 -6298.04 6752.81 1 1
-5994.99 5300.33 -28717.7 29812 -1 1
778.27 6585.96 -5155.36 8400.56 -1 2
event 16
-2762.64 5666.26 -23374.5 24406.9
-8456.85 3909.88 3678.38 10484.6
-604.755 4545.38 -15601.9 16262.1 1 1
-2157.88 1120.88 -7772.63 8144.8 -1 1
-5053.29 718.515 2427.63 5653.01 -1 2
-3403.56 3191.36 1250.75 4831.62 1 2
event 17
-7033.2 -14820.3 -5478.43 17570.2
-1834.35 -4169.58 10121.8 11523.5
-5372.47 -11065.7 -5471.48 13463.3 -1 1
-1660.73 -3754.66 -6.95407 4106.91 1 1
-2472.94 -1989.64 5053.96 5968.9 -1 2
638.599 -2179.94 5067.8 5554.61 1 2
event 18
-6179.51 6448.83 36033.5 37252.9
2630.59 -6559.94 23175.2 24426.1
2460.95 -2090.81 10394 10884.6 1 2
-902.951 2998.78 11010.4 11447.6 -1 1
-5276.56 3450.05 25023.1 25805.2 1 1
169.637 -4469.13 12781.2 13541.5 -1 2
event 19
433.316 -5208.73 -1743.45 6320.43
52.7385 14047 -34281.7 37177.2
-1037.12 -2849.49 -1818.56 3537.45 -1 1
1470.43 -2359.24 75.1074 2782.98 1 1
1133.14 9861.14 -21427.6 23615.2 -1 2
-1080.4 4185.83 -12854.1 13562 1 2
event 20
3446.92 6886.01 -1741.26 8480.64
-8013.3 -691.303 -30345.1 31545.3
-4475.16 -1321.41 -21433.2 21935.5 1 2
2892.62 2800.38 -1657.96 4355.39 -1 1
-3538.13 630.105 -8911.85 9609.77 -1 2
554.294 4085.63 -83.2972 4125.25 1 1
event 21
9364.78 1228.7 46598.5 47646.8
-5312.68 -370.161 -11925.7 13423
-3707.43 -1684.69 -7539.44 8569.57 1 2
4736.63 -666.388 26959.7 27380.9 1 1
-1605.24 1314.52 -4386.31 4853.41 -1 2
4628.15 1895.09 19638.8 20265.9 -1 1
event 22
-6969.03 3706.59 6425.25 10638.6
2854.15 12290.3 26205.2 29248.9
50.2524 5679.75 13650.5 14785.4 -1 2
-1378.53 2348.29 2051.81 3411.15 -1 1
2803.9 6610.58 12554.7 14463.5 1 2
-5590.5 1358.29 4373.44 7227.5 1 1
event 23
-19327.5 -11441.7 749.572 22685.2
5180.01 264.492 -17396.1 18415.1
-13193.3 -6676.27 1587.46 14871.7 -1 1
-6134.19 -4765.48 -837.887 7813.53 1 1
3618.35 -1282.31 -11116.7 11761.3 -1 2
1561.66 1546.81 -6279.39 6653.82 1 2
event 24
9987.61 -12.602 18272.8 21053.2
-7112.48 931.323 -1157.82 7898.4
6735.24 -1303.1 13387.3 15043 1 1
3252.37 1290.49 4885.45 6010.16 -1 1
-2544.95 -764.058 585.171 2722.9 -1 2
-4567.53 1695.38 -1743 5175.5 1 2
event 25
2113.91 -6532.72 -5429.31 9497.96
-4257.41 -5772.57 8019.44 11196
-2911.76 -1587.14 4334 5458.21 -1 2
-38.2943 -2710.53 -271.661 2726.43 1 1
-1345.65 -4185.43 3685.45 5737.8 1 2
2152.21 -3822.18 -5157.65 6771.53 -1 1
event 26
-6222.19 10919.4 17361.7 21655.7
4516.14 -4984.02 5600.92 9284.22
-2368.2 6108.07 10950.3 12760.8 1 1
-3853.99 4811.34 6411.43 8894.93 -1 1
1813.78 -3952.36 2397.92 4967.11 -1 2
2702.36 -1031.66 3202.99 4317.11 1 2
event 27
4647.39 2934.04 3947.01 7441.56
7294.27 10056.4 -12122.3 17631.8
2162.16 3085.6 1924.97 4232.32 1 1
2485.23 -151.566 2022.05 3209.23 -1 1
4516.22 7064.13 -9928.23 12995.4 -1 2
2778.05 2992.3 -2194.06 4636.43 1 2
event 28
-8640.23 -8234.33 -35324.4 37414.7
-1669.68 -4780.19 5610.61 8167.52
-2422.23 -2403.86 2858.29 4452.72 1 2
-4320.7 -3741.93 -21555.8 22301 1 1
752.55 -2376.33 2752.32 3714.8 -1 2
-4319.53 -4492.4 -13768.5 15113.7 -1 1
event 29
-4244.45 -5719.05 -5758.89 9668.5
-6333.95 6545.7 -2151.34 10059.2
-4518.13 4136.57 -3137.84 6883.45 1 2
-461.094 -3154.65 -2204.01 3877.27 1 1
-1815.82 2409.12 986.494 3175.75 -1 2
-3783.35 -2564.41 -3554.89 5791.23 -1 1
event 30
12121 -3018.38 9616.5 16065.4
482.799 -6116.5 18401.9 19643.4
-707.703 -3328.16 13098.8 13533.9 1 2
5125.54 261.695 3545.11 6238.48 1 1
1190.5 -2788.34 5303.1 6109.51 -1 2
6995.43 -3280.07 6071.39 9826.89 -1 1
event 31
5538.98 -3185.14 -1921.26 7355.81
1390.5 -7901.88 16815.2 18886.9
1524.54 -2599 3938.91 4960.36 -1 2
2946.73 19.2974 -1128.55 3157.28 1 1
-134.04 -5302.88 12876.3 13926.6 1 2
2592.25 -3204.43 -792.702 4198.54 -1 1
event 32
5119.25 -3816.7 1441.75 7241.76
3391.14 9659.85 45783 47015.8
2331.22 2396.11 15280.5 15642.3 1 2
2618.77 -179.665 106.006 2629.19 -1 1
1059.92 7263.74 30502.5 31373.5 -1 2
2500.47 -3637.04 1335.74 4612.57 1 1
event 33
14857 -17510.9 -1368.77 23212.6
2467.31 -4832.11 17464.4 18548.1
458.244 -3144.44 6038.82 6824.66 1 2
4097.58 -7094.07 -660.49 8219.7 1 1
2009.07 -1687.66 11425.6 11723.4 -1 2
10759.4 -10416.8 -708.277 14992.9 -1 1
event 34
-4768.97 -3222.75 -17510.6 18690.6
-9523.08 4186.76 -11322.4 15684.7
-2479.58 -2313.46 -13970.2 14376.3 -1 1
-2289.39 -909.281 -3540.33 4314.3 1 1
-5647.8 833.655 -5508.57 7933.98 1 2
-3875.29 3353.1 -5813.85 7750.69 -1 2
event 35
-4086.1 -12294.4 -19620.1 23714.7
-4624.16 -2022.53 -19903.5 20765.6
-1734.4 -7711.4 -14093.8 16159.2 -1 1
-2351.7 -4583.03 -5526.28 7555.5 1 1
-2120.81 -2536.22 -12612.2 13038.8 -1 2
-2503.35 513.687 -7291.24 7726.84 1 2
event 36
-8059 -95.2711 -15621 17848.4
-7374.37 1753.26 -4606.49 9395.01
-3330.95 2319.08 -1810.8 4445.62 -1 2
-2177.35 1136.36 -6244.85 6711.29 1 1
-5881.65 -1231.63 -9376.19 11137.1 -1 1
-4043.42 -565.82 -2795.7 4949.39 1 2
event 37
6383.64 -5223.6 -16510.5 18714.3
8197.2 737.733 -1265.9 8884.34
4125.42 -1178.9 -582.76 4331.25 -1 2
2384.41 -1562 -2921.68 4083.21 1 1
3999.22 -3661.6 -13588.8 14631 -1 1
4071.78 1916.63 -683.141 4553.1 1 2
event 38
6693.22 -8516.37 -23822.5 26352
6505.35 -1996.76 -3629.18 8310.73
4548.05 -6261.68 -19842.9 21298.9 -1 1
2145.18 -2254.69 -3979.6 5053.1 1 1
2578.56 683.754 -1777.34 3207.27 -1 2
3926.79 -2680.51 -1851.84 5103.46 1 2
event 39
-8353.62 2546.15 16931.1 19300.8
-10058.6 5098.18 -46925.7 48360.9
-4094.01 2770.53 10124.4 11267.3 1 1
-4259.61 -224.374 6806.72 8033.5 -1 1
-5067.17 3630.52 -30498.9 31129.6 1 2
-4991.4 1467.66 -16426.7 17231.3 -1 2
event 40
7439.16 -6540.08 12021.1 15881.2
-6330.36 -3088.46 11955.1 14217.1
5048.7 -2516.92 7376.14 9286.7 1 1
2390.45 -4023.16 4644.99 6594.49 -1 1
-4090.72 -1211.81 4464.72 6176.36 -1 2
-2239.64 -1876.64 7490.34 8040.78 1 2
event 41
753.01 5570.14 -3251.23 7193.88
4625.55 -8199.36 -5470.32 11319.9
476.889 3586.84 -3659.62 5147.5 -1 1
276.121 1983.3 408.393 2046.38 1 1
3341.09 -4233.71 -4533.11 7046.09 1 2
1284.46 -3965.65 -937.215 4273.84 -1 2
event 42
1403.99 6208.15 15766 17282
8272.68 -6877.07 53588.4 54745.3
135.63 3870.34 5861.4 7026.03 -1 1
1268.36 2337.8 9904.55 10256 1 1
3647.38 -5018.72 28986.7 29643.4 -1 2
4625.3 -1858.35 24601.7 25101.8 1 2
event 43
7745.9 7541.27 -13239.7 17371
7541.07 -10913.4 26692.6 29967.6
6330.25 -8823.93 18781.1 21695 1 2
2460.81 4500.6 -5579.9 7580.07 -1 1
1210.82 -2089.45 7911.53 8272.57 -1 2
5285.1 3040.67 -7659.84 9790.93 1 1
event 44
-13533.4 2492.15 17417.5 22412.6
6347.54 552.379 -1919.19 7339.67
-9696.08 3180.75 12578.8 16197.8 -1 1
-3837.29 -688.603 4838.69 6214.74 1 1
2084.3 1601.07 -1193.64 2888.54 -1 2
4263.25 -1048.69 -725.548 4451.14 1 2
event 45
4450.63 -5414.68 -4274.88 8774.54
-6158.6 2729.05 -1319.44 7530.48
-3373.8 -185.581 -660.068 3444.39 -1 2
2698.13 -1030.61 -1143.73 3108.27 -1 1
1752.49 -4384.07 -3131.15 5666.26 1 1
-2784.8 2914.63 -659.374 4086.09 1 2
event 46
9057.2 1957.56 3165.75 10463
-1556.2 5472.19 14150.8 15562.9
509.397 3227.55 9003.36 9578.52 1 2
4384.22 -18.8627 3130.17 5388.03 1 1
-2065.6 2244.64 5147.49 5984.39 -1 2
4672.98 1976.43 35.5822 5074.98 -1 1
event 47
7804.08 -6650.82 -83.3055 10896.4
5964.24 7155.21 -22746.7 24774.4
6757.51 -3808.98 -748.988 7793.87 1 1
1046.57 -2841.84 665.683 3102.52 -1 1
1068.05 2584.83 -9874.92 10263.9 -1 2
4896.19 4570.38 -12871.7 14510.5 1 2
event 48
-16863.7 2638.57 -18953.2 25693.6
975.216 5619.55 8725.81 10874.8
-411.212 3786 7099.12 8056.77 1 2
-3583.76 1873.11 -4407.71 5982.55 -1 1
1386.43 1833.55 1626.69 2818.04 -1 2
-13279.9 765.461 -14545.5 19711 1 1
event 49
-300.026 -11856.1 40998.2 42791.4
3436.23 9160.7 15141.6 18291.7
-1486.45 -8612.9 31228.7 32429 1 1
1186.42 -3243.25 9769.47 10362.4 -1 1
472.106 3288.82 2977.4 4462.66 -1 2
2964.12 5871.87 12164.2 13829.1 1 2
event 50
685.425 -9284.27 -17570.9 20124.5
-3780.04 6559.71 -432.091 8191.23
-370.109 3714.02 -81.4111 3734.8 1 2
295.743 -3223.51 -9405.85 9947.84 1 1
389.682 -6060.76 -8165.07 10176.6 -1 1
-3409.94 2845.68 -350.68 4456.42 -1 2
event 51
-684.351 11617.3 596.276 12057.2
-15026.3 -20070.5 35168.2 43301.4
-1474.24 6263.12 -751.155 6478.85 1 1
789.887 5354.16 1347.43 5578.33 -1 1
-8872.17 -13608.1 24437.2 29344.3 -1 2
-6154.11 -6462.37 10731 13957.1 1 2
event 52
-15249.2 6030.8 -27082 31810.9
-4194.58 2820.37 12962.9 14253.9
-7842.52 4718.72 -15469.8 17974.9 -1 1
-7406.7 1312.08 -11612.2 13836 1 1
-1824.41 2966.48 8724.87 9394.84 -1 2
-2370.17 -146.101 4237.99 4859.1 1 2
event 53
6643.49 -10995.3 46853.7 48681.5
1898.11 -5893.47 9957.86 12127.9
2649.27 -3438.59 5914.77 7337.45 -1 2
2335.18 -3379.91 20666.2 21070.8 -1 1
4308.31 -7615.41 26187.5 27610.7 1 1
-751.157 -2454.88 4043.09 4790.45 1 2
event 54
-3592.19 -2954.16 15541.4 16515.3
-14032.2 -17724.6 88571.3 91463.3
-1446.22 -2919.73 7235.37 7935.88 -1 1
-2145.98 -34.4279 8305.99 8579.46 1 1
-9202.12 -10337.2 59073 60672.6 1 2
-4830.1 -7387.35 29498.3 30790.7 -1 2
event 55
5850.03 -8723.05 -10462.3 15144.8
5299.55 -4760.25 21903.4 23239.9
1533.34 -3308.41 12088.7 12627.2 1 2
1244.55 -1684.05 -4073.38 4581.32 1 1
4605.48 -7038.99 -6388.89 10563.5 -1 1
3766.21 -1451.84 9814.64 10612.7 -1 2
event 56
2304.63 6402.95 -7965.7 10924.9
-4797.41 -13721.3 85350 86634.3
2048.13 3295.07 -2456 4592.98 1 1
256.5 3107.88 -5509.7 6331.88 -1 1
-1760.75 -9442.33 53795.2 54646.1 1 2
-3036.66 -4278.99 31554.7 31988.2 -1 2
event 57
3022.57 -3228.77 8317.38 9916.19
-8224.73 -10140.4 46895.4 48777.5
2901.07 -898.603 5166.93 5994.33 -1 1
121.504 -2330.17 3150.45 3921.86 1 1
-4421.99 -5038.6 29561.2 30312 1 2
-3802.74 -5101.77 17334.2 18465.5 -1 2
