event 0
1822.71 7388.37 -18604.8 20338.1
-4536.91 4356.36 1016.61 7084.24
2224.36 4241.49 -13523.2 14346.6 1 1
-401.655 3146.88 -5081.6 5991.49 -1 1
-2297.72 724.885 1418.19 2797.75 -1 2
-2239.19 3631.47 -401.586 4286.49 1 2
event 1
-1858.52 4047.86 4410.92 6991.87
10038.1 -1869.35 -11319.9 15556
-2452.3 1820.38 3025.38 4300.19 -1 1
593.775 2227.48 1385.54 2691.68 1 1
5719.93 326.986 -7151.41 9163.97 1 2
4318.13 -2196.33 -4168.49 6391.99 -1 2
event 2
-6047.97 -906.843 5682.78 8904.22
-10559.6 -1989.68 -6206.6 12945.1
-3538.92 -1321.47 -383.069 3798.44 1 2
-2183.49 628.33 3584.78 4245.5 1 1
-7020.66 -668.211 -5823.53 9146.63 -1 2
-3864.48 -1535.17 2098 4658.72 -1 1
event 3
-18166.4 14477.6 -45819.1 51464.5
-1579.48 5111.43 895.776 6246.2
-69.6569 3379.73 -691.082 3451.98 1 2
-4360.41 4230.49 -9432.12 11219.9 -1 1
-1509.82 1731.71 1586.86 2794.22 -1 2
-13806 10247.1 -36387 40244.6 1 1
event 4
-199.747 -6305.38 4097.2 8134.81
6795.81 6927.29 6096.67 11871.4
-250.268 -3427.38 419.833 3463.66 1 1
50.5216 -2878 3677.36 4671.15 -1 1
5091.15 3137.71 3023.47 6702.06 -1 2
1704.67 3789.58 3073.19 5169.38 1 2
event 5
11875.2 5932.13 -3287.55 14021.7
-2526.27 7588.49 13616.7 16092.6
-2255.6 5013.36 6471.06 8491.6 -1 2
3875.08 2926.61 20.1471 4857.25 -1 1
8000.13 3005.52 -3307.7 9164.46 1 1
-270.669 2575.13 7145.63 7601.03 1 2
event 6
-2671.22 6323.7 27198.1 28221.5
-6387.62 -6615.93 23971.9 25861.5
-2457.91 -2533.95 13501.3 13955.6 -1 2
-2367.65 2176.85 9120.26 9671.34 1 1
-3929.71 -4081.97 10470.6 11905.8 1 2
-303.572 4146.85 18077.9 18550.2 -1 1
event 7
-6881.09 17350.7 96905.1 98734.9
-2691.82 3908.54 6253.03 8438.81
-5516.64 9832.74 56761.7 57870.7 -1 1
-1364.45 7518 40143.5 40864.3 1 1
-2828.32 1584.99 4373.82 5445.46 -1 2
136.506 2323.55 1879.22 2993.35 1 2
event 8
6815.3 -2360.72 -26524.9 27661.9
11659 7571.38 -17791.8 22790.3
3762.84 1340.66 -6826.91 7910.39 -1 2
2225.69 -885.794 -4333.14 4952.33 -1 1
7896.17 6230.72 -10964.9 14879.9 1 2
4589.62 -1474.93 -22191.8 22709.6 1 1
event 9
6534.11 -7934.01 903.003 10772.6
6016.08 1184.41 959.207 7218.1
2314.77 -5143.91 900.373 5713.13 1 1
4219.34 -2790.1 2.63055 5059.51 -1 1
3400.58 2220.34 1538.05 4344.04 -1 2
2615.5 -1035.93 -578.841 2874.06 1 2
event 10
3745.9 5904.12 3860.85 8566.75
5160.69 -7697.87 -2291.07 10036.4
3167.95 -5166.9 34.8732 6061.78 1 2
2516.45 2024.03 2991.6 4403.41 1 1
1992.75 -2530.96 -2325.94 3974.67 -1 2
1229.45 3880.09 869.259 4163.34 -1 1
event 11
9866.05 -3988.55 33546.2 35329.7
-7188.69 7745.75 17996.8 21098.6
-3308.45 4085.79 11819 12936 1 2
1309.03 -1568.68 8778.12 9013.37 1 1
8557.02 -2419.87 24768.1 26316.3 -1 1
-3880.24 3659.96 6177.84 8162.62 -1 2
event 12
5290.17 -9928.04 -9184.36 14849.1
7011.79 6291.24 5825.48 11500.9
3396.97 -5494.87 -7089.79 9592.15 1 1
1893.2 -4433.17 -2094.57 5256.96 -1 1
4680.93 5205.14 5507.43 8907.73 -1 2
2330.85 1086.09 318.055 2593.22 1 2
event 13
4771.18 -4782.44 6678.14 9991.24
-8545.36 -274.51 4915.62 10337
-3952.31 -1545.77 1629.58 4547.18 -1 2
2064.9 -277.679 1234.2 2423.9 1 1
2706.29 -4504.76 5443.94 7567.33 -1 1
-4593.04 1271.26 3286.05 5789.77 1 2
event 14
2897.28 -5937.51 2511.31 7716.58
9461.11 -1143.61 -20995 23263.7
2110.5 -3971.31 3161.95 5498.6 1 1
786.772 -1966.2 -650.634 2217.98 -1 1
5079.08 704.105 -8980.97 10342.2 -1 2
4382.03 -1847.71 -12014 12921.5 1 2
event 15
-10930.4 6107.47 23019.7 26387
-844.852 -6029.54 13878.9 15468.8
-1914.5 -3625.86 7147.93 8241.13 1 2
-5244.83 1823.9 7701.92 9495.56 1 1
1069.65 -2403.69 6730.95 7227.64 -1 2
-5685.61 4283.57 15317.8 16891.4 -1 1
event 16
4995.4 -8113.92 -39951.7 41188.8
-3275.83 -4376.13 -12351 13857.1
-2548.34 -2175.24 -10029.1 10574.5 1 2
2642.69 -3432.67 -12201.1 12947.8 1 1
-727.496 -2200.89 -2321.81 3282.55 -1 2
2352.71 -4681.25 -27750.6 28241 -1 1
event 17
4277.11 -18362.7 67577.2 70226.4
-5707.26 -3612.22 15969.7 17726.8
-4002.81 -360.101 8493.72 9397.16 1 2
234.365 -7608.85 27686.6 28714.2 -1 1
-1704.45 -3252.12 7475.97 8329.63 -1 2
4042.74 -10753.8 39890.6 41512.2 1 1
event 18
6867.72 -4935.07 28793 30168.7
-10148.5 3185.96 -11317.4 15837.2
4529.82 -1750.51 18932 19545.2 1 1
2337.89 -3184.57 9861.01 10623.5 -1 1
-5248.51 3143.23 -5469.08 8206.63 1 2
-4899.95 42.731 -5848.3 7630.54 -1 2
event 19
-1974.72 13111.5 -14040.5 19558.6
-8375.95 3200.05 -7889.49 12338.2
-5983.62 2152.31 -7256.12 9648.76 -1 2
-2102.11 4698.1 -6180.93 8044.01 1 1
127.388 8413.38 -7859.61 11514.6 -1 1
-2392.33 1047.74 -633.375 2689.49 1 2
event 20
-7578.4 -2020.55 19635.1 21369.2
-1487.51 -8544.35 -25451.3 27066.2
801.403 -4014.22 -10156.8 10951.2 1 2
-2996.17 379.976 4953.61 5802.65 1 1
-4582.23 -2400.52 14681.5 15566.5 -1 1
-2288.91 -4530.13 -15294.4 16115 -1 2
event 21
-9191.86 2883.66 23406.8 25500.5
1149.15 -6503.35 -5943.11 9408.83
1540.1 -4250.33 -2218.19 5036.73 -1 2
-3293.66 2602.41 10398.3 11214.1 -1 1
-5898.2 281.254 13008.5 14286.3 1 1
-390.949 -2253.02 -3724.93 4372.09 1 2
event 22
5891.88 -1363.01 4022.36 8145.27
-12224.4 -7441.21 60357.9 62108.6
-3104.66 -426.394 13194.4 13561.9 1 2
2544.93 1203.49 1158.32 3045.97 -1 1
-9119.78 -7014.82 47163.5 48546.8 -1 2
3346.95 -2566.5 2864.04 5099.31 1 1
event 23
-8133.72 -4374.06 21985.7 24046.9
-5710.19 -1681.97 -4579.5 8123.92
-4017.97 354.235 -3106.99 5092.55 1 2
-3193.59 -3459.09 10200.7 11235.2 -1 1
-1692.22 -2036.2 -1472.5 3031.37 -1 2
-4940.13 -914.962 11785 12811.7 1 1
event 24
-4834.17 -4271.67 -5941.92 9301.28
14673.8 -8779.78 -18434.6 25334.4
-3372.23 -1789.38 -1718.61 4187.91 1 1
-1461.93 -2482.29 -4223.31 5113.37 -1 1
8395.67 -4811.81 -8174.36 12667.8 -1 2
6278.17 -3967.97 -10260.2 12666.6 1 2
event 25
5549.65 10194.3 -11200.2 16424.3
-9189.12 -1633.37 35544.8 36879.9
4085.46 4590.78 -6674.28 9073.22 1 1
1464.19 5603.55 -4525.93 7351.11 -1 1
-5119.28 640.176 17829.1 18560.8 -1 2
-4069.84 -2273.55 17715.7 18319.1 1 2
event 26
9789.9 99.3683 9949.98 14298.4
3988.89 -5514.33 -10518.8 12905.6
3176.08 -3434.8 -9170.14 10295 -1 2
3247.02 -1265.9 4373 5592.85 -1 1
6542.88 1365.27 5576.98 8705.57 1 1
812.814 -2079.54 -1348.68 2610.6 1 2
event 27
-13411.5 -2518.96 -67115.6 68558.8
-6709.75 -6220.88 12170 15537.7
-7480.16 -2077.66 -44593.1 45264 -1 1
-5931.33 -441.307 -22522.5 23294.9 1 1
-3940.01 -2942.64 4127.12 6420.83 -1 2
-2769.74 -3278.24 8042.87 9116.86 1 2
event 28
-3670.94 7373.59 -12270.6 15099.8
-8637.01 -3874.96 -23591.5 25607.9
-2670.63 -2701.93 -7557.69 8459.46 1 2
-691.698 2776.95 -6700.72 7287.02 -1 1
-5966.39 -1173.03 -16033.8 17148.4 -1 2
-2979.24 4596.63 -5569.86 7812.78 1 1
event 29
4276.51 6037.32 3528.97 8762.55
-8084.75 2806.79 32073.5 33339.8
-3517.64 -81.6076 9586.97 10212.8 1 2
127.146 2313.24 355.238 2346.19 -1 1
4149.36 3724.08 3173.73 6416.36 1 1
-4567.1 2888.4 22486.6 23127 -1 2
event 30
-3796.88 5925.25 31816 32731.9
16421.2 -3310.22 -31255.5 35596.5
13723.8 -1596.59 -24663.3 28269.8 1 2
-578.347 3233 17802.5 18103.2 -1 1
2697.39 -1713.63 -6592.22 7326.73 -1 2
-3218.53 2692.25 14013.5 14628.6 1 1
event 31
-3824.04 -8684.28 16552.1 19328.9
-4671.42 3056.71 10566.7 12345.5
-2706.13 2478.94 3838.64 5311.74 1 2
-261.175 -4004.47 5506.62 6814.54 -1 1
-1965.3 577.772 6728.06 7033.79 -1 2
-3562.87 -4679.81 11045.5 12514.3 1 1
event 32
6852.87 -4851.52 -5081.42 10291.3
2824.56 5844.16 7943.53 10715.5
4980.96 -1748.53 -2508.05 5845.4 1 1
1871.92 -3102.99 -2573.37 4445.9 -1 1
-415.663 2283.61 1997.16 3063.9 -1 2
3240.22 3560.55 5946.36 7651.6 1 2
event 33
5475.41 -4532.92 700.264 7785.13
-6601.99 5734.14 -9774.21 13475.7
-2377.86 3752.22 -6040.38 7498.72 1 2
2608.15 -1087.45 1545.38 3222.47 1 1
-4224.13 1981.91 -3733.83 5976.95 -1 2
2867.27 -3445.47 -845.113 4562.66 -1 1
event 34
3386.61 -9545.33 -2588.48 10902.9
7029.25 1348.3 1508.57 7943.17
2194.51 -5023.72 145.713 5485.08 1 1
1192.1 -4521.61 -2734.19 5417.85 -1 1
2301.31 1210.96 1860.12 3199.01 -1 2
4727.94 137.344 -351.55 4744.16 1 2
event 35
678.327 5866.19 -23654.1 24576
11571.3 -1661.26 33049.6 35192.6
3686.15 -1700.42 13950.9 14529.9 -1 2
-1204.81 2175.29 -10111 10412.8 1 1
7885.19 39.1629 19098.6 20662.7 1 2
1883.14 3690.89 -13543.1 14163.2 -1 1
event 36
2840.8 -8584.51 -3856.05 10306.5
-4217.85 5289.83 -32066.4 32918.3
1492.51 -5647 -3982.4 7070.14 -1 1
1348.29 -2937.51 126.351 3236.36 1 1
-127.912 2350.66 -8577.97 8895.77 -1 2
-4089.94 2939.17 -23488.4 24022.5 1 2
event 37
-10106.9 295.658 91.5508 10575.2
-6947.5 582.048 3966.85 8598.39
-4291.04 -918.247 1392.22 4604.96 -1 2
-2899.4 1431.59 464.57 3268.48 1 1
-7207.5 -1135.93 -373.019 7306.76 -1 1
-2656.46 1500.3 2574.62 3993.43 1 2
event 38
13053.8 -3619.11 4969.27 14757.5
1862.98 7989.75 6395.91 10853.8
2191.12 4781.92 5243.5 7427.87 -1 2
4130.99 313.049 1509.79 4410.64 1 1
8922.82 -3932.16 3459.49 10346.9 -1 1
-328.14 3207.84 1152.41 3425.94 1 2
event 39
-1103.42 -8556.88 29987.7 31357.5
7057.89 -4493.19 -1166.57 8997.45
3889.63 -3932.95 112.163 5533.63 1 2
771.5 -4292.96 11745.1 12529.3 1 1
3168.26 -560.24 -1278.74 3463.82 -1 2
-1874.92 -4263.92 18242.6 18828.2 -1 1
event 40
-7547.51 -3207.05 7077.74 11266.6
-1509.5 5193.5 20051.3 20997.5
-2409.22 3249.3 14210.4 14775.3 -1 2
-3220.98 -2207.48 1617.62 4227.94 -1 1
-4326.53 -999.571 5460.13 7038.62 1 1
899.717 1944.19 5840.85 6222.22 1 2
event 41
13587.7 1036.88 -14276.6 19977.8
-4945.88 -2041.65 -20228.9 21152.5
-3375.94 190.652 -9610.78 10188.8 1 2
4443.58 1089.64 -6636.37 8061.35 1 1
-1569.95 -2232.3 -10618.1 10963.7 -1 2
9144.16 -52.7657 -7640.21 11916.5 -1 1
event 42
5590.87 -1487.56 2167.07 6910.69
-1572.48 -15019.2 -29132.8 32960
3562.29 -2402.17 1077.92 4430.96 1 1
2028.58 914.619 1089.15 2479.74 -1 1
-2248.12 -8239.5 -14747 17041.9 1 2
675.649 -6779.7 -14385.8 15918 -1 2
event 43
-8033.94 6685.18 10958 15456.5
7295.23 1884.93 11136.4 13798
3956.24 -458.901 6475.47 7602.98 -1 2
-1705.36 3115.66 4509.28 5741.11 1 1
-6328.57 3569.52 6448.67 9715.39 -1 1
3338.99 2343.83 4660.96 6195 1 2
event 44
-10609.2 -6337.59 -2025.83 12900.2
8691.63 2416.83 3561.53 10181.4
-7983.02 -3604.91 -2420.68 9088.17 -1 1
-2626.14 -2732.69 394.858 3811.99 1 1
3536.45 1241.75 -96.8885 3750.86 -1 2
5155.18 1175.07 3658.42 6430.54 1 2
event 45
-12644.4 32636.3 -151344 155370
2934.27 -7905.75 2504.91 9326.13
-11447.6 27387.3 -131402 134713 1 1
-1196.86 5248.96 -19942.4 20656.6 -1 1
1582.7 -1819.62 -400.871 2447 -1 2
1351.57 -6086.13 2905.78 6879.13 1 2
event 46
4912.18 4533.56 -22089.6 23285.7
6509.64 12543.9 66009.6 67576.5
2988.33 2769.9 18067.3 18521.4 -1 2
2892 878.637 -11777.7 12159.8 -1 1
3521.31 9773.98 47942.3 49055.2 1 2
2020.18 3654.92 -10312 11126 1 1
event 47
-6167.38 -1193.18 -19371 20598.2
-1761.76 -13515.7 -11784.7 18391.3
-3969.75 -1829.87 -9394.7 10362.4 1 1
-2197.63 636.685 -9976.26 10235.8 -1 1
-2319.11 -6619.41 -4446.56 8305.29 1 2
557.346 -6896.3 -7338.11 10086.1 -1 2
event 48
-642.102 7458.68 12374.5 14790.7
7012.71 -5856.08 -4732.8 10745.4
4437.27 -3446.22 -1187.77 5743.49 1 2
-1836.24 3452.67 6309.87 7424.17 -1 1
2575.44 -2409.87 -3545.02 5001.87 -1 2
1194.14 4006.01 6064.66 7366.51 1 1
event 49
7630.82 -5864.69 14531.3 17702.5
4793.54 4106.3 -1091.69 7391.47
3369.23 -3888.02 9591.92 10885.1 1 1
4261.6 -1976.66 4939.37 6817.4 -1 1
2026.57 3996.23 -1121.49 4620.14 -1 2
2766.97 110.073 29.8051 2771.33 1 2
event 50
8773.36 -276.249 1941.08 9508.28
-9549.88 1551.57 -15439.7 18482
-4063.3 1924.05 -5336.79 6978.89 1 2
2542.51 1173.31 -65.3324 2802.94 1 1
6230.85 -1449.56 2006.41 6705.34 -1 1
-5486.58 -372.48 -10102.9 11503.1 -1 2
event 51
1711.96 8831.33 -3781.63 10237.9
-6289.39 -6964.18 -20791.8 23020.6
-1445.79 -3140.75 -5136.86 6192.99 1 2
127.916 3325.11 -2948.46 4447.17 -1 1
-4843.6 -3823.44 -15654.9 16827.6 -1 2
1584.04 5506.22 -833.172 5790.77 1 1
event 52
5768.74 1987.43 -5370.83 8698.56
8591.95 1871.75 129.201 9323.82
3610.4 392.797 -4681.43 5925.9 1 1
2158.33 1594.63 -689.393 2772.66 -1 1
4876.97 157.811 -1190.29 5023.72 -1 2
3714.98 1713.94 1319.49 4300.1 1 2
event 53
-6243.41 -10832.8 9727.19 16141.3
8317.24 11709.1 -2337.05 14877.3
1676.31 4763.39 -1269.42 5207.93 1 2
-2915.54 -2404.26 3441.99 5112.66 1 1
6640.94 6945.74 -1067.62 9669.35 -1 2
-3327.87 -8428.54 6285.2 11028.6 -1 1
event 54
-2233.42 -4557.31 -1557.5 6146.05
-14305.8 -20455.4 10649.1 27314.4
-2596.26 -1816.21 -992.249 3321.88 -1 1
362.839 -2741.09 -565.256 2824.17 1 1
-9959.96 -16182.7 7275.06 20347.5 1 2
-4345.86 -4272.68 3374.07 6966.91 -1 2
event 55
-5064.68 3578.57 -32152.8 32891.4
9025.64 2150.99 -7270.2 12187.5
-1800.61 2831.99 -11946.2 12409.1 1 1
-3264.07 746.577 -20206.5 20482.3 -1 1
4707.95 393.962 -1946.93 5110.94 -1 2
4317.69 1757.02 -5323.28 7076.58 1 2
event 56
-4861.42 -4465.29 20189.1 21465.3
-7852.89 1067.39 -12085.9 14780.6
-2594.7 1807.16 -5162.14 6054.52 -1 2
-489.165 -2404.75 6704.17 7139.97 1 1
-5258.19 -739.769 -6923.74 8726.11 1 2
-4372.26 -2060.54 13484.9 14325.4 -1 1
event 57
3309.18 -5433.48 -16803.5 18232.4
-702.405 10222 20855.2 23441.7
3311.65 -2952.2 -8851.66 9901.79 1 1
-2.47321 -2481.27 -7951.84 8330.65 -1 1
969.914 5267.23 8823.92 10322.7 -1 2
-1672.32 4954.77 12031.3 13119 1 2
event 58
-5696.15 -6525.72 1570.8 9332.14
8374.27 3620.46 2752.26 10020.1
2405.23 1913.14 2210.55 3787.2 -1 2
-1718.41 -2529.52 2033.25 3673.78 -1 1
5969.05 1707.32 541.71 6232.9 1 2
-3977.74 -3996.21 -462.446 5658.36 1 1
event 59
4182.58 6099.09 9930.64 12763.3
-9231.55 2499.93 12722.4 16214.8
2289.09 3542.17 7988.78 9034.31 -1 1
1893.49 2556.91 1941.86 3728.95 1 1
-4740.27 923.921 8831.05 10065.9 -1 2
-4491.29 1576.01 3891.34 6148.92 1 2
event 60
-477.163 -9837.23 48753 49834.2
-10503.8 -6060.59 693.823 12693.7
-5468.8 -1048.75 264.369 5575.72 -1 2
-1230.38 -1721.84 12281.8 12463.3 -1 1
753.219 -8115.39 36471.2 37370.9 1 1
-5035.04 -5011.84 429.453 7117.99 1 2
event 61
3018 7690.37 20413.5 22238.5
5617.59 3151.43 -5888.5 9260.36
4465.76 1232.36 -5085.68 6880.19 -1 2
108.159 3733.03 11046.7 11661.4 -1 1
2909.84 3957.34 9366.79 10577.1 1 1
1151.83 1919.07 -802.818 2380.18 1 2
event 62
12004.4 -3008.82 -3296.87 13176.5
3386.33 4858.49 29068.3 29826.7
1194.19 4230.56 18697 19207.1 1 2
5501.65 -1679.73 25.6314 5753.39 1 1
2192.14 627.935 10371.3 10619.6 -1 2
6502.8 -1329.09 -3322.5 7423.14 -1 1
event 63
-3628.9 5388.14 14004.1 15745
3130.02 7126.09 36772.1 37714.1
-3076.62 2260.14 9442.04 10185.1 1 1
-552.28 3127.99 4562.02 5559.91 -1 1
2796.45 3030.31 14969 15526.9 1 2
333.572 4095.78 21803.1 22187.2 -1 2
event 64
-4813.02 -2803.3 -1984.83 6674.8
-1847.27 15947.8 35573.9 39151.5
-3434.73 -672.321 -2184.25 4126.93 -1 1
-1378.29 -2130.98 199.428 2547.88 1 1
443.242 8995.54 20644.9 22524.2 -1 2
-2290.51 6952.24 14929 16627.3 1 2
event 65
4271.18 -7469.4 5249.91 10544.5
5950.02 2220.69 -3410.49 7845.76
4974.77 455.225 -1998.86 5381.65 1 2
744.723 -3974.5 1470.94 4304.19 -1 1
975.251 1765.47 -1411.63 2464.12 -1 2
3526.46 -3494.9 3778.97 6240.35 1 1
event 66
8903.44 -306.708 30412.3 31841.2
12531.3 4690.73 18337.6 22910.6
4747.9 -103.772 21303.8 21826.9 1 1
4155.54 -202.936 9108.53 10014.3 -1 1
7717.99 2849.65 8657.48 11943.7 -1 2
4813.3 1841.07 9680.1 10966.9 1 2
event 67
4328.01 3663.8 26750 27519.2
4411.43 12659.1 1457.62 13835.8
1270.23 3094.91 13524 13932 -1 1
3057.78 568.887 13226 13587.2 1 1
3608.78 7659.12 2116.85 8727.98 1 2
802.646 4999.93 -659.231 5107.77 -1 2
event 68
-4287.79 -4444.61 2090.81 7218.14
-3623.29 -8840.22 -41840.4 43028.9
-174.778 -4030.52 -19830.4 20236.8 1 2
-2105.98 -941.255 2052.36 3089.41 -1 1
-3448.52 -4809.7 -22010 22792.1 -1 2
-2181.82 -3503.35 38.4496 4128.73 1 1
event 69
-633.992 7171.63 -823.092 7880.52
10534.7 260.5 657.494 11003.3
3389.73 771.422 1504.27 3789.38 1 2
-1673.49 2255.99 -356.987 2833.49 1 1
7144.99 -510.922 -846.775 7213.88 -1 2
1039.5 4915.65 -466.105 5047.03 -1 1
event 70
5527.88 919.636 -21315 22255.9
-11012.3 -1568.35 46328.5 47745.7
2927.82 676.092 -5911.56 6632.26 -1 1
2600.06 243.544 -15403.5 15623.6 1 1
-5906.42 375.799 20073.6 20928.2 -1 2
-5105.87 -1944.15 26254.9 26817.5 1 2
event 71
4362.94 -9767.73 -11314.5 15876.2
2750.47 -5279.65 -6941.46 9654.78
3295.8 -5819.93 -4995.87 8348.88 -1 1
1067.14 -3947.8 -6318.62 7527.28 1 1
2172.95 -1024.33 -2750.33 3653.28 -1 2
577.522 -4255.32 -4191.13 6001.5 1 2
event 72
11559.5 3950.74 -18552.8 22428.3
4513.97 -7948.84 3735.29 10349.1
3515.63 -3764.34 3063.12 5993.65 1 2
5526.8 1332.42 -6060.81 8310.56 -1 1
998.339 -4184.49 672.169 4355.41 -1 2
6032.74 2618.33 -12492 14117.7 1 1
event 73
-4521.25 9079.91 9583.78 14294.3
-3331.12 -11732.2 14948.7 19539.6
-1671.16 6529.28 5517.02 8710.51 -1 1
-2850.09 2550.63 4066.76 5583.76 1 1
-2789.06 -8124.51 8246.56 11908.1 -1 2
-542.068 -3607.66 6702.19 7631.48 1 2
event 74
11713.7 3252.44 4954.6 13488.1
-5676.86 3595.85 -10612.2 12937
-3627.8 3889.79 -7391.02 9106.57 -1 2
4152.3 2117.79 3163.55 5634.35 1 1
7561.45 1134.64 1791.05 7853.79 -1 1
-2049.06 -293.947 -3221.19 3830.44 1 2
event 75
5144.38 -927.881 -17236 18275.6
6681.42 6586.48 -30216.5 31790.7
2866.15 -1946.87 -11686.7 12189.9 -1 1
2278.23 1018.99 -5549.32 6085.62 1 1
4940.84 2912.57 -19591.7 20414.2 1 2
1740.58 3673.91 -10624.8 11376.5 -1 2
event 76
8774.68 -4656.34 -40813.9 42119.4
-3615.32 7693.61 -8018.98 12089.5
-3970.19 5300.75 -5749.27 8770.72 -1 2
2281.47 -1974.24 -17888.5 18141.5 -1 1
6493.22 -2682.09 -22925.4 23977.9 1 1
354.87 2392.87 -2269.71 3318.81 1 2
event 77
-1382.41 -6375.18 9163.35 11666.7
5840.79 -8610.79 -10921.7 15399.2
2514.16 -3751.9 -2625.82 5225.31 1 2
-1501.47 -1346.48 1570.95 2558.61 1 1
3326.63 -4858.88 -8295.91 10173.9 -1 2
119.056 -5028.7 7592.4 9108.11 -1 1
event 78
3679.24 3022.06 -5792.85 8112.82
-8037.43 7096.3 -32506.8 34369.2
1569.92 2630.31 -4915 5792.37 -1 1
2109.32 391.743 -877.858 2320.45 1 1
-3853.98 5420.51 -19537.8 20639.1 -1 2
-4183.45 1675.79 -12969 13730.1 1 2
event 79
-982.581 12269.2 -15.4559 12692.1
-3157.79 5312.93 -4458 8225.78
-2914 1952.67 -2674.33 4412.2 1 2
-954.615 4044.13 1314.54 4359.52 -1 1
-243.794 3360.26 -1783.67 3813.59 -1 2
-27.9665 8225.05 -1330 8332.6 1 1
event 80
5850.6 5272.31 -505.058 8477.86
-2869.5 6536.61 -8126.5 11251.3
-3239.3 3701.69 -5206.33 7163.28 1 2
3096.15 1803.98 -1582.14 3918.52 -1 1
369.806 2834.92 -2920.17 4088.04 -1 2
2754.46 3468.33 1077.08 4559.34 1 1
event 81
-1540.43 6643.36 -13428.5 15376
9240.27 7026.5 35363.4 37348.5
3334.77 2167.05 16933.5 17394.6 1 2
-1472.39 1497.46 -5834.87 6202.2 1 1
5905.51 4859.45 18429.9 19954 -1 2
-68.0359 5145.9 -7593.62 9173.83 -1 1
event 82
3441.86 10026.1 2564.8 11337.5
-5646.89 2392.32 -18391.3 19632.6
2270.07 6929.32 3201.28 7964.18 -1 1
1171.79 3096.78 -636.485 3373.34 1 1
-2719.34 -409.921 -6153.65 6741.03 -1 2
-2927.55 2802.24 -12237.6 12891.6 1 2
event 83
-4839.15 -1451.68 -960.121 6003.1
-8503.51 -16992.5 -29290.4 35051
-3666.11 441.671 -672.419 3754.83 1 1
-1173.04 -1893.35 -287.702 2248.27 -1 1
-5763.95 -10168.7 -15397.8 19332.1 -1 2
-2739.56 -6823.79 -13892.6 15718.9 1 2
event 84
-4645.29 7350.8 -6697.47 11404.4
-8377.42 13327.8 6161.01 17186.1
-1264 4461.32 2326.99 5189.13 1 2
0.912546 2252.54 -1043.01 2484.54 -1 1
-7113.42 8866.5 3834.02 11996.9 -1 2
-4646.2 5098.27 -5654.46 8919.85 1 1
event 85
-116.549 6949.3 -2590.55 8037.95
-3351.41 -6123.63 -17364.7 19074.9
956.017 4116.72 -298.455 4238.11 -1 1
-1072.57 2832.58 -2292.09 3799.84 1 1
-1750.7 -4047.69 -6219.46 7625.06 -1 2
-1600.71 -2075.94 -11145.2 11449.8 1 2
event 86
-13682.6 2347.46 38986.2 41499.9
-2955.3 7936.66 -18869.4 20913.3
-8327.89 2923.47 23435.8 25042.9 1 1
-5354.74 -576.008 15550.4 16457 -1 1
-371.565 4665.09 -7963.62 9237.51 -1 2
-2583.73 3271.56 -10905.7 11675.8 1 2
event 87
-3336.53 -19936.1 48614.3 52740.1
-4313.27 -2668.16 2079.48 6295.91
-2920.15 -773.09 -186.309 3028.34 1 2
-949.201 -5622.49 17550.4 18453.7 1 1
-1393.11 -1895.07 2265.79 3267.57 -1 2
-2387.33 -14313.6 31063.9 34286.4 -1 1
event 88
2198.44 9087.97 18427.5 20894.7
-7505.41 -992.856 -10251.3 13114.7
-215.92 5488.72 9628.89 11086 1 1
2414.36 3599.25 8798.63 9808.71 -1 1
-2440.32 775.213 -1908.05 3194.99 -1 2
-5065.09 -1768.07 -8343.21 9919.76 1 2
event 89
-5814.59 -233.654 1557.11 6773.4
-9253.55 -1363.9 9200.4 13480.6
-3211.87 1340.24 350.405 3499.48 1 1
-2602.71 -1573.9 1206.71 3273.92 -1 1
-5253.68 -1212.67 3212.23 6277.05 -1 2
-3999.87 -151.234 5988.17 7203.55 1 2
event 90
311.149 -8469.32 10827.7 14094.6
-6921.62 -2626.36 -10060.5 12869
-2853.93 -2717.63 -4591.71 6051.89 -1 2
1602.4 -3004 4057.29 5297.59 -1 1
-1291.25 -5465.32 6770.41 8796.97 1 1
-4067.68 91.2681 -5468.8 6817.13 1 2
event 91
5087.59 6039.89 -16066.3 18168.1
-11554.3 -10539.6 16802.2 23162.2
-2551.97 -3916.44 6119.83 7701.59 1 2
429.514 2702.61 -4735.63 5470.46 1 1
-9002.29 -6623.18 10682.4 15460.7 -1 2
4658.08 3337.28 -11330.7 12697.7 -1 1
event 92
-8686.45 -6204.44 -12113.8 16440.4
126.302 -7749.59 11403.8 14131.9
-1130.72 -4127.46 7643.07 8760.26 1 2
-2999.96 -3943.52 -4745.13 6861.38 1 1
1257.03 -3622.13 3760.76 5371.63 -1 2
-5686.49 -2260.92 -7368.71 9578.98 -1 1
event 93
3683.31 4995.49 -12247.3 14075.2
-5715.76 -9320.9 -17806.2 21123.5
1553.77 2833.63 -3271.87 4599.99 1 1
2129.53 2161.86 -8975.47 9475.16 -1 1
-4040.69 -4735.85 -7722.56 9919.9 1 2
-1675.07 -4585.05 -10083.6 11203.6 -1 2
event 94
1060.66 -6071.46 21403.3 22487.3
605.978 -8894.1 13620.9 16570.8
-905.734 -3519.82 10153.8 10785.2 -1 1
1966.39 -2551.63 11249.5 11702.1 1 1
-162.819 -4840.76 9866.05 10991.3 -1 2
768.797 -4053.34 3754.84 5579.48 1 2
event 95
15498.3 12854.6 -1331.79 20415.8
-12352.4 -7916.85 -25607.7 29674.9
-10092.8 -6192.62 -22725.6 25625.8 -1 2
3984.56 4239.42 815.362 5875.83 1 1
11513.8 8615.17 -2147.15 14539.9 -1 1
-2259.55 -1724.24 -2882.05 4049.19 1 2
event 96
4386.26 7189.4 -12394.2 15301.4
12521.4 14559.9 -15094.2 24621.1
2821.29 4004.48 -2326.65 5424.01 -1 2
844.858 3100.87 -6784.51 7507.99 1 1
9700.13 10555.4 -12767.5 19197.1 1 2
3541.4 4088.53 -5609.65 7793.39 -1 1
event 97
-7272.02 -3255.71 29425.4 30641.9
5604.5 -4296.71 -11411.9 13772.9
-4451.59 -326.491 16318.7 16918.5 -1 1
-2820.44 -2929.22 13106.7 13723.4 1 1
1727.15 -2879.36 -3519.09 4865.07 -1 2
3877.35 -1417.35 -7892.81 8907.88 1 2
event 98
-5690.99 1095.62 4278.4 7841.16
-6438.42 6717.81 9381.91 13571.8
-3493.18 -444.612 1123.37 3697.72 -1 1
-2197.8 1540.23 3155.03 4143.44 1 1
-3183.33 4190.11 3259.72 6190.92 1 2
-3255.09 2527.71 6122.19 7380.87 -1 2
event 99
-9292.07 -5287.77 55651 56753.2
9542.8 -14255.2 -57575.9 60156.9
7532.92 -12390.3 -51240.6 53252.9 1 2
-5232.37 -1450.54 23408.3 24030 -1 1
2009.88 -1864.91 -6335.36 6904.01 -1 2
-4059.69 -3837.23 32242.7 32723.2 1 1
event 100
-9460.52 -368.856 51029.9 51993
9545.02 -7451.93 -42553.6 44351.3
2239.61 -3584.38 -14975.5 15560.8 1 2
-2213.19 -1372.67 11505.9 11797.4 -1 1
7305.4 -3867.55 -27578.1 28790.5 -1 2
-7247.33 1003.82 39524 40195.6 1 1
event 101
-4704.44 -3910.47 3337.79 7883.66
6444.33 -3162.58 -11977.2 14303
3060.3 -818.763 -7882.14 8495.59 -1 2
-273.654 -2333.16 1702.71 2903.25 -1 1
-4430.78 -1577.31 1635.08 4980.4 1 1
3384.03 -2343.82 -4095.08 5807.41 1 2
event 102
-4029.79 -3338.21 -4447.13 7533.23
-1196.72 -12756.6 -22212.6 25829.4
-1178.63 -2841.01 -1586.29 3462.37 1 1
-2851.16 -497.203 -2860.84 4070.86 -1 1
22.9471 -8733.94 -12538.9 15281.2 1 2
-1219.67 -4022.68 -9673.79 10548.1 -1 2
event 103
-14987.9 -305.603 -39189.9 42073.3
-5472.69 -3707.46 3611.66 8144.36
-2885.84 -2139.82 3643 5117.57 1 2
-4131.34 952.785 -13632.5 14277 1 1
-2586.85 -1567.64 -31.3464 3026.79 -1 2
-10856.5 -1258.39 -25557.3 27796.4 -1 1
event 104
-8150.66 7064.48 -31041 33007.2
3906.13 3050.88 -15101.3 16192.8
-5654.85 2893.12 -17007.1 18154.9 -1 1
-2495.81 4171.36 -14033.9 14852.3 1 1
2984.9 836.717 -5693.96 6483.99 -1 2
921.224 2214.16 -9407.37 9708.8 1 2
event 105
-3744.3 -5165.22 6282.89 9474.43
6845.01 3776.47 -8916.89 12256.4
2983.29 1171.65 -5871.16 6689.88 1 2
-134.07 -2719.52 2585.52 3756.31 -1 1
3861.72 2604.82 -3045.73 5566.47 -1 2
-3610.23 -2445.7 3697.37 5718.12 1 1
event 106
-7210.44 -2392.98 17863.2 19657.1
4021.3 3371.74 31234.7 31823.5
3824.61 1368.84 21891.2 22265.1 -1 2
-2936.55 -2598.6 8719.67 9561.38 1 1
-4273.89 205.623 9143.57 10095.8 -1 1
196.691 2002.9 9343.56 9558.43 1 2
event 107
-7368.27 5195.01 -26561.7 28220.5
1683.11 -8553.17 12568.2 15605.8
1252.8 -3122.11 7242.39 7986.27 1 2
-2960.79 1004.07 -5848.26 6632.33 -1 1
-4407.48 4190.94 -20713.5 21588.1 1 1
430.319 -5431.05 5325.84 7619.53 -1 2
event 108
-6609.35 -11299.9 -43412.7 45449.2
767.206 -4746.24 24070.7 24740.8
-2231.37 -6552.03 -24774.4 25723.3 1 1
-4377.98 -4747.88 -18638.4 19725.9 -1 1
-892.515 -3556.39 14910.9 15355.5 -1 2
1659.72 -1189.86 9159.75 9385.23 1 2
event 109
-10849.9 1234.96 -47887.4 49214.2
-5196.17 1136.74 -22778 23594.9
-5571.5 68.8602 -30521.9 31026.5 -1 1
-5278.37 1166.1 -17365.5 18187.7 1 1
-3461.44 -578.299 -10348.9 10928.3 -1 2
-1734.73 1715.04 -12429 12666.6 1 2
event 110
-779.069 12374.2 3897.72 13360.8
-4981.98 -5488.24 356.561 8041.17
-622.722 6590.64 475.378 6637.88 -1 1
-156.348 5783.54 3422.34 6722.9 1 1
-2149.69 -4093.86 1187.2 4775.09 -1 2
-2832.29 -1394.38 -830.64 3266.08 1 2
event 111
-5808.43 428.169 -12402.7 14047.9
-12888.9 -14588.2 -21059 28844.6
-3492.26 -1269.87 -7273.1 8168.08 -1 1
-2316.17 1698.03 -5129.62 5879.81 1 1
-10873.2 -10876.7 -17690.3 23441.2 1 2
-2015.62 -3711.45 -3368.72 5403.43 -1 2
event 112
-4162.72 4421.34 3940.7 7873.78
10084.7 -6638.25 33233.4 35493.9
-2435.28 2416.15 404.988 3455.94 -1 1
-1727.44 2005.19 3535.71 4417.83 1 1
5911.49 -4225.04 24017.5 25092.8 -1 2
4173.19 -2413.21 9215.94 10401.1 1 2
event 113
2101.21 -7445.58 11776.4 14426.6
4298.81 -4143.07 11601.6 13410.2
2130.89 -3639.04 4230.58 5974.3 -1 1
-29.6792 -3806.54 7545.78 8452.25 1 1
2182.72 -4035.36 8343.36 9522.14 -1 2
2116.1 -107.708 3258.28 3888.06 1 2
event 114
2725.99 6732.63 624.032 7920.81
-7664.72 2774.07 -23765.9 25315.1
-2839.31 2611.37 -9497.73 10251.8 -1 2
1841.72 2788.66 1679.97 3741.93 -1 1
-4825.41 162.705 -14268.2 15063.3 1 2
884.267 3943.97 -1055.94 4178.88 1 1
event 115
-2706.89 -8522.67 -43336.5 44357.7
-8683.27 507 6978.8 11573.7
-4354.4 -805.98 2044.04 4878.49 -1 2
329.077 -3977.79 -17667.5 18113 1 1
-3035.97 -4544.88 -25669 26244.7 -1 1
-4328.87 1312.98 4934.76 6695.23 1 2
event 116
4051.24 -4569.67 29288.7 30078.4
-4444.83 -10607 4274.57 12654.2
1439.98 -3534.48 20455.8 20809.1 -1 1
2611.26 -1035.19 8832.86 9269.35 1 1
-1383.93 -6909.15 3169.61 7727.17 1 2
-3060.9 -3697.84 1104.96 4926.99 -1 2
event 117
-3787.85 6410.67 -1509.12 8204.44
4664.44 -5279.97 25084.8 26238.7
-2018.69 3646.34 -2388.69 4804.99 -1 1
-1769.15 2764.33 879.577 3399.45 1 1
1733.79 -2397.68 5704.62 6427.19 -1 2
2930.65 -2882.29 19380.1 19811.6 1 2
event 118
-2659.37 -5256.41 19142.9 20266.7
-6697.05 2151.78 27500 28553.8
-3637.99 -450.116 12868.5 13380.8 1 2
231.773 -2063.33 3814.53 4344.29 -1 1
-2891.14 -3193.08 15328.4 15922.4 1 1
-3059.07 2601.89 14631.5 15173 -1 2
event 119
9651.11 21829.4 -32406.3 40366.1
-17844.9 2184.08 -11345.7 21483.1
-9117.49 -386.245 -6157.5 11009.3 1 2
3195 10991.4 -14994.3 18864.2 1 1
-8727.36 2570.33 -5188.2 10473.9 -1 2
6456.11 10838 -17412 21501.9 -1 1
event 120
4877.63 4767.18 9928.23 12437
16710.5 -21291.1 26601.4 38075.9
2273.2 3672.63 4085.75 5946.44 -1 1
2604.42 1094.55 5842.49 6490.52 1 1
11288.4 -16393.8 18645.4 27273.5 1 2
5422.06 -4897.31 7956.01 10802.4 -1 2
event 121
5011.66 -6102.31 6206.81 10510.5
-5655.35 -4653.38 -46392.2 47068.7
2064.34 -3867.41 1759.28 4724.89 1 1
2947.32 -2234.9 4447.53 5785.6 -1 1
-4329.36 -1596.99 -26345.8 26747.1 -1 2
-1325.99 -3056.39 -20046.4 20321.7 1 2
event 122
7339.85 -1401.73 -19804.2 21392.4
4924.5 12465.1 48345.2 50303.8
3049.11 3217.56 17026.7 17594.6 -1 2
2565.76 432.713 -10004.7 10338.1 -1 1
1875.39 9247.57 31318.5 32709.2 1 2
4774.1 -1834.44 -9799.46 11054.3 1 1
event 123
-3095.12 -6018.51 -20483.7 21793.9
10447.2 9081.53 18145.8 23032.2
-1506.49 -3724.88 -16119.1 16612.6 1 1
-1588.63 -2293.63 -4364.57 5181.23 -1 1
7209.25 6326.09 14727.9 17575.9 -1 2
3237.95 2755.45 3417.98 5456.25 1 2
event 124
8161.93 -2669.49 -3880.86 9919.43
-2124.13 -8263.34 1152.03 9364.72
-2074.02 -3607.89 2020.84 4627.46 1 2
2934.18 -1769.62 -2970.78 4536.26 1 1
5227.75 -899.865 -910.078 5383.17 -1 1
-50.1135 -4655.44 -868.805 4737.26 -1 2
event 125
-5857.54 -56.1131 -1732.65 6848.87
-2690.29 11376.5 59943.3 61151.1
-4122.99 1306.22 -1677.42 4640.06 -1 1
-1734.55 -1362.33 -55.2246 2208.8 1 1
-623.393 7370.71 42220.9 42864.1 1 2
-2066.9 4005.77 17722.4 18287 -1 2
event 126
-5748.62 -164.339 3849.06 7581.53
-1793.76 -12017.7 -58380.1 59711.6
-4017.92 1197.94 3222.8 5289.26 -1 1
-1730.7 -1362.28 626.256 2292.27 1 1
255.309 -7481.82 -38169 38896.3 1 2
-2049.06 -4535.88 -20211.1 20815.2 -1 2
event 127
4828.79 -5269.71 23801.8 25044
-10570.3 271.397 -42201.8 43616.4
-7595.88 1497.75 -27719.1 28780.2 1 2
1703.09 -2730.93 6191.27 6978.65 1 1
-2974.39 -1226.35 -14482.8 14836.2 -1 2
3125.7 -2538.78 17610.6 18065.4 -1 1
event 128
3440.64 6936.96 -20619 22241.8
-3493.01 11189.1 18954.6 22500.4
2572.91 4232.58 -16569.8 17294.7 -1 1
867.728 2704.38 -4049.19 4947.1 1 1
-1418.55 6137.59 7392.11 9712.71 1 2
-2074.46 5051.54 11562.5 12787.7 -1 2
event 129
-7427.89 -7479.34 -40856.5 42307.9
3679.54 3507.22 -1562.95 6154.15
3081.39 1381.15 -1962.73 3907.18 1 2
-3851.63 -2119.53 -13308.6 14016.3 1 1
598.147 2126.06 399.784 2246.98 -1 2
-3576.26 -5359.81 -27547.9 28291.6 -1 1
event 130
1564.91 8970.7 5961.07 11315.6
1026.3 -8169.98 10752.5 13892.7
1598.77 -3816.8 6920.91 8064.38 1 2
1722.55 2698.44 1131.24 3397 -1 1
-157.64 6272.25 4829.83 7918.62 1 1
-572.469 -4353.18 3831.54 5828.36 -1 2
event 131
-8336.28 -3102.47 6936.07 11697
3156.4 -4030.67 4210.27 7316.19
-4401.4 -1623.46 5553.54 7270.55 1 1
-3934.88 -1479.01 1382.53 4426.43 -1 1
739.128 -3390.7 2639.29 4361.21 -1 2
2417.27 -639.974 1570.97 2954.97 1 2
event 132
-7031.78 5915.87 -1853.05 9872.61
4318.92 7603.9 -3047.06 9764.64
-5106.54 2345.85 -1381.48 5787.87 -1 1
-1925.24 3570.02 -471.577 4084.74 1 1
2907.14 6012.05 -3567.11 7571.76 -1 2
1411.78 1591.85 520.048 2192.88 1 2
event 133
-7020.65 4961.91 7225.12 11649.2
4326.48 -5949.65 1299.45 8086.79
2518.86 -2210.73 -777.784 3442.1 1 2
-621.735 1906.97 2051.21 2870.83 -1 1
-6398.91 3054.94 5173.92 8778.35 1 1
1807.63 -3738.92 2077.23 4644.69 -1 2
event 134
-3469.74 -8044.41 -25783.1 27406.4
5830.94 -1670.66 -29417.3 30195.4
-3252.54 -4628.58 -13111.3 14280.1 1 1
-217.2 -3415.83 -12671.8 13126.3 -1 1
1818.64 -2047.78 -13507.1 13782.4 -1 2
4012.31 377.12 -15910.2 16413 1 2
event 135
-5245.44 5123.18 6809.15 10474.7
3263.57 -7072.92 -17029.8 18981.1
298.378 -3857.69 -9716.14 10458.7 -1 2
-1102.28 1722.52 3825.82 4339.37 1 1
-4143.16 3400.67 2983.33 6135.29 -1 1
2965.2 -3215.24 -7313.63 8522.35 1 2
event 136
7376.24 1084.04 11587.7 14122.7
6899.6 -10174.6 -29714.4 32305.8
4013.75 2122.73 6167.88 7659.64 1 1
3362.48 -1038.69 5419.82 6463.03 -1 1
4429.97 -7724.61 -17954.5 20041.7 -1 2
2469.63 -2449.97 -11759.9 12264.1 1 2
event 137
7249.35 2887.27 8914.11 12245.1
7211.8 -6230.48 8011.63 12829.9
3825.39 -5042.32 5961.79 8695.56 1 2
4099.6 236.054 3228.78 5224.81 -1 1
3386.41 -1188.16 2049.84 4134.3 -1 2
3149.75 2651.22 5685.33 7020.26 1 1
event 138
-8335.43 -495.789 -355.723 8913.07
1590.27 9685.16 4793.22 11353.3
-499.735 3959.34 816.903 4074.87 -1 2
-3570.14 -656.724 1311.1 3861 1 1
2090 5725.82 3976.32 7278.42 1 2
-4765.29 160.935 -1666.82 5052.07 -1 1
event 139
-881.038 -5726.64 -26096.3 26910.6
-6752.56 -7148.62 -29260.7 31023.9
-1284.9 -3490.95 -21036.6 21363.2 -1 1
403.867 -2235.68 -5059.73 5547.38 1 1
-4520.72 -2565.5 -14025.3 14957.9 1 2
-2231.84 -4583.11 -15235.5 16066 -1 2
event 140
6536.4 7423.23 -482.436 10375.6
-6198.08 6107.83 11508.8 14756.9
2308.1 4803.97 301.566 5339.24 -1 1
4228.3 2619.27 -784.002 5036.36 1 1
-4004.01 5736.42 8394.52 10927.8 -1 2
-2194.06 371.408 3114.31 3829.09 1 2
event 141
1272.4 4632.52 -2910.12 6413.89
-341.532 8032.97 -7683.08 11544.1
1904.11 2372.36 -567.451 3096.27 1 1
-631.709 2260.16 -2342.67 3317.63 -1 1
325.257 4072.67 -5829.98 7119.84 -1 2
-666.789 3960.31 -1853.1 4424.23 1 2
event 142
4338.48 -2692.13 12834.5 14155.7
16252.3 -11476.4 4886.61 20816.1
1786.36 -2552.7 4797.15 5721.12 1 1
2552.11 -139.425 8037.31 8434.59 -1 1
10844.8 -9643.98 3198.11 14861.2 1 2
5407.52 -1832.4 1688.5 5954.93 -1 2
event 143
206.149 -5903.23 -3250.65 7419.58
401.892 -11934.2 39886.9 41751
1480.09 -3244.44 -2555.99 4388.77 -1 1
-1273.94 -2658.79 -694.665 3030.81 1 1
-306.626 -7113.34 28271.7 29154.6 -1 2
708.518 -4820.91 11615.3 12596.4 1 2
event 144
-3444.38 6763.24 -32553.6 33569.8
7761.65 -7233.44 12772.1 16890.4
2003.1 -2365.09 1829.02 3600.35 1 2
-2485.86 1634.73 -12161.4 12520.5 1 1
5758.55 -4868.35 10943.1 13290 -1 2
-958.518 5128.5 -20392.2 21049.3 -1 1
event 145
-8090.33 1175.45 8766.69 12380.7
-1699.85 11042.8 -21643.6 24553.4
-1926.04 4148.27 -6946.96 8318.01 -1 2
-2991.66 1962.24 3437.91 4962.94 -1 1
226.194 6894.49 -14696.6 16235.3 1 2
-5098.66 -786.786 5328.79 7417.72 1 1
event 146
2395.9 -8165.12 -7272.61 11614.3
842.09 -7103.01 39218.8 39985.9
-668.397 -4791.41 28954.9 29356.5 -1 2
964.009 -3076.49 -930.424 3357.23 -1 1
1431.89 -5088.63 -6342.19 8257.06 1 1
1510.49 -2311.6 10263.9 10629.4 1 2
event 147
-9539.76 -3630.38 36046.2 37591.3
-7757.01 -4021.46 203.863 9272.31
-5783.9 -1445.27 -374.783 5974.44 -1 2
-3624.38 -54.7778 9780.49 10431.1 1 1
-5915.38 -3575.6 26265.7 27160.2 -1 1
-1973.11 -2576.19 578.646 3297.86 1 2
event 148
-7328.82 -1202.31 1538.12 8192.32
14686.2 -6997.51 -12924.6 21006.8
12462.7 -5406.48 -9292.19 16459.2 1 2
-3723.07 738.648 -53.9419 3797.49 1 1
2223.47 -1591.03 -3632.38 4547.59 -1 2
-3605.75 -1940.95 1592.06 4394.83 -1 1
event 149
-119.297 -7341.06 3586.69 8738.53
5540.71 5442.18 18232.9 20058.5
3539.85 1806.95 6573.05 7681.91 1 2
1263.41 -2886.64 2289.06 3896.13 -1 1
-1382.71 -4454.43 1297.63 4842.4 1 1
2000.86 3635.23 11659.8 12376.6 -1 2
event 150
-2423.84 6097.56 6704.66 9879.21
6700.26 -7977.65 5390.63 12132
2670.3 -2004.51 3134.22 4580.73 -1 2
-1676.59 1105.38 3021.98 3629.93 1 1
4029.96 -5973.14 2256.41 7551.26 1 2
-747.247 4992.18 3682.68 6249.28 -1 1
event 151
-6586.94 -6212.41 -2371.53 9858.85
5010.82 8215.75 9298.12 13735.1
1230.49 4297.18 2882.35 5319.68 -1 2
-1204.9 -3131.88 -1047.02 3516.8 1 1
-5382.04 -3080.53 -1324.51 6342.04 -1 1
3780.33 3918.57 6415.78 8415.43 1 2
event 152
3652.1 -5763.76 9617.37 12192
-3977.9 7412.44 8732.53 12673.3
-2000.68 3313.73 6587.37 7641.21 1 2
935.976 -2386.98 1454.97 2949.89 -1 1
-1977.22 4098.71 2145.15 5032.07 -1 2
2716.12 -3376.78 8162.4 9242.07 1 1
event 153
-5812.29 -10660.1 -20624.2 24132.3
5227.07 3336.3 4849.11 8459.3
1853.11 2935.94 2999.88 4589.58 1 2
-2468.8 -5414.65 -7236.63 9369.81 -1 1
3373.97 400.36 1849.22 3869.72 -1 2
-3343.49 -5245.49 -13387.5 14762.5 1 1
event 154
1354.07 6888.53 -5103.12 9215.1
7160.19 5911 -239.856 9790.62
2914.17 845.994 694.549 3114.75 1 2
1813.46 2371.95 -2915.78 4174.66 -1 1
4246.02 5065.01 -934.405 6675.87 -1 2
-459.394 4516.57 -2187.34 5040.45 1 1
event 155
-18621.2 5248.3 -70951.3 73606.9
-7130.97 -4828.3 37959.7 39047.3
-10345.1 1363.92 -39243.5 40607.2 1 1
-8276.1 3884.38 -31707.8 32999.7 -1 1
-3603.43 -4017.18 25864.1 26421.3 -1 2
-3527.54 -811.117 12095.6 12626 1 2
event 156
919.795 -8985.74 -12872.4 16027.5
-4755.11 7487.11 -12883.4 15944.9
-811.618 -5521.93 -6479.93 8552.84 -1 1
1731.41 -3463.8 -6392.45 7474.64 1 1
-3301.16 5740.96 -6998.41 9635.62 -1 2
-1453.95 1746.15 -5885.01 6309.32 1 2
event 157
-5592.19 -12155.8 -6105.65 15030.2
-6175.34 -2647.77 6504.81 9851.28
-4893.89 -666.741 5113.94 7110.43 -1 2
-1746.53 -3007.87 -207.866 3485.98 1 1
-3845.66 -9147.92 -5897.78 11544.2 -1 1
-1281.45 -1981.02 1390.87 2740.85 1 2
event 158
-11072.3 -13163.8 3114.63 17753.1
-1619.43 -6893.04 560.814 7748.98
-6089.59 -7919.13 3283.65 10516.1 -1 1
-4982.7 -5244.64 -169.021 7236.94 1 1
-1689.84 -4012.77 1663.52 4662.23 -1 2
70.408 -2880.27 -1102.71 3086.76 1 2
event 159
-8675.38 1322.85 -6648.12 11610.3
-7458.32 -11455 7947 16111.8
-4882.68 1923.72 -2091.37 5650.33 -1 1
-3792.7 -600.87 -4556.74 5959.92 1 1
-6447.1 -7952.39 6791.87 12286 -1 2
-1011.22 -3502.6 1155.13 3825.74 1 2
event 160
576.878 -4569.04 22425 23101.5
-2329.81 -10557.9 -1553.31 11353.5
-1085.17 -3208.23 13011.3 13445.2 1 1
1662.05 -1360.81 9413.75 9656.3 -1 1
-1923.91 -6353.91 -2370.87 7050.24 -1 2
-405.899 -4204 817.566 4303.25 1 2
event 161
3554.14 6434.53 926.444 8030.23
-4878.31 9918.9 -1165.07 11538.3
3154.41 2645.86 915.611 4219.05 1 1
399.738 3788.67 10.8335 3811.18 -1 1
-2882.9 7778.46 -1917.58 8514.92 -1 2
-1995.41 2140.44 752.51 3023.34 1 2
event 162
6427.09 -1032.58 460.562 7223.31
8175.28 3049.94 20577.1 22564.2
3076.01 -222.637 8689.02 9220.71 -1 2
2319.6 513.607 1363.49 2741.28 1 1
5099.27 3272.58 11888.1 13343.5 1 2
4107.49 -1546.19 -902.924 4482.03 -1 1
event 163
5994.88 -2655.26 22673.4 23804.7
-8098.94 5854.54 58694.2 59619.3
-1981.75 3260.2 21544.2 21879.7 1 2
2151.61 511.573 8409.78 8696.36 1 1
-6117.19 2594.33 37150 37739.6 -1 2
3843.27 -3166.83 14263.6 15108.3 -1 1
event 164
-11147.8 -2740.68 -12158.4 17005.9
6143.02 -1345.89 -1599.01 7189.92
4049.93 -2268.59 -565.273 4677.51 -1 2
-3043.06 444.656 -4213.77 5217.75 1 1
-8104.69 -3185.34 -7944.65 11788.2 -1 1
2093.09 922.696 -1033.73 2512.4 1 2
event 165
1709.35 5266.31 -3510.76 7250.7
-12402.5 2247.1 20660.7 24399.3
269.765 3440.5 -568.508 3499.17 -1 1
1439.59 1825.81 -2942.25 3751.53 1 1
-7708.6 2602.39 14717.7 16817.2 1 2
-4693.87 -355.29 5943.03 7582.18 -1 2
event 166
-4327.32 6042.74 1550.86 8199.81
10862.2 -1198.04 29898.3 31983.2
-3499.4 2234.83 809.494 4231.63 1 1
-827.916 3807.92 741.362 3968.18 -1 1
5889.46 -1411.23 12559.6 13943.9 -1 2
4972.79 213.19 17338.7 18039.3 1 2
event 167
-1821.9 -8339.3 25072.6 26666.2
4803.11 -2684.07 -14996.4 16271.3
3990.37 -569.89 -9065.97 9922.23 -1 2
-1553.09 -3500.41 7296.42 8240.99 1 1
-268.813 -4838.89 17776.2 18425.3 -1 1
812.747 -2114.18 -5930.4 6349.1 1 2
event 168
-4144.76 3144.31 -10075.9 11755
-447.633 -13899.9 -3224.09 14607.9
-2895.6 1288.97 -3124.73 4452.08 -1 1
-1249.16 1855.34 -6951.19 7302.94 1 1
-1675.69 -8390.84 -1370.73 8666.26 1 2
1228.06 -5509.03 -1853.36 5941.68 -1 2
event 169
6339.76 -1976.28 2319.74 7685.88
-3051.5 -10688.1 2594.41 11826.6
-1555.68 -8674.44 1042.18 8874.87 1 2
2198.79 -2285.38 961.127 3315.51 -1 1
-1495.82 -2013.69 1552.23 2951.78 -1 2
4140.97 309.106 1358.61 4370.38 1 1
event 170
5747.32 -2671.77 14349.4 15989.5
-7432.11 -22409.5 16137.3 28765
2991.06 -1517.92 4022.49 5238.52 1 1
2756.25 -1153.86 10326.9 10751 -1 1
-5726.63 -12439.7 9101.53 16443.5 -1 2
-1705.48 -9969.76 7035.81 12321.5 1 2
event 171
744.718 -5425.65 -2048.15 6616.53
-8061.47 858.236 16509.9 18651.8
1496.05 -3122.01 -33.7557 3463.73 1 1
-751.333 -2303.64 -2014.39 3152.81 -1 1
-4100.91 -148.079 5194.3 6620.52 -1 2
-3960.56 1006.31 11315.5 12031.3 1 2
event 172
6446.89 7311.94 -5093.86 11426.5
4778.74 -6360.53 -6341.97 10635
3483.92 5647.19 -4382.23 7952.58 1 1
2962.96 1664.75 -711.629 3473.92 -1 1
1305.54 -1910.72 -251.345 2330.15 -1 2
3473.2 -4449.81 -6090.62 8304.86 1 2
event 173
450.17 9666.77 29120.7 30842.4
-4364.4 4172.82 -8261.33 10691.2
-1767.22 3577.05 -5936.19 7153.17 1 2
1600.95 3937.34 10582.7 11404.8 1 1
-2597.19 595.779 -2325.14 3538.05 -1 2
-1150.78 5729.43 18538 19437.6 -1 1
event 174
748.418 -9941.96 -6031.65 12057.2
6916.83 3543.17 15469.8 17586.9
3066.78 189.501 7677.87 8270.55 -1 2
-390.135 -2526.95 -3056.04 3986.01 1 1
1138.55 -7415.01 -2975.61 8071.19 -1 1
3850.05 3353.67 7791.93 9316.4 1 2
event 175
-3341.52 8446.98 3980.34 10390
17656 -209.688 18294.9 25613.9
-1199.79 6757.65 2723.87 7384.85 1 1
-2141.72 1689.33 1256.46 3005.11 -1 1
10736.9 1002.09 12484.2 16497 1 2
6919.1 -1211.77 5810.63 9116.85 -1 2
event 176
4394.95 3272.74 -3660.31 7281.04
-8884.22 13465.1 -61147.6 63315.5
1942.06 2649.23 -655.99 3351.35 1 1
2452.89 623.503 -3004.32 3929.7 -1 1
-5342.59 9965.6 -46039.4 47407.7 -1 2
-3541.63 3499.52 -15108.2 15907.8 1 2
event 177
9220.4 956.994 -17557.1 20094.1
5583.14 -813.521 16724.1 17919.8
3603.04 -1244.63 6855.43 7844.68 1 2
3987.6 -804.317 -5589.33 6913.73 1 1
1980.1 431.105 9868.64 10075.1 -1 2
5232.8 1761.31 -11967.7 13180.4 -1 1
event 178
14876.9 7558.13 31564.2 35837.6
-8440.93 5174.46 -35718.1 37194
9770.84 6430.08 22974.6 25781 1 1
5106.02 1128.05 8589.56 10056.6 -1 1
-2483.18 1943.32 -6862.8 7553.26 -1 2
-5957.75 3231.13 -28855.3 29640.7 1 2
event 179
-8820.7 -3849.89 4182.93 10941.4
-5705.86 5961.41 -31861.5 33058.1
-1561.84 3620.25 -11892.7 12529.7 -1 2
-2759.05 177.339 609.046 2833 1 1
-6061.65 -4027.23 3573.88 8108.39 -1 1
-4144.02 2341.16 -19968.7 20528.4 1 2
event 180
16428 -11651 -6791.88 21478.9
-4453.86 -1747.03 -11075.7 12455.9
11922 -9997.59 -4821.09 16289.2 -1 1
4505.98 -1653.4 -1970.8 5189.68 1 1
-3064.04 59.0268 -8385.92 8928.98 -1 2
-1389.82 -1806.06 -2689.73 3526.93 1 2
event 181
-9685.31 510.646 3753.39 10851
8545.5 -11223.6 12090.3 18835.1
8059.28 -8873.35 10643.6 16030.8 1 2
-3791.85 1656.58 1079.21 4277.64 1 1
486.226 -2350.29 1446.69 2804.34 -1 2
-5893.46 -1145.93 2674.18 6573.31 -1 1
event 182
3777.42 8353.9 4265.28 10575.5
8118.08 2908.09 39469.7 40519.3
3976.18 -176.544 16018.1 16505.5 -1 2
148.72 3930.29 1404.3 4177.63 -1 1
3628.7 4423.61 2860.98 6397.83 1 1
4141.9 3084.63 23451.6 24013.8 1 2
event 183
1498.18 6564.66 10387.6 12760.6
13879.5 11499.4 -18784 26216.5
2356.9 3786.93 6927.51 8239.98 1 1
-858.719 2777.73 3460.05 4520.65 -1 1
6111.77 7069.31 -9625.62 13416.1 1 2
7767.71 4430.11 -9158.37 12800.4 -1 2
event 184
-9312.09 7788.46 37864 39882.9
-629.322 19772.3 29303 35490.8
68.4649 6655.67 7423.5 9971.06 -1 2
-1976.38 2960.61 8055.93 8807.97 1 1
-697.786 13116.6 21879.5 25519.7 1 2
-7335.71 4827.86 29808.1 31075 -1 1
event 185
-4727.02 9098.36 4595.2 11654.7
-14275.3 -6762.48 49735.8 52275.8
-2956.91 4487.95 820.264 5437.74 1 1
-1770.11 4610.41 3774.94 6216.95 -1 1
-10116.2 -3195.27 33522.1 35160.9 -1 2
-4159.06 -3567.2 16213.7 17114.8 1 2
event 186
-219.176 7223.66 -17897.7 19548.6
-6206.61 15178.8 6411.61 17877.9
236.17 4751.27 -7754.77 9098.24 -1 1
-455.345 2472.39 -10142.9 10450.4 1 1
-2794.22 10093.1 4931.43 11576.2 -1 2
-3412.4 5085.75 1480.18 6301.7 1 2
event 187
10930.3 -2033.71 -38693.9 40378.4
-1263.06 -4802.69 28.8525 5852.57
671.105 -3381.84 -30.6842 3449.54 1 2
4966.56 -2488.49 -18169.5 19000 1 1
-1934.17 -1420.84 59.5367 2403.02 -1 2
5963.72 454.773 -20524.4 21378.4 -1 1
event 188
-2157.24 9894.16 -25744.3 27837.2
4532.25 -4454.23 5153.18 8748.03
2356.79 -3763.15 2043.43 4889.02 1 2
125.757 5054.98 -9964.87 11174.9 -1 1
2175.46 -691.073 3109.76 3859.01 -1 2
-2282.99 4839.18 -15779.4 16662.3 1 1
event 189
8267.5 -2519.69 -6336.95 11155.6
-5043.9 6665.33 -26887.5 28326.6
-4822.58 4206.85 -20586.4 21558.4 1 2
3216.42 -2471.79 -3515 5368.57 -1 1
-221.317 2458.48 -6301.06 6768.13 -1 2
5051.08 -47.9076 -2821.95 5787.08 1 1
event 190
4358.67 6232.36 -32266.6 33295.1
5455.59 -11086.9 19157.5 23006.2
1843.99 5093.95 -19968.8 20690.9 1 1
2514.68 1138.41 -12297.8 12604.2 -1 1
1573.45 -6470.55 11025 12880.5 1 2
3882.13 -4616.37 8132.45 10125.7 -1 2
event 191
-6885.08 -5448.36 29791 31211.9
-4061.28 -3557.93 6481.78 8986.5
-3908.13 -1553.04 4227.63 5964.02 -1 2
-2225.63 -3491.17 15871.4 16402.9 1 1
-4659.45 -1957.19 13919.6 14809 -1 1
-153.151 -2004.89 2254.15 3022.48 1 2
event 192
6060.65 6724.63 9001.29 13136.4
-3227 5522.78 -5818.76 9184.98
-2678.31 3412.7 -1981.82 4770.59 -1 2
2903.4 1576.38 1895.51 3810.36 1 1
3157.25 5148.26 7105.78 9326.09 -1 1
-548.696 2110.09 -3836.94 4414.39 1 2
event 193
1518.74 15930.1 -52149.9 54637.6
-345.976 -7288.87 31332.8 32320
609.263 -4221.79 22927 23320.6 1 2
2265.15 7635.99 -26195.7 27380 -1 1
-955.239 -3067.08 8405.85 8999.39 -1 2
-746.418 8294.07 -25954.2 27257.7 1 1
event 194
-2947.37 9911.61 -1394.86 10884.1
844.021 -6050.96 -7735.55 10332.3
132.532 -4170.06 -7072.64 8212.21 1 2
-913.547 4420.42 882.044 4600.42 -1 1
711.489 -1880.89 -662.916 2120.05 -1 2
-2033.82 5491.19 -2276.91 6283.72 1 1
event 195
4352.8 -2278.28 2471.36 6311.69
-709.632 -13479.7 -31680.7 34575.5
2287.29 -2347.31 269.754 3290.21 1 1
2065.52 69.0349 2201.61 3021.48 -1 1
-1641.61 -8729.26 -18212.9 20263.7 1 2
931.974 -4750.45 -13467.8 14311.9 -1 2
event 196
-3061.53 4076.24 -6649.36 8932.73
-7339.94 -11576.9 -58546.9 60209.8
-2759.61 1435.15 -2446.98 3959.04 1 1
-301.917 2641.09 -4202.38 4973.7 -1 1
-3901.04 -8816.97 -40356.6 41492.4 -1 2
-3438.9 -2759.92 -18190.3 18717.4 1 2
event 197
6282.97 -2460.83 29202.5 30131.6
-318.252 17295.8 25240.1 30755.5
4135.42 -126.322 13885.7 14489.4 -1 1
2147.55 -2334.51 15316.8 15642.2 1 1
-1403.52 11420.6 18057 21411.8 1 2
1085.26 5875.16 7183.14 9343.66 -1 2
event 198
-3824.57 -6781.03 -2673.87 8794.92
-7398.63 -5438.34 -34188.1 35535
-3763.62 -3655.03 -1785.46 5542.85 1 1
-60.946 -3125.99 -888.405 3252.07 -1 1
-6407.81 -3325.75 -28138.5 29050.1 -1 2
-990.816 -2112.59 -6049.63 6484.9 1 2
event 199
-9966.13 -65.3088 -7134.11 12641.8
2531.42 5431.42 785.873 6790.98
-5910.94 968.354 -2788.59 6607.9 -1 1
-4055.19 -1033.66 -4345.52 6033.88 1 1
2667.27 2066.32 418.114 3401.47 -1 2
-135.854 3365.11 367.76 3389.51 1 2
event 200
3184.74 -14235.4 -5634.7 15941.5
-9306.47 -2465.34 50207.2 51254.6
-7111.83 -2768.02 44135.3 44790.3 1 2
858.728 -6994.15 -1236.71 7155.15 1 1
-2194.64 302.679 6071.88 6464.28 -1 2
2326.01 -7241.3 -4397.98 8786.36 -1 1
event 201
3699.69 6300.34 26975.5 28118.5
12473.4 -212.41 55.0901 12854
5256.7 -175.117 -1500.89 5470.6 -1 2
1927.88 692.119 6696.44 7003.51 1 1
7216.67 -37.2929 1555.98 7383.36 1 2
1771.81 5608.22 20279.1 21115 -1 1
event 202
-6744.61 -3078.72 -11985 14429.1
-1085.87 7641.24 7571.52 11246.6
8.1842 3301.89 5252.96 6205.42 -1 2
-1486.17 -1839.74 -2104.33 3167.45 -1 1
-5258.44 -1238.98 -9880.65 11261.6 1 1
-1094.05 4339.35 2318.56 5041.21 1 2
event 203
-2751.25 -9977.36 -6243.05 12477.3
-4635.47 -1332.62 5513.43 7953.12
-1672.91 -4976.98 -1406.6 5436.78 1 1
-1078.34 -5000.38 -4836.45 7040.53 -1 1
-2664.26 -2284.39 3778.63 5158.09 -1 2
-1971.2 951.772 1734.8 2795.03 1 2
event 204
5945.43 5921.68 18139.1 20224.5
-8955.45 2914.19 42764.1 43898.2
-4295.38 72.7509 15046.5 15648.1 -1 2
2483.94 871.048 7495.54 7945 1 1
3461.49 5050.63 10643.5 12279.5 -1 1
-4660.08 2841.44 27717.7 28250.1 1 2
event 205
11628.2 -794.483 -50615.7 52032.5
5010.82 1841.38 5340.88 8403.07
7515.52 978.857 -31894.7 32783 -1 1
4112.71 -1773.34 -18721 19249.5 1 1
3354.95 -700.148 2476.35 4229.58 -1 2
1655.87 2541.53 2864.53 4173.49 1 2
event 206
6564.53 -3841.49 -25137 26444.5
1430.2 -11285.3 44635.5 46166.3
1612.11 -4357.51 22340.1 22818.3 -1 2
2891.29 -653.592 -13672 13990.1 1 1
-181.913 -6927.82 22295.4 23347.9 1 2
3673.25 -3187.89 -11465 12454.4 -1 1
event 207
2297.85 -8449.12 30564 31944
4900.31 127.968 9940.88 11508.3
2967.87 -1417.4 6252.4 7065.48 1 2
-9.35589 -4306.17 18163.2 18667 1 1
1932.44 1545.36 3688.48 4442.8 -1 2
2307.2 -4142.95 12400.8 13277 -1 1
event 208
15106.7 -13368.5 -32767.4 38603.4
5164.05 1357.2 -453.59 6189.22
8575.81 -8650.19 -17232.2 21102.9 -1 1
6530.93 -4718.3 -15535.2 17500.5 1 1
3050.7 1491.39 1088.49 3567.49 -1 2
2113.35 -134.195 -1542.08 2621.73 1 2
event 209
5656.29 -1601.3 -1762.32 6874.14
-6659.41 7686.45 -2413.9 10901.7
-1083.24 2920.74 -1648.08 3525.83 1 2
2169.55 847.674 -1032.12 2549.89 1 1
-5576.16 4765.71 -765.821 7375.85 -1 2
3486.74 -2448.98 -730.204 4324.25 -1 1
event 210
-555.168 -10694 35125.8 36852.2
7395.27 6807.54 34012.6 35601.7
1052.21 -6609.96 19258.7 20388.9 -1 1
-1607.38 -4084.09 15867.1 16463.3 1 1
5502.96 5444.63 21004.7 22386.1 -1 2
1892.31 1362.91 13007.8 13215.6 1 2
event 211
-12674.6 -404.373 -17296.8 21669.8
5189.16 -306.714 2899.09 6709.48
-7710.03 -91.4918 -12904.1 15032.7 1 1
-4964.58 -312.881 -4392.71 6637.16 -1 1
3023.89 1288.8 2098.46 3901.24 -1 2
2165.26 -1595.52 800.631 2808.24 1 2
event 212
-48.8911 8588.29 -12903.9 15807
-5220.24 5442.87 -3413.78 8838.56
-907.836 2884.92 -590.238 3083.26 -1 2
1219.75 1593.8 -3166.97 3750.84 1 1
-1268.64 6994.49 -9736.9 12056.1 -1 1
-4312.41 2557.95 -2823.54 5755.3 1 2
