event 0
-3293.8 -7133.81 22546.4 24076.4
-6008.37 4537.73 -11122 13783.3
-5402.13 2590.21 -7249.51 9405.25 1 2
-2272.68 -2582.76 6367.5 7238.22 1 1
-606.237 1947.52 -3872.46 4378.06 -1 2
-1021.12 -4551.06 16178.9 16838.2 -1 1
event 1
9164.73 -4328.27 -714.519 10622
5888.2 3427.85 -8843.37 11585.2
4437.43 -3792.97 -456.859 5856.39 -1 1
4727.3 -535.306 -257.66 4765.65 1 1
4395.72 1813.91 -3818.66 6099.66 -1 2
1492.49 1613.94 -5024.71 5485.55 1 2
event 2
-4415.88 -3944.26 -11173.2 13018.8
10829.1 -10547.5 18184.9 23849.5
-3725.41 -1359.79 -5983.33 7179.08 1 1
-690.467 -2584.47 -5189.91 5839.74 -1 1
7047.74 -7106.23 14167 17346 1 2
3781.33 -3441.28 4017.87 6503.49 -1 2
event 3
-11021.3 2447.4 58476.3 59636.7
-3530.47 -5062.93 3839.05 7901.09
-6736.47 -4.82858 31562.9 32274 -1 1
-4284.86 2452.23 26913.4 27362.7 1 1
-2368.74 -2301.7 383.68 3326.72 -1 2
-1161.73 -2761.23 3455.37 4574.36 1 2
