event 0
-2360.61 -7561.63 -41468.6 42331.9
8097.57 -1079.34 22607.4 24236.7
-2664.88 -3912.88 -26637.6 27055.3 -1 1
304.274 -3648.75 -14831 15276.6 1 1
5626.15 624.296 13243.2 14402.6 -1 2
2471.42 -1703.64 9364.2 9834.11 1 2
event 1
3448.59 10160 2969.31 11555.3
2604.51 15043.2 41336.1 44174
1176.08 10396.9 24286.6 26444.8 1 2
159.071 5249.77 1528.2 5471.01 -1 1
1428.44 4646.35 17049.5 17729.2 -1 2
3289.52 4910.21 1441.11 6084.33 1 1
event 2
10986.4 -7813.18 3390.25 14241.9
5949.5 -8315.63 15770.8 19048.9
5619.98 -5652.83 11192.6 13741.3 -1 2
2337.47 -3245.62 440.596 4025.31 -1 1
8648.91 -4567.56 2949.66 10216.6 1 1
329.528 -2662.8 4578.2 5307.56 1 2
event 3
3568.97 7845.37 -16464.5 18840.4
10343 12634.5 -2915.97 16873.1
2826.82 3565.12 -10648.6 11580.3 -1 1
742.151 4280.25 -5815.97 7260.03 1 1
7958.37 7482.92 -1553.63 11034.2 1 2
2384.65 5151.6 -1362.34 5838.9 -1 2
event 4
10773.7 -10465.9 -5523.86 16300.7
-5593.89 1821.05 10591.1 12504.9
5209.43 -6819.87 -2183.39 8855.92 1 1
5564.28 -3646.06 -3340.47 7444.79 -1 1
-3140.86 1858.58 3738.82 5225.83 -1 2
-2453.04 -37.5306 6852.32 7279.03 1 2
event 5
6042.54 1938.43 -12909 14714
1812.86 -11637.9 8024.4 14584.6
3952.75 -90.911 -5698.15 6936.32 -1 1
2089.79 2029.35 -7210.82 7777.7 1 1
724.818 -5886.02 2200.6 6326.49 -1 2
1088.04 -5751.91 5823.79 8258.09 1 2
event 6
3052.32 -11036.9 -10634.6 15931.6
-5475.85 1853.6 613.958 6587.05
-2974.97 2583.66 540.828 3978.62 1 2
-50.5337 -4633.97 -3151.76 5605.45 -1 1
-2500.88 -730.058 73.1299 2608.43 -1 2
3102.85 -6402.91 -7482.82 10326.1 1 1
event 7
-9869.69 -5064.31 50162.2 51467.4
-3606.29 1861.38 -5230.05 7308.66
-3023.83 -92.0949 -2685.94 4046.91 1 2
-4806.5 -1377.8 17068.3 17785.9 1 1
-582.464 1953.48 -2544.11 3261.75 -1 2
-5063.18 -3686.51 33093.9 33681.5 -1 1
