event 0
1409.77 8277.81 16736 18978.8
-1740.41 -5520.16 -16859.1 18092
1411.8 4298.25 11796.6 12634.8 -1 1
-2.0306 3979.56 4939.42 6343.97 1 1
539.515 -2017.23 -3332.93 3934.45 -1 2
-2279.93 -3502.93 -13526.2 14157.6 1 2
event 1
774.886 6546.31 6888.56 10024.9
-7861.64 -4875.53 -7690.23 12422
-458.259 4390.58 2764.81 5209.85 -1 1
1233.15 2155.73 4123.75 4815.01 1 1
-4526.19 -1741.78 -5542.11 7365.21 -1 2
-3335.46 -3133.75 -2148.12 5056.8 1 2
event 2
6210.32 4159.77 2398.58 8438.96
-11363.9 8515.52 -54614 56514.8
3066.41 2753.85 -193.321 4127.36 -1 1
3143.9 1405.93 2591.9 4311.6 1 1
-5814.66 6021.52 -34466.8 35468.9 -1 2
-5549.22 2494 -20147.1 21045.9 1 2
event 3
7175.76 2340.31 17549.9 19353.5
-4733.32 -5007.78 11448.6 13716.5
-2136.9 -4335.44 7986.27 9335.63 1 2
3077.65 -56.4151 4387.07 5360.29 -1 1
-2596.41 -672.339 3462.32 4380.89 -1 2
4098.11 2396.72 13162.9 13993.3 1 1
event 4
-8056.53 8419.89 32112.6 34301.8
-7109.53 -4443.13 38998.8 40009.8
-2578.7 -3430.73 18511.3 19002.6 -1 2
-3423.5 2357.61 8084.79 9091.4 1 1
-4633.02 6062.28 24027.9 25210.4 -1 1
-4530.84 -1012.39 20487.5 21007.2 1 2
event 5
-10553.8 -282.078 -21487 24140.1
10497.1 588.336 5448.42 12239.8
4648.45 1775.17 2790.72 5706.02 1 2
-3776.6 -1149.5 -5665.61 6906.11 1 1
-6777.23 867.42 -15821.4 17234 -1 1
5848.65 -1186.84 2657.7 6533.75 -1 2
