event 0
-8446.97 17236 -4438.59 19943
-1085.47 -6492.26 -17531.6 18980.9
720.444 -3926.62 -7924.28 8873.71 1 2
-3776.39 4557.75 -1665.57 6149.75 -1 1
-1805.91 -2565.64 -9607.3 10107.2 -1 2
-4670.58 12678.2 -2773.03 13793.2 1 1
event 1
5135.95 7422.28 94.0213 9542.93
452.26 7689.59 23671.8 25085.5
-861.448 3800.66 14876.9 15379.2 -1 2
489.864 2179.96 1052.41 2472.03 1 1
4646.08 5242.33 -958.39 7070.91 -1 1
1313.71 3888.93 8794.97 9706.3 1 2
event 2
-7909.16 939.574 -9766.26 12977.2
8667.14 -7488.58 -11855.7 16773.4
-4387.08 1238.78 -3375.52 5673.31 1 1
-3522.08 -299.208 -6390.74 7303.92 -1 1
5834.33 -3201.84 -7584.54 10091 1 2
2832.82 -4286.74 -4271.14 6682.42 -1 2
event 3
2010.57 -7335.1 9903.09 12865
4917.14 6955.26 -15539.2 17989.2
-234.409 -4354.76 4247.44 6088.57 1 1
2244.98 -2980.34 5655.65 6776.42 -1 1
1973.5 4934.2 -10965.5 12185.9 -1 2
2943.64 2021.07 -4573.67 5803.39 1 2
event 4
-1192.13 17180.9 11643.3 21018.2
-6042.73 162.911 -949.853 6858.12
775.902 9624.88 7076.18 11971.8 -1 1
-1968.04 7556.03 4567.14 9046.36 1 1
-3211.94 1619.24 -672.722 3660.9 -1 2
-2830.79 -1456.32 -277.131 3197.22 1 2
event 5
-4711.81 -5220.68 14796.4 16672.8
9313.01 -29.8454 -7329.6 12249.4
3659.45 -487.891 -1167.47 3873.47 -1 2
-1987.56 -454.014 2670.36 3361.33 1 1
5653.56 458.046 -6162.13 8375.89 1 2
-2724.25 -4766.67 12126 13311.4 -1 1
event 6
8164.17 -977.194 5991.05 10634.5
-10423.3 -2319.69 -11076.8 15694.3
-4793.83 300.163 -5905.85 7613.22 1 2
2371.7 547.675 457.125 2478.92 -1 1
-5629.46 -2619.85 -5170.92 8081.09 -1 2
5792.48 -1524.87 5533.93 8155.58 1 1
event 7
6150.87 2541.44 -6793.52 10001.8
7778.52 4112.89 43098.4 44096.3
3413.23 1616.04 -1696.09 4141.21 1 1
2737.65 925.404 -5097.43 5860.55 -1 1
3549.11 3217.92 27270.6 27688.4 -1 2
4229.4 894.972 15827.8 16407.9 1 2
event 8
2750.75 -4326.05 12757.8 14093.7
-3667.51 16199.6 -76648.5 78488.6
663.784 -3465.4 5924.21 6896.16 -1 1
2086.97 -860.646 6833.58 7197.58 1 1
-1677.5 11955.5 -59378.7 60593.7 -1 2
-1990.01 4244.12 -17269.7 17894.9 1 2
event 9
8296.34 1673.65 4815.12 10217.9
-7817.69 -5314.97 6477.42 11870.7
4679.28 1934.84 1446.45 5267.13 1 1
3617.06 -261.19 3368.67 4950.8 -1 1
-7069.96 -3430.98 4603.49 9108.2 -1 2
-747.729 -1883.99 1873.93 2762.48 1 2
event 10
-7974.03 -2455.1 -9432.36 12968.2
-8024.6 -3728.78 27336.8 28899.6
-5524.55 -151.189 -5600.97 7869.28 1 1
-2449.48 -2303.91 -3831.39 5098.89 -1 1
-5408.74 -3370.68 22532 23416.2 -1 2
-2615.86 -358.107 4804.79 5483.44 1 2
event 11
-10092.5 -1509.12 -13843.5 17474.8
-2476.5 -7989.79 -34035.3 35184.7
-2298.08 -3314.02 -12072.2 12728.4 1 2
-2243.02 -455.472 -5561.63 6015.11 1 1
-7849.46 -1053.64 -8281.9 11459.7 -1 1
-178.425 -4675.77 -21963.1 22456.3 -1 2
