event 0
-3628.92 8915.89 -25737.2 27652.5
4715.86 9535.14 -45523 46851.8
-1359.44 4952.37 -9685.57 10963.4 1 1
-2269.48 3963.52 -16051.7 16689.1 -1 1
2199.93 7225.17 -28139.9 29136 -1 2
2515.93 2309.97 -17383 17715.7 1 2
event 1
2202.96 8649.02 6933.63 11718.6
-6446.71 -5335.65 -35108.6 36224.7
464.393 5175.93 2334.69 5698.06 1 1
1738.57 3473.09 4598.94 6020.49 -1 1
-4904.02 -2319.31 -24242.4 24842.2 -1 2
-1542.68 -3016.34 -10866.2 11382.6 1 2
event 2
928.373 -16907.5 8560.23 19224.8
3836.45 4064.92 -8111.51 10326.1
2837.61 1948.53 -2530.99 4273.86 1 2
643.378 -4898.41 1032.98 5048.42 1 1
998.846 2116.4 -5580.52 6052.29 -1 2
284.996 -12009.1 7527.25 14176.4 -1 1
event 3
-4931.6 7402.12 2914.2 9858.77
-8316.31 -6869.17 1005.69 11443.1
-4299.85 3738.3 1791.15 5973.52 1 1
-631.746 3663.83 1123.05 3885.25 -1 1
-6257.97 -6460.55 -244.003 8998.42 -1 2
-2058.34 -408.622 1249.69 2444.71 1 2
event 4
7474.07 3230.03 -4239.83 9688.25
-9706.09 -10602.1 -46675.9 48937.1
4322.72 3272.61 -3483.87 6445.49 -1 1
3151.35 -42.5736 -755.96 3242.76 1 1
-5021.23 -6686.71 -31163.9 32266.5 1 2
-4684.86 -3915.42 -15512 16670.7 -1 2
