event 0
-9783.38 7815.66 21915.5 25429.9
-8398.42 1256.58 -25957.2 27486
-6676.73 4298.92 11184.1 13717 -1 1
-3106.65 3516.74 10731.4 11712.9 1 1
-2149.82 -787.998 -9290.54 9569.12 -1 2
-6248.59 2044.58 -16666.6 17916.9 1 2
event 1
7403.63 4664.79 -6110.97 11113.5
-13034 -3781.49 -12460.6 18682.7
-4667.7 -2848.24 -5535.25 7781.39 1 2
2305.5 1889.19 -3880.02 4893.88 -1 1
-8366.34 -933.246 -6925.34 10901.3 -1 2
5098.13 2775.6 -2230.96 6219.58 1 1
event 2
-10142.8 -6947.74 63676 64925.9
3298.91 -9077.57 -20588.6 22951.4
1767.79 -4433.98 -13661.6 14471.9 1 2
-3503.98 -728.452 17786.6 18143.4 -1 1
-6638.82 -6219.29 45889.3 46782.4 1 1
1531.11 -4643.59 -6927 8479.49 -1 2
event 3
-10204.3 4646.56 19403.2 22622.8
7802.83 -3735.91 -4706.3 10323.8
-5341.04 3412.72 8349.35 10483.1 -1 1
-4863.28 1233.84 11053.8 12139.7 1 1
3010.64 -846.233 -3310.72 4555.45 -1 2
4792.19 -2889.68 -1395.57 5768.37 1 2
event 4
-11897 -8432.46 -2699.12 15150
-6052.84 132.727 -11101.7 13018.9
-7666.94 -3647.47 -1071.77 8558.38 -1 1
-4230.08 -4785 -1627.35 6591.6 1 1
-4188.65 -1263.25 -6175.33 7568.78 -1 2
-1864.19 1395.98 -4926.36 5450.15 1 2
event 5
17673.9 3010.87 6884.9 19453.2
7155.83 529.994 16015.1 17820.3
11403.4 2654.5 3072.26 12105.1 -1 1
6270.52 356.366 3812.64 7348.05 1 1
3729.53 710.854 11731 12330.5 -1 2
3426.3 -180.86 4284.16 5489.76 1 2
event 6
4741.68 -4322.67 8497.86 11089.2
-10036.9 11594.4 8703.79 17903
3109.6 -2274.27 7194.8 8162 -1 1
1632.08 -2048.39 1303.07 2927.24 1 1
-6255.08 4866.83 4352.74 9042.65 -1 2
-3781.79 6727.62 4351.04 8860.33 1 2
