event 0
7271.39 9150.34 9595.54 15435.9
-5853.06 1333.48 15462.5 16873.6
5668.35 4940.52 5212.81 9150.05 1 1
1603.04 4209.83 4382.74 6285.85 -1 1
-1353.32 1673.14 6326.76 6683.56 -1 2
-4499.74 -339.656 9135.75 10190 1 2
event 1
-8571.51 7784.77 28188.5 30631
6425.86 -9385.76 -32776.2 34831.8
2874.52 -3175.15 -8433.85 9459.67 -1 2
-2152.3 2297.87 11549.3 11971.2 1 1
-6419.21 5486.89 16639.2 18659.8 -1 1
3551.34 -6210.62 -24342.3 25372.1 1 2
event 2
-3225.66 8916.7 207.3 9977.31
6610.46 4455.85 -30523.3 31698.9
3483.1 1087.64 -9466 10145.5 -1 2
-917.971 2037.77 1376.88 2627.19 -1 1
-2307.69 6878.93 -1169.58 7350.12 1 1
3127.36 3368.21 -21057.3 21553.4 1 2
event 3
-2939.92 -7679.86 16450.1 18649.9
-4944.73 -6793.52 2510.55 9300.3
-1113.06 -4915.11 6932.18 8571.08 1 1
-1826.86 -2764.75 9517.87 10078.8 -1 1
-3024.3 -6018.53 2609.73 7224.33 -1 2
-1920.42 -774.992 -99.1857 2075.97 1 2
event 4
-9497.95 -22857.2 -10533.6 27077.9
-3982.73 -4895.6 5379.48 8852.04
-3515.63 -2257.96 2305.43 4773.28 1 2
-1799.68 -5969.02 -1393.86 6389.22 1 1
-467.097 -2637.64 3074.04 4078.75 -1 2
-7698.28 -16888.2 -9139.77 20688.7 -1 1
event 5
11270.4 2554.78 6067.37 13414.6
9347.31 -14206.3 96782 98333.8
8084 879.331 2948.72 8650.46 1 1
3186.39 1675.45 3118.64 4764.17 -1 1
7500.36 -13392.5 87232.5 88572.8 -1 2
1846.95 -813.88 9549.48 9761.01 1 2
