event 0
-2425.15 4863.1 -3113.31 6986.92
8496.15 8520.6 -18899 22617.5
-543.793 3337.36 -496.041 3419.19 1 1
-1881.36 1525.75 -2617.27 3567.72 -1 1
4391.22 4369.87 -12523.4 13972.3 -1 2
4104.93 4150.73 -6375.67 8645.19 1 2
event 1
2815.57 -10175.7 -3595.1 11575.3
7669.17 -523.837 25584.9 26893.7
74.9848 -5953.1 -2230.41 6358.53 -1 1
2740.58 -4222.64 -1364.69 5216.8 1 1
3993.31 -1334.93 17092.8 17604.1 -1 2
3675.85 811.097 8492.1 9289.61 1 2
event 2
6566.62 -5695.91 -8910.25 12827.6
2207.48 4485.2 -2345.96 6331.29
2349.55 2074.3 -2341.86 3913.89 1 2
3582.5 -2360.19 -2371.48 4903.05 1 1
-142.066 2410.9 -4.10445 2417.39 -1 2
2984.12 -3335.72 -6538.78 7924.57 -1 1
event 3
-1120.62 9359.17 -28347.3 30033.5
5712.29 -5573.49 12610 15241.3
4124.44 -4325.26 11432.8 12901.2 -1 2
345.99 3142.15 -5894.28 6689.28 -1 1
-1466.61 6217.01 -22453.1 23344.2 1 1
1587.85 -1248.23 1177.13 2340.11 1 2
event 4
7665.14 31565.9 2326.4 32713.4
3158.7 -4625.59 -10004.2 11876.2
7604.06 26952.6 2288.73 28098.3 1 1
61.0887 4613.34 37.6703 4615.11 -1 1
1184.97 -3946.2 -5186.82 6625.03 -1 2
1973.73 -679.385 -4817.36 5251.22 1 2
