event 0
7542.4 4295.17 8283.23 12391.1
-916.797 6749.29 -3460.52 8243.75
4535.13 4135.49 4852.11 7824.57 -1 1
3007.27 159.676 3431.12 4566.5 1 1
1125.26 2233.33 -866.553 2648.78 -1 2
-2042.05 4515.96 -2593.96 5594.97 1 2
event 1
7402.77 255.373 -27746.3 28884.5
-1884.26 11156.5 -6750.93 13534.5
4167.76 1521.13 -13092.4 13824.2 1 1
3235.01 -1265.75 -14653.9 15060.4 -1 1
-2546.6 5844.92 -3721.28 7382.91 1 2
662.348 5311.61 -3029.65 6151.57 -1 2
event 2
-8253.82 4247.34 -3250.57 10311.3
-6724.35 -4139.54 -27642 28914.1
-2857.45 -2120.84 -17734.4 18088.2 1 2
-2371.78 2042.65 -2453.24 3978.36 -1 1
-5882.04 2204.68 -797.327 6332.92 1 1
-3866.9 -2018.71 -9907.59 10825.9 -1 2
event 3
2819.28 3973.09 -241.234 5777.38
11636.1 4397.51 -20489.1 24168.8
328.537 3080.62 -395.261 3124.99 1 1
2490.74 892.465 154.027 2652.39 -1 1
7164.59 1624.11 -14027.8 15835.4 1 2
4471.52 2773.4 -6461.23 8333.36 -1 2
event 4
-7764.1 3178.56 26756.6 28211.5
-2821.31 5633.75 -6810.75 9781.4
-396.295 4145.03 -3816.18 5649.14 1 2
-3850.89 1637.88 8478.87 9455.92 -1 1
-2425.02 1488.71 -2994.57 4132.26 -1 2
-3913.21 1540.68 18277.7 18755.6 1 1
