event 0
3669.83 8043.3 32323.8 33653.9
-1789.38 7082.48 -13514.6 15671.6
3590.86 5000.15 24398.7 25163.5 -1 1
78.9659 3043.14 7925.14 8490.35 1 1
-695.275 2351.63 -1971.24 3148.09 -1 2
-1094.1 4730.85 -11543.3 12523.5 1 2
event 1
3424.99 15164.4 41855.4 44756.6
-390.242 6522.33 -8918.69 11481.6
3660.47 11452.7 34029.2 36091 -1 1
-235.485 3711.73 7826.21 8665.63 1 1
1104 2413.07 -4735.73 5429.55 -1 2
-1494.25 4109.27 -4182.97 6052.04 1 2
event 2
-4885.08 -4033.62 -5578.64 8991.44
6108.31 -5637.47 4783.63 10078
3358.53 -1101.13 2312.57 4225.09 1 2
-577.194 -2348.8 -1777.91 3003.69 -1 1
2749.78 -4536.33 2471.06 5852.94 -1 2
-4307.89 -1684.81 -3800.73 5987.76 1 1
event 3
3458.83 -6639.75 8248.01 11561.6
-8664.5 -10753.9 -8764.29 16647.1
1814.88 -4038.42 2618.16 5144.76 -1 1
1643.95 -2601.33 5629.85 6416.84 1 1
-4423.76 -7835.62 -5350.35 10469.2 -1 2
-4240.74 -2918.24 -3413.94 6177.87 1 2
event 4
7088.45 4138.26 -3739.24 9536.5
6757.68 1399.76 -26806.6 27853.4
4826.79 2317.67 -17358.5 18165.9 -1 2
3131.81 160.52 -1007.9 3295.6 1 1
3956.65 3977.74 -2731.34 6240.9 -1 1
1930.89 -917.914 -9448.04 9687.5 1 2
event 5
3449.06 -3671.48 -656.262 5949.58
466.094 -10130 -4561.41 11542.6
3186.42 -1183.87 -218.058 3407.86 -1 1
262.642 -2487.6 -438.204 2541.72 1 1
-124.581 -5292.48 -3999.6 6635.8 -1 2
590.675 -4837.49 -561.808 4906.83 1 2
event 6
-5680.12 -2739.02 32241.4 32997.9
-14194.5 2040.88 5571.76 15693.5
-3080.13 -3003.83 17160.9 17692.3 -1 1
-2599.99 264.815 15080.5 15305.6 1 1
-8107.58 -277.391 2486.64 8485.54 1 2
-6086.93 2318.27 3085.12 7207.92 -1 2
event 7
5160.25 -2097.54 -14235.8 15597.4
10549.7 2560.78 19668.5 22678.1
3009.47 -2787.77 -9556.32 10400.1 1 1
2150.78 690.227 -4679.51 5197.23 -1 1
5931.79 1443.79 7887.63 9974.8 1 2
4617.95 1116.99 11780.9 12703.3 -1 2
event 8
-3087.87 -9277.24 -4098.13 11044.8
-2313.72 8304.84 36328.2 37465.4
358.633 3827.24 12752.4 13319.6 1 2
-1404.59 -1626.32 104.783 2154.05 1 1
-1683.28 -7650.92 -4202.91 8890.77 -1 1
-2672.35 4477.59 23575.8 24145.8 -1 2
event 9
-7721.82 3544.23 -34109.4 35287.8
285.981 5643.08 -28137.4 28865.7
-5214.35 1261.65 -24946.9 25517.5 1 1
-2507.47 2282.58 -9162.43 9770.3 -1 1
1561.23 1760.86 -10323 10588.3 -1 2
-1275.25 3882.22 -17814.5 18277.4 1 2
event 10
5268.79 7398.78 -14723.2 17574.6
-666.051 -8927.96 -3214.26 10003.7
2002.92 4482.22 -9954.05 11099.4 -1 1
3265.87 2916.56 -4769.18 6475.22 1 1
-473.072 -4158.43 -3131.93 5228.43 -1 2
-192.979 -4769.53 -82.3338 4775.31 1 2
event 11
-6726.41 -4601.03 3880.62 9542.8
2184.17 6080.2 22328 23449.3
1595.59 3247.72 7338.38 8182.7 1 2
-3961.63 -1218.09 2911.96 5066.45 1 1
588.572 2832.48 14989.6 15266.6 -1 2
-2764.77 -3382.94 968.66 4476.35 -1 1
event 12
-1546.84 4763.58 -9874.47 11497
3665.47 -9831.6 -7403.99 13210.1
369.094 3574.57 -5433.23 6514.97 -1 1
-1915.93 1189.01 -4441.24 4982 1 1
1846.66 -4937.93 -5583.96 7680.17 -1 2
1818.8 -4893.67 -1820.03 5529.89 1 2
event 13
4685.48 644.999 2124.05 6039.2
-13391.4 1401.48 14620.9 20116.1
3345.92 -910.343 1942.05 3975.75 1 1
1339.56 1555.34 181.997 2063.45 -1 1
-8819.51 1264.21 11626.2 14647.9 -1 2
-4571.93 137.267 2994.71 5468.17 1 2
event 14
-11860.3 -4189.11 -3714.71 13476.1
1775.66 -8067.72 84.9412 8822.65
2358.82 -5503.62 925.819 6059.88 -1 2
-3004.58 97.857 -152.955 3011.92 -1 1
-8855.74 -4286.97 -3561.76 10464.2 1 1
-583.156 -2564.1 -840.878 2762.78 1 2
event 15
5414.22 4264.08 -177.737 7557.69
7519.34 1538.08 23552.1 24964
3388.97 1913.06 8473.78 9325.29 -1 2
1295.82 2791.44 -681.063 3153.78 1 1
4118.4 1472.64 503.326 4403.91 -1 1
4130.37 -374.98 15078.3 15638.7 1 2
event 16
8088.5 1250.02 9645.88 13023.8
-2206.18 8964.62 -10088.3 14021.3
263.45 3745.12 -5425.51 6598.69 1 2
2494.78 1302.08 5054.8 5786.32 1 1
-2469.63 5219.5 -4662.76 7422.58 -1 2
5593.71 -52.0653 4591.08 7237.51 -1 1
event 17
5513.35 -1403.69 29303.6 30011
1736.18 -20568.9 -35508.5 41189
3055.75 -2246.26 19675.6 20038.1 1 1
2457.61 842.578 9628.01 9972.94 -1 1
1553 -15023.9 -28445.9 32207.3 -1 2
183.174 -5545 -7062.62 8981.78 1 2
event 18
5184.2 5347.13 -3898.25 8958.51
-2408.85 5801.94 -700.854 7038.95
-726.501 4507.51 -1440.34 4788.65 1 2
3323.34 1435.34 -1041.37 3768.34 1 1
-1682.35 1294.43 739.487 2250.3 -1 2
1860.85 3911.79 -2856.88 5190.17 -1 1
event 19
3205.31 5157.34 -8213.35 10673.5
5963.03 8226.73 22757.4 25114.3
852.145 3903.05 -5985.96 7197.42 -1 1
2353.16 1254.29 -2227.39 3476.07 1 1
4443.75 3567.01 11454.1 12793.6 -1 2
1519.29 4659.71 11303.4 12320.6 1 2
event 20
1314.86 -6555.47 -8718.86 11415.4
-12254.3 814.891 53404.1 54885.5
1547.87 -3703.38 -2974.69 4997.08 1 1
-233.002 -2852.09 -5744.17 6418.36 -1 1
-6826.73 1780.58 33277.1 34016.9 1 2
-5427.56 -965.689 20127 20868.6 -1 2
event 21
5319.4 -5547.42 -15594.8 17659.5
-1564.63 -7896.17 4639.35 9793.48
-1789.47 -2688.95 829.161 3336.37 1 2
1345.61 -1762.3 -7911.02 8216.56 1 1
3973.79 -3785.12 -7683.74 9442.95 -1 1
224.839 -5207.21 3810.19 6457.11 -1 2
event 22
-7101.51 1182.07 8789.05 11775.7
-7684.45 -5255.92 -262.548 9815.06
-3476.93 -1938.24 1372.46 4211.96 -1 2
-2242.72 -536.221 4548.82 5101.01 1 1
-4207.53 -3317.68 -1635.01 5603.1 1 2
-4858.8 1718.29 4240.22 6674.66 -1 1
event 23
10396.5 -1825.06 -6984.94 13030.7
-5574.71 -7634.7 -18300.8 20829.7
5049.51 -2452.17 -3665.42 6705.01 1 1
5347.01 627.107 -3319.52 6325.67 -1 1
-3097.42 -5947.66 -14596.6 16063.7 -1 2
-2477.29 -1687.03 -3704.2 4766.06 1 2
event 24
-6986.03 -4106.76 21748.6 23415
-6362.79 9582.2 17113 20850.7
-3887.37 -3748.59 11571 12769.6 -1 1
-3098.66 -358.172 10177.6 10645.4 1 1
-4477.27 4277.84 10222.3 11952.1 1 2
-1885.52 5304.36 6890.75 8898.6 -1 2
event 25
-1152.8 -5614.06 -16462.3 17704.4
9375.89 8582.71 -6526.9 14620.6
569.964 -3876.76 -11861.4 12492.3 -1 1
-1722.76 -1737.3 -4600.9 5212.06 1 1
7367.11 4855.66 -3994.99 9686.22 -1 2
2008.78 3727.05 -2531.91 4934.35 1 2
event 26
3981.99 -8429.81 -2696.49 10187.2
5315.71 5744.64 -12446.7 15025.6
4875.27 3223.82 -8990.58 10723.9 -1 2
1530.43 -2822.87 -2487.65 4063.3 1 1
2451.56 -5606.93 -208.842 6123.94 -1 1
440.437 2520.82 -3456.14 4301.69 1 2
event 27
-2570.92 -7948.66 13472.2 16151.8
2902.49 8893.52 23955.7 25903.4
3261.64 6506.86 15776.6 17375 1 2
-566.525 -4063.66 4058.55 5772.12 -1 1
-359.148 2386.66 8179.05 8528.38 -1 2
-2004.39 -3884.99 9413.6 10379.7 1 1
event 28
8665.15 2798.15 7645.77 12286.7
-1063.58 9902.45 -7720.65 12976.5
-1304.43 4419.5 -5161.63 6920.05 1 2
3669.05 2580.56 2619.23 5195.45 -1 1
240.846 5482.96 -2559.02 6056.45 -1 2
4996.1 217.594 5026.55 7091.25 1 1
event 29
-4752.59 828.205 -1586.31 5948.14
7987.94 -3114.23 -4703.94 10257.9
-2962.99 1976.96 -1329.66 3803.53 -1 1
-1789.61 -1148.76 -256.649 2144.61 1 1
3784.37 -2872.55 -1559.2 5001.52 -1 2
4203.57 -241.676 -3144.74 5256.33 1 2
event 30
-2845.27 -7916.18 5283.35 10405.3
4365.61 -9124.68 24152.2 26367.4
-2891.51 -3947.76 3679.84 6123.57 -1 1
46.2451 -3968.42 1603.51 4281.7 1 1
4147.34 -5651.63 14488.3 16095.4 -1 2
218.272 -3473.05 9663.96 10272 1 2
event 31
9818.12 4089.45 -21474.6 24163.4
6385.98 -10259.4 16818.2 20939.9
5592.46 3618.35 -15050.3 16458.8 1 1
4225.66 471.104 -6424.26 7704.57 -1 1
3798.56 -8480.56 13274.1 16203.8 -1 2
2587.42 -1778.83 3544.11 4736.12 1 2
event 32
-2746.98 -4329.82 7573.66 9656.29
7048.84 6745.36 -780.013 10265.8
-2330.68 -2228.92 2297.55 3961.07 1 1
-416.305 -2100.9 5276.11 5695.22 -1 1
3666.46 3540.37 1141.88 5224.19 -1 2
3382.39 3204.99 -1921.89 5041.56 1 2
event 33
-14771.7 -1862.35 -22492.1 27150.6
6450.5 12586.7 37858.6 40532.7
5424.52 10131.3 26844.2 29200.8 1 2
-4055.38 20.9595 -4015.19 5707.84 -1 1
1025.99 2455.44 11014.4 11331.8 -1 2
-10716.3 -1883.31 -18476.9 21442.8 1 1
event 34
-733.715 11398.5 58648 59830.1
-11291.8 1099.32 -4230.77 12498.1
-4391.21 1084.21 -3149.38 5512.53 1 2
-1659.32 3453.8 18465.4 18859 -1 1
925.601 7944.66 40182.6 40971.1 1 1
-6900.57 15.1103 -1081.39 6985.6 -1 2
event 35
-2319.61 -7397.83 -11422.5 14148.3
6337.97 -7106.71 18416.6 20962.7
1773.78 -3978.61 6521.69 7843.42 1 2
584.135 -3074.27 -3984.42 5067.46 -1 1
4564.19 -3128.11 11894.9 13119.3 -1 2
-2903.75 -4323.56 -7438.1 9080.82 1 1
event 36
4513.81 -3235.12 -25448.3 26230.7
14816.4 8145.1 28639.1 33401.4
3296.65 -1404.38 -20553.6 20863.9 -1 1
1217.16 -1830.74 -4894.71 5366.79 1 1
8017.09 5849.63 18253.1 20776.9 -1 2
6799.29 2295.47 10385.9 12624.5 1 2
event 37
351.273 -7342.17 4575.73 9195.61
-14792.3 13304.6 -83068.3 85473.7
1565.99 -5206.73 3733.26 6596.27 -1 1
-1214.72 -2135.44 842.47 2599.34 1 1
-9734.44 10425.3 -56170.6 57953.4 1 2
-5057.83 2879.31 -26897.7 27520.3 -1 2
event 38
663.875 9063.97 13834.6 16839.9
-2345.09 6605.57 15454.7 17250.3
457.859 2999.67 5151.65 5979.82 1 2
-453.429 2147.49 1521.44 2672.69 1 1
1117.3 6916.48 12313.1 14167.2 -1 1
-2802.95 3605.9 10303 11270.4 -1 2
event 39
-1179.19 -5495.04 -9948.38 11838.5
-6829.13 -5472.42 2049.97 9506.72
-1028.76 -3199.24 -2957.23 4477.7 1 1
-150.43 -2295.81 -6991.15 7360.76 -1 1
-2928.11 -3457.18 2349.15 5104.47 1 2
-3901.02 -2015.24 -299.175 4402.25 -1 2
event 40
406.549 9941.53 -31090.9 32790.8
-7865.98 1844.38 -17934.7 19912.8
-5923.28 52.946 -11058 12545.1 1 2
538.622 4801.87 -19842.1 20422.3 -1 1
-1942.7 1791.43 -6876.7 7367.73 -1 2
-132.073 5139.66 -11248.8 12368.5 1 1
event 41
-1738.25 6716.39 22023.9 23297.5
7529.27 964.369 -5082.54 9645.89
336.823 4406.3 14452.1 15113 -1 1
-2075.08 2310.09 7571.8 8184.48 1 1
4719.62 263.931 -4795.04 6734.09 -1 2
2809.65 700.438 -287.502 2911.8 1 2
event 42
139.151 -9075.42 11370.9 14875.2
4056.32 4960.64 -14041.5 15868.5
-1222 -6295.59 8531.35 10673.5 1 1
1361.15 -2779.83 2839.58 4201.73 -1 1
2545.92 482.687 -6070.64 6601.4 -1 2
1510.4 4477.95 -7970.86 9267.1 1 2
event 43
-643.66 -8720.03 -15447.5 18018.6
2216.08 -5546.82 -10273.6 12280.7
1118.93 -4599.26 -8939.56 10115.9 1 1
-1762.59 -4120.78 -6507.9 7902.63 -1 1
28.6375 -3967.5 -5299.5 6621 -1 2
2187.44 -1579.32 -4974.1 5659.68 1 2
event 44
-18096.4 1087.63 -95971.7 97718
7696.27 -149.335 4894.49 9633.36
-15005.4 2056.41 -78201.2 79654.4 1 1
-3090.97 -968.78 -17770.5 18063.6 -1 1
2447.77 -1479.87 1382.19 3178.56 -1 2
5248.5 1330.54 3512.3 6454.8 1 2
