event 0
7140.89 2720.17 -26611.7 27859.8
5972.26 -4225.3 -1732.31 8131.02
3617.66 -4173.2 -1676.66 5772.82 1 2
3259.61 1559.04 -17764.2 18128.3 1 1
2354.6 -52.1049 -55.6521 2358.21 -1 2
3881.28 1161.13 -8847.52 9731.51 -1 1
event 1
18712.6 -3198.02 -97072 98959.4
-3995.27 -6430.2 680.396 8207.46
-3627.57 -3685.39 1371.94 5351.14 1 2
9083.27 -2505.39 -54265 55077 -1 1
-367.694 -2744.81 -691.54 2856.32 -1 2
9629.37 -692.634 -42807.1 43882.4 1 1
event 2
2043.48 8382.16 21441.7 23318.9
-5181.58 -2219.68 -15185.5 16491.4
-2940.54 -2702.53 -7896.27 8849.45 1 2
-407.324 3991.38 11444.8 12128.2 -1 1
-2241.04 482.857 -7289.2 7641.93 -1 2
2450.81 4390.79 9996.84 11190.8 1 1
event 3
7019.43 -512.394 -20737.1 22116.8
7464.16 -2184.81 13327.2 15738.2
3435.45 -251.237 3353.03 4808.27 1 2
1518.79 -1452.28 -5365.95 5763.71 1 1
5500.63 939.886 -15371.2 16353.1 -1 1
4028.72 -1933.57 9974.15 10930 -1 2
event 4
-6346.24 2483.45 -14869.8 16647.7
91.4769 9572.91 44497.5 45621
-3442.54 1841.69 -5032.96 6370.62 1 1
-2903.7 641.76 -9836.86 10277.1 -1 1
1222.16 5469.61 29641.8 30167.1 1 2
-1130.68 4103.31 14855.8 15453.8 -1 2
event 5
14925.7 1697.54 41057.6 43828.9
-3206.65 5487.49 28314.3 29183.7
-1162.53 4537.36 21532.6 22036.4 -1 2
4181.26 1890.64 12047.3 12892.1 1 1
10744.4 -193.1 29010.3 30936.8 -1 1
-2044.12 950.135 6781.71 7147.3 1 2
event 6
-8838.31 -1691.04 -28402.3 29954.2
3829.18 -13130.8 29165.9 32424
-5698.43 -1657.95 -13878.9 15094.9 1 1
-3139.88 -33.0864 -14523.4 14859.3 -1 1
3503.12 -6340.5 17160.6 18627.1 -1 2
326.059 -6790.3 12005.3 13796.9 1 2
event 7
-3228.88 -5574.4 416.968 7159.95
-8064.47 -313.472 13424 15966.5
-3170.91 738.803 7707 8367.17 -1 2
-2247.47 -1671.4 -867.692 2934.07 -1 1
-4893.56 -1052.27 5717.05 7599.34 1 2
-981.41 -3903 1284.66 4225.88 1 1
event 8
-2066.76 -6724.92 -10137.4 12722.2
4690.23 5031.93 -7145.76 10390.9
3029.91 1299.4 -2152.81 3938.85 1 2
-1753.24 -1499.04 -4296.93 4878.09 -1 1
-313.518 -5225.87 -5840.48 7844.13 1 1
1660.31 3732.53 -4992.95 6452.06 -1 2
