event 0
-2510.21 3830.52 -7932.17 9668.72
8510.37 4263.88 -15011.2 18042.6
-349.943 3024.13 -5671.68 6437.93 1 1
-2160.26 806.393 -2260.49 3230.79 -1 1
4531.68 3557.05 -10560.4 12030.1 -1 2
3978.69 706.837 -4450.78 6012.5 1 2
event 1
-15715.4 -5010.9 -11250.4 20205.1
8835.55 4292.94 25136.6 27165
5801.53 1931.3 11879.6 13361.2 -1 2
-3978.61 -803.324 -4365.7 5961.98 1 1
-11736.8 -4207.57 -6884.66 14243.1 -1 1
3034.01 2361.64 13257.1 13803.7 1 2
event 2
4363.66 9037.2 -35943.8 37446.8
3548.35 6960.4 14511.4 16769.3
2368.66 4165.37 11651.1 12598.4 1 2
1446.04 4794.92 -12990.7 13923.1 -1 1
1179.68 2795.04 2860.24 4170.86 -1 2
2917.62 4242.28 -22953.1 23523.8 1 1
event 3
-9333.71 2604.21 15342.8 18409
7203.28 -6606.55 8706.66 13451
4317.95 -5483.89 7117.57 9969.39 1 2
-4502.6 933.341 10036.2 11040 -1 1
2885.33 -1122.65 1589.09 3481.64 -1 2
-4831.11 1670.87 5306.58 7369.02 1 1
event 4
-4745.32 11548.6 -47511 49221.7
4932.31 -2322.74 13370.6 14767.7
-4191.05 7254.2 -34744.2 35740.1 1 1
-554.268 4294.44 -12766.9 13481.6 -1 1
2922.14 -995.146 3794.52 4892.72 -1 2
2010.16 -1327.59 9576.09 9875.01 1 2
event 5
-5708.59 11447.2 -13806.7 19074.7
7343.66 4867.87 -314.233 9344.26
3612.72 4138.95 245.357 5500.37 -1 2
-3712.87 4047.7 -5567.27 7821.44 1 1
-1995.73 7399.53 -8239.47 11253.3 -1 1
3730.94 728.915 -559.59 3843.9 1 2
event 6
6033.36 7859.31 7417.02 12758.3
6366.51 -3349.63 4596.8 9081.48
4221.33 5132.83 3085.69 7327.91 1 1
1812.03 2726.48 4331.33 5430.35 -1 1
1262.15 -1806.49 288.154 2225 -1 2
5104.35 -1543.15 4308.65 6856.48 1 2
event 7
5243.55 -5637.17 -22748.9 24215.2
6661.2 6369.62 -3768.17 10427.6
3220.66 1181.99 -1922.05 3933.86 -1 2
977.163 -3146.76 -10567.6 11069.9 -1 1
3440.54 5187.63 -1846.12 6493.7 1 2
4266.39 -2490.41 -12181.3 13145.3 1 1
event 8
4162.12 -7942.77 -39898.3 41010.7
4172.84 -7602.09 13650.1 16465.7
2814.04 -2875.16 4231.15 5839.45 -1 2
2150.01 -2087.09 -8656.25 9160.81 1 1
2012.11 -5855.68 -31242.1 31849.9 -1 1
1358.79 -4726.92 9418.94 10626.3 1 2
event 9
-5507.95 -7419.86 1223.42 9822.4
-10762.8 3516.53 6374.57 13357.8
-4179.67 759.106 3998.01 5834.48 1 2
-1064.07 -3711.83 -176.658 3866.82 -1 1
-6583.1 2757.42 2376.56 7523.29 -1 2
-4443.87 -3708.03 1400.08 5955.58 1 1
event 10
-6146.1 6737.98 4660.41 10699.8
-10290.5 2712.54 3374.27 11585.7
-6816.8 3080.28 3039.42 8075.02 1 2
-1597.97 3999.39 2368.11 4916.07 1 1
-3473.69 -367.739 334.849 3510.71 -1 2
-4548.13 2738.59 2292.3 5783.7 -1 1
event 11
-6471.44 -5821.21 8494.27 12550.3
12186.9 7268.01 -11542.5 18551.7
3982.52 2822.54 -5853.1 7622.15 -1 2
-3967.04 -1595.75 4597.69 6279.62 -1 1
8204.42 4445.47 -5689.42 10929.6 1 2
-2504.4 -4225.46 3896.58 6270.65 1 1
event 12
3265.1 7880.64 -30022.3 31363.9
-3532.52 -12075 23846.1 27138.7
-3502.92 -9491.44 16547.1 19395.2 1 2
2375.58 3262.63 -9746.45 10549.5 1 1
-29.5915 -2583.52 7298.99 7743.51 -1 2
889.515 4618.01 -20275.8 20814.4 -1 1
event 13
-907.561 -10845.6 -45237.3 46631.1
-3396.47 -5480.58 4398.07 8396.81
516.824 -6141.6 -20360.6 21273.3 1 1
-1424.39 -4704.02 -24876.7 25357.8 -1 1
-2950.29 -2374.67 1352.91 4023.04 -1 2
-446.175 -3105.91 3045.16 4373.77 1 2
event 14
-9105.96 -12361.8 -5359.6 16554.4
-7763.1 -1341.78 -18421.2 20273
-5728.9 -427.256 -9732.03 11301.6 -1 2
-2839.22 -4102.02 -252.356 4996.26 1 1
-6266.74 -8259.8 -5107.24 11558.2 -1 1
-2034.2 -914.523 -8689.14 8971.44 1 2
event 15
1085.95 -11347.1 31832.9 33953.8
-3914.03 -14811.3 11291.2 19281.5
-2035.46 -5620.77 2697.81 6559.38 1 2
1853.52 -3972.49 11096.4 11931.3 -1 1
-1878.57 -9190.55 8593.38 12722.1 -1 2
-767.568 -7374.59 20736.6 22022.5 1 1
event 16
-6090.08 8616.74 20392.1 23168.2
-994.432 7825.7 11711.7 14456.3
-5156.5 4730.22 12991 14756 -1 1
-933.582 3886.52 7401.1 8412.14 1 1
1060.22 2590.72 4646.29 5425.41 -1 2
-2054.65 5234.98 7065.4 9030.93 1 2
event 17
4050.17 -5590.73 -41829.2 42508.1
4358.66 10934.8 -34459 36545.6
913.517 -3876.99 -21175.2 21546.8 -1 1
3136.65 -1713.74 -20654 20961.3 1 1
1137.65 6930.85 -19247.6 20489.3 -1 2
3221.02 4003.95 -15211.4 16056.3 1 2
event 18
-3042.05 8511.04 -42324.3 43389.2
8548.93 3060.14 3394.84 10176.8
4155.01 316.462 2657.1 4943.24 1 2
-1612.44 1764.5 -6990.86 7388.96 1 1
-1429.6 6746.54 -35333.4 36000.3 -1 1
4393.91 2743.68 737.736 5233.52 -1 2
event 19
-4267.38 -22307.2 69879 73542.4
8127.88 2834.71 1701.3 9305.02
5664.07 1132.79 2354.06 6238.41 1 2
-1314.27 -10677.8 37448.3 38963.1 1 1
2463.81 1701.92 -652.765 3066.62 -1 2
-2953.11 -11629.4 32430.7 34579.3 -1 1
event 20
2903.14 11230.4 15120.6 19410.5
-10352.6 7947.15 -36937.7 39297.8
-4604.41 2208.64 -17523.5 18252.8 -1 2
1505.25 2453.33 1798.99 3395.9 1 1
1397.88 8777.05 13321.6 16014.6 -1 1
-5748.16 5738.51 -19414.1 21045 1 2
event 21
1203.87 5898.85 -1602.67 6957.41
9528.61 -2738.62 -5735.41 11865.1
665.984 3864.01 -2516.67 4660.35 1 1
537.885 2034.84 914.001 2297.05 -1 1
5326.45 -1031.37 -4773.69 7227.31 1 2
4202.17 -1707.25 -961.717 4637.78 -1 2
event 22
-8653.15 11026.1 -83900.9 85120
-7634.62 3196.67 -6332.58 10872
-4266.28 7853.11 -51693.5 52460.5 1 1
-4386.87 3173.01 -32207.4 32659.5 -1 1
-3334.3 3024 -3681.48 5816.06 -1 2
-4300.32 172.677 -2651.11 5055.9 1 2
event 23
7730.44 9427.91 7135.31 14462
7203.26 4773.33 8238.53 12334.3
4629.86 2204.73 2954 5918.93 -1 2
2009.82 4058.44 1395.35 4740.09 1 1
5720.62 5369.47 5739.95 9721.88 -1 1
2573.41 2568.6 5284.53 6415.41 1 2
event 24
2938.99 -3760.92 -17625.2 18520.8
-17772.3 -3961.43 -6677.19 19639.9
2818.61 -1348.46 -7816.71 8418.73 1 1
120.374 -2412.46 -9808.5 10102.1 -1 1
-13698.1 -1739.64 -4601.19 14554.9 1 2
-4074.23 -2221.79 -2076 5084.94 -1 2
event 25
2781.73 9841.17 -20615.9 23220.5
10824.3 13423.8 5424.17 18340.6
3121.2 3690.71 3009.66 5694.95 1 2
1712.61 3210.24 -10164 10796.1 1 1
7703.09 9733.12 2414.51 12645.6 -1 2
1069.13 6630.93 -10452 12424.4 -1 1
event 26
5199.33 -3616.7 -7175.77 10059.7
-7894.99 -1615.32 5399.88 10182.8
-3027.03 -1676.64 958.775 3592.27 1 2
2045.26 33.8097 -1182.13 2364.92 1 1
-4867.97 61.3175 4441.1 6590.56 -1 2
3154.07 -3650.51 -5993.63 7694.75 -1 1
event 27
6315.18 -2590.85 25882.3 26945.8
7508.53 1269.88 -391.909 8230.13
2963.72 1718.42 777.789 3514.65 -1 2
2430.96 -1612.8 6108.96 6770.61 1 1
4544.81 -448.545 -1169.7 4715.49 1 2
3884.22 -978.044 19773.3 20175.2 -1 1
event 28
-5712.85 4149.76 -12739.4 14891
-5617.19 -4972.54 -1868.46 8328.3
-3189.57 -3429.51 344.788 4697.33 1 2
-1316.54 2802.1 -5555.59 6360.88 1 1
-2427.62 -1543.03 -2213.25 3630.96 -1 2
-4396.31 1347.66 -7183.84 8530.09 -1 1
event 29
10074.1 -9584.58 6378.31 15608.5
-2061.51 7400.62 10987.8 13760.1
-749.701 5271.75 9376.59 10783.6 -1 2
2838.04 -3722.69 793.032 4749 -1 1
7236.02 -5861.88 5585.28 10859.5 1 1
-1311.8 2128.87 1611.16 2976.56 1 2
event 30
2426.31 8711.74 17002.8 19505.5
1177.27 -4848.87 -9304.57 11003
2163.1 -3093.81 -5161.19 6395.29 1 2
-220.598 4568.39 9343.29 10403.2 -1 1
-985.834 -1755.06 -4143.38 4607.7 -1 2
2646.91 4143.35 7659.48 9102.32 1 1
event 31
6325.74 3387.36 -10523.3 13108
4046.92 -6171.72 13303.5 15525.5
630.956 -3247.44 7376.52 8085.05 1 2
2052.08 113.576 -4938.91 5350.51 -1 1
4273.66 3273.79 -5584.42 7757.5 1 1
3415.96 -2924.29 5927 7440.48 -1 2
event 32
10039.4 4317.51 -34793 36600.2
-5073.72 -5003.64 -25137 26310.5
-3280.25 -1304.08 -13992.3 14431.1 -1 2
1854.6 2225.66 -9610.91 10038.6 -1 1
8184.79 2091.85 -25182.1 26561.6 1 1
-1793.48 -3699.56 -11144.8 11879.4 1 2
event 33
-8983.36 -259.264 24189.4 25990.1
3014.33 -7806.1 -9294.39 12884
-218.483 -3067.88 -4233.18 5233.6 -1 2
-2255.67 16.9406 10423.8 10665.6 1 1
-6727.69 -276.205 13765.6 15324.6 -1 1
3232.81 -4738.23 -5061.21 7650.42 1 2
event 34
5341.35 3016.49 1846.11 7115.37
-18616.5 -4870.78 -49054.3 52784.6
-3533.53 -1281.94 -13117.9 13646.2 1 2
1266.87 2210.05 -45.8712 2550.01 1 1
-15082.9 -3588.84 -35936.4 39138.3 -1 2
4074.49 806.433 1891.98 4565.36 -1 1
event 35
-8730.16 7253.72 33653.4 35650.7
646.6 6599.11 -7527.61 10498.7
-613.588 3397.87 -2013.32 3998.33 1 2
-4162.6 1884.7 10598.4 11541.9 1 1
1260.19 3201.24 -5514.28 6500.35 -1 2
-4567.56 5369.02 23055 24108.8 -1 1
event 36
-8447.98 5024.44 -6142.15 11997.1
6607.25 2488.28 -1334.86 7824.3
3997.83 1232.45 -2293.43 4772.06 -1 2
-2444.49 3153.88 -1982.56 4456.92 1 1
-6003.49 1870.56 -4159.59 7540.18 -1 1
2609.42 1255.82 958.563 3052.24 1 2
event 37
-7803.77 -3444.77 10242.6 13684.5
88166.2 -7320.03 -75347.5 116248
-5724.44 -3237.19 9297.32 11388.6 1 1
-2079.33 -207.578 945.232 2295.94 -1 1
77161.7 -7325.11 -66551 102160 1 2
11004.4 5.08108 -8796.5 14088.5 -1 2
event 38
-11580.7 1409.51 45680.1 47247.9
7887.39 -2903 -8099.8 12076.3
5616.88 -690.45 -4193.82 7044.52 -1 2
-3724.9 1201.31 20471.3 20842.3 -1 1
-7855.82 208.197 25208.9 26405.6 1 1
2270.52 -2212.55 -3905.98 5031.75 1 2
event 39
-1314.02 10540.7 21628.4 24294.2
-6482.49 8511.81 11429.1 15959
651.826 5460.14 9110.15 10641.6 -1 1
-1965.85 5080.61 12518.2 13652.6 1 1
-6241.93 6165.7 9163.62 12687 -1 2
-240.563 2346.11 2265.5 3271.97 1 2
event 40
8919.23 -3127.6 24261.6 26221.2
-6708.09 -3152.11 14499.9 16576.2
-4377.98 -1803.77 12000.3 12901.1 1 2
4023.28 -2797.7 9959.01 11099.9 1 1
-2330.11 -1348.34 2499.54 3675.09 -1 2
4895.95 -329.898 14302.6 15121.4 -1 1
event 41
-4262.91 -6116.89 -39094.2 39919.1
-9449.43 119.883 -49170.1 50165.7
-7201.88 556.765 -42577.5 43186 1 2
-2718.95 -1424.08 -17433 17701.4 1 1
-2247.55 -436.882 -6592.64 6979.72 -1 2
-1543.96 -4692.81 -21661.2 22217.7 -1 1
event 42
-4400.73 7021.74 -14996.9 17411.8
-11528.8 -7410.63 -14878.5 20464.4
-3778.19 3242.41 -7700.56 9170.48 -1 1
-622.544 3779.33 -7296.37 8241.3 1 1
-6069.19 -3875.35 -5552.04 9093.39 -1 2
-5459.56 -3535.28 -9326.46 11371 1 2
event 43
-4565.97 -3094.39 -27222.9 27948.2
8086.09 8093.5 -40806.6 42493
-3465.83 -761.412 -19026.2 19354.5 1 1
-1100.14 -2332.98 -8196.71 8593.62 -1 1
4496.44 5886.88 -29797.5 30704.6 -1 2
3589.65 2206.61 -11009.1 11788.4 1 2
event 44
1492.85 8108.95 -11715.6 14657.1
1070.69 5552.94 -1019.14 6527.77
-124.024 4268.28 -3827.91 5735.65 -1 1
1616.87 3840.67 -7887.7 8921.43 1 1
-917.977 1874.41 -1062.81 2344.53 -1 2
1988.67 3678.53 43.6715 4183.23 1 2
event 45
6482.15 -7977.54 -26157.5 28345.4
-4112.91 -6658.82 -20086.7 21779
2601.7 -4821.97 -9661.74 11107.7 -1 1
3880.46 -3155.57 -16495.8 17237.7 1 1
-1592.36 -5243.33 -14167.6 15190.8 -1 2
-2520.55 -1415.49 -5919.14 6588.18 1 2
event 46
660.917 -7268.38 -2744.85 8390.11
2829.02 7887.88 -4711.54 10100.1
2286.04 2543.95 -981.887 3559.9 1 2
990.576 -2403.39 332.957 2622.89 1 1
542.982 5343.93 -3729.66 6540.18 -1 2
-329.658 -4864.99 -3077.81 5767.22 -1 1
event 47
7162.24 -5940.18 -11440.1 15068.1
5443.54 -3106.4 -4216.96 8164.27
4256.86 -1371.57 -4080.95 6055.36 -1 2
1806.97 -2646.25 -2188.1 3881.59 1 1
5355.26 -3293.93 -9251.98 11186.6 -1 1
1186.68 -1734.84 -136.014 2108.92 1 2
event 48
-5501.39 4353.59 8376.33 11356.6
12800.4 1697.36 6281.47 14689.4
10298 384.323 3995.63 11053.2 1 2
-1110.25 2791.75 3355.24 4505.03 -1 1
2502.41 1313.03 2285.83 3636.25 -1 2
-4391.14 1561.84 5021.09 6851.57 1 1
event 49
3220.09 8072.71 -1142.52 9296.98
1000.36 -7274.77 563.683 7989.41
1812.65 -5268.28 -462.372 5591.55 1 2
2571.6 2854.37 264.534 3852.49 -1 1
-812.283 -2006.49 1026.06 2397.87 -1 2
648.497 5218.34 -1407.05 5444.5 1 1
event 50
-8336.54 589.299 10921.2 14096.4
8521.53 1878.13 -18236.8 20452.8
3208.2 991.379 -10503.1 11027.3 1 2
-2435.4 -596.407 5281.04 5847 1 1
-5901.14 1185.71 5640.16 8249.36 -1 1
5313.34 886.753 -7733.73 9425.47 -1 2
event 51
-1073.72 -7544.46 -2730.29 8667.03
-5375.39 -5643.98 20872.3 22494.3
-1562.88 -3762.05 11545.4 12243.4 1 2
132 -2486.2 503.959 2542.39 -1 1
-1205.72 -5058.26 -3234.25 6124.64 1 1
-3812.51 -1881.94 9326.95 10250.9 -1 2
event 52
-1525.28 -6126.68 19830.5 21040.5
-9136.89 -9372.33 -21942 25736.5
353.692 -3869.9 8706.88 9535.31 -1 1
-1878.97 -2256.77 11123.6 11505.2 1 1
-4616.06 -5204.42 -14495.9 16079.1 -1 2
-4520.83 -4167.91 -7446.06 9657.35 1 2
event 53
3871.59 1510.55 -11151.3 12296.9
1676.57 -11489.8 -11401.1 16565.1
2076.16 2400.56 -6919.74 7613.61 -1 1
1795.43 -890.005 -4231.54 4683.24 1 1
84.6428 -6838.2 -4900.25 8413.78 -1 2
1591.93 -4651.61 -6500.81 8151.28 1 2
event 54
7756.3 5940.13 4095.6 11036.7
-11485.7 -7302.53 23446.1 27359.8
5164.7 2311.76 3151.63 6477.83 -1 1
2591.6 3628.37 943.972 4558.92 1 1
-7300.55 -3335.33 10761.1 13425.1 1 2
-4185.17 -3967.2 12685 13934.6 -1 2
event 55
-11706.6 3198.94 20065.8 23653.9
-2594.44 -15118.7 434.65 15655.3
-455.017 -4654.31 -1249.97 4841.82 1 2
-3311.4 -202.877 3885.54 5110.29 1 1
-2139.42 -10464.4 1684.62 10813.4 -1 2
-8395.16 3401.82 16180.3 18543.6 -1 1
