event 0
6785.36 -7228.15 3633.75 11003.7
-468.644 5055.69 -9937.29 11581
-1435.19 3280.78 -4331.16 5620.79 1 2
2300.55 -4513.67 2449.77 5628.35 -1 1
966.541 1774.92 -5606.13 5960.24 -1 2
4484.81 -2714.48 1183.99 5375.4 1 1
event 1
-3633.52 3278.1 8587.92 10358.1
12413.4 1845.13 -3049.21 13281
-1504.33 2975.19 3507.88 4840.58 -1 1
-2129.19 302.907 5080.04 5517.53 1 1
7606.23 -388.481 -1573.74 7777.75 1 2
4807.14 2233.61 -1475.47 5503.25 -1 2
event 2
-4213.78 7422.65 -39175.4 40213.9
-5268.76 5403.93 -767.062 8193.98
-1246.87 4497.55 -25258.3 25686.1 -1 1
-2966.91 2925.11 -13917.1 14527.8 1 1
-2979.09 4966.34 -216.171 5796.33 -1 2
-2289.67 437.59 -550.891 2397.65 1 2
event 3
2944.88 -6703.41 -10176.7 12913.7
-2541.09 -6387.39 -558.019 7560.36
-826.477 -4991.39 -1301.73 5225.2 1 2
136.163 -3147.88 -5862.4 6656.32 -1 1
-1714.61 -1396.01 743.712 2335.17 -1 2
2808.72 -3555.52 -4314.32 6257.41 1 1
event 4
5592.88 4551.23 -10773.9 13329
-4957.73 -6204.73 -10306.5 13375.1
3253.79 2411.31 -3353.99 5259.47 -1 1
2339.09 2139.93 -7419.95 8069.53 1 1
-2799.95 -4369.58 -8661.21 10097.6 -1 2
-2157.78 -1835.15 -1645.33 3277.5 1 2
event 5
-5055.52 8535.36 17189.5 20086.7
3851.56 -4629.07 -619.016 6799.72
-3199.61 5766.43 13982.4 15459.9 -1 1
-1855.91 2768.93 3207.09 4626.88 1 1
365.271 -2057.82 -1224.23 2424.45 -1 2
3486.29 -2571.26 605.217 4375.27 1 2
event 6
-3648.78 7658.26 30958.9 32249.1
-2209.36 -8111.29 -26521.6 27993.9
-121.077 -5803.16 -15979.8 17001.6 1 2
-1202.7 2927.8 6678.47 7391.32 -1 1
-2088.29 -2308.13 -10541.8 10992.2 -1 2
-2446.08 4730.46 24280.4 24857.8 1 1
event 7
2306.63 -4713.79 -13830.3 15113.2
-6837.29 -10806.3 4966.6 14063.5
-6.51575 -3439.85 -8231.85 8922.28 -1 1
2313.15 -1273.95 -5598.44 6190.91 1 1
-4641.26 -5090.68 1591.24 7071.04 -1 2
-2196.04 -5715.57 3375.36 6992.47 1 2
event 8
1356.15 10697.7 5123.59 12333.8
7017.88 3238.97 21542.5 23095.8
2703.51 2828.99 8666.71 9509.74 -1 2
-954.815 2833.17 977.769 3147.33 1 1
2310.97 7864.58 4145.82 9186.46 -1 1
4314.37 409.98 12875.8 13586 1 2
