event 0
-4991.42 15455.8 -3096.49 16822
-5117.94 3433.52 37133.5 37768.6
-4507.8 9075.39 -1994.71 10328.3 1 1
-483.619 6380.45 -1101.78 6493.78 -1 1
-2177.67 3263.72 19589.5 19978.9 -1 2
-2940.27 169.801 17543.9 17789.7 1 2
event 1
7056.77 -1153.64 17753.9 19388.7
-2283.61 7996.07 -8062.75 11989.6
3680.42 -427.226 5322.23 6485.77 1 1
3376.35 -726.412 12431.7 12902.9 -1 1
209.555 4487.07 -3340.22 5598.74 1 2
-2493.16 3509.01 -4722.53 6390.81 -1 2
event 2
-132.146 -4473.62 9792.13 11203
-13711 28739.7 10197.1 33578.8
1392.47 -2945.9 6368.54 7154.49 -1 1
-1524.61 -1527.72 3423.59 4048.52 1 1
-7785.04 19587.3 6298.59 21998.9 -1 2
-5925.99 9152.43 3898.5 11579.9 1 2
event 3
-6827.21 -582.325 -2571.4 7946.88
-2816.87 10499.1 10156 15195.4
-3603.27 1239.07 -1188.91 3992.93 1 1
-3223.94 -1821.4 -1382.49 3953.95 -1 1
-3114.39 5759.55 6095.11 8946.14 1 2
297.518 4739.55 4060.85 6249.28 -1 2
event 4
5132.71 -5740.4 4457.8 9421.24
5072.45 6389.63 10382.6 13562.7
3372.42 1956.25 3797.43 5443.51 -1 2
1593.53 -1222.1 2798.01 3445.71 1 1
3539.18 -4518.31 1659.79 5975.53 -1 1
1700.03 4433.38 6585.22 8119.19 1 2
event 5
-5829.47 -3543.52 11327 13580.5
15961 4526.76 3333.39 17203.1
-4489.53 -1483.44 5488.48 7245.07 -1 1
-1339.94 -2060.08 5838.47 6335.48 1 1
10834.7 3713.44 3595.71 12005 -1 2
5126.26 813.321 -262.325 5198.08 1 2
event 6
5902.33 5358.57 2899.88 9030.6
-15832.6 -16408.1 31194.6 38763.3
-2673.75 -2587.93 3356.05 5012.04 -1 2
1932.43 1811.32 -521.175 2701.47 1 1
-13158.8 -13820.2 27838.6 33751.3 1 2
3969.9 3547.25 3421.06 6329.13 -1 1
