event 0
3913.66 13782.4 -2601.38 14887.2
-5536.74 6176.47 26953.8 28370.9
1629.39 9816.1 -856.745 9987.79 -1 1
2284.27 3966.28 -1744.64 4899.4 1 1
-434.154 2549.73 7479.52 7914.79 -1 2
-5102.59 3626.74 19474.3 20456.1 1 2
event 1
-5955.5 -448.065 -185.096 6730.12
10130 -1819.19 20562.8 23202.3
4024.48 701.188 6740.24 7882.26 -1 2
-1870.65 1063.16 737.103 2276.87 -1 1
6105.54 -2520.38 13822.6 15320.1 1 2
-4084.85 -1511.22 -922.199 4453.25 1 1
event 2
-5864.12 -4360.5 20946.1 22399.4
3147.39 5576.35 -3506.96 7930.24
-4335.85 -1416.1 10798.8 11723.1 1 1
-1528.27 -2944.4 10147.3 10676.3 -1 1
1956.35 1685.82 -42.0494 2585 -1 2
1191.04 3890.53 -3464.91 5345.24 1 2
event 3
-1567.23 4561.62 -2593.26 6291.32
-389.875 7813.71 -2554.03 8793.18
201.221 3578.84 -1026.03 3729.94 1 1
-1768.45 982.778 -1567.23 2561.37 -1 1
1179.08 4131.67 -605.242 4340.32 -1 2
-1568.95 3682.03 -1948.79 4452.86 1 2
event 4
-1160.56 8990.09 3549.02 10215.4
1493.31 -8505.42 -10308.5 13799.6
-446.893 4527.07 3420.66 5692.64 1 1
-713.669 4463.02 128.366 4522.78 -1 1
1194.88 -4410.87 -3165.4 5560.08 -1 2
298.434 -4094.55 -7143.12 8239.52 1 2
event 5
-5745.76 879.862 -7827.71 10229.9
-4852.28 15255.1 31095.6 35111.1
-3931.62 -908.517 -4785.16 6260.35 1 1
-1814.14 1788.38 -3042.55 3969.6 -1 1
-1844.45 8095.94 19020.9 20754.6 -1 2
-3007.82 7159.2 12074.7 14356.6 1 2
event 6
14734.9 135.606 50294.7 52500.3
4024.69 -8100.95 -20043.1 22206.8
980.43 -4501.92 -7454.18 8763.81 1 2
3316.57 1192.6 9890.14 10499.9 1 1
11418.3 -1056.99 40404.6 42000.4 -1 1
3044.26 -3599.03 -12588.9 13442.9 -1 2
event 7
-435.095 9119.71 2385.62 9931.81
-5302.75 -10145.7 7238.99 13894.2
-1205.56 -3905.78 4115.78 5801.66 1 2
586.272 3580.83 2301.08 4297.93 1 1
-4097.2 -6239.92 3123.21 8092.55 -1 2
-1021.37 5538.88 84.5421 5633.88 -1 1
event 8
-3049.2 -6538.83 -5575.57 9629.75
8375.1 -3137.51 16098.2 18674.3
2869.75 -1137.32 8734.04 9264.11 1 2
-1971.47 -1795.2 -738.276 2768.69 -1 1
5505.34 -2000.19 7364.12 9410.15 -1 2
-1077.74 -4743.62 -4837.3 6861.05 1 1
event 9
9718.7 5474.19 -63.9243 11576.5
-5864.22 -2897.75 -1444.06 7379.87
-3050.39 -2720.13 -1923.02 4518.09 1 2
3487.99 3401.58 -902.083 4955.98 -1 1
-2813.83 -177.625 478.962 2861.78 -1 2
6230.71 2072.61 838.158 6620.5 1 1
event 10
1139.8 -8220.24 1992.3 9079.18
-10788.1 7186.24 3316.69 13733.8
-541.648 -4496.3 -4.83588 4530.05 -1 1
1681.44 -3723.93 1997.13 4549.14 1 1
-7670.44 3477.47 2720.42 8851 -1 2
-3117.62 3708.77 596.266 4882.75 1 2
event 11
2740.18 -4909.2 16920.5 18097.1
1934.79 7885.64 -28634.4 29924
641.86 -3668.24 7622.06 8483.8 1 1
2098.32 -1240.96 9298.42 9613.26 -1 1
-495.086 4357 -15447.7 16058.4 1 2
2429.88 3528.64 -13186.6 13865.6 -1 2
event 12
1024.08 8198.23 2694.75 9225.64
4494.29 303.741 -20001 20734.6
2533.54 1680.34 -12183.8 12557.8 1 2
1012.92 3967.88 -195.444 4101.15 1 1
1960.75 -1376.6 -7817.23 8176.79 -1 2
11.1634 4230.35 2890.19 5124.48 -1 1
event 13
392.938 -4881.84 -8545 10324.5
8070.11 -196.276 -19344.6 21188.9
1242.32 -3014.22 -7097.94 7811.58 1 1
-849.378 -1867.62 -1447.06 2512.89 -1 1
4081.97 1418.06 -10410.5 11272.2 1 2
3988.14 -1614.33 -8934.18 9916.76 -1 2
event 14
-4568.01 -4630.25 5386.23 8994.91
-15362.6 -6143.24 10423.5 19798.7
-3774.32 -2726.4 5105.46 6910.54 -1 1
-793.69 -1903.85 280.77 2084.36 1 1
-8560.99 -4533.81 7360.11 12166.7 -1 2
-6801.58 -1609.43 3063.42 7632.01 1 2
event 15
-3155.88 12325 36504.8 38782.2
-6873.07 2966.24 -4146.68 9100.72
-3152.57 6264.5 18539.7 19822.1 1 1
-3.31716 6060.49 17965.1 18960.1 -1 1
-4756.88 3294.26 -3814.15 6931.01 -1 2
-2116.2 -328.021 -332.534 2169.71 1 2
event 16
-1256.49 8207.94 24047.9 25628.9
5474.02 5196.14 -30875.6 31935.3
2017.22 2929.87 -19709.9 20028.6 1 2
956.629 1919.4 7065.45 7384.51 -1 1
-2213.12 6288.54 16982.4 18244.4 1 1
3456.8 2266.27 -11165.7 11906.7 -1 2
event 17
-843.23 10230.8 -21484.6 24011.6
3561.19 4708.79 -15836.4 17182.5
-1484.51 7147.91 -12324.3 14324.7 1 1
641.278 3082.88 -9160.24 9686.92 -1 1
-56.903 2105.11 -6551.46 6882.41 -1 2
3618.1 2603.68 -9284.97 10300.1 1 2
event 18
-1841.49 -6272.52 12066.3 14068.5
4565.45 6863.36 1360.13 8910.09
1321.09 3796.81 -539.176 4057.45 -1 2
661.497 -2327.96 2890.41 3771.29 -1 1
-2502.98 -3944.56 9175.91 10297.2 1 1
3244.36 3066.54 1899.31 4852.64 1 2
event 19
-6412.7 7650.84 -47201.7 48345.1
-11382.9 1122.7 -21001.2 24113.7
-3540.84 6395.37 -33725 34508.3 -1 1
-2871.85 1255.47 -13476.7 13836.8 1 1
-8502.72 1078.78 -12662.2 15290.6 -1 2
-2880.18 43.9159 -8339.01 8823.13 1 2
event 20
2072.64 5280.61 -19175.9 20235.8
-2910.24 -10642 19327.4 22469.1
2082.57 2489.61 -6628.56 7381.35 -1 1
-9.93152 2790.99 -12547.4 12854.5 1 1
-359.827 -7000.55 11641.3 13589.3 1 2
-2550.42 -3641.42 7686.05 8879.81 -1 2
event 21
10611.8 -10869.6 2762.19 15747.3
-8015.96 3376.64 13305.8 16195.5
-3473.89 1458.62 8551.74 9345.53 1 2
2570.26 -2691.44 2062.26 4256.07 1 1
8041.53 -8178.15 699.932 11491.3 -1 1
-4542.07 1918.02 4754.08 6849.94 -1 2
event 22
-6060.7 2775.01 -1661.29 7535.3
-7499.61 1231.75 34133.9 35106.7
-3214.86 -951.735 15804.4 16156.5 -1 2
-1642.01 2385.46 -422.489 2928.52 -1 1
-4284.75 2183.49 18329.5 18950.2 1 2
-4418.69 389.555 -1238.8 4606.78 1 1
event 23
4393.59 9183.19 871.909 10676.4
6278.31 3008.05 60.7526 7619.69
3140.98 2508.79 1272.72 4217.92 -1 2
2661.24 2644.11 -460.175 3781.07 -1 1
1732.35 6539.07 1332.08 6895.37 1 1
3137.32 499.257 -1211.97 3401.78 1 2
event 24
5275.84 -624.252 -27075.9 27765.4
-1126.62 -8540.2 -33914.7 35128.3
3449.17 625.04 -21152.7 21441.5 -1 1
1826.66 -1249.29 -5923.17 6323.97 1 1
-1783.17 -4266.38 -21181.8 21680.9 1 2
656.549 -4273.81 -12732.9 13447.5 -1 2
event 25
6351.11 -2627.02 -11549 13791.6
7366.2 7442.95 1512.93 11024.5
4014.1 -808.696 -8979.69 9869.8 -1 1
2337 -1818.33 -2569.29 3921.77 1 1
4971.06 3314.49 1802.46 6241.57 -1 2
2395.14 4128.47 -289.525 4782.88 1 2
event 26
5414.89 -835.697 10208 11992.1
-12556.9 -5430.71 -16844.5 21920.2
3349.71 -726.932 3221.3 4704.99 -1 1
2065.18 -108.765 6986.69 7287.1 1 1
-7915.4 -4063.25 -12928 15694.2 1 2
-4641.47 -1367.46 -3916.52 6226.04 -1 2
event 27
-12823.5 -3302.47 -31578.3 34440.1
-3753.87 -4786.67 15407.2 16851.6
-1589.3 -3620.16 12094.2 12724.5 1 2
-4944.76 -1821.39 -8422.91 9936.02 -1 1
-2164.57 -1166.51 3313.02 4127.15 -1 2
-7878.79 -1481.08 -23155.4 24504.1 1 1
event 28
-5052.12 20781.5 27604.5 35057
-239.432 -8837.95 47872.9 48780.8
-1590.59 -6183.54 32200 32827.1 1 2
-742.686 7194.12 11101.3 13249.8 1 1
1351.16 -2654.41 15672.8 15953.7 -1 2
-4309.43 13587.3 16503.2 21807.2 -1 1
event 29
5779.29 -8151.86 -3598.85 11063.2
-3718.07 7883.09 17131.1 19468.9
-2216.39 2688.07 4238.47 5487.62 -1 2
626.16 -2794.96 -1896.81 3437 -1 1
5153.13 -5356.89 -1702.03 7626.21 1 1
-1501.69 5195.02 12892.7 13981.2 1 2
event 30
4263.61 1142.18 -17212.3 18037.1
13170.5 13460.4 9.28058 19085
2257 2076.21 -8169.69 8726.95 1 1
2006.61 -934.025 -9042.64 9310.17 -1 1
9148.02 7772.94 1006.68 12047 1 2
4022.51 5687.46 -997.404 7038.02 -1 2
event 31
-3883.38 -9280.17 32353.1 34022.3
1692.97 -4749.32 10411.1 11975.1
-1022.16 -6336.64 19786 20801.3 1 1
-2861.22 -2943.53 12567 13220.9 -1 1
2487.33 -2752.98 7346.52 8230.93 -1 2
-794.358 -1996.34 3064.54 3744.19 1 2
event 32
3295.34 2898.07 -1601.22 5604.7
7423.7 -9243.64 -10505.3 16140.3
3118.68 782.319 -1243.84 3449.13 -1 1
176.659 2115.75 -357.38 2155.57 1 1
5335.04 -4678.01 -7311 10188.6 1 2
2088.67 -4565.63 -3194.33 5951.68 -1 2
event 33
6249.79 4982 28145.3 29421.6
7462.24 3343.77 -1553.73 8881.06
4519.39 2144.53 -2459.02 5575.11 1 2
3354.56 986.867 9158.47 9803.87 1 1
2942.85 1199.24 905.29 3305.95 -1 2
2895.24 3995.13 18986.9 19617.7 -1 1
event 34
-9828.07 5270.7 37092.9 38856.8
-5406.62 -3824.46 20597 21856
-6048.03 4675.32 27027.1 28087.6 -1 1
-3780.05 595.383 10065.8 10769.2 1 1
-2156.17 -280.72 9755.54 9995.48 -1 2
-3250.45 -3543.74 10841.5 11860.5 1 2
event 35
-3869.89 5081.32 -25257.8 26236.3
2066.64 -7373.41 -7107.31 10896.9
-114.415 -3105.49 -4410.52 5396.38 -1 2
-2583.95 965.602 -10941.6 11284.5 -1 1
2181.06 -4267.92 -2696.8 5500.55 1 2
-1285.94 4115.72 -14316.2 14951.9 1 1
event 36
-578.615 4905.12 12379 13683
-11549.4 4887.11 4893.95 13813.5
-1399.79 3021.2 9985.36 10526.4 -1 1
821.18 1883.92 2393.65 3156.62 1 1
-7095.33 1450.34 3341.64 7976.52 1 2
-4454.03 3436.76 1552.31 5836.99 -1 2
event 37
15813.4 -15982.4 -6684.38 23659.5
-3419.21 -7749.76 -10935.6 14174.9
12282.8 -11870 -6365.91 18229.1 1 1
3530.58 -4112.38 -318.467 5430.4 -1 1
0.326998 -3093.97 -2657.5 4079.97 -1 2
-3419.54 -4655.8 -8278.09 10094.9 1 2
event 38
-8447.18 5112.82 -40242.3 41551.5
-1443.31 -5963.93 -1683.98 7076.63
-4197.21 3807.16 -26795.9 27388.7 1 1
-4249.97 1305.66 -13446.4 14162.8 -1 1
-1682.17 -1123.59 -466.597 2078.71 -1 2
238.859 -4840.35 -1217.38 4997.92 1 2
event 39
691.649 4269.93 10676.9 11928.8
3655.87 -8018.34 1494.16 9459.53
1926.98 2481.35 6271.54 7015.25 1 1
-1235.33 1788.58 4405.32 4913.56 -1 1
1402.53 -4519.61 2229.48 5232.18 -1 2
2253.35 -3498.73 -735.313 4227.35 1 2
event 40
-2939.27 -5271.59 10269.3 12307.7
15803.8 3965.13 68537.5 70515.7
-1579.02 -3490.09 3550.64 5224.2 1 1
-1360.25 -1781.51 6718.64 7083.45 -1 1
11444.9 3043.42 43433.9 45019.6 1 2
4358.97 921.71 25103.6 25496.1 -1 2
event 41
-10159.2 1337.49 31181.6 32967.9
-8839.77 3160.05 24188.3 26130.3
-3377.44 2412.5 13173.8 13812.5 -1 2
-2979.36 1122.91 13746.1 14110.5 1 1
-7179.85 214.583 17435.5 18857.5 -1 1
-5462.33 747.544 11014.5 12317.7 1 2
event 42
3154.28 -9064.95 -5313.38 11399.4
8038.88 -8332.89 -20797.3 24003.8
2116.37 -4308.71 -7629.92 9015.03 -1 2
927.328 -4276.28 -4061.03 5970.73 1 1
5922.51 -4024.18 -13167.4 14988.7 1 2
2226.95 -4788.68 -1252.35 5428.65 -1 1
event 43
6734.76 -7878.04 7937.84 13417.2
-3935.04 9796.15 12481.4 16638.2
-1887.16 4224.61 3223.16 5639.91 -1 2
1123.62 -3093.02 1462.17 3602.56 1 1
5611.14 -4785.02 6475.67 9814.62 -1 1
-2047.88 5571.54 9258.25 10998.3 1 2
event 44
8615.26 -1350.17 -17481.5 19779.8
6894.39 -7107.66 2625.98 10702.3
5077.52 -6092.36 3180.96 8545.63 1 2
2942.78 -946.753 -3418.82 4610.4 -1 1
1816.87 -1015.3 -554.977 2156.62 -1 2
5672.49 -403.419 -14062.7 15169.4 1 1
event 45
3772.91 5846.22 10183.2 12716.2
270.372 -11762.8 5205.75 13233.6
-1357.19 -3758.78 1656.24 4327.2 -1 2
592.167 2565.05 5858.06 6423.26 1 1
1627.56 -8004.01 3549.51 8906.36 1 2
3180.74 3281.17 4325.14 6292.95 -1 1
event 46
-8703.19 8973.68 -27780.8 30620.8
7219.81 -501.349 31025.6 32008.7
4051.29 444.751 22446.6 22813.8 1 2
-3497.01 5290.27 -11461.4 13099.3 -1 1
3168.51 -946.1 8579.05 9194.89 -1 2
-5206.17 3683.41 -16319.3 17521.5 1 1
