event 0
-14738.3 3492.15 3613.97 15876.5
5585.64 12066.1 53575.3 55287.4
-8399.24 2854.9 790.043 8906.91 1 1
-6339.01 637.247 2823.93 6969.57 -1 1
5162.74 8885.55 36822.4 38229.7 -1 2
422.899 3180.54 16752.9 17057.7 1 2
event 1
649.128 -8993.66 15804.7 18457.7
-4935.48 6102.11 -35254.9 36250.4
1399.27 -4454.6 5809.71 7454.22 1 1
-750.14 -4539.06 9994.96 11003.5 -1 1
-1525.98 4090.05 -21380.9 21822.3 -1 2
-3409.5 2012.06 -13874 14428.2 1 2
event 2
1548.09 7369.69 10171.2 13028.9
6025.29 2144.91 8967.08 11441.3
2400.33 4083.02 5637.78 7363.99 -1 1
-852.239 3286.67 4533.38 5664.91 1 1
2186.61 -589.161 3969.63 4571.38 -1 2
3838.68 2734.07 4997.44 6869.95 1 2
event 3
-873.957 -8566.66 -3996.37 9985.63
-8890.26 -1309.78 31088.1 32508.7
-4497.9 810.995 13306.5 14069.9 1 2
656.308 -3749.75 -504.16 3841.44 1 1
-1530.27 -4816.91 -3492.21 6144.19 -1 1
-4392.36 -2120.77 17781.6 18438.8 -1 2
event 4
8472.9 -2694.54 -3311.12 9980.2
-2362.42 4604.14 -1897.65 6322.31
-1.98027 3330.51 -833.49 3434.85 1 2
3143.1 -2513.64 -893.422 4123.94 -1 1
-2360.44 1273.63 -1064.16 2887.46 -1 2
5329.8 -180.903 -2417.7 5856.27 1 1
event 5
7795.23 1353.43 -11884.7 14609.4
2546.71 -6671.25 -23129.6 24404.1
1098.25 -2900.69 -15094.9 15410.7 -1 2
1674.28 1339.66 -1752.39 2771.27 1 1
6120.96 13.7774 -10132.3 11838.1 -1 1
1448.46 -3770.56 -8034.65 8993.44 1 2
