event 0
-6809.11 -9451.02 -15272.5 19455.7
-490.507 -7893.48 1077.07 8561.43
-3286.35 -5338.76 -5784.15 8530.54 1 1
-3522.77 -4112.25 -9488.31 10925.2 -1 1
1259.64 -4131.19 859.676 4404.96 -1 2
-1750.15 -3762.29 217.398 4156.47 1 2
event 1
7538.4 9897.32 -51324.6 52901.7
-147.035 -5330.24 -1480.93 6341.75
659.577 -3473.07 -2229.1 4180.58 1 2
4326.6 4002.55 -28832.1 29428.6 -1 1
-806.612 -1857.17 748.172 2161.17 -1 2
3211.8 5894.78 -22492.5 23473.1 1 1
event 2
6776.74 1922.04 25452.8 26590.5
-9960.81 8527.29 -2259.54 13661.2
-3320.37 1941.03 569.263 3889.43 1 2
2458 -613.978 11185.2 11469 1 1
-6640.44 6586.26 -2828.8 9771.78 -1 2
4318.74 2536.01 14267.6 15121.5 -1 1
event 3
-10188 1769.47 -50287.5 51433
7701.69 2635.41 -22646.4 24263.4
-7528.6 -100.973 -36183.1 36958.3 1 1
-2659.39 1870.44 -14104.4 14474.6 -1 1
1507.38 1436.51 -3204.16 3822.77 -1 2
6194.31 1198.9 -19442.2 20440.6 1 2
