event 0
3433.68 6464.49 -14261.5 16326.7
-5955.06 -10341.3 -4293.18 13054.8
-1430.29 -3966.59 -182.268 4221.84 -1 2
265.77 2885.69 -3459.65 4514.22 -1 1
-4524.77 -6374.74 -4110.91 8832.98 1 2
3167.91 3578.8 -10801.9 11812.5 1 1
event 1
7876.69 667.365 1887.96 8697.19
7011.1 698.013 3784 8576.27
4812.16 -495.343 3663.69 6069.27 -1 2
2980.89 863.872 2169.66 3788.21 -1 1
4895.81 -196.507 -281.698 4908.98 1 1
2198.94 1193.36 120.31 2507.01 1 2
event 2
-5936.88 6494.73 -70.2523 9328.64
-7833.92 -3238.82 13546.9 16277.8
-4374.47 -183.687 5946.36 7385.12 -1 2
-1282.48 3645.97 104.67 3867.81 1 1
-4654.4 2848.76 -174.922 5460.83 -1 1
-3459.45 -3055.13 7600.51 8892.73 1 2
event 3
-6844.14 1886.16 16400.1 18137.1
4049.39 11292.4 -53228.8 54651.7
-5226.52 49.7295 12235.1 13305.2 1 1
-1617.62 1836.43 4165.04 4831.96 -1 1
3047.85 5583.26 -33046.9 33653.7 1 2
1001.54 5709.16 -20181.8 20998 -1 2
event 4
4862.02 -2227.8 12132.7 13616
9553.79 4369.67 4140.47 11709.1
1998.95 -2540.62 7381.06 8058.64 -1 1
2863.07 312.821 4751.64 5557.37 1 1
4139.37 3591.73 2094.86 5868.09 1 2
5414.42 777.945 2045.62 5840.96 -1 2
event 5
1356.27 5799.35 -999.871 6786.94
-10603.6 -3857.39 -14065.8 18296.3
-3563.75 -1321.71 -2606.82 4610.2 -1 2
1215.16 1729.68 890.492 2296.2 1 1
-7039.87 -2535.68 -11459 13686.1 1 2
141.112 4069.67 -1890.36 4490.74 -1 1
event 6
18511.8 -6884.05 72567.4 75270.8
2794.97 6700.31 -3275.76 8545.57
-105.601 3711.32 -1780.41 4118.99 -1 2
1692.91 -1652.61 7875.8 8224.14 1 1
16818.9 -5231.45 64691.6 67046.6 -1 1
2900.58 2988.98 -1495.35 4426.58 1 2
event 7
-1369.94 8972.73 21606.5 23639.3
2264.47 -3574.23 -11884.9 12990.2
106.595 -3005.74 -6812.68 7447.79 1 2
354.446 4639.62 13583.5 14358.8 1 1
2157.87 -568.485 -5072.2 5542.38 -1 2
-1724.39 4333.11 8022.98 9280.56 -1 1
event 8
3753.31 3786.49 -15500.3 16681.7
6168.44 -5992.08 -2146.06 9388.92
3295.96 1479.8 -7234.15 8086.86 -1 1
457.351 2306.69 -8266.18 8594.82 1 1
2291.71 -4369.38 -1077.86 5051.37 1 2
3876.72 -1622.7 -1068.19 4337.55 -1 2
event 9
6420.82 -1456.16 -3496.35 8316.27
4669.54 6623.11 -18737.2 20648.1
3149.75 2173.11 -10300.2 10988.6 1 2
1452.01 -2077.51 -1153.25 2786.67 -1 1
4968.81 621.352 -2343.1 5529.6 1 1
1519.8 4450 -8436.95 9659.48 -1 2
