event 0
-11037.8 2983.05 31584.1 33732.5
5005.6 -3522.75 12936.4 14642.7
-7386.19 654.997 17779.4 19264.1 1 1
-3651.62 2328.05 13804.7 14468.4 -1 1
2313.44 119.438 4768.74 5302.67 -1 2
2692.16 -3642.19 8167.71 9340.01 1 2
event 1
-643.605 6933.59 28068.8 29084.9
9996.07 21594.6 17037.5 29429.8
-1222.35 4267.5 12198.7 12981.7 -1 1
578.75 2666.09 15870.1 16103.2 1 1
4962.73 10982 6736.61 13806.8 1 2
5033.34 10612.6 10300.8 15623.1 -1 2
event 2
-3300.02 -4745.13 -23528.9 24507.2
10822.6 3779.52 -31218.2 33400.2
-2610.91 -2002.28 -6971.32 7709.5 1 1
-689.113 -2742.85 -16557.6 16797.7 -1 1
5739.65 1095.94 -19344.8 20208.4 -1 2
5082.94 2683.58 -11873.3 13191.9 1 2
event 3
-6522.71 5365.78 9567.12 13132.3
-4518.02 -5807.98 2586.7 8392.07
-3137.84 -1861.24 2019.62 4171.36 -1 2
-1015.64 2677.14 2936.5 4102.78 1 1
-5507.07 2688.65 6630.62 9029.56 -1 1
-1380.19 -3946.74 567.087 4220.71 1 2
