event 0
2951.69 -7396.89 11589.3 14536.8
7334.98 716.204 -13286.3 15505.8
3449.08 1717.91 -7878.12 8770.6 1 2
2106.03 -1067.36 2656.63 3555.77 1 1
845.662 -6329.54 8932.71 10981 -1 1
3885.9 -1001.71 -5408.15 6735.19 -1 2
event 1
8475.06 -13046.5 -30428.3 34314.9
1203.64 -6738.71 -28621.5 29591.2
7400.1 -9946.48 -25978.2 28784.9 -1 1
1074.96 -3100.06 -4450.12 5529.97 1 1
88.3682 -2285.31 -4640.92 5174.91 -1 2
1115.28 -4453.39 -23980.5 24416.3 1 2
event 2
1844.7 4699.8 1889.57 6217.05
11456.8 -14957 60483.4 63425.5
820.141 2886.47 -501.651 3044.21 1 1
1024.56 1813.32 2391.22 3172.85 -1 1
8122.52 -12628.7 48400 50675.7 -1 2
3334.24 -2328.25 12083.4 12749.8 1 2
