event 0
-8005.37 623.048 -4426.45 9677.74
-3959.64 -4543.33 2185.96 7119.67
-3864.49 -2508.18 2135.22 5078.94 1 2
-3783.83 -34.2921 -3790.4 5356.94 1 1
-95.1484 -2035.14 50.7378 2040.74 -1 2
-4221.54 657.34 -636.051 4320.79 -1 1
event 1
-13973.1 8326.89 -129.276 16558.8
-2702.25 -5837.61 -13762.2 15503.8
-7353.84 4621.39 1458.91 8807.71 1 1
-6619.29 3705.51 -1588.19 7751.09 -1 1
-183.497 -4014.41 -8124.65 9064.78 -1 2
-2518.75 -1823.2 -5637.57 6439.06 1 2
event 2
-782.862 -7806.38 28944.4 30148.4
-4397.68 -4731.11 -11764.7 13774
-1656.61 -4828.16 21162.7 21769.8 1 1
873.749 -2978.22 7781.75 8378.55 -1 1
-1259.94 -1600.52 -1326.19 2432.91 -1 2
-3137.74 -3130.59 -10438.5 11341.1 1 2
event 3
15089.5 -8607.2 -38823 42645
5234.49 -4313.4 9595.02 12151.6
3580.19 -1090.8 5805.33 6908.01 1 2
4955.85 -1442 -9717.3 11003.5 1 1
1654.29 -3222.6 3789.69 5243.55 -1 2
10133.6 -7165.2 -29105.7 31641.5 -1 1
event 4
-7456.5 1287.31 -26358.9 27597.8
-3575.39 -7888.43 14543.4 17207.9
-3146.93 -4324.83 6639.12 8526.22 1 2
-3192.91 1982.2 -10189.4 10860.8 1 1
-428.466 -3563.6 7904.32 8681.73 -1 2
-4263.59 -694.896 -16169.5 16736.9 -1 1
event 5
9504.65 7359.81 15629.9 19959.7
6862.26 -6851.32 6439.97 12045.6
6433.25 -4771.62 5524.71 9730.81 -1 2
3087.57 1422.78 2658.52 4316.98 -1 1
6417.09 5937.03 12971.3 15642.7 1 1
429.015 -2079.7 915.267 2314.75 1 2
event 6
-9491.26 1724.72 -34792.3 36237.4
-3265.45 -6500.06 19685 21307.2
-2498.51 -3773.85 7203.09 8507.65 -1 2
-3326.43 767.9 -7501.63 8242.6 1 1
-6164.83 956.817 -27290.6 27994.8 -1 1
-766.931 -2726.22 12481.9 12799.6 1 2
event 7
4806.12 -4698.95 -10034.8 12468.6
-2045.93 -5611.75 5314.35 8573.82
3661.72 -1671.96 -4359.35 5934.54 1 1
1144.39 -3026.99 -5675.46 6534.09 -1 1
-84.8304 -4190.25 2594.61 4930.37 -1 2
-1961.1 -1421.5 2719.75 3643.45 1 2
event 8
2447.66 6296.82 17555.1 19063.4
-4893.94 6669.18 -21660.1 23391.8
93.8137 4265.65 11256.6 12038.5 -1 1
2353.85 2031.17 6298.53 7024.88 1 1
-2235.79 5291.88 -15762.1 16776.7 -1 2
-2658.15 1377.3 -5897.93 6615.1 1 2
event 9
8567.82 5125.75 25192.5 27275.2
9590.09 2316.96 -7195.12 12597.5
3641.11 797.56 -969.472 3852.9 -1 2
2399.76 208.568 4110.47 4765.45 1 1
6168.06 4917.18 21082.1 22509.7 -1 1
5948.98 1519.4 -6225.65 8744.64 1 2
event 10
3210.04 9144.63 16382.9 19285.2
-990.2 -18079.9 -43757.2 47456.8
-484.113 -3790.69 -6375.76 7434.06 1 2
-134.378 2062.6 1850.3 2776.17 -1 1
-506.087 -14289.2 -37381.5 40022.8 -1 2
3344.42 7082.03 14532.6 16509.1 1 1
event 11
-5773.41 -5817.17 -2375.3 9077.73
11719.6 1000.02 -43710.9 45371.6
-2701.89 -3568.22 198.246 4481.4 -1 1
-3071.52 -2248.94 -2573.55 4596.34 1 1
7378.85 -643.979 -23779 24906.1 -1 2
4340.71 1644 -19931.9 20465.5 1 2
event 12
-7552.2 -7925.33 -7.30973 11377.2
-9657.36 -3113.89 -4114.84 11379.1
-3793.58 222.69 -2070.04 4328.63 1 2
-1344.49 -3257.04 638.186 3582.52 -1 1
-6207.71 -4668.29 -645.496 7794.64 1 1
-5863.78 -3336.58 -2044.8 7050.46 -1 2
