event 0
-4928.66 -8303 2516.25 10447.6
11197.9 1097.1 -12515.9 17112.5
3257.69 1725.95 -4384.52 5729.45 -1 2
-773.371 -2016.38 -672.375 2264.32 1 1
7940.19 -628.851 -8131.39 11383 1 2
-4155.29 -6286.61 3188.63 8183.3 -1 1
event 1
7414.02 5268.67 24716.9 26518.7
-4572.68 6160.38 -15265.7 17363.6
-3359.54 4318.5 -13394.6 14469.4 -1 2
2738.86 1887.92 13504.7 13908.8 -1 1
4675.16 3380.75 11212.2 12609.9 1 1
-1213.14 1841.88 -1871.09 2894.2 1 2
event 2
-6321.92 -1387.58 20825.3 22026.7
-14205.6 3404.19 25285.6 29365.6
-3022.75 976.885 3310.43 4589.27 1 2
-1888.15 -1901.36 6880.27 7384.41 -1 1
-11182.8 2427.31 21975.2 24776.4 -1 2
-4433.78 513.782 13945 14642.3 1 1
event 3
7199.07 1187.17 36599.4 37447.9
-4108.32 -7808.88 -4356.03 10316.1
-2596.09 -2295.03 -723.222 3541.34 1 2
2485 1851.17 12172.9 12561.5 -1 1
-1512.23 -5513.85 -3632.8 6774.79 -1 2
4714.08 -663.996 24426.5 24886.3 1 1
event 4
-1496.81 -4607.65 -6657.5 8796.82
8330.26 7016.74 19555.3 22597.1
-2291.63 -2309.93 -4430.97 5498.36 -1 1
794.817 -2297.71 -2226.53 3298.46 1 1
5732.32 3022.57 12542.4 14118 1 2
2597.94 3994.17 7012.92 8479.09 -1 2
event 5
-9941.44 2668.54 -9662.03 14453.4
6249.14 3999.01 -34933 35846.2
2396.53 2551.55 -10496.6 11065.4 1 2
-2117.99 184.65 -569.723 2203.57 -1 1
-7823.45 2483.89 -9092.3 12249.8 1 1
3852.61 1447.46 -24436.4 24780.7 -1 2
event 6
-6238.4 1983.53 33387.4 34163.8
-9248.66 -1881.68 6962.6 12130.4
-4445.74 276.218 25802.4 26184.3 1 1
-1792.66 1707.32 7585.06 7979.53 -1 1
-4619.31 -1758.37 5197.67 7173.34 1 2
-4629.36 -123.314 1764.93 4957.04 -1 2
event 7
-9330.62 -11405.1 1655.66 15148.2
-8619.3 -1725.49 -6466.87 11343.8
-5231.42 -8670.51 1218.86 10200.1 1 1
-4099.2 -2734.55 436.8 4948.05 -1 1
-2744.63 792.087 -1378.82 3173.75 -1 2
-5874.67 -2517.58 -5088.04 8170.02 1 2
event 8
5297.29 -13034.2 16182.4 21666
7012.27 -2068.28 -4718.81 9236.24
4659.77 -8091.06 9410.75 13257.1 -1 1
637.518 -4943.18 6771.69 8408.83 1 1
4106.32 85.5267 -1441.55 4354.12 -1 2
2905.95 -2153.81 -3277.26 4882.11 1 2
