event 0
2304.36 7555.47 13862.9 16253.3
22499 7253.06 9540.25 25679.2
1703.16 3809.23 4436.45 6091.32 1 1
601.202 3746.25 9426.46 10161.9 -1 1
13317 2896.8 4649.33 14400 -1 2
9182.05 4356.26 4890.91 11279.1 1 2
event 1
7154.34 -11503.9 -2430.12 14107.5
7204.1 1282.51 5143.65 9465.3
6240.92 -7988.02 -2612.69 10468.8 -1 1
913.426 -3515.88 182.574 3638.71 1 1
2878.43 -1004.66 2045.84 3673.06 -1 2
4325.67 2287.17 3097.8 5792.24 1 2
event 2
3172.16 -13141.6 6981.4 15527.2
-194.113 8929.62 -8445.02 12676.2
645.981 -8779.53 4001.71 9670.69 -1 1
2526.18 -4362.06 2979.68 5856.52 1 1
1342.35 2990.63 -2409.53 4069.74 -1 2
-1536.47 5938.99 -6035.49 8606.43 1 2
event 3
7113.19 4925.38 8327.46 12401.3
-7153.66 4311.92 -10644.7 13880.5
-3293.05 959.999 -6283.44 7159.51 -1 2
2659.59 300.978 1695.64 3170.23 1 1
4453.6 4624.4 6631.83 9231.03 -1 1
-3860.61 3351.92 -4361.27 6720.98 1 2
event 4
-3582.8 5113.15 -10498.4 12757.9
-14679.3 1193.21 605.788 15062
-3109.92 1959.09 -3546.98 5109 -1 1
-472.881 3154.06 -6951.46 7648.9 1 1
-9953.79 1316.48 1761.85 10194.4 -1 2
-4725.48 -123.271 -1156.06 4867.55 1 2
event 5
5497.02 -1976.44 -10013.1 11999
-14584.7 -753.37 -38129 40947.4
2425.71 -2006 -7087.98 7756.21 -1 1
3071.31 29.5678 -2925.12 4242.8 1 1
-8727.24 -512.258 -26816.1 28205.4 -1 2
-5857.45 -241.113 -11312.9 12742.1 1 2
event 6
3457.21 11613.1 -60532 61810.5
-308.408 7601.68 -5193.96 9718.49
-740.937 4377.5 -4629.35 6415.1 -1 2
-416.126 3363.89 -16805.3 17144.1 -1 1
3873.34 8249.22 -43726.7 44666.4 1 1
432.529 3224.18 -564.612 3303.39 1 2
