event 0
-6346.88 4058.58 26.2602 8145.36
8520.44 -13031.8 30394.5 34290.5
-3729.14 3483.48 1158.44 5233.95 -1 1
-2617.74 575.103 -1132.18 2911.41 1 1
3977.55 -8594.62 16803.3 19288.6 1 2
4542.88 -4437.16 13591.2 15001.9 -1 2
event 1
772.677 4557.03 19200.4 19990.2
10203.3 -7353.99 7752.66 15095.8
1827.97 2809.55 9436.55 10014.7 1 1
-1055.29 1747.48 9763.82 9975.5 -1 1
6042.82 -5089.38 3198.86 8524.16 -1 2
4160.49 -2264.61 4553.8 6571.64 1 2
event 2
2567.61 -5994.18 -29795.4 30657.4
5865.33 -3180.9 1340.98 7477.25
4728.26 -1234.9 1734.97 5186.78 1 2
2498.84 -1946.59 -13006.7 13387.2 1 1
1137.07 -1945.99 -393.993 2290.46 -1 2
68.7719 -4047.59 -16788.7 17270.2 -1 1
event 3
16214.4 12820.3 13440.5 24849.6
7990.01 1190.65 -20513.6 22263.4
10304.8 9836.67 9825.76 17306.2 1 1
5909.65 2983.59 3614.78 7543.45 -1 1
5163.46 724.567 -16681.7 17477.9 -1 2
2826.56 466.079 -3831.84 4785.48 1 2
event 4
5039.96 -2082.37 10727.7 12426
-22856.4 -12618.9 3542.67 26529.2
2692.74 -1820.87 8779.82 9362.85 -1 1
2347.22 -261.498 1947.86 3063.19 1 1
-18062 -8668.57 3350.97 20313 -1 2
-4794.46 -3950.38 191.702 6216.13 1 2
event 5
-9756.3 3916.62 -28530.4 30563.1
5850.68 832.757 7515.77 10050
4245.7 -786.506 4199.85 6024.49 -1 2
-2577.74 1562.18 -12235.2 12601.5 -1 1
-7178.56 2354.44 -16295.2 17961.6 1 1
1604.98 1619.26 3315.92 4025.48 1 2
event 6
-9744.07 -4488.93 -40294.9 41813.5
-5079.76 -6281.86 -18869.2 20758.2
-1020.2 -3606.99 -9206.17 9940.62 1 2
-2880.35 126.858 -11180.1 11546.4 1 1
-6863.72 -4615.79 -29114.8 30267.1 -1 1
-4059.56 -2674.88 -9663.02 10817.6 -1 2
event 7
4369.89 4860.71 661.866 7263.05
3591.76 7938.7 -28578.4 30037.3
1612.47 2676.42 -15319.6 15635.3 -1 2
1329.25 1518.2 1682.49 2629.41 -1 1
1979.29 5262.27 -13258.8 14402 1 2
3040.64 3342.51 -1020.62 4633.65 1 1
