event 0
-5926.42 -15265 -38897.8 42317.5
5582.78 1896.25 -6748.47 9481.3
4029.34 14.3726 -5238.51 6609.76 1 2
-3856.27 -6195.49 -18951.5 20308.3 -1 1
1553.44 1881.87 -1509.96 2871.55 -1 2
-2070.15 -9069.49 -19946.3 22009.2 1 1
event 1
-11524.5 890.182 6637.74 13684.2
5761.17 -2685.01 9935.64 12194.6
2298.33 -2765.7 5341.68 6440.2 1 2
-4424.9 1820.25 3045.65 5672.76 -1 1
3462.83 80.687 4593.96 5754.42 -1 2
-7099.55 -930.07 3592.08 8011.42 1 1
event 2
893.431 8808.25 -12843.2 15903.5
-11866.1 12842.9 28835 33864.4
1297.58 4942.64 -5003.34 7152.48 -1 1
-404.145 3865.62 -7839.84 8751.03 1 1
-5975.05 7692.13 18417.7 20834.9 -1 2
-5891.03 5150.82 10417.4 13029.5 1 2
event 3
11117.9 13571 -49492.7 52601.3
-4071.55 4138.39 -5979.91 8891.29
-1665.03 3685.47 -4389.84 5969.66 1 2
4853.68 5223.41 -15932.6 17455.7 1 1
-2406.52 452.921 -1590.07 2921.63 -1 2
6264.24 8347.55 -33560.2 35145.7 -1 1
event 4
-3734.1 11560.9 27402.7 30134.7
8441.85 -10053.3 29595.4 32524
2365.1 -5177.74 12155.6 13422.8 1 2
-2742 4715.33 14536.7 15526.8 1 1
6076.75 -4875.58 17439.8 19101.2 -1 2
-992.099 6845.59 12866 14607.9 -1 1
event 5
4772.45 6377.39 -14934.7 17207.1
-5833.19 5377.55 -18227.3 20118.9
-3174.37 2135.24 -5366.49 6591.38 1 2
1921.57 2046.59 -8443.87 8898.93 1 1
2850.88 4330.8 -6490.82 8308.15 -1 1
-2658.82 3242.31 -12860.8 13527.5 -1 2
