event 0
3417.94 5123.07 4181.87 8062.65
-12063.5 -5853.2 30693.5 33637.3
912.943 4072.38 2552.05 4893.04 -1 1
2505 1050.69 1629.81 3169.61 1 1
-6537.22 -2185.37 18721.9 19950.7 1 2
-5526.23 -3667.83 11971.6 13686.6 -1 2
event 1
-3484.87 7716.54 29089.9 30520.5
-7157.33 2596.23 1454.39 8346.9
-3282.04 -365.928 204.069 3310.36 1 2
-1681.83 1896.8 14318.4 14541.4 1 1
-1803.04 5819.74 14771.5 15979 -1 1
-3875.29 2962.15 1250.32 5036.54 -1 2
event 2
8004.46 -2400.09 12253.9 15151.9
20744.9 18435.3 43031.2 51298
4869.38 -2553.18 9490.73 10968.8 -1 1
3135.08 153.093 2763.15 4183.1 1 1
16845 13259.7 33474.5 39750.8 -1 2
3899.9 5175.57 9556.74 11547.2 1 2
event 3
9002.75 9721.45 21093.1 25101.1
7000.89 -3880.94 -27461 28771
4402.29 -1034.02 -11668.2 12514.3 -1 2
3774.34 1995.12 6262.8 7580.24 1 1
5228.41 7726.34 14830.3 17520.9 -1 1
2598.61 -2846.92 -15792.8 16256.7 1 2
event 4
5216.68 -8595.71 -13999.1 17511.9
4127.11 -8597.02 -16069.7 18941.1
2077.1 -3467.45 -9700.9 10509.8 1 2
1201.63 -2264.63 -1605.2 3026.6 1 1
4015.05 -6331.08 -12393.9 14485.3 -1 1
2050 -5129.57 -6368.76 8431.32 -1 2
event 5
5073.35 2856.37 -6877.29 9528.14
-17856.6 22689.6 20568.5 35585.5
3107.85 633.089 -1805.68 3651.19 1 1
1965.5 2223.28 -5071.61 5876.95 -1 1
-9631.08 11879.5 12756.4 19915.2 1 2
-8225.51 10810.2 7812.08 15670.3 -1 2
event 6
8456.8 1949.63 -502.841 9228.3
8529.28 7735.01 1213.53 11985.1
4341.12 3586.49 2124.14 6019.25 1 2
2104.59 -218.224 -1272.88 2471.5 -1 1
6352.21 2167.85 770.044 6756.8 1 1
4188.16 4148.53 -910.616 5965.85 -1 2
event 7
6861.61 -1107.3 2527.74 8017.99
-6126.35 -4423.87 21107.2 22632
-4776.4 -1622.86 12513.8 13492.8 1 2
2801.18 -1974.71 1478.87 3734.21 -1 1
-1349.95 -2801.01 8593.41 9139.25 -1 2
4060.43 867.411 1048.87 4283.79 1 1
