event 0
893.689 -7408.31 9999.86 12855.7
-241.06 8472.21 -18298.9 20402.9
362.269 3323.04 -4126.37 5311.49 1 2
1747.75 -2823.26 5131.33 6112.87 1 1
-603.329 5149.17 -14172.6 15091.4 -1 2
-854.066 -4585.05 4868.53 6742.84 -1 1
event 1
6933.95 -1864.36 20749.8 22174.3
-6397.17 7354.42 25189 27186.2
-1941.11 3009.68 13200.2 13677.9 -1 2
2765.44 243.011 11248.3 11586.3 1 1
-4456.06 4344.74 11988.8 13508.3 1 2
4168.51 -2107.37 9501.46 10588 -1 1
event 2
-8658.39 -4749.28 8308.55 13272
6184.43 23.8548 4489.64 8245.94
-4536.78 -2974.76 2619.22 6025.2 -1 1
-4121.61 -1774.52 5689.33 7246.81 1 1
3354.71 -89.2393 564.536 3404.69 -1 2
2829.72 113.094 3925.1 4841.25 1 2
event 3
3195.33 -7877.19 -14253.4 16882.2
-6015.66 -137.458 -10175.7 12220.6
-3107.51 -1454.95 -4027.08 5291.69 1 2
272.179 -4316.85 -5580.71 7061.5 1 1
-2908.15 1317.49 -6148.58 6928.87 -1 2
2923.15 -3560.34 -8672.66 9820.75 -1 1
event 4
-4966.97 4508.15 5325.52 9107.29
-6963.18 1922.91 -1281.17 7963.54
-4008.93 1595.57 3258.71 5408.11 -1 1
-958.045 2912.58 2066.81 3699.17 1 1
-4721.04 -99.1107 -1441.13 4938.22 -1 2
-2242.14 2022.02 159.966 3025.31 1 2
event 5
-5760.38 -3632.4 -1401.56 7611.28
-8150.37 -196.767 -2665.33 9119.33
-3196.07 693.126 -2436.24 4079.43 -1 2
-1729.02 -1999.26 -1863.72 3235.92 1 1
-4954.3 -889.893 -229.085 5039.9 1 2
-4031.37 -1633.14 462.166 4375.37 -1 1
