event 0
1125.43 6504.99 1968.63 7813.09
7317.11 8128.52 -16351.8 19914.4
1354.56 3451.47 -6512.06 7494.37 1 2
-1040.57 1858.51 -391.74 2168.29 -1 1
5962.55 4677.04 -9839.71 12420.1 -1 2
2166 4646.48 2360.37 5644.8 1 1
event 1
53.9253 -6489.14 506.932 7208.32
6699.75 1213.32 27837.6 28825
5159.35 -405.443 21103.7 21729.3 1 2
-1495.2 -2764.08 29.7598 3144.49 1 1
1540.4 1618.76 6733.9 7095.75 -1 2
1549.13 -3725.06 477.172 4063.83 -1 1
event 2
-2700.58 3711.61 349.803 5548.17
-7841.43 -3989.56 19879.2 21958.5
-788.646 3082.66 1142.37 3382.45 -1 1
-1911.93 628.945 -792.565 2165.73 1 1
-3550.99 -3326.07 12227.9 13160.8 1 2
-4290.43 -663.487 7651.23 8797.76 -1 2
event 3
35.4924 -9946.29 7922.76 13087.8
2236.5 -9734.49 -46252.5 47419.9
2120 -3930.83 -24610.7 25012.9 -1 2
-1065.44 -2382.14 1073.48 2823.7 1 1
1100.93 -7564.15 6849.28 10264.1 -1 1
116.492 -5803.66 -21641.8 22407 1 2
event 4
-3650.76 -9203.43 -49210.2 50291.8
7729.61 7788.94 -6864.83 13309.1
1342.38 2872.48 -3012.55 4374.9 -1 2
440.92 -2322.69 -10875.1 11129.6 -1 1
6387.23 4916.45 -3852.28 8934.18 1 2
-4091.68 -6880.74 -38335.1 39162.2 1 1
event 5
5570.64 8119.42 -42633.3 43865.1
-5129.15 1213.47 17255.9 18306.8
-2753.44 2203.56 10462.6 11041.5 1 2
2927.82 3099.05 -24377.2 24747.4 1 1
-2375.72 -990.096 6793.32 7265.31 -1 2
2642.82 5020.36 -18256.1 19117.6 -1 1
event 6
4009.76 7442.63 9701.76 13235.8
-2538.2 -5186.81 8777.12 10953.3
2228.46 3616 7106.27 8279.6 1 1
1781.3 3826.63 2595.49 4956.19 -1 1
-509.251 -3050.16 2360.86 3892 -1 2
-2028.95 -2136.65 6416.26 7061.26 1 2
event 7
-2191.4 7955.53 13941.7 16494.1
7733.02 2839.41 -22842.8 24479.5
3353.36 -290.805 -10071.4 10619.5 -1 2
-446.853 3168.56 2844.58 4282.78 -1 1
4379.66 3130.21 -12771.4 13860 1 2
-1744.55 4786.97 11097.2 12211.3 1 1
