event 0
231.225 7594.28 -13623.2 15903.1
11178.3 3544.92 51603.6 53009.8
4559.54 -94.2466 18244 18805.7 -1 2
-1142.52 1847.11 -4963.37 5418.79 -1 1
6618.78 3639.17 33359.6 34204.2 1 2
1373.75 5747.17 -8659.86 10484.3 1 1
event 1
-6307.41 4043.76 -194.592 8109.51
6590.1 7219.4 -3349.87 10787.1
2593.31 2956.93 -2971.87 4930.7 -1 2
-2718.75 1508.07 -1595.74 3496.2 -1 1
3996.8 4262.47 -378.001 5856.37 1 2
-3588.66 2535.69 1401.15 4613.3 1 1
event 2
-2109.43 8943.37 25632.9 27405.6
-11599 -9384.41 10038.3 18247.3
-5086.74 -2802.25 5217.03 7807.44 -1 2
-1582.1 2457.62 5259.46 6017.98 -1 1
-6512.25 -6582.16 4821.25 10439.8 1 2
-527.33 6485.75 20373.4 21387.6 1 1
