event 0
-3626.98 -8367.06 -4835.65 10776.7
7569.14 -3816.75 -3746.41 9771.72
-2106.51 -5521.18 -1423.41 6079.32 -1 1
-1520.47 -2845.88 -3412.24 4697.39 1 1
3190.08 21.7931 -1120.23 3382.78 -1 2
4379.06 -3838.55 -2626.18 6388.94 1 2
event 1
-5876.06 -596.862 19850.3 20940.6
-4598.08 -18866.9 57472.8 60743.9
-4132.93 624.983 16026.4 16562.8 -1 1
-1743.14 -1221.85 3823.9 4377.77 1 1
-3218.65 -9443.77 33290.5 34753.6 -1 2
-1379.43 -9423.14 24182.3 25990.2 1 2
event 2
-2507.8 -12699.1 40629.4 42753.9
7746.97 3749.07 -14279.6 17075.3
2146.55 2630.1 -7335.8 8083.95 -1 2
608.235 -2357.34 9335.02 9647.84 -1 1
-3116.04 -10341.7 31294.4 33106.1 1 1
5600.42 1118.97 -6943.77 8991.32 1 2
event 3
11232.3 4580.76 -9891.2 15955.3
1851.01 6365.13 3137.72 7961.19
6289.65 1097.37 -4143.94 7612.31 1 1
4942.63 3483.39 -5747.26 8343.01 -1 1
164.352 4763.41 1160.71 4906.68 -1 2
1686.66 1601.72 1977.01 3054.51 1 2
event 4
1611.54 5955.27 -6770.55 9669.21
-6194.77 -5434.29 8973.48 12570.7
-3105.9 -1603.03 5603.76 6605.27 1 2
1686.87 1090.62 -2366.53 3105.9 -1 1
-3088.88 -3831.27 3369.72 5965.39 -1 2
-75.325 4864.65 -4404.02 6563.31 1 1
event 5
7894.11 6692.77 7866.21 13363.3
-6895.71 -11678.9 -7666.31 15884.3
-1028.57 -4121.45 -1523.64 4514.09 -1 2
2030.21 940.333 3228.98 3929.82 -1 1
-5867.15 -7557.44 -6142.66 11370.2 1 2
5863.9 5752.43 4637.23 9433.5 1 1
event 6
4592.79 5842.46 2757.88 8510.28
5650.21 -8586.16 30350.6 32193.1
782.445 -3888.36 10968.6 11664.2 1 2
1735.62 2095.82 2644.5 3795.97 1 1
4867.76 -4697.8 19381.9 20528.9 -1 2
2857.17 3746.64 113.381 4714.31 -1 1
event 7
-5472.33 -3970.65 4401.35 8641.45
5823.82 -3879.19 -20272 21668.2
4163.3 -2099.79 -16739.5 17377.1 1 2
-2933.45 -826.609 632.164 3114.36 1 1
1660.52 -1779.39 -3532.51 4291.08 -1 2
-2538.88 -3144.04 3769.18 5527.1 -1 1
event 8
-2180.45 11929 -12103.7 17411.1
-4965.29 5932.8 29909.3 31048.5
-2988.34 5398.22 24450.1 25216.8 -1 2
-2073.63 3497.56 -4351.45 5956.43 1 1
-106.822 8431.49 -7752.24 11454.7 -1 1
-1976.95 534.577 5459.23 5831.67 1 2
event 9
-12389.9 -1677.36 -61044.4 62388.6
391.177 -6874.02 1425.96 7683.07
-7973.3 427.314 -37352.9 38197 1 1
-4416.56 -2104.68 -23691.5 24191.6 -1 1
-985.066 -4083.14 1752.47 4552.44 -1 2
1376.24 -2790.88 -326.507 3130.63 1 2
event 10
3014.46 13931.1 -8361.16 16812.6
-6278.04 4536.01 -15026.6 17186.6
-3130.9 1913.16 -10279.7 10915.4 -1 2
1715.08 2915.44 -2860.2 4430.94 -1 1
1299.38 11015.7 -5500.96 12381.6 1 1
-3147.15 2622.85 -4746.93 6271.23 1 2
event 11
7222.99 -4767.67 -9735.49 13389.3
-1808.23 5642.71 -150.516 6687.54
-2603.55 3431.26 178.251 4312.19 -1 2
3019.19 -2784.11 -6624.66 7795.13 1 1
4203.8 -1983.57 -3110.83 5594.18 -1 1
795.324 2211.44 -328.768 2375.35 1 2
event 12
1330.78 -5167.04 -17259.9 18438.2
11806.5 3877.48 12166.1 17664.5
-928.46 -3524.11 -10819.1 11416.9 1 1
2259.24 -1642.93 -6440.78 7021.27 -1 1
8049.52 2085.33 9881.31 12914.9 -1 2
3757.03 1792.15 2284.75 4749.56 1 2
event 13
4832.57 5510.85 -15167 17127.5
-2689.69 13513.5 -4172.59 14860.8
3066 3016.61 -11893 12647.4 -1 1
1766.57 2494.24 -3273.93 4480.15 1 1
-1951.48 8155.43 -663.165 8412.5 -1 2
-738.211 5358.04 -3509.43 6448.32 1 2
event 14
-2553.31 6876.9 -3191.49 8578.32
-7179.14 -745.93 -20342.9 21806.4
-3441.01 1172.18 -8777.94 9501.47 1 2
-1874.86 1166.07 -862.068 2372.58 -1 1
-678.45 5710.83 -2329.42 6205.75 1 1
-3738.13 -1918.11 -11565 12305 -1 2
event 15
-8447.47 1552.59 -26076.6 27628.8
8358.99 2846.21 -9826.08 13568.9
3739.78 2063.18 -6662.73 7914.91 1 2
-1479.43 1483.01 -4753.62 5195.77 -1 1
-6968.04 69.5859 -21323 22433 1 1
4619.2 783.033 -3163.35 5654.04 -1 2
event 16
-6946.73 1454.44 33735.4 34612.7
1299.75 -14385.6 -19315.3 24316.7
-3249.06 2204.57 15415.1 15907.6 -1 1
-3697.66 -750.131 18320.3 18705 1 1
129.251 -7391.46 -7466.49 10507.6 -1 2
1170.5 -6994.1 -11848.8 13809.1 1 2
event 17
4361.06 -5114.66 -17642.1 19131.5
2120.12 7668.34 -15586 17771.1
2293.95 3139.96 -5768 6957.19 -1 2
2921.33 -1142.35 -8457.92 9021.46 1 1
-173.832 4528.39 -9818 10813.9 1 2
1439.73 -3972.31 -9184.16 10110 -1 1
event 18
-1641.38 -7236.94 33431.3 34384.7
7657.33 1842.44 -12643.3 15214.2
4765.64 2428.65 -6663.88 8545.65 1 2
815.033 -3285.34 14250.8 14647.6 1 1
2891.69 -586.201 -5979.42 6668.6 -1 2
-2456.41 -3951.6 19180.5 19737.1 -1 1
event 19
-31902.2 -7690.54 12028.3 35088
7579.57 5927.39 -6142.35 11828
4823.15 5441.23 -3982.72 8291.14 1 2
-10291.4 -1222.28 2995.88 10788.5 1 1
2756.42 486.16 -2159.62 3536.85 -1 2
-21610.9 -6468.26 9032.37 24299.5 -1 1
event 20
-166.238 -6926.9 7654.08 10778.9
-2734.91 9103.29 8013.91 12812.6
-1536.11 -3453.22 3103.8 4891.74 -1 1
1369.87 -3473.68 4550.28 5887.2 1 1
-1745.3 4683.92 2252.62 5483.67 -1 2
-989.606 4419.37 5761.29 7328.97 1 2
event 21
-10304.9 11281.4 -18689.9 24338.5
-5454.72 -3672.54 -11576.5 13669.3
-6408.94 8972.17 -12507.1 16673.7 1 1
-3895.98 2309.27 -6182.73 7664.77 -1 1
-3890.39 -822.484 -5667.97 6924.5 -1 2
-1564.33 -2850.05 -5908.56 6744.79 1 2
event 22
-6616.37 6093.39 -9872.15 13709.7
-4134.41 6758.17 6550.53 10736.3
-306.342 3193.99 3143.59 4493.19 1 2
-1886.9 1582.92 -933.158 2635.9 -1 1
-4729.47 4510.47 -8938.99 11073.8 1 1
-3828.07 3564.18 3406.94 6243.07 -1 2
event 23
-2413.36 -7152.44 -37107.2 37993.6
12439 4944.97 16428.6 21416.5
-2717.96 -3370.4 -18079.7 18591.2 -1 1
304.597 -3782.04 -19027.5 19402.4 1 1
9055.26 3555.66 9592.23 13662.5 -1 2
3383.69 1389.31 6836.32 7754.1 1 2
event 24
-3054.58 8138.02 -1302.3 9319.11
2463.09 -13782.7 11321.4 18270
-2977.45 4156.37 43.7163 5114.07 1 1
-77.125 3981.64 -1346.02 4205.04 -1 1
2749.4 -10260.4 9681.28 14372.7 -1 2
-286.316 -3522.26 1640.08 3897.34 1 2
event 25
-4819.79 2250.8 -11460.1 13008.5
3648.69 -10217.2 -36503.2 38207.1
-2011.77 2462.65 -7511.19 8157.27 1 1
-2808.02 -211.849 -3948.91 4851.28 -1 1
3165.69 -5910.63 -18158.8 19357.5 1 2
482.998 -4306.57 -18344.4 18849.6 -1 2
event 26
9928.97 10032.6 32790.2 35833.3
3136.52 4370.49 3425.42 7089.66
2996.23 1680.58 2458.82 4225.95 1 2
3917.09 3052.94 8368.03 9731.35 1 1
140.297 2689.91 966.609 2863.71 -1 2
6011.88 6979.68 24422.2 26102 -1 1
event 27
-9523.4 2355.94 44219.1 45400
8076.01 -1699.49 -5909.97 10612.7
6040.4 -2524.69 -3828.63 7584.86 1 2
-3758.19 1647.1 24555.1 24895.8 1 1
2035.61 825.196 -2081.33 3027.83 -1 2
-5765.21 708.843 19664 20504.3 -1 1
event 28
-10976.7 -8197.17 -18340.2 23100.6
-5646.08 6780.2 25767.4 27411.6
-3740.72 4344.4 20651.7 21432.9 -1 2
-3511.13 -4384.22 -6474.68 8572.17 -1 1
-7465.55 -3812.95 -11865.6 14528.5 1 1
-1905.36 2435.8 5115.7 5978.71 1 2
event 29
1004.62 -4845.32 -5432.9 7974.57
-6437.8 6040.83 -21835.6 23755.4
1407.1 -2744.14 -4860.79 5757.49 1 1
-402.479 -2101.18 -572.108 2217.08 -1 1
-3796.08 2753.13 -7822 9120.57 -1 2
-2641.72 3287.7 -14013.6 14634.8 1 2
event 30
-5111.56 -3663.87 1308.99 7131.34
4886.65 -5790.19 -35884.3 36806
2962.5 -1195.71 -14744.5 15087 1 2
-1713.08 -1158.81 1968.11 2856.94 -1 1
1924.15 -4594.47 -21139.8 21719 -1 2
-3398.47 -2505.06 -659.118 4274.41 1 1
event 31
-2396.87 -6791.03 11675.2 14062.9
4210.05 6886.35 -1137.9 8945.93
2386.78 3005.85 -2334.11 4493.44 -1 2
-1693.54 -2430.2 2493.47 3873.31 -1 1
-703.321 -4360.83 9181.72 10189.5 1 1
1823.27 3880.5 1196.2 4452.49 1 2
event 32
7489.69 1436.83 -45664.5 46400.4
-11210.4 -1396.33 8482.62 14462.6
-2953.67 -1678.48 1865.19 3877.05 -1 2
1876.04 1790.19 -13370.1 13619.7 1 1
-8256.73 282.147 6617.43 10585.6 1 2
5613.65 -353.357 -32294.4 32780.7 -1 1
event 33
-3826.77 4885.89 -448.502 6950.41
2808.96 -19666.5 2908.21 20315.2
-3634.72 2723.31 -1113.19 4677.39 1 1
-192.051 2162.58 664.688 2273.01 -1 1
654.095 -12337.1 2828.45 12674.6 -1 2
2154.86 -7329.31 79.7571 7640.67 1 2
event 34
1883.04 7860.26 -32180.4 33324.1
4957.45 2979.71 -2566.06 7044.89
3459.85 826.656 -2620.5 4419.51 1 2
547.821 3994.82 -21737 22108.1 -1 1
1497.6 2153.06 54.4378 2625.37 -1 2
1335.22 3865.44 -10443.3 11216 1 1
event 35
553.317 6731.59 -3274.04 8119.77
-9630.78 484.866 2614.9 10460.4
-6569.5 1535.9 2573.85 7221.71 1 2
1661.95 2838.73 -844.474 3397.76 -1 1
-3061.28 -1051.03 41.0539 3238.67 -1 2
-1108.63 3892.86 -2429.57 4722.01 1 1
event 36
-2828.84 -7837.08 44587.9 45465.3
-8636.22 -1654.94 15356.9 17965.1
-3507.37 28.865 8783.89 9458.88 -1 2
496.061 -2497.1 15130.5 15343.5 -1 1
-3324.9 -5339.98 29457.4 30121.7 1 1
-5128.85 -1683.81 6572.99 8506.21 1 2
event 37
178.723 -5197.57 200.588 6056.2
-2096.29 -8537.57 -14445.5 17191.5
-1198.17 -2969.12 928.558 3335.37 1 1
1376.9 -2228.45 -727.97 2720.83 -1 1
-2560.24 -4397.07 -8930.12 10278.5 1 2
463.955 -4140.49 -5515.43 6913.03 -1 2
event 38
-13262.1 535.384 -5277.38 14615.5
5413.87 4260.41 -35885.3 36671.6
2388.77 3797.58 -20779.5 21258.6 -1 2
-3919.28 984.957 -2866.03 4955.43 -1 1
-9342.83 -449.573 -2411.35 9660.03 1 1
3025.1 462.835 -15105.8 15413 1 2
event 39
-1781.89 5610.57 -28792.5 29550.9
12116.5 14247.9 -101009 102773
33.4443 4050.65 -14357.4 14918.2 -1 1
-1815.34 1559.92 -14435.2 14632.7 1 1
8396.86 7728.55 -57678.7 58797 -1 2
3719.67 6519.4 -43330.7 43976.1 1 2
event 40
-9096.72 1220.74 16435.6 19077.7
-4567.87 3890.15 10171.2 12208.3
-2664.68 1523.09 7704.81 8294.31 1 2
-3969.38 775.108 4345.1 5936.98 -1 1
-1903.2 2367.06 2466.37 3913.98 -1 2
-5127.35 445.631 12090.5 13140.8 1 1
event 41
-8165.15 10161.5 -20157.9 24204.5
5563.26 -3467.82 -24520 25569.5
2877.68 -2245.43 -8085.54 8871.87 1 2
-2553.42 3821.32 -4670.3 6553.26 1 1
2685.58 -1222.39 -16434.5 16697.6 -1 2
-5611.72 6340.18 -15487.6 17651.2 -1 1
event 42
8697.65 3669.16 -10214.8 14249.4
-3867.63 -19066.8 -39533.9 44170.4
367.845 -4219.33 -7655.85 8749.92 -1 2
2667.87 2251.77 -2232.91 4145.49 -1 1
-4235.47 -14847.4 -31878.1 35420.5 1 2
6029.78 1417.39 -7981.86 10103.9 1 1
event 43
-796.972 7285.85 -14257.9 16327.9
-6801.08 -997.079 -8213.15 11148.8
-2988.8 759.551 -2099.62 3732.21 -1 2
90.4308 2758.09 -2613.6 3802.28 1 1
-887.402 4527.76 -11644.3 12525.6 -1 1
-3812.28 -1756.63 -6113.53 7416.58 1 2
event 44
-2663.07 -15966.8 -16048.7 23004
-4219.24 -5871.63 -14033.5 16087.5
-3309.85 -2497.94 -9473.06 10341.4 -1 2
-1189.02 -3299.29 -2036.11 4056.6 -1 1
-1474.05 -12667.5 -14012.6 18947.4 1 1
-909.383 -3373.68 -4560.4 5746.05 1 2
event 45
5620.22 1145.31 -2072.2 6839.85
-6185.28 -5288.68 5647.41 10378.4
3482.89 1171.41 246.622 3684.38 -1 1
2137.33 -26.1009 -2318.82 3155.46 1 1
-3506.63 -2182.71 4519.07 6123.22 1 2
-2678.65 -3105.97 1128.33 4255.17 -1 2
event 46
-6919.57 8489.86 -21674.7 24481.5
8719.59 3496.49 4837.82 11011.3
6865.66 1325.28 3883.66 7999.23 1 2
-2242.47 4523.14 -12090.3 13102.4 1 1
1853.93 2171.21 954.154 3012.11 -1 2
-4677.1 3966.72 -9584.42 11379 -1 1
event 47
8669.97 -1561 655 9360.82
5411.53 -4603.01 31600.3 32536.8
5692.24 -2416.26 -35.8619 6184.85 -1 1
2977.73 855.259 690.862 3175.98 1 1
692.001 -2075.27 6125.66 6505.42 -1 2
4719.53 -2527.74 25474.7 26031.4 1 2
event 48
-5122.8 1318.22 -27081.2 27766.2
-5513.99 11231.7 -11381.2 17195.3
-2536.28 2020.38 -11212.8 11672.8 -1 1
-2586.53 -702.167 -15868.4 16093.4 1 1
-2061.85 7494.56 -6325.77 10022.3 -1 2
-3452.14 3737.16 -5055.48 7173.05 1 2
event 49
4222.17 8592.9 -2035.97 10266.5
-7790.08 2174.46 4116.47 9589.03
-5350.18 2165.01 4210.52 7145.01 -1 2
1524.79 2990.6 -2252.51 4043.97 -1 1
2697.38 5602.29 216.546 6222.51 1 1
-2439.9 9.45568 -94.0411 2444.02 1 2
event 50
-4825.27 12601.8 43241.8 45404.1
-764.024 -11699.3 -14537.3 18931
-2115.67 9450.34 30646.1 32140 -1 1
-2709.6 3151.49 12595.7 13264.1 1 1
-106.097 -2138.82 -1055.1 2389.6 -1 2
-657.927 -9560.48 -13482.2 16541.4 1 2
event 51
-2984.65 -5861.98 -20638.9 21973.2
13942.5 8698.8 -87385.5 88971.3
-3459.24 -2902.36 -11524.4 12378 1 1
474.591 -2959.61 -9114.47 9595.27 -1 1
9360.02 6335.41 -66803.2 67752.7 1 2
4582.43 2363.39 -20582.4 21218.6 -1 2
event 52
-2009.33 -10102.5 1505.59 10860.7
-7879.9 8656.35 -24620.4 27436.8
-7126.97 6150.88 -17911.4 20235 1 2
-823.699 -4370.3 -887.268 4536.12 1 1
-752.925 2505.47 -6708.95 7201.77 -1 2
-1185.63 -5732.17 2392.86 6324.59 -1 1
event 53
-6888.38 12212.5 601.65 14371.8
5791.98 3730.68 25034.5 26149.3
4203.61 1108.83 17050 17595.8 1 2
-2683.35 3658.86 1542.35 4793.5 -1 1
1588.37 2621.85 7984.59 8553.47 -1 2
-4205.03 8553.69 -940.704 9578.31 1 1
event 54
-3681.64 3775.03 12741.1 14132.7
6764.98 -13379.5 27641.5 31597.8
-1550.26 3497.08 9504.06 10245.5 1 1
-2131.38 277.946 3237.05 3887.11 -1 1
5332.67 -7233.01 16797.9 19050.9 1 2
1432.31 -6146.46 10843.6 12546.9 -1 2
event 55
-8893.61 -910.414 23249.4 25100.8
4355.01 -12654.7 50923.4 52743.7
2195.97 -2592.62 14591.7 14982.4 -1 2
-2549.68 -74.2172 3443.37 4286.53 -1 1
2159.03 -10062.1 36331.7 37761.3 1 2
-6343.93 -836.197 19806 20814.3 1 1
event 56
11961.9 8316.62 -17141.8 22708.7
2440.96 -5420.95 -14690.7 16147.9
2614.77 -2945.4 -6622.26 7705.71 1 2
4013.39 4423.8 -7996.13 9981.31 1 1
-173.814 -2475.54 -8068.47 8442.15 -1 2
7948.48 3892.82 -9145.64 12727.4 -1 1
event 57
1971.03 -11459.9 15619.4 19818.4
7853.69 6072.46 7830.92 13018.1
-818.588 -6042.77 8111.93 10148.9 -1 1
2789.62 -5417.17 7507.44 9669.57 1 1
5593.35 4485.99 7243.82 10192.8 -1 2
2260.34 1586.48 587.101 2825.22 1 2
event 58
7956.06 2599.13 -10619.4 13871.4
-4270.41 -4119.26 -3366.76 7492.04
-2074.74 -2380.19 -3462.83 4687.45 1 2
4168.4 -165.153 -5813.32 7156.03 -1 1
-2195.67 -1739.06 96.0689 2804.59 -1 2
3787.66 2764.28 -4806.03 6715.4 1 1
event 59
-5984.46 18.1968 22330.9 23325.4
-8195.8 -6752.73 -29278.8 31298.7
-1693.82 -2508.21 -11614.8 12003.2 1 2
-1807.61 1451.94 7684.38 8027.23 -1 1
-6501.98 -4244.52 -17663.9 19295.5 -1 2
-4176.85 -1433.75 14646.6 15298.2 1 1
event 60
-12175.2 -3102.89 27565.5 30451.8
-151.667 -6378.27 16334.1 17807.3
-168.985 -4357.69 14249.1 14901.9 1 2
-5145.76 -2596.59 14548.2 15648.7 1 1
17.3178 -2020.57 2085.05 2905.45 -1 2
-7029.46 -506.299 13017.3 14803.1 -1 1
event 61
3684.4 4424.88 -9411.38 11459.5
-5183.73 -6570.32 -3452.22 9568.12
1424.98 3652.27 -4318.25 5833.36 1 1
2259.42 772.607 -5093.13 5626.11 -1 1
-1887.96 -4125.72 -618.853 4580.4 1 2
-3295.77 -2444.6 -2833.36 4987.71 -1 2
event 62
-2919.77 -9048.21 22250.5 24394.1
3375.18 11633 63527.7 64746.3
352.246 4569.41 17993.7 18568.4 -1 2
-2527.64 -3006.09 9406.18 10193.8 1 1
3022.94 7063.62 45534.1 46177.9 1 2
-392.132 -6042.12 12844.3 14200.3 -1 1
event 63
-6659.4 10739.7 -17314.7 21658.2
11709.9 -7297.86 -47801.9 49889.8
-5563.72 6782.67 -13157.4 15814.2 -1 1
-1095.68 3957.04 -4157.27 5844.03 1 1
9162.9 -7257.51 -37667.3 39439.4 -1 2
2546.99 -40.3537 -10134.6 10450.4 1 2
event 64
7512.47 -6745.47 -25481.2 27583
1907.84 -4751.29 26250.8 26924.1
-159.32 -3365.65 12342.5 12794.6 1 2
2537.54 -4342.5 -11754.6 12785.8 1 1
2067.16 -1385.64 13908.2 14129.5 -1 2
4974.93 -2402.97 -13726.6 14797.1 -1 1
event 65
3875.85 7189.19 4288.17 9730.77
13949.8 2277.9 -41568.4 44014.9
3295.27 -38.0584 -6469.2 7260.99 -1 2
1106.64 2089.25 2936.11 3771.15 -1 1
10654.5 2315.96 -35099.2 36753.9 1 2
2769.21 5099.93 1352.06 5959.62 1 1
event 66
221.697 7382.98 20804 22292.5
-2084.84 -7876.36 1863.95 8913.42
320.733 -3554.84 -145.536 3573.81 1 2
198.478 2249.44 2960.71 3725.1 -1 1
23.2198 5133.54 17843.3 18567.4 1 1
-2405.57 -4321.52 2009.49 5339.62 -1 2
event 67
-2533.07 6137.93 7553.69 10523.3
-7517.22 -4400.26 821.39 9280.99
-2164.76 -2198.04 -945.768 3228.5 -1 2
-1662.39 1837.3 4621.33 5244.72 1 1
-5352.46 -2202.22 1767.16 6052.49 1 2
-870.682 4300.63 2932.36 5278.58 -1 1
event 68
-9583.92 -7177.95 14627.3 19155.3
-3883.49 -6240.1 2411.18 8332.1
-4388.77 -4190.25 9471.28 11248.8 1 1
-5195.15 -2987.7 5156.06 7906.45 -1 1
-3102.47 -3435.07 130.134 4631.75 -1 2
-781.015 -2805.04 2281.05 3700.35 1 2
event 69
-14853.9 -5251.24 14964.1 21948.3
4816.51 5197.74 -9182.66 12005.5
-9118.99 -1909.76 7512.98 11969.1 1 1
-5734.87 -3341.48 7451.09 9979.18 -1 1
4239.39 2466.78 -6384.38 8051.64 -1 2
577.122 2730.95 -2798.28 3953.83 1 2
event 70
8141.94 -888.905 -339.049 8762.84
3301.86 8666.3 14622.6 17590.3
1855.54 3489.73 3693.47 5410.56 -1 2
2544.92 -1605.36 -754.468 3103.9 -1 1
5597.01 716.456 415.419 5658.94 1 1
1446.31 5176.57 10929.2 12179.8 1 2
event 71
-5311.24 -8837.34 3801.1 11417
-2249.17 4408.36 -17449.5 18400.3
-2270.03 -5639.61 3444.96 6988.36 -1 1
-3041.21 -3197.73 356.141 4428.6 1 1
-2851.55 2391.03 -10694.3 11323.8 -1 2
602.375 2017.33 -6755.2 7076.46 1 2
event 72
-5321.58 4336.6 12878.9 14919.2
10305.3 -30933 -121217 125564
-3800.79 2086.83 10285.9 11163 1 1
-1520.79 2249.77 2592.93 3756.16 -1 1
6047.63 -19433.1 -81041.5 83558.1 1 2
4257.64 -11499.9 -40176 42005.9 -1 2
event 73
-6021.41 -4684.08 -5769.91 10053.9
10743.5 -1918.75 -6045.86 12854.8
-4147.83 -1786.22 -4497.51 6374.47 1 1
-1873.58 -2897.86 -1272.4 3679.41 -1 1
8222.89 -1220.67 -2999.31 8838.15 -1 2
2520.66 -698.079 -3046.55 4016.67 1 2
event 74
-3249.94 -6437.84 10211.4 12879.1
-6010.89 2088.44 25374.8 26343.2
-4513.52 483.837 20488.1 20985.2 1 2
-2942.63 -2410.61 4783.57 6112.59 1 1
-1497.36 1604.6 4886.71 5357.98 -1 2
-307.313 -4027.23 5427.81 6766.48 -1 1
event 75
-6337.88 818.241 -16614.6 18068.6
7751.81 -12403.1 -36618.3 39552.7
-3241.74 813.384 -12368.1 12812.2 1 1
-3096.14 4.85719 -4246.48 5256.41 -1 1
3872.75 -8514.08 -25238.4 26916 1 2
3879.05 -3889.03 -11379.9 12636.7 -1 2
event 76
6006.2 3354.61 4704.38 8891.01
9464.15 4900.36 -2504.01 11377.4
4055.98 509.136 2695.45 4897.63 -1 1
1950.23 2845.48 2008.93 3993.38 1 1
6713.83 1864.71 -1157.86 7064.31 1 2
2750.32 3035.64 -1346.15 4313.08 -1 2
event 77
2076.29 4762.47 -18406.4 19374.6
-8409.65 4754.23 -8409.5 13177.1
2470.7 2476.86 -13504.1 13950.3 1 1
-394.413 2285.61 -4902.28 5424.31 -1 1
-4298.88 3440.93 -3050.82 6295.95 1 2
-4110.77 1313.29 -5358.68 6881.12 -1 2
event 78
4406.79 -7576.24 4795.38 10459.7
-1933.85 5959.03 5699.6 9018.11
-2498.04 3529.13 4522.66 6257.84 -1 2
3175.76 -2613.06 1517.89 4385.06 1 1
1231.02 -4963.17 3277.49 6074.67 -1 1
564.186 2429.9 1176.94 2760.26 1 2
event 79
4443.27 -8066.69 -6271.68 11564.5
-8076.27 -563.908 -35911.5 36942.8
-3274.39 -1045.97 -20700.8 20984.5 1 2
2034.11 -1407.59 -2587.73 3581.4 -1 1
2409.15 -6659.1 -3683.95 7983.12 1 1
-4801.88 482.06 -15210.7 15958.3 -1 2
event 80
6484.58 -4273.98 4259.33 9383.62
3522.94 -5187.14 10445.4 12570.4
3747.01 -2886.6 4177.72 6311.66 -1 1
2737.57 -1387.37 81.6177 3071.96 1 1
438.942 -2331.79 5994.18 6447.58 -1 2
3084 -2855.35 4451.26 6122.82 1 2
event 81
5205.04 -2360.94 4348.47 7820.91
10650.6 2953.01 -48510.3 49849.7
2362.38 -1975.13 3810.42 4900.25 -1 1
2842.66 -385.806 538.054 2920.66 1 1
5183.8 2595.74 -20283.4 21095.9 -1 2
5466.83 357.269 -28226.9 28753.8 1 2
event 82
3674.93 9136.09 11464.5 15427.1
3777.15 11606.5 2987.51 12942
81.8245 5084.78 1451.29 5289.53 -1 2
989.626 2545.72 5497.28 6139.32 1 1
3695.33 6521.76 1536.22 7652.44 1 2
2685.3 6590.36 5967.19 9287.75 -1 1
event 83
3972.4 4167.71 2765.63 7098.61
-4543.67 -8826.38 751.186 10426.1
1719.93 3658.3 2541.14 4775.96 1 1
2252.47 509.408 224.496 2322.65 -1 1
-1279.48 -5037.83 1395.53 5382.89 1 2
-3264.19 -3788.55 -644.349 5043.25 -1 2
event 84
187.909 -6052.14 -18432.9 19647.5
10988.2 -4099.45 -992.167 12170.5
1284.04 -4293.42 -14798.1 15462.1 1 1
-1096.13 -1758.72 -3634.87 4185.46 -1 1
7007.74 -1645.08 613.461 7225.11 1 2
3980.47 -2454.38 -1605.63 4945.43 -1 2
event 85
-247.233 -7476.41 -15072 17108.9
-3323.13 -9967.13 43994.7 45337.8
-266.767 -3957.34 11957.8 12598.9 -1 2
453.325 -2675.16 -2745.91 3861.76 1 1
-3056.36 -6009.79 32036.9 32738.9 1 2
-700.559 -4801.25 -12326.1 13247.1 -1 1
event 86
12145.5 6544.12 7374.48 15947.2
2163.9 6308.17 -27682.4 28642.4
398.909 3984.22 -11005.9 11712.2 -1 2
3500.17 617.912 1061.64 3710.96 -1 1
8645.37 5926.21 6312.85 12236.2 1 1
1765 2323.95 -16676.5 16930.2 1 2
event 87
1200.88 -16105.9 -72512.1 74353.5
34976.7 15760.5 -1232.13 38559.9
2237.42 -9791.62 -44608.6 45725.5 -1 1
-1036.54 -6314.29 -27903.5 28628 1 1
25155 11529.6 756.333 27681.9 1 2
9821.65 4230.91 -1988.46 10878 -1 2
event 88
7331.15 4894.99 15132.9 17784.8
3550.27 -6741.26 -3019.62 8761.17
4818.74 1429.86 7409.61 8954.23 -1 1
2512.41 3465.13 7723.28 8830.6 1 1
133.757 -3332.13 -717.581 3412.78 -1 2
3416.51 -3409.12 -2302.04 5348.39 1 2
event 89
10434.5 -4786.31 -7248.22 13925.4
6271.65 2299.26 -9603.93 12101.5
3526.05 2508.63 -7399.56 8572.69 -1 2
3052.17 -2982.2 -2209.5 4806.49 1 1
7382.36 -1804.1 -5038.72 9118.87 -1 1
2745.6 -209.375 -2204.37 3528.82 1 2
event 90
-4388.88 -10772.6 -7148.91 14000.3
-5508.1 -182.195 -10461.1 12222.9
-2165.66 -6658.96 -5905.53 9160.69 1 1
-2223.22 -4113.63 -1243.38 4839.61 -1 1
-3235.17 -1478.13 -4704.85 5898.98 -1 2
-2272.93 1295.94 -5756.28 6323.89 1 2
event 91
5116.91 -1593.07 -17856.6 18898.9
-8191.27 -5596.4 -3117.87 10850.3
3515.46 471.376 -9410.45 10057.3 1 1
1601.45 -2064.45 -8446.13 8841.66 -1 1
-3614.5 -4296.76 -2004.35 5962.83 1 2
-4576.76 -1299.65 -1113.52 4887.42 -1 2
event 92
9908.45 -3606.66 -3534.21 11544.1
4997.76 9093.17 6978.32 12882.2
4563.19 6240.58 6146.98 9877.45 1 2
4676.71 -316.423 -687.146 4738.68 1 1
434.564 2852.6 831.344 3004.74 -1 2
5231.74 -3290.24 -2847.07 6805.41 -1 1
event 93
12545.5 263.476 5184.03 13925.7
979.84 -4963.25 -5482.91 8077.64
7079.76 489.693 4519.13 8414.07 1 1
5465.73 -226.217 664.9 5511.68 -1 1
-684.801 -3743.03 -2996.88 4844.76 -1 2
1664.64 -1220.23 -2486.03 3232.88 1 2
event 94
1538.82 -6724.9 7550.19 10685.9
-4122.41 6161.68 3224.92 8657.59
-2973 2000.09 692.005 3650.91 1 2
1580.9 -1500.98 3270.13 3931.55 1 1
-42.0843 -5223.92 4280.06 6754.34 -1 1
-1149.42 4161.59 2532.92 5006.68 -1 2
event 95
5350.47 1405.01 10253.4 12055.1
-6259.95 5846.97 18404.8 20535.3
3913.62 -472.89 6956.97 7996.92 -1 1
1436.85 1877.9 3296.43 4058.16 1 1
-3553.13 2681.71 6157.54 7598.87 -1 2
-2706.82 3165.25 12247.2 12936.4 1 2
event 96
5277.26 -6966.58 -5444.83 10752.7
-7707.06 -4226.47 -34511.5 35747.7
-2802.15 -3290.82 -16333.8 16896.4 -1 2
2066.33 -2220.36 -297.964 3049.54 -1 1
3210.92 -4746.21 -5146.86 7703.11 1 1
-4904.91 -935.649 -18177.7 18851.3 1 2
event 97
9102.34 564.438 -40877.3 41996.6
-11636.1 -1822.52 -802.339 12204.7
-5231.43 479.464 -1188.42 5387.13 1 2
3333.66 -860.005 -10734.8 11273.8 1 1
-6404.67 -2301.98 386.078 6817.56 -1 2
5768.69 1424.44 -30142.5 30722.8 -1 1
event 98
-8596 3170.84 9429.7 13507.6
-3609.55 -6105.6 14313.3 16271.7
-464.469 -3416.86 4942.07 6027.09 -1 2
-2199.18 2169.55 4011.66 5064.38 1 1
-6396.82 1001.29 5418.04 8443.23 -1 1
-3145.09 -2688.74 9371.26 10244.6 1 2
event 99
-2021.17 11435.7 -24780.2 27541
5921.19 349.92 1677.95 6898.5
-2551.85 6966.85 -17068.9 18612 -1 1
530.678 4468.85 -7711.25 8928.98 1 1
3489.18 -810.651 -236.165 3591.44 -1 2
2432.01 1160.57 1914.11 3307.05 1 2
event 100
4837.27 -9668.92 28978.2 31084
8195.77 5613.27 11372.5 15414.5
4243.65 1354.29 3713.16 5800.12 1 2
-125.264 -2484.52 7308.96 7721.44 -1 1
4962.54 -7184.41 21669.2 23362.5 1 1
3952.12 4258.99 7659.39 9614.34 -1 2
event 101
-12689.9 -1019.36 -38124 40312.5
-7397.99 -1996.04 20026 21664.4
-8533.12 -1589.67 -21982.7 23634.6 1 1
-4156.82 570.309 -16141.2 16678 -1 1
-2871.85 -553.154 4050.05 4996.75 -1 2
-4526.13 -1442.88 15976 16667.6 1 2
event 102
-4034.28 -6913.18 -7062.38 11114.6
-8107.58 3828.34 -3046.59 9962.97
-4487.21 547.824 -2099.14 4985.24 -1 2
-784.349 -2055.44 -377.924 2234.73 -1 1
-3249.93 -4857.74 -6684.46 8879.91 1 1
-3620.38 3280.51 -947.453 4977.72 1 2
event 103
-4082.22 -7418.91 -19014.4 21043.9
-6479.45 -7061.3 8610.09 13250.3
-3603.09 -2193.68 2413.06 4860.92 1 2
-1091.09 -3094.06 -10818.3 11305.4 -1 1
-2876.36 -4867.62 6197.03 8389.36 -1 2
-2991.13 -4324.85 -8196.1 9738.5 1 1
event 104
-6696.57 809.419 -9571.02 12111.8
-5073.01 9162.92 12777.7 16809.4
-1034.7 4007.11 6689.51 7866.91 -1 2
-1556.01 1566.22 -3215.78 3902.12 -1 1
-4038.31 5155.81 6088.23 8942.48 1 2
-5140.56 -756.8 -6355.24 8209.65 1 1
event 105
2949.35 -13273.3 -72546.6 73874.8
-5721.04 2737.38 2429.95 7464.53
2634.78 -9199.89 -57108.7 57905 -1 1
314.57 -4073.4 -15437.9 15969.7 1 1
-3192.31 2530.58 2733.73 4907.05 -1 2
-2528.73 206.799 -303.785 2557.48 1 2
event 106
5424.94 7532.24 20636.7 22839.2
5542.79 -1432 9264.52 11322.4
3533.22 -2379.75 6531.93 7798.98 -1 2
3359.64 2492.24 11003.4 11772.1 -1 1
2065.31 5040 9633.31 11067 1 1
2009.57 947.753 2732.59 3523.46 1 2
event 107
-11633 -703.84 -27052 29618
-3993.35 1466.8 -12480 13544
-2176.42 2376.66 -7870.7 8505.55 1 2
-4231.46 294.122 -13407.1 14062.5 -1 1
-1816.93 -909.859 -4609.32 5038.46 -1 2
-7401.52 -997.962 -13645 15555.5 1 1
event 108
-17587.9 6431.76 228.422 18982.8
5286.81 -1792.18 6306.02 8973.23
3828.28 -296.19 2363.54 4510.1 1 2
-6851.36 2343.93 -1408.93 7377.77 -1 1
1458.53 -1495.99 3942.47 4463.14 -1 2
-10736.6 4087.84 1637.36 11605 1 1
event 109
-10300.3 1665.15 -20056.1 22819
-5166.22 -3893.65 8558.05 11166.1
-2535.64 -3107.7 6826.95 7918.69 1 2
-3926.79 -856.256 -7853.04 8822.38 1 1
-2630.58 -785.949 1731.1 3247.39 -1 2
-6373.48 2521.4 -12203.1 13996.6 -1 1
event 110
3007.95 8375.07 -2325.42 9705
6840.1 3127.74 -9837.51 12764.7
3104.7 4297.75 -872.776 5374.27 1 1
-96.7506 4077.32 -1452.64 4330.73 -1 1
4303.53 3500.85 -6309.49 8402.21 -1 2
2536.57 -373.114 -3528.02 4362.51 1 2
event 111
3975.82 5517.94 -2624.19 7920.36
6731.04 -10322.5 920.332 12739.6
3310.52 -2823.75 -479.823 4378.87 1 2
1655.53 1580.03 548.219 2355.63 1 1
3420.52 -7498.72 1400.15 8360.76 -1 2
2320.28 3937.91 -3172.41 5564.73 -1 1
event 112
15245.7 -1444.4 6460.06 16906.8
5978.69 -1913.59 -33953.3 34667.3
8311.21 330.05 4620.58 9515.57 1 1
6934.5 -1774.45 1839.48 7391.26 -1 1
4674.36 -379.426 -27773.7 28167.1 -1 2
1304.33 -1534.16 -6179.6 6500.27 1 2
event 113
2538.41 -6679.21 -5763.61 9688.41
-19583.5 7043.2 48455.9 52826.9
328.282 -4825.8 -3002.38 5694 1 1
2210.13 -1853.41 -2761.23 3994.41 -1 1
-10361.3 4675.15 23191.1 25827.3 1 2
-9222.22 2368.05 25264.8 26999.6 -1 2
event 114
7041.86 3654.38 16125.2 18236.1
8424.37 -3059.52 18932 21174.1
4161.46 8.95443 7142.46 8267.02 1 2
2847.61 2087.85 10296 10885.2 -1 1
4262.91 -3068.47 11789.5 12907.1 -1 2
4194.26 1566.53 5829.22 7350.97 1 1
