event 0
-4345.36 -1330.04 -25509.3 26095.4
7567.56 7804.87 4714.28 12247.4
-3265.1 384.411 -18810.8 19096.3 1 1
-1080.26 -1714.45 -6698.51 6999.1 -1 1
5236.33 3395.4 3307.67 7063.97 1 2
2331.23 4409.47 1406.61 5183.41 -1 2
event 1
-4488.45 1299.29 916.948 5680.32
-8429.03 6407.77 -44108.2 45466.8
-3417.56 -404.637 -53.6913 3443.48 -1 1
-1070.88 1703.93 970.639 2236.84 1 1
-5313.2 2611.69 -28307.1 28919.8 1 2
-3115.83 3796.08 -15801.1 16547 -1 2
event 2
-4605.91 4686.67 -30757.8 31604
3038.18 7475.05 -481.641 8656.19
2105.57 2394.2 887.105 3311.15 -1 2
-2859.47 977.7 -10094.3 10537.5 -1 1
932.612 5080.85 -1368.75 5345.04 1 2
-1746.44 3708.97 -20663.5 21066.6 1 1
event 3
-8121.5 12.1253 -31763.3 32931.1
-80.6868 -12491.8 4090.59 13504.6
-1050.07 -4402.93 354.675 4541.52 1 2
-2016.57 -1357.86 -8679.95 9014.6 -1 1
969.388 -8088.85 3735.91 8963.12 -1 2
-6104.93 1369.99 -23083.4 23916.5 1 1
event 4
6884.67 3964.33 1288.94 8623.63
-752.453 7065.43 -18151.7 19737.4
4570.69 891.114 408.841 4675.85 -1 1
2313.98 3073.21 880.101 3947.77 1 1
-149.993 5158.02 -15933.3 16748.4 -1 2
-602.46 1907.41 -2218.4 2988.92 1 2
event 5
-5959.89 5369.11 -4131.74 9539.89
-7594.25 3952.87 7429.98 11751.3
-4050.86 2525.48 -959.367 4870.23 1 1
-1909.03 2843.63 -3172.38 4669.66 -1 1
-4878.59 4107.43 5048.3 8134.38 -1 2
-2715.66 -154.561 2381.68 3616.95 1 2
