event 0
-4802.88 -3108.76 -25914.7 26718.8
-8814.83 12164 -22161.8 26951.8
-3249.61 -1751.95 -21846.2 22156.2 -1 1
-1553.27 -1356.81 -4068.55 4562.65 1 1
-3573.82 7551.23 -11964 14592.5 -1 2
-5241.01 4612.76 -10197.7 12359.2 1 2
event 1
-5797.2 8274.57 33711.1 35328.5
-10220.8 4329.08 5805.28 12903.4
-4457.6 3263.67 3807.81 6710.61 1 2
-802.211 3600.76 13223.2 13728.5 -1 1
-4994.99 4673.81 20487.9 21600 1 1
-5763.19 1065.41 1997.47 6192.78 -1 2
event 2
-11150.4 -3844.43 4306.5 12932.4
-4510.83 -4530.5 7091 10037.2
-1348.2 -3269.15 4666.73 5856.16 1 2
-4270.36 -2384.52 455.7 4913.32 -1 1
-3162.63 -1261.35 2424.26 4181.08 -1 2
-6880.03 -1459.91 3850.8 8019.1 1 1
event 3
8741.95 -4939.28 -33193.4 34816.8
-9687.39 2557.3 31062.5 32785
6394.98 -1923.41 -20547.1 21605.3 -1 1
2346.96 -3015.87 -12646.3 13211.5 1 1
-6070.96 3043.73 21601.6 22644.2 -1 2
-3616.42 -486.422 9460.96 10140.8 1 2
event 4
-8549.1 -2045.83 -2088.3 9550.92
7409.3 449.346 -37439.9 38294.1
-5341.82 -420.994 62.8849 5359.79 1 1
-3207.28 -1624.83 -2151.19 4191.12 -1 1
2874.09 1208.67 -10127.6 10597.2 -1 2
4535.21 -759.327 -27312.3 27696.8 1 2
