event 0
738.941 -10931 -4290.21 12166.7
32934.1 -2291.56 8326.99 34188.2
-364.046 -6291.88 -3828.39 7374.83 1 1
1102.99 -4639.08 -461.821 4791.87 -1 1
21204.7 -1246.96 3838.96 21585.7 1 2
11729.4 -1044.59 4488.03 12602.5 -1 2
event 1
-708.814 5384.7 4163.92 7511.74
2595.37 -20814.7 48631.4 53052.8
900.727 4064.8 2663.06 4943.38 -1 1
-1609.54 1319.9 1500.86 2568.37 1 1
16.4573 -12117.3 28731.1 31182 -1 2
2578.91 -8697.43 19900.3 21870.8 1 2
event 2
5379.15 7721.61 4113.36 10727
4483.71 8955.38 15135.5 18411.3
2014.1 3763.66 9224.56 10164.9 -1 2
3432.05 2434.24 2357.92 4824.46 1 1
2469.62 5191.72 5910.97 8246.43 1 2
1947.1 5287.37 1755.44 5902.56 -1 1
event 3
-6391 6418.58 33676.9 35068
-11987.4 -7035.19 -46277 48418.4
-3362.29 3553.12 11425.6 12429.2 -1 1
-3028.7 2865.46 22251.3 22638.9 1 1
-7933.65 -3567 -24548.2 26044.1 -1 2
-4053.76 -3468.19 -21728.7 22374.3 1 2
event 4
-2495.18 8434.08 3354.69 9909.85
-6438.57 -6302.29 5475.37 10988.3
-2460.3 4656.76 751.688 5321.15 -1 1
-34.8754 3777.32 2603 4588.7 1 1
-5163.49 -3205.57 4266.13 7426.19 -1 2
-1275.08 -3096.71 1209.24 3562.15 1 2
event 5
-7010.62 -4850.3 -26514.2 28022.6
-7009.63 -830.803 2506.11 8105.34
-2933.69 730.535 2176.81 3726.91 1 2
-2070.74 52.8544 -5106.19 5511.36 -1 1
-4939.88 -4903.16 -21408 22511.2 1 1
-4075.94 -1561.34 329.298 4378.43 -1 2
