event 0
-5260.24 -1996.78 11588.8 13249.5
14622.9 6660.9 -24667.7 29602.1
-3466.13 -571.18 9565.55 10190.7 -1 1
-1794.11 -1425.6 2023.25 3058.73 1 1
9895.35 6005.74 -18023.8 21420.9 -1 2
4727.55 655.16 -6643.84 8181.12 1 2
event 1
-4354.62 6522.86 -28565.1 29783.6
10104.7 -1523.34 15645.2 18941.6
3996.58 -99.2696 8747.05 9617.93 -1 2
-3177.13 2292.58 -10988.5 11666.6 -1 1
6108.07 -1424.07 6898.11 9323.71 1 2
-1177.49 4230.28 -17576.5 18117 1 1
event 2
-25631.9 -1095.03 40462.9 48010.7
3890.91 -5139.26 29112.9 29978.4
2179.31 -3479.6 23831.7 24183 1 2
-9947.04 342.071 18123.4 20676.8 -1 1
1711.6 -1659.66 5281.24 5795.4 -1 2
-15684.9 -1437.1 22339.4 27333.9 1 1
event 3
-3284.67 6289.32 15045.1 16920.1
8929.59 13129.4 87586.8 89068.3
2457.1 1935.18 13200.5 13566.4 -1 2
-1604.66 1327.16 2121.28 2974.44 -1 1
6472.49 11194.2 74386.3 75501.9 1 2
-1680 4962.16 12923.9 13945.7 1 1
event 4
12026.6 -10608.2 25426.3 30220.2
7840.76 13986.1 -1108.62 16367.9
3059.85 7371.79 683.279 8011.49 -1 2
2203.44 -3423.01 7817.05 8814.17 -1 1
9823.16 -7185.17 17609.3 21406 1 1
4780.91 6614.35 -1791.9 8356.37 1 2
event 5
9377.44 -10710.1 -5962.75 15741.3
-4088.91 3378.43 -11213.5 12785.4
-3400.5 1335.92 -8901.95 9623.1 1 2
2333.73 -4747.83 -1564.65 5517.92 -1 1
-688.406 2042.51 -2311.58 3162.33 -1 2
7043.71 -5962.28 -4398.1 10223.4 1 1
