event 0
-3165.05 3855.41 10166 11739.7
5193.59 -6574.49 14582.2 17100.4
-1143.5 2993.75 3630.18 4843.5 -1 1
-2021.55 861.656 6535.82 6896.18 1 1
2884.63 -3117.64 10248.7 11094.5 -1 2
2308.96 -3456.85 4333.42 6005.9 1 2
event 1
-10959 -8090.15 -44775.7 46904.2
6243.35 81.3639 -1427.13 7114.33
4116.12 1396.82 -269.532 4356.3 1 2
-4621.71 -1723.48 -13989.1 14833.6 -1 1
2127.23 -1315.46 -1157.59 2758.03 -1 2
-6337.25 -6366.67 -30786.6 32070.5 1 1
event 2
-10001.5 -2546.59 36815 38359.5
-5230.51 4137.16 1116.78 7437.23
-5799.53 -262.757 23648.7 24351.1 -1 1
-4202 -2283.83 13166.2 14008.3 1 1
-3922.86 1590.94 1610.95 4530.59 -1 2
-1307.65 2546.22 -494.178 2906.64 1 2
