event 0
387.202 -4964.63 6488.97 8746.15
-24875.8 32644.3 76207.7 86612.1
1742.41 -2492.99 3375.56 4544.95 1 1
-1355.21 -2471.64 3113.41 4201.2 -1 1
-22629.3 28775 69439.5 78498 1 2
-2246.52 3869.38 6768.23 8114.12 -1 2
event 1
-4398.93 -3490.82 3610.31 7359.46
4538.81 -7042.76 -2396.02 9248.41
-3403.51 -769.67 1663.89 3867.3 -1 1
-995.413 -2721.15 1946.41 3492.16 1 1
1581.48 -3988.24 145.23 4294.11 -1 2
2957.34 -3054.52 -2541.25 4954.3 1 2
event 2
-7576.76 -2728.21 -15537.1 17771.9
173.578 7966.91 -30802.5 31966.9
-1110.4 5713.5 -18527.6 19420.6 1 2
-3408.92 162.347 -7865.61 8574.73 -1 1
1283.98 2253.41 -12274.9 12546.3 -1 2
-4167.84 -2890.56 -7671.45 9197.2 1 1
event 3
8473.79 6582.91 -15352.5 18985
2985.78 -9022.52 -17851.7 20459.6
835.691 -5723.12 -8202.55 10037.2 -1 2
4465.55 1554.06 -6170.21 7774.24 -1 1
4008.24 5028.85 -9182.26 11210.7 1 1
2150.09 -3299.4 -9649.13 10422.4 1 2
event 4
6464.07 5258.31 13478.5 16146.1
-7348.21 -9718.41 -896.614 12603.1
-3323.42 -2895.02 850.571 4490.09 1 2
1842.87 2655.94 7414.78 8089.52 -1 1
-4024.79 -6823.38 -1747.18 8113.04 -1 2
4621.2 2602.37 6063.74 8056.54 1 1
event 5
-7876.94 -6439.87 -23994.3 26245.7
-539.474 -8208.55 -5096.84 10160.7
-5116.04 -2629.75 -15521.1 16553.1 1 1
-2760.9 -3810.12 -8473.25 9692.61 -1 1
358.919 -6272.11 -4984.87 8020.49 -1 2
-898.393 -1936.44 -111.965 2140.23 1 2
event 6
-26240.7 17888.5 -415.164 31911.4
69.5133 -6897.47 -30355.4 31282.9
-20493.6 15448 -339.799 25666.2 -1 1
-5747.1 2440.55 -75.3657 6245.18 1 1
1300.98 -3866.91 -13141.7 13760.9 -1 2
-1231.47 -3030.56 -17213.7 17522.1 1 2
event 7
-6774.24 -16794.9 -1663.07 18447.7
4805.38 -1502.35 12895.3 14185.5
3254.4 312.207 9388.75 9942.26 1 2
-2889.98 -6688.9 -2184.93 7607.79 -1 1
1550.97 -1814.55 3506.52 4243.23 -1 2
-3884.26 -10106 521.861 10839.9 1 1
event 8
42.4423 -8746.46 -33875.6 35123.4
-2737.68 6482.67 6955.19 10367.5
-1455.83 4467.09 6352.22 7901.66 -1 2
-1137.61 -4031.87 -19593.1 20036.3 -1 1
1180.05 -4714.6 -14282.5 15087.1 1 1
-1281.86 2015.58 602.975 2465.86 1 2
event 9
-3286.38 -6379.41 -1257.82 7916.22
-1675.48 7480.1 -9847.7 13012.6
-2245.25 2268.62 -4547.47 5556.83 1 2
-860.79 -2062.65 -1882.73 2924.27 -1 1
569.761 5211.48 -5300.23 7455.72 -1 2
-2425.59 -4316.76 624.914 4991.95 1 1
event 10
-5441.23 298.179 -25236.2 26003
8798.63 -391.896 42907.2 43911.2
-3078.3 -1097.66 -9994.77 10516.1 1 1
-2362.93 1395.84 -15241.4 15486.9 -1 1
4706.08 1330.35 21940.8 22479.4 -1 2
4092.54 -1722.24 20966.5 21431.7 1 2
event 11
5337.82 5830.82 22511.2 24059
2633.53 6516.19 3544.39 8458.7
220.521 4522.23 2389.28 5120.45 -1 2
2051.54 2389.43 13557.2 13918.6 1 1
3286.28 3441.39 8954.02 10140.4 -1 1
2413 1993.96 1155.11 3338.25 1 2
