event 0
3879.73 2599.58 -10680.2 12061
-703.709 -9420.93 10151.4 14208.8
1652.97 2876.73 -7041.6 7784.8 -1 1
2226.76 -277.147 -3638.63 4276.22 1 1
146.463 -4900.35 7305.88 8798.98 -1 2
-850.172 -4520.58 2845.53 5409.86 1 2
event 1
6536.37 3823.91 432.701 8192.95
9402.02 5215.17 3378.04 11687.6
3280.08 2528.17 -113.731 4144.24 1 2
2366.09 2651.91 1277.74 3778.2 -1 1
6121.94 2687 3491.77 7543.32 -1 2
4170.28 1172.01 -845.038 4414.76 1 1
event 2
5055.48 8126.76 3377.84 10611.6
343.668 11409.7 -25268.7 27899.7
-305.419 4094.42 -12639.9 13290.5 1 2
2135.37 2030.8 2356.82 3774.88 1 1
649.087 7315.31 -12628.7 14609.3 -1 2
2920.12 6095.95 1021.02 6836.77 -1 1
event 3
-5680.81 -4503.04 -11843.5 14227
-7883.4 3201.46 2566.84 9411.56
-5231.38 1526.95 3034.89 6238.64 1 2
-3439.63 -783.082 -4963.55 6090.34 1 1
-2652.02 1674.52 -468.049 3172.92 -1 2
-2241.18 -3719.96 -6879.9 8136.66 -1 1
event 4
7707.24 -1645.25 9385.11 12640.4
523.896 9177.52 -38965.8 40155
-1111.84 4085.72 -20339.7 20776 -1 2
3068.88 -1356.8 6050.83 6919.72 -1 1
1635.74 5091.8 -18626.1 19379 1 2
4638.36 -288.452 3334.28 5720.68 1 1
event 5
-9215.24 2576.49 -24803.8 26765.3
-1751.1 -13427.5 27835.8 31109.3
-2037.74 -4330.85 9818.04 10923.1 -1 2
-2271.89 -435.88 -3931.7 4562.99 -1 1
286.646 -9096.66 18017.7 20186.2 1 2
-6943.35 3012.37 -20872.1 22202.3 1 1
event 6
-8874.34 -2571.35 -5959.32 11596
9159.03 -6545.5 2470.71 11934.3
5665.06 -5042.61 383.959 7594.7 1 2
-3198.64 -2768.27 -2060.05 4706.33 1 1
3493.97 -1502.88 2086.75 4339.61 -1 2
-5675.7 196.924 -3899.26 6889.69 -1 1
event 7
2014.95 7024.7 -4007.24 8891.3
-3687.52 6366.31 -6947.96 10582.7
-1683.05 4442.86 -2586.27 5410.33 1 2
1713.23 2871.39 -378.23 3366.64 -1 1
-2004.47 1923.45 -4361.69 5172.34 -1 2
301.724 4153.31 -3629.01 5524.67 1 1
event 8
-5332.75 6852.38 -13145.5 16055.8
-2808.87 7885.77 5882.55 10689.8
-2378.99 4433.84 -5181.33 7223.28 -1 1
-2953.76 2418.54 -7964.15 8832.49 1 1
-3240.76 5616.62 3499.4 7369.25 -1 2
431.892 2269.16 2383.15 3320.57 1 2
event 9
-10256.7 -3423.37 -62895.3 63893.1
4014.13 -10492.9 -8578.05 14470.3
-6120.72 -3606.08 -40199.2 40822.2 1 1
-4135.95 182.702 -22696.1 23070.8 -1 1
1831.73 -7618.93 -4553.11 9063.41 -1 2
2182.4 -2874.01 -4024.93 5406.86 1 2
event 10
4837.5 5023.52 1922.03 7869.06
-4628.53 3224.38 -8071.22 10322.6
-4089.6 1108.67 -5604.22 7026.55 1 2
1295.97 2958.83 -225.857 3239.81 1 1
-538.928 2115.71 -2467 3296.05 -1 2
3541.53 2064.7 2147.89 4629.25 -1 1
event 11
-8551.61 5587.97 -3422.9 11209.9
-5370.42 -1502.93 20307 21285.4
-5166.28 3145.93 -3583.39 7031.29 -1 1
-3385.33 2442.04 160.487 4178.63 1 1
-2695.37 -1614.9 15161.3 15483.9 -1 2
-2675.05 111.973 5145.71 5801.54 1 2
event 12
-3563.41 -3109.01 7851.94 9675.07
-2725.21 7085.22 -11372.5 14019.6
-3124.47 -751.239 3941.74 5086.77 -1 1
-438.932 -2357.77 3910.2 4588.31 1 1
-2811.67 3007.7 -5747.23 7070.62 -1 2
86.4585 4077.51 -5625.26 6948.98 1 2
event 13
7180.94 3227.13 -11072 13934.1
3199.74 7443.88 -14029.6 16615.4
3268.64 3797.29 -6159.47 7940.63 1 2
3646.32 974.756 -2941.77 4786.55 -1 1
-68.8994 3646.6 -7870.09 8674.78 -1 2
3534.61 2252.38 -8130.21 9147.58 1 1
event 14
-3786.53 1852.75 -2016.07 5605.89
10789.4 -6959.26 -7821.84 15349.8
-3073.02 -33.4947 -583.443 3129.88 -1 1
-713.513 1886.25 -1432.62 2476.01 1 1
4651.39 -4670.2 -4673.45 8080.75 1 2
6138.01 -2289.06 -3148.39 7269.01 -1 2
event 15
5276.46 6216.01 -7669.28 11614.1
4586.13 1574.38 -6017.48 8325.41
3122.17 -84.3125 -1920.43 3668.01 1 2
2106.66 3492.32 -1929.24 4513.03 -1 1
1463.96 1658.69 -4097.05 4657.4 -1 2
3169.8 2723.69 -5740.03 7101.07 1 1
event 16
-71.9809 -6886.52 9406.96 12062.8
3772.4 -10678 3896.56 12370.3
833.626 -3825.51 7148.14 8150.86 -1 1
-905.607 -3061.01 2258.83 3911.95 1 1
3058.59 -6196.22 993.333 6981.84 1 2
713.806 -4481.76 2903.22 5388.47 -1 2
event 17
1035.78 7811.84 -4625.55 9647.98
-5816.19 310.417 7509.96 9995.76
-910.582 4746.68 -2653.99 5514.97 -1 1
1946.36 3065.16 -1971.56 4133.01 1 1
-1940.51 -1345.17 3050.74 3859.18 -1 2
-3875.68 1655.58 4459.21 6136.58 1 2
event 18
-7064.77 2189.55 -24817.1 26080.4
-9908.47 3692.27 32044.4 33885.8
-3260.33 2266.32 8560.2 9436.85 1 2
-2526.8 1900.97 -6831.41 7528.46 1 1
-6648.14 1425.95 23484.2 24448.9 -1 2
-4537.97 288.581 -17985.7 18551.9 -1 1
event 19
-8144.35 -12478.7 -507.426 15228.1
4029.26 -2625 -14254.1 15358.9
1947.39 -2521.12 -11306.3 11747 1 2
-1919.09 -3692.35 -1474.62 4416.11 1 1
2081.87 -103.888 -2947.78 3611.87 -1 2
-6225.27 -8786.31 967.192 10812 -1 1
event 20
2691.81 -7217.94 -18056.3 19873.7
8484.83 5694.37 -28061.1 30023.9
1972.92 3079.07 -9443.32 10127.2 -1 2
-280.997 -3146.41 -5511.89 6353.81 1 1
6511.91 2615.3 -18617.8 19896.7 1 2
2972.8 -4071.53 -12544.4 13519.9 -1 1
event 21
3794.01 -8784.03 -12681.5 16185.3
5237.49 1393.05 -1766.92 6487.27
2985.62 -667.625 -234.523 3070.15 1 2
492.112 -4751.81 -6993.02 8469.68 -1 1
2251.87 2060.68 -1532.4 3417.12 -1 2
3301.9 -4032.22 -5688.47 7715.65 1 1
event 22
615.161 -10548.9 6670.48 12874.1
-6355.81 -4639.97 32975.3 34042.4
1802.9 -7492.13 4288.46 8819.55 -1 1
-1187.74 -3056.73 2382.03 4054.57 1 1
-630.961 -2095.17 8637.37 8910.84 -1 2
-5724.85 -2544.8 24337.9 25131.5 1 2
event 23
-5873.55 4945.72 -2609.04 8908.22
8140.79 -4442.11 -16463.2 19147.7
6676.12 -2124.28 -12447.1 14283.7 1 2
-2016.95 3415.52 -2625.12 4757.76 1 1
1464.67 -2317.84 -4016.15 4863.98 -1 2
-3856.6 1530.2 16.08 4150.46 -1 1
event 24
6137.55 5498.49 6763.33 11101.2
-5023.13 5634.4 -38807.6 39656
-1435.39 3665.66 -15554.8 16045.6 1 2
2441.83 432.514 1404.65 2851.99 1 1
3695.72 5065.98 5358.68 8249.19 -1 1
-3587.75 1968.75 -23252.7 23610.4 -1 2
event 25
-2307.61 -8998.05 -5813.17 11387.5
-4590.1 -489.958 -14270.4 15314.9
-2844.91 -1797.25 -8227.75 8889.91 1 2
326.353 -4559.26 -3346.11 5665.77 -1 1
-1745.19 1307.29 -6042.68 6424.94 -1 2
-2633.96 -4438.79 -2467.06 5721.73 1 1
event 26
885.616 9461.85 4586.26 10997.1
6450.25 -1728.5 19910.5 21227.7
-790.4 5304.34 1555.3 5584.88 -1 1
1676.02 4157.51 3030.96 5412.19 1 1
4075.88 -1559.81 8330 9404.57 -1 2
2374.37 -168.686 11580.5 11823.1 1 2
event 27
-2900.93 -8268.1 23779.1 25530.7
5598.62 2075.54 -11508.1 13329.7
3307.09 2401.19 -9159.91 10030.8 -1 2
-728.538 -3912.27 14688.2 15218.1 -1 1
-2172.39 -4355.83 9090.95 10312.6 1 1
2291.54 -325.655 -2348.19 3298.84 1 2
event 28
-5272.09 -1148.36 13626.7 14979.7
9283.95 4622.39 -37780 39299.8
-3549.59 135.303 5310.45 6389.83 -1 1
-1722.5 -1283.66 8316.26 8589.89 1 1
6021.89 1920.65 -18199.2 19265.9 -1 2
3262.06 2701.73 -19580.8 20034 1 2
event 29
3360.02 -5702.39 1672.67 7496.29
-5030.81 4961.54 18635.7 20169.4
-1180.26 2901.95 5550.95 6374.84 -1 2
1218.37 -1691.01 2058.67 2931.42 -1 1
2141.65 -4011.38 -386.002 4564.87 1 1
-3850.54 2059.59 13084.7 13794.6 1 2
event 30
-6782.64 -1128.21 -7056.94 10328
2594.08 6963.67 17305.1 19086.1
-106.965 3377.97 9468.62 10054.3 1 2
-2500.14 -1799.8 -2037.09 3694.71 1 1
2701.04 3585.7 7836.46 9031.84 -1 2
-4282.5 671.595 -5019.85 6633.32 -1 1
event 31
4250.69 12513.6 57049.8 58642.3
14932.7 -4797.5 -30590.7 34516.3
11734.8 -4254.85 -21465 24830.7 1 2
2228.13 2646.95 12709.6 13172.6 -1 1
3197.93 -542.652 -9125.68 9685.57 -1 2
2022.56 9866.7 44340.1 45469.8 1 1
event 32
3031.09 7492.71 -4111.12 9582.01
-3713.27 -6095.57 -28143.1 29198.8
-1012.3 -4554.54 -16549.6 17195.1 1 2
791.766 3591.55 -3432.24 5031.66 1 1
-2700.96 -1541.03 -11593.5 12003.8 -1 2
2239.33 3901.17 -678.872 4550.35 -1 1
event 33
-5151.96 2335.72 -5817.41 8685.12
9244.86 -4707.75 -5106.44 11970.7
-3063.97 1401.14 -1285.74 3607.69 -1 1
-2087.99 934.574 -4531.67 5077.43 1 1
4622.13 -2368.43 -4264.11 6720.67 -1 2
4622.73 -2339.31 -842.332 5250.02 1 2
event 34
5002.97 1988.53 10923.7 12565.9
396.342 -6694.43 -16823.2 18373.4
-1356.62 -3082.81 -7824.75 8519.51 1 2
998.087 1793.37 5061.69 5462.99 1 1
1752.96 -3611.63 -8998.4 9853.89 -1 2
4004.88 195.161 5861.98 7102.89 -1 1
event 35
-6230.46 -1029.81 15425.3 16953.2
6918.46 3507.47 -17027.1 18965.3
2037.07 2678.98 -6080.52 6950.58 1 2
-2233.16 -1597.22 4156.88 4982.86 1 1
4881.39 828.493 -10946.6 12014.7 -1 2
-3997.3 567.408 11268.4 11970.3 -1 1
event 36
-6102.46 -5577.85 18237.8 20262.3
11934.3 5681.56 -2746.12 13850.6
3260.39 1803.1 602.605 3775.66 1 2
-2790.17 -902.61 4443.66 5325.13 -1 1
8673.93 3878.46 -3348.73 10074.9 -1 2
-3312.3 -4675.24 13794.2 14937.2 1 1
event 37
7180.76 -7520.78 14209.7 17878.3
-3190.13 -6128.74 24703.2 25837.5
-958.362 -3537.9 17267 17652.1 1 2
2233.3 -4348.3 7555.3 8999.39 -1 1
-2231.77 -2590.84 7436.18 8185.43 -1 2
4947.45 -3172.48 6654.42 8878.87 1 1
event 38
47.1768 6074.6 -1856.79 7066.94
8060 2470.93 19318.8 21304.4
2963.36 632.361 10718.8 11139.4 1 2
1131.88 2015.32 -1681.42 2860.25 1 1
5096.64 1838.57 8600.01 10165 -1 2
-1084.7 4059.28 -175.374 4206.69 -1 1
event 39
389.205 5833.23 1110.89 6708.43
13397.5 -12205.4 87122.8 89041.8
1116.93 3552.69 -587.134 3771.6 -1 1
-727.721 2280.55 1698.02 2936.82 1 1
9675.4 -10330.1 70231.8 71643.8 -1 2
3722.08 -1875.26 16891 17398 1 2
event 40
13639.1 -3540.85 -64578.4 66170.4
1388.39 4436.38 -3665.38 6680.93
8187.35 -1197.68 -31800.8 32859.8 -1 1
5451.73 -2343.17 -32777.6 33310.6 1 1
-269.567 3053.56 -951.501 3211.45 -1 2
1657.96 1382.83 -2713.88 3469.49 1 2
event 41
-628.614 9573.04 -26099 27978.3
9210.29 -2590.09 37958 39267.5
6655.59 -3039.46 30673.1 31533.9 1 2
-1731.86 3517.7 -10487.1 11196.6 1 1
2554.69 449.371 7284.85 7733.6 -1 2
1103.24 6055.34 -15611.9 16781.7 -1 1
event 42
4224.45 9105.74 9320.84 14043.8
6764.31 2069.38 -15705.5 17501.2
2491.58 5491.96 7543.35 9658.31 -1 1
1732.87 3613.78 1777.49 4385.53 1 1
2577.01 -568.107 -7077.06 7553.79 -1 2
4187.3 2637.49 -8628.41 9947.38 1 2
event 43
-9029.33 -3980.3 6419.29 12172.5
735.584 10182.2 2403.1 10935.4
1632.66 2917.72 863.499 3454.78 1 2
-1245.75 -1861.96 1803.83 2878.15 -1 1
-7783.57 -2118.34 4615.46 9294.35 1 1
-897.074 7264.52 1539.6 7480.61 -1 2
event 44
4335.9 4007.96 -151.588 6669.16
17292.4 157.871 65874.1 68176.6
3158.32 156.263 8036.88 8637.24 1 2
233.337 2057.48 -427.36 2116.95 1 1
14134 1.60801 57837.3 59539.3 -1 2
4102.56 1950.48 275.772 4552.21 -1 1
event 45
-1563.44 -6566.59 -22753.7 23935
11253.2 -1482.06 -18822.8 22197.3
67.5867 -4804.28 -17667.9 18309.9 1 1
-1631.03 -1762.31 -5085.82 5625.19 -1 1
6412.38 -2080.88 -9174.42 11385.5 -1 2
4840.85 598.822 -9648.39 10811.8 1 2
event 46
5254.34 -4832.7 13551.4 15626.7
-8640.98 5947.2 -9432.2 14442.7
-2872.25 1242.89 -1225.76 3362.78 -1 2
1216.05 -1849.26 1826.4 2871.49 -1 1
-5768.73 4704.31 -8206.44 11080 1 2
4038.3 -2983.44 11725 12755.2 1 1
event 47
4499.79 8076.91 -15660.6 18448.1
-5271.93 -1078.42 7288.87 9574.68
3743.13 3726.73 -9459.53 10834.8 -1 1
756.657 4350.17 -6201.09 7613.23 1 1
-3004.09 -1436.79 2204.64 3995.06 -1 2
-2267.83 358.373 5084.23 5579.61 1 2
event 48
-4722.26 13561.8 3484.67 15098.3
24433.5 -1649.88 -140175 142332
-3461.18 9064.81 864.916 9742.17 -1 1
-1261.07 4497.03 2619.75 5356.1 1 1
12202.4 -2364.57 -69697.7 70797.4 -1 2
12231.1 714.688 -70477.4 71534.5 1 2
event 49
10031.9 5260.78 11227.6 16247
3078.89 -5791.72 -40838.4 41477.6
6600.44 5035.91 7917.44 11472.7 1 1
3431.48 224.865 3310.16 4774.3 -1 1
2023.04 -879.953 -11100 11317.6 -1 2
1055.85 -4911.77 -29738.4 30160 1 2
event 50
-123.427 -16441.6 4678.56 17373
6845.08 6442.72 -5854.3 11499.1
5688.07 3867.41 -5133.38 8583.34 -1 2
-1195.45 -3113.69 1301.34 3581.74 1 1
1072.02 -13327.9 3377.22 13791.2 -1 1
1157.01 2575.31 -720.917 2915.78 1 2
