event 0
4842.5 -1806.75 -16620.6 17679.1
1473.1 10010.8 -26304.4 28353.2
2843.98 -2052.17 -6780.63 7634.64 1 1
1998.51 245.419 -9839.98 10044.4 -1 1
-502.691 6256.88 -14180.1 15507.6 -1 2
1975.79 3753.95 -12124.4 12845.5 1 2
event 1
-3201.52 -9067.58 14489.8 17664
-4926.09 2338.66 14368.9 15677.8
-2928.93 2745 11300 11992.3 1 2
-1074.26 -4520.09 4429.32 6419.91 -1 1
-1997.16 -406.335 3068.95 3685.56 -1 2
-2127.27 -4547.49 10060.4 11244 1 1
event 2
-6766.95 -5131.48 -16774.4 19055.1
-13902.8 7876.72 73636.2 75413.6
-4616.26 -3134.3 -7647.48 9467.25 -1 1
-2150.7 -1997.18 -9126.94 9587.83 1 1
-9340.34 4082.18 51249.6 52253.6 -1 2
-4562.47 3794.53 22386.6 23160 1 2
event 3
-11480.5 1808.36 -15336.6 19490.3
-3557.63 -5161.74 17941.2 19255.6
-1561.07 -4618.66 11558.8 12545.3 -1 2
-3505.99 -635.323 -3384.47 4915.42 -1 1
-7974.46 2443.68 -11952.1 14574.9 1 1
-1996.56 -543.08 6382.37 6710.22 1 2
event 4
-1486.87 -4085.49 -19294.7 20019.4
10403.9 4948.13 4813.01 12863.8
-2300.7 -1964.62 -9841.68 10296.7 1 1
813.828 -2120.87 -9452.98 9722.68 -1 1
6397.96 2050.22 4089.29 7865.8 -1 2
4005.89 2897.91 723.725 4998 1 2
event 5
-5200.76 781.984 -4184.74 7400.18
7540.07 -5583.9 -15128.7 18069.4
-3648.23 -947.088 -2752.75 4668.55 -1 1
-1552.53 1729.07 -1431.99 2731.62 1 1
3662.37 -4109 -10477.8 11836.1 -1 2
3877.7 -1474.9 -4650.93 6233.31 1 2
event 6
-4366.17 2163.22 -17965.8 18870.7
5847.93 -9272.65 1015.97 11436.9
-3492.27 325.942 -13717 14158.7 1 1
-873.897 1837.28 -4248.82 4711.99 -1 1
1914.52 -5458.33 1370.15 5945.35 1 2
3933.41 -3814.32 -354.184 5491.57 -1 2
event 7
-2549.52 -4079.83 1345.39 5877.47
17187.5 3170.27 47825.9 51013.5
-2815.19 -1680.36 504.135 3318.77 -1 1
265.67 -2399.48 841.258 2558.7 1 1
9941.37 2470.36 31845.1 33452.3 1 2
7246.16 699.919 15980.9 17561.2 -1 2
event 8
-5802.62 10403.9 3833.88 12891.9
-4319.54 -5186.23 11237.1 13469.2
-3476.91 8494.13 2095.54 9414.97 1 1
-2325.71 1909.73 1738.34 3476.92 -1 1
-632.553 -1931.82 5751.88 6101.42 -1 2
-3686.99 -3254.41 5485.23 7367.77 1 2
event 9
3305.28 -5575.49 -9609.19 11997.4
-6752.97 -3682.7 -4666.58 9722.59
-3071.51 -1597.27 -56.1853 3464.07 -1 2
755.427 -2238.9 -6034.95 6481.91 1 1
-3681.47 -2085.43 -4610.4 6258.52 1 2
2549.86 -3336.59 -3574.24 5515.52 -1 1
event 10
6252.27 8507.18 20231.6 23029.8
-18023.3 15639.7 12458.3 27096.9
-3272.82 4362.92 2182.17 5875.32 -1 2
1321.48 1785.65 7406.55 7733.24 -1 1
-14750.5 11276.8 10276.1 21221.6 1 2
4930.79 6721.53 12825.1 15296.6 1 1
