event 0
-2045.78 -11788.6 4829.01 13269
-866.369 6005.94 13337.6 14976.8
697 3434.77 4957.74 6072.38 1 2
126.999 -4476.36 3097.31 5445.96 -1 1
-1563.37 2571.17 8379.89 8904.42 -1 2
-2172.78 -7312.26 1731.71 7823.05 1 1
event 1
-9171.05 -16253.2 22824.7 29645.1
-5840.58 -9515.31 -21731.4 24627.2
-4692.62 -6100.26 -17148.5 18796.7 -1 2
-4037.14 -4298.44 6713.71 8936.45 1 1
-5133.9 -11954.8 16111 20708.7 -1 1
-1147.97 -3415.05 -4582.91 5830.49 1 2
event 2
1177.28 -8167.06 -14152.9 16672.8
-545.841 -4927.36 -1759.64 6104.51
-1773.98 -2779.56 -536.255 3342.41 1 2
1499.56 -3887.86 -9314.84 10205 1 1
1228.13 -2147.8 -1223.39 2762.1 -1 2
-322.286 -4279.2 -4838.02 6467.85 -1 1
event 3
6664.38 -349.716 -4359.86 8551.94
-7032.95 2759.29 -5429.18 9805.27
-3117.14 -285.966 -1481.51 3464.74 1 2
1931.52 722.814 -57.7915 2065.85 1 1
-3915.81 3045.25 -3947.67 6340.53 -1 2
4732.86 -1072.53 -4302.07 6486.08 -1 1
event 4
-10151.1 -5941.01 -5539.64 13364.9
-2984.14 -6818.59 -21247.7 22725.6
-1247.28 -3695.73 -15268.7 15759.4 1 2
-4999.77 -1191.31 -2025.47 5525.45 1 1
-1736.86 -3122.85 -5978.98 6966.22 -1 2
-5151.34 -4749.71 -3514.17 7839.42 -1 1
event 5
3614.9 -7774.11 -6390.38 11132.5
6478.16 -6545.79 -5414.59 11123.1
1377.83 -3528.03 -2092.71 4328.51 -1 2
2254.1 -2053.49 -1167.14 3266.67 1 1
5100.33 -3017.76 -3321.88 6794.58 1 2
1360.8 -5720.62 -5223.24 7865.8 -1 1
event 6
7593.17 -4815.17 -10319.4 14174.6
8139.14 2262.26 -17222.5 19431.1
6404.47 592.226 -13998.8 15406 1 2
3906.47 -521.69 -5327.55 6627.72 -1 1
1734.67 1670.04 -3223.68 4025.09 -1 2
3686.69 -4293.48 -4991.84 7546.87 1 1
