event 0
5954.17 58.792 8398.19 10750.5
6053.82 -10019.6 58676.8 59913.2
3025.41 -1355.22 5332.81 6280.1 -1 1
2928.76 1414.01 3065.38 4470.44 1 1
4100.99 -5634.38 41359.6 41942.7 -1 2
1952.83 -4385.18 17317.2 17970.5 1 2
event 1
-66.8515 6963.89 -9487.18 12169.6
3025.07 -6225.3 5990.13 9663.22
96.2745 -3460.05 3515.32 4934.56 1 2
173.602 2665.04 -6199.99 6751.56 -1 1
-240.453 4298.86 -3287.19 5418 1 1
2928.79 -2765.25 2474.8 4728.66 -1 2
event 2
11531.6 7207.48 54513.1 56268.9
-2574.31 4149.28 15300.9 16357
7344.91 6261.7 38046.5 39251.8 -1 1
4186.68 945.78 16466.6 17017.1 1 1
-624.004 3164.57 11761.9 12196.6 -1 2
-1950.3 984.709 3539.01 4160.42 1 2
event 3
-5893.9 2987.71 -10435.9 12734.4
7210.03 -2011.39 6405.7 10327.4
5088.02 -393.97 2743.13 5794.75 1 2
-3131.76 -63.6286 -3810.27 4933.69 1 1
2122.01 -1617.42 3662.57 4532.61 -1 2
-2762.14 3051.34 -6625.65 7800.67 -1 1
event 4
-5038.29 -2149.27 13231.3 14651.4
-10392.2 -2602.63 822.343 11182
-3442.82 122.21 8379.22 9060.38 -1 1
-1595.46 -2271.48 4852.08 5590.97 1 1
-5718.81 -2146.43 1831.9 6378.01 1 2
-4673.35 -456.2 -1009.56 4804.03 -1 2
event 5
10364.1 -475.906 5586.71 12183.7
4751.61 4623.45 -3599.96 8155.06
1875.1 3335.51 -741.862 3899.12 1 2
4321.02 189.327 4017.23 5903.92 -1 1
2876.51 1287.94 -2858.1 4255.94 -1 2
6043.04 -665.233 1569.48 6279.75 1 1
event 6
3258.72 9113.88 4362.34 11059.1
-3148.61 -6914.31 -554.931 8223.18
3145.81 5961.32 1757.24 6966.53 -1 1
112.905 3152.56 2605.09 4092.56 1 1
502.36 -2063.35 -280.867 2144.72 -1 2
-3650.97 -4850.97 -274.063 6078.47 1 2
event 7
4863.79 -11428.5 29385.7 32052.8
-4541.79 3277.06 6056.94 8811.58
3129.39 -6564.96 20781.1 22017.2 -1 1
1734.4 -4863.56 8604.61 10035.6 1 1
-2031.11 2596.87 1638.13 3682.9 -1 2
-2510.68 680.185 4418.82 5128.67 1 2
event 8
-6902.65 1299.02 -22766.2 24025.5
1246.71 9477.52 43433.9 44581.1
861.927 4547.12 14311.8 15041.9 1 2
-2253.13 1884.52 -7480.22 8036.97 -1 1
384.788 4930.41 29122.1 29539.2 -1 2
-4649.52 -585.504 -15286 15988.6 1 1
event 9
-14131.8 -5155.19 -46284.9 48766.4
6392.75 -287.534 5694.28 9108.56
4034.28 -232.238 1531.74 4322.82 1 2
-5194.22 -533.554 -18142 18878.8 -1 1
2358.46 -55.2964 4162.54 4785.74 -1 2
-8937.59 -4621.64 -28142.8 29887.6 1 1
event 10
8355.97 1941.92 -6404.87 11144.8
2556.95 -4469.19 3766.3 7091.47
4342.18 2500.75 -4142.91 6502.55 1 1
4013.79 -558.832 -2261.97 4642.25 -1 1
29.6239 -3130.6 2211.57 3834.54 -1 2
2527.32 -1338.59 1554.74 3256.92 1 2
