event 0
-9998.97 -994.647 -2061.43 10714.9
11526.7 3309.09 10703.5 16369.8
4502.81 2862.84 4291.92 6848.57 -1 2
-3866.36 607.412 353.706 3931.15 -1 1
7023.9 446.25 6411.59 9521.23 1 2
-6132.61 -1602.06 -2415.14 6783.77 1 1
event 1
9432.01 3180.18 9636.07 14195.8
628.186 10509.8 -40730 42182.6
-1048.65 5156.97 -22576.9 23182.3 1 2
4481.49 343.902 2823.15 5308.8 1 1
4950.51 2836.28 6812.92 8887.01 -1 1
1676.84 5352.8 -18153.1 19000.3 -1 2
event 2
3885.33 -7298.68 -9172.65 12731.6
-335.406 9860.88 -11139.4 15199.6
2496.47 -3832.54 -7136.73 8477.3 -1 1
1388.86 -3466.15 -2035.93 4254.32 1 1
1230.2 6686.9 -7249.22 9939.33 -1 2
-1565.6 3173.98 -3890.2 5260.24 1 2
event 3
1054.29 -7969.87 3556.37 9320.33
5989.98 -1089.87 9318.42 11553.8
1890.51 -4795.32 3068.75 5999.79 1 1
-836.219 -3174.55 487.623 3320.53 -1 1
2125.61 691.571 5060.6 5533.29 -1 2
3864.36 -1781.44 4257.83 6020.56 1 2
event 4
-3231.39 -9879.69 1247.03 10917.7
-3344.35 4124.46 18727.7 19710.7
-1066.25 3664.3 11347.9 11972.9 1 2
-2954.55 -4455.21 13.9289 5346.92 1 1
-2278.1 460.155 7379.79 7737.83 -1 2
-276.846 -5424.49 1233.1 5570.76 -1 1
event 5
-6486.95 7229.19 -26616.4 28502
8798.69 2723.88 -9317.3 13462.7
-2904.8 4069.62 -17616.4 18312.5 -1 1
-3582.15 3159.57 -9000.01 10189.5 1 1
5675.8 2952.05 -4959.16 8095.29 -1 2
3122.89 -228.171 -4358.14 5367.41 1 2
event 6
4465.41 5637.59 -22732.2 24043
7898.58 2976.23 -12881 15708.5
3360.57 2609.09 -7798.51 8884.18 -1 2
1904.96 648.315 -8722.44 8952.17 -1 1
2560.44 4989.27 -14009.8 15090.9 1 1
4538.01 367.147 -5082.45 6824.28 1 2
