event 0
-30299.6 47211 -5860.69 56487.9
-2671.2 -4690.74 -3589.75 7184.46
-17082.9 29155.5 -4167.8 34047.8 -1 1
-13216.8 18055.5 -1692.9 22440.2 1 1
-689.124 -4079.32 -2560.13 4866.33 -1 2
-1982.07 -611.415 -1029.62 2318.13 1 2
event 1
5332.84 -8233.08 20666.4 23085
6615.04 -3082.22 25922.5 27107.7
4165.19 -3606.99 11375.8 12640.4 -1 1
1167.65 -4626.09 9290.65 10444.7 1 1
2875.4 221.44 8062.88 8563.77 -1 2
3739.64 -3303.66 17859.6 18543.9 1 2
event 2
10851.2 -3071.28 1214.64 11757.8
12530.5 2913.53 32567.4 35153
6048.14 -2020.02 -831.191 6431.37 -1 1
4803.03 -1051.26 2045.83 5326.43 1 1
9368.21 3022.81 21596.7 23734.6 -1 2
3162.32 -109.281 10970.7 11418.4 1 2
event 3
14723.6 1143.85 3059.12 15396.2
5257.36 300.384 -6656.19 9034.72
10274.1 1207.19 3504.38 10922.7 1 1
4449.5 -63.3464 -445.262 4473.42 -1 1
3555.43 1523.97 -3348.4 5117.27 -1 2
1701.93 -1223.59 -3307.79 3917.44 1 2
