event 0
-7201.39 -420.006 -17377.5 19068.4
-3728.81 7800.78 35741.2 36956.5
-1941.53 3527.93 23974.5 24310.5 1 2
-2510.47 1328.72 -6397.94 7000.91 -1 1
-4690.92 -1748.72 -10979.5 12067.5 1 1
-1787.28 4272.85 11766.8 12645.9 -1 2
event 1
-4113.09 8717.44 -27984.6 29759.7
-6991.66 7250.73 -13210.6 16898.8
-4144.97 4836.14 -10511.5 12291.1 1 2
-631.889 3786.49 -7840.4 8730.39 -1 1
-2846.68 2414.59 -2699.16 4607.65 -1 2
-3481.2 4930.96 -20144.2 21029.3 1 1
event 2
4283.48 -3485.83 -6635.34 9171.58
-6377 -12934.5 29287.5 32792
2226.59 -2232.98 -1489.58 3489.11 1 1
2056.9 -1252.85 -5145.76 5682.47 -1 1
-3646.89 -8437.71 21615.3 23488.8 -1 2
-2730.1 -4496.8 7672.23 9303.17 1 2
event 3
-2387.44 5242.68 -22070.6 23019.3
-10027.4 -2447.96 7840.68 13327
-784.51 3290 -17218.8 17548.1 -1 1
-1602.93 1952.68 -4851.8 5471.15 1 1
-4833.04 -2024.05 5549.36 7632.93 1 2
-5194.33 -423.913 2291.31 5694.03 -1 2
event 4
-4839 -8201.35 70.6882 10013.7
-8313.83 -2071.77 4530.26 10174.8
-1274.09 -5051.42 -433.473 5228.69 1 1
-3564.91 -3149.93 504.161 4784.98 -1 1
-4595.06 330.542 1662.61 4898.91 -1 2
-3718.77 -2402.31 2867.65 5275.88 1 2
event 5
3911.84 -5515.55 6851.83 10112.4
-11204.7 -125.338 -5221.43 12744.2
1535.46 -3239.31 1630.11 3939.43 -1 1
2376.38 -2276.24 5221.72 6173.01 1 1
-7207.56 1232.74 -2538.01 7740.88 1 2
-3997.13 -1358.08 -2683.42 5003.33 -1 2
event 6
8029.81 -878.745 13662.1 16170.8
476.815 -8035.66 30665.7 31855.5
4858.53 -377.277 5238.76 7155.65 -1 1
3171.29 -501.468 8423.39 9015.16 1 1
737.99 -5020.11 24048 24577.7 -1 2
-261.176 -3015.56 6617.7 7277.84 1 2
event 7
-4122.94 1673.37 9020.58 10712.5
9686.94 -4937.08 -6174.2 12881.1
-2429.43 2822.32 5994.88 7058.14 -1 1
-1693.51 -1148.95 3025.7 3654.32 1 1
5202.48 -3620.42 -4965.74 8052.51 1 2
4484.47 -1316.66 -1208.46 4828.62 -1 2
event 8
5144.46 -885.385 5133.81 7949.62
2238.12 -10179 15121.4 18624.4
2927.63 -1249.64 4670.93 5653.44 -1 1
2216.83 364.255 462.877 2296.18 1 1
1728.09 -5411.02 10632.6 12055.3 1 2
510.025 -4767.93 4488.8 6569.15 -1 2
event 9
6324.59 2901.13 26923.2 27979.7
-42.6612 -18396.2 85811.1 87815.5
4452.34 399.554 14877 15534.4 -1 1
1872.25 2501.58 12046.3 12445.3 1 1
589.371 -9387.13 50433.9 51303.6 1 2
-632.032 -9009.05 35377.2 36511.9 -1 2
event 10
-980.666 5047.28 -5986.29 8477.21
3215.2 10914.8 -8702.19 14655.7
-1177.56 2845.26 -1398.97 3383.85 1 1
196.889 2202.02 -4587.32 5093.36 -1 1
2851.13 6892.04 -4028.65 8477.63 1 2
364.075 4022.74 -4673.54 6178.04 -1 2
