event 0
6321.94 -6467.97 -15935.6 18583.2
-789.841 15411.5 9660.22 18467.5
-1080.94 12713.7 9157.22 15705.8 1 2
2359.47 -3583.83 -4938.34 6542.88 1 1
291.101 2697.75 503 2761.66 -1 2
3962.48 -2884.14 -10997.3 12040.4 -1 1
event 1
-4493.61 840.21 16981.9 17857.1
-11616.3 2996.43 20596.4 24035.8
-2520.65 1921.81 11529.2 11957.5 -1 1
-1972.95 -1081.6 5452.65 5899.57 1 1
-6719.22 2554.99 9635.03 12021.7 1 2
-4897.04 441.443 10961.4 12014.1 -1 2
event 2
-6846.99 -3203.35 -4105.71 9142.8
10037.4 3771.23 -17183.9 20490.2
3623.21 2922.59 -7982.59 9241.32 1 2
-2156.39 -1165.4 193.119 2461.02 1 1
6414.19 848.642 -9201.27 11248.9 -1 2
-4690.61 -2037.96 -4298.83 6681.78 -1 1
event 3
6811.18 -13963.6 -59120.4 61206.1
1535.01 -5697.39 11404 13208.2
4715.3 -8639.9 -42608.3 43730.5 -1 1
2095.88 -5323.73 -16512.1 17475.6 1 1
1657.23 -2931.95 3617.64 4943.81 -1 2
-122.215 -2765.43 7786.33 8264.42 1 2
event 4
3047.42 -3214.18 -343.099 5415.25
10779.9 -3910.7 -53902.2 55195.4
835.107 -2962.67 302.046 3094.7 -1 1
2212.31 -251.517 -645.144 2320.55 1 1
5291.48 -3464.01 -26399.7 27146.9 1 2
5488.45 -446.691 -27502.5 28048.6 -1 2
event 5
-5591.49 -8839.54 9530.62 14485.4
5252.67 -6212.57 -37094.9 38102.7
2089.21 -3443.59 -12015.5 12673 1 2
-3095.73 -2472.23 4489.81 5988.74 -1 1
-2495.77 -6367.31 5040.8 8496.61 1 1
3163.46 -2768.99 -25079.5 25429.6 -1 2
event 6
-5563.77 2629.34 28539.7 29359.4
-6178.56 -9527.06 35029.3 36953.8
-3511.75 2161.23 24032 24383.4 -1 1
-2052.02 468.103 4507.71 4975.99 1 1
-4334.67 -5518.58 16991 18383.4 1 2
-1843.89 -4008.48 18038.4 18570.4 -1 2
