event 0
8339.31 -209.884 4936.71 10176
-7571.82 3133.19 -4156.56 9696.24
-3589.84 -130.459 -2004.8 4115.13 -1 2
2399.42 -212.371 3160.65 3975.32 1 1
5939.9 2.48665 1776.06 6200.64 -1 1
-3981.98 3263.65 -2151.76 5581.11 1 2
event 1
-1094.18 -4730.55 26697.7 27311.7
9791.4 4877.31 -23014.4 25669.3
-2161.23 -2706.34 16519.6 16879.1 1 1
1067.06 -2024.21 10178.1 10432.7 -1 1
4999.11 3855.78 -10832.3 12538.2 -1 2
4792.29 1021.53 -12182.2 13131.1 1 2
event 2
12530.8 -673.277 -7471.94 14929.7
1934.55 -4591.26 2839.71 6517.43
334.607 -3281.31 410.324 3325.43 1 2
4880.29 1240.6 -2791.64 5758.53 1 1
1599.94 -1309.96 2429.38 3192 -1 2
7650.53 -1913.88 -4680.3 9171.15 -1 1
event 3
-3998.8 9005.63 36083.2 37532.4
6887.24 -5563.8 -7119.8 11775.9
-3094.3 4118.77 22073 22666.5 1 1
-904.501 4886.86 14010.2 14866 -1 1
3642.19 -2688.77 -1705.42 4838.87 -1 2
3245.04 -2875.03 -5414.38 6937.06 1 2
event 4
3735.04 5535.63 -1161.53 7452.18
11492.8 1957.92 -6181.82 13554.5
3515.52 -231.463 -602.278 3575.8 1 2
422.261 2611.45 564.716 2707.04 -1 1
7977.32 2189.38 -5579.54 9978.65 -1 2
3312.77 2924.18 -1726.24 4745.14 1 1
event 5
-5254.68 -1847.16 282.259 6379.23
9830.31 -3943.96 41427.5 42872.1
-3465.53 344.321 -270.693 3494.69 -1 1
-1789.15 -2191.48 552.952 2884.54 1 1
5498.3 -3390.08 20512.8 21506 1 2
4332.01 -553.876 20914.7 21366.1 -1 2
