event 0
-2213.46 -6652.19 -3701.89 8511.56
-8185.48 -6983.93 33930.2 35730
-6092.72 -4610.04 27790.3 28821.7 1 2
393.473 -3339.19 -1024.93 3516.63 1 1
-2092.76 -2373.89 6139.89 6908.29 -1 2
-2606.93 -3313 -2676.96 4994.93 -1 1
event 1
7357.98 -11555.2 909.623 14074.2
5558.87 -925.941 18031 19143.3
4153.79 -7753.97 1909.43 9001.95 -1 1
3204.19 -3801.27 -999.805 5072.2 1 1
3523.04 413.938 13899.1 14345 -1 2
2035.83 -1339.88 4131.88 4798.28 1 2
event 2
-5587.3 3225.37 -7466.77 10342.4
7461.68 -1512.54 35157.3 36105.3
3596.79 245.182 10963.3 11541.3 -1 2
-695.273 1979.18 -2397.01 3187.07 1 1
-4892.03 1246.19 -5069.75 7155.31 -1 1
3864.89 -1757.72 24194.1 24564 1 2
event 3
3709.91 3744.59 -1620.74 6324.71
12702.1 6707.93 12699.9 19422.1
1371.2 2857.41 -2061.96 3782.57 -1 1
2338.71 887.174 441.219 2542.14 1 1
7616.81 4046.65 9570.52 12884 -1 2
5085.3 2661.28 3129.35 6538.09 1 2
event 4
6168.77 -4795.92 -46672.4 47423.2
26334.5 16532.1 -92575.5 97706.9
2783.85 -4061.25 -28768.2 29186.7 1 1
3384.91 -734.662 -17904.2 18236.4 -1 1
20279.2 13510.6 -75673 79499.7 1 2
6055.38 3021.54 -16902.4 18207.2 -1 2
event 5
6005.43 -4068.02 -9579.91 12408.7
8346.96 -1834.18 -9285.74 13147.1
2629.27 -2208.18 -4620.02 5757.16 1 2
799.328 -1971.98 -1657.24 2699.12 1 1
5717.68 373.999 -4665.71 7389.98 -1 2
5206.1 -2096.04 -7922.67 9709.62 -1 1
event 6
-187.555 -8935.8 12065.6 15331.5
-12571 -739.77 13316.8 18695
-9923.46 947.732 10440.3 14435.5 1 2
-1413.95 -4313.5 7170.85 8487.51 -1 1
-2647.58 -1687.5 2876.57 4259.48 -1 2
1226.4 -4622.29 4894.79 6843.96 1 1
event 7
-9512.72 -4905.44 13155.4 17239.8
4182.52 6694.67 5458.8 10084.7
2858.62 2660.77 1240.78 4099.03 1 2
-2581.51 -899.425 5594.63 6227.7 1 1
-6931.21 -4006.02 7560.75 11012.1 -1 1
1323.9 4033.9 4218.02 5985.64 -1 2
event 8
-7720.86 -1312.97 8845.78 12213.6
5871.75 4148.78 -23633.2 24895.9
-4541.25 573.744 3757.63 5923.09 -1 1
-3179.61 -1886.72 5088.15 6290.47 1 1
2449.02 1727.2 -5303.55 6092.6 -1 2
3422.73 2421.58 -18329.6 18803.3 1 2
event 9
4641.7 5577.64 -15435 17334.5
-7104.12 760.953 -10870.1 13371.6
-4504.94 -160.72 -8911.85 9987.62 1 2
2503.12 1795.33 -3671.41 4793.67 1 1
-2599.18 921.673 -1958.26 3383.96 -1 2
2138.58 3782.31 -11763.6 12540.9 -1 1
event 10
6174.73 -6897.08 -7977.35 12606.6
11678.2 -4368.99 -64736.7 65999.3
4183.88 -3169.36 -25384.7 25921.9 -1 2
1600.74 -3106.55 -1464.1 3790.48 1 1
7494.35 -1199.62 -39352 40077.4 1 2
4573.99 -3790.54 -6513.25 8816.08 -1 1
event 11
7332.81 -4482.52 22705.9 24474.8
-9561.97 1218.29 -6755.78 12171.6
-4131.59 -133.801 -4569.01 6162.39 1 2
808.617 -1981.87 5658.58 6050.82 1 1
6524.19 -2500.65 17047.4 18423.9 -1 1
-5430.38 1352.09 -2186.77 6009.19 -1 2
event 12
8237.05 -8654.37 -24166 27135.4
3636.89 4277.21 1186.77 6520.85
2783.44 2085.12 2019.69 4023.13 1 2
3695.12 -1942.75 -6970.78 8125.96 -1 1
853.454 2192.09 -832.923 2497.71 -1 2
4541.93 -6711.62 -17195.2 19009.5 1 1
event 13
-5221.28 6249.73 -36845.8 37861.9
3501.15 6390.71 17270 18998.5
1993.48 2445.05 10952.6 11398.3 1 2
-2685.92 1004.44 -11086.3 11451.6 -1 1
-2535.36 5245.29 -25759.5 26410.3 1 1
1507.67 3945.66 6317.39 7600.12 -1 2
event 14
-7373.21 -6929.19 -8567.29 13615
-8746.9 1131.45 619.304 9368.17
-3553.88 278.985 -1255.11 3780.79 1 2
-1025.34 -2779.47 -2898.25 4145.81 1 1
-6347.87 -4149.72 -5669.04 9469.15 -1 1
-5193.03 852.467 1874.41 5587.38 -1 2
event 15
2082.24 7623.35 3375.4 9134.31
-8538.65 -1321.32 -1044.74 9237.81
-3723.41 438.317 711.756 3817.55 -1 2
-755.071 1970.88 429.258 2156.37 1 1
2837.31 5652.47 2946.14 6977.94 -1 1
-4815.24 -1759.63 -1756.49 5420.27 1 2
event 16
9988.19 1620.53 15089.7 18430.4
5196 1961.06 7248.98 9642.76
3271.95 -125.42 2547.39 4149.91 1 2
4803.99 617.824 4573.06 6662.14 1 1
1924.04 2086.48 4701.59 5492.85 -1 2
5184.2 1002.71 10516.7 11768.3 -1 1
event 17
-9177.96 -3202.67 2381.82 10476.5
7537.66 -780.7 -7893.25 11371.9
2763.39 -1739.45 -3785.17 5000.07 -1 2
-2240.05 -2264.89 500.516 3226.34 -1 1
-6937.91 -937.775 1881.31 7250.14 1 1
4774.27 958.746 -4108.08 6371.83 1 2
event 18
6073.32 -4913.39 26740 28029.4
4222.15 5336.13 21209.6 22577.3
2239.14 -3466.29 10561.8 11339.8 1 1
3834.18 -1447.1 16178.2 16689.5 -1 1
1666.98 4251.7 9478.42 10521.8 -1 2
2555.17 1084.43 11731.2 12055.6 1 2
event 19
11295.4 -1307.58 -15644.5 19586.7
2730.72 -6930.49 617.97 8090.8
8174.34 -655.816 -8765.65 12004.1 -1 1
3121.08 -651.768 -6878.9 7582.64 1 1
417.197 -2620.09 -1142.5 2890.58 -1 2
2313.52 -4310.4 1760.47 5200.23 1 2
event 20
3607.49 5898.49 4760.98 8947.86
-5013.36 9911.41 566.026 11544.7
2447.17 3930.78 1319.35 4815.76 -1 1
1160.32 1967.7 3441.64 4132.1 1 1
-1955.5 6079.94 1480.67 6556.92 1 2
-3057.86 3831.46 -914.648 4987.82 -1 2
event 21
5187.52 10607.4 -49274 50763.6
-2864.64 -5813.29 24518.8 25549.2
-558.788 -4466.27 14807.3 15476.7 -1 2
59.8204 3068.03 -13658.1 13998.9 1 1
5127.7 7539.42 -35616 36764.7 -1 1
-2305.85 -1347.02 9711.51 10072.5 1 2
event 22
-12264.8 5544.5 -33967.8 36668.4
1149.45 5114.85 -11196.6 12745.2
-568.993 3021.16 -7896.42 8474.42 1 2
-4703.91 523.636 -11803.8 12717.8 -1 1
1718.44 2093.68 -3300.23 4270.74 -1 2
-7560.86 5020.87 -22164.1 23950.6 1 1
event 23
3145.9 4163.52 12304.1 13719.1
14487.7 9489.69 20174.3 26768.3
1176.06 3496.55 5665.06 6761.14 1 1
1969.83 666.972 6639.05 6957.96 -1 1
10314.7 5294.57 14540.3 18597.3 -1 2
4173.02 4195.12 5634.01 8171.07 1 2
event 24
5725.83 -3205.42 -3294.88 7969.12
-5065.77 -5111.7 5782.05 9737.28
-2627.78 -4660.45 3853.41 6594.31 1 2
3002.11 49.32 -1530.07 3371.55 1 1
-2437.99 -451.255 1928.64 3142.97 -1 2
2723.72 -3254.74 -1764.81 4597.57 -1 1
event 25
-7538.41 1211.38 -15683.9 17716.4
-2809 -10988.1 14338.8 18542.4
-1215.53 -3598.9 2691.15 4656.5 -1 2
-2128.6 -1048.85 -4524.03 5109.7 1 1
-1593.46 -7389.2 11647.6 13885.9 1 2
-5409.81 2260.23 -11159.9 12606.7 -1 1
event 26
4863.78 2310.64 1335.72 6353.81
-9676.83 1824.94 -3575.77 10924.6
2797.37 2924.51 995 4168.84 1 1
2066.41 -613.864 340.717 2184.97 -1 1
-5354.83 -529.313 -1543.9 5599.03 -1 2
-4322 2354.25 -2031.87 5325.58 1 2
event 27
343.056 8580.46 1177.11 9204.26
775.469 7791.97 -11729.6 14439.2
1278.06 4968.02 -411.443 5147.34 -1 1
-935.008 3612.44 1588.56 4056.92 1 1
-711.873 5397.97 -6351.53 8366.48 -1 2
1487.34 2394 -5378.07 6072.74 1 2
event 28
-3394.02 -9645.79 50091.8 51218.6
-7443.23 5214.74 -5024.78 10836.8
-5978.16 3178.81 -2348.5 7167.28 1 2
-184.992 -4604.89 18444.2 19011.6 -1 1
-1465.07 2035.93 -2676.28 3669.48 -1 2
-3209.03 -5040.9 31647.6 32207 1 1
event 29
-2886.82 4427.25 8545.09 10514
3460.48 17046.2 27721 32872.4
-2769.57 1634.63 3566.62 4803.59 1 1
-117.258 2792.62 4978.47 5710.41 -1 1
829.021 11406.6 18360.4 21631.3 1 2
2631.46 5639.57 9360.62 11241.1 -1 2
event 30
-1250.91 -5668.36 9326.07 11413.2
-15135.6 -1843.23 -70865.7 72553.6
577.174 -3964.65 4910.01 6338.05 1 1
-1828.08 -1703.71 4416.07 5075.17 -1 1
-7888.34 -1946.39 -42965.8 43727.4 1 2
-7247.22 103.156 -27899.9 28826.2 -1 2
event 31
-1775.62 8295.47 20261.5 22183.1
-2601.62 -4666.87 -6642.16 9069.56
-2405.38 3996.77 11210.7 12142.9 1 1
629.761 4298.7 9050.86 10040.2 -1 1
-2738.9 -1753.54 -3649.56 4889.47 -1 2
137.274 -2913.33 -2992.59 4180.09 1 2
event 32
-8623.69 -16813.6 -4865.03 19756.7
-480.69 5785.43 20640.3 21663.7
-7351.05 -11709.4 -4220.28 14455.8 1 1
-1272.65 -5104.17 -644.752 5300.85 -1 1
-44.0158 3405.52 6722.88 7537.1 -1 2
-436.674 2379.91 13917.4 14126.6 1 2
event 33
-4709.02 -8976.18 -8353.33 13495
-8092.81 -1716.56 35992.2 37060.3
-5316.81 407.688 21266.3 21924.9 -1 2
-1411.31 -4714.33 -2439.3 5493.46 1 1
-3297.71 -4261.85 -5914.03 8001.57 -1 1
-2776 -2124.25 14725.9 15135.4 1 2
event 34
-6305.03 -5722.56 12814.7 15694.2
8042.21 16113.9 23338.3 29641.2
3313.16 4295.91 5494.06 7721.9 -1 2
-2054.97 -621.213 4978.72 5422.88 -1 1
4729.05 11818 17844.2 21919.3 1 2
-4250.06 -5101.35 7835.95 10271.3 1 1
event 35
-1524.6 6585.97 28204.3 29168
7914.72 -2513.78 -11721.2 14694.9
2413.23 -2321.26 -4720.44 5788.41 1 2
-1745.38 2201.41 7660.69 8160.26 1 1
5501.49 -192.525 -7000.8 8906.51 -1 2
220.785 4384.56 20543.6 21007.7 -1 1
event 36
-5027.97 6211.37 -37985.3 38940.2
7879.34 -1604.54 -18287.9 20216.3
-4277.93 3031.59 -21152.3 21792.7 -1 1
-750.039 3179.79 -16833.1 17147.5 1 1
3171.97 637.089 -5169.89 6099.69 -1 2
4707.37 -2241.63 -13118 14116.6 1 2
event 37
6048.51 -5371.49 32163.2 33309.2
-4332.92 -4284.89 21874.6 22917.7
-2875.67 -2585.44 18255.7 18661.1 1 2
2130.64 -3682.8 19024 19494.2 1 1
-1457.25 -1699.45 3618.9 4256.68 -1 2
3917.87 -1688.69 13139.2 13814.9 -1 1
event 38
6382.24 9337.43 40573.8 42234.4
-16994.5 -2428.73 7274.8 18900.4
-5266.1 253.669 1140.55 5395.2 1 2
182.736 2450.74 8539.58 8886.8 -1 1
-11728.4 -2682.4 6134.25 13505.2 -1 2
6199.5 6886.68 32034.3 33347.6 1 1
event 39
-9498.55 -3349.08 25232.8 27344.5
2801.44 -5448.41 -26129.6 27016.3
-6704.21 -2077.3 13495.4 15211.8 1 1
-2794.34 -1271.78 11737.4 12132.7 -1 1
-225.004 -2327.61 -12242 12463.8 -1 2
3026.45 -3120.8 -13887.6 14552.5 1 2
event 40
17811 4126.24 -48872.5 52272.1
-1229.14 -5719.39 21926.2 22903.5
11549.8 1230.83 -29244.2 31466.6 1 1
6261.17 2895.42 -19628.3 20805.4 -1 1
-2227.23 -3519.58 12713.3 13378.6 -1 2
998.082 -2199.8 9212.94 9524.95 1 2
event 41
-1177.78 5204.02 265.915 6175.01
-13880.7 5953.96 8446.43 17580
-2062.59 2311.33 -228.621 3108.04 -1 1
884.805 2892.69 494.535 3066.96 1 1
-9953.13 4878.3 7541.77 13407.2 1 2
-3927.59 1075.67 904.66 4172.84 -1 2
event 42
-14316.6 -4483.14 5599.74 16309.9
-2202.88 -4689.23 9512.25 11265.7
-8170.83 -972.678 2705.26 8662.45 -1 1
-6145.82 -3510.46 2894.49 7647.46 1 1
-315.083 -3359.4 3689.38 5000.76 -1 2
-1887.8 -1329.83 5822.86 6264.91 1 2
event 43
-7828.73 217.365 -20583.1 22239.4
1474.4 6003.59 -10894.5 12903.4
-4055.83 -1301.81 -8882.91 9851.99 -1 1
-3772.89 1519.17 -11700.2 12387.4 1 1
-453.003 3316.44 -7219.9 7958.78 -1 2
1927.4 2687.16 -3674.63 4944.67 1 2
event 44
-4807.45 4334.42 6143.56 9446.28
14589.5 -783.324 16220.9 22049.4
-1858.61 2993.99 1615.93 3878.24 1 1
-2948.84 1340.44 4527.63 5568.04 -1 1
7257.87 -1893.43 7621.04 10693.6 1 2
7331.65 1110.11 8599.81 11355.8 -1 2
event 45
-3122.98 -6315.9 1526.25 7846.27
5204.09 1891.43 22930.8 23792.3
4276.77 108.75 16958.8 17490.4 1 2
-2436.79 -2357.95 -351.791 3410.69 1 1
927.318 1782.68 5972.01 6301.9 -1 2
-686.197 -3957.95 1878.04 4435.59 -1 1
event 46
-5784.71 19102.7 116328 118069
-5414.38 -2765.71 483.167 6840.26
-1800.83 11093 62649.6 63649.7 1 1
-3983.89 8009.71 53678.8 54419.2 -1 1
-3273.81 -884.8 -1115.02 3571.43 -1 2
-2140.57 -1880.91 1598.19 3268.83 1 2
event 47
8218.94 -4014.43 -17037.7 19584.2
3369.68 5196.85 20961.8 22076
5544.85 -2196.3 -7958.41 9945.68 -1 1
2674.09 -1818.14 -9079.28 9638.51 1 1
2490.1 1218.49 10120.7 10494 -1 2
879.585 3978.36 10841.2 11582 1 2
event 48
-7919.57 -6837.49 10723.1 15298.6
-20261.8 -18409.3 75188.5 80077.1
-18492.1 -15778.7 68182.8 72386.7 1 2
-2960.69 -1290.49 4807.15 5792.31 1 1
-1769.72 -2630.59 7005.74 7690.48 -1 2
-4958.88 -5547.01 5915.93 9506.27 -1 1
