event 0
1320.41 -7894.45 -1104.25 8652.99
15893.8 18844.7 -117477 120076
39.2455 -6083.62 180.628 6087.34 -1 1
1281.17 -1810.83 -1284.87 2565.65 1 1
7775.33 9926.5 -67158.3 68331.8 -1 2
8118.42 8918.24 -50319.1 51744.2 1 2
event 1
-2991.63 5099.32 -27674.2 28467.7
-9413.44 -1367.61 -18881.3 21367.6
-900.837 3755.88 -20832 21187.3 -1 1
-2090.79 1343.44 -6842.26 7280.38 1 1
-5358.18 716.103 -11143.1 12385.6 1 2
-4055.26 -2083.72 -7738.16 8982.05 -1 2
event 2
-1659.44 5378.92 698.217 6462.52
-3710.37 14896.2 26886.1 31114.5
469.959 3408.35 882.235 3553.47 -1 1
-2129.4 1970.57 -184.018 2909.04 1 1
-3322.32 7192.04 12780.9 15037.5 1 2
-388.053 7704.12 14105.2 16077 -1 2
event 3
4142.77 -5821.64 -1532.33 7936.81
10207 -3089.16 50654.4 51857.3
4110.08 131.384 15755.5 16283.6 -1 2
1130.49 -2467.9 -2042.68 3398.86 -1 1
6096.89 -3220.55 34898.9 35573.7 1 2
3012.28 -3353.73 510.349 4537.95 1 1
event 4
6066.46 -10140.5 14.3746 12215.7
5305.27 4143.82 -27950.1 28915.6
3684.09 -5055.93 -1427.64 6417.49 1 1
2382.38 -5084.57 1442.02 5798.2 -1 1
3861.03 1371.73 -12590.9 13241.3 -1 2
1444.24 2772.09 -15359.1 15674.3 1 2
event 5
10144.3 4426.54 49486.5 50803.6
3385.83 -3973.05 7444.5 9605.25
6533.77 1189.89 28933.5 29686.1 1 1
3610.48 3236.65 20553 21117.5 -1 1
2284.99 -2206.88 1950.24 3729.09 -1 2
1100.84 -1766.16 5494.26 5876.16 1 2
event 6
1232.97 9154.8 36498 37775.9
5560.34 -2517.34 12681.2 14410.4
4682.79 -608.449 9236.28 10373.9 -1 2
1963.67 3785.61 18127.1 18622.3 -1 1
-730.7 5369.19 18370.9 19153.7 1 1
877.557 -1908.89 3444.93 4036.42 1 2
event 7
7470.17 8755.48 -12278 17111.5
2465.18 -8583.26 37183.1 38365.7
1381.79 -5245.59 16032.4 16925.5 -1 2
2025.24 4592.22 -5919.46 7761.53 -1 1
5444.93 4163.25 -6358.56 9350 1 1
1083.39 -3337.67 21150.8 21440.1 1 2
event 8
2659.81 -6374.28 -17905.1 19439.4
6656.89 -2937.48 -21820.4 23209.1
3410.75 -41.2213 -11824 12306.6 1 2
-268.402 -2337.03 -3719.58 4402.29 -1 1
2928.21 -4037.25 -14185.6 15037.1 1 1
3246.14 -2896.26 -9996.38 10902.5 -1 2
