event 0
-4566.81 16458.8 70695 72795.1
-3710.24 -4127.61 1792.27 6603.51
-2136.93 -2507.59 -557.114 3343.05 1 2
-2814.2 7200.51 37482 38271.1 -1 1
-1573.32 -1620.02 2349.38 3260.45 -1 2
-1752.61 9258.31 33213 34524 1 1
event 1
9486.11 1324.77 -3809.93 10763.3
4030.78 -7469.35 2315.33 9326.88
2241.7 -2666.77 2344.76 4200.71 -1 2
2362.67 1073.75 -2315.55 3479.66 1 1
7123.44 251.021 -1494.38 7283.6 -1 1
1789.08 -4802.58 -29.4338 5126.17 1 2
event 2
-7661.33 -9265.29 -16196.9 20407.7
3543.43 4246.62 -9729.19 11612
-4717.19 -3908.19 -6401.89 8861.21 1 1
-2944.14 -5357.11 -9795.03 11546.4 -1 1
2369.9 2269.47 -8241.69 8871.5 -1 2
1173.53 1977.15 -1487.51 2740.46 1 2
event 3
2544.77 -6789.47 2593.66 8300.04
-17705.5 2462.43 54326.8 57276
10.3633 -4108.05 1967.65 4556.2 -1 1
2534.41 -2681.43 626.016 3743.84 1 1
-13421.9 3141.12 40176.7 42475.8 1 2
-4283.53 -678.691 14150.1 14800.2 -1 2
event 4
4141.24 3527.69 -4264.42 7574.24
-8758.56 -5930.22 9712.67 14690.4
3248.88 822.722 -1796.86 3804.2 1 1
892.362 2704.97 -2467.56 3770.04 -1 1
-3918.67 -4461.14 5721.8 8246.69 -1 2
-4839.89 -1469.08 3990.87 6443.68 1 2
event 5
-2315.81 -5019.62 5209.92 8203.28
-11446.3 -2509.49 -47541.6 49062.3
-345.735 -3267.54 4298.92 5411.86 1 1
-1970.07 -1752.07 911.008 2791.42 -1 1
-5617.44 -2661.19 -21854.5 22721.5 1 2
-5828.83 151.706 -25687.1 26340.8 -1 2
event 6
8492.33 20221.1 -40103.8 45813.9
-1750.48 3866.98 5736.27 8031.94
-2761.88 1751.55 3216.66 4588.46 1 2
2937.85 3854.38 -9570.14 10727.8 1 1
1011.4 2115.43 2519.6 3443.48 -1 2
5554.48 16366.7 -30533.7 35086.1 -1 1
event 7
-6414.3 3855.16 34338.5 35280.8
6455.32 2905.32 -14443.7 16380.6
2011.89 2501.63 -6995.23 7697.42 -1 2
-873.056 1857.47 6187.26 6519.64 1 1
-5541.24 1997.69 28151.3 28761.1 -1 1
4443.43 403.686 -7448.43 8683.16 1 2
event 8
6542.16 -3257.16 -27315.2 28515.2
9198.96 -5873.1 -55742.9 56885.6
3882.21 -1152.22 -15577.3 16095.4 -1 2
2556.75 219.263 -5534.47 6101.36 -1 1
5316.74 -4720.88 -40165.6 40790.2 1 2
3985.4 -3476.42 -21780.7 22413.8 1 1
event 9
2183.14 -7812.75 -2887.37 9150.6
7.97449 -11949.8 2976.66 12698.4
1523.01 -4917.25 1157.06 5277.2 -1 2
-604.923 -3329.06 -849.872 3490.28 -1 1
-1515.04 -7032.51 1819.6 7421.16 1 2
2788.06 -4483.68 -2037.5 5660.32 1 1
event 10
-6298.38 -690.158 14333.5 15974.5
-5720.61 -9031.46 -18494.8 21585.7
-3467.08 -1890.03 7381.01 8371.58 1 1
-2831.3 1199.87 6952.52 7602.93 -1 1
-2048.89 -6075.11 -10903.2 12648.9 -1 2
-3671.72 -2956.35 -7591.6 8936.73 1 2
event 11
5255.28 5185.97 -7757.08 11147.9
-2773.76 -6444.83 11080 13475.4
-140.196 -3074.64 2832.21 4183.98 1 2
971.675 2788.94 -3959.82 4941.02 -1 1
4283.6 2397.03 -3797.26 6206.88 1 1
-2633.57 -3370.19 8247.78 9291.44 -1 2
event 12
-894.616 7844.45 1850.21 8680.4
-7421.57 -2828.37 -2313.76 8833.1
-668.178 4782.53 2645.3 5507.07 -1 1
-226.438 3061.93 -795.091 3173.33 1 1
-5763.23 -1237.95 -2727.58 6496.01 -1 2
-1658.34 -1590.42 413.818 2337.08 1 2
event 13
2904.99 -4189.78 -5107.97 7853.41
2508.72 10382.8 -3190.76 11570.1
609.402 -3506.13 -3243.81 4816.41 1 1
2295.59 -683.651 -1864.16 3037 -1 1
2400.13 5839.61 -612.489 6344.13 1 2
108.588 4543.21 -2578.27 5226.01 -1 2
event 14
2361.13 -23704.9 -67960.6 72081.4
-5435.68 4067.73 3194.74 8117.28
-1850.9 3288.3 1344.41 4007.16 1 2
380.018 -7456.16 -17320.1 18861 1 1
-3584.79 779.432 1850.33 4110.12 -1 2
1981.11 -16248.7 -50640.4 53220.4 -1 1
event 15
5865.55 1021.83 9274.68 11448.1
9047.33 3911.3 -5127.75 11534.1
3108.24 1769.09 3502.98 5007.28 1 1
2757.31 -747.258 5771.7 6440.87 -1 1
5712.6 1343.32 -1715.95 6115.06 1 2
3334.73 2567.98 -3411.8 5419.09 -1 2
event 16
-3073.6 -12209.9 1058.2 13009.2
8530.68 1186.35 -5345.46 10599.3
3141.2 -1050.23 -2061.34 3902.61 -1 2
-965.558 -2514.32 1484.94 3077.39 1 1
-2108.05 -9695.53 -426.746 9931.79 -1 1
5389.48 2236.58 -3284.12 6696.67 1 2
event 17
4093.21 3173.61 -24440.2 25174.2
6842.81 14559.5 19124.7 25182.3
3502.68 996.838 -17525.6 17900.3 -1 1
590.527 2176.77 -6914.52 7273.85 1 1
5460.94 9067.34 13939 17502.7 -1 2
1381.87 5492.12 5185.67 7679.53 1 2
event 18
-8821.73 -4481.19 55266.5 56230.6
-4997.72 843.058 26612 27266.8
-5960.11 -1430.71 29987.3 30607.5 -1 1
-2861.62 -3050.49 25279.2 25623.1 1 1
-3667.44 -797.438 14926.8 15391.8 -1 2
-1330.28 1640.5 11685.2 11875 1 2
event 19
-5933.73 -3311.96 -9868.8 12375.9
-1973.7 6737.41 3933.77 8622.83
575.763 3368.33 1393.94 3692.07 1 2
-1451.26 -1817.68 -1515.13 2777.93 1 1
-4482.47 -1494.27 -8353.68 9597.94 -1 1
-2549.46 3369.08 2539.83 4930.76 -1 2
event 20
-4684.24 7483.25 -30049.6 31472.4
7061.06 2968.65 -6476.29 10498
3155.17 760.035 -959.274 3385.87 1 2
-1821.97 1611.26 -12747.1 12977.5 -1 1
-2862.27 5871.99 -17302.5 18494.9 1 1
3905.89 2208.61 -5517.02 7112.14 -1 2
event 21
-5889.36 -3023.67 10903.5 13126.5
-8385.91 -5932.87 -18505.8 21391
-2837.06 -2563.83 3854.37 5430.42 -1 1
-3052.3 -459.841 7049.1 7696.04 1 1
-4122.97 -3759.02 -12662.9 13837.9 -1 2
-4262.94 -2173.85 -5842.93 7553.1 1 2
event 22
-1336.19 4550.79 -1851.53 5959.4
7936.01 9538.16 11871.9 17449.6
355.837 3398.49 -387.88 3440.63 -1 1
-1692.02 1152.3 -1463.65 2518.77 1 1
5219.51 3876.28 6295.49 9050.59 1 2
2716.5 5661.88 5576.39 8399.02 -1 2
event 23
12432.3 7031.03 -192.758 14616
-305.263 12164.3 10265.9 16218.6
9051.6 3472.31 123.344 9696.12 1 1
3380.72 3558.73 -316.102 4919.84 -1 1
622.219 10347.2 7570.32 12836.4 -1 2
-927.482 1817.07 2695.53 3382.16 1 2
event 24
-19135.4 4393.81 -72230.2 74915
-5321.03 -405.752 5857.97 8507.87
-14868.6 2152.78 -52818 54913.2 -1 1
-4266.82 2241.03 -19412.2 20001.8 1 1
-3158.01 -1755.67 3296.67 4892.3 -1 2
-2163.03 1349.92 2561.3 3615.57 1 2
event 25
5783.85 4936.58 47700 48401.4
-19980 8947.18 -6410.91 23020.5
4567.86 1919.99 28587.2 29013.7 1 1
1215.99 3016.59 19112.7 19387.8 -1 1
-10372.9 6065.78 -2630.39 12301.3 -1 2
-9607.05 2881.4 -3780.52 10719.2 1 2
event 26
876.604 11442.9 -17720.9 21338.4
537.272 -14893.9 -3900.11 15713.6
1695.38 -11164.7 -3267.92 11756.5 1 2
927.537 4625.97 -9870.82 10940.9 1 1
-1158.11 -3729.17 -632.188 3957.11 -1 2
-50.9331 6816.94 -7850.05 10397.5 -1 1
event 27
5535.53 -133.822 3513.97 7252.51
-3369.09 12839.9 11150.3 17610.7
3000.22 -777.944 3442.69 4633.55 1 1
2535.31 644.122 71.2769 2618.96 -1 1
-569.205 7298.7 4965.16 8846.41 -1 2
-2799.88 5541.25 6185.16 8764.26 1 2
event 28
-5216.25 1310.36 -76.8306 6206.58
-12404.2 -779.977 -57940.3 59339.2
-2664.58 -1464.82 -13322 13665.1 1 2
-1786.92 -1014.95 74.5711 2059.11 -1 1
-9739.57 684.841 -44618.3 45674.2 -1 2
-3429.33 2325.31 -151.402 4147.47 1 1
event 29
177.469 -6598.94 15426.6 17063.1
-4186.87 -7638.16 -1968.25 9451.81
-1392.09 -4032.78 8518.66 9527.85 1 1
1569.56 -2566.17 6907.98 7535.26 -1 1
-3843.47 -5185.27 -297.138 6462.1 -1 2
-343.403 -2452.89 -1671.11 2989.71 1 2
event 30
7360.13 5080.32 -38508.9 39654.8
-8127.11 2488.31 20137.6 22166.5
-4266.05 -160.614 12477.2 13187.7 1 2
2526.68 506.683 -15083.8 15302.7 -1 1
4833.45 4573.63 -23425.1 24352.1 1 1
-3861.06 2648.93 7660.44 8978.76 -1 2
event 31
5570.17 1632.3 10169.9 12112.4
8725.6 2834.3 14496.5 17432.9
3271.36 447.673 2901.35 4396.73 1 1
2298.81 1184.63 7268.59 7715.66 -1 1
5010.64 581.042 5639.17 7566.74 -1 2
3714.96 2253.26 8857.31 9866.16 1 2
event 32
8547.08 2754.5 25345.9 27067.5
5680.4 -3377.62 14414.7 16157
4723.12 -1601.61 12080.5 13069.9 -1 2
2812.28 1255.09 4980.62 5856.79 -1 1
5734.8 1499.41 20365.3 21210.7 1 1
957.282 -1776.01 2334.18 3087.1 1 2
event 33
8070.41 998.717 -5801.12 10458.2
6981.07 -2330.87 3180.65 8595.07
3231.92 -99.4944 2682.28 4202.5 -1 2
2417.45 1621.38 -2738.45 3997.9 1 1
5652.96 -622.667 -3062.68 6460.25 -1 1
3749.15 -2231.37 498.362 4392.57 1 2
event 34
-2754.65 3211.42 7966.28 9536.91
-11871.9 -9761.27 -12071.7 19787.4
-695.535 2997.16 5604.9 6394.75 -1 1
-2059.12 214.262 2361.37 3142.15 1 1
-6365.26 -5205.36 -4496.91 9372.61 1 2
-5506.6 -4555.91 -7574.84 10414.8 -1 2
event 35
10214.1 -822.388 9354.31 14216.2
7837.13 4992.03 10315.7 14224.8
5210.17 1756.23 4722.45 7248.66 1 2
4846.52 -1897.79 4086.82 6618.43 -1 1
2626.95 3235.79 5593.28 6976.19 -1 2
5367.63 1075.4 5267.48 7597.73 1 1
event 36
7519.68 8766.14 -10840.2 16139.8
-1715.11 -4974.61 -4102.65 7356.05
403.665 -3492.91 -2402.73 4260 1 2
1625.98 3916.81 -4799.94 6405.92 1 1
-2118.77 -1481.7 -1699.91 3096.05 -1 2
5893.7 4849.33 -6040.28 9733.85 -1 1
event 37
1956.07 4485.2 18016.3 18924.1
-4902.73 -12038.9 32516.3 35154.9
2481.76 2247.5 12634 13070.6 -1 1
-525.688 2237.7 5382.25 5853.5 1 1
-2115.69 -7124.61 21924.1 23149.9 1 2
-2787.04 -4914.25 10592.2 12005.1 -1 2
event 38
-11824.5 2796.49 8515.64 15157.4
-4878.06 1270.62 8263.59 10163.1
-7783.74 1844.07 3746.97 8833.92 1 1
-4040.71 952.415 4768.67 6323.43 -1 1
-3326.19 -702.452 4897.58 5962.75 -1 2
-1551.87 1973.07 3366.02 4200.3 1 2
event 39
-4213.41 -7146.68 4299.04 9843.8
435.372 10642.8 15960.9 19437.1
-720.42 3701.14 3607.35 5219.34 -1 2
-1886.45 -836.277 1523.15 2566.95 -1 1
1155.79 6941.62 12353.6 14217.8 1 2
-2326.96 -6310.4 2775.89 7276.86 1 1
event 40
-1964.26 -7612.33 -842.294 8491.47
4990.19 5976.88 -5669.26 10117.1
3155.41 1567.94 -3095 4690.97 -1 2
305.128 -3093.61 730.199 3194.98 1 1
-2269.38 -4518.72 -1572.49 5296.49 -1 1
1834.78 4408.94 -2574.26 5426.16 1 2
event 41
9269.38 4226.9 46439.8 47644.9
-5645.44 3673.62 -23426.9 24571.9
5572.45 1279.87 29917.9 30459.6 1 1
3696.93 2947.03 16521.9 17185.3 -1 1
-3138.01 1653.87 -7184.74 8013.36 -1 2
-2507.43 2019.76 -16242.2 16558.6 1 2
event 42
-1915.64 10643.9 36973 38698.1
6529.95 -6976.5 -32989.9 34485.3
-2896.85 6577.18 25119.5 26127.6 1 1
981.216 4066.73 11853.6 12570.6 -1 1
3195.79 -1505.68 -9463.51 10101.9 -1 2
3334.16 -5470.82 -23526.4 24383.4 1 2
event 43
-4678.21 -7381.69 21523.4 23435.5
31622 9557.37 48952.6 59137.5
3605.8 98.2094 5202.16 6331.28 -1 2
-1130.4 -3374.56 5596.45 6633.01 1 1
28016.2 9459.16 43750.5 52806.2 1 2
-3547.82 -4007.13 15927 16802.5 -1 1
event 44
12027.8 -5032.03 8258.76 15741.4
9036.3 8581.52 6501.66 14393.1
5819.82 6842.45 5727.87 10654.1 1 2
5726.13 -1810.89 2112.6 6367.27 1 1
3216.48 1739.07 773.784 3738.99 -1 2
6301.68 -3221.14 6146.16 9374.08 -1 1
event 45
-5557.46 3704.11 7474.7 10491.3
6228.79 4401.5 -22775.8 24300
1979.41 3257.2 -7663.36 8559.54 1 2
-973.302 2363.85 2194.37 3370.68 -1 1
-4584.15 1340.26 5280.33 7120.66 1 1
4249.38 1144.3 -15112.4 15740.5 -1 2
event 46
5938.49 10292.8 -2535.26 12538.9
-9003.15 686.331 13090.1 16200.9
-5809.93 -4.25214 5793.44 8205.51 -1 2
887.329 4459.36 -643.284 4593.28 1 1
5051.16 5833.41 -1891.98 7945.67 -1 1
-3193.22 690.584 7296.64 7995.35 1 2
event 47
3020.19 10735.6 9159.12 14759.9
3823.37 3158.88 11254.2 12682.4
3132.78 5895.71 4593.82 8104.81 1 1
-112.586 4839.88 4565.3 6655.09 -1 1
1479.03 3169.57 6852.45 7694.22 -1 2
2344.33 -10.6868 4401.73 4988.23 1 2
event 48
821.114 5578.9 -3470.17 7309.68
-6186.99 10488.9 14468 19162.7
-1064.43 3204.35 -1530.73 3708.79 1 1
1885.54 2374.55 -1939.44 3600.88 -1 1
-4460.23 4771.71 6624.29 9303.51 -1 2
-1726.76 5717.15 7843.76 9859.17 1 2
event 49
5336.04 2458.32 -3570.01 7540.08
4761.63 7013.15 -10198.1 13618
2524.78 1749.74 -2177.98 3767.07 1 2
2358.56 -461.703 -811.533 2538.84 -1 1
2236.85 5263.41 -8020.1 9850.9 -1 2
2977.49 2920.02 -2758.48 5001.23 1 1
event 50
5706.48 1676.84 -12341.7 14045.8
-3653.45 9905.13 29517.7 31501.5
3309.79 998.938 -3758.31 5107.7 1 1
2396.69 677.906 -8583.35 8938.05 -1 1
-3414.46 5721.89 20530.6 21585 -1 2
-238.985 4183.24 8987.11 9916.44 1 2
event 51
-3935.95 3419.83 -7618.11 9737.22
11161.8 -1545.11 -33078.6 35082.2
-3299.27 982.357 -5244.86 6274.55 -1 1
-636.681 2437.47 -2373.25 3462.67 1 1
5707.63 -763 -12242.4 13529.5 -1 2
5454.13 -782.113 -20836.2 21552.7 1 2
event 52
7647.45 -3276.17 34513.8 35637.2
-2827.77 -10234 21586.7 24255.1
-674.454 -7292.68 15798.2 17413.6 1 2
3356.29 -1831.11 21977.4 22307.7 1 1
-2153.31 -2941.31 5788.51 6841.5 -1 2
4291.16 -1445.06 12536.4 13329.5 -1 1
