event 0
8592.93 4928.62 14959.8 18207.6
-6114.7 4160.18 -1835.76 8225.7
4810.93 1606.6 5440.94 7439.16 1 1
3782.01 3322.02 9518.83 10768.4 -1 1
-4786.94 2552.82 -2581.6 6008.95 -1 2
-1327.76 1607.36 745.833 2216.75 1 2
event 1
-4538.71 2727.4 415.755 6148.5
1796.48 12853.3 -9741.52 16520.4
-3455.31 295.751 188.84 3474.69 1 1
-1083.4 2431.65 226.915 2673.82 -1 1
2362.08 7450.75 -6690.8 10289.4 -1 2
-565.6 5402.56 -3050.72 6231.02 1 2
event 2
-5502.82 3857.33 -3328.42 8113.45
-13861 -11358.9 2950.08 18424.2
-3664.82 -1433.86 283.945 3946.98 1 2
-2622.4 184.934 -573.741 2692.87 1 1
-10196.2 -9925.06 2666.13 14477.2 -1 2
-2880.42 3672.4 -2754.68 5420.59 -1 1
event 3
-4164.76 5142.87 6591.32 9840.24
-6871.97 -426.381 -1104.41 7887.56
-2941.53 -1251.74 -1998.71 3771.67 -1 2
-651.738 2411.03 997.724 2691.55 1 1
-3513.02 2731.84 5593.59 7148.69 -1 1
-3930.44 825.359 894.305 4115.89 1 2
event 4
-8591.6 17297.1 55300.4 58657.7
-1963.81 -3897.05 22982.2 23597
-7027.57 11037.5 35709.7 38031.6 1 1
-1564.03 6259.59 19590.7 20626.1 -1 1
23.0566 -3208.99 12530.6 12935.4 -1 2
-1986.87 -688.051 10451.7 10661.6 1 2
event 5
2400.76 7215.42 2181.85 8495.73
-2193.14 6961.33 17322.1 19050.4
2497.82 4020.98 2365.41 5292.8 -1 1
-97.0616 3194.44 -183.561 3202.92 1 1
-774.203 4848 8004.62 9390.82 -1 2
-1418.94 2113.34 9317.53 9659.56 1 2
event 6
11478.4 -1235.44 684.57 11972.5
-6987.96 -881.505 2527.49 8098.62
6307.06 -1758.58 -718.086 6587.75 1 1
5171.39 523.149 1402.66 5384.75 -1 1
-2159.99 1156.22 844.969 2593.75 -1 2
-4827.97 -2037.73 1682.52 5504.87 1 2
