event 0
-8738.22 1313.1 -24325.1 26065
8511.91 -8435.65 -40864.4 42697.8
7477.46 -5562.51 -31089.9 32456.9 1 2
-2957.63 1841.21 -10736.9 11288.5 1 1
1034.45 -2873.14 -9774.52 10241 -1 2
-5780.59 -528.11 -13588.2 14776.5 -1 1
event 1
15453.2 -8326.77 -71707.9 73890.1
-3858.76 2710.17 -3343.3 6557.7
-1568.13 2656.04 -2872.54 4216.18 1 2
5109.3 -2722.7 -30048.9 30601.7 -1 1
-2290.63 54.1291 -470.759 2341.52 -1 2
10343.9 -5604.08 -41659 43288.4 1 1
event 2
-895.47 6182.01 19330.8 20549.5
-2805.54 -7236.17 6248.49 10434
-866.612 -3132.89 4537.58 5582.72 -1 2
-1440.7 1605.61 8665.61 8930.71 -1 1
545.233 4576.4 10665.1 11618.8 1 1
-1938.93 -4103.28 1710.92 4851.26 1 2
