event 0
-13873.9 -1198.51 -53894.8 55750.9
9860.52 10306 38.2963 14595.7
-8095.35 -1738.71 -35917.4 36859.6 1 1
-5778.55 540.198 -17977.4 18891.3 -1 1
8849.28 8095.27 866.852 12025.2 -1 2
1011.24 2210.7 -828.556 2570.5 1 2
event 1
-5039.79 613.214 -26289.7 26953.9
5693.01 15860.1 -23601.6 29164.7
-3350.17 -1038.49 -17703 18047.4 -1 1
-1689.62 1651.7 -8586.69 8906.48 1 1
5128.91 10008.6 -15105.1 18832.2 -1 2
564.101 5851.58 -8496.52 10332.5 1 2
event 2
6562.94 20579.1 46300.4 51184.9
-2469.79 3656.97 -1117.35 5505.6
-520.588 3165.05 -1344.84 3479.7 1 2
2691.04 4764.35 13446.5 14517.6 -1 1
-1949.2 491.92 227.493 2025.9 -1 2
3871.9 15814.8 32853.9 36667.3 1 1
event 3
-1842.42 4544.83 -18856.4 19728.2
-12650.5 326.862 32548.9 35059.5
-2524.5 2194.94 -10525.7 11045.1 -1 1
682.08 2349.89 -8330.6 8683.16 1 1
-7790.67 -816.169 22758.5 24069.1 1 2
-4859.86 1143.03 9790.45 10990.4 -1 2
event 4
-8445.59 9563.41 11220.7 17270.8
-3876.46 3816.18 2439.13 6717.93
-1427.33 3169.9 2318.34 4179.88 1 2
-4270.52 4718.72 3567.72 7296.81 -1 1
-2449.14 646.279 120.795 2538.05 -1 2
-4175.07 4844.68 7652.96 9974.02 1 1
event 5
4559.61 -6789.07 1268.92 8836.44
-8945.57 4959.01 25098.1 27278.6
-2113.75 2205.02 10367.1 10808.3 -1 2
2058.08 -751.531 546.04 2260.49 -1 1
-6831.82 2753.99 14731 16470.3 1 2
2501.54 -6037.53 722.884 6575.96 1 1
event 6
-9137.49 -1654.7 31811.2 33283.3
-4950.2 4853.97 18649.3 20135.9
-2704.03 4335.27 14684.3 15548.2 -1 2
-3236.59 491.397 14579.5 14942.9 1 1
-5900.89 -2146.09 17231.7 18340.3 -1 1
-2246.17 518.7 3965.07 4587.73 1 2
event 7
-7650.9 -6954.5 8901.11 13990.1
7210.89 984.286 3542 8666.17
3258.75 -1096.08 1638.05 3809.88 -1 2
-2801.47 -792.679 2945.98 4143.25 1 1
-4849.42 -6161.83 5955.13 9846.82 -1 1
3952.15 2080.37 1903.95 4856.29 1 2
