event 0
7694.73 -1804.54 -9928.44 13062.5
-6809.79 -2519.99 -11568.2 14004.9
-4152.23 -427.801 -8346.11 9332.35 -1 2
3055.01 -2259.29 -3970.35 5496.57 -1 1
4639.72 454.75 -5958.09 7565.96 1 1
-2657.56 -2092.19 -3222.09 4672.57 1 2
event 1
10857.6 6092.52 7940.81 15088.2
4754.58 -2668.57 1875.57 6544.96
6051.79 3585.54 6247.05 9408.35 1 1
4805.81 2506.98 1693.76 5679.85 -1 1
3218.44 -130.113 458.819 3255.29 -1 2
1536.14 -2538.46 1416.76 3289.66 1 2
event 2
1762.13 4372.34 14745.9 15787.8
8054.59 -6175.93 -3315.9 11117.8
-202.91 3315.75 7453.34 8160.81 1 1
1965.04 1056.58 7292.57 7626.96 -1 1
5429.55 -2892.88 -766.674 6200.63 -1 2
2625.04 -3283.05 -2549.23 4917.21 1 2
event 3
4638.62 -2914.82 -8583.4 10643.1
5921.92 10128.6 -55771.7 57076.5
3312.61 -1261.71 -2914.96 4590.58 1 1
1326.01 -1653.11 -5668.44 6052.56 -1 1
4811.47 5608.88 -30771.2 31646.3 1 2
1110.45 4519.68 -25000.5 25430.2 -1 2
event 4
-11956.9 795.101 27073.1 29768.2
6139.74 2140.09 -4942.06 8734.49
2948.68 2242.54 -3886.23 5370.07 1 2
-5030.27 206.359 15163.7 15977.9 -1 1
3191.06 -102.452 -1055.83 3364.42 -1 2
-6926.59 588.742 11909.4 13790.2 1 1
event 5
509.743 -16151.7 -46230 49070.8
5298.03 1994.57 -10485.4 12311.8
-58.5403 -9807.97 -23495.5 25460.7 -1 1
568.284 -6343.74 -22734.5 23610 1 1
3353.5 2646.05 -8148.55 9200.96 -1 2
1944.53 -651.479 -2336.83 3110.88 1 2
event 6
-4964.1 4969.77 -14207.7 16149
-11510 -4133.75 -34617.7 36844.9
-3915.88 -679.276 -15182.5 15694.4 1 2
-773.107 2695.41 -4048.34 4925.77 1 1
-7594.14 -3454.47 -19435.2 21150.5 -1 2
-4190.99 2274.36 -10159.3 11223.2 -1 1
event 7
-86.1511 13466.2 26869 30213.9
6604.87 -4573.36 11587.7 14436.3
-533.208 8160.44 13012.7 15369.4 -1 1
447.057 5305.78 13856.3 14844.5 1 1
4952.1 -1605.76 6780.03 8548.78 -1 2
1652.77 -2967.6 4807.7 5887.57 1 2
