event 0
6227.92 -8324.37 10319.4 14972.1
2961.03 -5156.15 -6738.5 9505.37
3186.99 -2543.6 -4033.72 5736.62 1 2
3975.2 -2816.54 4162.29 6408.66 1 1
-225.955 -2612.55 -2704.77 3768.74 -1 2
2252.72 -5507.83 6157.1 8563.41 -1 1
event 1
-12583 9441.37 -17844.1 24072.2
12604.7 -1185.4 -9336.65 16032.7
10521 184.688 -7836.42 13120.5 -1 2
-4674.91 2478.72 -3802.88 6517.05 1 1
-7908.12 6962.65 -14041.2 17555.1 -1 1
2083.72 -1370.09 -1500.23 2912.19 1 2
event 2
-8265.82 2216.9 36320.5 37443.4
-4957.77 6392.81 5041.65 10022.8
-1480.65 3356.06 3706.72 5215.98 1 2
-3197.94 -363.483 17030.3 17332.1 -1 1
-5067.88 2580.38 19290.2 20111.3 1 1
-3477.13 3036.75 1334.93 4806.81 -1 2
event 3
5151.48 -7864.6 42375.5 43516.3
-4061.65 -4314.98 12865.9 14499.6
-3148.41 -1705.96 4921.29 6087.12 1 2
1156.42 -4379.54 17063.8 17655.1 1 1
-913.238 -2609.02 7944.65 8412.46 -1 2
3995.06 -3485.06 25311.7 25861.1 -1 1
event 4
-708.484 -7604.51 4095.46 9202.95
-8211.76 2144.63 -34989.9 36137.5
-3501.95 990.149 -9177.19 9872.99 1 2
-994.494 -2864.46 166.289 3038.58 -1 1
-4709.82 1154.48 -25812.7 26264.5 -1 2
286.01 -4740.05 3929.17 6164.37 1 1
event 5
-1091.49 10517 3154.84 11460.5
4626.54 -1498.39 18019.4 19024.6
2302.61 -2007.54 5609.11 6387.92 1 2
497.934 5032.19 278.21 5065.51 -1 1
2323.92 509.149 12410.2 12636.7 -1 2
-1589.42 5484.84 2876.64 6394.99 1 1
event 6
2003.37 -8469.46 -46857.8 47759.7
3849.6 -2224.32 10698.8 11992.6
3284.73 -179.889 6707.44 7471.46 1 2
2340.26 -3262.44 -19843.8 20246.2 1 1
564.87 -2044.43 3991.37 4521.17 -1 2
-336.895 -5207.02 -27014.1 27513.6 -1 1
event 7
-15532.1 924.418 -7991.64 17763.9
4253.42 8392.02 -2289.25 10166.1
-8605.19 1115.38 -2847.68 9133.11 1 1
-6926.93 -190.959 -5143.97 8630.78 -1 1
3221.12 4018.29 -2370.2 5670.21 -1 2
1032.29 4373.73 80.947 4495.87 1 2
