event 0
-7280.87 -19674.5 35159.4 41108
-3280.12 7263.08 33553.8 34626
-5558.54 -12074.1 24876.9 28205.5 -1 1
-1722.32 -7600.39 10282.5 12902.5 1 1
-3245.79 4486.17 25839.9 26426.7 -1 2
-34.3263 2776.91 7713.88 8199.24 1 2
event 1
1848 -4987.27 14949 16166.3
-8126.64 -8006.9 -31013 33189.6
2279.08 -2678.25 11213.2 11752.2 1 1
-431.085 -2309.02 3735.8 4414.16 -1 1
-4425.77 -5898.65 -22353.7 23538.9 -1 2
-3700.87 -2108.25 -8659.22 9650.62 1 2
event 2
-3419.32 9548.02 12899.7 16698.8
5372.22 -5839.12 10827.3 13776
-3763.8 6420.36 8684.52 11437.6 -1 1
344.484 3127.66 4215.19 5261.17 1 1
2129.27 -407.38 3188.62 3857.23 -1 2
3242.96 -5431.74 7638.69 9918.74 1 2
