event 0
8573.81 862.078 5288.68 10574.2
3869.06 6841.35 -31378.3 32495.5
2403.71 2564.36 -8952.29 9618.13 1 2
2191.24 1284.11 2595.85 3633.19 -1 1
6382.57 -422.027 2692.83 6941.02 1 1
1465.35 4276.99 -22426 22877.4 -1 2
event 1
3401.26 -7878.44 37442.3 38537.7
470.368 5869.32 -9778.41 11827.1
539.171 -5074.14 20032.9 20672.8 1 1
2862.08 -2804.3 17409.4 17864.9 -1 1
-1071.62 3542.58 -6807.36 7749.16 -1 2
1541.99 2326.74 -2971.05 4077.96 1 2
event 2
-8066.8 -12197.9 -50737.5 52893.7
1265.52 -6194.19 181.113 7042.26
2062.43 -4247.53 -670.854 4770.36 -1 2
-644.34 -3283.51 -11440.4 11920.2 -1 1
-7422.46 -8914.36 -39297.1 40973.6 1 1
-796.909 -1946.66 851.966 2271.91 1 2
event 3
-286.488 -7880.36 -11244.1 14078.5
-2731.6 -7476.48 11982.3 14714.8
-1137.82 -4158.09 -3965.25 5858.22 -1 1
851.333 -3722.26 -7278.89 8220.3 1 1
-2277.06 -4670.63 9928.25 11206.3 -1 2
-454.54 -2805.85 2054.07 3508.53 1 2
event 4
2746.24 -5261.64 7305.58 9909.14
-8334.81 5759.96 24584.5 26770
-3635.08 797.722 9743.4 10430.5 1 2
1778 -1003.66 1103.34 2323.17 1 1
-4699.74 4962.24 14841.1 16339.5 -1 2
968.239 -4257.98 6202.25 7585.97 -1 1
event 5
8060.4 -4182.1 -19040.6 21321.2
-8665.17 6265.17 44357.7 45733.3
-5116.54 1971.89 24690.8 25292.6 1 2
1462.92 -1858.12 -2999.82 3821.36 -1 1
6597.47 -2323.97 -16040.8 17499.9 1 1
-3548.63 4293.28 19666.9 20440.7 -1 2
event 6
5918.33 -2228.12 -13261.4 15014.8
-5478.13 -5331.66 -7060.59 10857.2
-2028.42 -3129.06 -1667.91 4086.4 1 2
1995.06 265.264 -6528.14 6832.16 -1 1
3923.27 -2493.38 -6733.22 8182.69 1 1
-3449.71 -2202.6 -5392.67 6770.82 -1 2
event 7
-5699.9 -2044.14 2630.68 7292.35
-4847.98 5928.25 -588.214 8281.5
-1317.32 3114.97 -1455.19 3683.36 -1 2
-2472.51 565.807 371.911 2565.72 1 1
-3530.66 2813.28 866.98 4598.14 1 2
-3227.39 -2609.95 2258.77 4726.64 -1 1
