event 0
-2443.81 -10136.5 38822.3 40317.3
-5182 3386.18 6673.72 9615.03
-2812.88 2695.12 2124.71 4438.64 1 2
228.304 -4048.78 11396.3 12096.8 1 1
-2369.12 691.061 4549.02 5176.39 -1 2
-2672.12 -6087.72 27426 28220.5 -1 1
event 1
-8300 -16152.7 10748.5 21328.8
1635.01 4223.07 4174.22 6893.65
-4899.59 -12343.9 8338.58 15681.9 1 1
-3400.41 -3808.71 2409.89 5646.93 -1 1
2452.49 2296.12 2221.03 4028.77 -1 2
-817.473 1926.95 1953.19 2864.88 1 2
event 2
11477.4 7727.52 52586 54463.9
-3326.88 -3554.97 -22848.5 23565.9
-1088.17 -3135.92 -10638.5 11144.8 1 2
4457.5 4849.15 23845.8 24739 -1 1
-2238.71 -419.054 -12210 12421 -1 2
7019.94 2878.37 28740.2 29724.9 1 1
event 3
-6257.89 2788.34 -7747.26 10795.7
5318.16 -6543.87 29646.6 30977.6
2338.63 -3195.74 8740.98 9596.76 -1 2
-2481.65 -434.266 -2154.15 3316.43 -1 1
-3776.24 3222.61 -5593.11 7479.25 1 1
2979.53 -3348.12 20905.6 21380.9 1 2
event 4
1606.39 -5571.68 -827.45 6625.68
-4887.83 6774.75 -17142.4 19319.4
-889.946 3177.25 -4507.32 5586.95 -1 2
-594.46 -2076.17 -1207.01 2476.27 -1 1
-3997.88 3597.5 -12635.1 13732.5 1 2
2200.85 -3495.52 379.563 4149.41 1 1
event 5
8535.47 -1306.67 4467.34 10203.4
13971.6 -2539.53 -3714.3 15001.4
5030.66 -306.256 935.753 5127.2 -1 1
3504.81 -1000.41 3531.58 5076.2 1 1
7383.87 -826.853 -430.52 7443.24 -1 2
6587.75 -1712.68 -3283.78 7558.18 1 2
event 6
-6551.89 -1336.56 464.483 7383.79
4174.36 -5936.86 -11714.9 14124.5
1000.87 -3356.63 -7345.5 8138.56 -1 2
-2162.9 -1501.26 -898.374 2783.91 1 1
-4388.99 164.698 1362.86 4599.88 -1 1
3173.49 -2580.23 -4369.44 5985.97 1 2
event 7
-4083.91 -7864.52 26779.5 28377.2
2430.31 8193.53 -43868 44799.9
2641.39 5568.62 -35352.4 35885.8 1 2
-2482.84 -3295.96 8245 9220.57 1 1
-211.079 2624.92 -8515.6 8914.11 -1 2
-1601.07 -4568.56 18534.5 19156.6 -1 1
event 8
-2490.22 -5948.3 3381.54 7912.6
10323.8 6990.97 -58777.4 60165
-483.806 -3770.99 603.049 3850.88 1 1
-2006.41 -2177.31 2778.5 4061.72 -1 1
4786.17 5095.95 -31586 32350.6 1 2
5537.62 1895.02 -27191.5 27814.4 -1 2
event 9
-1392.04 5219.37 17476.5 18552.5
-4795.99 -9181.32 -2549.21 11108
-1920.29 2426.68 6300.22 7019.99 1 1
528.251 2792.69 11176.3 11532.5 -1 1
-1836.94 -6415.33 -2258.17 7045.66 1 2
-2959.05 -2765.98 -291.049 4062.33 -1 2
event 10
9084.8 300.322 -39776.4 40919.2
-7073.59 1200.99 29765.3 30774.1
4614.59 45.146 -13591.1 14353.6 1 1
4470.21 255.176 -26185.3 26565.6 -1 1
-4768.46 662.95 24913.1 25374.2 -1 2
-2305.13 538.045 4852.2 5399.83 1 2
event 11
-14098 -3612.9 -67742.4 69357.2
-13050 9146.62 -59981 62139.2
-8618.34 -2158.66 -34003.7 35145.4 -1 1
-5479.64 -1454.25 -33738.7 34211.8 1 1
-9664.99 8304.72 -47408 49090.8 -1 2
-3385.05 841.898 -12573 13048.3 1 2
event 12
605.173 10907.1 5013.99 12412.2
10063.8 3502.17 11232.6 15789.5
7869.92 3141.51 6937.58 10952 1 2
599.785 3958.49 3456.51 5290.37 1 1
2193.89 360.654 4294.97 4837.48 -1 2
5.38746 6948.6 1557.47 7121.79 -1 1
event 13
-1584.99 17596.7 -14682.4 23180.1
4942.08 1540.73 -18888.4 19828.2
-2285.99 9007.81 -7002.95 11637 -1 1
700.995 8588.87 -7679.42 11543.2 1 1
3023.73 2397.56 -10740.6 11413.2 -1 2
1918.34 -856.83 -8147.8 8414.99 1 2
event 14
5169.58 8579.05 41212 42524.6
-8840.3 -1850.57 21375.8 23411.3
-3472.9 -248.08 4922.27 6030.13 -1 2
2414.13 1523.14 13266 13570.1 1 1
2755.45 7055.91 27945.9 28954.5 -1 1
-5367.4 -1602.49 16453.5 17381.2 1 2
event 15
507.255 8034.73 -2305.99 8928.78
3464.53 6122.77 -11885.5 14154.4
695.481 4499.05 -2809.87 5350.86 -1 1
-188.225 3535.69 503.881 3577.93 1 1
1095.87 4869.47 -7345.63 8881.56 -1 2
2368.65 1253.3 -4539.86 5272.84 1 2
event 16
-2223.5 4200.57 -19160.9 19983
-4813.28 9929.03 9333.84 14780.5
-2589.88 2044.4 -8937.72 9527.91 -1 1
366.384 2156.16 -10223.2 10455 1 1
-1777.79 6732.73 6585.25 9584.72 1 2
-3035.48 3196.3 2748.6 5195.81 -1 2
event 17
-14999.4 16790 -40752.4 46660.9
6314.32 5055.86 7249.65 11295.1
-11685.7 11089.8 -29817.9 33891.8 -1 1
-3313.72 5700.2 -10934.5 12769 1 1
4155.28 3418.71 2755.5 6046.31 -1 2
2159.04 1637.15 4494.15 5248.84 1 2
event 18
3109.23 12073 9286.58 15851
-3589.46 -9425.19 34886.5 36446.9
1349.74 9069.17 5439.57 10661.7 -1 1
1759.48 3003.79 3847 5189.33 1 1
-1565.66 -1281.92 9346.54 9563.66 -1 2
-2023.81 -8143.26 25540 26883.3 1 2
event 19
5782.41 -1123.85 -22746.2 23699.8
-6600.36 -2555.61 -12414.6 14622.2
-2554.33 -2567.16 -4996.88 6172.11 -1 2
1939.03 534.448 -3847.68 4342.96 -1 1
3843.38 -1658.3 -18898.5 19356.8 1 1
-4046.03 11.5505 -7417.71 8450.09 1 2
event 20
-14374.8 -1406.32 25334.6 29326.5
-3264.58 -9719.87 -13239.4 17029.5
-1220.13 -6654.47 -10258.4 12288.9 -1 2
-5506.09 957.752 9878.15 11350 -1 1
-8868.68 -2364.07 15456.4 17976.5 1 1
-2044.44 -3065.4 -2980.93 4740.63 1 2
event 21
-4501.73 -6529.75 -8650.2 12137.6
696.901 9416.49 35077 36457.5
-1216.56 4343.54 15524.6 16167 -1 2
-388.29 -2317.82 -3974.93 4618.91 1 1
-4113.44 -4211.93 -4675.26 7518.64 -1 1
1913.46 5072.95 19552.4 20290.5 1 2
event 22
9166.57 -4438.77 14309.2 17834.5
14091.7 683.649 24618.2 28542.8
5898.07 -1025.52 11824.4 13254 -1 2
3122.56 -320.206 5941.44 6720.47 -1 1
8193.65 1709.16 12793.8 15288.9 1 2
6044.01 -4118.56 8367.71 11114.1 1 1
event 23
742.811 4889.76 17502 18449.2
20517.9 940.859 3453.49 21056.8
1424.24 2673.25 6078.4 6792.11 1 1
-681.433 2216.52 11423.6 11657.1 -1 1
13419.5 -133.793 955.508 13454.5 -1 2
7098.47 1074.65 2497.99 7602.25 1 2
event 24
-5911.3 7087.84 -38768.9 40022.5
-7473.75 1666.69 -36503.5 37426.3
-2819.45 5199.44 -29130.4 29725 -1 1
-3091.85 1888.4 -9638.5 10297.4 1 1
-2795.13 -849.198 -11636.5 11998 -1 2
-4678.61 2515.89 -24867 25428.3 1 2
event 25
541.086 7991.94 36544.5 37540
-332.041 8257.04 -29589.5 30877.4
-1212.93 4263.88 20561.3 21034 -1 1
1754.02 3728.06 15983.2 16506 1 1
192.863 5828.76 -24847.7 25523.2 -1 2
-524.904 2428.28 -4741.8 5354.24 1 2
event 26
1306.57 -9004.65 4405.14 10572.9
8200.23 -6115.77 1180.7 10753.2
6471.21 -4520.14 2187.74 8191.8 1 2
2037.11 -3624.93 1558.2 4441.74 1 1
1729.02 -1595.63 -1007.04 2561.41 -1 2
-730.541 -5379.72 2846.94 6131.17 -1 1
event 27
859.046 8528.02 36963.4 38070.3
8650.03 -2644.7 -10362.5 14099.3
4354.42 256.269 -4370.31 6175.56 1 2
-1150.12 2992.1 11971.2 12393.4 -1 1
2009.16 5535.92 24992.2 25676.9 1 1
4295.6 -2900.97 -5992.24 7923.75 -1 2
event 28
4669.55 5449.01 8960.96 11890.6
9298.26 -741.634 -26960.6 28696.3
1310.24 3863.65 4279.6 5913.6 1 1
3359.31 1585.36 4681.36 5977.01 -1 1
5587.07 1058.18 -16405 17362.9 -1 2
3711.2 -1799.81 -10555.6 11333.3 1 2
event 29
10760 3363.95 -41528.5 43142.8
2114.48 -6676.68 -2396.07 8023.81
6266.19 3450.27 -27232.4 28156.4 1 1
4493.79 -86.3276 -14296.1 14986.4 -1 1
-217.161 -4243.01 -1719.73 4584.65 -1 2
2331.64 -2433.67 -676.337 3439.17 1 2
event 30
-3822.87 4388 6422.08 9203.4
-306.044 -9818.9 -1659.77 10433.2
-1378.54 3771.23 4497.47 6030 -1 1
-2444.33 616.776 1924.61 3173.4 1 1
-1675.07 -5388.33 -602.486 5675.74 -1 2
1369.03 -4430.58 -1057.28 4757.44 1 2
event 31
-2434.75 -7384.03 5220.34 9863.81
610.71 13311.2 -19657 23948.9
-227.976 -4649.53 4012.43 6146.61 -1 1
-2206.77 -2734.5 1207.91 3717.2 1 1
-1184.81 7222.55 -10031.4 12418.1 1 2
1795.52 6088.66 -9625.63 11530.8 -1 2
event 32
-5488.95 -6680.7 17080.6 19495.9
7919.31 -6107.04 -16354 19417.9
-2261.4 -3960.88 5363.35 7041.25 1 1
-3227.55 -2719.82 11717.2 12454.7 -1 1
4683.76 -3465.38 -12229.2 13546.6 -1 2
3235.55 -2641.65 -4124.79 5871.3 1 2
event 33
-5251.93 -2063.9 -24628.9 25456.1
-9437.57 -1499.3 -10697.7 14674.7
-3161.85 -2788.6 -16619.1 17145.8 1 1
-2090.08 724.695 -8009.76 8310.29 -1 1
-4877.63 -2333.76 -5730.34 7879.45 1 2
-4559.94 834.456 -4967.39 6795.25 -1 2
event 34
-16735.5 -12769.3 -18073.4 27917.2
5473.96 5283.12 37978.5 38856.6
-10506.1 -8749.13 -9891.45 16875.4 -1 1
-6229.39 -4020.15 -8181.9 11041.8 1 1
4002.94 2263.53 26500.8 26897.1 -1 2
1471.02 3019.59 11477.7 11959.5 1 2
event 35
-10564 1662.15 31899.7 33786.7
11582.7 8184.37 -7164.47 16188.4
-6289.63 -224.335 21109.1 22027.6 -1 1
-4274.34 1886.48 10790.6 11759.1 1 1
9028.67 4919.19 -5891.69 11850.7 -1 2
2554.02 3265.18 -1272.78 4337.69 1 2
event 36
8421.06 -5551.84 -5701.33 11993
183.187 -6379.81 -23810.8 24845.1
5076.63 -2068.15 -1758.79 5757.94 -1 1
3344.43 -3483.69 -3942.54 6235.07 1 1
1189.22 -4594.04 -12958.8 13800.8 -1 2
-1006.03 -1785.77 -10852 11044.3 1 2
event 37
725.165 11139.7 17730.5 21179.7
-1485.02 8185.66 19157.2 21114
555.235 5209.48 10522.7 11755.2 -1 2
1686.63 4223.25 7993.24 9196.94 -1 1
-961.464 6916.44 9737.29 11982.8 1 1
-2040.26 2976.18 8634.48 9358.72 1 2
event 38
-1065.71 4855.63 6078.07 8440.8
-9363.65 -3579.78 -6434.72 12308.1
504.037 3452.09 2519.87 4304.86 -1 1
-1569.75 1403.54 3558.2 4135.94 1 1
-5144.02 -932.34 -1877.37 5555.71 -1 2
-4219.63 -2647.44 -4557.35 6752.39 1 2
event 39
9435.68 -3979.02 47620.9 48807.9
-6520.34 -1592.25 -17690.1 19172.4
6229.64 -2118.94 36400.1 36990.2 1 1
3206.03 -1860.08 11220.8 11817.6 -1 1
-2674.39 -84.6474 -3586.49 4475.9 -1 2
-3845.95 -1507.6 -14103.6 14696.5 1 2
event 40
4379.75 5561.47 -5379.31 9414.98
-1963.5 -7738.77 15676.6 17863.1
353.669 -3618.83 4969.66 6158.71 -1 2
2161.16 1124.57 -568.601 2503.95 -1 1
2218.59 4436.9 -4810.71 6911.03 1 1
-2317.17 -4119.94 10706.9 11704.4 1 2
event 41
-1415.98 4356.08 4125.38 6898.55
8500.96 7969.3 -5893.94 13420.3
349.302 3371.28 3237.24 4688.11 1 1
-1765.28 984.807 888.141 2210.44 -1 1
5256.94 2995.66 -2271.55 6463.78 1 2
3244.03 4973.64 -3622.39 6956.56 -1 2
event 42
4460.52 2765.24 -19409.2 20343.3
1294.32 -8840.44 20723.9 22779.3
3422.72 752.74 -8385.55 9089.02 1 1
1037.8 2012.5 -11023.7 11254.3 -1 1
1976.12 -4811.54 9452.38 10789.6 -1 2
-681.797 -4028.9 11271.5 11989.8 1 2
event 43
9150.27 -9893 50544.4 52401.6
4202.34 4318.13 -28728.4 29516.4
6334.03 -4702.04 30629.4 31629.1 1 1
2816.24 -5190.96 19915 20772.5 -1 1
1858.2 3831.3 -20890.7 21320.5 -1 2
2344.13 486.83 -7837.67 8195.87 1 2
event 44
-839.392 8737.81 -20027.2 22084.7
8111.59 38.6237 9387.7 12787.5
6239.16 1348.34 6619 9196.06 1 2
1156.93 3913.63 -8470.71 9403.14 -1 1
1872.44 -1309.72 2768.7 3591.42 -1 2
-1996.32 4824.18 -11556.5 12681.5 1 1
event 45
-766.623 6396.56 -4388.73 8387.81
-5409.92 -5139.11 19825.1 21408.1
-2641.7 -1815.68 4804.03 5776.25 -1 2
855.933 2077.5 -2600.78 3438.58 -1 1
-1622.56 4319.06 -1787.95 4949.23 1 1
-2768.22 -3323.43 15021.1 15631.8 1 2
event 46
-795.072 7701.77 8272.03 11745.9
-6647.16 -3639.41 17245.9 19090.3
-4064.38 -2450.16 13953.2 14738.6 -1 2
1125.45 3049.54 3901.17 5079.04 -1 1
-1920.52 4652.23 4370.86 6666.88 1 1
-2582.77 -1189.25 3292.68 4351.77 1 2
event 47
4758.38 4046.87 -8817.37 11240.8
-8788.6 -1663.14 -38597.4 39741.1
-4165.77 479.559 -13712.8 14340 1 2
743.359 2158.79 -4510.49 5056.55 1 1
-4622.83 -2142.7 -24884.7 25401.2 -1 2
4015.02 1888.08 -4306.88 6184.3 -1 1
event 48
12773.7 5710.2 -16553.2 21894.6
-2106.57 -6466.4 -311.282 7479.12
-631.953 -3976.44 1213.32 4206.52 -1 2
3361.41 1335.31 -2395.83 4339.73 1 1
9412.33 4374.89 -14157.4 17554.9 -1 1
-1474.61 -2489.96 -1524.6 3272.61 1 2
event 49
3734.03 -7332.13 -15419.1 17749.5
-5363.59 -2466.64 -7450.11 9997.37
-3044.88 -2996.74 -4490.97 6199.33 -1 2
2335.66 -1922.19 -7199.22 7809.61 1 1
1398.38 -5409.94 -8219.87 9939.84 -1 1
-2318.71 530.103 -2959.14 3798.04 1 2
event 50
3639.06 -4185.53 -3528.93 7266.9
-1362.21 9435.99 -19075.4 21548.9
1138.41 -3102.12 -3049.56 4497.79 1 1
2500.64 -1083.4 -479.363 2769.1 -1 1
-760.683 5081.97 -13521.6 14465.4 -1 2
-601.531 4354.02 -5553.79 7083.44 1 2
event 51
3754.7 -9152.76 8302.42 13281.3
-8554.16 -23353.3 15835 29646.1
675.365 -5310.64 5179.25 7449.48 -1 1
3079.33 -3842.13 3123.17 5831.77 1 1
-5106.19 -17383.8 10622 21002.6 -1 2
-3447.97 -5969.5 5212.98 8643.48 1 2
event 52
6189.29 5221.8 8494.24 12137.4
8505.09 272.733 -10816.7 14106.7
5847.25 102.294 -9444.07 11108.7 1 2
1830.81 2814.4 5113.24 6117.93 1 1
2657.84 170.439 -1372.61 2998.07 -1 2
4358.48 2407.41 3381 6019.49 -1 1
event 53
363.827 6993.25 9281.94 12032.6
-8882.82 2818.98 15771.2 18578.9
-2948.33 2270.56 7619.05 8479.92 -1 2
1408.06 2554.38 2412.15 3786.44 1 1
-5934.49 548.422 8152.2 10098.9 1 2
-1044.23 4438.86 6869.79 8246.16 -1 1
event 54
4661.27 -5510.63 -331.792 7861
-1405.74 8508.89 2838.01 9592.85
497.182 4139.06 272.545 4179.05 -1 2
637.044 -3056.65 -372.267 3146.22 -1 1
-1902.92 4369.83 2565.47 5413.81 1 2
4024.23 -2453.98 40.475 4714.79 1 1
event 55
3677.03 -5113.82 20322 21499.9
3733.32 9918.27 22422.8 24993.5
2070.89 3363.46 5524.62 6792.21 -1 2
49.8253 -2033.33 8815.91 9048.11 -1 1
1662.43 6554.81 16898.2 18201.3 1 2
3627.2 -3080.49 11506.1 12451.8 1 1
event 56
8489.61 3221.43 4833.2 10742.5
7567.96 5222.89 27539.7 29198.9
3822.64 3052.23 2049.45 5304.73 -1 1
4666.97 169.197 2783.75 5437.8 1 1
4027.82 3078.42 10455.4 11620.1 -1 2
3540.15 2144.46 17084.3 17578.8 1 2
event 57
-6067.06 1451.85 4839.04 8713.24
-1010.46 8591.48 -26270.6 27831.1
-1720.95 3580.11 -9100.62 9930.32 -1 2
-2231.19 -919.526 525.963 2472.15 -1 1
710.49 5011.38 -17170 17900.8 1 2
-3835.87 2371.37 4313.08 6241.08 1 1
event 58
-7799.8 -6258.34 -2881.73 10858.1
-7805.06 -690.266 -37492.3 38427.3
-3087.24 1195.68 -16434.9 16765.4 -1 2
-1826.19 -944.002 -1901.25 2802.15 -1 1
-5973.61 -5314.34 -980.478 8055.97 1 1
-4717.83 -1885.94 -21057.4 21661.9 1 2
event 59
-3638.65 4761.58 -4806.17 8282.67
-2358.6 14039.7 -8323.28 16779.3
-2133.61 3068.41 -4708.97 6012.74 1 1
-1505.04 1693.17 -97.2048 2269.93 -1 1
111.916 8319.18 -5154.81 9787.98 1 2
-2470.51 5720.55 -3168.47 6991.31 -1 2
event 60
493.954 4831.43 10725.3 12174.1
9037.67 -6792.08 -1695.89 11844
1566.88 2950.3 8143.53 8802.71 -1 1
-1072.93 1881.13 2581.76 3371.42 1 1
4161.6 -4585.22 -1926.3 6485.75 1 2
4876.07 -2206.86 230.412 5358.23 -1 2
event 61
-2598.4 -8024.61 -9502.92 13078.3
-6550.81 -19.005 25866.5 26862.3
-1281.42 -4026.6 -2511.18 4916.57 1 1
-1316.98 -3998.01 -6991.74 8161.75 -1 1
-4679.23 -1013.63 13719.8 14531.6 -1 2
-1871.57 994.625 12146.7 12330.7 1 2
event 62
-4319.22 -4699.93 -5530.21 8995.52
2166.48 -11548 -13805.7 18391.3
-3456.96 -2500.49 -4996.81 6571.32 1 1
-862.267 -2199.44 -533.399 2424.2 -1 1
-18.6186 -6163.53 -5547.81 8293.3 1 2
2185.1 -5384.5 -8257.84 10098.1 -1 2
event 63
-4017.75 5628.62 -4623.16 8876.28
-7851.46 -488.55 2306.99 8763.41
-3698.32 -525.552 -469.593 3766.35 1 2
-569.852 3068.75 -2853.9 4230.59 -1 1
-3447.9 2559.87 -1769.26 4645.69 1 1
-4153.14 37.0016 2776.59 4997.06 -1 2
event 64
10641.3 -901.738 10599.1 15361.8
-4519.56 1210.23 3990.69 6885.36
5992.66 -937.04 3917.61 7221.42 -1 1
4648.68 35.3013 6681.51 8140.34 1 1
-2998.59 -738.274 1771.06 3561.52 -1 2
-1520.97 1948.5 2219.63 3323.84 1 2
event 65
4004.96 5939.9 1497.47 7947.05
-18175.9 -16087.7 2738.95 24622.6
-2692.97 -1893.68 -617.648 3351.24 1 2
1096.49 3072.34 -655.11 3328.95 -1 1
-15483 -14194 3356.6 21271.4 -1 2
2908.46 2867.56 2152.58 4618.1 1 1
event 66
6183.95 -1197.26 -3955.78 8056.9
4941.04 -6247.19 4923.16 9862.53
1828.33 -3510.56 3972.77 5609 -1 2
1543.47 -1388.6 -210.339 2089.48 -1 1
4640.47 191.333 -3745.44 5967.42 1 1
3112.71 -2736.63 950.385 4253.53 1 2
event 67
8755.69 2466.89 -29849.9 31358.5
-8658.85 5291.88 -23370.8 25666.4
-3461.95 2956.2 -13751.7 14486 1 2
3010.27 1261.31 -6403.65 7188.22 -1 1
5745.42 1205.58 -23446.2 24170.2 1 1
-5196.9 2335.68 -9619.13 11180.4 -1 2
event 68
8871.92 1371.43 -20119.1 22247.8
-13.2069 -7272.91 33184.4 34113
1332.64 -5444.01 22313 23006.4 -1 2
3504.71 -570.794 -5435.74 6493.63 1 1
5367.21 1942.23 -14683.4 15754.1 -1 1
-1345.85 -1828.9 10871.4 11106.6 1 2
event 69
-4113.59 -7259.41 -2810.43 9333.28
1627.06 -8699.25 7138.13 11952.5
2220.26 -2479.98 2719.09 4299.36 1 2
-745.308 -1893.44 617.446 2129.08 1 1
-3368.28 -5365.97 -3427.88 7204.2 -1 1
-593.2 -6219.28 4419.03 7653.12 -1 2
event 70
-7827.34 -7945.43 -11995.3 16669.6
-1876.06 -8411.18 22602.1 24386.7
-933.891 -3814.23 14505.5 15028 1 2
-1708.38 -2432.05 -1508.91 3334.88 1 1
-6118.96 -5513.38 -10486.4 13334.7 -1 1
-942.165 -4596.95 8096.55 9358.68 -1 2
event 71
606.622 -13111.5 -3274.79 13877.9
3829.05 -5193.44 3495.14 7964.87
1732.47 -7834.62 -1289.35 8127.5 -1 1
-1125.85 -5276.92 -1985.44 5750.35 1 1
3533.71 -3050.75 3437.77 5798.58 -1 2
295.337 -2142.69 57.3725 2166.29 1 2
event 72
-6623.69 5564.27 -18231.5 20416
11570 -5879.66 -28865.8 31800.4
9081.88 -4104.69 -18778.5 21259.7 1 2
-4114.98 1674.58 -10541.1 11439.5 -1 1
2488.13 -1774.96 -10087.3 10540.7 -1 2
-2508.71 3889.69 -7690.43 8976.48 1 1
event 73
-4028.51 7200.83 1107.38 8882.46
5473.06 3926.03 4874.52 8872.44
-3312.19 3051.18 -82.1978 4505.36 -1 1
-716.322 4149.65 1189.58 4377.1 1 1
4521.91 2086.91 4601.32 6781.31 -1 2
951.154 1839.12 273.201 2091.14 1 2
event 74
-491.794 7343.76 -1847.47 8196.13
5242.9 -8950.95 -4192.2 11609.2
3497.16 -3020.03 -2147.78 5096.55 1 2
-1596.53 2809.77 -176.438 3238.22 -1 1
1745.74 -5930.92 -2044.41 6512.62 -1 2
1104.74 4533.98 -1671.03 4957.92 1 1
event 75
5129.52 -765.747 -3281.15 6874.23
9230.35 11673.7 6272.36 16444.1
2860.25 1132.38 -1765.54 3548.47 -1 1
2269.27 -1898.13 -1515.61 3325.76 1 1
4126.83 6242.16 1618.53 7656.77 -1 2
5103.52 5431.53 4653.83 8787.31 1 2
event 76
6639.82 -2540.8 4920.88 9184.18
-8276.47 -841.314 7118.27 11378.4
-4124.65 515.509 5058.31 6547.99 1 2
2667.8 -928.9 241.305 2837.15 -1 1
-4151.82 -1356.82 2059.96 4830.45 -1 2
3972.03 -1611.9 4679.58 6347.03 1 1
event 77
605.268 8709.44 141.976 9264.54
10858 4175.81 5723.14 13329.6
8851.78 3751.52 3326.6 10173.8 1 2
1140.35 4175.12 1359.96 4537.92 1 1
2006.18 424.291 2396.54 3155.85 -1 2
-535.079 4534.32 -1217.98 4726.63 -1 1
event 78
-12374.6 11779.2 10544.7 20314.1
6079.96 5049.73 29517.5 30713.9
2264.06 2634.02 18186.2 18515.2 -1 2
-703.464 1931.97 859.309 2230.91 -1 1
-11671.1 9847.23 9685.39 18083.1 1 1
3815.9 2415.71 11331.4 12198.7 1 2
event 79
-12331.6 -15007.4 -1151.58 19702.9
-6717.84 -8310.23 -4211.27 11896
-6332.1 -7792.81 -2140.47 10267.2 -1 1
-5999.49 -7214.55 988.882 9435.71 1 1
-4783.74 -6854.29 -1954.45 8584.67 -1 2
-1934.11 -1455.94 -2256.82 3311.33 1 2
event 80
16546.5 7736.33 16367.8 24721.1
-667.868 -5804.27 -6648.85 9377.28
1134.96 -3154.75 -2812.83 4377.65 1 2
4203.8 1862.49 2441.18 5206.85 1 1
-1802.83 -2649.51 -3836.02 4999.63 -1 2
12342.7 5873.84 13926.6 19514.2 -1 1
event 81
-7795.19 -2540.93 -2057.72 9002.58
7339.76 -7175.5 -26209.2 28317.3
5393.8 -5744.78 -22907.2 24224.9 1 2
-3191.22 -2282.77 -1964.47 4389.22 1 1
1945.96 -1430.72 -3302 4092.45 -1 2
-4603.98 -258.154 -93.2495 4613.36 -1 1
event 82
-10494 -3911.79 -2861.39 11966.8
-4486.96 -6403.91 -13885.6 16234.1
-7585.05 -2922.82 -602.159 8151.66 -1 1
-2908.92 -988.969 -2259.23 3815.13 1 1
-131.081 -2619.07 -4789.87 5461.75 -1 2
-4355.87 -3784.84 -9095.76 10772.3 1 2
event 83
6572.2 -8339.38 -873.076 11094.7
5473.82 -6932.36 -6661.64 11488.7
2997.82 -5106.17 -2801.29 6551.2 -1 2
2891 -3241.95 -1865.01 4728.38 -1 1
3681.19 -5097.42 991.934 6366.32 1 1
2476 -1826.19 -3860.35 4937.51 1 2
event 84
3169.15 6798.93 -683.064 8144.09
-4951.23 -2760.06 4812.45 8054.98
-3989.35 -866.995 2051.06 4569.96 -1 2
475.751 3395.59 860.033 3536.55 -1 1
2693.4 3403.34 -1543.1 4607.54 1 1
-961.886 -1893.06 2761.39 3485.02 1 2
event 85
9487.8 -7581.74 52222 53705
-3253.63 -4162.65 6722.82 9093.98
-817.704 -3431.35 3327.23 4850.2 1 2
3212.32 -3213.12 25859.2 26255.5 1 1
-2435.93 -731.306 3395.59 4243.79 -1 2
6275.48 -4368.62 26362.8 27449.5 -1 1
event 86
-5870.64 2247.18 -1745.53 7221.64
2631.36 -9770.99 4751.68 11600.2
1388.99 -3056.23 3106.94 4575.37 -1 2
-2282.65 -420.464 -1451.79 2739.73 -1 1
1242.37 -6714.77 1644.74 7024.81 1 2
-3588 2667.64 -293.737 4481.91 1 1
event 87
4895.22 -7391.55 -6596.5 11476.2
-382.702 17302.5 18898.4 25812.1
-462.596 14341.1 13762.8 19882.4 1 2
2053.51 -2272.3 -654.815 3133.72 -1 1
79.8937 2961.35 5135.57 5929.69 -1 2
2841.71 -5119.25 -5941.68 8342.47 1 1
event 88
-1075.64 -6973.86 5630.93 9544.12
48.0126 10065.5 -53891.7 54911
-928.471 3001.21 -11422.2 11846.8 -1 2
-873.624 -1859.7 178.517 2065.12 -1 1
976.483 7064.26 -42469.5 43064.2 1 2
-202.019 -5114.16 5452.42 7479 1 1
event 89
-2909.62 -4093.68 -828.51 5958.33
-12989.1 -1248.23 -30885.1 33671.3
-3014.68 -1647.32 -291.965 3449.4 -1 1
105.061 -2446.35 -536.545 2508.93 1 1
-6787.6 -387.924 -12226.7 13990.2 -1 2
-6201.55 -860.303 -18658.4 19681.1 1 2
event 90
9376.92 -6334.26 -473.668 11741.6
-317.309 8634.32 10606.3 14026.3
1196.88 6031.28 7492.84 9693.44 -1 2
2148.81 -2364.53 -1304.41 3452.69 -1 1
7228.1 -3969.73 830.747 8288.88 1 1
-1514.19 2603.05 3113.5 4332.86 1 2
event 91
-10022.7 -10712.4 20332.3 25262.7
6197.51 4652.44 5954.61 10251.9
4635.67 1709.94 2895.3 5727.76 -1 2
-2825.01 -3660.67 8849.33 9985.14 -1 1
-7197.71 -7051.72 11482.9 15277.5 1 1
1561.83 2942.51 3059.32 4524.18 1 2
event 92
3753.22 10554.8 -57876.3 59031.7
-3640.24 6865.4 184.004 8367.08
-147.283 3454.23 379.419 3479.72 1 2
-422.952 2140.73 -9049.22 9309.19 1 1
4176.18 8414.06 -48827.1 49722.5 -1 1
-3492.95 3411.18 -195.414 4887.35 -1 2
event 93
-6128.54 -1003.43 -15185.3 16695.8
4434.21 9600.22 -3409.24 11534.3
-4116.53 -527.009 -6107.08 7384.52 -1 1
-2012.01 -476.417 -9078.17 9311.26 1 1
4057.73 5293.4 -2437.48 7101.95 1 2
376.477 4306.82 -971.757 4432.37 -1 2
event 94
3972.03 -8714.83 54509.8 55431.3
3163.12 -19416.3 36097.7 41226.6
910.221 -5937.91 14141.4 15364.8 1 2
33.5855 -3633.21 19988.6 20316.4 1 1
2252.89 -13478.4 21956.3 25861.8 -1 2
3938.44 -5081.61 34521.2 35114.9 -1 1
event 95
3288.27 -5602.79 15489.3 17079.6
8182.79 -12401.3 47162.4 49544.2
1414.83 -4892.08 9761.86 11010.9 1 1
1873.44 -710.704 5727.44 6068.74 -1 1
5371.78 -6719.4 22763 24334.6 1 2
2811 -5681.91 24399.3 25209.6 -1 2
event 96
-1747.15 5985.31 -17393.8 18735.3
7771.39 8898.8 -9160.58 15267.3
-656.127 3521.82 -13706.4 14167.3 1 1
-1091.03 2463.49 -3687.34 4568.01 -1 1
4145.38 6940.02 -6302.19 10250.7 -1 2
3626.01 1958.78 -2858.39 5016.6 1 2
event 97
8784.85 -1886.04 -4230.14 10402.7
-8568.96 -8719.99 2702.32 12898
-2876.32 -2880.15 2420.87 4737.11 1 2
2047.18 -1007.09 -2508.37 3392.38 1 1
-5692.64 -5839.84 281.452 8160.89 -1 2
6737.66 -878.953 -1721.78 7010.3 -1 1
event 98
6882 6957.93 -18562.7 21211.8
7586.62 2022.76 -6460.3 10628.9
5454.29 3759.56 -13701.4 15219.2 -1 1
1427.71 3198.37 -4861.25 5992.57 1 1
2372.3 451.939 -3951.24 4632.01 -1 2
5214.32 1570.82 -2509.06 5996.93 1 2
event 99
-7645.58 -5689.17 -259.121 10023.9
4519.36 7092.08 4922.19 10224.5
3059.59 2415.48 1229.93 4088.95 1 2
-2919.95 -742.643 753.671 3107.54 -1 1
-4725.63 -4946.52 -1012.79 6916.4 1 1
1459.77 4676.6 3692.26 6135.59 -1 2
event 100
-2395.66 -4483.26 -19802.5 20677.8
-17008.8 -7663.92 5384.65 19662.7
-422.027 -3748.54 -11120.9 11743.7 1 1
-1973.63 -734.72 -8681.63 8934.03 -1 1
-8943.25 -5592.29 3598.93 11145.3 -1 2
-8065.55 -2071.64 1785.72 8517.32 1 2
event 101
4780.35 7833.24 -27014 28697.8
-8772.64 -793.613 27549 29088.3
-3615.45 -1329.58 8267.48 9121.5 1 2
862.679 3368.17 -13394.6 13838.9 1 1
3917.67 4465.07 -13619.4 14858.9 -1 1
-5157.18 535.971 19281.5 19966.8 -1 2
event 102
-5972.46 -2237.68 -1059.42 7168.76
-9564.92 3314.23 -2118.64 10795.9
-3934.37 -42.526 144.645 3938.67 1 1
-2038.1 -2195.15 -1204.07 3230.09 -1 1
-5712.09 1474.92 -2694.68 6486.59 -1 2
-3852.84 1839.31 576.043 4309.34 1 2
event 103
-6287.05 -4130.14 -2908.34 8867.31
7647.01 495.599 -15973.1 17984.8
5302.56 -1105.73 -10137.5 11494.4 1 2
-3149.53 -219.244 -194.039 3164.87 -1 1
2344.44 1601.33 -5835.59 6490.45 -1 2
-3137.52 -3910.9 -2714.3 5702.43 1 1
event 104
-9409.2 5989.24 -19208.3 22426.5
-4344.02 4167.09 -16266.7 17619
-1608.24 3510.07 -7950.48 8839.02 1 2
-3341.51 3936.98 -8269.17 9749.66 -1 1
-2735.78 657.021 -8316.24 8779.94 -1 2
-6067.68 2052.26 -10939.1 12676.9 1 1
event 105
-4086.95 5651.41 -1046.59 7702.28
5999.8 -8139.09 -9093.93 13947.5
-1969.81 3211.18 971.205 3891.82 1 1
-2117.14 2440.23 -2017.79 3810.46 -1 1
4020.79 -3391.09 -5838.4 7859.03 1 2
1979.01 -4748 -3255.52 6088.47 -1 2
event 106
-9438.51 -3761.05 32856.9 34531.1
-2806.39 -4950.1 2902.13 7098.8
-2792.24 -2630.14 2842.76 4775.63 1 2
-3531.52 -3051.22 14043.1 14798.7 1 1
-14.1573 -2319.96 59.371 2323.17 -1 2
-5906.99 -709.834 18813.8 19732.4 -1 1
event 107
-13845.5 -4036.4 41904 44424.4
-111.085 -6366.29 10274.8 12478
-473.895 -4111.66 3831.34 5640.98 1 2
-6568.5 -538.679 16494.1 17762.3 1 1
362.81 -2254.63 6443.51 6837.03 -1 2
-7277.04 -3497.72 25410 26662.1 -1 1
event 108
-455.366 7525.58 41422.3 42216.5
-17039.9 5552.88 -18412.3 25880.4
1253.78 4475.46 24266.2 24707.5 1 1
-1709.14 3050.13 17156.1 17509 -1 1
-9464.1 2531.86 -7968.3 12628.7 1 2
-7575.76 3021.02 -10444 13251.7 -1 2
event 109
2384.33 -10968 -40301.7 41950
2103.28 4945.99 -374.186 6214.31
1968.46 -5408.95 -25271.4 25918.9 1 1
415.869 -5559.08 -15030.3 16031.1 -1 1
2523.5 2072.54 -502.057 3305.55 -1 2
-420.224 2873.46 127.872 2908.75 1 2
event 110
-2503.01 -6530.86 -19487.6 20935
8631.52 -1762.33 -3668.74 10032.9
4368.49 62.5287 -463.285 4394.7 -1 2
-1900.78 -1394.75 -7909.42 8253.99 1 1
-602.235 -5136.12 -11578.2 12681 -1 1
4263.03 -1824.85 -3205.46 5638.23 1 2
event 111
-4501.04 3111.65 3489.47 7190.8
4800.35 -7696.42 37376 38585.4
-3019.65 1169.93 3468.08 4746.13 -1 1
-1481.39 1941.72 21.39 2444.67 1 1
1985.19 -4664.79 25757.1 26251.5 1 2
2815.16 -3031.63 11618.9 12333.9 -1 2
event 112
375.512 -7617.76 34235.6 35211.3
26213.6 -7188.79 -68606 73859.4
3810.44 -1014.77 -13213.4 13789.6 1 2
1670.49 -3144.48 15760.1 16157.7 -1 1
22403.2 -6174.03 -55392.6 60069.7 -1 2
-1294.98 -4473.29 18475.5 19053.6 1 1
event 113
-10191 575.819 -30716.7 32516
-2075.6 5680.56 9091.11 11349.7
-6068.84 -1142.94 -18864.9 19850.2 -1 1
-4122.12 1718.76 -11851.8 12665.8 1 1
-2479.55 2319.66 4231.9 5426.7 -1 2
403.949 3360.9 4859.21 5923 1 2
