event 0
-2893.46 -11811.8 13472.2 18411.5
2504.24 4184.49 -10558 12035.1
-574.289 -7951.13 7642.5 11044 -1 1
-2319.17 -3860.7 5829.68 7367.49 1 1
2878.26 2019.45 -7310.46 8112.74 -1 2
-374.026 2165.04 -3247.53 3922.36 1 2
event 1
-10821.6 65.3691 22905.9 25522.2
372.649 -6365.54 -1150.85 7181.54
-7848.63 -743.595 13615.2 15733.4 -1 1
-2972.97 808.964 9290.63 9788.77 1 1
-1149.18 -1903.72 303.894 2246.84 -1 2
1521.83 -4461.82 -1454.75 4934.7 1 2
event 2
-2678.54 6218.66 31813.5 32673.2
8636.61 -4252.56 902.395 10152.9
3025.67 -1296.38 -1146.46 3487.24 1 2
432.747 2203.37 7282.55 7621.61 1 1
5610.94 -2956.19 2048.85 6665.63 -1 2
-3111.29 4015.29 24530.9 25051.5 -1 1
event 3
-6394.75 -5759.33 4397.3 10148.4
-1097.53 5826.33 8671.23 10951.3
-3354.66 -4906.22 2399.25 6410.33 1 1
-3040.08 -853.11 1998.05 3738.08 -1 1
1053.02 2268.89 2791.13 3749.44 -1 2
-2150.56 3557.44 5880.11 7201.88 1 2
event 4
710.088 -10732.6 -50355.7 51584.7
7759.78 1330.42 -6261.27 10525.1
1313.63 -5795.05 -21643.9 22445 1 1
-603.542 -4937.6 -28711.8 29139.7 -1 1
2634.27 661.054 -4105.28 4923.5 -1 2
5125.51 669.363 -2156 5601.64 1 2
event 5
-15055.7 5457.17 67896.4 69828.1
-2770.77 -8180.05 9231.92 13015.8
-3091.92 -4473.72 5124.61 7473.08 -1 2
-5004.67 303.117 20892.1 21485.6 1 1
-10051 5154.06 47004.3 48342.6 -1 1
321.151 -3706.33 4107.31 5542.67 1 2
event 6
-2899.98 -6675.14 7187.98 10687.6
-2404.28 -9263.41 13882.2 17143.4
372.322 -3740.69 4029.82 5511.99 1 2
-573.086 -3373.09 5091.63 6135.31 -1 1
-2776.6 -5522.71 9852.4 11631.5 -1 2
-2326.89 -3302.05 2096.35 4552.34 1 1
event 7
-4486.37 4021.21 -12832.6 14510.9
13341.1 -112.759 -1239.32 13752.2
-3538.95 1592.85 -9610.52 10365.1 -1 1
-947.426 2428.36 -3222.1 4145.8 1 1
7412.45 -228.352 -2218.14 7741.31 1 2
5928.63 115.593 978.811 6010.93 -1 2
event 8
-11604.6 3403.66 22531.5 25758.7
6639.27 382.2 -12560.8 14546.2
-7668 2968.21 17650.9 19472.4 1 1
-3936.58 435.451 4880.58 6286.3 -1 1
2131.02 1584.84 -4179.51 4953.02 -1 2
4508.25 -1202.64 -8381.31 9593.14 1 2
