event 0
6891.49 3549.16 12775.7 15260.9
-6387 -6423.47 -20340.8 22480.9
-3786.79 -5636.53 -15635.1 17046.3 1 2
2567.6 2684.2 4133.8 5558.51 1 1
-2600.22 -786.945 -4705.69 5434.62 -1 2
4323.88 864.96 8641.87 9702.43 -1 1
event 1
7037.5 -3422.09 -26994.9 28276.3
-5429.41 -12506 -51892.8 53743.2
3754.14 -2723.52 -19798.8 20335 1 1
3283.36 -698.569 -7196.11 7941.26 -1 1
-5581.5 -9931.19 -42946.9 44432.3 -1 2
152.084 -2574.82 -8945.83 9310.84 1 2
event 2
-5074.06 -2877.99 -14396.8 15839.4
5919.59 6965.59 38725.1 39960
-2040.26 -2838.52 -8853.53 9519.24 1 1
-3033.79 -39.4742 -5543.24 6320.14 -1 1
2134.62 5184.46 24405.8 25041.8 1 2
3784.97 1781.13 14319.3 14918.2 -1 2
event 3
-4057.7 5890.21 11773.1 14119.3
3330.82 -8819.87 -34397.9 35800.7
-1404.75 3732.63 8476.02 9368.02 1 1
-2652.95 2157.58 3297.05 4751.31 -1 1
2963.42 -4512.62 -15473.4 16388.5 1 2
367.395 -4307.25 -18924.5 19412.2 -1 2
event 4
-6061.72 -1750.94 14064.7 15723.1
-4611.76 -4718.12 -186.926 7290.94
-933.941 -3101.8 238.145 3249.81 1 2
-2334.65 764.461 6087.44 6565.3 -1 1
-3727.07 -2515.4 7977.22 9157.81 1 1
-3677.82 -1616.32 -425.071 4041.13 -1 2
event 5
6456.01 321.078 -17979.5 19355.5
-10147.1 8095.2 -10310.3 16863.9
3742.09 1240.28 -7292.37 8290.44 1 1
2713.92 -919.205 -10687.1 11065 -1 1
-6598.68 4321.07 -4510.98 9087.04 -1 2
-3548.45 3774.13 -5799.33 7776.82 1 2
event 6
-8266.72 1192.65 -19896.4 21799.6
-8307.36 -5618.53 1186.34 10563.1
-4102.6 -1072.42 -75.5139 4242.43 -1 2
-4082.03 225.838 -6054.98 7306.7 1 1
-4204.76 -4546.11 1261.85 6320.65 1 2
-4184.69 966.815 -13841.5 14492.9 -1 1
event 7
-5524.63 2517.4 -17050 18361.8
10310 1716.86 -1027.4 10949.5
-3503.11 2300.24 -14527.1 15119.9 -1 1
-2021.53 217.156 -2522.95 3241.93 1 1
5822.64 81.6699 -1830.93 6105.18 1 2
4487.4 1635.19 803.528 4844.32 -1 2
event 8
-9594.08 2917.25 -35759.5 37267.8
-5788.74 -6270.16 1963.9 9288.28
-5103.35 -3419 1293.77 6278.43 1 2
-3717.84 2731.92 -15827.3 16486.4 1 1
-685.396 -2851.17 670.133 3009.85 -1 2
-5876.25 185.328 -19932.2 20781.4 -1 1
event 9
-3647.13 6728.26 -4471.36 9389.11
-3722.49 11098.5 -1331.74 12181.9
-3307.76 4389.05 -4367.5 7020.78 -1 1
-339.37 2339.21 -103.866 2368.34 1 1
-2337.45 5709.52 800.903 6222.13 1 2
-1385.04 5388.93 -2132.64 5959.72 -1 2
event 10
-9337.1 -4239.35 24359.1 26610.4
-1475 -5427.63 -10106.1 11973.2
463.971 -3745.58 -6892.31 7858.73 1 2
-3925.6 -3458.04 12506.4 13556.9 1 1
-1938.98 -1682.05 -3213.83 4114.46 -1 2
-5411.5 -781.31 11852.7 13053.4 -1 1
event 11
7294.59 -6254.27 -6127.67 11809.6
7484.62 -1252.68 2963.28 8715.56
4698.84 -18.0668 3154.7 5660.63 -1 2
2929.13 -2786.33 -4389.99 5968.8 -1 1
4365.46 -3467.94 -1737.68 5840.77 1 1
2785.78 -1234.61 -191.421 3054.93 1 2
event 12
-2612.99 7276.42 -16918.2 18857.1
-5679.87 2536.56 6672 9633.32
-2595.43 1997 1539.58 3620.18 1 2
39.5071 4069.74 -6951.89 8056.32 1 1
-3084.44 539.567 5132.43 6013.14 -1 2
-2652.49 3206.68 -9966.29 10800.8 -1 1
event 13
-7553.53 2785.17 -5512.19 10236.6
-2391.39 -5129.32 -9461.39 11451.5
-4724.27 1099.29 -1571.55 5099.81 -1 1
-2829.27 1685.87 -3940.63 5136.8 1 1
-2003.86 -903.762 -3000.16 3720.81 -1 2
-387.53 -4225.56 -6461.22 7730.73 1 2
event 14
-2773.15 -5527.63 36735.6 37381
-7590.53 -2977.14 29075.3 30421
-3391.95 580.547 11399 11907.6 -1 2
423.371 -2097.94 8986.47 9238.42 1 1
-4198.58 -3557.68 17676.3 18513.4 1 2
-3196.52 -3429.69 27749.1 28142.6 -1 1
event 15
-3055.82 -6597.38 -15513.2 17524.5
-3814.25 -4476.58 -33607.9 34258.9
-3207.39 -2948 -6804.21 8080.01 -1 1
151.565 -3649.39 -8708.97 9444.49 1 1
-2496.02 -626.064 -13064.9 13316.4 -1 2
-1318.23 -3850.52 -20542.9 20942.5 1 2
event 16
2560.59 4733.04 -16457.9 17590.1
-13914.4 15644.9 48882.6 53268
168.82 3263.68 -7041.58 7763.71 1 1
2391.77 1469.36 -9416.33 9826.4 -1 1
-9351.58 8232.82 29028.2 31589.3 1 2
-4562.85 7412.11 19854.4 21678.7 -1 2
event 17
3289.74 -13709.4 43773.1 46091.7
-7992.5 -2676.01 1529.98 9108.98
921.648 -9864.69 30841.8 32394.3 1 1
2368.09 -3844.7 12931.3 13697.4 -1 1
-3182.92 369.222 1137.82 3401.92 -1 2
-4809.58 -3045.24 392.156 5707.05 1 2
event 18
-3249.1 -5372.96 20567 21726
4906.49 -8891.23 -5566.64 11987.7
-1264.47 -4493.92 16013.8 16680.7 -1 1
-1984.63 -879.036 4553.24 5045.26 1 1
2017 -4920.3 -4486.58 6958.32 -1 2
2889.49 -3970.93 -1080.06 5029.43 1 2
event 19
-11254.3 -5508.32 -38997 41077.5
255.504 8132.33 3437.07 9359.75
1574.69 5876.88 2558.04 6600.92 -1 2
-2274.91 -2040.75 -13018.5 13372.8 -1 1
-8979.38 -3467.57 -25978.5 27704.7 1 1
-1319.18 2255.44 879.034 2758.83 1 2
event 20
3857.36 7338.24 3332.09 9456.36
6576.9 -1138.04 -15080 16779.4
3072 3129.85 734.883 4447.97 -1 1
785.36 4208.39 2597.2 5008.39 1 1
3894.07 -260.608 -11909.9 12533.5 -1 2
2682.83 -877.427 -3170.09 4245.95 1 2
event 21
7508.21 8950.84 58591.3 59824.9
6658.08 2124.38 2913.3 8180.54
5722.77 4479.22 35811.4 36541.5 -1 1
1785.44 4471.62 22779.8 23283.4 1 1
3901.2 2376.42 2896.78 5410.1 -1 2
2756.87 -252.034 16.5227 2770.44 1 2
event 22
7578.82 -1254.4 -19400.8 21094.9
-12576.3 2660.75 -19312 23404.9
4615.7 785.638 -11072.2 12021.9 1 1
2963.12 -2040.04 -8328.64 9073 -1 1
-9811.94 937.467 -13153.9 16437.4 -1 2
-2764.35 1723.28 -6158.14 6967.44 1 2
event 23
-9826.06 -4592.81 -53527.7 54739.8
4173.53 -3749.41 7947.01 10209
1937.16 -3689.58 5210.79 6673.01 1 2
-4453.29 -425.138 -26151.9 26531.9 -1 1
2236.36 -59.8286 2736.22 3535.96 -1 2
-5372.77 -4167.68 -27375.9 28207.9 1 1
event 24
-8587.34 4974.19 14285.6 17667.9
-3172.82 -6808.29 2718.06 8567.29
-5915.38 1677.85 8292.51 10323.9 -1 1
-2671.96 3296.35 5993.07 7343.94 1 1
346.296 -2567.93 592.353 2660.12 -1 2
-3519.12 -4240.36 2125.71 5907.17 1 2
event 25
-6847.23 4478.44 -2815.96 9190.26
-8458.46 14508.9 -15759.6 23238.1
-2427.29 2496.42 -4582.89 5756.55 1 2
-3082.5 386.493 -1606.16 3498.87 -1 1
-6031.17 12012.5 -11176.7 17481.5 -1 2
-3764.73 4091.95 -1209.8 5691.39 1 1
event 26
-4950.57 -1912.55 19543.4 20486.6
12465.9 8774.42 40389 43281.1
-2572.79 -1961.92 6907.9 7628.8 -1 1
-2377.78 49.3648 12635.5 12857.8 1 1
8757.54 4420.04 26677 28423.6 1 2
3708.38 4354.38 13712 14857.5 -1 2
event 27
-8413.82 -10905.6 48507.6 50520.3
-4744.3 -2866.15 -19100.4 20128.1
-4226.8 -913.193 -12865.5 13573.2 -1 2
-1571.81 -2934.85 16501.1 16833.9 1 1
-6842.02 -7970.8 32006.5 33686.4 -1 1
-517.5 -1952.96 -6234.83 6554.85 1 2
event 28
-1309.87 -10943.1 -19708.9 22792.6
-11066.9 -4691.31 15114.5 19558.2
332.623 -8422.51 -14893.8 17113.9 -1 1
-1642.49 -2520.55 -4815.13 5678.69 1 1
-8284.45 -4875.45 12018.4 15390.1 -1 2
-2782.45 184.137 3096.08 4168.07 1 2
event 29
7526.1 -615.462 13089.9 15425.8
-15663.5 4262.92 -15960.7 22975
-5060.66 231.614 -3718.47 6285.07 1 2
1967.46 -1284.63 2414.03 3370.44 -1 1
-10602.8 4031.3 -12242.2 16690 -1 2
5558.64 669.164 10675.9 12055.4 1 1
event 30
-6693.78 -3548.67 21199.9 22724.9
6130.62 -6834.48 9657.71 13680.5
4155.32 -3781.46 7749.9 9572.78 1 2
-3626.79 -582.101 7121.45 8013.65 1 1
1975.31 -3053.02 1907.82 4107.76 -1 2
-3067 -2966.57 14078.5 14711.3 -1 1
event 31
5592.43 4680.33 1306.46 8029.86
-549.683 7643.44 -28333.1 29514
-1685.4 2669.82 -10420.5 10888.8 1 2
2767.27 625.626 -243.601 2849.51 -1 1
1135.72 4973.61 -17912.6 18625.2 -1 2
2825.16 4054.71 1550.06 5180.35 1 1
event 32
-6729.17 9664.1 16786.5 20737.7
2999.46 8929.98 -1771.06 10073.2
649.327 3655.05 -2139.03 4285.75 1 2
-573.4 3169.82 4700.03 5698.95 1 1
-6155.77 6494.28 12086.5 15038.7 -1 1
2350.13 5274.93 367.965 5787.45 -1 2
event 33
-11714.1 9225.07 -37061.8 40068.6
6082.35 474.78 -35878.6 36525.1
3818.21 1787.13 -21401.5 21813 1 2
-5691.12 2971.42 -13271.5 14743.2 1 1
2264.14 -1312.35 -14477.1 14712.1 -1 2
-6022.96 6253.65 -23790.3 25325.4 -1 1
event 34
9388.88 -1801.81 5665.47 11536.3
4463.82 4261.73 -31331.6 32083.5
4540.58 -1843.89 4240.99 6481.82 -1 1
4848.3 42.0722 1424.48 5054.51 1 1
1292.93 3306.08 -17927.2 18275.6 -1 2
3170.89 955.646 -13404.4 13807.9 1 2
event 35
860.809 -8674.34 -21663.4 23555.9
4638.28 -1993.98 -10267.9 11853.8
3071.72 140.57 -3981.9 5032.09 1 2
-510.945 -4058.05 -13178.3 13798.9 1 1
1566.56 -2134.55 -6286.04 6821.72 -1 2
1371.75 -4616.3 -8485.12 9757.06 -1 1
event 36
-7529.29 3563.69 -6372.27 10935.6
5698.49 -4312.39 -7369.03 10722.1
-4022.66 2624.94 -5289.9 7146.07 1 1
-3506.63 938.751 -1082.37 3789.52 -1 1
4935.73 -2236.42 -4202.54 6858.24 -1 2
762.762 -2075.97 -3166.5 3863.85 1 2
event 37
-22261.4 -3016.78 112028 114300
5541.81 -2564.56 -4652.43 8277.99
3864.69 -104.351 -2624.61 4674.02 1 2
-6093.13 -2204.56 33395.5 34018.5 1 1
1677.12 -2460.21 -2027.82 3603.96 -1 2
-16168.2 -812.22 78632.5 80281.7 -1 1
event 38
-2409.29 6251.49 13134 15065.8
4404.67 -6909.48 2966.58 9248.41
2450.4 -2431.73 2646.45 4351.16 -1 2
-1310.49 1628.78 1745.8 2725.67 -1 1
1954.27 -4477.75 320.127 4897.25 1 2
-1098.81 4622.71 11388.2 12340.1 1 1
event 39
1769.82 10813.3 9414.28 14774.3
-4273.79 5299.57 -13423 15366.2
-2301.47 3654.77 -11063.2 11876.8 -1 2
572.075 3145.06 4725.18 5705.89 -1 1
1197.75 7668.24 4689.1 9068.37 1 1
-1972.32 1644.8 -2359.88 3489.35 1 2
event 40
2601.47 13132.7 24030.6 27682.1
7122.37 433.712 23922.2 25155.1
253.55 8713.39 14569.8 16978.7 1 1
2347.92 4419.35 9460.88 10703.4 -1 1
1934 -632.956 3434.71 3993.67 -1 2
5188.36 1066.67 20487.5 21161.4 1 2
event 41
131.995 -7316.6 30333.5 31357
-1987.33 -6838.19 2384.64 8123.02
382.471 -3254.53 157.086 3282.39 1 2
1559.5 -2808.99 11920.9 12346.7 -1 1
-1427.51 -4507.61 18412.6 19010.3 1 1
-2369.8 -3583.66 2227.56 4840.63 -1 2
event 42
-5043 3338.31 19741.5 20878.1
-5330.04 -4958.23 -24103.5 25368.6
-1845.37 -2537.35 -5971.23 6746.13 1 2
-2756.82 51.1467 9031.98 9444.07 -1 1
-3484.67 -2420.88 -18132.3 18622.4 -1 2
-2286.18 3287.16 10709.5 11434 1 1
event 43
5541.97 -3005.61 889.428 7080.35
4432.14 8258.56 -19447.7 21809.4
2690.51 -2940.71 1306.68 4195.86 -1 1
2851.46 -64.9021 -417.252 2884.5 1 1
1714.17 4561.49 -6893.96 8442.95 1 2
2717.97 3697.08 -12553.7 13366.5 -1 2
event 44
52.3424 -8076.51 538.068 8894.45
-1860.64 5795.37 123.898 6830.39
-2664.97 3551.87 4.57526 4441.74 -1 2
-1797.17 -3428.95 332.718 3887.08 -1 1
1849.51 -4647.56 205.35 5007.37 1 1
804.331 2243.5 119.323 2388.65 1 2
event 45
-6578.89 2309.09 -11877.7 14116.8
5450.52 -6755.76 15872.9 18354.5
1333.11 -3408.23 8635.27 9379.36 1 2
-2296.34 1971.28 -3045.98 4295.15 1 1
4117.41 -3347.53 7237.62 8975.15 -1 2
-4282.55 337.809 -8831.75 9821.67 -1 1
event 46
7664.56 3325.21 -11832.9 14812.6
3055.74 8537.88 31728.4 33143.8
252.061 4645.52 18356.2 18936.9 1 2
2400.95 2543.38 -3697.66 5090.89 1 1
5263.61 781.835 -8135.29 9721.67 -1 1
2803.68 3892.36 13372.1 14206.9 -1 2
event 47
3656.07 3617.05 -8750.55 10611.9
10265.8 8796.49 -7153.46 15605.4
3201.58 1035.18 -5265.13 6249.36 -1 1
454.497 2581.88 -3485.41 4362.56 1 1
5994.82 5730.63 -5959.66 10213.1 -1 2
4270.95 3065.86 -1193.81 5392.3 1 2
event 48
-1511.91 6017.89 12550.8 14339.3
-8065.54 -2294.21 1497.97 9063.72
513.663 4085.17 7010.56 8130.91 -1 1
-2025.57 1932.72 5540.26 6208.38 1 1
-3776.77 -2627.24 378.187 4617.42 -1 2
-4288.77 333.037 1119.79 4446.3 1 2
event 49
10274.2 -4806.12 29225.5 31502.1
6977.45 -2457.3 44656.5 45370.8
6551.26 -4348.92 17379.2 19075.6 -1 1
3722.98 -457.199 11846.3 12426.4 1 1
2134.72 -2323.07 16188 16492.9 -1 2
4842.73 -134.228 28468.5 28877.9 1 2
event 50
6924.98 -9745.87 15617 19910.3
7098.7 -2045.64 29073.4 30156.8
5690.03 -242.623 21749.3 22482.9 -1 2
2245.82 -5129.88 8870.11 10490.4 -1 1
4679.16 -4615.99 6746.91 9419.87 1 1
1408.68 -1803.01 7324.09 7673.9 1 2
event 51
8927.56 -8008.86 -9573.8 15655.4
-3094.95 6753.87 -22490.6 23887.4
-3105.92 3904.6 -11562.4 12593.4 1 2
4884.6 -3373.21 -2999.87 6651.94 1 1
10.9653 2849.27 -10928.2 11294.1 -1 2
4042.96 -4635.65 -6573.93 9003.48 -1 1
event 52
2247.48 -12676.5 -10916.2 17160.9
6653.21 -3469.81 13095.1 15407
2856.33 -8571.71 -8186.92 12193 1 1
-608.853 -4104.74 -2729.28 4967.87 -1 1
1411.52 -2264.85 3447.2 4360.76 -1 2
5241.69 -1204.96 9647.87 11046.3 1 2
event 53
-3681.32 3661.41 21605.2 22435.1
4973.57 -6965.9 29630.4 30996.9
-1223.23 2875.49 8047.33 8633.39 1 1
-2458.1 785.917 13557.9 13801.7 -1 1
3187.87 -3010.94 19290.5 19782.9 1 2
1785.7 -3954.96 10339.8 11214 -1 2
event 54
-1791.55 -4827.88 19421.6 20329.9
18819.3 -1227.16 60402.5 63354
-44.4741 -3816.3 10244.4 10932.8 1 1
-1747.07 -1011.58 9177.13 9397.15 -1 1
13923.5 -497.242 48531.4 50491.8 1 2
4895.85 -729.919 11871.1 12862.2 -1 2
event 55
-6975.95 -12931.8 -12030.4 19241.1
-6517.89 -4959.79 41398.1 42314
-5099.1 -6220.85 -6624.8 10421.1 -1 1
-1876.84 -6710.99 -5405.64 8819.98 1 1
-4410.05 -4940.68 30045.6 30767 -1 2
-2107.84 -19.1012 11352.5 11547 1 2
