event 0
-8418.04 -7880.3 -12587 17349
-2539.38 -3624.15 -2889.97 6125.86
-2818.17 -1384.61 -1712.86 3578.3 1 2
-3880.34 -3725.4 -8137.63 9755.41 1 1
278.789 -2239.54 -1177.11 2547.55 -1 2
-4537.7 -4154.89 -4449.37 7593.55 -1 1
event 1
-4856.7 -7735.34 26912.2 28588.1
-9585.91 -1792.94 -13042.8 16697.5
-2353.28 -5412.72 13255.2 14510.3 -1 1
-2503.42 -2322.61 13657 14077.9 1 1
-6448.49 -2824.07 -7872.86 10561.8 -1 2
-3137.42 1031.13 -5169.98 6135.68 1 2
event 2
6955.36 4397.59 -47812.3 48614
-4550.56 3647.61 922.031 6667.35
-2555.61 2376.68 2045.48 4046.59 1 2
2369.61 3312.26 -21368.1 21753 -1 1
-1994.94 1270.94 -1123.45 2620.76 -1 2
4585.75 1085.33 -26444.1 26860.9 1 1
event 3
-19292.1 13769.1 -42258.3 48550.3
466.475 7109.92 26470.1 27586.7
-13151.1 8102.3 -25258 29607 -1 1
-6141.03 5666.85 -17000.3 18943.3 1 1
1394.49 4152.5 18993.5 19492.3 -1 2
-928.015 2957.41 7476.63 8094.36 1 2
event 4
8435.12 -34900.2 563.838 36042.8
4379.47 -4413.12 -9584.33 11836.6
6318.21 -25933.7 -931.126 26708.7 -1 1
2116.9 -8966.48 1494.96 9334.08 1 1
1473.66 -3024.77 -6760.26 7552.03 -1 2
2905.81 -1388.35 -2824.06 4284.6 1 2
event 5
6643.07 -7253.21 -18829.9 21468.5
-4344.53 -7183.33 -8668.89 12458.6
-781.242 -4151.7 -4721.02 6336.1 -1 2
3292.57 -1503.32 -5810.45 6846.42 1 1
3350.5 -5749.89 -13019.5 14622.1 -1 1
-3563.29 -3031.62 -3947.87 6122.47 1 2
event 6
-1302.65 -9727.53 -26788 28696.9
-3115.64 6963.04 -5880.01 10117.1
-1883.81 2975.13 -934.333 3644.76 -1 2
215.834 -3265.56 -12818.3 13229.9 1 1
-1518.49 -6461.97 -13969.7 15467 -1 1
-1231.84 3987.9 -4945.68 6472.38 1 2
