event 0
15977.7 1704.18 -47782 50506.4
-8271.06 -2654.73 -17518.4 19797.5
-3848.8 -304.339 -10394.4 11088.7 -1 2
3786.24 -506.208 -14421.7 14919.4 1 1
12191.5 2210.39 -33360.3 35587 -1 1
-4422.26 -2350.39 -7124.03 8708.83 1 2
event 1
4524.03 3085.16 16290.9 17463.4
-7010.21 -3899.43 9960.96 13159
3986.4 1012.33 9839.77 10665.3 -1 1
537.629 2072.83 6451.16 6798.11 1 1
-2982.27 -2915.14 6657.18 7856.28 1 2
-4027.94 -984.287 3303.78 5302.76 -1 2
event 2
2174.54 6537.94 27551.1 28567.9
6579.78 -7407.61 -30516.2 32233.4
864.974 4484.55 22503.2 22962.2 1 1
1309.56 2053.39 5047.89 5605.69 -1 1
2692.15 -4847.74 -13578.5 14667.5 1 2
3887.63 -2559.86 -16937.6 17565.9 -1 2
event 3
-5047.34 8856.55 30786.8 32578.1
-824.44 21841.5 73896 77122.9
996.089 6290.82 23744.4 24584.1 1 2
-711.606 2378.77 4284.95 4953.48 1 1
-1820.53 15550.7 50151.6 52538.8 -1 2
-4335.73 6477.78 26501.8 27624.6 -1 1
event 4
8448.91 7125.03 -130.322 11478.7
1242.42 -6130.6 910.321 7038.99
4569.29 5662.85 449.429 7291.05 -1 1
3879.63 1462.18 -579.751 4187.69 1 1
1526.24 -2968.7 -796.075 3433.29 -1 2
-283.811 -3161.89 1706.4 3605.7 1 2
event 5
-5997.73 -11833.8 12261.7 18328.9
-3228.4 6054.93 39731.3 40438.2
-3546.98 3632.72 27475.9 27941.3 1 2
-1353.75 -5738.53 4466.61 7397.65 -1 1
318.574 2422.21 12255.3 12496.9 -1 2
-4643.97 -6095.22 7795.11 10931.3 1 1
event 6
-4508.22 -3525.12 -2724.42 7054.35
-8150.56 -5346.01 -8873.48 13540.3
-3188.7 -1804.25 -3160.68 4839.85 -1 1
-1319.52 -1720.87 436.256 2214.5 1 1
-5415.52 -1759.16 -4522.58 7272.37 -1 2
-2735.04 -3586.85 -4350.89 6267.96 1 2
event 7
5030.05 4017.36 25308.2 26297.1
-22.7514 8774.87 3587.65 9972.91
2288.33 2420.66 7485.94 8194.3 -1 1
2741.71 1596.7 17822.3 18102.8 1 1
-1101.86 4425.06 2981.09 5449.16 1 2
1079.1 4349.81 606.556 4523.76 -1 2
event 8
-826.727 -5457.37 -22724.9 23589.8
-8698.67 2497.35 -14728.3 17561.8
-1476.08 -3073.4 -17224.4 17558.9 -1 1
649.354 -2383.97 -5500.5 6030.89 1 1
-4556.65 2677.87 -9670.66 11021.2 1 2
-4142.02 -180.519 -5057.61 6540.6 -1 2
event 9
6562.19 4080.23 2368.01 8655
-996.627 -5810.94 -776.622 6704.81
4636.43 1092.74 1220.38 4918.44 -1 1
1925.76 2987.49 1147.63 3736.55 1 1
-1539.77 -1285.39 270.996 2026.75 -1 2
543.138 -4525.55 -1047.62 4678.07 1 2
event 10
4297.49 -3195.72 -14216 15503.8
6835.25 -7869.5 14345.9 18001.3
1943.08 -3192.56 -9962.54 10641 1 1
2354.42 -3.15929 -4253.51 4862.8 -1 1
4634.55 -3193.88 6415.84 8535.46 1 2
2200.7 -4675.62 7930.11 9465.85 -1 2
event 11
-6494.29 -8171.89 316.023 10892.5
7321.01 -5018.02 -31696.1 33060.7
4196.61 -2911.01 -12602.8 13598.8 1 2
-3965.13 -3298.96 1284.37 5316.59 -1 1
3124.41 -2107.01 -19093.3 19461.9 -1 2
-2529.15 -4872.93 -968.35 5575.92 1 1
event 12
2348.24 10434.2 -3635.45 11713
-8912.57 4071.53 -15616.2 18694.1
2417.45 5213.74 -2904.58 6440.1 1 1
-69.2122 5220.46 -730.864 5272.89 -1 1
-6967.78 1966.81 -9554.03 11987.9 -1 2
-1944.79 2104.71 -6062.16 6706.19 1 2
event 13
4608.69 -238.327 -247.864 5563.2
14147.4 9015.21 -26189.4 31255.4
3024.17 -1608.27 142.904 3429.83 -1 1
1584.51 1369.94 -390.768 2133.37 1 1
9470.87 5524.37 -19552.1 22416.8 -1 2
4676.55 3490.84 -6637.31 8838.61 1 2
event 14
9713.64 -1384.28 21324.1 23676.5
3567.23 4587.06 2763.05 7140.91
1237.46 3752.47 2434.46 4642.21 1 2
3907.04 960.524 8511.97 9415.54 1 1
2329.77 834.59 328.59 2498.7 -1 2
5806.6 -2344.81 12812.1 14261 -1 1
event 15
-6014.47 -5585.35 -6565.75 10957.6
-5816.34 1212.69 -2877.84 7292.01
-3578.93 2205.93 -2217.75 4754.41 -1 2
-2323.23 -2202.02 -762.983 3292.36 -1 1
-3691.24 -3383.32 -5802.77 7665.21 1 1
-2237.41 -993.233 -660.086 2537.59 1 2
event 16
11358.8 5018.42 15687.4 20245.8
2216.69 7231.31 10886.1 13612.6
2156.69 2266.61 3327.91 4568.91 -1 2
1801.2 2175.43 3469.78 4475.19 -1 1
9557.56 2842.99 12217.6 15770.6 1 1
60.0061 4964.71 7558.16 9043.72 1 2
event 17
5389.4 -2592.54 -14078.8 15606.8
-15504.1 -5325.56 46765.6 49652.3
3174.72 -2951.66 -10744.6 11586.6 -1 1
2214.68 359.115 -3334.2 4020.18 1 1
-7472.31 -4139.66 22741.1 24292.8 1 2
-8031.76 -1185.9 24024.5 25359.5 -1 2
event 18
-2665.04 6031.95 -7280.41 10299.6
-6300.46 4468.1 -33818.3 34827.1
-3653.67 757.228 -16697.9 17110.1 -1 2
-93.5484 2091.94 -4143.71 4643.97 -1 1
-2571.49 3940.01 -3136.7 5655.64 1 1
-2646.78 3710.87 -17120.3 17717 1 2
event 19
-4410.72 -8046.2 14684.6 17590.5
1173.13 -8421.96 -6918.5 11391.3
1109.24 -4969.71 -2210.94 5552.28 -1 2
-2559.09 -2964.12 8590.22 9441.29 -1 1
-1851.63 -5082.09 6094.39 8149.16 1 1
63.8855 -3452.25 -4707.56 5839.04 1 2
event 20
6152.41 -4042.92 -12999.8 15387.6
4956.24 3439.18 9972.29 12059.4
4611.16 -1044.74 -8902 10080.2 1 1
1541.25 -2998.18 -4097.81 5307.33 -1 1
2175.12 -107.85 2367.01 3218.18 -1 2
2781.12 3547.03 7605.28 8841.24 1 2
event 21
-4298 3425.32 -1022.74 6390.81
10119 -86.2908 6493.7 12416.1
-2488.81 1898.02 -2117.23 3780.28 1 1
-1809.19 1527.3 1094.49 2610.53 -1 1
5612.84 620.019 5191.71 7671.6 1 2
4506.13 -706.31 1301.99 4744.52 -1 2
event 22
-2595.68 8554.06 -14010 16905
339.053 5585.22 19401 20427.9
-1224.02 3843.05 12992.4 13604.5 -1 2
-2019.01 2617.98 -6684.69 7458.32 -1 1
-576.665 5936.07 -7325.26 9446.7 1 1
1563.08 1742.18 6408.58 6823.45 1 2
event 23
-7525.74 -447.641 -22899.9 24307.1
3238.4 5005.79 6049.49 9040.66
3337.11 2743.23 4774.32 6439.48 1 2
-3553.11 226.122 -15247.7 15658.2 -1 1
-98.7088 2262.56 1275.17 2601.18 -1 2
-3972.64 -673.763 -7652.18 8648.86 1 1
event 24
-9515.41 -1797.86 4727.53 11212.3
4192.92 5712.6 23510 24749.3
-5754.02 -212.78 4127.62 7085.37 -1 1
-3761.39 -1585.08 599.907 4126.94 1 1
2776.07 1285.46 10277.2 10723.4 -1 2
1416.85 4427.14 13232.8 14025.9 1 2
event 25
-4885.25 -2466.34 2000.65 6598.64
-3163.76 -7282.23 -4275.53 9534.78
-2767.93 -1994.37 -310.284 3427.31 -1 1
-2117.32 -471.969 2310.94 3171.34 1 1
-2776.49 -3202.44 -3155.18 5284.96 1 2
-387.274 -4079.79 -1120.35 4249.82 -1 2
event 26
1510.61 7361.98 2933.12 8641.46
-3719.65 -6748.92 -15986.5 18015
747.962 4190.87 3258.45 5362.04 -1 1
762.652 3171.11 -325.33 3279.42 1 1
-1672.81 -4300.5 -12302.9 13140.2 -1 2
-2046.84 -2448.42 -3683.55 4874.83 1 2
event 27
-5595.13 294.852 -34861 35443.9
1221.62 8193.4 8037.6 11950.7
943.758 2985.87 5040.31 5934.81 1 2
-1676.7 1500.35 -10354.5 10596.7 -1 1
277.863 5207.53 2997.29 6015.85 -1 2
-3918.43 -1205.5 -24506.4 24847.2 1 1
event 28
-5489.23 -5590.7 -6622.84 10716.4
-16908.4 -16202.6 -35076.1 42288.8
-2182.17 -4187.08 -2902.12 5543.19 1 1
-3307.07 -1403.62 -3720.72 5173.18 -1 1
-9480.64 -10851.5 -22861.7 27024.1 1 2
-7427.75 -5351.15 -12214.4 15264.6 -1 2
event 29
2933.34 8794.3 24786.6 26644.2
1168.18 9399.64 -5306.77 11290.2
2700.68 4924.39 17642.8 18515.5 1 1
232.664 3869.91 7143.83 8128.7 -1 1
448.243 7185.53 -5331.85 8959.5 -1 2
719.94 2214.1 25.081 2330.74 1 2
event 30
-19800.8 12906.7 -8360.36 25261.4
5133.42 1467.4 10074.5 11814.9
3258.33 -299.363 7440.66 8129.02 1 2
-4150.08 3462.98 -3136.75 6250.26 1 1
1875.09 1766.77 2633.81 3685.86 -1 2
-15650.7 9443.68 -5223.62 19011.2 -1 1
event 31
-4338.36 3377.81 4056.87 7502.02
6034.02 4344 16595.7 18446.9
3062.83 572.772 4951.16 5850.99 1 2
-2231.72 -51.4348 1006.93 2451.18 1 1
2971.19 3771.23 11644.5 12595.9 -1 2
-2106.63 3429.24 3049.95 5050.83 -1 1
event 32
-2110.88 6285.53 -17216.1 18706.9
8173.51 -7348.69 -14456.5 18422.6
2584.84 -2900.63 -2951.8 4880.51 1 2
-2068.35 1579.26 -6497.45 7000.01 -1 1
5588.67 -4448.06 -11504.7 13542.1 -1 2
-42.5341 4706.27 -10718.7 11706.9 1 1
event 33
2215.06 -7513.25 33860.1 34892
35858.8 -19458.3 -111404 118680
275.702 -4800.49 15424.4 16156.9 -1 1
1939.36 -2712.77 18435.7 18735.2 1 1
27179.3 -13215.7 -81860 87260.8 1 2
8679.46 -6242.66 -29544 31419.1 -1 2
event 34
-726.463 -9956.96 -9528.22 14143.8
-5493.6 -2198.8 -3238.87 7422.65
-2447.59 -2230.69 -2810.39 4344.67 1 2
-1340.91 -4464.14 -5948.24 7557.73 1 1
-3046.01 31.898 -428.476 3077.98 -1 2
614.45 -5492.82 -3579.99 6586.05 -1 1
event 35
8814.31 1437.03 -17273.2 19690.3
5597.29 -9601.14 17772 21188.4
2792.27 -4230.81 10929.9 12048.6 -1 2
2451.66 -923.447 -5692.35 6267.17 1 1
6362.65 2360.47 -11580.8 13423.2 -1 1
2805.02 -5370.33 6842.14 9139.73 1 2
event 36
-6161.92 -64.7585 5575.62 8868.61
-3075.85 -8736.96 20059.5 22310.8
-3675.04 -1482.99 3838.99 5518.53 -1 1
-2486.88 1418.23 1736.63 3350.07 1 1
-2970.29 -4411.87 12765.2 13829.2 -1 2
-105.559 -4325.1 7294.36 8481.54 1 2
event 37
-1851.96 -7434.63 6498.49 10513.1
695.885 -9553.93 12731.7 16231.1
623.315 -4696.34 3844.09 6101.83 -1 2
-1779.06 -2104.18 1237.21 3022.33 -1 1
-72.8961 -5330.45 5261.28 7490.74 1 1
72.5698 -4857.59 8887.59 10129.3 1 2
event 38
2502.18 5459.03 6996 9725.82
-9554.8 3207.27 -16098.1 19243.7
190.804 3838.56 3251.5 5035.31 1 1
2311.37 1620.47 3744.5 4690.51 -1 1
-5351.16 833.731 -6215.68 8244.75 1 2
-4203.64 2373.54 -9882.39 10999 -1 2
event 39
-12544.3 -2163.45 6826.4 14772.7
-11131.6 -6988.62 6236.73 14874.2
-3914.5 -3564.7 1198.53 5429.37 1 2
-4124.3 531.129 1352.8 4374.14 1 1
-8420.02 -2694.58 5473.6 10398.5 -1 1
-7217.12 -3423.92 5038.2 9444.82 -1 2
event 40
4463.97 -6688.23 14682.8 17024.5
7583.24 11513.7 -15678.4 21106.3
3345.47 2899.51 -6162.51 7588.61 1 2
636.076 -3569.76 7143.41 8011.7 -1 1
4237.77 8614.22 -9515.9 13517.7 -1 2
3827.89 -3118.47 7539.38 9012.82 1 1
event 41
-5399.44 8145.58 -1303.43 10334.1
2560.48 -12833.7 -34803.2 37311.1
-523.294 -3834.45 -11773.8 12394 -1 2
-2449.55 1856.48 594.171 3132.25 -1 1
3083.77 -8999.26 -23029.4 24917.1 1 2
-2949.9 6289.1 -1897.6 7201.86 1 1
event 42
4596.14 15698.7 3013.12 16918.8
4023.86 -4072.96 -9937.39 11879.5
2042.03 11834.8 2363.34 12240.5 -1 1
2554.11 3863.88 649.78 4678.29 1 1
2816.08 -1771.27 -7908.63 8580.51 -1 2
1207.78 -2301.69 -2028.77 3299.02 1 2
event 43
-4100.22 5335.07 7982.66 10889.8
4237.81 9998.12 -18599.7 21759.1
-3792.01 2908.29 6345.29 7944.27 1 1
-308.208 2426.78 1637.37 2945.57 -1 1
2485.52 4874.81 -6462.94 8468.9 -1 2
1752.3 5123.31 -12136.7 13290.2 1 2
event 44
851.687 5413.84 -10080.1 11884.2
11431.3 -1079.4 -34791.9 36768.3
-716.254 3514.83 -4301.75 5602.07 -1 1
1567.94 1899.01 -5778.32 6282.11 1 1
7522.67 663.708 -20401.7 21754.8 1 2
3908.67 -1743.11 -14390.2 15013.5 -1 2
event 45
-5626.91 -5022.34 -23035.5 24435.9
-4474.3 6163.67 3595.24 8973.67
-2195.89 2363.52 3165.11 4520.76 1 2
-874.211 -2448.31 -5469.69 6056.99 1 1
-4752.7 -2574.03 -17565.9 18378.9 -1 1
-2278.41 3800.14 430.122 4452.91 -1 2
event 46
-5035.15 9500.23 1012.03 11234.9
-4786.07 -7688.59 10448.3 14169.6
-535.517 -3664.13 4403.44 5754.49 1 2
-2556.73 1902.68 95.3695 3190.19 1 1
-2478.42 7597.54 916.664 8044.67 -1 1
-4250.56 -4024.46 6044.84 8415.15 -1 2
event 47
593.741 -7349.57 -15372.5 17328.4
3894.9 5305.92 1263.38 7649.03
1576.02 3793.68 -810.268 4188.5 -1 2
-1169.27 -2803.31 -7134.3 7754.68 1 1
1763.01 -4546.26 -8238.18 9573.68 -1 1
2318.89 1512.24 2073.65 3460.53 1 2
event 48
707.659 5280.36 -23870.1 24652.7
16579.1 -2548.79 27622 32464.3
-736.193 3563.85 -18070.1 18433.2 1 1
1443.85 1716.51 -5800.03 6219.54 -1 1
10569.8 -836.133 14870.7 18263.8 -1 2
6009.34 -1712.65 12751.3 14200.4 1 2
event 49
-1697.74 10002.4 748.66 10634
1537.17 -5114.77 9377.37 11227.2
-415.397 -3514.46 6468.87 7374.38 1 2
572.626 4583.6 -431.335 4640.53 -1 1
1952.56 -1600.32 2908.49 3852.79 -1 2
-2270.37 5418.85 1180 5993.5 1 1
