event 0
3091.84 -6266.39 1839.73 7861.47
-18385.6 -7490.45 89410.5 91640.4
1981.2 -3104.23 -575.815 3728.82 1 1
1110.64 -3162.16 2415.54 4132.65 -1 1
-12196.5 -4420.83 51753.3 53354.6 -1 2
-6189.11 -3069.61 37657.1 38285.7 1 2
event 1
-1608.79 -11431.4 33263.2 35345.4
-3435.32 -7354.09 3701.53 9443.32
-2910.8 -3993.39 3456.54 6031.48 -1 2
903.358 -4006.35 10971.2 11715.1 1 1
-2512.15 -7425.02 22292 23630.2 -1 1
-524.52 -3360.7 244.985 3411.84 1 2
event 2
6022.86 -2455.24 2114.48 7507.71
-7250.02 -2331.27 -1137.29 8299.5
-3721.65 -435.791 -1928.36 4215.49 -1 2
1989.44 401.165 -213.559 2043.42 -1 1
4033.42 -2856.41 2328.03 5464.29 1 1
-3528.37 -1895.47 791.072 4084.01 1 2
event 3
-929.274 -5559.24 6282.06 8990.23
-9424.13 727.489 3108 10420.8
930.52 -3149.24 4043.83 5210.31 -1 1
-1859.79 -2410 2238.24 3779.92 1 1
-5071.76 106.805 67.5556 5074.43 1 2
-4352.37 620.684 3040.44 5346.39 -1 2
event 4
3547.14 -4018.94 5031.72 7977.63
4577.22 -7849.89 10446.9 14188
1529.24 -2948.99 1767.35 3764.28 -1 2
-12.5915 -2177.57 1851.7 2860.41 1 1
3047.98 -4900.9 8679.54 10423.7 1 2
3559.73 -1841.37 3180.02 5117.23 -1 1
event 5
-5544.6 13780.8 10978.5 18728.9
-607.208 -5282.09 -27174.2 27862.1
1190.63 -2854.43 -15243.6 15554.6 1 2
-3043.31 5513.02 6285.2 8897.76 1 1
-1797.84 -2427.66 -11930.6 12307.5 -1 2
-2501.29 8267.76 4693.3 9831.1 -1 1
event 6
6407.95 -2497.93 -11671.7 13896.8
6116.87 -1074.56 18952.5 20183.2
4098.86 -66.0586 -5360.07 6748.82 1 1
2309.09 -2431.87 -6311.65 7148 -1 1
4094.81 -2100.37 11317.2 12217.6 -1 2
2022.07 1025.82 7635.33 7965.58 1 2
event 7
263.687 5386.08 -1829.19 6482
-8983.02 1295.6 5248.7 10932.2
-31.2875 3147.84 553.381 3198.01 -1 1
294.974 2238.24 -2382.57 3283.98 1 1
-5330.07 -662.135 2294.87 5841.72 -1 2
-3652.95 1957.73 2953.82 5090.48 1 2
event 8
5626.89 11333.4 -35825 38120
9619.54 -9033.71 -34818.1 37363.5
7897.25 -7911.02 -25873.4 28185.1 1 2
2625.28 4966.64 -11540 12835.2 1 1
1722.29 -1122.69 -8944.64 9178.48 -1 2
3001.61 6366.76 -24285 25284.8 -1 1
event 9
5157.9 19351.3 69806.9 72688.9
1516.35 5818.3 -14093.8 15632.6
2136.16 11900.5 45904.4 47470.1 1 1
3021.74 7450.82 23902.5 25218.8 -1 1
1785.71 3602.17 -11631.7 12307.4 -1 2
-269.364 2216.12 -2462.1 3325.18 1 2
event 10
-14054.6 22732 -129586 132350
-7253.02 -6693.38 39719.1 41043.9
-10320.8 14998.2 -82286.2 84276.3 1 1
-3733.81 7733.8 -47300 48073.4 -1 1
-4910.59 -3494.17 18498.2 19455.5 -1 2
-2342.44 -3199.21 21220.9 21588.4 1 2
event 11
-3070.24 -8700.18 -36999.7 38258.2
-5572.19 1628.07 6984.21 9595.32
-1815 -4602.08 -25709.5 26181.4 -1 1
-1255.24 -4098.1 -11290.2 12076.8 1 1
-2997.7 687.112 1414.54 3386.8 -1 2
-2574.49 940.963 5569.67 6208.52 1 2
event 12
-6088.66 10388.6 -10985.2 16590.9
-2496.58 5330.4 14851.8 16273
-3927.02 5612.65 -8090.93 10601.8 -1 1
-2161.64 4775.94 -2894.23 5989.16 1 1
-921.067 3056.14 11449.5 11886.6 -1 2
-1575.51 2274.26 3402.28 4386.47 1 2
event 13
-11394.9 320.738 -37822.6 39624.3
-10786.8 20761.4 -87305.8 90439.4
-7385.87 -108.961 -19250.9 20619.7 -1 1
-4009.04 429.7 -18571.6 19004.6 1 1
-6311.67 14552.7 -55219 57452.3 1 2
-4475.1 6208.76 -32086.9 32987.2 -1 2
event 14
-6078.99 -6000.18 -125.506 9086.41
3163.84 5136.82 9672.34 11812.8
2626.15 2813.38 8059.4 8931.79 1 2
-3140.92 -2760.6 -1587.12 4473.97 -1 1
537.687 2323.44 1612.94 2881.01 -1 2
-2938.07 -3239.58 1461.62 4612.44 1 1
event 15
-6785.81 -3130.23 8623.97 11824.1
5703.48 9914.92 -50614.9 51983.5
-4297.2 -751.74 6321.14 7681.09 -1 1
-2488.61 -2378.49 2302.83 4143.02 1 1
1719.97 6075.22 -26564.1 27304.4 -1 2
3983.51 3839.7 -24050.7 24679.1 1 2
event 16
-4857.61 6468.54 9259.94 12679.7
-7226.97 -3425.01 -27318.2 28632.7
-2131.09 4129.24 7101.55 8487.36 1 1
-2726.52 2339.3 2158.39 4192.38 -1 1
-5431.59 -1643.65 -14586.8 15652.2 -1 2
-1795.38 -1781.35 -12731.4 12980.6 1 2
event 17
2719.65 -6012.61 -34720.2 35477.2
8557.61 12464.3 19398.2 24788.6
397.917 -4116.38 -23584.8 23944.8 -1 1
2321.73 -1896.24 -11135.5 11532.4 1 1
7299.82 8308.25 13221.8 17237.8 1 2
1257.78 4156.08 6176.36 7550.74 -1 2
event 18
7483.43 -4035.27 -22681.1 24419.4
-10688.2 2693.75 -27658.7 29934.7
-3001.78 1899.39 -6487.58 7397.17 -1 2
2873.35 -827.781 -11806.7 12179.9 -1 1
-7686.44 794.359 -21171.1 22537.5 1 2
4610.07 -3207.49 -10874.4 12239.4 1 1
event 19
315.148 -10940.4 -11956 16502.4
-8311.06 -2347.15 9933.49 13522.1
-4924.99 -2910.43 5784.24 8136.01 -1 2
-555.775 -4823.56 -7288.18 8758.1 -1 1
870.923 -6116.87 -4667.87 7744.34 1 1
-3386.07 563.277 4149.25 5386.11 1 2
event 20
-8854.45 6901.67 3287.01 12100.8
3005.37 -5297.56 1005.45 6906.39
-4233.59 4066.2 228.95 5875.45 -1 1
-4620.87 2835.46 3058.06 6225.36 1 1
476.063 -3832.17 180.734 3867.3 -1 2
2529.31 -1465.39 824.718 3039.09 1 2
event 21
2946.15 7407.28 1724.67 8724.31
-5951.22 4047.25 -41616.7 42347.8
1281.33 4858.8 -351.222 5038.28 1 1
1664.82 2548.48 2075.89 3686.04 -1 1
-4882.95 1565.36 -26757.4 27244.5 -1 2
-1068.26 2481.89 -14859.3 15103.4 1 2
event 22
-11327 11117.8 45667.9 48446.4
-5584.53 1226.73 4229.9 7757.22
-3735.8 37.2408 1035.91 3878.38 1 2
-1952.05 3754.36 11023.7 11808.4 1 1
-1848.73 1189.49 3193.99 3878.84 -1 2
-9374.99 7363.44 34644.2 36638 -1 1
event 23
5104.2 -4724.14 3356.46 8320.27
5753.16 1300.43 13310.8 14884.9
3766.44 -1418.18 1483.31 4290.53 -1 1
1337.77 -3305.95 1873.15 4029.74 1 1
4509.84 -323.448 10234.1 11188.9 -1 2
1243.32 1623.88 3076.71 3695.96 1 2
event 24
-3591.93 10614.7 -8891.17 14636.1
3373.39 -6245.21 -26582 27687.2
1251.81 -4271.89 -20083 20570.7 1 2
-1116.29 4781.17 -5752.37 7563.51 1 1
2121.58 -1973.32 -6499.08 7116.48 -1 2
-2475.64 5833.53 -3138.79 7072.62 -1 1
event 25
-7058.53 4853.41 1496.25 9230.82
2809.3 6422.72 -8199.3 11223.2
-4235.08 1586.33 -341.993 4536.57 1 1
-2823.45 3267.08 1838.24 4694.25 -1 1
442.839 4727.61 -4982.22 6883.32 -1 2
2366.46 1695.11 -3217.08 4339.85 1 2
event 26
-5343.27 1693.32 20023 21022.1
-1815.61 -7880.43 -19113.5 20983.7
-3060.05 1101.02 6230.45 7028.93 -1 1
-2283.23 592.303 13792.5 13993.1 1 1
-0.123775 -4299.78 -12778.9 13483.3 1 2
-1815.49 -3580.65 -6334.62 7500.38 -1 2
event 27
12867.2 -3347.64 19590.8 23878.2
-1875.61 5141.21 11603.5 13197.8
-2303.31 2085.72 4697.58 5633.28 1 2
4325.22 -188.754 4452.83 6211.44 -1 1
427.701 3055.49 6905.9 7564.49 -1 2
8541.99 -3158.89 15138 17666.7 1 1
event 28
11954.7 -7334.12 -67507.7 69018.8
5991.76 1182.83 9281.91 11534.5
5995.58 -5321.06 -34794.4 35706.1 -1 1
5959.09 -2013.06 -32713.3 33312.7 1 1
4180.84 -690.68 5645.07 7059.35 -1 2
1810.92 1873.51 3636.83 4475.18 1 2
event 29
6985.26 3002.27 1310.16 8313.54
-6231.6 -4406.12 8849.17 12089
-1713.11 -2944.48 2891.97 4469.82 1 2
2345.73 1202.05 1970 3292.33 -1 1
4639.53 1800.22 -659.839 5021.22 1 1
-4518.49 -1461.64 5957.2 7619.22 -1 2
event 30
7328.86 8491.46 526.685 11648.4
15187.2 4975.27 6387.73 17487.1
4122.87 1584.55 3285.26 5505.72 1 2
2048.58 2626.59 -1248.52 3558.88 1 1
11064.4 3390.72 3102.47 11981.4 -1 2
5280.28 5864.87 1775.21 8089.54 -1 1
event 31
-9057.3 7757.25 3715.88 12869
12463.3 -2278.15 25495.2 28637.8
-6204.83 3302.49 2163.15 7355.05 1 1
-2852.47 4454.75 1552.73 5513.94 -1 1
7755.85 121.875 15070.7 16950 -1 2
4707.44 -2400.03 10424.6 11687.7 1 2
event 32
4878.97 4188.96 8829.91 11353.8
8210.86 2831.86 -30009.2 31393.9
2176.66 3298.61 3364.6 5191.38 -1 1
2702.31 890.344 5465.31 6162.47 1 1
4825.36 50.7001 -16514.8 17205.7 1 2
3385.5 2781.15 -13494.3 14188.2 -1 2
event 33
5342.49 2384.27 -5345.72 8508.48
10068.5 -3264.15 -55207.3 56298
3255.71 2996.19 -3296.75 5518.74 1 1
2086.78 -611.922 -2048.97 2989.74 -1 1
5263.38 -3315.56 -31030.9 31648.4 -1 2
4805.08 51.4108 -24176.5 24649.6 1 2
event 34
-7311.13 -116.86 1311.69 8048.46
3471.44 8997.71 -19136.6 21652
2054.13 3282.17 -4905.69 6250.52 -1 2
-2084.51 -221.911 1842.4 2792.85 -1 1
1417.31 5715.54 -14230.9 15401.5 1 2
-5226.62 105.052 -530.711 5255.61 1 1
event 35
-5131.7 7579.25 11132.1 14740.9
5959.32 6842.83 -2840.85 9999.92
3302.31 2974.51 124.842 4447.44 1 2
-416.239 2989.43 2756.61 4089.01 -1 1
-4715.46 4589.82 8375.48 10651.8 1 1
2657.01 3868.31 -2965.69 5552.48 -1 2
event 36
-4882.74 -4446.56 1959.88 7552.88
8181.13 9690.15 -14654.8 19626.1
-2521.25 -2308.82 -590.549 3470.92 1 1
-2361.49 -2137.73 2550.43 4081.96 -1 1
4605.96 7542.93 -10690.8 13871.4 -1 2
3575.17 2147.22 -3963.91 5754.66 1 2
event 37
5590.3 9760.14 -640.189 11683.9
1006.48 4973.74 524.901 5968.15
2448.64 7060.93 -922.788 7530.95 -1 1
3141.66 2699.21 282.598 4152.93 1 1
2038.45 3019.47 820.72 3735.93 -1 2
-1031.97 1954.27 -295.818 2232.22 1 2
event 38
-7213.94 -4031.22 -10719.8 13885.1
-5265.86 -6796.91 -13123.4 15992
-3557.05 -2102.19 -5598.32 6958.75 1 2
-2523.7 -3081.8 -4112.93 5726.6 -1 1
-1708.8 -4694.72 -7525.13 9033.22 -1 2
-4690.24 -949.42 -6606.87 8158.53 1 1
event 39
1405.22 7581.06 -7678.79 11313.9
-7767.92 5882.09 30489.3 32157.9
-3838.5 1667 16610.9 17130.2 -1 2
-702.025 2247.68 -1147.34 2621.53 -1 1
-3929.42 4215.09 13878.5 15027.6 1 2
2107.24 5333.38 -6531.45 8692.32 1 1
event 40
-7911.42 -11419.8 29880.9 33097.7
-7794.47 2332.65 -287.612 8710.25
-4679.23 -8244.94 22777.4 24671.7 1 1
-3232.19 -3174.83 7103.5 8426 -1 1
-3692.3 -334.526 -784.306 3790.95 -1 2
-4102.16 2667.18 496.695 4919.29 1 2
event 41
5839.85 21619.8 35945.9 42464.3
2172.17 -4371.01 4118.92 7097.89
-176.423 -3091.51 2053.89 3717.28 1 2
3927.31 9513.67 14900.9 18110.3 1 1
2348.59 -1279.5 2065.03 3380.61 -1 2
1912.54 12106.1 21045 24354 -1 1
event 42
975.746 7370.62 5810.82 9931.42
6931.93 -2713.96 15226.4 17229.4
1291.94 3944.46 4794 6342.04 1 1
-316.194 3426.16 1016.82 3589.38 -1 1
3599.39 -3000.48 9595.98 10679.5 -1 2
3332.53 286.518 5630.45 6549.88 1 2
event 43
-9479.6 -8614.61 -22874.9 26399.4
8549.96 -4136.72 4249.76 10856.6
6453.39 -1653.72 3473.42 7513.78 -1 2
-2591.25 -4207.87 -7449.65 8940.31 -1 1
-6888.35 -4406.74 -15425.3 17459 1 1
2096.57 -2483 776.342 3342.87 1 2
event 44
5799.51 -610.49 -4617.55 8057.23
-12205.1 -17857 66709.8 70197.1
3748.06 277.919 -1152.97 3932.64 -1 1
2051.45 -888.409 -3464.58 4124.59 1 1
-10280 -13547.2 55071.3 57637.3 1 2
-1925.06 -4309.83 11638.6 12559.8 -1 2
event 45
8233.4 -1582.08 -32947.9 34138.7
-6496.38 -2920.47 14201.1 16186.3
-3108.01 203.74 6550.04 7253.65 1 2
2120.01 -1411.12 -13930.8 14162 1 1
6113.38 -170.953 -19017.2 19976.7 -1 1
-3388.36 -3124.21 7651.1 8932.64 -1 2
event 46
-8876.23 4749.75 17286.9 20242.9
-6760.75 347.546 9649.62 12187.5
-4888.61 -1129.45 7103.56 8697.47 -1 2
-2618.42 2477.31 8374.09 9117.55 -1 1
-6257.8 2272.44 8912.78 11125.3 1 1
-1872.14 1477 2546.06 3489.98 1 2
event 47
-6605.56 -3231.09 -20366.5 21873.7
-6862.42 4157 -7761.37 11584.6
-3822.88 3774.49 -5979.25 8038.89 1 2
-2551.36 -1897.39 -12764.2 13154.7 1 1
-3039.54 382.51 -1782.12 3545.74 -1 2
-4054.21 -1333.71 -7602.29 8719.02 -1 1
event 48
-2157.13 -8563.45 21303.8 23268.6
7017.53 -1955.09 -625.923 7940.45
2393.91 -2233.12 -424.759 3302.91 -1 2
-103.836 -2519.14 3220.66 4091.54 1 1
-2053.29 -6044.31 18083.1 19177.1 -1 1
4623.62 278.036 -201.164 4637.54 1 2
event 49
-2721.66 12411.2 -58478.3 59922.8
-315.781 6674.97 -10151.5 12541.9
-2502 7819.13 -31335.4 32393.2 1 1
-219.661 4592.1 -27142.8 27529.6 -1 1
-1295.39 3612.74 -7277.54 8228.23 -1 2
979.614 3062.23 -2873.94 4313.65 1 2
event 50
1975.78 8305.13 15239.7 17740.4
-9470.21 -9135.39 -41044.8 43213.5
306.05 4337.69 4970.58 6605.08 -1 1
1669.73 3967.43 10269.1 11135.3 1 1
-7923.55 -5784.55 -30702.1 32231.6 -1 2
-1546.66 -3350.84 -10342.7 10981.9 1 2
event 51
4813.33 4453.08 -38830.2 39501.6
-6661.1 96.8366 -22707.1 23866
1842.06 3750.08 -21071 21481.5 1 1
2971.27 702.999 -17759.2 18020.1 -1 1
-4192.23 -1162.26 -10879 11717 -1 2
-2468.86 1259.09 -11828.2 12148.9 1 2
event 52
1854.84 8215.89 -12283.1 15212.1
3466.17 6471.05 28266.1 29367.5
1858.9 4636.47 23350.7 23879.2 1 2
1926.67 3743.27 -7878.58 8933.49 -1 1
1607.27 1834.58 4915.44 5488.32 -1 2
-71.8255 4472.63 -4404.54 6278.59 1 1
event 53
9786 -1685.27 -6926.19 12496.8
7909.03 9315.37 4385.91 13347.5
6346.01 255.215 -3418.68 7213.56 -1 1
3439.99 -1940.49 -3507.51 5283.26 1 1
5487.79 8354.61 3595.91 10623.4 -1 2
2421.23 960.763 789.996 2724.1 1 2
