event 0
3113.04 10263.4 -20526.5 23365.8
-4900.8 -958.92 -798.584 5930.12
2170.69 5085.96 -7523.1 9337.41 1 1
942.355 5177.49 -13003.4 14028.4 -1 1
-3596.07 768.967 -214.807 3685.15 -1 2
-1304.73 -1727.89 -583.777 2244.97 1 2
event 1
227.908 -4194.14 -15775.8 16616.6
10576.7 2977.79 -5692.54 12756.5
1638.31 -2707.06 -9665.29 10170.6 -1 1
-1410.4 -1487.08 -6110.56 6445.98 1 1
5862.75 2925.82 -2290.17 6941.78 -1 2
4713.95 51.9686 -3402.36 5814.74 1 2
event 2
12416.6 -18927.1 20959.4 31004.7
-4727.38 -4669.91 16298.4 17871.4
-3308.98 -1650.75 6031.45 7075.58 1 2
4789.84 -9108.79 11098.5 15136.1 -1 1
-1418.4 -3019.16 10267 10795.8 -1 2
7626.73 -9818.29 9860.84 15868.6 1 1
event 3
-17893.8 2469.26 -22124.7 28729.4
-4639.47 5560.13 -3660.39 8685.01
-13863.7 2611.51 -18782.5 23490.7 1 1
-4030.14 -142.252 -3342.23 5238.7 -1 1
-815.896 2168.06 -2562.58 3456.03 -1 2
-3823.58 3392.07 -1097.81 5228.98 1 2
event 4
4236.46 2783.14 -2116.31 6305.65
4949.37 10301.3 -16418.6 20242.9
2989.73 494.027 -2115.04 3696.91 -1 1
1246.72 2289.11 -1.26647 2608.74 1 1
4383.8 5651.07 -10111.5 12385.8 1 2
565.566 4650.23 -6307.08 7857.16 -1 2
event 5
5659.27 -5081.3 4573.64 9399.8
8112.73 -3313.34 -32383.6 33691
4074.55 -1165.57 -10296.5 11135.1 1 2
3126.81 -857.238 1356.25 3516.02 -1 1
2532.46 -4224.07 3217.39 5883.78 1 1
4038.18 -2147.77 -22087.1 22555.9 -1 2
event 6
11272.4 -7042.59 63634.4 65081.4
-2437.6 -5260.77 -17986.8 19254.2
6676.36 -5208.93 34142.1 35176.7 1 1
4596.03 -1833.66 29492.3 29904.7 -1 1
-3162.03 -3058.65 -13558.2 14254.5 -1 2
724.429 -2202.12 -4428.55 4999.74 1 2
event 7
5637.43 -2531.21 -19710.2 20887.1
-7760.5 3028.68 42392.9 43314.5
-4132.66 32.1262 17619 18097.5 -1 2
1196.16 -1758.46 -9327.66 9567.63 1 1
-3627.84 2996.56 24773.9 25217 1 2
4441.27 -772.749 -10382.5 11319.4 -1 1
event 8
2290.32 8137.35 -12580.8 15470.2
5970.44 -3393.94 663.489 7562.79
2657.21 3877.45 -6020.2 7638.68 -1 1
-366.895 4259.9 -6560.56 7831.57 1 1
3622.25 -1829.36 -1134.95 4215.04 -1 2
2348.18 -1564.59 1798.44 3347.75 1 2
