event 0
-3485.18 -12444.8 1232.14 13346.5
-4594.36 -1851.81 3231.67 6676.22
-3272.01 -100.859 3044.17 4471.5 1 2
283.121 -4241.66 163.097 4255.53 -1 1
-1322.36 -1750.95 187.498 2204.72 -1 2
-3768.3 -8203.11 1069.04 9090.93 1 1
event 1
-2731.32 8387.47 -27106.5 28673.4
-8688.07 5049.32 -1195.95 10582.9
-2546.73 3882.31 -16651.5 17287.1 1 1
-184.592 4505.16 -10454.9 11386.3 -1 1
-4637.25 2324.98 -2134.92 5610.59 -1 2
-4050.81 2724.34 938.972 4972.32 1 2
event 2
10054.5 5698.98 -21656.6 24742.1
-1952.17 -9852.6 8966.16 13815.5
539.536 -5022.6 4769.15 6947.92 -1 2
2366.46 -23.8762 -4733.52 5293.21 -1 1
7688 5722.86 -16923.1 19448.9 1 1
-2491.7 -4830 4197.01 6867.58 1 2
event 3
-7493.93 2704.27 8586.76 12115.9
-4962.23 -6159.53 -5058.12 9886.33
-4638.2 -3547.32 -3794.39 6964.55 1 2
-2534.17 2452.43 4234.58 5511.74 1 1
-324.024 -2612.2 -1263.73 2921.78 -1 2
-4959.76 251.838 4352.18 6604.18 -1 1
event 4
180.484 8875.36 22265.9 24169.5
375.809 -7278.47 -3183.34 8534.72
509.399 -3979.05 -3348.95 5226.75 1 2
1560.44 4216.45 11880.4 12703.1 -1 1
-133.59 -3299.42 165.607 3307.97 -1 2
-1379.95 4658.92 10385.4 11466.4 1 1
event 5
8624.88 562.721 -9486.83 13202.1
-5936.99 -1584.9 -3542.76 7739.59
4300.88 1727.44 -4034.47 6145.71 1 1
4324 -1164.72 -5452.36 7056.41 -1 1
-3095.84 -1719.31 -508.194 3579.06 -1 2
-2841.15 134.411 -3034.57 4160.52 1 2
event 6
-3614.34 3693.52 -27310.2 27966.9
3430.29 -16226.7 4354.3 17424.8
-3095.39 976.67 -13973.3 14345.7 -1 1
-518.945 2716.85 -13336.9 13621.1 1 1
3247.77 -8801.06 3166.69 9901.8 -1 2
182.516 -7425.68 1187.61 7523.01 1 2
event 7
1395.34 9613.68 4859.48 11294.9
13434.5 -9174.33 15194.4 22474.7
4008.01 -3956.58 3813.08 6802.16 -1 2
1846.96 2840.76 1930.97 3901.41 -1 1
9426.45 -5217.75 11381.3 15672.5 1 2
-451.623 6772.93 2928.51 7393.5 1 1
event 8
1321.11 8288.24 -4338.26 9942.4
8139.29 -10060.9 5917.54 14562.9
5303.21 -8615.64 4653.46 11136.4 1 2
703.347 4036.74 -408.758 4119.25 1 1
2836.08 -1445.3 1264.09 3426.56 -1 2
617.758 4251.5 -3929.5 5823.15 -1 1
event 9
-1967.4 -5123.02 6238.95 8867.44
10567.8 10131.8 -1068.66 15002.2
2930.57 1109.52 -418.302 3163.14 -1 2
-1942.01 -1018.7 2154.56 3076.11 -1 1
7637.23 9022.27 -650.354 11839 1 2
-25.3905 -4104.32 4084.38 5791.32 1 1
event 10
8107 1233.59 -19661.4 21526.9
5572.45 1976.74 -9046.72 11242.5
3533.78 2510.25 -4604.74 6324.86 1 2
3928.31 764.214 -13388.8 13974.5 1 1
2038.67 -533.514 -4441.98 4917.64 -1 2
4178.69 469.373 -6272.62 7552.4 -1 1
