event 0
-2029.41 12225.8 -2153.41 12954.4
1779.17 -6921.53 -2943.07 8326.18
2059.05 -2329.3 -1762 3575.07 -1 2
-378.552 2556.76 -1775.73 3137.63 1 1
-1650.86 9669.02 -377.68 9816.78 -1 1
-279.886 -4592.24 -1181.07 4751.11 1 2
event 1
3796 8679.16 1760.78 10120.7
-6040.35 4344.91 5170.77 9575.6
-5114.97 2364.25 2621.9 6215.96 -1 2
977.228 3325.63 2110.23 4059.43 -1 1
2818.77 5353.53 -349.445 6061.27 1 1
-925.384 1980.66 2548.86 3359.65 1 2
event 2
5470.73 459.315 -3398.59 7160.94
10834.1 -25925.4 -104592 108345
3259.11 1549.25 -2928.78 4648.76 1 1
2211.61 -1089.94 -469.801 2512.18 -1 1
8076.18 -21841.3 -83690.5 86869.9 -1 2
2757.96 -4084.11 -20901.7 21475.1 1 2
event 3
6190.31 -4002.31 -636.784 8020.92
-2263.88 7220.47 7950.97 11404.8
-2574.65 3121.9 4307.34 5910.96 1 2
1743.34 -2063.79 -1500.9 3092.3 -1 1
4446.97 -1938.52 864.119 4928.62 1 1
310.773 4098.58 3643.62 5493.82 -1 2
event 4
8705.27 11271.2 -7796.33 16528.6
6182.43 -5016.23 19883.3 21640.8
6202.68 8293.17 -7147.23 12583.5 1 1
2502.59 2977.99 -649.1 3945.11 -1 1
3097.87 -1125.38 10751.2 11245.6 -1 2
3084.56 -3890.85 9132.13 10395.2 1 2
event 5
-2099.35 -6088.85 -18237.1 19587.3
4080.17 11587.9 2410.99 12896.9
-285.552 -4373.3 -13977.8 14649.1 1 1
-1813.8 -1715.55 -4259.28 4938.18 -1 1
1935.51 7016.08 -48.1185 7279.08 1 2
2144.66 4571.81 2459.11 5617.77 -1 2
event 6
-1966.7 -3764.65 -3305.56 6209.52
-7043.53 12467.8 -12998.2 19585.7
-31.1322 -3211.48 -1719.3 3644.41 -1 1
-1935.57 -553.176 -1586.25 2565.11 1 1
-5280.72 8864.5 -7400.09 12697.9 1 2
-1762.81 3603.3 -5598.13 6887.78 -1 2
event 7
3628.4 2633.17 -11729.3 12933.1
-416.077 16474.6 20903.3 26797.8
1505.08 2816.13 -5656.65 6496.51 -1 1
2123.32 -182.951 -6072.64 6436.63 1 1
992.387 12488.5 16044.1 20356.1 -1 2
-1408.46 3986.09 4859.2 6441.72 1 2
