event 0
4966.65 9978.85 7928.65 14025
-7405.81 578.665 -6394.69 10279.3
2126.8 6941.09 3933.83 8257.61 1 1
2839.85 3037.77 3994.82 5767.36 -1 1
-3483.89 -1215.2 -2423.25 4415.6 -1 2
-3921.92 1793.86 -3971.44 5863.69 1 2
event 1
-7664.39 6572.78 8352.02 13464.5
-5458.27 4129.07 27302.3 28316.9
-4349.84 5223.48 4239.67 8011.98 1 1
-3314.55 1349.3 4112.35 5452.47 -1 1
-1600.16 2849.21 15270.6 15616.7 -1 2
-3858.1 1279.85 12031.7 12700.2 1 2
event 2
2914.9 -5734.03 6753.04 9827.06
-7127.19 -7949.91 -26273 28528.2
434.069 -3608.74 4792.01 6015.47 1 1
2480.83 -2125.29 1961.03 3811.59 -1 1
-2846.67 -5443.35 -15186.1 16381.8 -1 2
-4280.51 -2506.57 -11086.9 12146.4 1 2
event 3
-11055.4 -1613.77 -32328.9 34345
-2235.7 3892.07 -24672.3 25267.7
-55.3825 3114.86 -13098.2 13464 1 2
-4835.82 -2020.79 -12361.6 13427.2 1 1
-2180.32 777.211 -11574 11803.7 -1 2
-6219.59 407.012 -19967.3 20917.8 -1 1
event 4
-5100.78 658.805 4233.27 7345.95
-9984.5 -1482.5 8261.18 13406.1
-2786.3 1121.86 3954.26 4966.83 -1 1
-2314.48 -463.05 279.012 2379.13 1 1
-5703.42 239.204 3155.25 6523.26 1 2
-4281.08 -1721.7 5105.93 6882.85 -1 2
event 5
-5976.33 -1414.8 -5827.7 9015.06
-11849.9 -6314.66 -26844.8 30175
-3513.33 -632.313 -8871.47 9563.34 -1 2
-1772.76 -1947.45 -2084.52 3360.3 1 1
-8336.6 -5682.34 -17973.4 20611.7 1 2
-4203.57 532.65 -3743.17 5654.75 -1 1
event 6
6396.85 -8266.44 18057 21092.6
3763.27 5107.84 19453.7 20695.2
4493.46 -3398.49 8476.53 10178.6 1 1
1903.39 -4867.95 9580.48 10914.1 -1 1
2246.88 3385.19 16264.4 16764.5 -1 2
1516.39 1722.65 3189.33 3930.64 1 2
event 7
-4815.32 -3028.16 -24170.8 25023.5
8133.16 2449.57 -3039.92 9538.37
-2117.64 -3119.33 -13662.3 14173.4 1 1
-2697.68 91.1716 -10508.5 10850.1 -1 1
3936.48 2759.32 -1960.71 5192.8 -1 2
4196.68 -309.742 -1079.21 4345.57 1 2
