event 0
-2111.56 -9634.1 1962.86 10522.3
343.096 -8329.14 25931.3 27413.8
845.023 -5711.96 21304.5 22073.4 -1 2
-1901.76 -2866.86 -101.135 3443.4 -1 1
-209.799 -6767.23 2064 7078.89 1 1
-501.927 -2617.18 4626.76 5340.38 1 2
event 1
-2225.16 3808.55 3300.46 6319.84
-9528.18 -2540.52 -26734.6 28663.1
-2491.93 1732.48 975.451 3189.65 -1 1
266.77 2076.07 2325.01 3130.19 1 1
-5225.42 -2175.29 -11349.1 12682.7 1 2
-4302.75 -365.233 -15385.5 15980.3 -1 2
event 2
-8583.63 -4867.07 -22269.7 24554
-2692.26 -3977.8 21802.1 22538.8
-4329.16 -3842.33 -14859 15947 -1 1
-4254.48 -1024.74 -7410.7 8606.99 1 1
-2656.13 -1415.58 9271.73 9748.59 -1 2
-36.1312 -2562.22 12530.4 12790.2 1 2
event 3
-5889.87 -2767.67 24702.4 25732.3
-4183.77 9526.13 -29487.8 31422.4
-679.551 4133.82 -8596.71 9563.73 1 2
-1110.89 -1664.71 10930.7 11112.9 -1 1
-3504.21 5392.32 -20891.1 21858.7 -1 2
-4778.98 -1102.97 13771.7 14619.4 1 1
event 4
5417.91 -5712.65 -15681.3 17818
6727.09 5020.56 19399.4 21363.2
3147.36 -2898.22 -5228.22 6756.56 1 1
2270.55 -2814.43 -10453.1 11061.4 -1 1
4996.83 3263.89 16550.1 17593.7 -1 2
1730.26 1756.67 2849.33 3769.55 1 2
event 5
9240.78 1639.76 5852.29 11485.7
7362.3 -2049.67 -4451.57 9370.8
3355.91 549.478 -2445.04 4189.69 1 2
2765.01 995.698 347.078 2961.13 -1 1
6475.77 644.061 5505.21 8524.61 1 1
4006.38 -2599.15 -2006.53 5181.12 -1 2
event 6
-6497.88 -3732.22 -29809.5 30892.5
10966.8 1661.67 5261.01 12661
-3763.84 -2099.63 -22642 23048.8 1 1
-2734.04 -1632.59 -7167.45 7843.71 -1 1
5673.42 1312.86 1121.31 5931.26 -1 2
5293.38 348.812 4139.71 6729.77 1 2
