event 0
5393.42 276.441 519.357 6247.05
3672.57 -8162.15 14674.5 17465.4
3134.61 -287.396 -1179.41 3363.12 -1 1
2258.81 563.837 1698.77 2883.94 1 1
1152.57 -4761.78 10138 11260.3 1 2
2520 -3400.37 4536.41 6205.08 -1 2
event 1
9923.38 -2390.58 1140.4 10727.5
4039.79 6595.98 -30288.5 31413.5
1358.71 4944 -17007.1 17763.5 1 2
4548.21 -2669.66 777.276 5331.85 -1 1
2681.07 1651.98 -13281.4 13650.1 -1 2
5375.17 279.077 363.128 5395.68 1 1
event 2
-5304.2 -1633.9 5490.64 8398.95
7823.95 1768.16 8494.4 12086.6
-4016.18 137.053 4366.64 5935.25 -1 1
-1288.01 -1770.95 1124.01 2463.7 1 1
3791.98 1525.66 2301.13 4691.81 -1 2
4031.98 242.495 6193.27 7394.82 1 2
event 3
2579.37 -6511.83 4580.29 8923.39
13045.8 1574.41 22612.4 26336
692.547 -3535.4 3940.43 5340.11 -1 1
1886.83 -2976.43 639.86 3583.27 1 1
7000.57 -376.924 13712.2 15400.8 -1 2
6045.22 1951.33 8900.26 10935.2 1 2
event 4
-6731.33 1078.3 -5023.8 9016.83
-8598.04 -2385.73 18459.1 20735.1
-3602.9 328.745 -4468.71 5750.61 -1 1
-3128.43 749.56 -555.089 3266.22 1 1
-4541.54 -2342.5 7757.06 9289.57 1 2
-4056.5 -43.2289 10702 11445.6 -1 2
event 5
1543.67 -7235.54 11115.9 13707.3
3669.61 -6610.92 3625.2 8938.87
2290.4 -2124.92 209.106 3133.07 1 2
1687.5 -1459.5 3378.18 4049.82 1 1
-143.834 -5776.04 7737.69 9657.45 -1 1
1379.21 -4486 3416.1 5805.8 -1 2
