event 0
-3438.16 -3038.51 24260 24883.5
385.448 9576.22 -2589.71 10399.6
-3072.7 -733.727 15381 15702.4 -1 1
-365.455 -2304.78 8878.97 9181.12 1 1
1297.39 5252.58 -2543.28 5979.32 -1 2
-911.941 4323.65 -46.4299 4420.28 1 2
event 1
558.801 -5318.82 -8475.48 10489.6
-11802.6 -12657.9 22727.8 28734.4
1712.93 -3220.59 -4013.95 5424.88 1 1
-1154.13 -2098.23 -4461.53 5064.68 -1 1
-8162.95 -8300.91 17481.5 21003.6 -1 2
-3639.66 -4356.97 5246.33 7730.81 1 2
event 2
-10202.3 804.784 -3905.88 11383.3
1069.49 7037.86 28862 29887.8
-6415.91 19.8149 -3911.55 7515.03 -1 1
-3786.36 784.969 5.6662 3868.32 1 1
-1064.92 1849.45 7152.09 7464.45 -1 2
2134.41 5188.41 21709.9 22423.3 1 2
event 3
-2693.99 -10387.4 111.314 11169.5
1423.1 -5643.71 -5273.04 8442.29
-2501.57 -5387.38 1167.68 6054.45 -1 1
-192.418 -5000 -1056.37 5115.09 1 1
1065.04 -2875.62 -803.557 3171.81 -1 2
358.066 -2768.08 -4469.49 5270.48 1 2
event 4
-2181.71 6203.71 -3367.85 8011.18
17452.3 3649.53 5736.42 18984.2
-2840.32 3815.68 -2563.22 5404.45 -1 1
658.61 2388.02 -804.624 2606.72 1 1
9406.34 2668.29 1686.05 9922.34 -1 2
8045.98 981.239 4050.37 9061.86 1 2
event 5
-6438.62 4410.88 -20169.6 21847.5
9295.21 -5690.43 26719.2 29022.2
-3170.83 3470.68 -8769.18 9950.35 1 1
-3267.79 940.199 -11400.4 11897.1 -1 1
6709.36 -4330.87 22611.3 23980.3 -1 2
2585.85 -1359.56 4107.93 5041.95 1 2
event 6
4161.53 5218.65 8063.1 10915.9
-6383.78 4061 -33243.5 34234
-3663.92 615.917 -17457.2 17848.5 1 2
1340.16 1697.72 692.885 2273.66 1 1
2821.37 3520.93 7370.21 8642.24 -1 1
-2719.86 3445.09 -15786.3 16385.5 -1 2
event 7
1772.57 11661.1 2591.58 12467.3
8776.26 -4555.81 28483.8 30310
5513.42 -1162.22 16389.7 17331.5 -1 2
2271.39 4764 1084.77 5389.13 1 1
-498.816 6897.13 1506.81 7078.19 -1 1
3262.84 -3393.58 12094.2 12978.5 1 2
event 8
-7901.96 722.262 -191.328 8519.97
57.4618 7956.52 -30975.5 32130.7
-3926.73 1867.24 -456.742 4373.28 -1 1
-3975.23 -1144.98 265.414 4146.69 1 1
597.275 5763.6 -26380.8 27009.9 -1 2
-539.814 2192.92 -4594.61 5120.73 1 2
event 9
-4807.98 -4693.8 -24850.2 25928.2
6743.52 4994.4 1122.64 9015
3451.08 1729.97 1914.29 4310.27 1 2
-1071.88 -3194.9 -11386.5 11875.2 1 1
3292.44 3264.43 -791.652 4704.74 -1 2
-3736.1 -1498.9 -13463.7 14053 -1 1
event 10
1322.34 8505.3 -3420.44 9765.95
2277.48 7382.51 25568.9 26889.6
3030.81 5489.08 18659.5 19685.1 1 2
-576.082 4081.63 -549.121 4159.84 1 1
-753.335 1893.43 6909.42 7204.43 -1 2
1898.42 4423.66 -2871.32 5606.11 -1 1
event 11
8468.4 -4322.3 24393.7 26363.6
4233.45 -2968.49 10354.6 11981
4098.35 -3757.15 14624.8 15646.4 1 1
4370.05 -565.154 9768.92 10717.3 -1 1
2123.31 -3228.52 7258.98 8224.1 -1 2
2110.14 260.033 3095.66 3756.94 1 2
event 12
-4854.86 -2335.67 1727.15 6449.74
-7826.56 10377.4 30273.3 33090.9
-3846.26 -288.238 609.945 3906.41 -1 1
-1008.6 -2047.43 1117.2 2543.34 1 1
-5375.43 4711.14 17490.8 18895.2 -1 2
-2451.13 5666.24 12782.5 14195.7 1 2
event 13
10284.4 264.347 2968.44 11146.4
-3963.34 -4077.7 4026.87 7625.11
6264.52 1615.18 1374.12 6614.56 1 1
4019.88 -1350.84 1594.32 4531.8 -1 1
-1988.68 -2855.2 675.103 3545.98 -1 2
-1974.66 -1222.5 3351.76 4079.13 1 2
event 14
-1094.58 -7830.97 5691.49 10222.8
-1075.86 -7236.81 -31166.3 32163
-839.95 -4016.24 1104.5 4250.51 -1 1
-254.628 -3814.73 4586.99 5972.32 1 1
241.469 -4949.12 -24419.2 24917 -1 2
-1317.33 -2287.69 -6747.13 7245.95 1 2
event 15
7634.94 3117.07 -1049.48 8871.34
834.143 4989.07 -8002.77 9960.79
1757.55 3136.82 -3572.41 5069.71 1 2
4156.93 543.652 -1640.94 4503.28 -1 1
-923.407 1852.25 -4430.36 4891.09 -1 2
3478.01 2573.42 591.465 4368.07 1 1
event 16
4814.57 9007.57 -4483.81 11576.4
7747.72 10903 -28675.3 31792.6
4562.17 3805.06 -11916.9 13316 -1 2
2146.65 2875.93 -3107.77 4748.53 1 1
3185.55 7097.96 -16758.4 18476.6 1 2
2667.92 6131.63 -1376.04 6827.84 -1 1
event 17
4059.21 4344.97 -583.862 6729.59
-7479.51 6509.83 3345.82 10913.6
2154.05 3116.53 -1754.2 4176.25 1 1
1905.16 1228.44 1170.33 2553.34 -1 1
-2926.71 4582.99 1594.08 5667.6 -1 2
-4552.8 1926.85 1751.74 5246 1 2
event 18
2241.88 5997.95 30276.7 31101
-3471.87 -5388.58 -27731.7 28630.9
-129.726 4002.53 17673.2 18121.6 -1 1
2371.6 1995.42 12603.5 12979.4 1 1
-1289.51 -4105.89 -21034.2 21470.2 -1 2
-2182.36 -1282.69 -6697.48 7160.68 1 2
event 19
-3955.27 5384.51 -23506.8 24633.3
2830.85 10586.5 -18128.1 21408.1
-1623.81 3766.98 -9611.7 10451 -1 1
-2331.46 1617.53 -13895.1 14182.3 1 1
1940.27 6425.62 -8140.96 10551.8 -1 2
890.58 4160.85 -9987.1 10856.3 1 2
event 20
3425.39 4465.81 -899.407 6486.63
3552.28 9387.62 -47222.4 48376.6
1061.59 3248 -1539.82 3749.49 -1 1
2363.8 1217.81 640.416 2737.14 1 1
638.345 5559.6 -22123 22820 -1 2
2913.93 3828.02 -25099.5 25556.6 1 2
event 21
-6445.43 -4104.68 15127.7 17228.8
-7995.11 -2260.7 46565.1 47401.8
-3040.06 661.356 16608.1 16897.3 -1 2
-1218.56 -2451.48 5652.44 6281.39 -1 1
-4955.05 -2922.06 29957 30504.5 1 2
-5226.86 -1653.19 9475.31 10947.4 1 1
event 22
6932.5 1096.48 14642.8 16530.8
-4100.47 7467.18 1026.83 9122.37
-410.165 3671.1 994.817 3827.01 1 2
2378.11 1866.86 5137.76 5962.24 -1 1
-3690.31 3796.08 32.0149 5295.35 -1 2
4554.39 -770.38 9505.07 10568.5 1 1
event 23
5168.08 3203.46 -33351 34041.9
-7519.15 -2932.83 -1050.38 8708.24
-3339.58 -929.93 -1960.26 3983.88 -1 2
622.077 2015.73 -11284.7 11480.7 -1 1
4546 1187.72 -22066.3 22561.2 1 1
-4179.57 -2002.9 909.886 4724.35 1 2
event 24
789.784 11481.2 -37415.9 39268.1
853.157 9978.1 15077.2 18363.1
1567.65 3999.14 7909.04 9000.82 1 2
251.467 3886.22 -17903.8 18322.7 1 1
538.316 7595.03 -19512.1 20945.4 -1 1
-714.494 5978.96 7168.21 9362.31 -1 2
event 25
-7076.01 2748.47 4493.18 9348.96
-2711.98 8433.34 6452.14 11388.5
-4664.5 573.372 1508.42 4936.88 -1 1
-2411.51 2175.1 2984.76 4412.08 1 1
-1143.21 5629.25 2426.13 6236.4 -1 2
-1568.77 2804.09 4026 5152.07 1 2
event 26
-3321.19 -6857.55 1502.62 8360.99
-8613.5 2212.61 -16119.7 18668.7
-3801.45 1169.37 -4270.08 5836.37 -1 2
-2106.37 -1282.1 878.05 2619.68 -1 1
-1214.82 -5575.45 624.568 5741.31 1 1
-4812.05 1043.24 -11849.6 12832.3 1 2
event 27
-6393.72 -5529.33 -22337.5 24083.3
5257.46 6887.34 5630.05 10787.2
3016.19 1652.69 1508.39 3757.02 1 2
-1852.51 -1817.51 -3532.22 4384.39 1 1
-4541.2 -3711.82 -18805.2 19698.9 -1 1
2241.27 5234.65 4121.66 7030.23 -1 2
event 28
-5911.74 -5535.77 34675.6 35743.3
-7907.79 -7238.1 -11573.4 16076.6
-2693.14 -3445.69 -2821.87 5205.76 1 2
-2271.25 -3067.73 10549.1 11218.9 1 1
-5214.65 -3792.4 -8751.49 10870.8 -1 2
-3640.49 -2468.04 24126.6 24524.4 -1 1
event 29
-5280.58 6242.9 -6642.63 10980.6
1968.75 9932.53 -5689.82 12020.6
2569.79 6721.98 -4738.17 8616.85 1 2
-1280.23 3746.96 -3708.42 5426.07 -1 1
-601.036 3210.55 -951.658 3403.78 -1 2
-4000.35 2495.94 -2934.21 5554.57 1 1
event 30
-3576.96 7200.7 13781.2 16252.9
5573.07 5075.18 -3388.07 8825.32
3277.13 4136.58 -983.88 5369.36 1 2
-1354.16 3436.16 9226 9938.37 1 1
2295.95 938.598 -2404.19 3455.96 -1 2
-2222.8 3764.54 4555.21 6314.56 -1 1
event 31
2249.43 -4327.96 28707 29282.7
-19789.3 -10286.9 18277.4 29001.6
267.34 -3602.11 19916.3 20241.5 1 1
1982.09 -725.851 8790.7 9041.19 -1 1
-9938.54 -6848.57 10293.9 15863.6 1 2
-9850.8 -3438.37 7983.44 13138 -1 2
event 32
-2462.79 -3888.07 20878.5 21602.9
-5382.19 13869.4 -5141.65 16042.3
-2609.17 -1747.05 15418.5 15735.4 -1 1
146.377 -2141.02 5459.93 5867.48 1 1
-2402.64 9773.67 -4111.76 10872.7 -1 2
-2979.55 4095.77 -1029.9 5169.61 1 2
event 33
-8537.85 1953.17 3301.72 9859.21
9066.36 1660.61 3817.66 10446.1
-4837.84 -450.176 2025.42 5265.06 -1 1
-3700.01 2403.34 1276.3 4594.15 1 1
5106.72 -249.79 3128.02 5994.72 -1 2
3959.65 1910.4 689.641 4451.43 1 2
event 34
450.963 14370 -40912.4 43475.5
-8528.8 -4321.71 -11912 15585.4
-3086 -2315.19 -6956.25 7955.13 1 2
-88.5097 3393.67 -13987.9 14394.4 -1 1
539.472 10976.3 -26924.5 29081.1 1 1
-5442.8 -2006.51 -4955.75 7630.25 -1 2
event 35
-5765.6 -39.7626 19008.8 20104
24.3387 8676.5 -14417 17109.1
-3134 1143.84 7031.88 7783.89 -1 1
-2631.6 -1183.6 11976.9 12320.1 1 1
1163.6 4365.04 -5340.07 6995.36 1 2
-1139.27 4311.46 -9076.9 10113.7 -1 2
event 36
-811.912 6528.93 1354.77 7396.81
9020.85 2370.76 10090 14085.3
4033.93 711.643 2333.95 4715.67 1 2
-1020.22 2087.06 1780 2928.52 -1 1
4986.92 1659.11 7756.05 9369.6 -1 2
208.303 4441.88 -425.231 4468.3 1 1
event 37
-7714.26 -6959.85 10694.1 15228.4
-6861.81 -3738.86 34103.3 35123.9
-3066.62 -1982.38 9708.72 10373.3 1 2
-1888.85 -2052.07 4968.29 5698.58 1 1
-5825.42 -4907.77 5725.81 9529.84 -1 1
-3795.19 -1756.48 24394.5 24750.6 -1 2
event 38
5329.38 -10328.5 20286.5 23584.1
-3011.74 -6049.01 -28600.3 29550.4
-409.607 -3598.46 -18066.2 18426 1 2
3659.11 -4295.82 7946.21 9746.62 -1 1
-2602.13 -2450.55 -10534 11124.5 -1 2
1670.27 -6032.68 12340.3 13837.5 1 1
event 39
-2302.89 -5509.8 -2503.01 7177.58
8811.69 -5686.09 48795.9 50006.1
-399.403 -3802.41 -363.827 3842.06 1 1
-1903.49 -1707.39 -2139.18 3335.52 -1 1
4385.78 -3143.86 18065.3 18854.3 1 2
4425.92 -2542.23 30730.6 31151.8 -1 2
event 40
-4756.89 -5544.6 -12088.1 14459.7
3867.16 7412.33 -118.493 8916.44
-2554.42 -3392.83 -4125.14 5921.51 -1 1
-2202.48 -2151.77 -7962.93 8538.17 1 1
3714.12 4346.57 -789.764 5772.54 -1 2
153.047 3065.76 671.271 3143.89 1 2
event 41
-2237.38 4652.95 7259.26 9430.99
5961.2 -7249.49 -15831.7 18663.4
-2125.72 2636.63 2355.77 4126.9 1 1
-111.659 2016.33 4903.49 5304.09 -1 1
3087.58 -3957.96 -5510.02 7454.53 1 2
2873.62 -3291.53 -10321.6 11208.9 -1 2
event 42
4938.69 -10401.3 9700.93 15371.3
7591.68 -575.036 -14242.2 16443.7
5734.11 -1664.7 -9308.56 11059.5 -1 2
3695.93 -4214.58 4800.82 7381.16 1 1
1242.76 -6186.68 4900.1 7990.1 -1 1
1857.57 1089.66 -4933.61 5384.2 1 2
event 43
-2538.68 -6969.71 1059.83 8107.76
10131.9 1240 28643.7 30565.4
4178.81 1116.51 16234.9 16801.6 -1 2
-156.112 -2873.46 1669.78 3328.74 -1 1
5953.12 123.484 12408.8 13763.9 1 2
-2382.57 -4096.25 -609.952 4779.03 1 1
event 44
6064.66 6096.61 -3283.97 9711.91
2547.5 7997.9 -1239.64 9032.38
1849.16 5115.23 702.604 5485.42 -1 2
3417.52 1318.13 -1078.58 3819.87 -1 1
2647.14 4778.48 -2205.38 5892.04 1 1
698.336 2882.67 -1942.25 3546.96 1 2
event 45
-1553.67 -5311.94 -3957.22 7475.37
200.668 -9836.4 6581.76 12235.4
-1520.51 -2951.43 -3884.55 5111.14 -1 1
-33.1634 -2360.52 -72.6735 2364.23 1 1
118.747 -5291.39 5345.95 7523.51 -1 2
81.9216 -4545.01 1235.82 4711.93 1 2
event 46
-2915.18 7764.02 14015.8 16697.6
-5893.13 -5646.45 12474.4 15225.4
-3299.09 -1287.96 3955.62 5310.45 -1 2
-1794.63 1951.46 2070.56 3365.6 1 1
-1120.55 5812.55 11945.3 13332 -1 1
-2594.04 -4358.49 8518.75 9914.93 1 2
event 47
4457.87 -5447.23 -16267.2 17993.3
-745.802 -7653.01 4067.26 9233.51
-163.801 -3048.03 -10.387 3054.28 -1 2
1895.92 -2040.55 -10224.9 10598 1 1
-582.001 -4604.98 4077.65 6179.23 1 2
2561.95 -3406.68 -6042.37 7395.29 -1 1
event 48
642.604 10971 13738.7 17863.9
247.063 8246.79 -4399.17 9849.57
-769.377 6521.3 -2331.02 6968.79 -1 2
-837.986 3391.05 2826.11 4494.39 -1 1
1480.59 7579.93 10912.6 13369.5 1 1
1016.44 1725.49 -2068.16 2880.78 1 2
event 49
-3115.36 -7372.67 -31190 32349.2
-4502.07 8617.54 22038.9 24286.5
-2094.33 3791.32 6277.31 7627.33 -1 2
502.173 -2034.47 -6470.43 6802.13 1 1
-3617.53 -5338.2 -24719.6 25547 -1 1
-2407.74 4826.21 15761.6 16659.2 1 2
event 50
-7642.26 1443.83 10489.5 13420.5
-5623.95 10324.9 4393.25 12927.6
-3083.44 3252.72 2667.2 5216.6 1 2
-2096.99 -981.657 2871.07 3689.88 1 1
-2540.51 7072.15 1726.05 7711.02 -1 2
-5545.27 2425.49 7618.47 9730.64 -1 1
event 51
7505.21 6847.45 -13250.3 16981.6
-1716.4 -4466.23 6427.69 8590.67
4843.16 2616.52 -5690.41 7917.97 -1 1
2662.05 4230.93 -7559.88 9063.68 1 1
128.119 -3315.33 2721.29 4292.37 -1 2
-1844.52 -1150.9 3706.4 4298.3 1 2
