event 0
-5062.53 5489.41 -9719.44 12642
7411.33 -3691.71 2143.68 9096.24
-2000.62 4356.72 -6238.75 7868.71 1 1
-3061.91 1132.7 -3480.69 4773.33 -1 1
4458.34 -3799.31 1743.24 6112.41 -1 2
2952.99 107.597 400.441 2983.83 1 2
event 1
5925.7 -4390.19 -5003.19 9434.54
-3404 10763.3 30347.4 32526.8
-2187.72 4204.05 16302.7 16977.9 -1 2
2215.71 32.5829 -1560.36 2712.26 1 1
-1216.29 6559.21 14044.7 15548.9 1 2
3709.98 -4422.77 -3442.83 6722.29 -1 1
event 2
1949.63 -4898.26 4162.38 7396.64
-12300.6 13973.2 -31119.7 36394.7
-186.954 -3567.23 2135.98 4163.37 -1 1
2136.58 -1331.03 2026.4 3233.27 1 1
-6091.61 8432.32 -19509.7 22110 -1 2
-6208.95 5540.84 -11610 14284.8 1 2
event 3
-7017.34 -7592.25 30214 32083.7
-8332.53 -1345.2 5567.06 10574.7
-2529.56 -1831.14 1465.55 3451.19 -1 2
-1218.23 -2223.86 4318.61 5009.11 -1 1
-5799.11 -5368.39 25895.4 27074.6 1 1
-5802.97 485.932 4101.52 7123.49 1 2
event 4
4389.38 4511.33 1849.96 7254.78
13499.2 16200.4 33988.3 40118.3
3609.23 2046.09 139.206 4152.54 -1 1
780.146 2465.24 1710.75 3102.24 1 1
6316.7 9976.25 18679.8 22099.2 1 2
7182.48 6224.2 15308.5 18019.1 -1 2
event 5
-5097.96 -5377.87 -12599.9 14941.9
-1512.25 6323.23 -537.34 7492.91
-2669.43 4068.67 133.955 4869.19 1 2
-927.147 -3183.06 -5176.74 6148.27 1 1
1157.18 2254.56 -671.295 2623.72 -1 2
-4170.81 -2194.81 -7423.15 8793.58 -1 1
event 6
-8894.32 -5495.09 -25393.7 27635.8
-2440.48 -4717.65 -2460.48 6622.48
-2923.39 -2415.21 -1505.95 4081.48 1 2
-5235.88 -1446.05 -11993.5 13166.6 -1 1
482.911 -2302.43 -954.525 2541 -1 2
-3658.44 -4049.04 -13400.2 14469.1 1 1
event 7
-17560.1 -3409.47 30942.1 35930.2
7544.55 -5116.25 38974.3 40145.8
4741.67 -4693.78 24281.9 25182.1 -1 2
-5479.86 -1588.3 6833.88 8903.07 1 1
-12080.2 -1821.17 24108.2 27027.1 -1 1
2802.87 -422.475 14692.4 14963.7 1 2
event 8
-386.417 8938.67 -1509.73 9587.44
10785.8 -2816.53 38172.9 39887.7
3797.14 -2505.86 13839.4 14568.4 -1 2
1336.82 3766.61 -355.157 4013.94 1 1
6988.65 -310.67 24333.5 25319.3 1 2
-1723.23 5172.06 -1154.58 5573.5 -1 1
