event 0
1087.51 5229.91 -1882.62 6455.23
-3317.9 -6242.48 -378.774 7727.35
-2396.34 -2250.66 942.214 3421.52 1 2
1724.68 1264.84 -876.556 2313.84 -1 1
-921.565 -3991.82 -1320.99 4305.82 -1 2
-637.174 3965.07 -1006.07 4141.39 1 1
event 1
6045.42 -3095.68 3895.12 8419.77
3460.78 9155.39 14875.9 18074.3
2682.97 3516.37 8050.15 9185.82 1 2
1193.78 -2079.09 1955.98 3095.93 -1 1
777.812 5639.02 6825.71 8888.48 -1 2
4851.64 -1016.59 1939.14 5323.84 1 1
event 2
5620.65 359.188 -21388 22332.9
8432.43 39.875 -2698.58 9379.79
3830.54 -1172.3 -220.569 4013.37 -1 2
1773.22 -1321.12 -6698.23 7054.58 1 1
4601.89 1212.18 -2478.01 5366.42 1 2
3847.43 1680.31 -14689.8 15278.3 -1 1
