event 0
-7575.32 3609.67 -27215.6 28647.8
-2639.76 6714.11 281.125 7856.01
-4665.62 924.769 -11599.8 12537.5 -1 1
-2909.7 2684.9 -15615.9 16110.3 1 1
124.804 3385.03 839.888 3491.5 -1 2
-2764.56 3329.08 -558.763 4364.51 1 2
event 1
-3163.62 -5541.16 31027.4 31827.7
-4936.34 -11987.7 48451.8 50251.7
-3386.78 -3394.02 24039 24512.7 -1 1
223.163 -2147.14 6988.36 7314.94 1 1
-2796.26 -7551.42 35313.5 36220.1 -1 2
-2140.07 -4436.24 13138.3 14031.6 1 2
event 2
18889.6 -8644.15 -37842.3 43280.1
-7196.47 6047.61 -7085.3 12171.9
-4567 2436.17 -5149.49 7302.11 1 2
5181.45 -3723.32 -10106.1 11952.2 1 1
-2629.47 3611.44 -1935.82 4869.82 -1 2
13708.2 -4920.83 -27736.2 31327.9 -1 1
event 3
-342.178 -8745.43 -3070.81 9778.57
4565.43 2524.02 -4295.74 7433.58
-1535 -4344.89 -2307.34 5154.54 1 1
1192.82 -4400.54 -763.476 4624.03 -1 1
2336.58 1984.35 -4112.76 5130.61 -1 2
2228.85 539.669 -182.985 2302.97 1 2
event 4
-4461.8 -1546.43 -4644.27 7311.58
11003.3 7400.09 -1688.81 13721.4
-2090.81 -2333.69 -2350.54 3918.39 1 1
-2370.99 787.255 -2293.74 3393.2 -1 1
5989.53 4642.82 496.956 7595.29 -1 2
5013.75 2757.26 -2185.77 6126.09 1 2
event 5
2571.77 12830 41928.1 44031.6
-4529.98 -4965.02 -23446.4 24586.5
-3223.45 -2920.3 -19271.4 19756.4 1 2
2252.5 3961.98 15178.5 15848.3 -1 1
-1306.53 -2044.71 -4175.03 4830.11 -1 2
319.271 8868.03 26749.6 28183.3 1 1
event 6
-4894.28 -7295.61 881.16 9356.66
2199.99 -4583.47 8046.85 10009.5
1909.1 -2367.95 2217.45 3765.65 1 2
-2746.68 -3112.27 1863.99 4551.5 1 1
290.888 -2215.52 5829.41 6243.9 -1 2
-2147.59 -4183.34 -982.828 4805.16 -1 1
