event 0
5613.11 -4267.45 -10509.1 13028.8
6415.21 -4424.82 -6527.24 10626.8
4117.11 -1246.02 -6409.92 7720.19 -1 1
1496 -3021.43 -4099.14 5308.59 1 1
3994.08 -2691.09 -2019.85 5223.56 -1 2
2421.13 -1733.72 -4507.39 5403.28 1 2
event 1
-2709.79 4284.85 -8094.65 10040.8
9085.39 2028.28 -12871 16183.7
-401.536 3287.41 -5535.41 6451.37 -1 1
-2308.26 997.435 -2559.24 3589.4 1 1
4925.73 -335.565 -7608.72 9070.79 -1 2
4159.66 2363.84 -5262.24 7112.86 1 2
event 2
-8664.44 -8529.59 -11070.3 16732.3
4537.74 5165.59 -4399.09 8730.26
-4033.84 -4691.96 -7552.32 9763.97 -1 1
-4630.61 -3837.63 -3518 6968.32 1 1
2250.21 2690.77 -4021.63 5337.45 -1 2
2287.53 2474.83 -377.457 3392.81 1 2
event 3
13961.9 203.09 -9297.17 17058.9
10512.7 -5929.47 2198.7 12653.1
9131.39 -4069.04 2522.93 10311 -1 2
3687.51 -305.722 -978.457 3828.8 1 1
10274.4 508.812 -8318.72 13230 -1 1
1381.3 -1860.43 -324.231 2342.1 1 2
event 4
-7356.4 1123.86 -1050.8 8128.66
2470.5 -8702.82 11658.9 15078.6
1385.77 -5767.24 9744.92 11408.6 1 2
-3515.42 -281.079 -1813.42 3966.97 -1 1
1084.73 -2935.58 1913.97 3669.98 -1 2
-3840.98 1404.94 762.615 4161.69 1 1
event 5
-1317 -9011.86 -24647.6 26458.2
5212.52 9958.24 21258.2 24245.4
508.751 -4712.05 -15134.1 15859.2 -1 1
-1825.75 -4299.81 -9513.49 10599 1 1
3209.06 8104.07 17953 19957.4 -1 2
2003.46 1854.17 3305.19 4288.04 1 2
event 6
3695.76 6711.84 6069.45 10253.6
-8212.48 1831.48 10954.5 14156
-3144.43 334.477 1955.34 3719.38 1 2
2214.58 1156.72 1575.03 2955.38 1 1
1481.18 5555.12 4494.42 7298.24 -1 1
-5068.05 1497.01 8999.18 10436.6 -1 2
event 7
-2602.11 3351.77 421.793 5270.11
-8788.79 -367.929 -18707.7 20903.3
-566.911 3144.25 114.774 3198.75 -1 1
-2035.2 207.523 307.02 2071.36 1 1
-4547.97 -1296.93 -12146.3 13035 -1 2
-4240.82 928.996 -6561.42 7868.35 1 2
event 8
3740.15 6299.63 36699.2 37551.2
4607.69 -5763.73 -43721.8 44448.2
1324.34 -4054.52 -21381.7 21803.2 1 2
545.755 3801.21 20069.3 20433.6 1 1
3283.36 -1709.21 -22340.1 22645 -1 2
3194.39 2498.41 16629.9 17117.6 -1 1
event 9
-4276.49 5604.45 14617.6 16521.6
10641.2 1921.08 -42504.3 43967.4
3371.61 1696.9 -18663.9 19042.1 -1 2
-2098.5 2236.07 9705.33 10178.8 1 1
7269.57 224.182 -23840.4 24925.3 1 2
-2177.99 3368.38 4912.24 6342.78 -1 1
event 10
4672.57 6661.42 38016.1 39000.2
-5495.1 -3162.1 -1756.94 7271.38
4073.73 3301.91 21000.4 21645.4 1 1
598.844 3359.51 17015.7 17354.8 -1 1
-1310.54 -2060.38 329.597 2466.26 -1 2
-4184.56 -1101.72 -2086.54 4805.11 1 2
event 11
3434.72 6855.95 3555.96 9002.22
1081.31 7423.45 13307.7 15587.3
962.165 4800.21 11181.7 12206.9 -1 2
2540.98 1895.3 865.897 3287.81 -1 1
893.736 4960.66 2690.06 5714.41 1 1
119.149 2623.24 2126.04 3380.36 1 2
event 12
6642.17 -6824.77 30203.1 31882.7
5968.38 3912.82 -1416.41 7907.55
4903.35 1657.94 -1561.08 5407.38 -1 2
2851.52 -2138.99 6381.96 7310.74 1 1
3790.65 -4685.78 23821.1 24572 -1 1
1065.03 2254.87 144.67 2500.17 1 2
