event 0
8737.51 -6386.49 48676.2 49961
-4174.44 2032.85 6765.8 8770.71
5578.94 -2571.53 31037.3 31639.5 -1 1
3158.57 -3814.96 17639 18321.4 1 1
-3032.57 -205.867 4108.5 5111.74 -1 2
-1141.87 2238.71 2657.3 3658.98 1 2
event 1
-1754.87 18662.3 7961.23 20599.3
4389.94 -1349.22 -14332.3 15365.5
-2460.13 11731.3 4352.6 12752.7 1 1
705.258 6930.97 3608.63 7846.6 -1 1
3083.77 282.8 -11019.6 11447 -1 2
1306.17 -1632.02 -3312.71 3918.51 1 2
event 2
-8958.71 2245.31 -31321.4 32801.2
-18136.3 -6284.79 -72685.4 75267.4
-5231.74 650.858 -12848.2 13888.2 -1 1
-3726.98 1594.45 -18473.1 18913 1 1
-16358.1 -4477.9 -64865.1 67045.7 -1 2
-1778.18 -1806.89 -7820.35 8221.67 1 2
event 3
-6446.47 2604.31 503.166 7627.76
4576.29 11186.4 30240.9 32713.7
-5191.61 943.157 1231.91 5419.51 1 1
-1254.86 1661.16 -728.741 2208.24 -1 1
1833.94 6391.6 20012.5 21088.6 -1 2
2742.34 4794.82 10228.4 11625.1 1 2
event 4
-11897.1 963.232 36965 38967.6
4797.48 3046.35 -1609.74 6669.21
-7576.11 -436.345 26349.3 27420.5 -1 1
-4321.03 1399.58 10615.7 11547 1 1
2247.5 2943.76 -109.048 3706.75 -1 2
2549.98 102.589 -1500.69 2962.46 1 2
event 5
-3547.84 7628.14 2266.73 9246.86
-5980.24 1006.95 8576.36 10950.9
-4159.77 -493.559 3959.26 5764.91 -1 2
-5.28214 3514.68 599.809 3567.06 1 1
-3542.56 4113.46 1666.92 5679.8 -1 1
-1820.47 1500.51 4617.1 5185.99 1 2
event 6
1767.66 -6316.11 -14980.1 16643.7
4831.14 -6850.68 -16720.7 18959
1659.28 -3569.53 -4891.2 6279.31 1 2
978.252 -2178.01 -2444.29 3418.54 1 1
3171.86 -3281.15 -11829.5 12679.7 -1 2
789.405 -4138.1 -12535.8 13225.1 -1 1
event 7
5162.32 -3930.4 -27114.1 28051
10514.4 11700.4 23228.8 28224.4
3585.1 -1248.93 -18649.8 19032.6 -1 1
1577.22 -2681.47 -8464.26 9018.46 1 1
7856.29 7961.67 18616 21718.1 1 2
2658.11 3738.74 4612.74 6506.32 -1 2
event 8
-6849.31 -4872.18 12849.7 15663.8
169.475 6029.91 -5180.63 8533.36
-769.994 4068.14 -4770.21 6317.34 -1 2
-2764.24 -2634.08 3339.68 5073.86 -1 1
-4085.07 -2238.1 9509.98 10590 1 1
939.47 1961.78 -410.421 2216.03 1 2
