event 0
8845 -5097.93 -11813 15917.3
-1737.56 -6447.21 14996.1 16705.1
4228.03 -4123.37 -5862.65 8322.27 -1 1
4616.97 -974.559 -5950.33 7594.98 1 1
852.457 -2359.86 4734.71 5359.5 -1 2
-2590.01 -4087.34 10261.4 11345.6 1 2
event 1
-3250.55 12449.7 -33830.6 36327.2
11170.7 6451.33 54588.7 56177.6
-1952.21 6524.68 -22023.6 23052.9 -1 1
-1298.34 5924.99 -11807 13274.3 1 1
7372.59 2809.88 36237.6 37086.8 -1 2
3798.16 3641.45 18351.1 19090.8 1 2
event 2
-5270.36 1622.36 -3275.7 7122.45
7557 -4778.42 3010.65 9929.64
1886.11 -2597.11 1960.8 3762.75 1 2
-1964.75 -745.081 -401.05 2141.82 1 1
5670.89 -2181.31 1049.85 6166.88 -1 2
-3305.62 2367.44 -2874.65 4980.63 -1 1
event 3
-12945.2 -8270.97 12431.8 20003.1
7609.78 12.7483 -18232.9 19998.5
3491.86 1521.14 -7803.63 8684.16 -1 2
-1818.26 -1670.42 778.864 2591.17 -1 1
-11126.9 -6600.55 11652.9 17412 1 1
4117.92 -1508.39 -10429.3 11314.3 1 2
event 4
4213.87 -3992.64 7216.71 9765.73
-2121.4 8602 1950.75 9586.06
1531.38 -2735.15 1868.43 3650.81 1 1
2682.49 -1257.48 5348.28 6114.92 -1 1
-1644.08 4574.62 2541.39 5486.34 1 2
-477.318 4027.39 -590.642 4099.72 -1 2
event 5
-6639.05 -5003.59 10181.9 13504.6
3214.69 7499.25 11234 14225.6
2568.03 4855.51 5024.44 7444.93 -1 2
-3109.83 -751.127 4944.09 5889.86 1 1
-3529.22 -4252.47 5237.79 7614.75 -1 1
646.656 2643.74 6209.56 6780.66 1 2
event 6
1541.4 6600.26 -28945.9 29889.7
9833.63 946.309 15935.2 19003.1
4580.38 1806.01 6319.73 8011.97 -1 2
1781.01 1622.83 -7801.76 8166.04 -1 1
5253.25 -859.705 9615.47 10991.1 1 2
-239.612 4977.43 -21144.2 21723.7 1 1
event 7
-6432.5 -2200.74 -19751.3 21116.9
7790 -278.606 -22930.9 24416.8
2730.96 -1370.5 -10872.1 11293.8 1 2
-2119.95 129.793 -9739.94 9969.39 -1 1
5059.04 1091.89 -12058.8 13122.9 -1 2
-4312.55 -2330.53 -10011.3 11147.5 1 1
event 8
5708.27 -1636.24 -12223.5 13938
-4022.41 7751.1 11848.2 15040.9
-937.508 3612.99 7122.88 8042.34 1 2
1964.56 883.387 -4551 5036.13 1 1
-3084.9 4138.11 4725.31 6998.59 -1 2
3743.71 -2519.63 -7672.53 8901.84 -1 1
event 9
-8603.72 -1908.93 -4801.3 10502.9
-2468.55 -5327.7 -8735.61 10971.8
-4739.47 -39.5992 -1179.25 4885.27 1 1
-3864.25 -1869.33 -3622.06 5617.59 -1 1
-2807.07 -2422.66 -5028.92 6249.01 -1 2
338.526 -2905.04 -3706.69 4722.78 1 2
event 10
4805.36 -7423.4 -13884.8 16750.5
6991.84 -322.935 17365.7 18977.6
5274.74 952.502 13965.5 14959.2 1 2
1054.34 -4224.5 -5407.65 6943.48 1 1
1717.1 -1275.44 3400.21 4018.43 -1 2
3751.02 -3198.91 -8477.19 9806.99 -1 1
event 11
-7318.72 -1016.23 4127.68 9012.52
5890.99 -13216.1 10177.5 17959.4
-3835.99 23.2496 3735.38 5355.34 -1 1
-3482.73 -1039.48 392.303 3657.18 1 1
3001.07 -9783.17 7886.49 12919.9 1 2
2889.92 -3432.91 2290.97 5039.47 -1 2
event 12
9602.69 20049.1 -7138.37 23552.6
5599.36 1717.68 11707.5 13452.2
4496.23 11060.9 -5250.08 13043.6 -1 1
5106.46 8988.14 -1888.3 10509 1 1
2785.65 2376.14 5554.75 6653.75 -1 2
2813.71 -658.46 6152.79 6798.42 1 2
event 13
-7066.41 3313.7 4429.62 9493.56
5331.19 3372.09 5415.29 8871.8
-4002.47 3437.69 2288.22 5751.93 1 1
-3063.94 -124 2141.39 3741.63 -1 1
1123.3 2177.69 978.802 2640.71 -1 2
4207.89 1194.4 4436.49 6231.09 1 2
event 14
-7961.87 -449.8 -12681.6 15297.4
315.057 -8278.66 12219.2 15084.2
797.356 -3672.54 3167.65 4916.15 -1 2
-2572.02 -1483.42 -5580.79 6322.36 -1 1
-5389.85 1033.62 -7100.78 8975.02 1 1
-482.3 -4606.12 9051.51 10168.1 1 2
event 15
-2112.8 -6596.72 10971.6 13339.6
7161.34 2173.29 -692.066 8128.8
3263.04 414.242 -1742.29 3723.68 1 2
504.842 -2339.99 2247.79 3285.44 1 1
-2617.65 -4256.73 8723.77 10054.2 -1 1
3898.29 1759.04 1050.23 4405.12 -1 2
event 16
1844.61 -9232.01 3018 10360.1
-2051.83 -15850.9 -30163.8 34276.9
-1777.68 -13671.6 -23344.1 27111.5 1 2
186.618 -4187.25 -113.715 4194.28 -1 1
-274.157 -2179.28 -6819.68 7165.44 -1 2
1658 -5044.75 3131.72 6165.82 1 1
event 17
-3821.84 -3320.13 5201.94 7891.81
10118.3 7484.88 10921 16948.8
-2661.15 -1548.03 4844.41 5740.87 1 1
-1160.69 -1772.11 357.528 2150.94 -1 1
7136.57 4756.61 5510.83 10194.9 1 2
2981.74 2728.27 5410.14 6753.89 -1 2
event 18
20715.9 -19426.7 -150448 153137
-5166.87 1325.54 15926.5 17079.2
13566.3 -14643.4 -106187 108047 1 1
7149.62 -4783.33 -44261.1 45089.4 -1 1
-3998.79 -398.393 11591.8 12269 -1 2
-1168.08 1723.93 4334.76 4810.16 1 2
event 19
7949.18 2387.09 2850.78 9306.11
5886.95 4780.56 -12297.4 14775.9
3900.97 2737.22 1173.8 4909.06 -1 1
4048.21 -350.132 1676.98 4397.05 1 1
4559.83 2127.65 -6129.94 7931.35 -1 2
1327.11 2652.91 -6167.5 6844.59 1 2
event 20
-3684.75 10393.4 -40228.2 41827
-8087.3 -8291.66 14364.7 18710.7
-2937 -1093.21 3608.92 4780.85 -1 2
-1775.33 1441.74 -8797.09 9090.12 -1 1
-1909.42 8951.7 -31431.1 32736.9 1 1
-5150.3 -7198.45 10755.7 13929.8 1 2
event 21
-5619.16 -343.983 -3455.38 7295.41
17713.9 8602.78 -133.98 19934.9
-3675.56 -1639.35 -2661.64 4826.25 1 1
-1943.6 1295.37 -793.74 2469.16 -1 1
9757.75 6033.92 -1062.39 11522.2 1 2
7956.14 2568.86 928.411 8412.63 -1 2
event 22
-13829.6 -5646.7 -64509.6 66288.9
-1508.3 7852.39 37043.5 38023
-7476.68 -4554.59 -34382 35479.3 1 1
-6352.87 -1092.1 -30127.6 30809.6 -1 1
-1860.18 5120.91 29328.9 29830.8 -1 2
351.874 2731.48 7714.61 8192.14 1 2
event 23
1643.6 -6344.68 8994.82 11552.1
2827.85 8877.51 24678 26559.4
-29.2176 -3716.93 2933.34 4736.25 -1 1
1672.82 -2627.75 6061.48 6815.87 1 1
293.841 5114.84 10709.2 11872.1 -1 2
2534.01 3762.68 13968.8 14687.3 1 2
event 24
-9061.91 173.504 -8540.85 12832.9
6371.67 709.199 33639.8 34385
-5511.87 -1217.46 -6062.16 8283.95 -1 1
-3550.04 1390.97 -2478.69 4548.91 1 1
1803.74 1659.06 11630.5 11886.4 -1 2
4567.93 -949.859 22009.3 22498.7 1 2
event 25
-7897.77 -4591.23 7054.33 11950.2
-6843.45 4684.53 -20012 21882.6
-3841.79 -3827.97 4816.98 7254.47 1 1
-4055.97 -763.261 2237.35 4695.78 -1 1
-4830.54 4771.44 -14451.6 15967.5 -1 2
-2012.91 -86.9072 -5560.36 5915.08 1 2
event 26
-4596.42 9044.38 -15269.7 18592.5
7777.27 -1927.15 25076.4 26506.9
4963.89 -164.207 18267.8 18931.2 1 2
-1068.96 5130.48 -6368.24 8248.03 1 1
2813.38 -1762.95 6808.63 7575.73 -1 2
-3527.46 3913.9 -8901.42 10344.5 -1 1
event 27
-5948.15 6489.36 -2567.83 9678.7
-6543.39 5413.85 1758.19 9209.13
-2320.35 4746.79 -1780.03 5576.35 -1 1
-3627.8 1742.57 -787.799 4102.35 1 1
-4771.53 3343.36 2562.54 6365.8 -1 2
-1771.86 2070.49 -804.352 2843.34 1 2
event 28
5620.41 10501.1 60478.4 61717.8
2613.74 -13695 -45016.8 47228.1
2263.68 -5655.43 -22742.5 23544.5 1 2
2955.33 2658.4 22201.4 22554.7 1 1
2665.08 7842.71 38276.9 39163.1 -1 1
350.063 -8039.6 -22274.3 23683.6 -1 2
event 29
9631.65 -1971.83 -48109.4 49201.3
-2127.57 -6321.87 -33328.6 34130.3
-68.0021 -4265.15 -16027.7 16586 -1 2
3665.06 633.541 -14733.2 15195.8 1 1
5966.59 -2605.37 -33376.3 34005.5 -1 1
-2059.57 -2056.72 -17300.8 17544.3 1 2
event 30
-6770.42 2681.75 -25409.1 26612.8
5005.1 4817 8420.88 11347.1
3375.45 1132.36 4287.87 5574.31 -1 2
-2053.4 -627.754 -6786.57 7118.93 1 1
-4717.02 3309.5 -18622.5 19493.9 -1 1
1629.65 3684.64 4133.01 5772.8 1 2
event 31
6723.56 8640.83 -32977.6 34885.3
3671.63 -2441.36 -25334 25900.6
3299.83 4461.9 -11976.4 13200.1 1 1
3423.73 4178.92 -21001.3 21685.3 -1 1
3143.58 -279.211 -14483.3 14823.5 -1 2
528.043 -2162.15 -10850.7 11077.1 1 2
event 32
-7724.12 1674.61 -22357.4 23914.6
-5235.11 4988.17 18706 20292.7
-4483.16 2698.35 10388 11631.9 1 2
-3540.36 -400.933 -12634.9 13128.1 -1 1
-751.949 2289.82 8318.05 8660.82 -1 2
-4183.76 2075.55 -9722.44 10786.5 1 1
event 33
-7708.3 8733.24 13273.9 17929.7
-385.389 -4601.9 -1875.43 5868.07
-1714.35 -2528.59 -1379.95 3353.83 1 2
-4734.41 3212.11 5450.95 7902.94 -1 1
1328.96 -2073.31 -495.483 2514.24 -1 2
-2973.89 5521.13 7822.95 10026.8 1 1
event 34
-8369.98 3269.52 2126.57 9942.7
-7438.09 -927.678 -12260.2 14699.9
-4266.06 -447.116 -9656.11 10566.5 -1 2
-2800.81 2475.8 -426.824 3763.97 1 1
-5569.17 793.713 2553.39 6178.73 -1 1
-3172.03 -480.562 -2604.13 4133.44 1 2
event 35
-10968.2 -705.666 -22250.3 25009.2
4589.93 -3178.76 -2710.37 6936.12
-7189.23 -867.008 -11279.9 13404.7 1 1
-3778.93 161.342 -10970.3 11604.6 -1 1
2174.03 227.322 -680.358 2291.75 -1 2
2415.91 -3406.09 -2030.01 4644.37 1 2
event 36
-5908.23 1123.18 -12442.6 14162.5
7091.37 778.467 5209.1 9360.43
3061.33 -455.373 675.867 3169.71 1 2
-1687.75 1813.22 -4886.95 5479.94 -1 1
-4220.48 -690.046 -7555.62 8682.58 1 1
4030.03 1233.84 4533.24 6190.71 -1 2
event 37
6967.41 -7552.49 -19205.9 22000.9
-15886.2 -4716.23 -5548.3 17747.9
4641.45 -3022.15 -11485.6 12751.7 1 1
2325.97 -4530.33 -7720.28 9249.21 -1 1
-12771.2 -4853.79 -3845.86 14193.8 -1 2
-3114.94 137.557 -1702.45 3554.05 1 2
event 38
-4870.36 5734.94 26434.6 27658.5
-1671.22 -7830.83 19180.2 21013.9
618.793 -3601.43 10043.3 10688 1 2
-577.12 2900.96 10848.7 11245.2 -1 1
-4293.24 2833.98 15585.9 16413.3 1 1
-2290.01 -4229.4 9136.9 10326 -1 2
event 39
-8327.29 7591.42 -7169.01 13709.8
-4332.24 -3779.74 -18425.2 19548.3
-6037.76 4075.34 -5744.37 9277.49 1 1
-2289.53 3516.08 -1424.64 4432.33 -1 1
-2703.37 -1666.52 -14191 14542.4 -1 2
-1628.87 -2113.22 -4234.21 5005.86 1 2
event 40
3395.1 4695.09 5727.45 8715.82
9498.29 8219.39 -14088.3 19127.1
1288.66 2985.11 4892.2 5875.06 -1 1
2106.43 1709.99 835.245 2840.76 1 1
7452.92 4544.22 -9515.39 12913.2 1 2
2045.37 3675.17 -4572.89 6213.93 -1 2
event 41
367.163 6391.42 17071.2 18493.3
-5042.98 -4896.16 1229.93 7778.61
-2906.11 -857.081 1035.81 3203.77 1 2
402.845 2384.87 2960.25 3824.15 1 1
-2136.86 -4039.08 194.119 4574.84 -1 2
-35.6821 4006.55 14111 14669.2 -1 1
event 42
-7988.69 950.842 -3345.38 9246.9
-3424.94 -6372.32 3117.33 8464.36
-4931.16 -836.095 -1354.14 5182.69 -1 1
-3057.53 1786.94 -1991.24 4064.21 1 1
-2333.78 -1603.45 383.877 2859.39 -1 2
-1091.16 -4768.87 2733.45 5604.97 1 2
event 43
4731.07 1101.1 -8912.45 10612.2
-7751.89 22201.2 -489.401 23723.7
2966.38 -754.871 -3696.66 4800.59 1 1
1764.69 1855.98 -5215.79 5811.58 -1 1
-5112.74 15143.4 -1765 16080.7 -1 2
-2639.15 7057.79 1275.6 7643.03 1 2
