event 0
-493.077 -5373.34 1588.9 6421.15
-7378.5 -4840.72 4290.23 10289.4
-1689.5 -3439.69 1575.54 4144.8 -1 1
1196.42 -1933.65 13.3559 2276.35 1 1
-3661.72 -2932.67 631.379 4734.82 1 2
-3716.77 -1908.05 3658.85 5554.59 -1 2
event 1
-4677.39 8005.12 688.181 9799.15
8753.38 9969.85 -21931 25818.2
-1350.41 5246.44 -18.7917 5418.51 -1 1
-3326.97 2758.67 706.973 4380.64 1 1
5968.04 4654.52 -11094 13430.2 1 2
2785.34 5315.32 -10837.1 12388.1 -1 2
event 2
5655.3 -1680.59 -4943.9 8296.99
-10205 11852.6 -79437.6 81021.9
3426.62 -566.082 -4621.77 5782.22 1 1
2228.68 -1114.5 -322.129 2514.77 -1 1
-6116.99 7926.3 -57402.9 58269.6 -1 2
-4088 3926.25 -22034.7 22752.3 1 2
event 3
6117.47 1352.23 -8032.43 10647.2
16202.8 -3263.6 60475.8 62770.2
4002.06 2002.71 -3808.26 5877.19 -1 1
2115.4 -650.481 -4224.17 4770 1 1
9835.91 -3414.12 39434.2 40785.6 1 2
6366.89 150.517 21041.6 21984.6 -1 2
