event 0
-6351.69 -8391.61 36110.7 37740.4
-2194.99 5271.14 564.192 6520.17
-2262.4 -5525.59 19146.3 20056 -1 1
-4089.29 -2866.02 16964.3 17684.4 1 1
-243.347 4275.54 139.954 4286.05 -1 2
-1951.64 995.605 424.238 2234.12 1 2
event 1
-7977.68 4211.09 -40225.9 41341.2
-655.548 5086.29 -1737.23 6237.8
-3328.7 3492.18 -21135.8 21679.7 -1 1
-4648.98 718.907 -19090.1 19661.5 1 1
-1827.4 2891.37 -1499.15 3736.04 -1 2
1171.85 2194.93 -238.076 2501.75 1 2
event 2
4995.83 -1998.56 27514.2 28205.9
-2702.61 -8499.09 5944.86 11156.7
2771.11 -2656.06 15430.2 15900.8 -1 1
2224.73 657.501 12083.9 12305 1 1
-77.7933 -4937.07 3838.54 6255.1 -1 2
-2624.82 -3562.02 2106.32 4901.57 1 2
event 3
4002.71 -10390.1 2711.46 11871
-4389.55 -3524.25 -13446.7 14902.8
1239.13 -5834.38 2683.97 6541.43 -1 1
2763.57 -4555.72 27.4952 5329.52 1 1
-2122.02 -2996.8 -10630.7 11247.5 -1 2
-2267.53 -527.45 -2816 3655.26 1 2
event 4
-6801.48 -1816.32 274.292 7695.81
2024.02 -5769.13 -29050.4 29847.9
86.2763 -4555.86 -18698.2 19245.7 1 2
-2359.49 -2165.21 -219.397 3211.64 1 1
1937.74 -1213.27 -10352.2 10602.2 -1 2
-4441.98 348.886 493.689 4484.18 -1 1
event 5
3984.61 5321.02 -16901.3 18423.8
-5216.34 -4583.82 7850.91 10929.3
-1234.56 -2829.71 2180.47 3781.14 1 2
339.597 2370.5 -3649.55 4366.34 1 1
3645.02 2950.52 -13251.8 14057.5 -1 1
-3981.78 -1754.11 5670.44 7148.18 -1 2
