event 0
-8361.1 -1172.88 3566.57 9674.44
9264.4 2307.78 21530.7 23755.4
-4266.18 -2060.11 1320.46 4919.26 -1 1
-4094.91 887.233 2246.11 4755.17 1 1
7080.51 1893.49 19108.1 20465.8 -1 2
2183.89 414.294 2422.69 3289.62 1 2
event 1
1883.54 5450.93 2572.05 7033.27
-13048.1 -16623.8 67719.8 71008.2
-254.763 3322.14 498.479 3370.63 -1 1
2138.3 2128.79 2073.57 3662.64 1 1
-10970.2 -12061.8 53567.9 55994.3 -1 2
-2077.92 -4561.98 14151.8 15013.8 1 2
event 2
-14450.4 -8168.94 -67093.7 69186
2355.98 7742.11 -3659.1 9405.9
-7213.01 -4772.55 -40646.9 41557 -1 1
-7237.42 -3396.39 -26446.8 27629 1 1
580.072 5790.53 -1542.01 6021.27 -1 2
1775.91 1951.58 -2117.09 3384.63 1 2
event 3
-21656.6 646.386 15748.9 26963.8
12122.9 5895.37 5204.52 14778.3
8254.77 2352.33 3311.51 9200.64 1 2
-10399.4 -901.527 8721.79 13603 -1 1
3868.16 3543.04 1893.01 5577.68 -1 2
-11257.2 1547.91 7027.08 13360.8 1 1
event 4
3123.51 5412.99 -18940.4 20183.8
-5272.12 -4614.01 10811.9 13250.4
-3175.17 -816.441 3988.88 5164.36 -1 2
1544.82 1522.77 -10883.6 11098.2 1 1
-2096.95 -3797.56 6823.07 8086.05 1 2
1578.69 3890.22 -8056.76 9085.63 -1 1
event 5
97.9583 7711.38 12124.1 14699
9955.55 2566.04 31313.3 33103.1
2937.19 1766.15 13775 14195.4 -1 2
-668.466 2514.84 1967.59 3264.02 -1 1
7018.37 799.894 17538.3 18907.7 1 2
766.424 5196.54 10156.6 11435 1 1
event 6
-5821.63 -2923.59 13450.2 15262.3
1006.75 7336.8 11696.2 14185.7
1875.39 3114.4 4378.66 5692.14 1 2
-1250.8 -2221.79 4075 4808.08 1 1
-4570.83 -701.803 9375.22 10454.2 -1 1
-868.637 4222.4 7317.5 8493.54 -1 2
event 7
-4727.57 910.57 18523.8 19388.2
12408.4 12672.8 3164.07 18389.7
-3558 -794.983 12253.7 12785 -1 1
-1169.56 1705.55 6270.09 6603.18 1 1
6291.01 6904.21 3497.03 9974.24 1 2
6117.36 5768.58 -332.953 8415.5 -1 2
event 8
7636.19 -2906.11 2652.72 9131.37
4141.38 7650.47 -17589.1 19865.8
615.125 3801.17 -5687.5 6869.22 1 2
1790.22 -1018.02 -641.693 2159.68 -1 1
5845.96 -1888.09 3294.41 6971.69 1 1
3526.26 3849.3 -11901.6 12996.6 -1 2
event 9
-10461 -33296.3 -12736.1 37281
4538.5 4869.36 1688.29 7533.24
-6975.32 -17243.3 -6326.12 19647.4 -1 1
-3485.69 -16052.9 -6409.97 17633.6 1 1
2566.54 2281.56 2412.93 4198.33 -1 2
1971.96 2587.8 -724.638 3334.91 1 2
