event 0
13631.4 581.129 -68430.8 69846.4
-6891.69 -2081.97 -965.788 7896.44
-4629.42 -1653.64 814.545 4984.04 -1 2
4573.3 1594.45 -21574.6 22111.8 1 1
9058.12 -1013.33 -46856.2 47734.6 -1 1
-2262.27 -428.329 -1780.33 2912.4 1 2
event 1
1788.68 5171.92 4859.55 7946.99
-6549.88 -4809.58 4573.1 9825.36
2319.11 2240.16 1889.09 3738.5 1 1
-530.426 2931.76 2970.46 4208.49 -1 1
-2636.18 -3334.19 1110.31 4394.34 -1 2
-3913.7 -1475.39 3462.79 5431.02 1 2
event 2
-6927.8 -5278.62 -5267.33 10639.3
11562.2 -933.369 20069.9 23386.9
5013.95 -1310.68 11325.9 12455.7 -1 2
-2544.88 -230.34 -1431.13 2930.66 -1 1
-4382.92 -5048.28 -3836.2 7708.61 1 1
6548.28 377.306 8744 10931.2 1 2
event 3
-5117.4 1234.05 12149.6 13598.3
8647.28 1979.46 11641.3 14960.1
-2526.46 1733.85 4053.75 5082.65 1 1
-2590.93 -499.796 8095.81 8515.64 -1 1
4495.23 2230.35 7927.34 9382.72 -1 2
4152.05 -250.894 3713.97 5577.38 1 2
event 4
-6548.14 -5697 -31546.4 32864.9
5806.63 -5748.41 -39904.6 40850.1
1330.57 -2844.74 -10310.8 10779 -1 2
-2018.83 -2313.66 -16656.2 16937.2 1 1
-4529.31 -3383.34 -14890.2 15927.7 -1 1
4476.06 -2903.67 -29593.8 30071.1 1 2
