event 0
13444.3 -5013.42 5842.88 15799.2
-10251.2 -869.964 8179.64 13503.4
-7486.07 421.256 4595.36 8794.72 -1 2
4270.17 -2091.51 3455.57 5878.85 -1 1
9174.15 -2921.91 2387.3 9920.33 1 1
-2765.1 -1291.22 3584.28 4708.63 1 2
event 1
-6177.57 -5646.91 -9.43592 8924.17
5905.51 1592.58 -10726.5 12730.3
-4726.79 -2616.76 810.88 5464.31 -1 1
-1450.78 -3030.15 -820.316 3459.86 1 1
2141.31 -127.402 -1506.18 2623.21 -1 2
3764.2 1719.98 -9220.35 10107.1 1 2
event 2
-12312.3 -4340.28 29874.5 32749.2
-4440.11 3166.75 1603.59 6473.44
-7576.07 -4047.98 20906.2 22602.3 1 1
-4736.19 -292.299 8968.28 10146.8 -1 1
-3383.64 701.023 248.013 3465.99 -1 2
-1056.47 2465.73 1355.58 3007.44 1 2
event 3
896.985 7669.59 12744.8 15220
3438.55 -7829.09 28955.1 30349.7
1616 -3520.82 8143.43 9018.55 1 2
-675.582 3731.72 8010.81 8863.77 -1 1
1822.55 -4308.27 20811.6 21331.2 -1 2
1572.57 3937.87 4734.02 6356.25 1 1
event 4
-947.547 -8336.9 -30836.9 32107.8
7363.03 -3531.25 6647.05 11155.7
-1974.83 -4751.2 -15916.6 16727.9 -1 1
1027.28 -3585.7 -14920.4 15379.9 1 1
5356.77 -3765.64 3528.97 7439.08 -1 2
2006.26 234.39 3118.09 3716.67 1 2
event 5
4069.57 -6269.26 -986.903 8150.46
-16047.1 10984 55681 59060.3
4074.04 -3679.12 -836.644 5553.82 1 1
-4.46435 -2590.13 -150.259 2596.64 -1 1
-11797.7 6348.66 37319.5 39651.6 1 2
-4249.4 4635.37 18361.4 19408.7 -1 2
event 6
-7928.53 -7000.07 139.241 11021.5
-6987.66 -3877.59 -17137.5 19161.1
-3212.88 -2409.41 -5307.2 6656.23 1 2
-3080.78 -921.252 394.678 3241.43 1 1
-4847.75 -6078.82 -255.437 7780.04 -1 1
-3774.78 -1468.18 -11830.3 12504.8 -1 2
event 7
4179.37 -5756.88 -2860.61 8269.4
-7342.79 -5203.9 9213.32 13246.7
-2018.28 -3208.06 4279.39 5717.47 1 2
595.356 -3148.94 -496.139 3244.63 1 1
-5324.51 -1995.84 4933.94 7529.19 -1 2
3584.01 -2607.93 -2364.47 5024.77 -1 1
event 8
-213.571 5900.13 -3746.32 7647.29
-3075.07 8183.46 -15227 17829.1
-162.055 3828.39 -4019.5 5554.31 -1 1
-51.5157 2071.74 273.183 2092.98 1 1
-3063.11 4164.57 -7366.32 9000.01 -1 2
-11.9545 4018.89 -7860.65 8829.07 1 2
