event 0
9635.01 11840.3 -61974 63901.4
-1006.88 5063.15 -8961.05 10795.4
7837.72 7937.88 -48116.4 49392.7 -1 1
1797.29 3902.46 -13857.6 14508.8 1 1
-2022.58 2349 -5052.49 5928.53 -1 2
1015.7 2714.15 -3908.57 4866.86 1 2
event 1
-2082.63 7643.8 11339.7 14175.5
-4326.01 -10404.5 7883.05 14096.2
-743.462 -5673.77 4353.62 7190.94 1 2
696.69 2095.47 3937.29 4515.5 1 1
-2779.32 5548.33 7402.45 9660.02 -1 1
-3582.54 -4730.77 3529.43 6905.27 -1 2
event 2
2792.32 5869.29 -3287.36 7914.81
8887.04 -3923.79 29962.3 31649.7
455.943 3512.88 -498.347 3578.79 -1 1
2336.38 2356.41 -2789.01 4336.02 1 1
4723.75 -2713.66 20968.8 21665.2 -1 2
4163.3 -1210.13 8993.47 9984.55 1 2
event 3
-3176.5 7397.45 765.595 8659.69
7951.87 2026.62 -6990.21 11215.8
-3283.84 3914.76 803.414 5173.55 -1 1
107.337 3482.68 -37.8185 3486.14 1 1
5900.21 23.7536 -4768 7586.7 -1 2
2051.67 2002.86 -2222.21 3629.07 1 2
