event 0
-9295.37 -8935.04 -1641.5 13361.3
-3109.85 8186.72 24137.9 25863.6
-5949.72 -6545.23 -2429.79 9173.57 1 1
-3345.65 -2389.81 788.292 4187.74 -1 1
146.336 2352.27 9225.06 9521.95 -1 2
-3256.18 5834.45 14912.9 16341.6 1 2
event 1
-9340.21 16375.1 26829.6 32936.3
-3656.79 3019.31 -25015.3 25648.5
-1361.93 2993.15 -12605.1 13027.4 1 2
-4973.38 5685.34 10847.3 13218.7 1 1
-2294.86 26.1559 -12410.2 12621 -1 2
-4366.82 10689.8 15982.3 19717.6 -1 1
event 2
3415.23 -8642.18 -29551.1 31132.2
17500.9 -4287.68 -43516.3 47200.9
1388.1 -6788.18 -18842.4 20076.2 -1 1
2027.12 -1854 -10708.7 11056 1 1
10949.6 -1134.94 -26602.5 28790.3 1 2
6551.26 -3152.74 -16913.9 18410.6 -1 2
event 3
9079.02 -5848.02 5332.58 12436.1
6349.71 -2911.43 -12952.5 15038.3
3690.57 -1439.84 -4208.62 5780.75 1 2
3106.96 -2638.22 496.676 4107.47 1 1
2659.14 -1471.59 -8743.87 9257.6 -1 2
5972.06 -3209.8 4835.91 8328.6 -1 1
event 4
-18144.3 12070.6 322.003 22013.8
-5618.76 2408.65 6394.39 9372.92
-4474.99 350.851 3999.99 6013.29 1 2
-8771.62 5007.5 -1228.78 10175.3 -1 1
-1143.77 2057.8 2394.4 3359.63 -1 2
-9372.66 7063.08 1550.78 11838.5 1 1
event 5
4003.42 5209.74 4773.37 8691.66
-7478.94 506.32 3277.97 8747.95
-2891.56 1713.32 1238.7 3583.59 1 2
2073.19 526.558 1923.82 2878.83 -1 1
1930.23 4683.18 2849.55 5812.84 1 1
-4587.37 -1207 2039.26 5164.36 -1 2
event 6
-5885.47 9996.4 -7729.12 14279.3
-3801.51 -5877.04 -31338.1 32259.2
-2357.74 -3612.7 -25078.8 25447.4 -1 2
-580.543 3794.01 -2660.84 4671.48 -1 1
-5304.92 6202.4 -5068.29 9607.84 1 1
-1443.78 -2264.34 -6259.28 6811.87 1 2
event 7
-421.12 9920.41 -47536.4 48661
-5363.05 3380.92 -9284.1 11661
997.256 5242.34 -29204.6 29688.4 1 1
-1418.38 4678.07 -18331.8 18972.6 -1 1
-3614.24 1654.22 -7885.56 8831.33 -1 2
-1748.81 1726.7 -1398.53 2829.65 1 2
