event 0
-2605.97 -5428.68 2281.52 7145.29
-2543.97 6643.86 16282 18036.3
106.442 3625.49 6211.57 7193.77 1 2
-1414.61 -1535.87 -578.06 2169.18 1 1
-1191.36 -3892.81 2859.58 4976.11 -1 1
-2650.41 3018.37 10070.4 10842.5 -1 2
event 1
-4807.21 6910.7 22778.3 24480.8
8881.17 -4612.93 -9379.01 14061
7044.51 -3558.58 -5435.52 9583.56 1 2
-684.71 3608.65 9980.46 10635.4 1 1
1836.66 -1054.36 -3943.49 4477.42 -1 2
-4122.5 3302.05 12797.9 13845.4 -1 1
event 2
-1820.04 -11120.6 29704.4 31920.6
-2657.64 -5978.94 7166.5 10186.3
-2552.6 -6776.92 17204.2 18666.5 1 1
732.564 -4343.71 12500.2 13254.1 -1 1
-298.278 -3832.87 5087.75 6377.79 -1 2
-2359.37 -2146.07 2078.74 3808.49 1 2
event 3
-6668.62 -106.907 4931.78 8854.12
-8244.36 -3581.05 -1301.29 9595.7
-3221.11 -2556.2 -1703.19 4452.16 -1 2
-2462.22 781.189 3438.09 4301.67 1 1
-5023.24 -1024.86 401.901 5143.54 1 2
-4206.4 -888.096 1493.69 4552.45 -1 1
event 4
1189.51 -7690.63 22382.9 23898.6
4333.09 5838.29 -9709.07 12518.7
599.774 3341.9 -4544.09 5673.44 -1 2
-469.765 -2070.47 3210.74 3850.66 -1 1
1659.28 -5620.16 19172.1 20048 1 1
3733.32 2496.39 -5164.98 6845.28 1 2
event 5
6629.22 450.588 22045.2 23232.2
-759.279 9574.9 8954.27 13491.7
817.731 3745.98 4877.69 6205.17 1 2
2780.67 -1214.67 7417.32 8014.69 -1 1
-1577.01 5828.92 4076.58 7286.48 -1 2
3848.55 1665.26 14627.9 15217.5 1 1
