event 0
2429.62 9169.44 4082.78 10781.6
-2552.87 -5905.39 -18213.4 19563
-139.862 4999.98 1395 5193.89 -1 1
2569.48 4169.46 2687.78 5587.66 1 1
-226.918 -4140.86 -12005 12701.6 -1 2
-2325.95 -1764.53 -6208.35 6861.37 1 2
event 1
699.695 5864.15 -2565.09 7144.8
6448.63 5573.36 9838.82 13380.6
2817.1 1992.46 1889.72 3935.5 1 2
1299.11 1792.42 -2007.45 2990.23 -1 1
3631.53 3580.9 7949.1 9445.11 -1 2
-599.418 4071.73 -557.635 4154.56 1 1
event 2
-7423.79 2549.26 -33406.1 34455.3
-15284.6 8289.1 10684.5 20641.7
-4215.66 825.644 2257.07 4853.76 -1 2
-3206.39 137.959 -8648.75 9225.62 -1 1
-11069 7463.45 8427.39 15787.9 1 2
-4217.4 2411.31 -24757.3 25229.7 1 1
event 3
10497.4 9134.48 26480 30073.5
11111.1 3930.28 10205.7 15895.1
5188.02 593.316 5739.38 7760.11 1 2
3830.08 2858.2 12272.4 13170.5 1 1
6667.31 6276.28 14207.6 16903 -1 1
5923.09 3336.96 4466.34 8134.97 -1 2
event 4
-11162.7 2600.7 -8152.94 14402.5
-9840.01 -1817.37 40191.8 41534.3
-4024.99 -909.114 10866.6 11624.2 1 2
-3741.27 82.9195 -1216.78 3936.45 1 1
-7421.46 2517.78 -6936.16 10466.1 -1 1
-5815.01 -908.251 29325.2 29910.1 -1 2
event 5
-16458.3 4731.82 -78348.4 80257.9
-2635.55 -3995.89 -9840.8 11373
-11942.4 1959.43 -54657.6 55981.5 -1 1
-4515.96 2772.38 -23690.8 24276.4 1 1
-2857.79 -1687.14 -4969.37 5976.56 -1 2
222.246 -2308.75 -4871.43 5396.46 1 2
