event 0
7290.14 3303 14469.7 16823.2
2821.07 5437.94 -2679.8 7368.97
3982.37 1217.29 10276.2 11088.4 1 1
3307.78 2085.71 4193.56 5734.87 -1 1
3046.6 2919.72 -2309.25 4811.48 -1 2
-225.529 2518.22 -370.553 2557.5 1 2
event 1
-8282.95 5544.95 -54923.2 55906.2
-5432.21 -3672.52 23787 24867.8
-5140.92 1618.43 -26818.1 27354.5 -1 1
-3142.04 3926.52 -28105.1 28551.7 1 1
-618.149 -2014.83 8349.93 8612.45 -1 2
-4814.06 -1657.69 15437.1 16255.4 1 2
event 2
-5703.98 -6951.68 -1465.78 9622.9
5642.92 -4056.36 3951.78 8573.46
3235.07 -725.806 852.542 3424.98 1 2
-2101.87 -2507.95 -2064.25 3870.39 1 1
-3602.11 -4443.73 598.468 5752.5 -1 1
2407.85 -3330.56 3099.24 5148.48 -1 2
event 3
3966.63 4591.29 17123.1 18428.4
-2569.82 -6702.12 5479.75 9546.66
-2330.17 -2621.87 1422.6 3786.67 1 2
2074.46 277.602 5596.57 5976.05 1 1
1892.17 4313.69 11526.5 12452.3 -1 1
-239.651 -4080.25 4057.15 5759.99 -1 2
event 4
-7584.49 -4700.26 2592.41 9794.31
12937 -5584.2 -69135.2 70624.5
5049.54 -2461.96 -20556.6 21310.7 1 2
-3396.64 -375.763 783.736 3507.67 1 1
7887.45 -3122.24 -48578.6 49313.8 -1 2
-4187.85 -4324.5 1808.68 6286.64 -1 1
event 5
4708.1 -1282.88 -4280.52 7192.07
6576.7 9628.77 12477 17356.1
2912.46 -2275.47 -2409.16 4413.09 -1 1
1795.64 992.582 -1871.36 2778.98 1 1
5018.12 5268.97 8948.21 11533.7 1 2
1558.58 4359.8 3528.82 5822.44 -1 2
event 6
6718.85 -8080.4 29259.3 31243.1
-342.299 -5795.99 38045.6 38610.5
1356.74 -3183.94 20055.5 20352.2 1 2
3732.5 -2803.28 9700.44 10765.7 1 1
-1699.04 -2612.06 17990.1 18258.2 -1 2
2986.34 -5277.13 19558.8 20477.4 -1 1
