event 0
4928.56 -4223.61 -10489.3 12717.9
8480.24 -2083.12 7351.08 11827.2
3090.68 -712.115 4686.06 5659.49 1 2
580.453 -2154.05 -2225.49 3152.9 1 1
5389.56 -1371.01 2665.01 6167.69 -1 2
4348.1 -2069.56 -8263.77 9565.04 -1 1
event 1
-7888 -17071 -14812.9 24138.2
19694.6 -149.185 22289.4 29905
5120.76 -74.0185 3886.58 6429.96 -1 2
-2240.73 -3609.7 -1927.54 4666.63 -1 1
-5647.27 -13461.3 -12885.3 19471.5 1 1
14573.9 -75.1663 18402.8 23475 1 2
event 2
1248.77 7991.16 4888.48 9945.17
8852.13 14955.5 53934.8 56750.1
3848.46 4339.98 14914 16002.6 1 2
1308.34 1691.12 2273.92 3123.06 -1 1
5003.67 10615.5 39020.8 40747.5 -1 2
-59.577 6300.04 2614.56 6822.11 1 1
event 3
-15715.1 -2203.04 21426.8 26842.4
-5298.01 -10623.2 -10290.3 16012.6
-4436.98 -7669 -9128.7 12721.8 -1 2
-6012.89 664.634 8035.71 10058.8 1 1
-9702.24 -2867.68 13391.1 16783.6 -1 1
-861.025 -2954.18 -1161.65 3290.77 1 2
event 4
-9997.47 404.359 12859.5 16585.2
-3183.92 4895.38 -1171.78 6713.16
-6025.92 1117.96 5721.71 8385.15 -1 1
-3971.54 -713.604 7137.78 8200.09 1 1
-3157.85 2313.92 -1299.47 4126.26 -1 2
-26.078 2581.45 127.691 2586.9 1 2
event 5
-7108.82 941.221 -6893.68 10418.1
-6394.01 5288.52 -12831.9 15591.7
-1997.93 3412.64 -4552.33 6030.98 -1 2
-2569.13 616.37 -707.24 2737.1 1 1
-4396.09 1875.88 -8279.55 9560.68 1 2
-4539.69 324.85 -6186.44 7680.98 -1 1
event 6
6312.76 2193.15 -13388.4 15280.7
4439.17 -6018.97 9503.22 12483.3
3260.43 -1843.1 4136.69 5581.29 1 2
1772.09 2192.19 -5336.89 6036.51 1 1
4540.67 0.962596 -8051.52 9244.23 -1 1
1178.74 -4175.86 5366.52 6902.03 -1 2
event 7
-853.4 -15875.1 7139.87 17700.8
3686.7 -2858.26 -11419.6 12718.5
3082.95 -480.117 -6940.05 7609.9 1 2
866.327 -6224.31 3796.93 7343.05 -1 1
603.75 -2378.14 -4479.55 5108.58 -1 2
-1719.73 -9650.82 3342.93 10357.7 1 1
