event 0
-10394.2 506.633 4319.86 11685.3
6070.98 -1379.48 -25824.7 26744.5
-5956.69 -1030.88 3262.99 6870.46 1 1
-4437.46 1537.51 1056.86 4814.89 -1 1
4440.22 457.442 -17806.9 18358.1 -1 2
1630.75 -1836.93 -8017.86 8386.35 1 2
event 1
-713.637 -7519.7 31112.8 32166
-2376.58 6841.46 10501.5 13127.3
962.785 -4045.3 19134 19580.9 -1 1
-1676.42 -3474.4 11978.8 12585.1 1 1
-1921.39 4187.19 8818.32 9949.79 -1 2
-455.185 2654.27 1683.18 3177.51 1 2
event 2
7603.68 -4524.54 4554.23 10612.1
-8325.73 9758.54 -29148 31996
3612.76 -3891.39 1420.98 5497.76 -1 1
3990.92 -633.148 3133.25 5114.36 1 1
-4065.83 5768.36 -12512.1 14365.5 -1 2
-4259.9 3990.18 -16635.9 17630.4 1 2
event 3
-3122.8 7918.42 22698.3 24438.8
-5864.49 -4862.87 9135.12 12291.5
-3018.92 -3060.24 7251.78 8430.8 -1 2
-2820.82 3093.19 11601 12333.7 -1 1
-301.981 4825.24 11097.3 12105.1 1 1
-2845.58 -1802.63 1883.34 3860.69 1 2
event 4
-2765.94 -10711.9 -3164.97 11916.5
-716.542 -7982.67 5078.38 9980.84
-299.766 -5343.07 4970.19 7304.26 -1 2
-1056.34 -3215.5 456.407 3416.84 -1 1
-1709.59 -7496.41 -3621.38 8499.67 1 1
-416.776 -2639.6 108.185 2676.58 1 2
event 5
-9410.96 -1068.56 17790.3 20391
7667.57 1083.22 -12442.4 14979
-5346.18 204.941 7161.14 8939.62 -1 1
-4064.78 -1273.5 10629.2 11451.4 1 1
2629.88 1218.8 -2489.26 3822.21 -1 2
5037.69 -135.579 -9953.17 11156.8 1 2
event 6
-8593.42 -1138.48 10589.3 14030.9
486.005 -7093.55 10718 13229.5
-1019.7 -3319.22 3414.51 4871.04 1 2
-3119.16 -481.925 6291.02 7039.14 1 1
-5474.27 -656.557 4298.23 6991.75 -1 1
1505.71 -3774.33 7303.44 8358.48 -1 2
event 7
12623.2 6037.45 -47465.5 49581.9
-608.429 5490.69 8342.26 10473.9
-1822.8 3395.52 5769.88 6939.37 1 2
5012.41 784.067 -17638.5 18353.9 -1 1
1214.37 2095.17 2572.38 3534.5 -1 2
7610.81 5253.39 -29827 31228 1 1
event 8
-5476.05 3357.83 7785.83 10558
-5951.55 7281.08 -42516.9 43654.4
-3511.92 2447.02 -23244.9 23636 1 2
-2115.11 187.394 4203.86 4710.88 -1 1
-2439.63 4834.06 -19271.9 20018.4 -1 2
-3360.94 3170.44 3581.97 5847.16 1 1
event 9
5549.92 10218.9 -17585.2 21308.6
-4372.38 6206.26 6492.94 10458.9
-2636.24 4854.22 6083.93 8218.19 -1 2
2527.85 2030.48 -5759.43 6610.22 -1 1
3022.07 8188.38 -11825.8 14698.4 1 1
-1736.14 1352.04 409.007 2240.68 1 2
event 10
11019.5 10582.7 39111.9 42104.1
-1725.43 5462.55 1692.91 6728.58
8503.71 6173.51 26014.8 28057.2 1 1
2515.84 4409.21 13097.1 14046.9 -1 1
116.442 4348.57 1262.72 4530.92 -1 2
-1841.87 1113.98 430.193 2197.66 1 2
event 11
5780.78 -993.756 8868.72 11074.8
8206.28 -4511.16 -17399 20000.2
3111.96 -1925.41 6114.25 7126.48 1 1
2668.82 931.654 2754.47 3948.27 -1 1
5544.3 -1420.5 -11213.8 12590.4 -1 2
2661.98 -3090.66 -6185.19 7409.86 1 2
event 12
-2184.16 5679.65 -25931.4 26815.2
564.503 -7250.73 -9625.97 12455.6
1813.41 -3408.71 -4615.81 6018.69 1 2
-1790.16 895.18 -8645.55 8874.83 -1 1
-394.004 4784.47 -17285.8 17940.4 1 1
-1248.9 -3842.03 -5010.16 6436.91 -1 2
event 13
9340.43 3431.29 -4844.79 11492.6
12971 14655.8 30737.8 36571.1
6092.63 622.644 -2763.82 6719.94 -1 1
3247.81 2808.65 -2080.97 4772.67 1 1
11731.1 12357.8 24866.3 30144.3 -1 2
1239.93 2298 5871.45 6426.76 1 2
event 14
6347.2 596.67 3318.77 7826.12
5091.89 7107.43 -4083.29 10134.5
2879.64 2352.46 -435.488 3745.29 1 2
1979.11 1261.31 2306.08 3291.96 -1 1
2212.25 4754.97 -3647.8 6389.16 -1 2
4368.09 -664.641 1012.69 4534.16 1 1
event 15
6478.89 2127.77 -1520.92 7642.45
-8059.74 1771.21 11925 14828.8
-2702.36 1570.62 2578.34 4053.22 -1 2
2724.03 271.156 -2046.44 3419.5 -1 1
-5357.38 200.588 9346.68 10775.6 1 2
3754.86 1856.62 525.524 4222.95 1 1
event 16
10426.4 -8206.12 29693.6 32670.4
-1595.99 -5232.97 -14186.3 15516.9
-2392.95 -3206.54 -10461.6 11201.1 1 2
3566.75 -4731.14 12345.4 13694 -1 1
796.965 -2026.43 -3724.66 4315.77 -1 2
6859.68 -3474.98 17348.3 18976.4 1 1
event 17
-5753.67 -1711.5 11961.5 13736.9
9208.36 -1557.31 -14647.1 17645
-3690.3 -1041.77 10333.6 11022.6 1 1
-2063.37 -669.733 1627.86 2714.25 -1 1
5420.28 235.641 -6379.07 8374.88 1 2
3788.08 -1792.95 -8267.98 9270.11 -1 2
event 18
-13411.8 1093.9 -52306.3 54098.2
-5647.97 -867.837 16583.6 17811.8
-7703.87 -248.146 -24661.4 25838.1 1 1
-5707.95 1342.04 -27644.9 28260.1 -1 1
-3233.32 -286.803 4983.47 5948.34 -1 2
-2414.65 -581.034 11600.2 11863.5 1 2
event 19
-1547.32 5605.83 16280.8 17563.5
-3261.23 -9864.88 6424.3 12602.1
124.956 3453.63 5979.47 6907.12 1 1
-1672.28 2152.2 10301.3 10656.3 -1 1
-709.583 -6426.01 3049.5 7148.97 -1 2
-2551.65 -3438.86 3374.8 5453.17 1 2
event 20
-4674.11 -8603.84 1237.09 10343.8
-6545.15 -363.923 4142.85 8350.17
-4271.46 956.371 3588.31 5661.03 -1 2
-388.87 -3757.5 772.057 3857.1 1 1
-4285.24 -4846.34 465.032 6486.73 -1 1
-2273.69 -1320.29 554.54 2689.15 1 2
event 21
-35.2889 -5677.96 -3288.32 7255.63
-10881.5 432.356 38201.2 39843.6
847.309 -3504.07 -550.343 3648.35 -1 1
-882.598 -2173.89 -2737.98 3607.28 1 1
-6145.82 -1033.63 18231.3 19267.4 -1 2
-4735.67 1465.99 19969.8 20576.2 1 2
event 22
18589.1 -1832.91 -29457.6 35074.9
-7220.7 -843.077 18181.9 19824.8
-5188.7 -1880.97 14184.8 15221 1 2
8376.22 -1475.06 -10265.7 13331.6 1 1
-2032 1037.9 3997.11 4603.73 -1 2
10212.9 -357.846 -19191.9 21743.3 -1 1
event 23
6833.28 5133.88 -25183.7 26774.2
5911.91 -3802.3 -22068.4 23366.9
2735.55 -3364.85 -10470 11333.1 -1 2
1709.78 3168.95 -10004.4 10633.2 1 1
5123.5 1964.93 -15179.3 16141 -1 1
3176.37 -437.447 -11598.3 12033.8 1 2
event 24
-9089.74 -1987.15 35532.2 36860.5
-6509.96 3122.1 -4596.1 9101.77
-5847.73 -23.636 24729.6 25411.9 1 1
-3242.01 -1963.51 10802.5 11448.7 -1 1
-2068.18 456.309 80.3466 2122.08 -1 2
-4441.78 2665.79 -4676.45 6979.7 1 2
event 25
3596.94 -5881 -16188.2 17865.4
-152.627 12949.2 -44510.6 46459.5
2855.21 -2864.26 -6187.17 7392.46 1 1
741.727 -3016.74 -10001.1 10473 -1 1
-1238.69 6754.92 -19654.9 20820.4 -1 2
1086.06 6194.26 -24855.7 25639.1 1 2
event 26
12603.8 10204.5 621.172 16521.6
10528.5 1578.33 20045.9 22995
7283.28 291.231 16393.9 17941.6 -1 2
2909.61 3942.01 870.63 4977.39 -1 1
9694.18 6262.51 -249.458 11544.2 1 1
3245.24 1287.1 3651.96 5053.33 1 2
event 27
2922.2 7490.94 -20256.8 22013.2
-4829.75 7109.49 -3375.08 9739.26
-3345.96 2567.3 -2425.5 4866.28 -1 2
2204.88 2100.53 -5526.54 6310.91 -1 1
717.322 5390.41 -14730.2 15702.3 1 1
-1483.78 4542.19 -949.588 4872.98 1 2
event 28
1462.11 11019.5 4884.95 12530.8
4962.71 5969.41 -5338.99 9917.59
3218.61 3893.1 -5123.06 7195.32 -1 2
702.613 3398.85 3126.32 4672.36 -1 1
759.493 7620.63 1758.62 7858.42 1 1
1744.11 2076.31 -215.929 2722.27 1 2
event 29
4324.87 652.012 -7841.84 9498.15
25037.5 -396.378 -12666.7 28232.5
2600.02 1901.07 -4903.88 5868 -1 1
1724.85 -1249.06 -2937.96 3630.15 1 1
15095.4 1150.09 -8276.91 17254.3 1 2
9942.15 -1546.47 -4389.8 10978.1 -1 2
event 30
5970.34 3278.72 -4090.83 8527.67
525.25 -10204.1 385.733 10683.6
2840.43 3289.28 -2250.08 4895.04 1 1
3129.91 -10.5609 -1840.76 3632.63 -1 1
-1215.43 -5499.53 -168.385 5635.74 -1 2
1740.68 -4704.59 554.118 5047.9 1 2
event 31
-4974.9 -394.131 23364.5 24091.4
-1055.47 -8204.83 322.841 8839
-3197.78 649.292 18811.1 19092.3 1 1
-1777.12 -1043.42 4553.36 4999.12 -1 1
759.11 -4434.33 970.225 4603.48 1 2
-1814.58 -3770.5 -647.383 4235.52 -1 2
event 32
-6800.64 -6893.51 -3098.75 10628.4
7648.93 1177.89 6644.53 10659.9
-3342.25 -3688.22 -3186.75 5911.02 -1 1
-3458.39 -3205.29 88.0018 4717.34 1 1
4253.01 2033.78 4677.28 6641.72 -1 2
3395.92 -855.889 1967.25 4018.22 1 2
event 33
2701.61 13403.8 4674.11 14778.4
-1620.13 4631.35 3345 6697.28
316.387 3559.95 2263.28 4231.66 1 2
2526.29 4905.57 1870.49 5827.23 -1 1
-1936.52 1071.4 1081.72 2465.62 -1 2
175.318 8498.28 2803.62 8951.14 1 1
event 34
-5748.59 5157.59 -3099.21 8879.43
8065.86 -8467.45 12393.8 17319.2
3331.22 -3275.6 2872.43 5485.31 1 2
-648.92 1960.73 84.2075 2069.74 -1 1
4734.64 -5191.85 9521.37 11833.8 -1 2
-5099.67 3196.86 -3183.42 6809.69 1 1
event 35
5690.47 -1294.1 9975.32 11964.7
-4396.61 -11616.4 -4963.16 13729.3
3258.06 -407.154 2734.76 4274.44 1 1
2432.41 -886.947 7240.56 7690.27 -1 1
-3110.4 -5720.71 -3929.65 7606.21 -1 2
-1286.21 -5895.66 -1033.51 6123.11 1 2
event 36
1859.15 7089.88 15318.9 17262.2
-10108.9 7333.11 -768.055 12889.7
-3220.76 757.807 205.937 3316.8 -1 2
933.608 2287.3 2391.35 3439.92 1 1
-6888.1 6575.3 -973.991 9572.9 1 2
925.538 4802.58 12927.6 13822.3 -1 1
event 37
3738.11 6489.95 -8704.84 11893.6
-5837.43 -4435.03 -3935.26 8878.18
-1495.64 -2883.04 -955.095 3387.07 1 2
1889.93 2494.62 -1554.25 3495.97 -1 1
-4341.79 -1551.98 -2980.17 5491.11 -1 2
1848.18 3995.33 -7150.59 8397.65 1 1
event 38
8617.62 -3909.14 42203.2 43361.8
-8237.99 7514.06 -19877.1 23000.3
-3503.05 2895.38 -5236.09 6934.15 -1 2
4140.51 -713.223 23224.8 23602 1 1
-4734.94 4618.67 -14641 16066.2 1 2
4477.11 -3195.91 18978.4 19759.8 -1 1
event 39
-5718.45 836.488 3470.59 7418.66
-8037.07 -383.527 11017.7 13990
-2841.07 -1197.78 5862.53 6624.71 1 2
-1504.31 1679 1261.26 2585.33 1 1
-5195.99 814.255 5155.15 7365.33 -1 2
-4214.14 -842.513 2209.33 4833.33 -1 1
event 40
-4016.27 -5550.08 -5458.3 9290.74
7723.83 -3345.4 17288.1 19476
3510.59 34.7572 5792.24 6773.97 -1 2
-2076.74 -830.25 -2635.65 3458.32 -1 1
4213.24 -3380.15 11495.8 12702 1 2
-1939.53 -4719.83 -2822.65 5832.42 1 1
event 41
2892.12 6279.41 4274.04 8697.89
1151.44 -8205.66 -8253.59 12098.5
61.0676 -4125.85 -6077.25 7346.46 1 2
-535.886 2064.11 1052.16 2380.32 -1 1
3428.01 4215.3 3221.88 6317.57 1 1
1090.37 -4079.82 -2176.34 4751.99 -1 2
event 42
4691.17 -9895.26 15131.7 18933.6
-9869.92 2317.26 -22146.3 24552.7
-5231.08 -120.541 -12950.2 13967.7 -1 2
1818.56 -1227.43 3691.42 4295.52 1 1
2872.61 -8667.83 11440.2 14638.1 -1 1
-4638.84 2437.8 -9196.12 10585 1 2
event 43
1002.16 -4953.46 8831.5 10636.1
8300.06 -8128.65 35545.3 37523.6
1986.01 -3195.61 4563.76 5915.68 -1 1
-983.858 -1757.85 4267.74 4720.47 1 1
4372.44 -5272.81 16433 17803.8 1 2
3927.63 -2855.84 19112.2 19719.8 -1 2
event 44
-9783.36 -4293.88 -24892.2 27264.7
321.957 -4482.93 -18487.4 19276.3
-1268.49 -3021.07 -11872.2 12316.5 1 2
-5126.14 -569.482 -11719.5 12804.7 1 1
1590.45 -1461.86 -6615.2 6959.79 -1 2
-4657.22 -3724.39 -13172.7 14460 -1 1
event 45
12359.6 -240.3 -14409 19236.1
-4345.57 4882.01 -12684.8 14601.9
-3606.16 2776.28 -5858.92 7419.59 -1 2
4046.77 -1461.14 -4196.35 6010.98 -1 1
8312.86 1220.84 -10212.7 13225.1 1 1
-739.408 2105.73 -6825.9 7182.27 1 2
event 46
6367.54 7813.93 22844 25160.4
3613.34 -2794.41 23356.3 23999.4
4823.66 3865.78 15374.8 16571.3 -1 1
1543.87 3948.15 7469.21 8589.05 1 1
3021.81 -469.411 11343 11748.5 -1 2
591.531 -2324.99 12013.3 12251 1 2
event 47
14196 13818.7 -14504.8 24748
4945.7 -7691.66 27418.7 29068.9
2704.74 -5956.9 15639.1 16952.6 1 2
6315 4487.75 -4505.09 8962.48 1 1
2240.95 -1734.76 11779.7 12116.2 -1 2
7881.03 9330.99 -9999.71 15785.5 -1 1
event 48
-5745.09 3659.15 -4439.98 8700.53
-2757.68 -7169.71 9919.67 12922.9
376.432 -3197.43 3797.96 4980.05 -1 2
-2596.35 134.642 -763.045 2711.56 1 1
-3134.11 -3972.28 6121.71 7942.81 1 2
-3148.74 3524.51 -3676.94 5988.97 -1 1
event 49
-3515.84 -12867.3 9248.16 16524.1
-3808.13 -3177.66 9822.63 11431.3
-3571.63 -8079.23 6780.6 11136.4 1 1
55.7924 -4788.02 2467.56 5387.79 -1 1
-1468.15 -3180.32 5820.24 6793.84 -1 2
-2339.98 2.66076 4002.39 4637.44 1 2
event 50
-8599.39 -4249.88 -33409 34896.5
6175.58 -176.078 23379 24379
3611.8 882.075 9064.69 9798.11 1 2
-3447.2 -2944.55 -11752.6 12597.1 1 1
2563.78 -1058.15 14314.3 14580.9 -1 2
-5152.19 -1305.33 -21656.5 22299.4 -1 1
event 51
6937.28 -18861.7 -10561.3 22913.3
-4885.1 957.383 21926.2 22696.5
6567.2 -14876 -7703.15 17993.7 1 1
370.083 -3985.72 -2858.11 4919.64 -1 1
-3198.45 -726.484 9710.9 10250.4 -1 2
-1686.66 1683.87 12215.3 12446.1 1 2
event 52
-10760.9 6987.15 298.888 13202.2
640.902 5499.23 -18042.1 19124.9
-5774.85 3235.81 -1329.58 6752.65 1 1
-4986.09 3751.34 1628.47 6449.55 -1 1
-751.628 3187.83 -6604.47 7372.74 -1 2
1392.53 2311.39 -11437.7 11752.1 1 2
event 53
5104.1 -5567.77 29151.7 30273.1
-3825.88 5509.58 -31230 32092
-2906.87 1502.41 -14179.1 14552.1 -1 2
2501.06 -1093 6768.8 7299.16 -1 1
2603.04 -4474.77 22382.9 22974 1 1
-919.008 4007.17 -17050.9 17539.9 1 2
event 54
-6364.93 -1144.64 -36011.4 36718.3
4611.74 5427.6 25.7976 7766.57
1471.11 2867.23 1359.71 3499.31 -1 2
-1701.75 -1737.41 -14036.1 14245.7 1 1
-4663.18 592.771 -21975.3 22472.7 -1 1
3140.63 2560.37 -1333.91 4267.26 1 2
event 55
-12087.1 11910.6 36236 40132.3
3392.92 -3129.95 2462.44 6399.86
3111.88 -381.511 1171.87 3348.7 1 2
-4713.69 3997.73 16611.8 17724.6 -1 1
281.039 -2748.43 1290.57 3051.16 -1 2
-7373.37 7912.83 19624.3 22407.6 1 1
event 56
5522.59 6319.14 -3582.3 9636.08
18322.9 -8572.04 41558.8 46324.2
4391.88 2882.76 -2714.79 5914.4 1 1
1130.72 3436.37 -867.503 3721.68 -1 1
15838.6 -8323.76 35069.2 39370.1 -1 2
2484.26 -248.274 6489.66 6954.14 1 2
event 57
-4659.62 -2435.13 -333.274 6110.92
-10097.2 3419.11 3661.71 11689.4
-1953.2 -2601.49 -814.039 3355.08 1 1
-2706.41 166.36 480.764 2755.84 -1 1
-5466.34 3456.88 2087.5 6797.04 -1 2
-4630.84 -37.7674 1574.21 4892.39 1 2
event 58
-5561.59 -10268.1 1417.48 12164.1
2357.81 7412.85 7601.89 11308.8
2588.56 3051.5 3550.01 5350.33 1 2
-992.203 -1866.22 -936.234 2314.07 -1 1
-4569.38 -8401.91 2353.72 9850 1 1
-230.748 4361.35 4051.88 5958.48 -1 2
event 59
9634.91 -809.109 -10245.3 14423.7
-1546.66 -18823.9 2055.87 19249.7
-1475.16 -3354.24 247.954 3674.19 1 2
2796.07 -1637.83 -2855.1 4320.1 1 1
-71.5025 -15469.7 1807.92 15575.5 -1 2
6838.84 828.721 -7390.25 10103.6 -1 1
event 60
5056.2 7013.91 -5089.36 10500.1
5182.17 -3857.34 13290.4 15098.3
1861.05 4800.99 -3812.44 6407.73 -1 1
3195.15 2212.91 -1276.92 4092.39 1 1
2024.72 127.236 4617.81 5044.9 -1 2
3157.45 -3984.58 8672.58 10053.4 1 2
event 61
7312.11 -1613.34 -8585.18 11805.4
15759.2 -4178.09 -15583.4 22764.9
4057.79 140.443 -2778.75 4921.18 1 1
3254.32 -1753.78 -5806.43 6884.2 -1 1
11005.9 -2450.65 -12528.1 16855.2 1 2
4753.36 -1727.45 -3055.31 5909.7 -1 2
event 62
4421.74 -7048.94 -137.01 8879.72
6563.9 -4644.75 -14472.6 16843.6
2150.04 -2954.51 -8293.15 9063.07 -1 2
424.229 -3381.69 -477.904 3443.16 -1 1
3997.51 -3667.26 340.894 5436.56 1 1
4413.87 -1690.24 -6179.48 7780.51 1 2
event 63
-5754.84 -5029.86 9037.58 12234.6
1098.36 -7034.53 -24302.3 25512.5
1687.49 -2538.8 -7211.18 7829.77 -1 2
-835.067 -2080.28 4060.92 4639.73 -1 1
-4919.78 -2949.58 4976.66 7594.9 1 1
-589.123 -4495.74 -17091.2 17682.7 1 2
event 64
2042.56 12023.2 -2402.89 12809.9
-5628.82 1691.57 11360.4 13160.3
-3787.84 509.876 4233.57 5704.56 1 2
-669.921 4436.64 -392.403 4505.3 1 1
-1840.98 1181.7 7126.84 7455.78 -1 2
2712.48 7586.56 -2010.49 8304.62 -1 1
event 65
7927.81 -339.81 -3838.56 9343.02
-4364.46 8899.89 -14908.7 18169.1
-85.2161 3102.87 -3544.19 4712.48 -1 2
2679.98 953.41 -2464.82 3765.34 1 1
-4279.24 5797.02 -11364.5 13456.6 1 2
5247.83 -1293.22 -1373.74 5577.68 -1 1
event 66
-1402.23 -7333.47 -1798.65 8280.82
-6134.43 -3754.29 -8184.38 11326.9
-2171.03 -3544.09 -1424.25 4394.72 -1 1
768.802 -3789.38 -374.401 3886.1 1 1
-4774.17 -1944.54 -7200.27 8856.01 -1 2
-1360.26 -1809.75 -984.113 2470.87 1 2
event 67
-4049.48 3938.65 -4802.38 8035.24
7323.06 7373.34 534.644 10856.8
-2746.31 1647.19 -4278.86 5345.58 -1 1
-1303.17 2291.45 -523.522 2689.66 1 1
3427.8 4989.78 -777.023 6104.31 1 2
3895.26 2383.56 1311.67 4752.48 -1 2
event 68
-11955.5 -3032.34 29983.4 32568.8
5402.12 -1935.3 3465.78 7384.5
-6248.15 -518.097 12090.2 13619.5 1 1
-5707.33 -2514.25 17893.2 18949.2 -1 1
4007.87 79.8866 1666.52 4342.57 -1 2
1394.25 -2015.18 1799.26 3041.94 1 2
event 69
1564.54 8838.62 35853.7 37089.7
2327.5 -9803.17 -10227.5 14687.1
131.775 -4375.68 -6157.75 7555.99 1 2
-717.92 3616.41 11463.7 12042.5 1 1
2195.73 -5427.5 -4069.76 7131.13 -1 2
2282.46 5222.21 24390 25047.2 -1 1
event 70
6604.36 5727.27 10847.6 14271.7
-7277.3 5899.1 15384 18276.1
-3798.1 1927.92 4608.83 6276.53 1 2
2280.35 558.695 1660.65 2877.68 -1 1
4324.01 5168.58 9186.96 11394 1 1
-3479.2 3971.18 10775.2 11999.6 -1 2
event 71
-1066.45 -6781.06 -242.973 7534.61
-10312.8 -18349.2 11931.1 24392.4
340.91 -5315.45 539.525 5354.67 -1 1
-1407.36 -1465.6 -782.498 2179.94 1 1
-6864.45 -9795.58 5617.28 13215.1 1 2
-3448.35 -8553.59 6313.85 11177.2 -1 2
event 72
10201.3 -343.563 -6807.51 12653.8
-3726.35 -9182.02 -24836.4 26919
-1938.43 -4422.56 -16115.8 16824 1 2
1997.98 566.004 -215.757 2090.45 1 1
8203.27 -909.567 -6591.76 10563.3 -1 1
-1787.92 -4759.46 -8720.6 10095 -1 2
event 73
-5289 38.2703 -23165.1 23962.2
5437.44 -5774.7 -19485.3 21264.5
-3049.44 1479.55 -14763.9 15148.4 -1 1
-2239.56 -1441.28 -8401.14 8813.81 1 1
3999.64 -1997.94 -10222.8 11158.2 1 2
1437.8 -3776.77 -9262.53 10106.3 -1 2
event 74
-7916.13 1991.68 3450.17 9387.61
-1991.06 -10002.8 24340.4 26571.9
566.025 -4679.46 9708.13 10792.4 1 2
-2908.41 804.447 -277.256 3032.16 -1 1
-2557.08 -5323.39 14632.3 15779.5 -1 2
-5007.72 1187.23 3727.43 6355.45 1 1
event 75
-10103.4 2552.01 19263.9 22119.6
-6555.87 5553.42 -852.003 9172.59
-5717.72 2044.48 13919.8 15187 1 1
-4385.64 507.524 5344.06 6932.64 -1 1
-2608.12 1214.03 -1540.36 3264.96 -1 2
-3947.76 4339.39 688.353 5907.63 1 2
event 76
10137.1 3303.67 4206.72 11872.8
3021.31 -4028.2 23642.1 24370
6635.15 573.32 2531.75 7125.65 -1 1
3501.95 2730.35 1674.98 4747.12 1 1
2817.97 -1186.45 11999.4 12383.3 -1 2
203.332 -2841.75 11642.7 11986.7 1 2
event 77
-549.573 8809.32 -33605.8 34883.3
1282.76 5436.1 6043.67 8792.8
588.015 4766.72 -22556.1 23062 1 1
-1137.59 4042.6 -11049.7 11821.3 -1 1
-784.024 3155.44 2534.19 4123.68 -1 2
2066.78 2280.67 3509.48 4669.12 1 2
event 78
1291.15 5545.68 -3167.39 7214.22
-8101.81 -5719.22 -13097.7 16718
-23.3082 3267.46 -3209.75 4581.53 -1 1
1314.46 2278.22 42.3613 2632.69 1 1
-3717.89 -4431.6 -6645.72 8811.27 -1 2
-4383.92 -1287.62 -6452.02 7906.73 1 2
event 79
8202.77 -7925.55 44748.1 46282.6
-4250.48 -8573.49 -13458.2 16801.4
-3485.53 -5169.44 -10563.7 12266.8 1 2
3760.01 -3578.43 26525.8 27029.1 1 1
-764.942 -3404.05 -2894.57 4534.57 -1 2
4442.76 -4347.11 18222.2 19253.5 -1 1
event 80
9816.29 7747.22 7221.86 14769.1
-6861.85 1573.3 -10439 12966.3
-4449.24 2228.64 -5423.78 7361.46 -1 2
2337.77 3070.05 1041.82 3998.36 -1 1
7478.52 4677.17 6180.04 10770.7 1 1
-2412.61 -655.342 -5015.27 5604.84 1 2
event 81
45848.8 -22540.1 37539.5 63474.2
11277.6 -5955.1 32600.3 35142.9
23704.8 -10405.5 17684.1 31351.7 1 1
22144 -12134.6 19855.5 32122.5 -1 1
8541.76 -2968.7 21408.6 23240.4 -1 2
2735.87 -2986.4 11191.7 11902.5 1 2
event 82
15875.1 11766.7 25361.5 32299.8
-6260.07 -7803.8 -10675.2 14954.6
-2355.97 -2546.84 -5915.65 6858.8 1 2
2022.01 370.908 2399.41 3161.4 -1 1
13853.1 11395.8 22962.1 29138.4 1 1
-3904.1 -5256.97 -4759.59 8095.84 -1 2
event 83
5253.38 2102.38 9804.35 11736
-2141.52 11416.4 41884.4 43575.4
3420.27 585.942 3223.2 4737.27 -1 1
1833.11 1516.44 6581.15 6998.75 1 1
-1300.51 7357.91 31916.2 32779.4 -1 2
-841.007 4058.47 9968.17 10796 1 2
event 84
9910.02 3994.71 -25159.3 27509
-3657.35 5894.92 -5199.93 9206.31
5587.96 1803.7 -10035.8 11627.9 -1 1
4322.06 2191.01 -15123.4 15881.1 1 1
98.8507 2586.57 -1766.97 3135.83 -1 2
-3756.2 3308.36 -3432.96 6070.48 1 2
event 85
-2486.78 6827.65 10421.2 13228.3
-9534.58 -983.419 -12899.1 16366.2
-3676.94 -1320.67 -3298.81 5114.43 1 2
338.246 3769.23 3529.35 5175.8 -1 1
-5857.64 337.25 -9600.26 11251.8 -1 2
-2825.03 3058.42 6891.82 8052.52 1 1
event 86
-6525.43 8814.05 13574 17723.2
1549.54 -8063.2 -3750.78 9543.37
-3722.65 6227.62 10778.5 12993.4 1 1
-2802.78 2586.43 2795.46 4729.8 -1 1
-893.016 -1907.86 -510.283 2170.02 -1 2
2442.56 -6155.34 -3240.5 7373.35 1 2
event 87
6991.86 403.886 -22075.9 23366.4
1329.85 9412.36 6620.04 11990.7
3451.87 1744.31 -11421.2 12058.7 -1 1
3539.99 -1340.42 -10654.8 11307.7 1 1
-319.586 5580.1 5044.27 7529.64 1 2
1649.43 3832.26 1575.77 4461.07 -1 2
event 88
-7082.46 -3245.86 -27918.3 29149.9
-10532.7 -5439.3 -1327.18 12323.8
-3908.47 -1278.66 -1791.41 4486.81 1 2
-3606.45 -293.877 -9267.16 9949.08 -1 1
-6624.23 -4160.64 464.229 7836.96 -1 2
-3476.01 -2951.99 -18651.1 19200.8 1 1
event 89
-455.302 -6412.76 13745.2 15487.2
-6866.64 -6866.71 -27390.8 29225.8
-445.8 -3306.48 10392.4 10915.4 1 1
-9.50238 -3106.28 3352.8 4571.81 -1 1
-3744.14 -3305.63 -9688.97 10901.1 1 2
-3122.5 -3561.09 -17701.8 18324.8 -1 2
event 90
9505.42 3839.49 -6461.11 12507.2
6901.01 -4685.83 -14335.9 16872.8
3670.91 -1160.06 -4412.3 5856.7 1 2
3253.32 670.052 -3698.24 4972.04 -1 1
6252.1 3169.44 -2762.87 7535.16 1 1
3230.1 -3525.77 -9923.63 11016.1 -1 2
event 91
-7020.73 -763.167 -9564.11 12285.6
2373.57 7252.18 -14173.1 16392
-4092.18 -1949.17 -5241.69 6930.49 1 1
-2928.54 1186 -4322.42 5355.13 -1 1
1734.94 4674.76 -11870.5 12875.6 -1 2
638.632 2577.42 -2302.68 3516.31 1 2
event 92
-2239.77 7274.11 5839.94 10080.9
-5363.29 16682.3 5131.94 18520
-2761.15 3795.23 3198.28 5680.48 1 1
521.376 3478.87 2641.66 4400.44 -1 1
-2007.08 10640.7 2426.53 11097.4 1 2
-3356.22 6041.59 2705.42 7422.63 -1 2
event 93
3290.04 -12985.6 -62906.3 64391.3
-3296.8 6234.91 34498.5 35348
652.407 -7596.94 -30869.3 31797.2 -1 1
2637.63 -5388.63 -32037 32594.1 1 1
-3248.99 3931.08 27781.9 28246.3 -1 2
-47.8137 2303.83 6716.69 7101.76 1 2
event 94
6491.3 -466.706 -3253.08 7907.48
16414.6 -9303.33 -25353.9 31755.4
4272.42 981.127 -2839.14 5223.8 1 1
2218.87 -1447.83 -413.944 2683.68 -1 1
11501.5 -4850.55 -16182.5 20437.6 1 2
4913.1 -4452.78 -9171.43 11317.8 -1 2
event 95
7315.09 -202.919 -13903.7 16014.2
8749.88 -2729.92 10547.1 14312.4
6602.98 -2946.67 6493.25 9718.84 1 2
3033.39 -597.706 -3071.77 4359.55 1 1
2146.9 216.752 4053.86 4593.59 -1 2
4281.69 394.787 -10831.9 11654.6 -1 1
event 96
14250 -6002.24 -2273.66 15932.6
1402.01 -5669.96 18138.8 19305.9
2222.8 -2736.28 10724.1 11289.2 1 2
5981.57 -919.231 -591.679 6081.56 -1 1
-820.788 -2933.67 7414.6 8016.71 -1 2
8268.39 -5083 -1681.98 9851.06 1 1
event 97
9805.79 17884.4 -4081.42 21029.8
11890.6 8182.92 49761.9 51905.5
3399.71 3508.16 20732.5 21300.6 -1 2
1041.15 4574.57 -985.678 4795.14 -1 1
8764.64 13309.8 -3095.75 16234.7 1 1
8490.84 4674.75 29029.3 30604.9 1 2
event 98
-8784.45 3260.51 -1931.88 10055.9
-1746.46 6895.28 24688.4 25878.6
-2526.82 4942.46 19616 20386.6 1 2
-4088.77 1322.1 -2451.13 4948.25 1 1
780.359 1952.82 5072.36 5492.03 -1 2
-4695.69 1938.41 519.25 5107.61 -1 1
event 99
-7067.55 -1718.34 3215.97 8534.42
3744.37 7188.02 395.442 8685.51
4038.45 4952.39 598.194 6419.06 1 2
-2336.49 -2093.66 1572.27 3510.81 1 1
-294.082 2235.63 -202.752 2266.45 -1 2
-4731.05 375.317 1643.69 5023.61 -1 1
