event 0
-9755.62 12373.7 -50532.8 53023
-6162.42 2962.77 6348.58 9830.98
-4396.14 1009.21 2475.88 5146.42 -1 2
-2551.65 2002.56 -7417.79 8096.67 -1 1
-7203.97 10371.1 -43115 44926.3 1 1
-1766.28 1953.55 3872.7 4684.56 1 2
event 1
-7325.79 -2006.74 9071.13 12229.9
4137.24 -9563.75 5477.69 12172.9
2529.15 -2283.16 1547.55 3743.73 -1 2
-1832.56 -1354.55 4530.44 5072.39 -1 1
1608.09 -7280.59 3930.14 8429.12 1 2
-5493.23 -652.196 4540.69 7157.51 1 1
event 2
2540.37 -3653.14 12655.9 13768.2
-21100.2 25195.2 45941 56570.2
482.114 -3286.05 7475.81 8181.04 1 1
2058.26 -367.09 5180.13 5587.13 -1 1
-12881 13563.6 24372.7 30723.5 1 2
-8219.25 11631.6 21568.3 25846.7 -1 2
event 3
460.201 11377.3 -27014 29478.8
3596.41 1774.41 6198.42 8005.88
987.415 5984.41 -17601.9 18617.9 -1 1
-527.214 5392.84 -9412.02 10860.8 1 1
3000.64 -187.32 3497.34 4613.19 -1 2
595.774 1961.73 2701.08 3392.69 1 2
event 4
4873.1 5915.02 10125.8 13071.2
381.76 -5958.4 6616.82 9435.12
1066.11 -3876.17 2404.52 4685.53 -1 2
2173.51 2492.24 2046.57 3890.37 1 1
2699.59 3422.78 8079.21 9180.85 -1 1
-684.35 -2082.23 4212.3 4749.59 1 2
event 5
-2702.68 -6817.35 1649.27 8129.7
8199.77 -5931.19 21965.1 24381.8
6532.08 -3938.84 13272.6 15308.7 1 2
-2308.26 -1971.94 1123.26 3238.75 1 1
1667.69 -1992.35 8692.52 9073.13 -1 2
-394.423 -4845.41 526.004 4890.96 -1 1
event 6
-10730.5 4538.58 16922.3 20873.3
-7545.35 3540.55 38118 39141.3
-7157.71 2549.74 13698.9 15665.5 1 1
-3572.8 1988.84 3223.31 5207.81 -1 1
-3091.84 1910.52 10328.2 10949.5 -1 2
-4453.51 1630.03 27789.8 28191.7 1 2
