event 0
-5092.99 1348.31 8721.7 10649.7
-1184.12 -7386.26 -7200.98 10835.3
576.837 -3227.29 -1630.01 3662.82 1 2
-1073.36 1758.79 3176.76 3787.93 -1 1
-1760.95 -4158.97 -5570.97 7172.5 -1 2
-4019.63 -410.483 5544.94 6861.74 1 1
event 1
-14103 5582.02 -26740.9 30898.6
8576.45 -3369.8 -3279.78 10259.6
6217.98 -3805.95 -2806.79 7812.67 -1 2
-6303.48 1831.19 -8799.93 10978.9 1 1
-7799.56 3750.83 -17941 19919.6 -1 1
2358.46 436.143 -472.989 2446.93 1 2
event 2
7338.86 4175.6 -30741.5 32030.1
-4717.57 -4598.9 -8947.74 11535.1
4786.53 997.375 -17957.9 18611.9 1 1
2552.32 3178.22 -12783.7 13418.2 -1 1
-1226.38 -2227.07 -5585.68 6137.98 -1 2
-3491.19 -2371.82 -3362.06 5397.09 1 2
event 3
6944.05 7945.4 -10203.3 15001.5
-12401.7 -22566.7 5474.83 26507
4599.86 6927.2 -8697.02 12033 -1 1
2344.19 1018.2 -1506.23 2968.48 1 1
-8485.62 -14074.4 2119.38 16571 -1 2
-3916.09 -8492.28 3355.45 9936.03 1 2
