event 0
-7048.2 3789.55 -18470.2 20366
6612.59 -941.812 -11120.2 13336.6
4595.98 775.033 -6324.55 7857.15 1 2
-2929.31 1792.74 -11691.5 12186 -1 1
2016.61 -1716.85 -4795.69 5479.42 -1 2
-4118.89 1996.81 -6778.64 8180.08 1 1
event 1
5381.41 8554.05 -1426.08 10665.6
-6624.65 -7879.38 46018.7 47257.6
-4795.96 -5193.24 37033.3 37702.1 1 2
1599.91 2848.04 974.934 3410.68 -1 1
-1828.69 -2686.13 8985.31 9555.43 -1 2
3781.5 5706.01 -2401.02 7254.95 1 1
event 2
-7707.55 8391.35 -13735.9 18113.2
4758.5 -8485.81 -2229.34 10450.3
1510.36 -3461.38 -2378.91 4464.61 1 2
-1990.76 498.256 -2178.71 2994.89 -1 1
-5716.78 7893.09 -11557.2 15118.3 1 1
3248.14 -5024.43 149.57 5985.72 -1 2
event 3
-4563.53 8189.16 -3987.79 10648
6874.74 3490.06 -32990.2 34020.4
-1900.99 6288.49 -3046.41 7242.28 1 1
-2662.54 1900.68 -941.381 3405.74 -1 1
2407.74 450.533 -5776.38 6275.18 -1 2
4467 3039.53 -27213.9 27745.2 1 2
event 4
6479.57 -9007.19 -12171.3 16758.5
3189.22 -9907.43 -2378.23 11116.4
2811.69 -6353.79 -245.108 6953.23 1 2
2180.25 -5054.81 -7356.88 9189.1 1 1
377.528 -3553.65 -2133.13 4163.21 -1 2
4299.32 -3952.38 -4814.46 7569.39 -1 1
event 5
-7032.44 -3628.58 -6850.57 10915.2
-5895.68 -2106.78 13550.2 15244.6
-2571.11 -2467.78 8089.89 8840.7 1 2
-4176.23 -461.944 -2949.64 5134.77 -1 1
-3324.57 360.996 5460.33 6403.86 -1 2
-2856.21 -3166.63 -3900.93 5780.48 1 1
event 6
-3434.84 -8296.49 -12980.7 16084.7
-13321.1 -793.532 -18029.5 22643.7
-6511.28 -246.022 -6269.8 9043.16 -1 2
-2034.78 -1445.19 -3154.28 4023.63 1 1
-1400.06 -6851.3 -9826.44 12061.1 -1 1
-6809.84 -547.51 -11759.7 13600.5 1 2
event 7
5886.1 -13562 73747.7 75278.8
-14753.3 7931.32 46830.8 49832.5
2368.62 -8580.96 39340.7 40335.4 1 1
3517.48 -4981.08 34407.1 34943.4 -1 1
-12880.1 6424.76 36745.4 39464 -1 2
-1873.22 1506.56 10085.4 10368.5 1 2
event 8
12141.6 2122.38 11144.6 16903.1
183.249 9005.05 10250.6 13992.5
-759.544 6004.9 4912.88 7796.36 -1 2
4320.84 1347.92 2324.95 5089.5 1 1
7820.77 774.465 8819.67 11813.6 -1 1
942.794 3000.15 5337.72 6196.15 1 2
event 9
-4789.3 -5059.48 6765.91 10193.3
15233.7 -1787.81 -35462.2 38761.1
-2626.56 -4416.71 5762.91 7721.95 1 1
-2162.74 -642.775 1003 2471.39 -1 1
8555.17 -2543.15 -20217.2 22099.9 -1 2
6678.55 755.34 -15245 16661.2 1 2
event 10
1504.3 13483.8 17398.6 22279.5
-2176.63 -4859.9 -21250.6 22125.4
159.317 8598.92 12892.1 15497.9 -1 1
1344.98 4884.93 4506.43 6781.64 1 1
-1246.86 -2874.4 -17509.8 17788.2 -1 2
-929.761 -1985.5 -3740.8 4337.22 1 2
event 11
7013.35 -1871.39 17376.5 19084.6
7337.68 9681.9 -19655.3 23313.1
3062.08 2929.51 -9394.01 10306.2 -1 2
2874.67 243.285 4073.76 4992.95 1 1
4275.6 6752.38 -10261.3 13006.9 1 2
4138.68 -2114.67 13302.7 14091.6 -1 1
event 12
-2267.2 6029.59 2678.15 7632.81
-6165.98 -12651.7 5582.34 15454.4
-1656.54 2995.27 2955.46 4523.45 1 1
-610.662 3034.32 -277.314 3109.35 -1 1
-4964.85 -7851.5 2488.56 9617.69 1 2
-1201.13 -4800.15 3093.78 5836.68 -1 2
event 13
-7128.33 -1922.12 -302.095 8011.87
4238.94 9200.4 36031.6 37556.4
888.204 4245.58 19466.1 19943.8 -1 2
-1966.44 404.914 -1101.7 2292.54 1 1
3350.74 4954.81 16565.5 17612.6 1 2
-5161.9 -2327.03 799.605 5719.33 -1 1
event 14
-8271.09 2430 9304.58 13056.9
15295.9 1795.06 81132 82638.8
-4874.58 2959.42 5411.09 7861.98 -1 1
-3396.51 -529.415 3893.49 5194.9 1 1
13216.4 513.626 70415.9 71647.4 -1 2
2079.44 1281.43 10716.1 10991.4 1 2
event 15
5419.19 -8254.99 49488.2 50558.7
1031.24 -8911.31 11545.8 14945.6
3918.06 -3417.58 28254 28728.6 1 1
1501.13 -4837.41 21234.2 21830.2 -1 1
2060.1 -7195.18 8995.56 11702.4 -1 2
-1028.86 -1716.13 2550.21 3243.21 1 2
event 16
15853 1160.64 1338.35 16249.5
2347.94 -7573.56 24335.4 25781.3
8063.42 2110.8 981.582 8393.39 1 1
7789.6 -950.156 356.768 7856.15 -1 1
2987.6 -4946.38 15593.8 16630.4 -1 2
-639.662 -2627.18 8741.69 9150.93 1 2
event 17
-10762.7 -2706.74 -55249.1 56437.7
2833.72 -4311.02 -19704.3 20602.7
2920.17 -1839.58 -13173.4 13618.4 1 2
-4243.62 399.838 -22705.2 23102 -1 1
-86.4498 -2471.44 -6530.94 6984.25 -1 2
-6519.05 -3106.58 -32543.9 33335.6 1 1
event 18
-955.626 -11441.5 -38125.4 39936.9
4893.82 4552.37 -4820.88 8803.59
719.694 -6313.46 -23634.6 24474.2 1 1
-1675.32 -5128.04 -14490.7 15462.7 -1 1
2551.59 2443.02 -680.839 3599.12 -1 2
2342.23 2109.35 -4140.04 5204.47 1 2
event 19
-5712.96 -88.4847 28251.6 28989.5
3193.21 -6840.55 17542.8 19347.6
2862.61 -2782.05 7228.19 8257.86 1 2
-1813.88 1429.45 9741.04 10011.6 -1 1
-3899.08 -1517.94 18510.6 18977.9 1 1
330.602 -4058.5 10314.6 11089.8 -1 2
event 20
-2124.6 6387.46 19713.7 21060.4
309.13 8713.4 258.84 9469.51
1848.24 3236.04 -359.971 3745.49 1 2
-2191.86 2030.03 9379.52 9844.38 1 1
-1539.11 5477.36 618.812 5724.02 -1 2
67.2591 4357.43 10334.2 11216 -1 1
event 21
1188.96 -5023.48 -13555 14831.6
-2777.33 11038.9 19240 22657
77.5377 -3197.29 -4466.56 5494.54 -1 1
1111.42 -1826.19 -9088.46 9337.1 1 1
-2615.73 6582.03 14558.3 16190.2 -1 2
-161.601 4456.91 4681.71 6466.82 1 2
event 22
5084.52 191.788 2720.13 6548.27
19970.6 -10864.2 -6813.19 23934.6
3110.56 -288.316 3183.99 4461.8 1 1
1973.96 480.104 -463.858 2086.47 -1 1
15498.3 -8744.86 -3995.04 18238.5 -1 2
4472.2 -2119.34 -2818.15 5696.08 1 2
event 23
9627.76 -1828.3 55163 56112.2
-395.835 10102.8 13055.9 16800.9
-1530.81 4956.16 7710.51 9293.54 -1 2
3079.56 846.016 18211.1 18489.3 -1 1
6548.2 -2674.31 36951.8 37622.9 1 1
1134.97 5146.68 5345.37 7507.37 1 2
event 24
-6531.27 3768.64 1317.09 8257.46
-6275.02 3641.41 -9253.53 12159.6
-4557.75 1023.09 136.084 4674.34 -1 1
-1973.52 2745.55 1181 3583.12 1 1
-2253.55 1915.58 -1656.46 3391.6 -1 2
-4021.47 1725.83 -7597.06 8767.97 1 2
event 25
-1288.92 -7172.01 14603.7 16612
-2508.84 -12129.3 1554.99 12861.7
-2303.94 -5098.78 10722.2 12094.7 1 1
1015.02 -2073.23 3881.51 4517.28 -1 1
109.542 -6826.64 438.375 6842.39 -1 2
-2618.39 -5302.66 1116.62 6019.31 1 2
event 26
11056.7 -2940.78 40902.6 42585.4
-4116.41 -7463.9 38791.3 39837.3
-1545.35 -5585.23 22290.2 23031.5 -1 2
4074.95 -743.589 20364 20781.2 -1 1
6981.73 -2197.2 20538.7 21804.2 1 1
-2571.06 -1878.67 16501.1 16805.9 1 2
event 27
4155.86 -5748.69 4427.65 8917.06
-4373 5680.86 -7177.33 10606.5
-618.648 3260.88 -3443.51 4783.83 -1 2
1944.68 -481.129 1438.88 2468.77 1 1
2211.17 -5267.56 2988.76 6448.29 -1 1
-3754.35 2419.98 -3733.82 5822.72 1 2
event 28
-3287.89 11231.3 -13866.1 18406.8
-2100.18 13077.7 -28509 31587.8
-1788.19 7514.38 -11147.8 13562.8 1 1
-1499.7 3716.96 -2718.29 4844.08 -1 1
-640.854 10285.7 -23622.5 25772.8 -1 2
-1459.33 2792.03 -4886.47 5814.97 1 2
event 29
-9378.35 2808.29 17974.8 20700.8
3880.07 -4669.69 -164.504 6817.46
3871.88 -2428.39 -98.6387 4572.69 1 2
-4081.93 2807.82 9246.91 10491.1 -1 1
8.18046 -2241.3 -65.8652 2244.77 -1 2
-5296.41 0.471091 8727.86 10209.7 1 1
event 30
4680.34 -5656.57 -7814.25 11160.5
-7638.81 1311.17 20813.4 22424.5
-3387.36 -512.233 11870.8 12355.7 1 2
-5.93978 -2046.4 -1887.41 2785.9 -1 1
4686.28 -3610.17 -5926.84 8374.56 1 1
-4251.45 1823.41 8942.61 10068.8 -1 2
event 31
6338.62 7551.11 1239.56 10408.1
7368.39 -7781.42 -33552 35357.8
3729.51 -2108.26 -10512.7 11352.6 -1 2
1558.09 3669.66 1455.8 4245.54 -1 1
3638.88 -5673.16 -23039.3 24005.2 1 2
4780.53 3881.45 -216.24 6162.55 1 1
event 32
507.394 7962.74 -13140.2 15681.8
-4796.51 9055.04 11164.4 15467.2
-3372.45 3719.84 6653.83 8336.38 -1 2
-1297.64 3013.58 -5353.3 6279.69 -1 1
-1424.07 5335.21 4510.56 7130.83 1 2
1805.04 4949.16 -7786.93 9402.11 1 1
event 33
-1150.79 8589.58 -39328.1 40390.5
-5928.55 -7459.38 22710.6 24822.5
-1596.26 -4252.31 8796.73 9900.7 -1 2
981.156 2123.54 -12049.2 12274.6 -1 1
-2131.95 6466.05 -27278.9 28115.9 1 1
-4332.29 -3207.07 13913.8 14921.8 1 2
event 34
8502.39 -6169.4 4181.24 11722.9
-633.695 -9709.95 36020 37492.8
1106.63 -4151.79 11150 11949.7 -1 2
3337.34 -1643.32 2941.29 4743.49 -1 1
5165.05 -4526.09 1239.95 6979.39 1 1
-1740.32 -5558.15 24870 25543.1 1 2
event 35
4796.17 -3392.06 -7815.68 10256
-8982.17 10321.8 5879.26 15211.1
2074.25 -2330.33 -6135.74 6884.14 1 1
2721.91 -1061.73 -1679.94 3371.86 -1 1
-5739.47 4242.61 3002.93 7744.03 -1 2
-3242.7 6079.23 2876.33 7467.03 1 2
event 36
-5775.65 -10612.8 11727.2 17120.4
4232.62 -103.816 -7757.53 9364.61
-3703.47 -6109.32 8897.75 11411.4 -1 1
-2072.17 -4503.47 2829.44 5708.94 1 1
2706.57 -1453.2 -3600.85 4734.4 -1 2
1526.05 1349.38 -4156.68 4630.21 1 2
event 37
5984.18 210.247 -3428.04 7562.87
2181.49 10422.7 29893 31883.8
4299.98 -986.067 -3262.11 5487.68 -1 1
1684.2 1196.31 -165.933 2075.18 1 1
-146.167 5901.64 13918 15118.6 -1 2
2327.66 4521.02 15975 16765.1 1 2
event 38
-5648.41 -3771.71 -7515.42 10592.6
-4068.14 7607.04 -26785.7 28310.4
-380.305 3705.87 -12719.8 13254.5 1 2
-2616.42 -48.4104 -2122.37 3371 -1 1
-3687.84 3901.17 -14065.9 15055.9 -1 2
-3031.99 -3723.3 -5393.05 7221.64 1 1
event 39
1823.91 6808.84 -9891.75 12534.9
-14910.6 6192.4 -30536.8 34680.8
-21.4824 5044.67 -7469.69 9014.24 -1 1
1845.39 1764.17 -2422.06 3520.7 1 1
-9613.2 4765.68 -17378.3 20424 1 2
-5297.38 1426.72 -13158.5 14256.8 -1 2
event 40
7024.9 -2722.88 -11690.4 14248.6
4226.55 -8539.16 -9905.95 14089
289.459 -3686.62 -4501.57 5826.69 -1 2
3192.12 302.914 -3853.92 5014.51 1 1
3937.09 -4852.53 -5404.38 8262.33 1 2
3832.77 -3025.8 -7836.53 9234.06 -1 1
event 41
7008.77 -859.395 1428.14 7841.68
-6017.92 -9728.31 7257.6 13896.7
-1010.46 -4378.82 3223.91 5531.71 1 2
2207.22 1164.41 401.809 2529.88 1 1
-5007.46 -5349.49 4033.69 8365.02 -1 2
4801.55 -2023.81 1026.33 5311.8 -1 1
event 42
11276.8 5430.59 -5871.1 14167.4
2198.06 -7019.04 11693 14156.9
255.087 -5020.86 8819.99 10152.7 1 2
4618.69 3083.5 -4055.16 6877.19 1 1
1942.98 -1998.18 2873.01 4004.15 -1 2
6658.08 2347.09 -1815.93 7290.24 -1 1
event 43
-8669.77 7089.36 18825.2 22122.5
-2184.53 -12909.9 157.633 13455.6
641.665 -4876.31 -280.559 4927.47 -1 2
-3445.01 1660.96 8674.06 9480.37 1 1
-2826.19 -8033.59 438.192 8528.13 1 2
-5224.75 5428.41 10151.1 12642.1 -1 1
event 44
-4345.43 1650.88 -2006.56 5935.09
-9093.9 1345.15 6168.47 11495.6
-2513.69 2507.29 -1437.77 3831.91 -1 1
-1831.74 -856.416 -568.79 2103.19 1 1
-4930.93 218.128 4998.86 7025.77 -1 2
-4162.97 1127.02 1169.61 4469.86 1 2
event 45
2594.83 5736.24 -19080.4 20329.6
34951.2 -1026.1 -60372.7 69836.2
463.428 4462.69 -11167.2 12035.3 1 1
2131.41 1273.55 -7913.23 8294.28 -1 1
28018.2 -990.309 -45833.9 53728.6 -1 2
6932.93 -35.7863 -14538.8 16107.6 1 2
event 46
-3689.19 4664 -6558.84 9379.34
-20624.1 3067.06 -30854.2 37367.5
-3492.95 837.905 -3511.51 5024.4 1 2
-71.8008 2468.64 -2435.8 3470.39 -1 1
-17131.1 2229.16 -27342.7 32343.1 -1 2
-3617.39 2195.36 -4123.04 5908.95 1 1
