event 0
-5703.91 5840.74 -5835.91 10502.2
-4845.34 5161.46 -886.244 7777.82
-3058.61 1581.73 -1446.82 3736.5 -1 2
-2461.03 1781.29 -549.353 3089.11 -1 1
-3242.88 4059.45 -5286.55 7413.11 1 1
-1786.73 3579.73 560.579 4041.32 1 2
event 1
2687.5 -7087.13 1174.78 8271.71
15142.1 1513.46 19952.1 25283.4
1935.18 -4587.44 -737.108 5034.28 1 1
752.326 -2499.69 1911.89 3237.43 -1 1
8071.59 1323.51 8309.19 11660 1 2
7070.48 189.953 11643 13623.4 -1 2
event 2
10707.2 3199.77 -347.972 11601.5
-6047.73 -2710.96 8160.91 10959.7
6807.07 3433.05 343.673 7632.26 1 1
3900.08 -233.274 -691.645 3969.21 -1 1
-1672.31 -2397.11 3413.03 4494.74 -1 2
-4375.42 -313.854 4747.88 6465.01 1 2
event 3
5586.03 4850.81 17827.4 19548.5
-5431.29 -4447.44 -11484.5 13811.7
-2822.79 -1229.5 -7296.3 7920.04 1 2
549.514 2194.24 4045.36 4636.03 -1 1
5036.51 2656.57 13782.1 14912.4 1 1
-2608.5 -3217.95 -4188.15 5891.63 -1 2
event 4
5229.7 7140.95 -6139.91 11208.5
-9052.76 577.251 -1247.05 9666.02
-3269.06 1315.07 -1495.18 3829.22 -1 2
2660.19 1772.65 -3359.93 4638.88 -1 1
2569.51 5368.3 -2779.98 6569.66 1 1
-5783.7 -737.822 248.127 5836.81 1 2
event 5
-4711.83 -2483.36 -4006.09 7348.92
3462.76 -12048.5 1382.53 12986.9
-3459.32 -628.763 -3669.83 5083.41 -1 1
-1252.51 -1854.59 -336.256 2265.51 1 1
3370.7 -6159.04 735.717 7060.3 1 2
92.0619 -5889.49 646.814 5926.56 -1 2
event 6
4375.97 284.39 -18661.5 19418.4
268.9 -10744.3 -5881.86 12637.2
2620.41 1618.79 -9191.38 9694.31 1 1
1755.57 -1334.4 -9470.14 9724.06 -1 1
483.869 -6488.61 -5179.9 8317.38 -1 2
-214.969 -4255.7 -701.956 4319.85 1 2
