event 0
-4516.31 2564.4 -5955.46 8487.13
890.312 -10121.9 5138.2 11799.9
-1792.15 2766.51 -3553.89 4848.36 1 1
-2724.16 -202.109 -2401.57 3638.77 -1 1
1324.29 -5426.06 4203.42 6991.12 -1 2
-433.975 -4695.81 934.78 4808.74 1 2
event 1
-1687.98 -5288.65 6693.52 9231.13
8581.29 6603.05 -65953.2 66907.8
-216.293 -3320.29 5652.5 6559.96 1 1
-1471.69 -1968.36 1041.03 2671.18 -1 1
4628.76 5416.09 -42981.2 43567.8 1 2
3952.53 1186.95 -22972 23340 -1 2
event 2
-925.716 -8721.99 -20069.7 22120.4
5753.06 -2581.03 -38711.8 39344
-2030.67 -4848.48 -10742.9 11960.5 1 1
1104.95 -3873.51 -9326.73 10159.9 -1 1
1559.94 -2351.12 -15300.8 15559.1 -1 2
4193.13 -229.909 -23411 23784.9 1 2
event 3
8569.54 2448.08 -38291.8 39437.1
-421.725 10798.2 20049.7 22986.1
4289.53 2823.32 -20576 21207.4 -1 1
4280.01 -375.24 -17715.8 18229.7 1 1
1187.25 5869.14 9492.49 11223.9 1 2
-1608.97 4929.02 10557.3 11762.3 -1 2
event 4
-6017.38 -5425.1 -24363.4 25861.3
5844.88 -3339.24 8396.64 11198.5
1838.42 -2520.55 4937.12 5841.17 1 2
-2137.65 -918.403 -3817.49 4471.84 1 1
-3879.73 -4506.7 -20545.9 21389.5 -1 1
4006.45 -818.69 3459.53 5357.37 -1 2
event 5
-173.639 -10157.4 9373.4 14165.3
-6740.44 -2234.63 37576.8 38367.1
-4780.28 -25.4157 24163.1 24631.6 -1 2
341.617 -3661.19 5393.97 6528.94 1 1
-515.256 -6496.23 3979.43 7636.33 -1 1
-1960.17 -2209.22 13413.7 13735.4 1 2
event 6
-2079.11 -8980.46 381.27 9731.76
-9437.51 6807.03 7928.99 14417.4
-3670.15 2755.37 4989.59 6780.06 -1 2
164.174 -2445.66 1273.84 2764.43 1 1
-5767.36 4051.66 2939.41 7637.39 1 2
-2243.28 -6534.79 -892.565 6967.33 -1 1
event 7
-5410.77 7036.74 30485.6 31902.3
7639.24 4526.03 -19741.1 21866.5
-3994.39 2669.46 16011.8 16717.4 1 1
-1416.38 4367.28 14473.8 15184.9 -1 1
5837.49 1754.81 -12889 14258.1 -1 2
1801.74 2771.21 -6852.11 7608.45 1 2
event 8
7574.53 -7617.32 -5506.28 12462.2
-10370.3 -2296.16 4873.05 12089.4
4812.46 -3138.49 -3952.88 6974.69 1 1
2762.06 -4478.83 -1553.4 5487.55 -1 1
-6967.03 -114.03 2519.46 7410.22 -1 2
-3403.26 -2182.13 2353.59 4679.14 1 2
event 9
7054.41 2808.63 -3066.89 8754.99
-4409.27 -5892.43 3956.66 8911.13
4348.48 1374.56 -3376.04 5675.17 -1 1
2705.92 1434.07 309.151 3079.82 1 1
-4278.9 -3550.4 2207.48 5983.18 -1 2
-130.372 -2342.03 1749.18 2927.95 1 2
event 10
741.702 -7816.69 -2733.57 8872.09
3758.82 4615.01 9605.75 11717
3529.01 2071.14 5132.73 6565.03 -1 2
1773.6 -3166.19 -1637.67 3982.91 1 1
-1031.9 -4650.49 -1095.89 4889.18 -1 1
229.812 2543.87 4473.02 5152.01 1 2
event 11
-5777.91 8106.53 29902.5 31667.8
-6168.17 2230.78 -17716.3 19143.7
-3288.39 5881.35 23486.2 24433.9 -1 1
-2489.52 2225.18 6416.25 7233.85 1 1
-2198.59 1544.4 -3796.31 4652.11 -1 2
-3969.58 686.376 -13920 14491.6 1 2
event 12
1054.92 -13321.9 -26438.6 29785.5
3391.5 -9300.59 -4820.27 11438.1
-111.701 -3960.85 -1488.46 4234.09 1 2
343.723 -2486.41 -8016.93 8401.35 -1 1
711.198 -10835.5 -18421.6 21384.1 1 1
3503.2 -5339.75 -3331.81 7203.99 -1 2
event 13
11286.9 5962.92 -5524.19 14249.9
-5570.07 -2457.06 -4612.54 8241.92
-3675.17 -3115.09 -3147.78 5755.9 1 2
4714.78 3610.13 -3826.23 7064.94 -1 1
-1894.9 658.034 -1464.76 2486.03 -1 2
6572.15 2352.79 -1697.96 7184.92 1 1
event 14
5193.62 -6178.62 -980.109 8700.64
-7052.17 2697.73 16184.4 18125.6
-3666.28 234.049 10019.6 10672.4 1 2
2113.58 -1762.29 -1746.54 3261.05 1 1
3080.04 -4416.33 766.426 5439.59 -1 1
-3385.89 2463.68 6164.79 7453.17 -1 2
event 15
5146.75 -5228.84 -21017.1 22475.3
176.595 -8820.88 -8747.54 12804.3
-506.797 -4074.51 -6016.55 7284.81 -1 2
1289.36 -2988.71 -6232.45 7032.03 1 1
683.391 -4746.38 -2730.99 5519.47 1 2
3857.39 -2240.13 -14784.6 15443.2 -1 1
event 16
-3230.19 -7541.17 19881.5 21729.4
1672.32 5704.65 3378.81 7506.45
2472.5 3374.6 2571.78 4911.86 -1 2
-2008.94 -3277.99 12871.5 13433.8 -1 1
-1221.25 -4263.18 7009.97 8295.6 1 1
-800.176 2330.05 807.036 2594.59 1 2
event 17
2915 4847.62 671.672 6483.73
-8909.32 7814.94 24689.7 27561.2
2496.42 2226.46 1546.74 3686.84 -1 1
418.587 2621.16 -875.065 2796.89 1 1
-5453.31 4119.13 17331.2 18630.3 -1 2
-3456.01 3695.81 7358.42 8930.87 1 2
event 18
-6746.5 6653.34 -9469.24 13749.2
-20714.5 -1237.19 79465.5 82188.6
-5041.73 359.068 24147.3 24670.8 -1 2
-2289.09 2498.54 -5549.22 6502.9 1 1
-15672.8 -1596.26 55318.2 57517.8 1 2
-4457.4 4154.8 -3920.01 7246.27 -1 1
event 19
-15185.9 -36309.2 78969.8 88288.1
-4493.6 -2882.31 -433.967 6187
-7918.98 -22464.7 49126.9 54597 1 1
-7266.95 -13844.5 29843 33691.1 -1 1
-1426.24 -2733.37 -426.132 3114.19 -1 2
-3067.36 -148.941 -7.83479 3072.81 1 2
event 20
-7323.9 3298.53 -30360.5 31557.4
4096.72 5684.28 26545.8 27629.1
-3979.3 1558.86 -21609 22027.8 1 1
-3344.6 1739.66 -8751.49 9529.57 -1 1
3912.36 2952.16 16104.8 16834.4 -1 2
184.359 2732.12 10441.1 10794.7 1 2
event 21
8473.94 -882.447 7635.35 11852.4
-1972.44 8307.27 -3642.88 9785.77
-9.61383 3981.86 -336.603 3997.47 -1 2
1819.6 -1518.87 2211.86 3243.67 -1 1
6654.34 636.421 5423.5 8608.76 1 1
-1962.82 4325.41 -3306.27 5788.3 1 2
event 22
352.535 -8095.02 3365.23 9304.26
2092.54 -6558.43 36262.3 37039.6
2874.11 -4494.75 26137.2 26676.3 1 2
-947.038 -3857.33 451.627 3998.87 -1 1
-781.568 -2063.68 10125.1 10363.3 -1 2
1299.57 -4237.69 2913.6 5305.39 1 1
event 23
-13001.5 444.795 -13031.5 18672.1
7198.01 -4180.63 13269.1 15967.2
5134.2 -2117.37 10792.9 12138.4 1 2
-5694.09 -48.8608 -7856.29 9703.48 1 1
2063.8 -2063.25 2476.23 3828.73 -1 2
-7307.46 493.656 -5175.19 8968.63 -1 1
event 24
-8154.83 9258.8 -29293.8 31936.6
1012.29 -7511.28 -10451.4 13276.5
-486.827 -6096.4 -8042.72 10104.4 -1 2
-4665.64 3349.51 -11254.6 12635.9 1 1
-3489.19 5909.29 -18039.2 19300.7 -1 1
1499.11 -1414.88 -2408.66 3172.07 1 2
event 25
1818.78 -7531.7 19227.5 21055.2
-14933.1 10370 6171.18 19447.6
-3002.91 700.771 1001.35 3243.83 1 2
508.512 -2041.6 1920.31 2850.52 1 1
-11930.2 9669.25 5169.83 16203.8 -1 2
1310.27 -5490.1 17307.2 18204.6 -1 1
event 26
9381.26 -20394.5 74822.6 78179
-1857.56 -12935.8 -20240.9 24291.3
-151.276 -5463.24 -11011.7 12293.9 -1 2
988.751 -4386.66 12320.5 13115.8 -1 1
8392.51 -16007.8 62502.2 65063.2 1 1
-1706.29 -7472.54 -9229.16 11997.5 1 2
event 27
8422.18 -17528.3 -19586.8 27846.1
15199.3 9077.66 -28768.7 33921.3
6113.92 3586.03 -8746.03 11258.1 1 2
399.087 -4304.2 -4164.9 6003.58 1 1
8023.09 -13224.1 -15421.9 21842.5 -1 1
9085.42 5491.62 -20022.7 22663.2 -1 2
event 28
9954.64 -1283.86 13726.6 17284.5
-4791.88 -6679.37 -11590.4 14543.2
-4442.82 -3757.96 -7219.79 9273.48 -1 2
3648.05 -1313.99 3272.6 5075.03 -1 1
6306.59 30.1319 10454 12209.5 1 1
-349.065 -2921.41 -4370.59 5269.69 1 2
event 29
-9982.15 -2313.49 -16323.9 19520.6
-3612.12 8749.26 29.0437 9959.39
-786.613 3190.99 1400.86 3574.18 -1 2
-1890.66 -1005.85 -5781.72 6166.5 -1 1
-8091.5 -1307.64 -10542.2 13354.1 1 1
-2825.51 5558.27 -1371.81 6385.21 1 2
event 30
7917.73 4442.35 7041.98 11899.8
-6914.76 1223.36 -170.373 7676.58
-3090.12 -800.342 680.22 3265.47 -1 2
1131.87 2118.64 1488.32 2827.72 1 1
6785.86 2323.71 5553.66 9072.04 -1 1
-3824.64 2023.7 -850.592 4411.11 1 2
event 31
6790.04 -1109.74 1247.99 7647.51
-6636.67 -10720.8 -5329.2 14034.8
-462.148 -3260.87 -1200.28 3506.95 1 2
2590.33 259.28 1839.87 3189.57 -1 1
-6174.52 -7459.94 -4128.92 10527.8 -1 2
4199.71 -1369.02 -591.883 4457.94 1 1
event 32
-7029.72 7764.79 -5268 12126.5
-1569.82 8732.28 8735.87 12830.6
254.941 3630.03 1898.82 4105.95 -1 2
-893.114 2049.22 -29.3546 2238.07 -1 1
-6136.61 5715.57 -5238.64 9888.39 1 1
-1824.76 5102.25 6837.05 8724.63 1 2
event 33
5393.72 -2296.57 22277.6 23243.3
-4074.76 11612.9 33939.8 36234.8
4443.93 -357.595 15558.1 16184.6 1 1
949.782 -1938.98 6719.56 7058.7 -1 1
-3523.43 5872.34 20349 21470.8 1 2
-551.322 5740.59 13590.8 14764.1 -1 2
event 34
1125.31 9451.17 5688.75 11512.8
6301.94 -177.572 -7345.6 10163.4
1995.28 4616.56 3533.78 6147.56 1 1
-869.974 4834.6 2154.98 5365.2 -1 1
3144.34 -1437.83 -2612.27 4334.67 -1 2
3157.6 1260.25 -4733.33 5828.75 1 2
event 35
6648.61 -1289.07 16727.1 18309.9
9828.09 -995.422 8861.92 13627.4
4334.7 694.098 9495.14 10461.4 -1 1
2313.91 -1983.17 7231.98 7848.56 1 1
5527.54 948.754 5255.95 7687 1 2
4300.55 -1944.18 3605.96 5940.43 -1 2
event 36
1929.69 7775.78 14886.2 17186.5
7250.01 -2254.79 -4045.99 9143.74
2531.02 3801.75 7850.83 9083.29 1 1
-601.334 3974.02 7035.41 8103.25 -1 1
5259.35 -95.7907 -2585.42 5862.21 -1 2
1990.67 -2159 -1460.57 3281.54 1 2
event 37
-10098.4 3078.14 -5125.11 12137.1
12657.6 -1311.87 -30306.4 33015.2
6438.31 826.004 -16124.8 17382.6 -1 2
-3905.19 -132.512 -2700.81 4751.17 -1 1
-6193.21 3210.65 -2424.3 7385.97 1 1
6219.32 -2137.87 -14181.6 15632.6 1 2
event 38
-5012.99 8435.88 -31565.1 33260.1
-5914.5 -6426.66 -34080.3 35317.7
-4165.27 -2277.54 -16506.8 17176.2 -1 2
-3548.64 2803.59 -16527.3 17135.3 1 1
-1464.35 5632.29 -15037.7 16124.8 -1 1
-1749.23 -4149.12 -17573.5 18141.5 1 2
event 39
6784.83 6029.82 -37630.6 38833.6
-5883.66 -6002.32 4329.85 9949.07
-3747.07 -5535.49 2658.43 7194.48 1 2
1738.19 2606.17 -8223.49 8800.59 1 1
-2136.6 -466.833 1671.42 2754.59 -1 2
5046.65 3423.65 -29407.1 30033 -1 1
event 40
-6265.23 6473.34 -5073.23 10792.9
7692.76 1145.95 -10477 13410.8
4732.15 556.682 -3845.72 6124.04 -1 2
-1946.09 4106.66 -3011.04 5452.47 -1 1
-4319.14 2366.69 -2062.19 5340.41 1 1
2960.61 589.269 -6631.24 7286.76 1 2
event 41
-4829.54 2296.81 22643 23471.2
-7514.2 7988.53 -3301.74 11864.7
-2971.89 1052.85 18454.5 18722.2 -1 1
-1857.65 1243.96 4188.56 4749.05 1 1
-3855.7 5327.72 -3256.7 7339.5 1 2
-3658.51 2660.81 -45.0367 4525.24 -1 2
event 42
-246.953 4389.58 -1489.97 5580.39
1665.27 12841.9 -13737.3 19130.9
1262.87 2874.82 -368.822 3163.32 1 1
-1509.82 1514.77 -1121.14 2417.07 -1 1
1339.37 6482.34 -9097.62 11251.3 1 2
325.896 6359.53 -4639.73 7879.6 -1 2
event 43
-6088.5 4006.53 8736.14 11791.3
4138.97 8587.9 -1164.06 10091.1
2145.28 7125.47 -229.559 7445.69 1 2
-3306.54 565.585 4869.36 5913.97 -1 1
1993.69 1462.43 -934.504 2645.37 -1 2
-2781.96 3440.95 3866.78 5877.29 1 1
event 44
-3041.26 -7886.35 21357.4 23176.9
-45.4933 6414.49 -7168.04 10105.4
-1508.74 4223.5 -4489.61 6346.81 -1 2
-490.179 -4183.07 7431.77 8542.88 -1 1
-2551.08 -3703.27 13925.6 14634.1 1 1
1463.24 2190.98 -2678.44 3758.55 1 2
event 45
9331.28 3301.13 -17453.9 20302.7
4532.59 79.8592 -678.855 5531.96
2768.19 1520.27 -761.142 3250.32 1 2
3647.75 2842.28 -6909.61 8314.96 1 1
1764.41 -1440.41 82.2879 2281.64 -1 2
5683.53 458.846 -10544.3 11987.8 -1 1
event 46
-8068.05 55.9538 23200.3 24757.6
-19.2851 6767.47 10659 13000.2
-4935.08 1474.75 15180.4 16030.8 -1 1
-3132.96 -1418.8 8019.9 8726.88 1 1
-590.235 2544.23 1814.72 3182.12 -1 2
570.95 4223.24 8844.28 9818.05 1 2
event 47
-4947.03 -5243.58 9894.23 12627.5
9056.74 -2967.56 -1574.94 10144.1
3377.12 193.783 -1336.62 3638.71 -1 2
-1836.5 -2099.64 1574.86 3205.08 1 1
5679.62 -3161.35 -238.318 6505.39 1 2
-3110.53 -3143.94 8319.37 9422.46 -1 1
event 48
3647.96 -3265.15 -16381.5 17375.6
-10622.2 -8501.41 -680.572 13970.1
3189.49 -1022.77 -7714.62 8411.03 -1 1
458.465 -2242.38 -8666.83 8964.58 1 1
-8243.73 -4936.65 -1054.8 9667.13 -1 2
-2378.47 -3564.76 374.231 4303.01 1 2
event 49
3179.64 -5037.39 3575.72 7606.63
-11554.5 -12378.9 -8198.3 19066.9
2622.9 -2667.12 649 3798.09 1 1
556.739 -2370.27 2926.72 3808.54 -1 1
-6765.11 -9323.92 -5830.27 12911.4 -1 2
-4789.35 -3055 -2368.04 6155.46 1 2
event 50
5091.42 2837.25 -7729.23 10163.9
7189.85 1698.71 -27345.2 28494.4
2960.97 2246.09 -13911.4 14399.7 -1 2
634.669 1950.87 -2332.36 3108.02 1 1
4456.75 886.375 -5396.86 7055.89 -1 1
4228.87 -547.379 -13433.8 14094.7 1 2
event 51
10042.7 -1547.02 -3719.72 11255.1
-8380.9 801.077 9022.35 12723
-4034.24 706.368 6534.6 7712.73 1 2
2654.7 578.305 -2003.61 3377.5 1 1
7388.02 -2125.33 -1716.11 7877.57 -1 1
-4346.67 94.7092 2487.75 5010.24 -1 2
event 52
-11821.8 15996.1 68033 70948.6
6964.74 11813.3 31103.2 34133
3925.55 8534.21 18286.3 20558.3 -1 2
-4041.13 3274.67 18819.4 19525.2 -1 1
-7780.66 12721.4 49213.6 51423.4 1 1
3039.19 3279.14 12816.9 13574.7 1 2
event 53
11032.2 -4401.84 3283.9 12706.7
-8412.63 2253.82 -12140.7 15259
-4883.6 2255.27 -5254.11 7520.15 -1 2
4787.99 -2375.37 -43.4734 5346.06 1 1
6244.23 -2026.47 3327.37 7360.67 -1 1
-3529.02 -1.45057 -6886.58 7738.87 1 2
event 54
9568.58 5179 21677.3 24451.4
-1201.4 5692.29 -16554 17817.7
282.2 4034.45 -7824.12 8808.2 1 2
3701.91 3666.41 8984.97 10386.9 -1 1
-1483.6 1657.84 -8729.88 9009.52 -1 2
5866.68 1512.6 12692.3 14064.5 1 1
event 55
6313.01 -7396.62 -12426.5 16080.2
3841.16 1928.74 -9948.74 11271.3
3198.69 -34.9085 -6599.95 7335.08 1 2
3118.32 -2740.33 -3120.38 5194.35 1 1
642.465 1963.65 -3348.79 3936.27 -1 2
3194.69 -4656.29 -9306.14 10885.9 -1 1
event 56
-4240.39 5979.31 39325.8 40122.8
-2136.9 10053.1 -12949.7 16820.1
-3605.88 2437.12 22160.8 22584.3 1 1
-634.516 3542.19 17165 17538.5 -1 1
-778.045 7973.18 -11237 13800.7 -1 2
-1358.86 2079.92 -1712.68 3019.44 1 2
event 57
-1927.09 -12286.6 6885.49 14549
-6878 -6837.82 10826.2 14861.4
-6392.31 -4645.43 8887.13 11892.6 1 2
-1125 -5736.15 4978.41 7678.85 -1 1
-485.684 -2192.39 1939.05 2968.77 -1 2
-802.09 -6550.42 1907.09 6870.19 1 1
event 58
7285.22 -9020.9 22398.1 25410.9
4467.7 4923.69 2730.33 7826.15
1793.05 3956.63 2391.76 4960 -1 2
1392.98 -4053.82 7600.95 8726.94 -1 1
5892.24 -4967.09 14797.1 16684 1 1
2674.65 967.069 338.57 2866.15 1 2
event 59
-9889.53 4114.82 -3726.18 11756.3
6654.82 5000.83 545.445 8898.5
4046.64 1235.92 811.058 4309.5 1 2
-3040.7 2361.62 -2468.9 4574.9 1 1
-6848.83 1753.2 -1257.28 7181.37 -1 1
2608.19 3764.91 -265.614 4589 -1 2
event 60
9906.43 -6373.97 -6981.73 14039.2
-8087.23 -3230.43 11130.3 14467.7
-6099.27 -3775.42 8445.13 11080.9 -1 2
4821.75 -1299.45 -2942.34 5797.1 -1 1
5084.68 -5074.52 -4039.38 8242.12 1 1
-1987.96 544.993 2685.16 3386.78 1 2
event 61
-4377.45 7351.84 -20760.3 22667
8039.48 -10354.2 2459.78 13692.5
-1435.28 4229.01 -7501.54 8730.91 1 1
-2942.17 3122.83 -13258.8 13936.1 -1 1
5891.39 -7780.41 424.224 9769.05 -1 2
2148.1 -2573.84 2035.55 3923.47 1 2
event 62
-5178.92 6949.26 3097.89 9710.92
-5137.36 6384.93 41686 42643.5
-663.458 3556.13 14330.2 14780.1 1 2
-455.405 2519.4 1729.18 3091.27 1 1
-4723.51 4429.86 1368.71 6619.65 -1 1
-4473.9 2828.79 27355.8 27863.4 -1 2
event 63
-6571.15 6596.06 34355.1 35728.9
-3689.86 -5579.26 -26530.9 27535.9
-2592.49 4770.65 19445.6 20189.6 1 1
-3978.67 1825.41 14909.6 15539.2 -1 1
-2309.37 -2639.01 -8198.12 8917.28 -1 2
-1380.49 -2940.26 -18332.7 18618.6 1 2
event 64
-13923.6 -3845.19 -52909.4 54933.1
-10376.2 1973.5 -1604.81 11123.3
-6671.61 -3281.55 -24214.3 25330.3 -1 1
-7251.98 -563.648 -28695.1 29602.8 1 1
-6436.17 350.235 301.841 6453.62 -1 2
-3940.08 1623.27 -1906.65 4669.66 1 2
event 65
-6512.19 -8626.62 22690.6 25323.5
-792.936 10731.4 -13745.1 17728.8
237.068 8895.73 -12264.4 15153.1 1 2
-1530.36 -2794.38 3964.51 5087.15 1 1
-1030 1835.63 -1480.71 2575.68 -1 2
-4981.83 -5832.24 18726.1 20236.4 -1 1
event 66
11535.3 -3268.14 72.2327 12383
-8924.19 94.1576 -7438.52 12023.8
7891.98 -728.018 -236.137 7929.71 1 1
3643.31 -2540.12 308.37 4453.33 -1 1
-3771.4 -63.5141 -5145.18 6380.56 -1 2
-5152.8 157.672 -2293.34 5643.29 1 2
event 67
-6846.6 12456.8 31679.6 34860.2
5353.68 -685.216 -24901.6 25667.3
3348.39 878.84 -10924.4 11460.3 1 2
-912.215 4195.27 7798.94 8903.21 -1 1
2005.29 -1564.06 -13977.2 14207.1 -1 2
-5934.39 8261.49 23880.6 25957 1 1
event 68
-6687.71 10545.6 -26198.4 29187
4076.26 4201.73 16412 17697.9
-3199.69 7094.1 -18321.2 19905.8 -1 1
-3488.02 3451.53 -7877.16 9281.17 1 1
1309.21 3400.91 10617.5 11226 -1 2
2767.05 800.821 5794.51 6471.89 1 2
event 69
-1788.84 6682.67 2975.26 8142.56
-6804.39 -8261.21 13189.4 17265.5
-2428.05 3320.96 1203.14 4287.53 1 1
639.209 3361.71 1772.13 3855.03 -1 1
-4395.44 -6927.03 8414.1 11752.1 -1 2
-2408.94 -1334.18 4775.33 5513.44 1 2
event 70
15733.1 -2720.75 23636 28691.2
-3988.01 -4972.37 -12872.5 14694.3
12101.2 -783.569 18243.8 21906.6 -1 1
3631.93 -1937.18 5392.25 6784.62 1 1
-1511.7 -3630.84 -5201.45 6521.85 -1 2
-2476.3 -1341.53 -7671.09 8172.43 1 2
event 71
-11317 -8035.76 -42819.9 45119.6
5069.44 6065.88 30470.1 31630.9
3303.66 2004.35 17605.2 18024.6 -1 2
-2484.3 -353.837 -7212.37 7637.17 1 1
-8832.72 -7681.92 -35607.5 37482.5 -1 1
1765.78 4061.53 12864.9 13606.3 1 2
event 72
-2983.11 7336.76 -21809.2 23408.6
3977.11 -5430.67 -544.944 7429.49
-3192.87 3876.95 -13524 14426.9 1 1
209.761 3459.81 -8285.19 8981.63 -1 1
506.917 -3240.09 49.3386 3281.58 -1 2
3470.19 -2190.58 -594.283 4147.91 1 2
event 73
-184.808 -5117.11 897.942 6051.14
592.943 8185.71 16128 18359.2
-1622.7 -2901.91 710.007 3401.4 -1 1
1437.89 -2215.2 187.935 2649.74 1 1
407.494 4158.58 11415.8 12156.9 1 2
185.449 4027.14 4712.24 6202.3 -1 2
event 74
5903.55 7075.44 36823.6 38085.2
-1897.31 -6020.07 31627.2 32399.3
2976.2 3947.03 25558.6 26032.5 -1 1
2927.35 3128.41 11265 12052.7 1 1
-2733.8 -4201.72 21693.7 22265.5 -1 2
836.486 -1818.35 9933.57 10133.8 1 2
event 75
-2396.14 -7791.79 8878.62 12444.9
-6256.08 675.924 -7510.21 10275.7
-45.3851 -4444.53 3349.89 5566.76 1 1
-2350.75 -3347.26 5528.73 6878.1 -1 1
-3044.88 1236.27 -5605.84 6498.94 -1 2
-3211.21 -560.342 -1904.38 3776.72 1 2
event 76
8740.55 25527.6 22368 35184.9
-6608.79 -3208.19 7927.19 11242.8
4133.07 13364.7 9661.25 17001.4 -1 1
4607.48 12162.9 12706.8 18183.4 1 1
-5432.31 -1159.53 6126.59 8270.48 -1 2
-1176.48 -2048.66 1800.59 2972.27 1 2
event 77
19337.4 -15522.2 47662.7 53816.4
3634.12 2754.14 3377.7 6766.74
3402.69 758.464 952.138 3615.43 1 2
6227.92 -5208.16 12623.6 15009.3 -1 1
231.427 1995.68 2425.56 3151.32 -1 2
13109.5 -10314.1 35039.1 38807.1 1 1
event 78
-4585.97 -2623.39 -2000.04 6442.37
-7944.7 5971.12 -21109.8 23537
-3840.18 -562.075 -1655.98 4220.94 1 1
-745.792 -2061.32 -344.051 2221.44 -1 1
-5581.55 2365.4 -13266.1 14585.9 -1 2
-2363.15 3605.72 -7843.77 8951.07 1 2
event 79
1848.34 -6181.24 14256.9 15952.2
-2364.13 8571.42 -13294.1 16290.6
-99.2983 -3895.83 10074.2 10802.2 -1 1
1947.64 -2285.41 4182.62 5149.94 1 1
-2677.46 4167.21 -7813.92 9252.18 1 2
313.336 4404.21 -5480.17 7038.37 -1 2
event 80
-2303.95 -6732.59 -5788.05 9681.32
8123.43 -5263.8 37907 39245.8
3390.67 -487.148 11950.7 12432.4 -1 2
-2394.72 -2289.29 -2419.92 4103.99 1 1
4732.76 -4776.65 25956.3 26813.4 1 2
90.7692 -4443.31 -3368.12 5577.33 -1 1
event 81
-5342.69 -6809.09 -4670.05 10310.6
-9049.25 -2439.61 8510.52 13033.1
-6183.06 -2972.71 5125.49 8564.41 1 2
-3177.55 -2345.43 -3339.52 5173.15 1 1
-2866.19 533.101 3385.03 4468.65 -1 2
-2165.14 -4463.66 -1330.53 5137.47 -1 1
event 82
3807.81 -4700.09 -749.221 6836.55
-1038.07 13760.5 28081.4 31441.8
1438.73 -4030.83 -873.296 4369.36 -1 1
2369.08 -669.266 124.074 2467.19 1 1
130.608 8880.87 20594.5 22428.4 -1 2
-1168.68 4879.64 7486.91 9013.42 1 2
event 83
7383.84 -2800.92 6234.8 10527.6
-4742.34 -6194.68 5464.83 10016
-3769.69 -2794.79 2131.47 5155.16 1 2
3338.67 -1370.92 977.075 3740.58 -1 1
-972.653 -3399.9 3333.36 4860.85 -1 2
4045.17 -1430 5257.72 6786.98 1 1
event 84
10437 4276.05 1227.09 11760.6
12015.6 -1036.23 43245.9 45002.8
5734.76 -1930.14 23222 23997.6 1 2
2479.94 2404.51 936.887 3580.6 -1 1
7957.06 1871.55 290.203 8180.02 1 1
6280.87 893.915 20023.9 21005.2 -1 2
event 85
1977.81 -8729.53 18114.2 20440.9
3333.75 3601.79 -10490.5 11988.7
2411.79 -4497.75 8303 9746.66 1 1
-433.98 -4231.78 9811.19 10694.2 -1 1
1321.74 2975.64 -3971.03 5136.31 -1 2
2012.01 626.151 -6519.52 6852.41 1 2
event 86
2598.1 -7859.3 27970.1 29333.2
-1412.63 -16087.6 50315.8 52934.6
181.217 -4994.16 18002.5 18683.6 -1 1
2416.89 -2865.14 9967.58 10649.6 1 1
-586.98 -10645.7 28329.1 30269.2 1 2
-825.654 -5441.89 21986.7 22665.4 -1 2
event 87
-6138.32 2430.49 -17034.7 18530
6028.94 11079.4 -13348.3 18624.5
-4091.08 1275.41 -14268.2 14898.2 1 1
-2047.24 1155.07 -2766.44 3631.77 -1 1
2781.77 7913.02 -9519.85 12688.3 -1 2
3247.17 3166.4 -3828.43 5936.18 1 2
event 88
-1793.04 5510.28 -15631.4 16956.1
-3601.5 -6978.08 38369.5 39287.1
-2700.84 -2229.6 19221.2 19537.9 1 2
440.694 1966.03 -7992.05 8242.78 1 1
-900.657 -4748.48 19148.3 19749.2 -1 2
-2233.74 3544.24 -7639.34 8713.32 -1 1
event 89
-6288.29 4353.17 30044.3 31220.8
-647.269 -6083.69 -5120.02 8557.93
-4571.47 1009.91 18282.3 18872.5 1 1
-1716.82 3343.25 11762.1 12348.4 -1 1
761.755 -2178.84 -3289.12 4019.59 -1 2
-1409.02 -3904.85 -1830.9 4538.34 1 2
event 90
-2902.11 -12028 -15453.4 20037.3
-9560.7 5772.61 1451.44 11680.2
-7531.36 3342.4 1963.87 8471.18 1 2
-2130.94 -4007.9 -7126.71 8450.17 1 1
-2029.35 2430.21 -512.433 3209.04 -1 2
-771.167 -8020.13 -8326.66 11587.1 -1 1
event 91
5410.65 -7496.05 -1441.5 9855.69
26.5835 6043.9 -18916.2 20098.3
1181.77 4215.04 -14965.3 15592.8 -1 2
2015.23 -3737.2 -2114.94 4744.68 1 1
3395.42 -3758.84 673.439 5111.01 -1 1
-1155.19 1828.86 -3950.84 4505.49 1 2
event 92
-9917.56 2169.01 -22477.6 24857.5
10277.8 -8188.66 -72713.6 73956.4
9562.45 -6237.84 -62044.1 63085.9 1 2
-3257.01 1103.56 -4562.19 5714.08 -1 1
715.312 -1950.82 -10669.5 10870.5 -1 2
-6660.55 1065.45 -17915.4 19143.4 1 1
event 93
-6517.13 4157.11 -22352.7 23853.5
-290.928 -8438.14 2649.97 9586.34
-4096.08 1079.15 -9181.43 10112 1 1
-2421.05 3077.97 -13171.3 13741.5 -1 1
1600.92 -5158.84 1889.02 5723.3 -1 2
-1891.84 -3279.29 760.948 3863.03 1 2
event 94
1917.95 6181.94 -16786.1 18255.4
-8843.82 30056.5 64455.1 71733.3
2067.34 3204.99 -6414.32 7463.28 -1 1
-149.387 2976.95 -10371.8 10792.1 1 1
-6310.92 22697.8 51240.1 56396.6 1 2
-2532.89 7358.68 13215 15336.7 -1 2
event 95
7469.6 -1122.49 6933.83 10710.9
-321.629 -7847.79 10085.3 13152.8
4278.28 -784.021 5913.81 7341.85 -1 1
3191.31 -338.473 1020.02 3369.07 1 1
-1536.03 -4884.38 5108.04 7233.25 -1 2
1214.4 -2963.41 4977.23 5919.51 1 2
event 96
7970.2 5132.36 49510.1 50504.6
5180.47 5573.63 307.512 8221.2
1619.28 3976.76 -95.7929 4296.16 1 2
2754.93 3545.29 20452.9 20940.2 -1 1
3561.2 1596.88 403.304 3925.04 -1 2
5215.28 1587.07 29057.2 29564.3 1 1
event 97
8500.86 1351.9 -20804.2 22726.6
7134.05 -7539.56 -4833.37 11861.4
3173.05 -2139.75 -3143.77 4953.91 -1 2
2284.73 1773.77 -7355.74 7904.71 1 1
3960.99 -5399.81 -1689.6 6907.48 1 2
6216.13 -421.87 -13448.4 14821.9 -1 1
event 98
4075.85 5354.86 -13560.8 15452.4
7466.29 -358.631 14414.9 16530.4
3051.85 928.477 3804.48 4965.99 1 2
1489.32 1801.53 -1979.95 3065.11 1 1
4414.44 -1287.11 10610.4 11564.4 -1 2
2586.53 3553.33 -11580.9 12387.2 -1 1
event 99
-3012.06 11996.2 -27516.1 30326.7
3204.5 -5197.98 12943.6 14642.9
924.277 -3780.63 5576.75 6801.38 1 2
-375.747 5457.47 -14916.8 15888.6 1 1
2280.22 -1417.35 7366.85 7841.55 -1 2
-2636.32 6538.74 -12599.3 14438.1 -1 1
event 100
-3489.74 -6774.76 12439.3 14913.2
-4781.67 -6484.56 -16350.5 18489.1
-3239.54 -3318.24 5835.02 7454.12 -1 1
-250.204 -3456.52 6604.31 7459.1 1 1
-3976.67 -4468.37 -8868.78 10698 -1 2
-805 -2016.19 -7481.77 7791.09 1 2
event 101
1077.37 -8152.82 -22286.3 23956.2
13836 11235.2 -52907.1 55914.4
-151.093 -4663.38 -15944.9 16613.9 1 1
1228.46 -3489.43 -6341.34 7342.28 -1 1
7803.21 4676.41 -29357 30734.4 1 2
6032.78 6558.8 -23550 25179.9 -1 2
event 102
-484.744 -9518.35 -18318.3 20880.2
6301.64 -7758.31 14278.4 17702.1
765.52 -2962.32 3272.46 4481.24 -1 2
-12.8162 -2477.66 -2326.19 3400.19 -1 1
5536.12 -4796 11006 13220.9 1 2
-471.928 -7040.68 -15992.1 17480 1 1
event 103
3493.5 7568.73 -7256.56 11477.7
-12744.8 1404.38 8099.29 15478.7
-5302.28 1190.37 1800.81 5725.84 -1 2
-348.953 2216.38 -2433.32 3311.55 -1 1
-7442.48 214.012 6298.48 9752.86 1 2
3842.45 5352.35 -4823.24 8166.2 1 1
event 104
7489.4 -1610.6 6825.62 10717.5
1105.03 12337.4 -2131.46 12944.8
3578.56 -1591.96 1703.97 4272.6 1 1
3910.84 -18.6332 5121.64 6444.95 -1 1
707.134 7585.13 -2822.76 8124.86 1 2
397.894 4752.31 691.303 4819.94 -1 2
event 105
-677.592 -9862.48 37368 38777.4
8658.67 -7709.77 -14316.5 18680.7
6374.98 -6183.78 -8727.24 12452.1 1 2
-1686.31 -3950.15 17761.8 18274 1 1
2283.69 -1525.98 -5589.26 6228.55 -1 2
1008.72 -5912.34 19606.3 20503.4 -1 1
event 106
-4643.8 3494.15 -11023.8 12840.9
-14519 -6018.07 -35795.5 39216.4
-3450.26 799.613 -4931.58 6072.51 -1 1
-1193.54 2694.54 -6092.24 6768.43 1 1
-9228.51 -5391.07 -24184.9 26441.4 1 2
-5290.53 -627.008 -11610.6 12775 -1 2
event 107
-1684.68 6633.01 -21775.6 23034.8
-6762.39 -14694 18655.5 24884.9
-1688.48 3563.34 -16156.2 16630.7 -1 1
3.79761 3069.67 -5619.39 6404.03 1 1
-5663.24 -10505.7 15306.5 19409.8 1 2
-1099.15 -4188.3 3348.98 5475.1 -1 2
event 108
-1814.94 -6948.02 -12929.1 15110.4
-5002.52 5626.15 14260.7 16420.6
-3027.88 1192.33 5045.42 6004.76 1 2
-1397.06 -1684.64 -6072.82 6456.02 1 1
-417.887 -5263.38 -6856.31 8654.36 -1 1
-1974.64 4433.83 9215.24 10415.8 -1 2
event 109
8272.02 1611.38 -25286.3 26833.1
6602.88 -3228.6 13768.3 15911.5
3942.58 -1692.58 4839.14 6468.17 1 2
4335.55 -579.447 -14425.9 15074.8 -1 1
2660.3 -1536.02 8929.13 9443.36 -1 2
3936.47 2190.82 -10860.4 11758.2 1 1
event 110
3156.02 -6149.86 1960.4 7824.12
12171.7 -2218.71 -14753.3 19501.9
746.23 -4407.22 1871.43 4847.05 -1 1
2409.79 -1742.64 88.9638 2977.07 1 1
7639.18 -2612.26 -10723.5 13423.3 1 2
4532.48 393.553 -4029.77 6078.53 -1 2
event 111
6144.9 21.1773 -9506.86 11735.9
-6306.52 -5578.71 -4408.54 10194.1
-3022.08 -481.443 -918.414 3196.78 1 2
1998.7 632.037 -5695.92 6070.34 1 1
-3284.44 -5097.27 -3490.12 6997.27 -1 2
4146.2 -610.86 -3810.94 5665.56 -1 1
event 112
1984.59 4681.28 168.712 5955.93
8697.65 684.186 18691.9 20858.9
23.7039 3682.55 534.313 3722.68 -1 1
1960.89 998.737 -365.602 2233.24 1 1
4603.22 -1183.73 9821.33 10911.5 -1 2
4094.43 1867.91 8870.54 9947.41 1 2
event 113
8616.43 978.037 19306.7 21390.1
5609.07 -1988.71 -77.602 6709.22
2885.04 -1665.82 1372.49 3604.62 1 2
4227.38 1105.81 6347.15 7706.56 -1 1
2724.03 -322.881 -1450.09 3104.59 -1 2
4389.05 -127.77 12959.5 13683.6 1 1
event 114
12729.6 13287.7 -22582.8 29294.7
5027.49 -7009.53 1406.83 9272.49
4262.14 -4241.07 2000.37 6337.6 1 2
5113.64 3849.49 -9495.23 11451.6 1 1
765.341 -2768.47 -593.533 2934.89 -1 2
7615.92 9438.16 -13087.5 17843.1 -1 1
