event 0
497.241 -6428.39 1983.46 7422.7
-8094.86 2688 8110.28 12170.4
-4201.38 826.775 2099.4 4770.09 1 2
-58.3777 -2004.49 -804.295 2163.2 -1 1
555.619 -4423.9 2787.75 5259.5 1 1
-3893.48 1861.22 6010.88 7400.36 -1 2
event 1
-5090.11 8249.38 -6337.92 11988.4
6824.7 4900.69 -21955.1 23711
-4422.02 4373.16 -4255.63 7536.61 1 1
-668.084 3876.22 -2082.28 4451.79 -1 1
1744.06 2714.22 -10588.4 11069.5 -1 2
5080.64 2186.48 -11366.7 12641.5 1 2
event 2
-7316.11 2098.93 -5933.76 10135.7
-4517.24 5932.42 26791 27981.2
-993.291 3482.12 15049.5 15479.4 1 2
-2850.81 1301.84 -707.211 3214.54 -1 1
-4465.3 797.086 -5226.55 6921.14 1 1
-3523.95 2450.3 11741.4 12501.8 -1 2
event 3
914.516 7668.54 6531.21 10577.8
2828.24 3191.31 25303.3 25846.3
3005.4 1197.24 14286.8 14648.9 1 2
1854.12 3589.83 3993.64 5681.98 1 1
-177.159 1994.07 11016.5 11197.4 -1 2
-939.606 4078.71 2537.57 4895.84 -1 1
event 4
-5827 2566.29 -27129.1 28037.8
-8403.59 3446.56 7285.54 12048.6
-3583.78 211.65 -10613.6 11204.8 -1 1
-2243.22 2354.64 -16515.5 16833 1 1
-4728.5 683.215 4986.76 6906.84 1 2
-3675.08 2763.35 2298.78 5141.78 -1 2
event 5
3519.41 -7754.33 3482.41 9707.45
7508.22 -1212.16 13267.8 15603.4
4605.17 -1747.76 10292.1 11410.5 -1 2
242.283 -3776.72 2261.65 4410.05 1 1
3277.13 -3977.61 1220.77 5297.39 -1 1
2903.05 535.6 2975.7 4192.91 1 2
event 6
3784.4 8090.69 -1240.33 9534.66
15336.7 -3285.52 47036.7 49679.5
1716.7 4245.56 904.698 4669.21 1 1
2067.69 3845.13 -2145.03 4865.46 -1 1
9684.4 -1848.95 24739.1 26631.5 -1 2
5652.33 -1436.57 22297.6 23048 1 2
event 7
-3859.74 -5489.59 -3079.73 8006.8
-7601.12 -952.061 16732.4 18661.4
-2935.05 1119.8 6892.6 7575.46 1 2
-1626.3 -1862.97 -2799.91 3737.13 1 1
-4666.07 -2071.86 9839.81 11085.9 -1 2
-2233.44 -3626.62 -279.826 4269.67 -1 1
event 8
-758.775 7396.16 -4554.22 9252.7
4511.66 5045.22 -40736.3 41410.7
1915.33 4347.83 -25785.9 26220.2 1 2
-721.343 3187.23 -326.165 3285.77 1 1
2596.33 697.387 -14950.4 15190.5 -1 2
-37.4318 4208.94 -4228.06 5966.92 -1 1
event 9
-5275.88 -3527.01 12836.4 14650.6
772.722 -8523.73 -23857.4 25534.6
1373.25 -3402.84 -13103.8 13608.3 -1 2
-2457.75 88.4526 4041.15 4731.85 -1 1
-600.531 -5120.9 -10753.6 11926.2 1 2
-2818.13 -3615.46 8795.25 9918.72 1 1
event 10
6216.02 5051 4083.4 9508.76
-17372.3 23383.7 9670.04 30849.5
3406.32 3525 879.768 4981.34 -1 1
2809.7 1526 3203.63 4527.42 1 1
-11844.7 13418.8 5888.84 18842.8 -1 2
-5527.61 9964.92 3781.21 12006.8 1 2
