event 0
-5202.13 -6346.9 -3081.66 9296.93
1724.37 5324.89 5237.52 8267.41
-3299.5 -3012.96 -160.965 4472.32 1 1
-1902.63 -3333.94 -2920.7 4824.6 -1 1
1872.67 1239.61 2409.2 3295.29 -1 2
-148.299 4085.28 2828.31 4972.12 1 2
event 1
-4990.87 10132.4 -54001.1 55256.5
9016.47 7038.55 -51256.5 52608.5
6701.17 6161.43 -44247.4 45174.3 1 2
-3304.99 3423.99 -19975.4 20534.7 -1 1
2315.3 877.12 -7009.05 7434.24 -1 2
-1685.87 6708.42 -34025.7 34721.8 1 1
event 2
-10852.6 -6345.94 1724.39 13062
6083.54 -3357.13 -5058.3 9135.55
3843.23 -828.223 -1450.87 4191.96 1 2
-3019.33 -3472.2 673.596 4651.61 1 1
2240.31 -2528.91 -3607.44 4943.59 -1 2
-7833.31 -2873.74 1050.8 8410.38 -1 1
event 3
7055.89 5580.55 7355.09 12025.8
-3115 9197.5 10782.7 14837.6
3528.99 4619.14 5065.69 7711.2 1 1
3526.9 961.416 2289.4 4314.61 -1 1
-1794.55 7174.29 6179.54 9637.88 -1 2
-1320.45 2023.21 4603.11 5199.69 1 2
event 4
-8805.17 -9273.2 -43421.8 45371.4
-3990.93 -2415.14 19661.6 20443.4
-3018.44 -54.6506 11574.6 11962.3 1 2
-4308.77 -2372.31 -16089.6 16825 1 1
-972.494 -2360.49 8087.06 8481.12 -1 2
-4496.4 -6900.89 -27332.2 28546.4 -1 1
event 5
-1075.97 -4480.42 -807.855 5610.3
408.782 -9621.28 -19321.7 21809.5
-2098.3 -2308.29 -732.745 3206.11 -1 1
1022.32 -2172.14 -75.1102 2404.19 1 1
1527.63 -5477.45 -9217.66 10831.1 1 2
-1118.85 -4143.83 -10104 10978.4 -1 2
event 6
7731.31 -25494.6 69479.2 74476.2
-1035.39 14327.9 -11568.2 18702.3
5487.35 -15372.1 45974.3 48785.8 -1 1
2243.97 -10122.5 23505 25690.4 1 1
685.83 9168.72 -6435.91 11223.5 -1 2
-1721.22 5159.2 -5132.33 7478.77 1 2
event 7
502.987 6071.03 -21984.9 23022.6
12325.9 3411.35 18469 22677.3
-1035.13 3553.38 -14770 15227 -1 1
1538.11 2517.64 -7214.96 7795.58 1 1
8132.34 743.35 10859.8 13588 1 2
4193.59 2668 7609.19 9089.3 -1 2
event 8
-5095.1 -9356.14 -26347.3 28587.9
-5978.71 -2740.26 -2415 7660.14
-3946.23 -4734.45 -12363.4 13814.9 1 1
-1148.87 -4621.68 -13983.9 14773 -1 1
-3989.59 -159.154 -1084.64 4138.81 -1 2
-1989.12 -2581.11 -1330.36 3521.33 1 2
