event 0
2925.24 -4052.91 28411.2 29013.3
5604.87 -15387 -24034.1 29247.3
3049.81 -1646.39 16936.7 17288 -1 1
-124.574 -2406.52 11474.6 11725.3 1 1
3533.4 -11344.1 -19453.7 22795.4 -1 2
2071.47 -4042.9 -4580.37 6451.9 1 2
event 1
-3425.47 -6994.76 -371.55 8389.83
-10471.3 9351.42 30290.7 33529.3
-3960.6 1751.43 10282.2 11157.4 1 2
-2684.25 -2064.84 -317.875 3403.09 -1 1
-6510.67 7599.99 20008.5 22371.8 -1 2
-741.22 -4929.92 -53.6743 4986.74 1 1
event 2
-1461.91 9304.33 18928.1 21367.5
-8613.72 5263.14 22767.3 25096.6
-3580.76 2283.15 6107.93 7439.93 1 2
439.144 2181.36 2428.17 3295.2 1 1
-1901.05 7122.97 16499.9 18072.3 -1 1
-5032.96 2979.99 16659.4 17656.6 -1 2
