event 0
3346 -6838.55 5604.8 9948.13
-5516.96 5753.39 6137.54 10526.1
-1929.87 3530.38 1607.19 4333.84 1 2
2355.7 -1915.12 1196.49 3264.93 1 1
990.292 -4923.43 4408.3 6683.2 -1 1
-3587.09 2223.01 4530.34 6192.27 -1 2
event 1
10349.7 -12549.3 6313.88 17721.7
-1244.79 7209.8 17257.8 18998.8
7441.27 -10918.1 5277.74 14228.3 1 1
2908.41 -1631.19 1036.14 3493.48 -1 1
-173.532 2978.33 3693.5 4749.07 -1 2
-1071.26 4231.48 13564.3 14249.8 1 2
event 2
-5363.59 6969.65 -606.459 9343.6
-6754.5 -638.326 65.9571 7458.31
-3936.07 835.209 989.361 4144.91 -1 2
-1535.75 2920.28 -1622.76 3678.45 -1 1
-3827.84 4049.38 1016.3 5665.14 1 1
-2818.43 -1473.54 -923.404 3313.41 1 2
event 3
-2897.93 -5693.74 1984.29 7371.9
-10791.4 4252.47 18839 22339.1
-2064.29 -3480 2738.35 4886.86 -1 1
-833.636 -2213.75 -754.065 2485.03 1 1
-6071.92 4008.24 11218.8 13371.9 1 2
-4719.45 244.235 7620.25 8967.29 -1 2
event 4
6094.32 4916.74 -34752.2 35757.8
6248.63 3115.72 478.495 7653.34
3598.42 86.7903 18.2872 3601.07 1 2
2523.75 627.851 -7469.42 7909.93 -1 1
3570.57 4288.89 -27282.7 27847.8 1 1
2650.21 3028.93 460.208 4052.28 -1 2
event 5
2271.78 -12801.1 -368.393 13369.8
8000.86 -1698.24 -846.852 8786.69
2619 -6337.91 278.73 6864.19 1 1
-347.218 -6463.2 -647.123 6505.65 -1 1
5719.31 -1044.23 836.926 5874.74 -1 2
2281.54 -654.005 -1683.78 2911.95 1 2
