event 0
-1921.6 -7165.94 -3852.29 8914.82
1068.02 -6785.32 31962 32838.1
226.451 -4707.84 -1740.7 5025.56 -1 1
-2148.05 -2458.1 -2111.59 3889.26 1 1
-571.485 -4978.72 19127.6 19773.5 -1 2
1639.5 -1806.6 12834.4 13064.6 1 2
event 1
4781.26 -8606.82 -2216.76 10556.7
2408.81 -7171.16 -3089.58 8738.67
308.477 -5287.6 -1533.91 5515.25 -1 2
1180.68 -3176.53 625.059 3447.64 -1 1
3600.58 -5430.29 -2841.82 7109.1 1 1
2100.33 -1883.56 -1555.67 3223.42 1 2
event 2
3856.13 5581.99 3680.26 8316.49
6539.56 5335.87 25.3923 8990.49
1456.54 2785.74 812.216 3248.5 -1 2
84.8855 2564.04 1783.15 3126.07 -1 1
5083.02 2550.12 -786.824 5741.99 1 2
3771.24 3017.95 1897.11 5190.42 1 1
event 3
16237.9 -4798.41 31831.2 36187.2
-11450.3 6630.18 -38568.6 40892.5
-6797.66 2160.82 -19824.1 21068.5 1 2
7473.68 -2873.77 17986.9 19688.9 -1 1
-4652.62 4469.36 -18744.5 19824 -1 2
8764.2 -1924.64 13844.4 16498.3 1 1
