event 0
5621.53 -5674.86 10311.3 13406
6717.74 10306.6 67342.6 68527.1
5777.36 8116.98 59545.1 60372.9 1 2
1543.41 -3497.73 5787.56 6937.09 -1 1
940.381 2189.65 7797.48 8154.19 -1 2
4078.12 -2177.12 4523.75 6468.88 1 1
event 1
-4418.6 -10267.3 62180.4 63253
-20171.5 5187.87 6418.25 22013.4
-4703.29 -75.8915 1749.36 5019.78 -1 2
-2304.86 -2325.4 14136.9 14511.5 1 1
-15468.2 5263.76 4668.88 16993.6 1 2
-2113.74 -7941.9 48043.5 48741.5 -1 1
event 2
-15319.1 -394.433 -59932.6 61938.1
-8641.69 3618.06 -32852.5 34302.3
-6013.99 1815.9 -16803.9 17940.1 1 2
-6301.77 -1591.28 -27087.2 27856.2 -1 1
-2627.7 1802.17 -16048.6 16362.2 -1 2
-9017.29 1196.85 -32845.4 34081.9 1 1
event 3
5321.91 -576.6 5729.71 8430.63
1133.79 -7955.34 -48069.9 48835.2
3150.13 1203.88 3114.41 4591.66 -1 1
2171.78 -1780.48 2615.29 3838.97 1 1
-918.659 -4476.34 -25322.2 25731.5 -1 2
2052.45 -3479 -22747.7 23103.8 1 2
