event 0
-7163.31 5927.47 -2327.58 10072.6
5538.79 3203.58 -9797.76 12104.9
-3903.44 2794.86 -2744.7 5531.06 -1 1
-3259.87 3132.61 417.12 4541.49 1 1
2848.69 1628.89 -2371.04 4049.85 -1 2
2690.1 1574.69 -7426.72 8055.04 1 2
event 1
-1561.52 7994.01 1836.61 8905.49
-8643.61 -1160.7 -7690.79 12033.1
-3041.23 -1454.53 -4344.17 5499.8 -1 2
-1531.76 1938.42 1379.69 2831.69 -1 1
-29.7538 6055.59 456.923 6073.8 1 1
-5602.38 293.83 -3346.62 6533.3 1 2
event 2
1658.13 -7470.26 2209.84 8545.67
8788.61 3264.94 -28188.1 29867.4
-246.365 -4894.37 2116.36 5339.07 1 1
1904.5 -2575.89 93.4786 3206.59 -1 1
7301.86 1859.07 -24679.7 25804.5 -1 2
1486.75 1405.87 -3508.46 4062.92 1 2
event 3
-3650.11 -4605.47 792.756 6689.63
3728.43 -14671.2 41325.5 44119.5
-2798.36 -2037.02 1667.98 3843.64 1 1
-851.753 -2568.45 -875.227 2845.98 -1 1
2927.8 -10162.7 24579.9 26758.8 1 2
800.627 -4508.49 16745.6 17360.7 -1 2
event 4
6481.16 -3525.75 -26074.1 27274.2
-6852.92 -1711.25 12818.8 14960
3001.94 -2778.33 -9885.66 10699 -1 1
3479.22 -747.417 -16188.4 16575.2 1 1
-4575.68 -48.1708 5754.18 7352.61 -1 2
-2277.24 -1663.08 7064.66 7607.38 1 2
