event 0
-6425.23 -410.579 -27940.4 28839.4
4555.95 -15483.5 -25513.7 30348.6
-3688.99 -1513.72 -12558.8 13177 -1 1
-2736.24 1103.15 -15381.6 15662.4 1 1
2772.01 -9802.76 -18732.8 21323.9 1 2
1783.94 -5680.78 -6780.91 9024.72 -1 2
event 1
-75.7628 6572.06 -5652.64 9205.48
-5468.66 -6222.03 14212.5 16739.4
-1559.26 -3996.97 6029.48 7400.86 -1 2
1268.11 1713.52 -1050.33 2378.79 1 1
-1343.88 4858.53 -4602.31 6826.69 -1 1
-3909.4 -2225.06 8183.05 9338.52 1 2
event 2
3935.42 -8914.97 36057 37478.8
-4985.74 -1300.36 -5592.48 8210.66
2943.06 -4951.1 15896.2 16907.8 -1 1
992.361 -3963.87 20160.8 20571 1 1
-2422.21 -1972.96 -1878.74 3646.99 -1 2
-2563.52 672.605 -3713.73 4563.67 1 2
event 3
7680.22 -614.413 36171.1 37112
-2618.85 -12525.7 -2067.64 13327.3
4190.06 691.487 14021.1 14650.5 1 1
3490.17 -1305.9 22150 22461.5 -1 1
-1951.44 -7963.38 -2785 8659.73 1 2
-667.415 -4562.37 717.357 4667.59 -1 2
event 4
-13647.3 -56.1462 25147.4 28779
-7946.81 -4139.42 36711.7 37916
-5538.58 -4350.82 26312.2 27238.7 -1 2
-4071.75 -932.726 5526.04 6928.01 -1 1
-9575.56 876.58 19621.3 21851 1 1
-2408.23 211.395 10399.5 10677.3 1 2
event 5
2508.27 -4192.88 8972.31 10675.5
12521.1 10788.1 -25710.5 30721
70.5871 -3085.35 5213.92 6059.74 1 1
2437.68 -1107.52 3758.39 4615.8 -1 1
7438.22 7497.46 -18520.9 21320.7 -1 2
5082.88 3290.69 -7189.59 9400.3 1 2
