event 0
5154.92 -2247.58 598.568 6447.78
64.4929 9181.14 6651.76 11753
-1309.36 3212.66 1641.17 3839.3 -1 2
821.549 -1898.14 217.373 2082.38 -1 1
1373.86 5968.48 5010.59 7913.75 1 2
4333.37 -349.439 381.196 4365.4 1 1
event 1
-3423.08 -4218.96 -5507.51 8333.12
6733.93 5749.65 -10755.5 14410.8
-924.904 -3049.72 -1651.41 3590.9 1 1
-2498.18 -1169.24 -3856.1 4742.23 -1 1
2649.63 4654.88 -5798.58 7894.5 1 2
4084.3 1094.76 -4956.94 6516.32 -1 2
event 2
6693.15 4179.26 -15354.4 17538.9
-4428.21 -187.13 6821.21 8704.39
-2625.77 -1548.19 3091.47 4342.81 1 2
3995.55 687.985 -7727.8 8727.41 -1 1
-1802.44 1361.06 3729.74 4361.58 -1 2
2697.61 3491.28 -7626.61 8811.49 1 1
event 3
-1689.26 -12830.1 2371.26 13515.9
-3331.64 -9213.56 2605.85 10600.5
-2126.88 -4375.98 -215.177 4871.37 1 2
-1539.57 -3195.67 1457.74 3836.51 -1 1
-149.69 -9634.41 913.516 9679.36 1 1
-1204.75 -4837.59 2821.03 5729.14 -1 2
event 4
10765.4 -1964.35 -45907.5 47295.2
-5371.57 4147.21 1860.32 7687.99
5822.93 -408.914 -18406.7 19310.4 1 1
4942.49 -1555.43 -27500.8 27984.9 -1 1
-3671.34 993.609 431.005 3829.22 -1 2
-1700.23 3153.6 1429.32 3858.77 1 2
event 5
-4868.46 -6521.87 8498.24 12167.5
4723.9 1292.57 -5516.53 8000.56
3417.97 -515.874 -2596.9 4324.78 1 2
-2325.26 -3292.44 6366.1 7535.61 -1 1
1305.93 1808.44 -2919.63 3675.78 -1 2
-2543.2 -3229.43 2132.13 4631.87 1 1
event 6
-18661.8 400.66 -16439.6 25065.4
3694.74 -3322.55 8520.38 10338.2
1405.04 -3131.63 6093.63 6994.63 1 2
-6877.79 1641.09 -6135 9361.98 1 1
2289.7 -190.921 2426.74 3343.57 -1 2
-11784 -1240.43 -10304.6 15703.4 -1 1
event 7
9754.74 -6247.66 -7621.09 14207.8
3259.89 -6242.81 1008.9 7759.41
2801.21 -3218.67 1745.69 4611.42 -1 2
2165.79 -2280.68 -3490.78 4699.88 -1 1
7588.96 -3966.98 -4130.31 9507.88 1 1
458.682 -3024.14 -736.79 3147.99 1 2
event 8
-2561.42 8420.75 43513.5 44502.7
8416.56 -12807 -158.839 15635.6
-258.409 5698.55 29122 29675.6 1 1
-2303.01 2722.2 14391.5 14827.1 -1 1
3645.39 -6980.63 1247.64 7974.07 -1 2
4771.17 -5826.34 -1406.48 7661.57 1 2
event 9
311.876 10940.3 13811.8 17892.6
7348.57 -1930.86 9598.06 12627.1
641.462 5564.34 4723.95 7328.04 -1 1
-329.587 5375.94 9087.88 10564.6 1 1
5340.95 -2301.92 5307.45 7874.31 -1 2
2007.62 371.061 4290.61 4752.76 1 2
event 10
3227.44 7657.42 -22359.7 24054.1
-4406.78 6612.46 -10881.6 13825.5
-3770.19 2910.44 -6352.35 7940.31 1 2
215.039 4346.46 -9917.84 10831.1 1 1
-636.585 3702.02 -4529.28 5885.21 -1 2
3012.4 3310.96 -12441.9 13223 -1 1
event 11
19425.2 -11626.8 705.802 22860.7
-12215.8 -2845.01 -34788.1 37109.5
-5554.23 -1316.34 -11501.9 12840.8 -1 2
4182.1 -2994.04 -1063.87 5253.31 -1 1
15243.1 -8632.71 1769.68 17607.4 1 1
-6661.52 -1528.67 -23286.2 24268.7 1 2
event 12
16191.7 -9475.54 -5175.11 19706.1
3102.31 4412.15 1669.93 6440.1
381.899 3047.75 1417.18 3384.4 1 2
8257.28 -3283.62 -1631.08 9035.29 -1 1
2720.41 1364.4 252.75 3055.7 -1 2
7934.46 -6191.92 -3544.03 10670.8 1 1
event 13
-4642.09 -5428.77 20996.6 22393.5
-7266.77 971.494 -6053.66 9999.37
-4744.36 270.972 -5591.65 7338.94 1 2
-3133.51 -1312.96 9366.87 9964.55 1 1
-2522.41 700.522 -462.011 2660.43 -1 2
-1508.58 -4115.81 11629.8 12428.9 -1 1
event 14
-5531.97 -10210.9 14267.8 18655.4
-3818.65 3952.54 216.804 6312.12
-3481.69 -5335.89 10005 11861.9 -1 1
-2050.28 -4874.98 4262.81 6793.51 1 1
-1823.38 3775.47 -401.154 4213.19 -1 2
-1995.27 177.068 617.958 2098.93 1 2
event 15
-8434.47 -1433.43 10218.9 13682.6
773.393 -4841.93 -7088.11 9158.3
1869.44 -3101.04 -5361.12 6470.24 1 2
-4445.12 749.541 5734.45 7294.93 1 1
-1096.04 -1740.89 -1726.99 2688.06 -1 2
-3989.34 -2182.97 4484.48 6387.64 -1 1
event 16
7673.13 -6401.74 15881.3 19017.5
-8307.13 4681.42 43595.3 44733.2
-3795.59 942.01 22563.6 22900.3 1 2
2567.95 -1730.55 2614.4 4054.06 -1 1
5105.18 -4671.18 13266.9 14963.5 1 1
-4511.53 3739.41 21031.6 21833 -1 2
event 17
-9976.55 6811.47 11915.1 17247.8
1586.19 6855.13 -16253.9 17980.3
-6145.09 2328.26 6238.13 9061.36 1 1
-3831.46 4483.22 5676.96 8186.47 -1 1
2268.37 4926.18 -9701.28 11114.8 -1 2
-682.184 1928.95 -6552.65 6865.46 1 2
event 18
-4946.49 -20741.7 -26637.2 34261
-2515.37 -4157.92 2089.45 6129.62
-224.609 -3040.07 415.605 3078.37 1 2
-3039.01 -6561.99 -8536.04 11188 -1 1
-2290.76 -1117.86 1673.85 3051.25 -1 2
-1907.48 -14179.7 -18101.1 23073 1 1
event 19
4509.43 1338.51 17911.8 18776.3
2528.59 -12748.5 47593.2 49433
2282.27 2197.03 8689.64 9249.69 -1 1
2227.16 -858.519 9222.15 9526.63 1 1
1217.54 -8138.06 24429.1 25777.9 1 2
1311.05 -4610.43 23164.1 23655 -1 2
event 20
-935.98 -5519.85 -3122.99 7119.68
-10632.8 8258.66 72151 73461.7
-3602.33 1548.56 15865.3 16343 -1 2
1121.88 -2014.46 -1429.03 2714.77 1 1
-7030.43 6710.1 56285.7 57118.7 1 2
-2057.86 -3505.39 -1693.96 4404.91 -1 1
event 21
4022.92 -3273.5 -32390.9 32949.4
-44374.7 -12581.1 190866 196385
3086.89 -527.729 -17441 17720.3 1 1
936.037 -2745.77 -14949.9 15229.1 -1 1
-35912.8 -9269.91 156821 161148 1 2
-8461.89 -3311.21 34045.1 35237 -1 2
event 22
119.958 -7169.25 -24676.1 25882.7
2780.01 6765.54 -12242.7 14593.7
2596.89 2379.86 -4844.62 5990.75 1 2
-1058.26 -1844.18 -4435.57 4920 1 1
1178.22 -5325.07 -20240.6 20962.7 -1 1
183.12 4385.68 -7398.11 8602.96 -1 2
event 23
262.943 12465.7 16008.8 20526.5
10130.3 5724.86 30449.7 32744
5127.18 1307.42 11690.2 12832.4 1 2
-317.674 2321.65 5126.86 5637.98 -1 1
580.617 10144.1 10882 14888.5 1 1
5003.14 4417.44 18759.5 19911.6 -1 2
event 24
5156.52 -4742.94 7040.65 10404.2
8181.05 8402.31 -1269.33 12195.5
3521.77 -1695.68 2303.66 4538.3 -1 1
1634.75 -3047.26 4736.99 5865.87 1 1
5646.55 3748.47 -1264.18 6895.21 -1 2
2534.49 4653.84 -5.14647 5300.29 1 2
event 25
3278.32 -9123.26 -28413.7 30181.3
-5939.34 -4119.92 -10330.7 12983.3
-3828.08 -3606.6 -9024.74 10446 -1 2
2302.62 -2432.9 -11063.2 11559.7 1 1
975.7 -6690.36 -17350.5 18621.6 -1 1
-2111.26 -513.328 -1306 2537.27 1 2
event 26
4557.93 3676.47 -21062.8 22079.9
447.312 8911.21 24493.3 26251.2
1512.81 3320.51 7750.25 8566.91 -1 2
302.02 2009.62 -5767.39 6115.86 -1 1
-1065.5 5590.7 16743.1 17684.3 1 2
4255.91 1666.85 -15295.4 15964.1 1 1
event 27
10778.7 3688.7 13765.8 18134.9
-4416.92 5821.6 -24484.2 25738.4
6731.41 3593.15 10202.4 12740.6 -1 1
4047.31 95.5549 3563.4 5394.33 1 1
-2808.59 1287.8 -10750.3 11186 -1 2
-1608.33 4533.8 -13733.9 14552.4 1 2
event 28
8467.84 -54.9295 7963.22 12029.6
-5507.19 -4398.5 -12098.4 14340.1
5549.24 1087.11 3784.55 6805.14 -1 1
2918.59 -1142.04 4178.68 5224.46 1 1
-1317.86 -1715.18 -6492.91 6844.54 -1 2
-4189.33 -2683.32 -5605.5 7495.56 1 2
event 29
6236.18 5397.43 5081.04 10170
-9195.22 -3233.88 20593.3 22993.1
4877.88 2271.79 3425.93 6379.88 -1 1
1358.3 3125.63 1655.11 3790.13 1 1
-6178.23 -3639.86 14910.3 16545.3 -1 2
-3016.99 405.98 5683 6447.84 1 2
event 30
-10766.3 -2377.25 -3900.93 12262.5
-11023.9 -467.173 -36028.8 37807.5
-8046.99 1052.39 -25541.6 26800.1 1 2
-5297.14 -124.385 -239.25 5305.06 -1 1
-2976.94 -1519.56 -10487.2 11007.4 -1 2
-5469.16 -2252.86 -3661.68 6957.45 1 1
event 31
-5410.79 7715.04 472.278 9930.37
13191.6 -7779.38 54193.6 56401
-3073.47 5412.85 -1047.87 6313.03 1 1
-2337.32 2302.19 1520.15 3617.35 -1 1
6725.34 -4284.92 33641.9 34574.2 -1 2
6466.22 -3494.46 20551.7 21826.8 1 2
event 32
-3998.18 -7543.91 -11154.3 14384.2
-2304.5 3958.18 -174.1 5531.64
-768.017 -4737.62 -5771.71 7507.24 1 1
-3230.16 -2806.28 -5382.61 6876.98 -1 1
-291.383 3096.42 668.582 3182.91 -1 2
-2013.12 861.759 -842.683 2348.74 1 2
event 33
6215.34 -5348.08 -26922.4 28313.2
7012.35 2590.81 -5436.87 9748.69
2943.36 -4231.95 -13462.9 14416.5 -1 1
3271.98 -1116.13 -13459.5 13896.8 1 1
2592.08 607.418 -291.087 2680.24 -1 2
4420.27 1983.4 -5145.78 7068.44 1 2
event 34
8013.02 1356.33 15383.6 17671.8
-6528.77 -1841.19 -3095.34 8073.79
-2462.59 -2006.71 -428.624 3207.2 1 2
2288.04 1021.93 7600.15 8003.3 -1 1
5724.99 334.398 7783.43 9668.52 1 1
-4066.17 165.519 -2666.72 4866.59 -1 2
event 35
-2317.36 -18092.3 -86890.1 88860.4
-4344.37 -6676.36 -1055.62 8611.24
149.526 -11636.1 -51021.2 52331.6 1 1
-2466.89 -6456.22 -35868.9 36528.8 -1 1
-2527.15 -3640.69 963.014 4536.49 -1 2
-1817.22 -3035.67 -2018.64 4074.75 1 2
event 36
7090.08 -2014.43 13370.3 15578.3
-7110.96 -5993.2 5646.38 11486.8
3558.52 -2220.03 9180.54 10093.8 -1 1
3531.56 205.592 4189.74 5484.45 1 1
-2695.65 -4433.81 3883.94 6482.39 1 2
-4415.32 -1559.39 1762.45 5004.41 -1 2
event 37
-19694 1628.39 -3687.55 20339.5
-5179.33 1811.82 -13287.7 14705.9
-11861.8 896.853 -674.557 11915.3 -1 1
-7832.21 731.534 -3012.99 8424.25 1 1
-2897.57 2474.42 -9464.43 10203.2 -1 2
-2281.76 -662.602 -3823.28 4502.68 1 2
event 38
6354.29 -3018.37 3426.8 8415.58
2740.29 7318.78 -5193.42 9881.07
2471.32 2295.51 -2076.4 3962.25 -1 2
2613.74 -24.6025 170.184 2621.52 -1 1
268.97 5023.26 -3117.02 5918.82 1 2
3740.55 -2993.77 3256.62 5794.06 1 1
event 39
-5898.39 -294.347 -13177.9 14769.1
-2603.18 -18450.1 1753.26 18969.7
-3925.09 74.448 -5055.7 6401.8 -1 1
-1973.3 -368.795 -8122.2 8367.27 1 1
-2815.78 -12533.4 2192.22 13031.9 -1 2
212.594 -5916.76 -438.96 5937.77 1 2
event 40
-4705.75 -5045.48 -798.85 7604.63
-6370.56 -3838.23 28618.9 29731.3
-3432.54 -760.217 16929.9 17291.4 1 2
-2131 -1834.05 -1834.63 3358.86 -1 1
-2938.02 -3078.01 11689 12439.8 -1 2
-2574.75 -3211.42 1035.78 4245.77 1 1
event 41
-8325.15 -360.077 -1724.11 9055.45
7937.82 -5642.7 7171.41 12484.7
-5039.66 534.646 325.788 5079.5 1 1
-3285.49 -894.723 -2049.9 3975.96 -1 1
6929.42 -3798.01 4536.4 9112.18 -1 2
1008.4 -1844.69 2635.01 3372.57 1 2
event 42
-8924.6 4253.84 -2756.51 10720.6
-5097.57 5448.83 16712.1 18562.3
-4851.65 2749.85 -3069.08 6366.36 1 1
-4072.95 1503.99 312.561 4354.28 -1 1
-3544.64 2071.14 6442.88 7640.42 -1 2
-1552.94 3377.69 10269.2 10921.9 1 2
event 43
6453.21 -5753.09 8318.96 12551.3
-1010.35 8715.86 -49825.9 50687.2
-1934.43 3828.82 -25399.7 25759.6 -1 2
1722.77 -3728.57 2622.51 4874.31 -1 1
4730.44 -2024.53 5696.45 7677.01 1 1
924.084 4887.04 -24426.2 24927.6 1 2
event 44
5352.1 5091.63 1715.72 8191.71
-2422.05 -9692.35 9012.58 13806.7
3236.38 2924.69 2543.15 5050.42 1 1
2115.73 2166.94 -827.431 3141.3 -1 1
-943.776 -7138.34 7796.2 10613.1 -1 2
-1478.28 -2554 1216.38 3193.59 1 2
event 45
-3128.94 7485.25 19083.5 20966.4
-7026.32 7950.66 5712.96 12442.4
-365.474 4717.13 11421.1 12362.7 -1 1
-2763.47 2768.11 7662.4 8603.65 1 1
-4831.89 3522.55 2175.61 6363.96 1 2
-2194.43 4428.11 3537.36 6078.46 -1 2
event 46
3120.4 -9359.88 -178.538 10342.5
9950.07 1876.76 -746.778 10614.8
3706.48 2056.58 -1022.45 4361.67 1 2
474.685 -3362.19 1272.49 3627.68 -1 1
2645.72 -5997.68 -1451.03 6714.81 1 1
6243.59 -179.825 275.674 6253.15 -1 2
event 47
-8272.4 -1577.83 12460.5 15355.1
1967.84 6711.22 5354.67 9336.8
-5197.19 -2467.87 7567.49 9506.8 -1 1
-3075.21 890.038 4893.05 5848.26 1 1
-515.4 2411.71 790.837 2592.02 -1 2
2483.24 4299.52 4563.83 6744.78 1 2
event 48
7747.31 12006.8 -35354.4 38258.4
4004.95 -4293.56 -12090.7 13793.1
1858.98 -3596.33 -9661.62 10476 1 2
3647 3696.99 -15516.7 16363 -1 1
2145.98 -697.229 -2429.12 3317.1 -1 2
4100.31 8309.8 -19837.7 21895.4 1 1
event 49
-10721 4969.9 6186.68 13693.3
4365.97 -1198.33 -6005.95 8133.89
-7169.9 1782.82 3123.06 8021.88 -1 1
-3551.07 3187.07 3063.62 5671.37 1 1
3142.14 668.055 -3072.61 4446.51 -1 2
1223.83 -1866.39 -2933.34 3687.39 1 2
event 50
-7399.91 2262.18 17297.5 19200.8
-10554.5 -10332.4 8407.86 17275.3
-4884.36 -2791.06 2627.18 6209.69 1 2
-2203.15 -466.755 3063.5 3803.67 1 1
-5670.1 -7541.31 5780.68 11065.7 -1 2
-5196.77 2728.94 14234 15397.1 -1 1
event 51
6385.5 191.322 5582.84 9031.62
-7600.99 -3218.36 955.842 8867.77
-2808.56 -2073.21 -891.474 3604.46 -1 2
2327.2 1448.68 1447.42 3101.73 1 1
-4792.43 -1145.15 1847.32 5263.31 1 2
4058.3 -1257.36 4135.42 5929.89 -1 1
event 52
772.417 8978.16 4818.27 10677.6
-7164.47 4248.81 -5539.62 10471.9
181.962 4996.67 943.023 5089.23 1 1
590.455 3981.48 3875.25 5588.34 -1 1
-3092.12 1453.04 -572.194 3465.7 -1 2
-4072.35 2795.77 -4967.43 7006.2 1 2
event 53
-2642.72 8017.31 1113.43 9060.45
2363.28 5300.05 -7547.5 10011.6
809.679 3964.93 -6621.8 7761.16 -1 2
95.5811 3106.03 1440.73 3426.86 -1 1
-2738.3 4911.29 -327.307 5633.59 1 1
1553.6 1335.12 -925.706 2250.4 1 2
event 54
5259.9 1696.19 -28316.6 29016.6
6797.01 -5381.7 -18578 20733.9
3019.27 2391.75 -14573.2 15074 -1 1
2240.62 -695.566 -13743.4 13942.6 1 1
4377.28 -1661.1 -8139.44 9390.5 -1 2
2419.73 -3720.6 -10438.6 11343.4 1 2
event 55
3056.13 -8793.38 -13853.9 16976
-1424.79 6340.62 -23150.3 24243.8
445.246 -5608.96 -7028.06 9003.53 -1 1
2610.89 -3184.42 -6825.84 7972.49 1 1
-2170.79 2884.77 -10267.7 10884.4 -1 2
745.999 3455.85 -12882.7 13359.4 1 2
event 56
6370.53 13942.4 40986.2 43868.3
6295.75 738.572 -12083.1 13992
3574.88 9416.59 30307.5 31937.6 1 1
2795.65 4525.77 10678.7 11930.8 -1 1
4434.42 1890.99 -8982.33 10194.8 -1 2
1861.33 -1152.42 -3100.81 3797.22 1 2
event 57
5328.89 4399.13 4281.2 8698.78
16921.7 -8708.8 -96089.5 98004.9
3627.68 -546.915 -17012.2 17403.6 -1 2
1151.34 2780.89 2345.77 3817.42 1 1
13294 -8161.88 -79077.3 80601.3 1 2
4177.54 1618.25 1935.43 4881.36 -1 1
event 58
6102.03 1188.38 -12193 14032.4
-1424.42 10933.9 31662.6 33670.3
4493.57 -319.535 -6350.43 7786.74 1 1
1608.46 1507.91 -5842.58 6245.62 -1 1
-1583.21 6181.08 21895.8 22806.8 -1 2
158.782 4752.84 9766.78 10863.5 1 2
event 59
-6838.2 -6747.42 -8163.55 12981.6
-1440.87 8413.88 -15343.9 17829.7
-673.331 6192.23 -8133.81 10245.3 -1 2
-1480.18 -3391.98 -3757.18 5274.85 1 1
-5358.02 -3355.44 -4406.37 7706.79 -1 1
-767.54 2221.65 -7210.13 7584.33 1 2
event 60
-5068.87 1699.76 -1237.43 6301.17
-12733.3 8710.66 24449.3 29075.3
-3359.61 -488.866 -775.575 3484.06 1 1
-1709.25 2188.63 -461.859 2817.11 -1 1
-7313.86 4349.86 10751.1 13711.7 -1 2
-5419.43 4360.8 13698.2 15363.6 1 2
event 61
-1341.32 -5374.26 -24757.1 25557.5
10132.5 -3240.4 -11208.1 15760.1
549.493 -3915.9 -15523.3 16019.4 1 1
-1890.81 -1458.36 -9233.74 9538.09 -1 1
4805.63 -3139.86 -6136.39 8403.53 1 2
5326.89 -100.544 -5071.68 7356.56 -1 2
event 62
-13654 1053.38 2246.51 14219
13822.4 -1659.11 -5992.44 15469.6
6185.4 780.08 -2352.3 6664.25 -1 2
-2673.73 1072.34 1402.49 3205.76 1 1
-10980.3 -18.9547 844.022 11013.2 -1 1
7636.95 -2439.19 -3640.13 8805.36 1 2
event 63
4092.32 -3799.79 11662.9 13296.7
5292.38 12169.6 -29611.5 32596.6
1102.95 -3126.82 5877.23 6748.81 -1 1
2989.37 -672.966 5785.72 6547.9 1 1
2653.81 8312.27 -21958.9 23629.2 -1 2
2638.57 3857.35 -7652.61 8967.43 1 2
event 64
-2576.48 -11578.4 26104.3 28839.6
-6373.71 7749.17 27047.3 29014.1
-854.187 2985.29 10034.1 10504.1 1 2
-230.756 -2552.31 3144.94 4058.24 1 1
-2345.73 -9026.05 22959.3 24781.3 -1 1
-5519.52 4763.88 17013.2 18510 -1 2
event 65
9287.51 2009.82 -10054 14176.5
4542.43 -1685.58 -11514.3 12870.3
2004.81 -2292.5 -5045.86 5894.63 1 2
4310.05 -434.44 -3359.44 5482.91 1 1
2537.62 606.913 -6468.46 6975.67 -1 2
4977.46 2444.26 -6694.61 8693.58 -1 1
event 66
-4375.25 -3186.61 4959.56 7967.77
2832.65 10347.1 33811 35607
-3320.32 -1313.46 1459.57 3858.92 1 1
-1054.93 -1873.15 3499.99 4108.85 -1 1
344.591 6837.56 19834.5 20983.1 -1 2
2488.06 3509.55 13976.5 14624 1 2
event 67
14598.4 1523.76 11711 19030.7
7440.7 -3086.83 -7376 11353
3289.6 -2597.8 -2319.81 4791.94 1 2
4257.11 -585.386 2227.46 4841.33 1 1
4151.1 -489.039 -5056.19 6561.02 -1 2
10341.3 2109.15 9483.52 14189.4 -1 1
event 68
-13609.4 -7044.23 -60590.2 62574.7
-665.156 8066.35 -19037.4 20917.1
-124.506 4380.47 -13868 14544.3 1 2
-5535.09 -4579.29 -26940.5 27882 1 1
-540.65 3685.87 -5169.48 6372.81 -1 2
-8074.29 -2464.94 -33649.7 34692.7 -1 1
event 69
-8199.59 -174.869 -13530.9 16122.6
9126.57 -791.685 5748.14 11249.6
6111.09 -1848.02 4527.7 7827.63 1 2
-3801.68 -1299.13 -8111.59 9052.6 1 1
3015.47 1056.33 1220.44 3421.93 -1 2
-4397.92 1124.26 -5419.29 7070.04 -1 1
event 70
-8124.63 -8977.15 -8477.81 15101.8
6600.16 8207.13 17075.6 20299.9
6110.7 6131.45 12030.5 14821.6 1 2
-4310.2 -3977.04 -5852.57 8286.04 -1 1
489.461 2075.67 5045.1 5478.34 -1 2
-3814.43 -5000.12 -2625.25 6815.73 1 1
event 71
2245.93 8857.01 10600.6 14333.7
-8284.19 -5634.68 -25740.5 27866.5
-3037.49 -1467.41 -13460.1 13876.8 1 2
1907.77 2054.51 2588.85 3817.58 -1 1
338.154 6802.5 8011.78 10516.1 1 1
-5246.7 -4167.27 -12280.4 13989.7 -1 2
event 72
2821.87 -4780.2 14135.6 15499.1
-8375.82 -11274.3 4196.53 14982.1
2530.43 -1762.24 5025.78 5897.31 1 1
291.446 -3017.96 9109.85 9601.75 -1 1
-3485.75 -7074.58 1698.13 8068.14 1 2
-4890.08 -4199.68 2498.4 6913.99 -1 2
event 73
-1040.21 -5902.09 -1571.45 6926.54
9246.6 -7423.68 -21281.9 24558.5
3943.77 -1477.52 -8691.27 9658.45 1 2
761.47 -2064.91 417.921 2242.66 -1 1
5302.82 -5946.17 -12590.6 14900.1 -1 2
-1801.68 -3837.17 -1989.37 4683.88 1 1
event 74
7643.8 2019.79 -9091.65 12440.1
6680.2 3750.78 -8757.57 12040.7
3822.23 1800.91 -2783.98 5061.07 1 1
3821.57 218.879 -6307.67 7379.04 -1 1
5071.14 2302.22 -7992.5 9742.06 -1 2
1609.07 1448.56 -765.076 2298.68 1 2
event 75
-5407.88 11152 -19476.2 23292.2
-1627.08 6315.71 -2820.72 7751.28
-3121.83 8862.97 -15893.9 18464.2 -1 1
-2286.05 2288.99 -3582.27 4827.97 1 1
877.315 2518.46 -1100.93 2887.13 -1 2
-2504.4 3797.25 -1719.79 4864.15 1 2
event 76
-4192.53 -6176.57 8478.79 11713.6
-6043.47 183.171 -6078.98 9116.02
-4034.66 -250.375 -5753.85 7032.72 -1 2
-3055.31 -2263.31 5399.32 6604.64 -1 1
-1137.22 -3913.26 3079.46 5108.93 1 1
-2008.81 433.546 -325.13 2083.3 1 2
event 77
-33610.4 7935.26 656.787 34679.2
12814.5 -5061.76 -321.412 14125.4
7928.1 -4510.11 514.639 9136.29 1 2
-13727.3 4494.2 -638.41 14458.8 -1 1
4886.38 -551.655 -836.051 4989.11 -1 2
-19883.1 3441.05 1295.2 20220.4 1 1
event 78
-3970.55 5838.42 2710.98 8172.67
-10872.4 -878.374 37875.8 39536.6
-2946.94 3276 3093.55 5384.97 1 1
-1023.6 2562.42 -382.575 2787.7 -1 1
-6622.14 986.79 22460.1 23437 1 2
-4250.21 -1865.16 15415.7 16099.6 -1 2
event 79
7359.61 -6783.69 13941.6 17439.7
12285.1 3197.68 -39057 41184.8
5356.48 567.194 -20659.4 21350.3 -1 2
1030.47 -2401.52 4981.17 5626.05 1 1
6329.14 -4382.17 8960.44 11813.6 -1 1
6928.64 2630.48 -18397.6 19834.5 1 2
event 80
10434.1 -844.615 -1873.99 11076.4
3872.54 -5835.07 42874.4 43552.9
3924.03 -3344.38 29757 30200.6 -1 2
3573.8 -328.42 -2159.81 4189.97 -1 1
6860.32 -516.195 285.816 6886.46 1 1
-51.4909 -2490.69 13117.4 13352.3 1 2
event 81
-6897.92 8642.19 31127.3 33177.8
-2220.23 9027.84 -22796 24812.9
-2251.78 3708.19 -8203.83 9280.9 -1 2
-1257.36 1647.84 10097.6 10308.7 -1 1
-5640.56 6994.35 21029.7 22869.1 1 1
31.5473 5319.66 -14592.2 15532 1 2
event 82
-6393.12 6143.62 15846 18420.1
-7606.06 -6491.62 12598.3 16379.9
-3943.39 -1381.01 4977.4 6499.48 1 2
-3095.62 996.761 4883.44 5868.18 -1 1
-3662.68 -5110.62 7620.89 9880.42 -1 2
-3297.51 5146.86 10962.5 12552 1 1
event 83
-3860.71 2797.81 -12029 13305
-4625.68 10735.6 232.51 12095.3
-1768.79 2760.9 -9319.24 9879.81 1 1
-2091.92 36.917 -2709.79 3425.14 -1 1
-4037 6624.74 1143.48 7842.4 1 2
-588.685 4110.87 -910.973 4252.86 -1 2
event 84
-6584.81 -920.932 11561.7 13837.3
-12172.5 2931.55 -4006.11 13505.7
-3338.06 -2244.1 7112.04 8171.35 1 1
-3246.74 1323.16 4449.65 5665.92 -1 1
-7912.2 1098.74 -1185.05 8076.24 -1 2
-4260.3 1832.81 -2821.06 5429.45 1 2
event 85
16757.3 3056.92 23576.8 29250.8
-10668.6 2360.22 49596 50879.7
-5331.74 191.148 18492 19246.5 -1 2
4429.11 944.033 8745.77 9849.26 -1 1
12328.2 2112.89 14831 19401.5 1 1
-5336.88 2169.07 31104 31633.2 1 2
event 86
411.634 -7736.87 -13391.4 15778.1
8322.07 3976.64 -19703.4 21974.6
-1246.68 -4220.11 -6221.57 7621.2 1 1
1658.32 -3516.76 -7169.79 8156.88 -1 1
3961.2 3384.49 -8975.27 10378.5 1 2
4360.87 592.151 -10728.1 11596.2 -1 2
event 87
11131 3558.19 23349.7 26293.7
6775.9 -1434.86 -1626.53 7759.33
7283.53 3735.14 14724.6 16847.1 -1 1
3847.44 -176.949 8625.12 9446.58 1 1
1603.74 -1783.88 -567.893 2467.37 -1 2
5172.16 349.026 -1058.63 5291.97 1 2
event 88
-1607.82 7357.06 6425.7 10372.6
560.784 -12825.9 29270.3 32111.7
1599.19 -10139.1 24036.8 26136.9 1 2
-1988.83 2365.47 1943.11 3652.08 -1 1
-1038.41 -2686.78 5233.51 5974.77 -1 2
381.014 4991.59 4482.59 6720.56 1 1
event 89
199.947 -7952.85 -19363.4 21161.7
-1449.11 7630.09 5627.64 10078.7
-1319.9 4489.59 1553.37 4931.8 -1 2
-1421.75 -3554.11 -9394.8 10145.3 1 1
1621.69 -4398.74 -9968.58 11016.5 -1 1
-129.202 3140.51 4074.27 5146.88 1 2
event 90
-6040.17 5453.33 650.908 8731.34
130.439 -7402.91 26127.9 27332.8
1378.69 -3454.7 15124.9 15575.9 1 2
-684.927 2491 238.078 2596.55 -1 1
-5355.24 2962.33 412.83 6134.79 1 1
-1248.26 -3948.21 11003 11756.9 -1 2
event 91
6836.91 12316.9 25280.7 29105.9
6837.05 1240.62 -13825.2 15780.1
2772.29 2063.02 -6455.71 7323.18 -1 2
1650.11 2638.34 3313.65 4547 1 1
5186.8 9678.58 21967 24558.9 -1 1
4064.76 -822.401 -7369.53 8456.94 1 2
event 92
944.305 -8021.75 14824.5 17163.8
7229.74 896.057 -5268.3 9508.76
-780.41 -4583.44 6494.1 7987.58 1 1
1724.72 -3438.31 8330.36 9176.2 -1 1
5090.25 -512.471 -4547.3 6845.61 -1 2
2139.49 1408.53 -721.006 2663.16 1 2
event 93
9553.44 388.586 26173.4 28036.7
13490.7 3476.43 56319.5 58099.6
5783.39 -865.785 18382 19290.1 1 1
3770.05 1254.37 7791.35 8746.6 -1 1
9768 3638.04 37945 39350.8 -1 2
3722.7 -161.604 18374.4 18748.8 1 2
event 94
7358.63 -181.16 2932.33 8507.16
6750.99 -2035.4 -1298.66 7810
4221.15 -2389.16 -1854.04 5193.73 1 2
2906.51 -1398.66 429.859 3255.76 1 1
2529.84 353.761 555.384 2616.27 -1 2
4452.11 1217.5 2502.47 5251.39 -1 1
event 95
-5939.28 2917.03 -5119.34 8920.91
7004.23 -4742.72 9225.35 12893.8
-3650.67 663.45 -1308.3 3935.78 -1 1
-2288.61 2253.58 -3811.04 4985.13 1 1
3882.81 -2205.73 6977.31 8284.66 -1 2
3121.41 -2536.99 2248.04 4609.16 1 2
event 96
1603.32 5159.23 3147.46 6977.51
10891.6 -4645.91 -42046.2 43791.4
2233.52 2425.46 1013.4 3451.04 1 1
-630.203 2733.77 2134.06 3526.47 -1 1
6400.79 -1076.35 -23210.4 24101.1 1 2
4490.81 -3569.56 -18835.8 19690.2 -1 2
event 97
10667.8 14627.5 7781.01 19947.5
-14162.4 7694.03 -2664.42 16627.1
6172.37 9083.94 6285.54 12654.5 -1 1
4495.41 5543.61 1495.47 7293 1 1
-10988.1 4413.27 -2093.1 12025.2 -1 2
-3174.35 3280.76 -571.319 4601.9 1 2
event 98
-428.364 8999.5 14890 17677.1
7346.75 281.347 27337.2 28477.5
5377.33 -1122.84 20531.5 21253.9 1 2
-1506.57 3658.82 4916.14 6311.6 1 1
1969.42 1404.19 6805.74 7223.55 -1 2
1078.2 5340.68 9973.85 11365.5 -1 1
event 99
-10290.3 3319.42 37252.1 38913
5868.79 -9177.8 -6347.94 12983.2
2800.2 -3614.98 -1008.73 4683.79 1 2
-3085.26 2025.85 9006.55 9734.07 1 1
-7205.03 1293.58 28245.6 29178.9 -1 1
3068.59 -5562.82 -5339.21 8299.37 -1 2
event 100
-3633.62 7204.68 -5863.23 10444.1
-2223.42 11059.6 -1401.54 11781.9
-1710.84 4302.42 -1514.83 4872.74 1 1
-1922.78 2902.26 -4348.41 5571.36 -1 1
-2012.49 6245.61 541.999 6585.03 1 2
-210.928 4813.99 -1943.54 5196.87 -1 2
event 101
7592.44 1674.1 25790.9 27114.8
3199.99 7068.69 -31985.9 33059
469.514 3101.92 -7991.72 8586.1 1 2
1884.5 1727.25 10047.3 10368 -1 1
5707.95 -53.1551 15743.6 16746.8 1 1
2730.48 3966.78 -23994.2 24472.9 -1 2
event 102
8657.3 -21000.7 -2384.95 23049
5129.18 -432.099 686.418 6046.16
3671.15 1147.18 583.848 3891.71 1 2
1981.96 -5614.44 -1967.53 6271.56 -1 1
1458.03 -1579.28 102.569 2154.45 -1 2
6675.35 -15386.2 -417.425 16777.4 1 1
event 103
-3226.14 6441.5 3521.73 8596.18
-5869.59 -1734.68 -2167.11 7193.69
-2665.51 3419.4 644.214 4384.45 -1 1
-560.621 3022.1 2877.52 4211.73 1 1
-2555.08 805.679 -789.226 2794.92 -1 2
-3314.51 -2540.36 -1377.89 4398.77 1 2
event 104
-8501.75 -6529.33 4761.85 12131.7
-1472.98 -7213.27 -2706.59 8433.07
-5637.85 -2443.29 3003.44 6840.09 -1 1
-2863.91 -4086.04 1758.41 5291.58 1 1
334.492 -4484.63 -597.186 4537.8 -1 2
-1807.47 -2728.64 -2109.4 3895.28 1 2
event 105
9291.43 -5720.38 30525.4 32564.5
6052.4 9020.2 -12914.4 17157.2
3322.12 4306.58 -4170.35 6854.64 1 2
3113.51 -2540.97 15453.1 15967.5 1 1
6177.92 -3179.41 15072.3 16597 -1 1
2730.27 4713.63 -8744.03 10302.5 -1 2
event 106
4716.09 9599.58 -11775.6 16206.5
-4059.28 2090.58 4825.95 7330.03
-2087.68 2699.65 2589.82 4285.42 1 2
3272.94 3477.18 -4210.1 6367.03 1 1
-1971.6 -609.078 2236.13 3044.6 -1 2
1443.15 6122.4 -7565.53 9839.46 -1 1
event 107
6564.58 1964.32 -18682.5 20139
-3572.03 7167.16 -13259.2 15796.4
-2761.59 2170.91 -5791.18 6774.08 -1 2
2162.4 1825.18 -10131.3 10519.6 -1 1
-810.439 4996.25 -7468.07 9022.33 1 2
4402.17 139.133 -8551.21 9619.4 1 1
