event 0
8732.68 -2370.1 -9329.71 13360.8
1893.98 -4818.02 -12629.7 13996.5
98.2759 -3845.25 -6730.69 7752.99 1 2
4005.54 480.486 -4195.35 5821.28 1 1
1795.71 -972.774 -5899.06 6243.47 -1 2
4727.14 -2850.58 -5134.36 7539.53 -1 1
event 1
-6992.73 2661.84 22109.2 23545.6
4807.69 11902.5 14226.7 19410.6
2684.72 3503.93 3579.82 5684.32 1 2
-2741.02 -499.402 8204.21 8665.04 -1 1
2122.97 8398.54 10646.9 13726.2 -1 2
-4251.71 3161.24 13905 14880.5 1 1
event 2
-5309.27 -1766.79 2458.39 6851.64
9876.2 -5379.45 35948.1 37793.3
-2522.47 -2209.92 2208.37 4016.8 -1 1
-2786.8 443.134 250.023 2834.84 1 1
5917.77 -4671.1 20965.9 22280.5 1 2
3958.43 -708.346 14982.2 15512.9 -1 2
event 3
627.103 10656.2 -10858.4 15538.4
-357.647 8906.97 32030 33451
-865.175 7860.04 -7175.74 10678.5 1 1
1492.28 2796.13 -3682.64 4859.86 -1 1
-1769.1 2525.21 9188.88 9692.94 -1 2
1411.45 6381.76 22841.1 23758.1 1 2
event 4
3204.88 7309.1 2384.63 8886.58
5056.09 3851.97 -8438.19 11008.9
2961.89 3234.59 590.376 4426.63 1 1
242.992 4074.51 1794.25 4459.95 -1 1
2981.75 2542.64 -2678.61 4747.84 -1 2
2074.33 1309.33 -5759.57 6261.07 1 2
event 5
3801.51 -6317.79 -10631.8 13303.8
-18308.3 -4640.48 -6091.65 20085.5
2543.05 -4074.74 -4219.75 6394.38 -1 1
1258.46 -2243.05 -6412.06 6909.47 1 1
-13364.6 -4590.25 -5217.59 15063.8 1 2
-4943.66 -50.2323 -874.058 5021.69 -1 2
