event 0
-1596.76 -9126.25 -2644.47 10120.4
6010.02 1569.63 10730.1 12934.5
4220.35 -544.139 7896.4 8970.6 -1 2
-2117.9 -3685.1 -651.035 4301.21 1 1
521.131 -5441.16 -1993.43 5819.17 -1 1
1789.68 2113.77 2833.74 3963.86 1 2
event 1
-4819.75 -4170.35 15681.1 17207.8
4369.84 -7258.38 -4274.58 9982.1
788.173 -3938.04 -1133.76 4174.44 1 2
-283.958 -2039.78 4134.68 4620.39 1 1
-4535.79 -2130.57 11546.4 12587.4 -1 1
3581.67 -3320.33 -3140.82 5807.66 -1 2
event 2
-18565.7 10225.4 5856.44 22206.6
-6132.52 2291.26 4887.57 8737.09
-4148.18 650.403 4457.13 6124.34 1 2
-9283.12 3481.41 3312.19 10453.6 -1 1
-1984.35 1640.85 430.443 2612.75 -1 2
-9282.56 6743.98 2544.25 11752.9 1 1
event 3
5816.66 179.666 -948.05 6659.98
5032.67 6019.58 -3251.92 9040.42
2445.78 1908.49 -2766.18 4157.77 -1 2
2000.46 1538.51 -153.427 2530.52 1 1
2586.89 4111.09 -485.746 4882.65 1 2
3816.19 -1358.84 -794.622 4129.45 -1 1
event 4
-3997.8 -10929.1 60045.3 61241
3605.17 -8280.48 25391.6 27127.2
514.575 -4202.72 14257.3 14873.1 1 2
-2446.55 -3145.92 16219.5 16702.2 -1 1
-1551.25 -7783.21 43825.9 44538.8 1 1
3090.59 -4077.76 11134.3 12254.1 -1 2
event 5
-2138.87 7005.63 -19702.6 21247.1
14701.4 -44309.1 -70477 84593.3
-196.347 5191.23 -14517.7 15419.5 1 1
-1942.52 1814.4 -5184.96 5827.56 -1 1
9965.45 -26520.3 -44559.6 52803.4 -1 2
4735.98 -17788.9 -25917.4 31789.9 1 2
event 6
9205.11 -1993.39 54948.8 55836
7584.9 5690.66 7004.01 12188.6
5008.81 492.925 27381.6 27840.5 -1 1
4196.3 -2486.32 27567.2 27995.6 1 1
3581.77 4236.52 5045.09 7499.42 -1 2
4003.12 1454.14 1958.92 4689.14 1 2
event 7
-5576 -7406.21 43535.1 44618.8
-5835.5 -8138.91 -23113.6 25379.6
-4654.76 -3877.94 -13483 14782 1 2
-3493.98 -3096.61 27150 27548.7 -1 1
-1180.75 -4260.97 -9630.6 10597.6 -1 2
-2082.02 -4309.6 16385.1 17070.1 1 1
event 8
8570.76 -918.833 -40262.3 41291
-8095.24 632.308 -34919.5 35984.6
-5831.66 671.959 -29987.3 30556.7 1 2
3472.82 -730.859 -10237.1 10835.3 -1 1
-2263.58 -39.6514 -4932.15 5427.95 -1 2
5097.94 -187.974 -30025.2 30455.6 1 1
event 9
9741.24 5733 7500.03 13914
10991.4 -7967.62 -3109.59 14406.6
3233.54 -467.121 -533.591 3312.08 1 2
1945.56 933.455 3041.75 3730.95 -1 1
7757.87 -7500.49 -2576 11094.5 -1 2
7795.68 4799.55 4458.27 10183.1 1 1
