event 0
-6848.48 -12108.5 -5282.03 15330
5612.16 -2288.37 12741.4 14445.4
2733.63 -2613.97 8542.74 9343.19 1 2
-2818.02 -5284.49 -4233.31 7334.79 -1 1
2878.53 325.596 4198.7 5102.17 -1 2
-4030.46 -6824.02 -1048.72 7995.18 1 1
event 1
-5761.17 11613.1 -50659.6 52383.6
12160 2296.35 3161.71 13142.5
7659.29 7.43286 2449.6 8042.17 1 2
-3393.84 4422.65 -17327.5 18202.5 -1 1
4500.68 2288.91 712.104 5100.34 -1 2
-2367.32 7190.47 -33332.2 34181.2 1 1
event 2
1545.12 3861.08 -2601.96 5801.46
4336.86 7581.84 -2878.05 9703.96
-365.864 3027.35 -1921.11 3605.62 1 1
1910.99 833.734 -680.849 2195.84 -1 1
3215.57 3206.75 -2462.83 5167.19 1 2
1121.3 4375.09 -415.216 4536.77 -1 2
event 3
-5219.49 -5062.75 43287.4 44003
-7942.3 -5484 -2714.73 10493.4
-3860.96 -1669.58 25327.8 25675 1 1
-1358.53 -3393.17 17959.6 18328.1 -1 1
-4992.99 -4030.1 -3194.83 7168.66 -1 2
-2949.32 -1453.9 480.103 3324.75 1 2
event 4
-5123.43 -5137.8 203.517 7891.75
-5696.94 -3021.26 1746.35 7363.71
-4527.62 -799.514 1506.69 4839.41 -1 2
-3015.85 -890.43 100 3147.92 -1 1
-2107.58 -4247.37 103.516 4743.83 1 1
-1169.32 -2221.75 239.656 2524.3 1 2
event 5
5319.02 -197.026 21018.6 21902.1
2382.88 10148.9 -43994.8 45319
2852.98 1154.32 14115.7 14447.7 -1 1
2466.04 -1351.35 6902.82 7454.36 1 1
-129.511 5392.14 -18961.4 19713.9 1 2
2512.39 4756.8 -25033.3 25605 -1 2
event 6
-1854.76 -4474.8 -7366.86 9344.81
-5799.94 6652.73 23422.2 25220.8
-2278.91 -2098.88 -2795.14 4174.05 -1 1
424.15 -2375.92 -4571.72 5170.75 1 1
-3202.1 3066.64 15742.3 16355.1 1 2
-2597.83 3586.08 7679.93 8865.73 -1 2
event 7
-4612.2 -6758.16 -5849.02 10523.6
4939.27 2487.51 -14478.9 15805.5
-1397.8 -4165.86 -4188.78 6071.68 1 1
-3214.39 -2592.3 -1660.23 4451.95 -1 1
2371.05 1897.75 -4140.18 5135.72 -1 2
2568.21 589.763 -10338.7 10669.7 1 2
