event 0
-8500.79 -2385.43 -9777.84 13533.2
-5835.71 2319 3482.96 7820.17
-3132.84 2742.98 2731.16 4980.86 -1 2
-2636.32 -1940.39 -4888.46 5884.17 1 1
-5864.47 -445.041 -4889.38 7649.01 -1 1
-2702.87 -423.978 751.804 2839.3 1 2
event 1
-8882.42 -9327.38 5124.11 14203.7
2906.24 3843.3 6921.09 8983.85
3066.09 1828.33 3449.35 4965.16 1 2
-3370.75 -2217.56 438.236 4059.9 1 1
-159.849 2014.97 3471.74 4018.68 -1 2
-5511.66 -7109.82 4685.87 10143.8 -1 1
event 2
-7906.88 675.913 -11667.6 14446.6
-17549.1 -15274.4 -63045.3 67272.4
-5808.25 1539.36 -6800.58 9075.48 -1 1
-2098.64 -863.449 -4867 5371.1 1 1
-9248.09 -9584.25 -33011.9 35597.5 1 2
-8301.04 -5690.1 -30033.4 31675 -1 2
event 3
5332.07 4861.3 -32059.6 33067.6
-9116.96 1415.18 17019.4 19605.4
-3389.84 -574.458 4235.95 5456.69 -1 2
958.579 2738.75 -16890 17137.8 -1 1
-5727.12 1989.63 12783.4 14148.7 1 2
4373.49 2122.55 -15169.5 15929.8 1 1
event 4
-9458.33 6703.31 23097.3 26105
5643.53 -2901.21 10831.8 12930.1
4106.08 -1005.21 8757.67 9725.14 1 2
-2679.04 3627.47 6472.2 7889 -1 1
1537.45 -1896 2074.16 3204.98 -1 2
-6779.28 3075.83 16625.1 18216 1 1
event 5
-5359.63 6912.29 -31985.6 33304.3
-4723.14 10287.6 -45062.8 46566
-2302.82 2762.75 -18716.7 19059.4 1 2
-640.589 2228.9 -5018.08 5529.08 1 1
-2420.32 7524.83 -26346.2 27506.6 -1 2
-4719.04 4683.39 -26967.5 27775.2 -1 1
event 6
5020.69 -4979.94 -9550.2 12280.2
5473.91 2830.12 -10825.4 12835.7
4395.8 745.967 -6076.08 7537.2 1 2
1131.93 -3265.84 -3961.71 5258.64 -1 1
1078.11 2084.16 -4749.37 5298.47 -1 2
3888.76 -1714.11 -5588.48 7021.6 1 1
event 7
5213.35 -6149.82 -9662.79 12959.9
-7954.05 23.1724 4704.59 9949.92
-3786.55 1189.47 3863.8 5540.12 1 2
2250 -2570.64 -1895.81 3908.45 -1 1
2963.35 -3579.18 -7766.98 9051.47 1 1
-4167.49 -1166.3 840.788 4409.8 -1 2
event 8
1010.01 -4696.22 -12101.5 13383.3
5359.22 7925.75 20995.5 23365.3
2057.65 -2349.46 -7166.34 7818.02 -1 1
-1047.64 -2346.77 -4935.18 5565.25 1 1
4210 3377.44 9143.31 10618 -1 2
1149.22 4548.32 11852.2 12747.3 1 2
event 9
-6035.2 -4263.1 2792.75 8484.59
13239.4 21732.3 -2874.79 25795.9
-3538.29 -2256.21 3165.88 5257.75 1 1
-2496.9 -2006.89 -373.13 3226.84 -1 1
9416.72 13534.4 -759.066 16505.8 1 2
3822.72 8197.84 -2115.73 9290.06 -1 2
event 10
5562.44 1927.68 -1417.2 6801.09
-4559.97 -6487.36 -18382.7 20258.2
3531.95 754.239 -2311.17 4289.08 1 1
2030.49 1173.44 893.969 2512.01 -1 1
-1144.81 -4289.96 -10070.7 11006.6 1 2
-3415.17 -2197.4 -8312.03 9251.64 -1 2
event 11
1133.47 8394.56 22284.7 24040.6
1976.9 8201.9 -1924.12 9190.87
622.629 4605.87 7999.19 9252.02 1 1
510.84 3788.69 14285.5 14788.6 -1 1
2791.33 6028.54 -1157.52 6744.32 -1 2
-814.424 2173.36 -766.598 2446.56 1 2
event 12
-6716.21 -1957.05 19170.3 20640.5
-6031.53 5870.67 -30677.7 31961.8
-3385 1195.71 -11831.7 12364.8 -1 2
-2265.94 -2230.4 7484.49 8132.53 -1 1
-2646.54 4674.95 -18846 19597 1 2
-4450.27 273.345 11685.8 12508 1 1
event 13
-7015.71 -2116.41 -10719.3 13348.9
584.568 -9146.35 4044.06 10485.4
-4207.22 26.7544 -4275.13 5999.11 1 1
-2808.5 -2143.16 -6444.18 7349.79 -1 1
-523.679 -7178.96 2086.61 7495.12 -1 2
1108.25 -1967.39 1957.45 2990.25 1 2
event 14
3662.28 6104.98 -24194.3 25409.4
-1236.98 -12437.6 -28921.4 31658.5
-1275.23 -2776.93 -9258.02 9749.85 -1 2
2088.2 1036.21 -5466.65 5943.88 1 1
38.247 -9660.62 -19663.4 21908.6 1 2
1574.08 5068.78 -18727.7 19465.5 -1 1
event 15
3061.75 9991.23 13698.9 17505.7
3823.82 3101.15 16871 17845.4
1673.99 5709.15 5265.68 7945.77 1 1
1387.76 4282.07 8433.19 9559.91 -1 1
1135.57 2784.9 7233.83 7834.84 -1 2
2688.25 316.243 9637.13 10010.6 1 2
event 16
4164.93 -1456.18 22926.8 23552
8204.3 9341.18 33592.4 35952.8
3165.99 478.248 13040.4 13428.2 1 1
998.936 -1934.43 9886.36 10123.8 -1 1
4233.34 5148.06 13647.7 15188.7 1 2
3970.96 4193.11 19944.6 20764.2 -1 2
event 17
5572.97 -4523.93 -3757.51 8673.74
6123.41 5835.82 -5725.2 10673.4
2837.82 1699.38 -3826.34 5058.97 -1 2
1430.31 -1483.09 -2746.8 3435.32 -1 1
3285.59 4136.43 -1898.85 5614.45 1 2
4142.66 -3040.84 -1010.71 5238.42 1 1
event 18
5658.99 -3317.7 156.906 7255.89
13640 -4575.96 16296.7 21958.1
4388.66 -981.854 -467.376 4522.61 -1 1
1270.33 -2335.85 624.282 2733.28 1 1
8259.79 -1946.96 11457.6 14258.4 1 2
5380.17 -2629 4839.04 7699.7 -1 2
event 19
5757.34 8403.92 -19238.1 21988
-6668.85 193.02 31506.3 32353.4
-3523.94 1545.86 14267.5 14777.7 1 2
3073.48 3423.19 -11620.9 12498.8 -1 1
-3144.91 -1352.84 17238.8 17575.7 -1 2
2683.86 4980.73 -7617.25 9489.18 1 1
event 20
-6416.11 -5487.98 15688.8 18083.5
9890.04 9351.75 20158.8 24520.2
-2550.39 -3927.53 9865.11 10920.7 -1 1
-3865.72 -1560.45 5823.68 7162.76 1 1
5929.91 6468.12 10458.7 13652.7 1 2
3960.13 2883.62 9700.11 10867.4 -1 2
event 21
-5133.47 10289.8 -36491.1 38385.2
-7805.42 464.542 -1685.21 8577.4
-2235.88 6348.45 -16875.6 18168.6 1 1
-2897.6 3941.32 -19615.5 20216.6 -1 1
-4663.17 932.262 -2387.41 5322.14 -1 2
-3142.25 -467.72 702.201 3255.27 1 2
event 22
-7422.69 -3174.84 -26189 27579.5
-1737.88 -5827.85 386.482 6835.47
-219.348 -4221.16 1325.74 4431.14 -1 2
-3928.06 -542.322 -16113.5 16594.5 1 1
-3494.62 -2632.52 -10075.5 10985 -1 1
-1518.53 -1606.69 -939.263 2404.32 1 2
event 23
5873.38 2060.98 -3834.75 7939.87
-4973.48 -8786.82 49085.8 50209.1
3641.04 1070.2 -536.23 3834.21 -1 1
2232.35 990.783 -3298.52 4105.66 1 1
-1770.47 -5568.29 32036.2 32564.8 1 2
-3203.01 -3218.53 17049.6 17644.2 -1 2
event 24
-4872.45 1960.41 -14531 15758.3
1382.09 12750.7 -2744.78 13476.5
-2734.81 1352.89 -12028.3 12409.7 -1 1
-2137.64 607.519 -2502.67 3348.6 1 1
153.061 6965.53 -30.0621 6968.07 -1 2
1229.03 5785.17 -2714.71 6508.42 1 2
event 25
9082 -6564.73 50201.2 51529.9
-7177.05 -64.0588 -32147.5 33084.2
4964.04 -3256.8 33196.7 33723.6 -1 1
4117.95 -3307.93 17004.5 17806.3 1 1
-4010.71 1321.92 -14578.9 15178.5 -1 2
-3166.34 -1385.98 -17568.6 17905.7 1 2
event 26
7962.68 -16148.5 46946.1 50375.6
-6695.03 1054.78 -3852.78 8388.82
-4178.33 2140.8 -2194.6 5183.52 -1 2
2128.77 -2509.92 11191.3 11665.7 -1 1
5833.9 -13638.6 35754.8 38710 1 1
-2516.7 -1086.02 -1658.18 3205.3 1 2
event 27
4367.12 -11518.4 1607.04 12803.1
-4372.26 5332.92 18368.7 19863.4
-3004.14 1389.68 6779.46 7545.09 1 2
1075.04 -1690.8 -803.909 2161.47 1 1
3292.08 -9827.62 2410.95 10641.6 -1 1
-1368.11 3943.24 11589.2 12318.3 -1 2
event 28
12367 -1437.49 22529.6 25926.4
6263.22 2341.41 7940.4 10832.9
6786.65 -1772.72 14884.5 16454.8 -1 1
5580.35 335.236 7645.08 9471.59 1 1
3733.15 -214.566 3557.51 5162.32 -1 2
2530.07 2555.98 4382.89 5670.55 1 2
event 29
6880.93 5058.91 28210.3 29637
4996.17 6888.57 -4313.67 10030.6
1284.09 3697.59 -780.404 3992.65 -1 2
3642.14 819.202 10820.7 11447 1 1
3238.79 4239.71 17389.6 18190 -1 1
3712.07 3190.99 -3533.26 6037.96 1 2
event 30
440.819 -9831.24 -4726.43 11348.1
-5828.09 4443.09 6126.75 10041.7
-1727.52 3206.3 3237.86 4874.38 1 2
-321.977 -2114.53 215.356 2152.32 1 1
762.795 -7716.71 -4941.79 9195.75 -1 1
-4100.57 1236.79 2888.89 5167.32 -1 2
event 31
-7160.57 3484.16 -3487.78 9228.73
22824.4 -10591 -31754.3 40633.1
-4580.41 852.637 -959.021 4757.94 1 1
-2580.16 2631.53 -2528.76 4470.79 -1 1
13288.1 -6006.83 -20798.6 25401.8 1 2
9536.32 -4584.19 -10955.7 15231.3 -1 2
event 32
-8082.78 -4974.95 -40774.8 42026.9
-333.763 8581.02 889.049 9172.01
334.313 3805.66 1862.92 4251.64 1 2
-2326.76 -2632.63 -9252.2 9897.42 -1 1
-5756.01 -2342.32 -31522.6 32129.4 1 1
-668.076 4775.36 -973.875 4920.37 -1 2
event 33
-3202.28 -2942.99 9689.19 11062.8
-9984.01 -7167.88 -2626.67 12944.1
-905.915 -2884.85 5897 6627.89 -1 1
-2296.36 -58.1389 3792.19 4434.92 1 1
-5529.65 -3273.92 102.103 6427.84 1 2
-4454.36 -3893.97 -2728.78 6516.26 -1 2
event 34
4390.69 4723.21 -7092.09 10073.5
9795.59 14641.3 -13896.7 22650.1
1827.42 3629.36 -5572.49 6897.5 1 1
2563.26 1093.86 -1519.6 3176.03 -1 1
7337.35 9943.99 -11300.1 16745.8 -1 2
2458.24 4697.31 -2596.57 5904.32 1 2
event 35
-2340.42 -3683.51 30196.1 30666.7
-5986.78 5208.75 5736.95 10270.2
-240.055 -3169.21 17212 17503.3 -1 1
-2100.36 -514.294 12984.1 13163.4 1 1
-2213.79 3541.26 4030.1 5804.68 1 2
-3772.99 1667.49 1706.85 4465.47 -1 2
event 36
-6637.75 1438.5 -1506.91 7615.15
2828.47 8027.45 -5862.06 10788.7
-4103.68 892.899 -2439.93 4858.18 1 1
-2534.07 545.601 933.02 2756.97 -1 1
591.854 4378.33 -4472.09 6287.35 1 2
2236.62 3649.12 -1389.97 4501.3 -1 2
event 37
-10626.9 -9575.61 -48683.5 50835.9
-4964.69 -4233.34 -13130.8 14985.9
-7980.24 -5221.03 -31309.4 32729.7 -1 1
-2646.71 -4354.58 -17374.1 18106.3 1 1
-4384.77 -2161.72 -10523.4 11603.9 -1 2
-579.919 -2071.62 -2607.46 3382 1 2
event 38
4757.33 -4461.71 1403.25 7355.13
-4985.03 -7525.17 -9926.41 13769.6
-3284.73 -2424.53 -5185.38 6600.54 -1 2
849.503 -2864.51 417.929 3018.76 -1 1
-1700.3 -5100.64 -4741.03 7169.11 1 2
3907.82 -1597.2 985.32 4336.38 1 1
event 39
-611.613 -6592.56 -10647.3 12914.8
7377.31 -13248.7 -2355.98 15655.4
-327.262 -3855.59 -8757.91 9575.21 1 1
-284.351 -2736.97 -1889.42 3339.6 -1 1
3804.58 -9061.94 -483.109 9840.64 1 2
3572.73 -4186.71 -1872.87 5814.79 -1 2
event 40
8331.3 -6974.9 5001.38 12355.8
8121.39 -1013.78 12041.8 14885.6
4421.11 -1958.68 7790.84 9170.12 -1 2
3759.27 -2760.87 3811.16 6024.17 -1 1
4572.03 -4214.03 1190.22 6331.61 1 1
3700.28 944.905 4250.98 5715.5 1 2
event 41
1938.79 -5177.4 -8877.21 10906.8
10147.5 1959.46 31498 33294.6
2403.08 -2934.86 -3977.1 5496.97 1 1
-464.286 -2242.54 -4900.11 5409.88 -1 1
5611.33 710.383 12470.2 13693.4 -1 2
4536.2 1249.08 19027.8 19601.2 1 2
event 42
5180.98 5330.02 16766.6 18600.1
-15031.8 -114.321 12614.2 19866.5
-4375.05 -627.101 2128.11 4906.56 -1 2
2329.57 416.252 5100.43 5623.67 -1 1
-10656.8 512.779 10486.1 14959.9 1 2
2851.41 4913.77 11666.2 12976.4 1 1
event 43
3895.89 -8400.94 -2410.32 10057.6
5376.23 1334.97 -29957 30621.8
1459.72 -4691.31 -2702.99 5608.61 -1 1
2436.17 -3709.63 292.674 4448.94 1 1
2753.39 2159.93 -14118.7 14546.3 -1 2
2622.84 -824.962 -15838.3 16075.5 1 2
event 44
4264.71 6410.5 8805.44 12099.9
7307.08 -6635.93 4702.61 11363.7
3579.25 -1248.67 1663.98 4141.28 -1 2
2980.75 1757.07 3953.12 5254.57 1 1
3727.83 -5387.26 3038.63 7222.45 1 2
1283.96 4653.43 4852.32 6845.37 -1 1
event 45
-4247.21 11432.7 -19032.8 22816.3
-1541.18 4902.52 2737.8 6595.37
-3976.29 6908.7 -10881.8 13489.5 1 1
-270.925 4523.95 -8150.99 9326.81 -1 1
-1834.72 2649.51 264.641 3235.32 -1 2
293.537 2253.01 2473.16 3360.04 1 2
