event 0
7067.53 3353.43 26393.3 27701.8
-14646.7 13775.2 3834.1 20702
4307.9 2213.62 10974 11995.8 -1 1
2759.63 1139.81 15419.2 15706 1 1
-7061.51 8628.21 2631.06 11456.2 1 2
-7585.19 5147.02 1203.04 9245.83 -1 2
event 1
6068.47 524.629 -11487.5 13366.2
17955.3 380.011 7805.28 19825.5
4125.61 -1060.91 1171.91 4419.36 1 2
1628.23 1342.75 -2267.26 3099.31 1 1
13829.7 1440.92 6633.37 15406.2 -1 2
4440.25 -818.117 -9220.24 10266.9 -1 1
event 2
5063.2 -2743.07 4758.72 8086.83
-104.069 21477.6 -21010.5 30270.8
2798.08 -2928.49 3986.83 5684.3 -1 1
2265.12 185.422 771.891 2402.53 1 1
868.376 14376.4 -15983.6 21515.6 -1 2
-972.445 7101.2 -5026.88 8755.19 1 2
event 3
1851.77 -8690.64 10033 13755.3
5959.51 6608.04 -7172.93 11841.6
3045.36 2465.32 -1402.7 4163.02 -1 2
900.03 -3704.79 6612.45 7633.55 1 1
951.736 -4985.85 3420.58 6121.77 -1 1
2914.15 4142.72 -5770.23 7678.62 1 2
event 4
-4111.02 13025.9 -23354 27231.8
2470.92 6582.07 32435.3 33332.7
-1645.7 7700.33 -10726.6 13306.9 -1 1
-2465.32 5325.55 -12627.5 13924.9 1 1
2980.87 3924.03 19154.6 19778.6 -1 2
-509.947 2658.03 13280.7 13554.1 1 2
