event 0
8275.19 848.418 -29147 30468.7
-7454.9 -8523.57 29193.1 31465.1
4702.64 -967.687 -14034.3 14833.2 1 1
3572.54 1816.11 -15112.7 15635.4 -1 1
-5227.59 -3676.34 15190 16480 -1 2
-2227.31 -4847.23 14003.1 14985.1 1 2
event 1
-5842.73 4361.8 -3441.41 8637.04
6599.24 303.461 7962.55 10799.7
-3863.29 1687.81 -3210.94 5300.48 -1 1
-1979.44 2673.98 -230.472 3336.56 1 1
4204.09 -938.993 6286.74 7621.7 -1 2
2395.16 1242.45 1675.81 3178.05 1 2
event 2
6370.02 7213.2 -16828.6 19631.7
-2276.71 -4087.17 -1811.21 5895.76
-309.746 -3505.41 -1463.07 3812.56 1 2
3523.5 1970.21 -5444.86 6778.97 1 1
-1966.96 -581.76 -348.144 2083.2 -1 2
2846.52 5243 -11383.8 12852.8 -1 1
event 3
-3524.66 -6212.17 -6038.95 9852.64
1718.55 -7887.05 21644.4 23307.3
-993.099 -4389.12 -2558.96 5177.84 1 1
-2531.56 -1823.05 -3479.98 4674.8 -1 1
-59.1326 -6133.93 14817.1 16037 -1 2
1777.69 -1753.12 6827.25 7270.22 1 2
event 4
-691.094 4313.4 -1176.78 5835.41
7369.96 -7171.27 -11630.4 15830.3
-2180.29 2273.51 -976.737 3299.65 1 1
1489.2 2039.89 -200.046 2535.76 -1 1
5279.89 -3589.02 -8510.34 10639.3 1 2
2090.06 -3582.25 -3120.01 5191 -1 2
event 5
298.347 -14335 -46053.3 48333
-4005.77 8738.73 -6511.95 12017
-2907.45 2802.65 -2223.18 4611.05 -1 2
952.559 -2616.07 -6428.4 7006.18 -1 1
-654.212 -11719 -39624.9 41326.8 1 1
-1098.32 5936.08 -4288.78 7405.95 1 2
event 6
-11458.6 -6032.93 905.238 13345.7
-3261.46 6142.07 743.163 7905.68
-6870.71 -3619.44 2056.87 8034.23 1 1
-4587.91 -2413.49 -1151.63 5311.43 -1 1
-1643.37 3833.96 -1358.29 4388.17 -1 2
-1618.09 2308.12 2101.45 3517.51 1 2
event 7
4274.97 23575.1 98254.7 101181
2627.12 -3859.54 -1331.68 5758.66
3982.93 19160.2 84286.6 86528.7 1 1
292.039 4414.88 13968.1 14652.5 -1 1
2954.88 -1858.17 -1304 3727.7 -1 2
-327.761 -2001.36 -27.678 2030.96 1 2
event 8
-1294.27 -8305.78 -16466.1 18745.2
4014.29 11170.9 -53576.2 54962.7
2011.11 3231.14 -12065.5 12651.9 1 2
-796.842 -2632.34 -8625.19 9053.68 -1 1
2003.18 7939.78 -41510.7 42310.8 -1 2
-497.43 -5673.44 -7840.88 9691.54 1 1
