event 0
-2479.82 8564.21 16549.7 19052
3839.43 5698.14 -4372.34 8713.14
1770.95 4875.23 -3743.11 6397.35 -1 2
-2007.49 2730.58 8015.36 8703.06 1 1
-472.333 5833.64 8534.33 10348.9 -1 1
2068.48 822.913 -629.231 2315.79 1 2
event 1
7118.85 3409.45 -14080.5 16436.3
-7836.25 -1386.01 4993.5 9892.22
-2902.45 -1622.65 824.162 3427.48 1 2
1346.08 2105.61 -3340.15 4172.92 -1 1
5772.77 1303.83 -10740.3 12263.4 1 1
-4933.8 236.643 4169.34 6464.74 -1 2
event 2
3942.77 -5809.44 22214 23502.1
-6025.04 2821.15 -1662.58 7524.31
-3865.92 1029.6 -2340.24 4636.09 -1 2
2729.96 -1756.82 12324.1 12745 -1 1
1212.81 -4052.62 9889.89 10757.1 1 1
-2159.12 1791.55 677.662 2888.22 1 2
event 3
-5005.71 -7457.28 -9341.41 13323.7
5781.65 -3488.23 -1546.75 7588.1
3008.29 -3522.65 -699.529 4686.08 -1 2
-2737.92 -1500.95 -3202.47 4473.93 1 1
-2267.78 -5956.33 -6138.94 8849.77 -1 1
2773.37 34.4173 -847.224 2902.02 1 2
event 4
-3082.29 7392.5 -17088.4 19124.7
9056.59 7100.88 625.211 11934.3
2693.58 3466.1 1287.09 4575.69 -1 2
-279.224 2875.96 -3542.13 4572.41 -1 1
6363.02 3634.78 -661.882 7358.59 1 2
-2803.06 4516.54 -13546.2 14552.3 1 1
event 5
-50.0909 -6013.48 26600.6 27519.9
-13545.2 1029.73 -6854.45 15527.6
-3911.12 1272.01 -3231.32 5231.39 1 2
1422.1 -1982.32 6021.89 6498.18 -1 1
-9634.04 -242.288 -3623.13 10296.2 -1 2
-1472.19 -4031.16 20578.7 21021.7 1 1
event 6
13829.7 -15053.9 30130.8 36542.3
-5664.46 2643.73 19551.7 20759
-4061.93 542.118 14341 14915.4 1 2
2275.92 -4418.82 7200.7 8750.26 -1 1
-1602.53 2101.61 5210.71 5843.59 -1 2
11553.8 -10635.1 22930.1 27792 1 1
event 7
6461.06 -2945.98 2639.48 8184.2
-8794.21 1171.78 10577.5 14148.7
3901.32 -124.448 969.616 4023.32 -1 1
2559.74 -2821.54 1669.86 4160.88 1 1
-4829.81 -817.107 4745.49 6820.96 1 2
-3964.4 1988.88 5832.02 7327.74 -1 2
event 8
1851.96 6482.2 -18240.1 19691.1
-3054.87 10510.1 -18172.9 21439.2
2696.1 4457.01 -12304.9 13362.5 -1 1
-844.143 2025.19 -5935.18 6328.62 1 1
-355.265 5764.14 -7673.52 9604.46 1 2
-2699.61 4745.98 -10499.4 11834.7 -1 2
event 9
6570.16 1673.04 -3325.37 8161.81
7864.01 -2065.06 16789.6 18910
3271.45 -2002.59 5362.53 6593.98 1 2
2124.18 1783.98 -2279.39 3591.87 -1 1
4592.56 -62.4626 11427 12316 -1 2
4445.98 -110.945 -1045.98 4569.94 1 1
event 10
5526.5 2754.73 19079.3 20291.4
5163.65 12451.1 27685.9 30948.2
2841.61 2821.75 13764.6 14335.7 1 1
2684.89 -67.0221 5314.71 5955.71 -1 1
2376.2 8922.57 20281.1 22284.4 1 2
2787.44 3528.51 7404.78 8663.84 -1 2
event 11
-12845.2 -8996.67 8151.92 17943.9
-5861.95 2279.14 -8754.37 11215.4
-5692.79 -5837.84 4493.56 9310.82 1 1
-7152.42 -3158.83 3658.36 8633.08 -1 1
-4065.57 150.581 -4013.08 5715.55 -1 2
-1796.38 2128.55 -4741.28 5499.88 1 2
event 12
-12393.8 2576.26 7099.69 14840.5
5425.56 -10446.8 -15468.7 19784.8
3459.5 -4018.51 -9050.97 10490.4 1 2
-2052.75 1127.7 263.462 2359.25 1 1
-10341.1 1448.56 6836.23 12481.2 -1 1
1966.07 -6428.3 -6417.69 9294.42 -1 2
event 13
-1988.12 -6764.06 -20719.8 22104.4
8490.84 10135.9 -8692.28 16123.8
3155.82 2069.64 -1462.79 4048.89 -1 2
741.433 -2612.93 -6722.5 7251.23 -1 1
5335.01 8066.31 -7229.49 12074.9 1 2
-2729.55 -4151.13 -13997.3 14853.2 1 1
event 14
6020.48 -6762.73 -744.137 9598.19
-1450.77 -6701.61 11482.2 13727.7
-1673.84 -4612.46 10045.1 11179.9 -1 2
1765.54 -4294.23 -513.441 4672.51 1 1
4254.94 -2468.5 -230.696 4925.68 -1 1
223.074 -2089.15 1437.14 2547.71 1 2
event 15
11092.7 3885.96 -59592.6 60819.6
3942.16 3365.09 -17214.4 18242.5
6644.89 1417.17 -40215.9 40786 -1 1
4447.86 2468.79 -19376.7 20033.6 1 1
1727.22 2953.19 -13214.5 13650.6 -1 2
2214.94 411.897 -3999.85 4591.9 1 2
event 16
-26634.4 -5911.6 -101536 105183
534.522 8438.51 -8587.61 12443.2
-22806.4 -5854.93 -89935.4 92966.7 1 1
-3827.97 -56.6696 -11600.4 12216.2 -1 1
1044.33 3508.31 -1920.81 4135.16 -1 2
-509.812 4930.21 -6666.8 8308.08 1 2
event 17
2777.64 6162.34 2428.13 7821.54
7273.16 6205.68 41461.1 42661.7
3106.81 1791.87 10097.5 10716.1 1 2
1633.28 2082.24 -465.634 2689.11 -1 1
4166.36 4413.81 31363.5 31945.6 -1 2
1144.36 4080.1 2893.77 5132.43 1 1
event 18
5317.09 -4416.56 -10696.5 13106.6
7806.73 2744.43 9577.64 13030.7
5594.93 2439.23 4833.47 7786.32 1 2
3024.22 -665.477 -5365.72 6196.04 -1 1
2211.8 305.192 4744.16 5244.37 -1 2
2292.87 -3751.08 -5330.79 6910.6 1 1
event 19
-6463.67 -612.469 8717.9 11302.5
-199.866 6671.8 1532.96 7516.24
-3657.45 -1709.32 3868.79 5592.63 1 1
-2806.22 1096.85 4849.1 5709.89 -1 1
-917.28 4050.25 -408.846 4174.24 -1 2
717.413 2621.55 1941.81 3342 1 2
event 20
-2871.52 -3336.99 2987.17 6472.45
-6779.61 9135.38 -4421.07 12591.8
-2934.53 -860.818 2487.18 3943.31 1 1
63.0147 -2476.17 499.984 2529.14 -1 1
-4526.31 4449.68 -3683.47 7339.36 1 2
-2253.31 4685.69 -737.606 5252.46 -1 2
event 21
-7749.17 4999.62 -6689.58 11806.2
1457.12 5531.3 -3674.87 7470.88
578.632 3142.32 -255.875 3207.12 1 2
-3118.73 2801.2 -1353.72 4406.46 1 1
878.487 2388.98 -3419 4263.76 -1 2
-4630.44 2198.42 -5335.86 7399.77 -1 1
event 22
10176.1 507.54 15303.4 18643.9
-2471.05 3863.41 -311.089 5542.52
-2764.59 1785.39 -792.63 3386.74 1 2
4594.15 -864.482 8789.01 9955.47 1 1
293.545 2078.02 481.54 2155.78 -1 2
5581.96 1372.02 6514.43 8688.47 -1 1
event 23
-8519.01 -6496.53 5838.53 12588
-12625.3 -4304.01 -1124.29 13739.6
-6409.03 -1818.86 949.727 6730.31 -1 2
-2208 -1476.18 3070.48 4061.2 -1 1
-6311.01 -5020.35 2768.05 8526.78 1 1
-6216.26 -2485.15 -2074.02 7009.32 1 2
event 24
-6485.56 -10403.3 -2735.34 12936.9
-5468.38 -13209.3 39492.1 42161.6
-5221.8 -5580.92 -1352.28 7762.33 1 1
-1263.76 -4822.39 -1383.06 5174.61 -1 1
-4203.04 -9874.95 33608.8 35280.9 -1 2
-1265.33 -3334.33 5883.38 6880.71 1 2
event 25
10689 -990.125 -11507.4 16038.9
-9243.43 13670.3 -12506.2 20936
-3455.09 4078.42 -5757.13 7856.64 1 2
2996.61 -1699.7 -3573.46 4964.82 -1 1
-5788.34 9591.87 -6749.08 13079.4 -1 2
7692.43 709.574 -7933.97 11074.1 1 1
event 26
7618.26 -3465.27 -7743.89 11815.5
5485.71 -10445.7 -59230.5 60473.6
983.175 -4479.94 -27050.6 27436.9 -1 2
3461.31 -289.012 -1859.94 3941.41 -1 1
4502.54 -5965.77 -32179.9 33036.7 1 2
4156.95 -3176.26 -5883.96 7874.07 1 1
event 27
9047.95 9417.4 -30236.5 33081.6
2809.93 -4280.81 -6736.24 9010.52
320.221 -3282.46 -3744.28 4990.78 1 2
3285.07 3964.68 -15666.5 16491.2 -1 1
2489.71 -998.349 -2991.96 4019.74 -1 2
5762.88 5452.71 -14570 16590.4 1 1
event 28
1614.71 -7747.36 25630.7 27002.9
-1366.68 6380.69 -1205.94 7323.09
606.282 4073.31 -1180.19 4285.26 -1 2
1776.59 -3005.85 14259.9 14681.6 -1 1
-161.877 -4741.5 11370.8 12321.3 1 1
-1972.97 2307.38 -25.7454 3037.83 1 2
event 29
-7424.34 -1671.85 -5114.18 9677.86
-9384.25 -6205.3 -6335.81 13277.9
-4785.21 472.967 -3145.66 5747.02 -1 1
-2639.13 -2144.82 -1968.52 3930.84 1 1
-6803.24 -4166.47 -5974.3 9967.29 -1 2
-2581.02 -2038.83 -361.511 3310.64 1 2
event 30
-2040.85 -7728.52 -1676.01 8734.71
-7635.19 7184.47 -6517.05 12727
-2687.04 3069.43 -4277.76 5912.02 1 2
-571.239 -2789.42 -2134.58 3560.17 -1 1
-4948.15 4115.04 -2239.28 6814.93 -1 2
-1469.61 -4939.09 458.572 5174.54 1 1
event 31
6529.36 -735.297 10694.5 12928.1
-7868.73 6390.81 -38351.6 39789.4
3921.84 -262.21 8888.66 9719.52 -1 1
2607.51 -473.087 1805.84 3208.61 1 1
-5350.48 2421.86 -22619.4 23369.7 -1 2
-2518.24 3968.94 -15732.1 16419.6 1 2
event 32
3120.76 -6035.35 -12686.2 14720.5
-7142.89 -3528.84 17693.5 19650
-4003.48 -358.89 7193.46 8240.97 1 2
2449.01 -1491.12 -5077.2 5831.83 -1 1
671.753 -4544.24 -7608.95 8888.68 1 1
-3139.41 -3169.95 10500 11409 -1 2
event 33
-3540.49 8873.2 4062.48 10833.5
-6038.42 -4920.59 -3312.31 9013.18
-1355.6 5199.17 753.108 5426.54 1 1
-2184.89 3674.03 3309.37 5406.97 -1 1
-3792.41 -1131.61 -1277.27 4159.99 -1 2
-2246.01 -3788.99 -2035.04 4853.2 1 2
event 34
-1790.99 -4863.69 -19051.1 19984.9
-12161.1 14766.8 -47450.7 51255.3
-2062.5 -2646.51 -7465.66 8185.66 1 1
271.51 -2217.18 -11585.4 11799.3 -1 1
-6096.66 9427.75 -25407.1 27777.4 1 2
-6064.48 5339.08 -22043.6 23477.9 -1 2
event 35
-9154.51 -10279.8 -82508.4 83706.1
-5254.37 -4186.79 10775.3 13070.4
-2357.18 -2526.72 2887.92 4504.65 1 2
-3612.99 -1960.18 -24402.8 24746.8 -1 1
-2897.2 -1660.08 7887.4 8565.74 -1 2
-5541.52 -8319.6 -58105.6 58959.3 1 1
event 36
2977.68 -9026.35 8340.21 13018.8
1044.44 -7756.8 4093.96 9360.01
2650.47 -4509.76 5855.47 7852.43 -1 1
327.209 -4516.58 2484.74 5166.4 1 1
-285.112 -3049.34 137.16 3067.53 -1 2
1329.55 -4707.46 3956.8 6292.48 1 2
event 37
8525.26 -730.593 11312.2 14518
8716.09 -1313.62 10844.8 14314.2
4324.33 -826.885 3061.6 5363.59 1 2
2873.22 1046.68 2809.22 4153.77 -1 1
5652.04 -1777.27 8503.01 10364.2 1 1
4391.76 -486.739 7783.22 8950.65 -1 2
event 38
-4161.63 7295.05 34593.3 35732.7
4397.76 5221.13 -3900.54 8450.19
-3610.34 3377.16 21044.6 21617.7 -1 1
-551.295 3917.89 13548.7 14115 1 1
2138.5 4656.26 -2269.02 5604.78 -1 2
2259.26 564.865 -1631.52 2845.41 1 2
event 39
148.154 10621.6 -51695.7 52866.6
3349.99 -17001 40086.5 43781
1697.45 -2686.81 7912.57 8527.61 1 2
-1140.03 2488.59 -16041.9 16274.1 -1 1
1652.54 -14314.2 32174 35253.4 -1 2
1288.19 8132.96 -35653.8 36592.5 1 1
event 40
1427.1 -8850.85 -2025.16 9698.79
3231.09 -6523.66 12143.7 14493.4
1670.96 -4202.03 9974.22 10952 -1 2
1586.14 -2710.94 -1637.55 3543.69 -1 1
-159.034 -6139.91 -387.604 6155.1 1 1
1560.13 -2321.63 2169.48 3541.44 1 2
event 41
3751.04 -8409.21 11423.5 14995.7
-1021.92 -10214.8 48247.2 49424.4
706.533 -3978.96 14042.7 14613 1 2
1846.22 -3246.93 2447.41 4466.77 1 1
-1728.45 -6235.84 34204.5 34811.4 -1 2
1904.82 -5162.28 8976.06 10528.9 -1 1
event 42
6438.16 16613.8 -63326.6 65858.3
6715.24 -1804.36 4959.28 9084.9
6234.35 13169.9 -48919.3 51043.3 -1 1
203.808 3443.86 -14407.3 14815 1 1
1451.82 -1801.7 1144.66 2583.66 -1 2
5263.41 -2.66272 3814.62 6501.23 1 2
event 43
-600.624 5226.21 29647 30334.9
-7975.89 2427.73 -35049.8 36160.6
-2843.34 1334.77 -7790.06 8400.14 -1 2
-1903.27 1358.13 10814.6 11065 1 1
-5132.55 1092.96 -27259.8 27760.5 1 2
1302.65 3868.08 18832.4 19269.9 -1 1
event 44
-5253.73 -1892.56 -9036.82 11065.2
-4459.48 -8617.54 14203.6 17478
-2721.05 -2559.94 -5803.15 6902.55 -1 1
-2532.68 667.389 -3233.67 4162.65 1 1
-3749.6 -4240.69 6809.3 8855.54 -1 2
-709.887 -4376.86 7394.25 8622.47 1 2
event 45
-8710.86 1869.18 -2307.66 9710.26
-6655.67 2586.73 -8068.46 11210.7
-3083.23 -396.285 -2865.76 4229.31 1 2
-3032.53 -644.655 -51.9824 3102.53 1 1
-5678.33 2513.83 -2255.68 6607.73 -1 1
-3572.45 2983.01 -5202.7 6981.41 -1 2
event 46
-5365.41 -3565.27 7342.45 10247
-7451.52 10127.5 -16426.9 20917.1
-1291.02 3594.45 -6426.34 7476.35 -1 2
-2874.62 -370.829 1922.09 3479.45 1 1
-6160.5 6533 -10000.6 13440.8 1 2
-2490.79 -3194.44 5420.36 6767.57 -1 1
event 47
-155.673 -6622.61 -638.238 7340.4
-7446.36 -4889.18 4695.91 10535.4
-1954.41 -3056.83 1566.52 3953.36 1 2
-926.704 -1942.9 -1350.34 2543.27 1 1
-5491.95 -1832.36 3129.38 6582.04 -1 2
771.031 -4679.71 712.1 4797.13 -1 1
event 48
-1334.98 6947.51 -10583.7 13101.8
7647.19 -4466.07 -26769 28365.4
3361.74 -599.18 -7326.51 8083.89 -1 2
-1210.94 2405.38 -6316.59 6867.51 -1 1
4285.44 -3866.89 -19442.5 20281.5 1 2
-124.038 4542.13 -4267.15 6234.26 1 1
event 49
2855.57 -4767.29 -8867.99 10913.9
-7415.77 7932.35 -2667.12 11602.6
2966.57 -2147.99 -5968.87 7003.78 -1 1
-110.999 -2619.3 -2899.12 3910.13 1 1
-3395.88 5684.44 -2170.29 6968.94 -1 2
-4019.9 2247.91 -496.832 4633.65 1 2
event 50
-4171.11 1766.55 7165.4 9025.15
-8877.48 -6030.15 52088.4 53272.6
-3266.29 -236.183 4558.97 5614.25 -1 1
-904.815 2002.73 2606.43 3410.9 1 1
-4214.04 -4452.73 32605.3 33176.8 1 2
-4663.44 -1577.42 19483.1 20095.7 -1 2
event 51
1405.83 -10947.3 -6316.25 13088.4
-5657.92 -4700.51 -30057.9 31099.4
1805.28 -7337.05 -2879.05 8086.49 1 1
-399.449 -3610.22 -3437.2 5001.88 -1 1
-743.413 -2291.13 -11546.3 11795.4 -1 2
-4914.51 -2409.38 -18511.5 19304 1 2
event 52
4658.9 6240.24 -17554 19452
-4701.61 14163.2 20936.1 25896.2
2844.8 3268.68 -13095.5 13794.3 1 1
1814.1 2971.56 -4458.45 5657.74 -1 1
-2063.63 10297.4 13416.1 17038.1 -1 2
-2637.97 3865.74 7520.08 8858.08 1 2
event 53
-7873.92 1206.88 29568.9 30779.3
3616.67 -9485.71 39990.1 41374.6
2287.43 -2098.4 11438 11852.2 -1 2
-2120.07 -120.568 3922.4 4461.57 -1 1
1329.24 -7387.32 28552.1 29522.4 1 2
-5753.84 1327.45 25646.5 26317.7 1 1
event 54
-4291.12 4516.06 2582.37 7420.78
918.627 -8984.85 -46722.8 47688.4
1667.48 -3654.68 -15963.4 16461.4 -1 2
-2005.2 344.361 66.2906 2038.38 1 1
-748.857 -5330.18 -30759.5 31227 1 2
-2285.91 4171.7 2516.08 5382.41 -1 1
event 55
6005.3 4051.82 2760.68 8348.28
12182.7 4698.36 -44368 46353.1
3189.2 1849.84 3013.64 4762.99 -1 1
2816.1 2201.99 -252.965 3585.29 1 1
7580.28 2074.58 -21870.3 23239.8 -1 2
4602.4 2623.79 -22497.7 23113.3 1 2
event 56
-5125.5 5488.05 -3238.96 8744.78
-7458.93 -11943.9 15400 21096
-2358.86 3620.94 -363.626 4338.07 -1 1
-2766.64 1867.1 -2875.34 4406.71 1 1
-3766.02 -8040.88 8011.01 11959.4 -1 2
-3692.9 -3902.98 7388.99 9136.69 1 2
event 57
-5332.6 -6968.41 -3081.44 9802.12
476.234 6673.47 4650.42 8716.62
583.369 4370.21 4649.53 6408.46 -1 2
-704.285 -3332.28 -902.252 3524.96 1 1
-4628.32 -3636.13 -2179.19 6277.17 -1 1
-107.134 2303.26 0.891265 2308.17 1 2
event 58
4155.95 10360 -26101.6 28556.8
6526.3 -8798.03 35199.3 36994.2
4722.32 -7224.12 30777.2 31964.6 1 2
1856.86 3932.85 -6694.55 7983.95 1 1
1803.97 -1573.92 4422.1 5029.68 -1 2
2299.09 6427.16 -19407.1 20572.8 -1 1
event 59
2232.12 -10363.8 -34654.4 36371.8
-12051.3 5083.7 -27408.7 30527.2
-3163.22 2128.54 -5431.23 6636.72 1 2
1334.3 -3531.36 -17119.6 17531.2 1 1
-8888.07 2955.15 -21977.5 23890.4 -1 2
897.817 -6832.43 -17534.8 18840.6 -1 1
event 60
5499.6 7969.11 -18742 21321.5
-3158.13 7532.06 -6996.91 11191.7
3503.76 3759.93 -12628.9 13635.1 1 1
1995.84 4209.17 -6113.04 7686.42 -1 1
-3449.41 5086.47 -4103.74 7390.7 -1 2
291.28 2445.59 -2893.17 3800.96 1 2
event 61
546.132 6831.92 28490.7 29466.7
10445.3 2154 1225.02 11173
-140.702 4372.16 22968.6 23381.7 -1 1
686.834 2459.76 5522.08 6084.96 1 1
5418.42 2418.45 1530.54 6128.78 -1 2
5026.9 -264.448 -305.523 5044.22 1 2
event 62
-2656.85 7135.74 7975.38 11626.3
-4137.31 1491.98 2890.63 6106.54
-3102.59 -481.677 1838.23 3639.82 1 2
434.652 4103.76 3873.89 5661.09 -1 1
-1034.72 1973.66 1052.41 2466.72 -1 2
-3091.5 3031.98 4101.48 5965.2 1 1
event 63
-959.881 -11323.1 35432.1 37338.4
5353.56 -2542.39 -10079.5 12096
110.197 -6589.93 24613.7 25481.1 -1 1
-1070.08 -4733.21 10818.3 11857.3 1 1
3110.6 -971.077 -8051.46 8686.54 -1 2
2242.96 -1571.31 -2028.08 3409.42 1 2
event 64
6970.22 -8807.16 -21249 24233.4
-5891.58 18836.5 30895.7 36792.1
-3707.76 14330.8 20891.8 25604.6 1 2
4072.65 -3179.37 -7635.46 9219.89 1 1
-2183.81 4505.71 10003.9 11187.5 -1 2
2897.57 -5627.79 -13613.5 15013.6 -1 1
event 65
220.337 -6529.76 34408.8 35160.3
-306.749 7697.9 27485.7 28712.5
408.429 3031.48 16066.6 16355.6 -1 2
1456.28 -2125.47 14946.6 15167.4 1 1
-715.178 4666.42 11419.1 12356.9 1 2
-1235.94 -4404.28 19462.2 19992.9 -1 1
event 66
-6217.73 -790.047 -16185.4 17630.7
-10572.5 6316.26 5827.6 13972.3
-3670.31 1295.65 3204.05 5042.52 -1 2
-1738.56 -1421.09 -3471.87 4136.07 1 1
-6902.18 5020.61 2623.55 8929.77 1 2
-4479.16 631.038 -12713.5 13494.6 -1 1
event 67
-4434.98 -9603.16 -17640.1 20800.4
2949.42 -4047.67 2035.38 6230.28
-1879.2 -6050.48 -7942.64 10160.5 -1 1
-2555.78 -3552.68 -9697.49 10639.8 1 1
641.678 -3426.95 1045.04 3641.29 -1 2
2307.74 -620.725 990.341 2588.99 1 2
event 68
11051.8 -5781.48 -47091.2 48813.3
-4575.11 -6641.47 -5958.61 10494.6
-3559.07 -4500.91 -2405.87 6222.9 1 2
5155.63 -2674.6 -16168.3 17180.2 -1 1
-1016.05 -2140.56 -3552.74 4271.71 -1 2
5896.17 -3106.89 -30923 31633.2 1 1
event 69
-754.625 -6084.53 436.64 6882.77
-7932.13 -4830.17 -26761.5 28495.9
-3478.18 -569.192 -11756.5 12273.9 1 2
-1104.74 -1751.5 1302.94 2448.88 -1 1
-4453.95 -4260.98 -15005 16222 -1 2
350.117 -4333.02 -866.302 4433.88 1 1
event 70
-5872.32 5866.07 7216.84 11426.7
5481.06 -5452.6 20058 21718.3
3170.06 -1255.97 6543.08 7379.01 1 2
-2248.07 550.315 1164.79 2593.18 -1 1
-3624.25 5315.76 6052.05 8833.51 1 1
2310.99 -4196.64 13514.9 14339.3 -1 2
event 71
6635.32 11812.1 43130.4 45314.2
-3076.2 5179.1 -4310.29 8028.41
5011.43 7585.5 24256.6 25904.6 -1 1
1623.89 4226.57 18873.8 19409.6 1 1
-954.896 4343.74 -3264.18 5517.78 -1 2
-2121.3 835.359 -1046.11 2510.63 1 2
event 72
4956.98 -12463.4 -4346.24 14435.7
2229.57 5870.63 -959.062 7067.18
4259.55 -7025.12 -3292.9 8851.57 -1 1
697.435 -5438.33 -1053.35 5584.13 1 1
-80.6061 4065.88 -525.395 4101.84 -1 2
2310.18 1804.74 -433.666 2965.34 1 2
event 73
-5545.27 5125.03 17086.3 18935.3
3037.59 -11516.7 -33648.5 35828.4
1146.57 -3188.48 -6007.92 6898.36 1 2
-2629.02 1006.27 8724.67 9168.17 1 1
1891.02 -8328.22 -27640.6 28930.1 -1 2
-2916.24 4118.77 8361.62 9767.11 -1 1
event 74
-4726.45 3724.4 3428.01 7586.36
12257.1 -215.864 22262.5 25602.6
3576.72 -1116.09 4892.88 6163.61 -1 2
-767.862 1932.77 2286.24 3092.45 -1 1
8680.39 900.229 17369.6 19439 1 2
-3958.59 1791.63 1141.78 4493.91 1 1
event 75
-5910.74 1482.7 -1311.72 6960.36
-1607.76 9895.68 -11948 15901.4
-3680.3 1876.45 -1999.8 4590.87 -1 1
-2230.44 -393.758 688.077 2369.5 1 1
-366.156 5785.18 -4645.08 7429.02 1 2
-1241.6 4110.5 -7302.91 8472.4 -1 2
event 76
3968 -6859.11 -11165.9 14037.8
-1917.87 -5678.5 6186.91 9153.82
1287.99 -4262.02 -4135.36 6077.5 -1 1
2680.02 -2597.09 -7030.51 7960.31 1 1
-1830.89 -1673.35 1203.52 2758.96 -1 2
-86.9864 -4005.15 4983.39 6394.85 1 2
event 77
4232.39 6592.9 2529.74 8796.02
-12702.8 -2020.95 -4269.23 13901.9
-3047.66 -1384.9 -2198.01 4006.07 1 2
2294.48 1377.83 1693.75 3169.07 1 1
-9655.09 -636.049 -2071.22 9895.78 -1 2
1937.91 5215.07 835.989 5626.95 -1 1
event 78
-4992.42 -3320.57 -10700.6 12650.9
-1237.06 10275 3609.17 11389.6
-2532.22 -2678.32 -3795.52 5291.76 1 1
-2460.2 -642.247 -6905.08 7359.1 -1 1
-2153.65 5831.19 2607.7 6741.83 1 2
916.596 4443.86 1001.47 4647.81 -1 2
event 79
-15729.5 -3270.44 -12506.9 20594.3
-958.182 -6324.4 4380.99 8584.62
-2218.47 -3462.08 3301.65 5274.43 1 2
-7544.91 -2731.21 -4871.21 9387.49 -1 1
1260.29 -2862.32 1079.35 3310.19 -1 2
-8184.6 -539.231 -7635.65 11206.8 1 1
event 80
10213.7 5094.26 10534.1 15837.6
-131.329 -7826.18 24497.3 25903.2
412.722 -4263.59 17672.9 18184.9 -1 2
4210.44 636.321 4775.01 6398.79 -1 1
6003.31 4457.94 5759.14 9438.84 1 1
-544.05 -3562.59 6824.45 7718.31 1 2
event 81
3057.62 9490.37 21485.3 23887.8
4749.36 -2399.68 -16856.2 17945.4
3460.45 -35.79 -9475 10087.8 1 2
-157.756 4166.04 7503.93 8584.92 -1 1
1288.91 -2363.89 -7381.15 7857.6 -1 2
3215.38 5324.32 13981.4 15302.9 1 1
event 82
-7690.58 4213.72 -30969 32335.3
-5467.41 -2564.65 -16331.9 17685.9
-3993.51 3878.31 -19563.8 20340.6 1 1
-3697.06 335.406 -11405.3 11994.7 -1 1
-1560.01 -1364.16 -9498.58 9722.59 -1 2
-3907.4 -1200.5 -6833.3 7963.3 1 2
event 83
-8616.38 -6610.05 15171 18912.6
-7226.64 2850.67 -5726.34 10135.7
-3077.44 2091.82 -4286.88 5677.58 -1 2
-3105.27 -1567.76 2825.6 4482.83 1 1
-5511.11 -5042.29 12345.4 14429.7 -1 1
-4149.2 758.846 -1439.46 4458.13 1 2
event 84
-6814.86 12598.7 -20264.1 25007.9
9829.46 -2505.86 -36627.2 38131.9
-6094.86 8343.22 -14576.3 17867.2 1 1
-719.999 4255.47 -5687.8 7140.71 -1 1
2915.04 -2243.68 -13326.7 13825.4 -1 2
6914.42 -262.179 -23300.5 24306.4 1 2
event 85
-9783.19 -416.557 39342 40660.4
4173.09 -7815.04 20223.9 22295.4
3418.91 -3169.19 9449.94 10537.8 1 2
-3929.54 -587.399 10442.2 11173.1 1 1
-5853.66 170.841 28899.8 29487.3 -1 1
754.182 -4645.85 10773.9 11757.6 -1 2
event 86
2536.49 5812.05 14348.3 15990
-2063.82 -7804.86 -8810.13 12344.4
1297.47 3836.04 12054.6 12717 1 1
1239.02 1976.01 2293.77 3272.97 -1 1
-2349.45 -3628.45 -3386.15 5492.06 1 2
285.628 -4176.41 -5423.98 6852.35 -1 2
event 87
13450.6 2078.34 -33217.9 36031.4
7829.49 -3501.47 -7164.88 11596.9
3478.26 -2605.83 -2005.67 4787.74 1 2
2486.1 175.816 -9662.59 9979.4 -1 1
10964.5 1902.52 -23555.3 26052 1 1
4351.23 -895.641 -5159.21 6809.11 -1 2
event 88
13074.1 3630.13 46532.3 48569
-11433.6 2566.99 -30649.5 32959.1
7066.34 978.816 28451.8 29332.7 -1 1
6007.73 2651.31 18080.4 19236.3 1 1
-7837.27 1651.96 -24496.3 25772.7 -1 2
-3596.38 915.027 -6153.23 7186.42 1 2
event 89
7439.58 -5617.98 20232.2 22490.9
-526.045 6989.76 1405.97 7791.11
4707.96 -1817.83 8936.19 10263.3 1 1
2731.62 -3800.15 11296 12227.6 -1 1
892.857 5227.12 1536.96 5522.08 -1 2
-1418.9 1762.64 -130.982 2269.03 1 2
event 90
-8040.01 -1933.95 -20094.2 21948.9
-2642.97 -9338.28 40011.8 41336.6
654.884 -4141.97 17812.6 18299.9 -1 2
-1343.31 -1496.39 -3337.39 3897.82 -1 1
-6696.7 -437.569 -16756.8 18051 1 1
-3297.85 -5196.31 22199.1 23036.7 1 2
event 91
-8102.26 5339.41 -6071.53 11857.9
3520.8 -10099.8 -18439.8 21541.1
1962.08 -8285.52 -15987.5 18113.9 1 2
-3053.91 1386.54 -559.556 3401.93 1 1
1558.72 -1814.23 -2452.25 3427.21 -1 2
-5048.35 3952.88 -5511.97 8456.01 -1 1
event 92
-7806.88 878.205 3076.28 8987.33
-5969.32 -6043.69 4353.44 10035
-1439.78 -3625.63 1743.1 4274.07 1 2
-3465.83 -680.716 176.505 3538.03 -1 1
-4529.54 -2418.06 2610.34 5760.97 -1 2
-4341.05 1558.92 2899.78 5449.29 1 1
event 93
5150.94 -14769.6 39687.3 42770.8
-7709.95 1888.6 23257.1 24849.4
5144.06 -10695.8 29292 31605.3 -1 1
6.88118 -4073.79 10395.3 11165.5 1 1
-2731.43 2140.45 12830.7 13292.2 -1 2
-4978.52 -251.858 10426.4 11557.2 1 2
event 94
-11.0719 6274.44 -757.226 7037.95
-2306.08 -15061.3 5140.08 16376
-1337.35 -2685.72 1876.08 3540.12 -1 2
1420.3 1875.55 -473.468 2402.14 -1 1
-968.73 -12375.6 3264 12835.9 1 2
-1431.37 4398.89 -283.758 4635.81 1 1
event 95
-3137.54 5792.65 -10978.5 13172.6
-1214.96 8560.56 -6109.39 11030.6
793.466 4035.71 -1901.4 4532.44 -1 2
295.047 2506.26 -3869.98 4621.28 -1 1
-2008.43 4524.85 -4207.99 6498.19 1 2
-3432.59 3286.39 -7108.51 8551.32 1 1
event 96
2082.96 7806.62 5659.53 10339.4
2104.49 6918.16 -37862.8 38671.3
2382.29 4211.52 -28952.9 29354.6 -1 2
1624.16 2712.01 754.543 3251.68 1 1
458.799 5094.61 4904.98 7087.71 -1 1
-277.802 2706.64 -8909.9 9316.68 1 2
event 97
-729.4 -5388.29 -4559.84 7742.65
-8697.34 -4551.7 8105.21 13101.4
-3693.82 -329.465 2416.56 4427.61 -1 2
-1616.34 -1320.31 -1412.96 2522.58 1 1
-5003.52 -4222.24 5688.66 8673.78 1 2
886.943 -4067.99 -3146.88 5220.08 -1 1
event 98
-1493.38 6982.22 -4614.11 9047.62
-7035.41 -1871.57 30400.3 31412.9
-2622.08 -1613.81 17666.7 17933.3 1 2
-1396.21 2403.81 -3229.1 4262.15 -1 1
-97.1624 4578.41 -1385.02 4785.47 1 1
-4413.33 -257.761 12733.6 13479.6 -1 2
event 99
3532.72 8364 -3221.04 10119.4
329.304 4436.28 -2287.75 5883.34
1611.67 2861.93 -853.921 3395.36 1 2
2382.74 3329.09 -125.401 4097.22 1 1
-1282.36 1574.35 -1433.83 2487.98 -1 2
1149.98 5034.91 -3095.64 6022.2 -1 1
event 100
6533.27 -393.602 1627.83 7686.12
6298.47 10411.9 19471.9 23169.4
326.634 3082.9 4763.03 5684.06 1 2
2444.11 -1864.4 96.4606 3077.36 -1 1
5971.84 7328.98 14708.8 17485.4 -1 2
4089.16 1470.8 1531.36 4608.76 1 1
event 101
14498.4 -6704.72 -1725.82 16362.3
-829.855 -4930.84 4681.88 7517.5
7400.9 -4672.3 111.336 8753.7 -1 1
7097.49 -2032.42 -1837.16 7608.64 1 1
942.044 -3096.92 1957.43 3784.31 -1 2
-1771.9 -1833.92 2724.45 3733.19 1 2
event 102
-5874.99 2018.68 1458.45 7092.91
-7983.85 2653.07 5765.84 10659.1
-2200.36 2208.99 1522.4 3471.32 1 2
-2101.2 -357.734 -545.292 2202.62 -1 1
-5783.5 444.081 4243.44 7187.77 -1 2
-3773.79 2376.42 2003.74 4890.29 1 1
event 103
136.462 5404.74 6285.2 8850.13
740.063 -17839.2 37477.8 41676.8
-1450.93 3141.33 3610.99 5002.36 -1 1
1587.39 2263.4 2674.21 3847.77 1 1
-718.659 -9623.46 16735.6 19318.9 1 2
1458.72 -8215.71 20742.2 22357.9 -1 2
event 104
8538.32 11308 26560.2 30262.3
-3222.47 7890.68 5367.47 10537.9
4147.29 7870.09 17252.9 19411.7 -1 1
4391.04 3437.92 9307.25 10850.6 1 1
-684.88 2059.11 -64.4236 2173.55 -1 2
-2537.59 5831.57 5431.89 8364.4 1 2
event 105
5889.18 1886.5 -33740.2 34441.8
8367.55 3423.24 -787.592 9588.83
3193.1 288.294 -1413.8 3505.56 -1 2
1073.52 1795.93 -10730.9 10933.5 1 1
5174.46 3134.95 626.208 6083.27 1 2
4815.65 90.5726 -23009.4 23508.3 -1 1
event 106
-6773.01 2659.33 15849.5 17712.8
-8392.35 -1070.71 -18726.8 20781.3
-5500.2 -1935.08 -10397.2 11921 1 2
-2669.06 2155.12 9807.26 10390.5 -1 1
-2892.14 864.368 -8329.67 8860.37 -1 2
-4103.95 504.206 6042.24 7322.32 1 1
event 107
243.493 -12794 37773.9 40002.5
4175.06 -9491.05 21057.3 23675.1
3867.35 -5149.49 13371 14841.5 -1 2
1649.14 -6150.02 18867.3 19913.1 -1 1
-1405.65 -6644.03 18906.5 20089.5 1 1
307.717 -4341.57 7686.26 8833.66 1 2
event 108
-9957.92 -7507.33 -37478.1 39619.7
-7070.58 2381.75 2984.83 8611.97
-5169.65 -4594.37 -25019.2 25957.7 -1 1
-4788.27 -2912.95 -12458.9 13662 1 1
-3513.18 2554.86 2507.9 5017.02 -1 2
-3557.4 -173.107 476.927 3594.95 1 2
event 109
6323.6 2220.76 -5112.28 8980.37
-8142.46 3951.92 3496.93 10185.1
-3307.21 1738.51 3091.82 4850.83 1 2
1514.01 2073.96 -1745.57 3106.72 -1 1
-4835.25 2213.42 405.106 5334.24 -1 2
4809.6 146.793 -3366.71 5873.64 1 1
event 110
4301.05 2352.68 -16822.4 17793.8
-8229.53 -4936.18 -9730.63 14013.1
3404.18 146.057 -10277.4 10828 -1 1
896.873 2206.62 -6545.06 6965.81 1 1
-5527.04 -1664.51 -4808.38 7513.35 1 2
-2702.49 -3271.66 -4922.25 6499.77 -1 2
event 111
-5245.08 5533.13 1798.32 8423.25
-5769.39 11494 25694.3 28899.6
-3898.34 2807.68 2321.51 5336.73 -1 1
-1346.74 2725.45 -523.181 3086.53 1 1
-2170.22 7390.7 16433.8 18149.7 1 2
-3599.16 4103.3 9260.54 10749.9 -1 2
event 112
-6752.35 8702.69 19775.4 22847.1
-6498.39 2763.52 -21215.1 22573
-3450.2 2080.56 -7587.4 8591.41 -1 2
-893.446 3359.1 5238.58 6287.74 1 1
-5858.9 5343.59 14536.8 16559.3 -1 1
-3048.2 682.963 -13627.7 13981.5 1 2
event 113
2165.51 -13356.3 7395.3 15727.7
-4522.02 -5108.97 2373.98 7859.85
347.529 -10391.5 5390.38 11712 -1 1
1817.98 -2964.8 2004.92 4015.71 1 1
-638.572 -2946.51 1305.23 3287.02 -1 2
-3883.45 -2162.46 1068.74 4572.83 1 2
event 114
-297.36 -5696.87 23473.2 24354.2
9438.78 9723.97 51610.6 53449.9
-1700.48 -3097.42 12834.3 13312.3 1 1
1403.12 -2599.45 10638.9 11041.9 -1 1
7268.33 5380.76 33808.3 34997 1 2
2170.45 4343.21 17802.3 18452.9 -1 2
event 115
-6882.17 5305.46 -3063.99 9720.74
-5107.44 15335.9 -53866.3 56324.4
-3117.63 3324.86 -146.366 4561.46 -1 1
-3764.53 1980.6 -2917.62 5159.28 1 1
-2184.15 10904.2 -34928.2 36656 -1 2
-2923.29 4431.75 -18938.1 19668.5 1 2
event 116
-8792.43 6356.22 3448.3 11797.9
9464.48 -1151.32 -23880.5 25899.2
3943.64 -1874.25 -8822.08 9844.05 1 2
-1461.24 1829.41 1956.14 3052.81 -1 1
-7331.19 4526.81 1492.16 8745.06 1 1
5520.84 722.925 -15058.4 16055.2 -1 2
event 117
8533.31 9488.98 -53911.3 55487.7
1141.48 7349.76 17591.3 19348.5
6569.47 6509.74 -43765 44731.7 -1 1
1963.84 2979.24 -10146.3 10756 1 1
1688.47 1875.06 4802.31 5425.88 -1 2
-546.989 5474.7 12788.9 13922.6 1 2
event 118
554.292 11380.4 10869.9 16048.8
-8916.45 9964.56 2587.97 13967.2
-2860.14 1342.5 230.819 3169.73 1 2
1003.3 1916.48 3171.4 3840.37 -1 1
-6056.31 8622.06 2357.15 10797.5 -1 2
-449.01 9463.88 7698.49 12208.4 1 1
event 119
6149.85 7736.73 -27761.7 29630.7
2164.67 6557.51 24495.4 25637.9
1731.28 4035.09 10059.6 10976.6 1 2
1576.67 4455.72 -12644.8 13499.7 1 1
433.391 2522.42 14435.8 14661.3 -1 2
4573.18 3281.01 -15116.9 16131 -1 1
event 120
4883.77 4878.8 31692.3 32644.2
6266.54 77.1598 -1029.25 7065.76
3775.54 -1450.69 -862.025 4136.84 -1 2
3244.62 891.397 17089.3 17417.7 1 1
1639.15 3987.41 14603 15226.5 -1 1
2491 1527.85 -167.223 2928.91 1 2
event 121
1578.28 -7987.35 -7368.68 11409.4
835.257 -9824.13 -2033.16 10532.6
-530.107 -5106.78 -4171.71 6616.23 1 1
2108.38 -2880.57 -3196.97 4793.2 -1 1
-871.084 -6833.69 -1340.21 7018.94 -1 2
1706.34 -2990.43 -692.95 3513.63 1 2
event 122
15018.3 3400.29 -34008.9 37460.7
-3045.72 8123.33 3070.9 9710.11
11281.7 1507.56 -26897.6 29206.8 1 1
3736.61 1892.73 -7111.33 8253.9 -1 1
-1254.6 2293.21 2440.4 3577.65 -1 2
-1791.12 5830.12 630.503 6132.46 1 2
event 123
-1787.17 8378.6 6579.96 11237.6
7026.02 -2872.19 440.508 8209.72
289.679 5401.59 3255.87 6314.5 1 1
-2076.85 2977.01 3324.1 4923.08 -1 1
3237.32 -1284.86 -1337.43 3732.42 -1 2
3788.71 -1587.34 1777.94 4477.3 1 2
event 124
1395.77 -5753.95 -15516.2 16893.8
2444.64 -6653.08 4274.38 8837.62
2375.68 -2545.58 1126.72 3661.22 1 2
1257.77 -1716.35 -2607.26 3367.02 1 1
68.9613 -4107.49 3147.66 5176.41 -1 2
137.999 -4037.6 -12908.9 13526.8 -1 1
event 125
-3421.55 -11707.9 -12612.5 17817.1
6352.15 3186.79 -7492.99 10781.6
4397.52 2343.65 -7001.39 8594.27 -1 2
76.7476 -4140.77 -5301.75 6728.42 -1 1
-3498.3 -7567.15 -7310.79 11088.7 1 1
1954.64 843.142 -491.596 2187.31 1 2
event 126
-3285.92 7818.48 -5015.25 10328.1
-13773.4 -3464.82 -45690.4 47947
-4984.28 -868.836 -11803.6 12842.6 -1 2
-1706.11 1502.17 -2409.8 3314.45 1 1
-8789.1 -2595.99 -33886.9 35104.4 1 2
-1579.81 6316.31 -2605.45 7013.64 -1 1
event 127
12021 522.971 32644.9 34929.3
4041.06 3282.07 -821.904 6112.92
2319.5 2142.1 -1994.54 3736.04 1 2
4534.14 1472.19 10456.9 11492.7 -1 1
1721.56 1139.97 1172.64 2376.88 -1 2
7486.82 -949.222 22188.1 23436.6 1 1
event 128
8285.64 5113.88 -44335.3 45497.4
10700.2 -20078.6 15556.8 27735.4
2690.65 -2870.97 3345.42 5165.76 -1 2
3833.08 651.293 -18422.5 18828.6 -1 1
8009.57 -17207.7 12211.4 22569.6 1 2
4452.56 4462.59 -25912.8 26668.8 1 1
event 129
-408.758 12771.8 7884 15330.8
-1000.9 6451.48 4316.79 8417.19
1151.84 7608.92 5333.12 9363.53 1 1
-1560.59 5162.83 2550.88 5967.28 -1 1
-1291.23 4269.15 1236.55 4629.59 -1 2
290.33 2182.33 3080.23 3787.6 1 2
event 130
5254.47 4363.49 -17439 18983.2
303.642 -9557.01 -20581.8 22904.8
4455.21 1790.04 -11134.8 12126.3 1 1
799.264 2573.45 -6304.25 6856.84 -1 1
-1342.94 -4846.69 -9453.78 10708.8 -1 2
1646.59 -4710.31 -11128 12196 1 2
event 131
11137.2 7853.61 41393.6 43689.1
-5167.72 3404.41 -2687.65 7423.6
8492.02 5670.39 34639.2 36113.1 1 1
2645.17 2183.22 6754.38 7576.03 -1 1
-2196.34 -230.747 -1072.71 2457.45 -1 2
-2971.38 3635.15 -1614.94 4966.15 1 2
event 132
4552.5 7540.25 -26106.8 27726.1
-8862.82 9576.98 14360.3 19648.9
1787.22 4682.51 -18160 18839.2 -1 1
2765.28 2857.75 -7946.81 8886.87 1 1
-6407.47 8339.55 10130.4 14602.8 -1 2
-2455.35 1237.43 4229.88 5046.09 1 2
event 133
-4533.41 7673.28 -42876.5 43902.3
9974.81 -7266.05 42468.8 44333.7
3812.45 -2125.22 10471.3 11345.1 1 2
-2555.78 1555.77 -12647.6 12997.1 1 1
6162.36 -5140.83 31997.5 32988.7 -1 2
-1977.63 6117.52 -30228.9 30905.2 -1 1
event 134
-4466.32 -9407.38 42302.8 43675.6
-1938.04 7487.9 26680.7 28022.7
-2261.99 3882.51 19094.6 19616.5 1 2
-2892.14 -4179.69 25698.3 26196.4 -1 1
323.944 3605.38 7586.1 8406.17 -1 2
-1574.18 -5227.69 16604.4 17479.3 1 1
event 135
5143.44 6594.8 -4262.58 9884.64
4332.11 -5165.58 -16350.7 17955.1
1890.17 -4244.77 -8591.3 9767.93 -1 2
1629.93 2721.32 -59.3382 3174.42 -1 1
3513.51 3873.48 -4203.24 6710.22 1 1
2441.95 -920.808 -7759.41 8187.22 1 2
event 136
2733.9 -7472.45 -26588.6 27925.9
-2825.95 7855.01 -21081.3 22884.5
149.439 3911.87 -8170.76 9060.77 1 2
1329.31 -3379.39 -7255.98 8114.67 -1 1
-2975.39 3943.14 -12910.5 13823.7 -1 2
1404.59 -4093.06 -19332.6 19811.3 1 1
event 137
7556.58 561.841 -5108.97 9649.36
5163.8 -4259.17 -498.807 7392.16
4287.22 -1606.48 -313.953 4590.29 1 2
3011.54 630.381 -3853.79 4932.5 -1 1
876.58 -2652.69 -184.855 2801.88 -1 2
4545.04 -68.5404 -1255.18 4716.86 1 1
event 138
-9012.16 10462.9 33834.4 36674.9
-2288.8 8724.59 -4654.82 10612
-366.295 4148.92 -3667.35 5550.52 1 2
-3357.78 1813.18 9058.61 9830.16 1 1
-5654.38 8649.72 24775.8 26844.7 -1 1
-1922.5 4575.67 -987.478 5061.53 -1 2
event 139
5233.07 -4731.5 40725.1 41447.5
5017.83 -15775.1 79010.7 80785.7
2325.61 -4118.9 24945.9 25390.6 1 1
2907.45 -612.602 15779.2 16056.9 -1 1
3028.34 -9948.18 56432.2 57382.4 1 2
1989.49 -5826.95 22578.6 23403.3 -1 2
event 140
-20040.4 1496.15 -72432 75231.9
10774.2 2924.66 -17217.9 20752.9
3888.71 917.531 -8983.58 9832.59 1 2
-2764.27 -856.949 -10008.7 10419.3 -1 1
-17276.1 2353.1 -62423.3 64812.6 1 1
6885.5 2007.13 -8234.29 10920.3 -1 2
event 141
-1403.33 5189.05 17576.4 18639.1
2561.78 14303 42357.3 44887.3
-2048.64 2480.15 11713 12147.1 -1 1
645.315 2708.89 5863.4 6491.93 1 1
196.813 7574.89 18667 20146.6 -1 2
2364.97 6728.1 23690.2 24740.6 1 2
event 142
6674.55 -3612.5 14233.8 16425.4
-7336.98 2671.42 -36633.6 37584.3
-3128.57 1838.57 -10726.6 11324.3 1 2
2795.89 -1872.98 9413.82 9997.81 1 1
-4208.41 832.857 -25907 26260.1 -1 2
3878.65 -1739.52 4819.99 6427.55 -1 1
event 143
-5557.08 -5855.1 -31969 33117.5
-7420.46 2348.9 -31154 32260.6
-4756.82 -2933.37 -19491.3 20276.9 -1 1
-800.252 -2921.73 -12477.8 12840.7 1 1
-5338.59 2801.37 -19431.3 20345.4 -1 2
-2081.86 -452.475 -11722.7 11915.2 1 2
event 144
7728.4 2697.79 30028.4 31277.9
10431.6 -2328.8 15810.6 19334.1
2986.84 -1922.89 6474.87 7386.06 -1 2
1378.58 1598.56 4907.03 5342.84 1 1
7444.76 -405.914 9335.71 11948 1 2
6349.83 1099.23 25121.4 25935 -1 1
event 145
-5810.02 324.932 9729.46 11752.2
13686.9 -2929.59 -33337 36343.6
-3301.37 -1297.15 6021.93 6989.73 -1 1
-2508.66 1622.09 3707.54 4762.51 1 1
6532.57 -3185.27 -18240.1 19635 1 2
7154.36 255.675 -15096.9 16708.6 -1 2
event 146
-7355.32 -1575.43 890.975 8183.45
-6376.33 -4605.22 -12312.1 14934.7
-4093.17 -1290.68 1984.35 4729.55 -1 1
-3262.16 -284.751 -1093.38 3453.9 1 1
-3305.43 -4079.5 -8712.19 10172.6 -1 2
-3070.9 -525.723 -3599.91 4762.07 1 2
event 147
-4792.07 2060.35 4895.49 7795.22
7539.4 16839.6 33449.1 38325.5
-1998.44 2445.69 3228.02 4517.35 1 1
-2793.62 -385.339 1667.47 3277.87 -1 1
4671.23 13449.9 26369.4 29967.9 -1 2
2868.17 3389.66 7079.69 8357.59 1 2
event 148
-5469.76 2140.14 6227.53 9103.47
-5462.85 8052.88 7938.86 12934.8
-2592.83 2338.91 1329.36 3737.86 -1 2
-1317.88 1905.38 1314.05 2665.55 1 1
-2870.03 5713.97 6609.49 9196.91 1 2
-4151.88 234.76 4913.49 6437.91 -1 1
event 149
10276.4 9761.85 -6088.32 15734
-5135.59 257.786 -489.453 6022.55
5427.19 6497.37 -4851.33 9757.9 1 1
4849.23 3264.48 -1237 5976.05 -1 1
-3365.77 -1252.63 185.387 3597.64 -1 2
-1769.82 1510.42 -674.84 2424.91 1 2
event 150
2886.58 -7163.26 -24270.9 25657.6
-7497.25 -3433.52 -16074.1 18329.3
2920.41 -3261.39 -14052.3 14718.8 1 1
-33.8323 -3901.87 -10218.6 10938.8 -1 1
-4334.14 -2894.97 -7175.06 8868.95 -1 2
-3163.11 -538.553 -8899.02 9460.39 1 2
event 151
-7367.32 1661.56 -2087.74 8425.4
293.523 8076.39 -30634.3 31833.4
1120.99 3694.29 -18653.4 19049 -1 2
-2884.96 755.926 -2415.81 3839.5 -1 1
-4482.35 905.632 328.075 4585.9 1 1
-827.466 4382.1 -11980.9 12784.4 1 2
event 152
-6699.73 -9013.99 -4551.11 12507.6
-3859.12 4040.92 23719.8 24565.1
-1859.47 2744.2 18881.6 19170.7 1 2
-3250.12 -2450.94 -2630.38 4847.72 -1 1
-1999.65 1296.71 4838.24 5394.42 -1 2
-3449.61 -6563.05 -1920.74 7659.88 1 1
event 153
6621.37 -1760.24 -23610.2 24778.5
9117.12 -6085.31 36470.9 38208.2
3900.85 -2006.03 -18142.1 18665.2 1 1
2720.53 245.795 -5468.13 6113.37 -1 1
5961.8 -2360.04 23098.7 23972.4 -1 2
3155.32 -3725.28 13372.2 14235.9 1 2
event 154
13208.6 -13346.2 17066.8 25562.8
-7140.14 -3807.87 -13191.3 15782.3
8325.82 -6455.2 10380.1 14790.1 -1 1
4882.75 -6891.05 6686.74 10772.7 1 1
-4998.29 -963.255 -8144.23 9604.71 -1 2
-2141.85 -2844.61 -5047.04 6177.63 1 2
event 155
6371.56 3400.39 -3144.5 8463.94
-6304.19 -4965.87 778.674 8637.11
-1841.33 -3188.49 -354.031 3700.47 -1 2
871.984 1994.27 -947.067 2376.04 -1 1
5499.58 1406.11 -2197.44 6087.89 1 1
-4462.86 -1777.38 1132.71 4936.64 1 2
event 156
8421.96 -86.5455 -5346.27 10445.6
1022.27 6092.41 14374 15948.8
2128.69 3650.77 8861.34 9818.04 -1 2
3320 1302.01 -2993.65 4657.34 -1 1
5101.95 -1388.56 -2352.62 5788.26 1 1
-1106.43 2441.64 5512.68 6130.79 1 2
event 157
-304.728 6495.64 5534.41 9083.34
8328.22 1481.77 -11149.5 14333.8
3177.52 1458.4 -2624.27 4372.82 -1 2
-1526.63 1959.82 2219.58 3333.05 -1 1
5150.69 23.3637 -8525.21 9960.95 1 2
1221.9 4535.81 3314.82 5750.29 1 1
event 158
5429.29 -4761.83 9119.09 12037.4
-11965.8 1820.09 43819.3 45565.5
3523.87 -1663.42 3003.39 4920.99 1 1
1905.42 -3098.41 6115.69 7116.43 -1 1
-6799.5 278.052 29218.2 30000.4 -1 2
-5166.32 1542.04 14601.1 15565.1 1 2
event 159
835.817 -6262.4 14911.3 16488
-7251.09 -870.179 4098.38 8928.78
-3042.53 -602.441 82.4759 3104.49 1 2
1188.06 -1937.52 2714.68 3542.05 -1 1
-352.239 -4324.88 12196.6 12945.9 1 1
-4208.56 -267.738 4015.9 5824.29 -1 2
event 160
-12678 -2711.83 -48597.8 50392.6
11685.3 15464.5 18166.8 26745.5
5377.66 5720.85 5642.38 9669.28 -1 2
-3701.27 -1812.66 -11604.5 12315.1 1 1
6307.63 9743.68 12524.4 17076.2 1 2
-8976.76 -899.169 -36993.2 38077.6 -1 1
event 161
-3630.55 12060.7 15651.6 20327.4
-6419.02 -1204.08 -15183.8 16816.5
-2615.95 7425.19 11939.8 14302 -1 1
-1014.59 4635.53 3711.78 6025.45 1 1
-3877.04 766.441 -9403.4 10200.7 -1 2
-2541.99 -1970.52 -5780.38 6615.79 1 2
event 162
-4657.06 -5263.81 -7693.21 10870.7
-471.38 -8805.06 22229 24113.7
-2643.74 -2863.83 -2024.76 4393.37 -1 1
-2013.32 -2399.98 -5668.45 6477.33 1 1
883.998 -4527.28 8527.8 9695.99 1 2
-1355.38 -4277.78 13701.2 14417.7 -1 2
event 163
563.353 -5066.46 15882.3 16965.5
-10804 -8105.8 18828.8 23378.3
1491.2 -3094.68 6730.99 7557.66 1 1
-927.85 -1971.78 9151.33 9407.81 -1 1
-6949.07 -4725.31 14032.4 16356.6 -1 2
-3854.92 -3380.49 4796.4 7021.74 1 2
event 164
-6305.27 3290.68 12380.9 14610.4
-3949.72 -4512.74 -7337.21 9969.48
-3609.29 -1965.44 -3818.3 5610.75 -1 2
-3410.2 92.0211 4849.03 5929.77 -1 1
-2895.07 3198.66 7531.88 8680.62 1 1
-340.434 -2547.3 -3518.91 4358.73 1 2
event 165
6757.21 -773.466 9334.53 11957.5
8828.15 1457.84 3435.98 10072.7
4159.7 956.953 6241.19 7561.91 -1 1
2597.51 -1730.42 3093.34 4395.6 1 1
6319.94 -316.481 1748.69 6565.89 -1 2
2508.21 1774.33 1687.28 3506.77 1 2
event 166
-4127.97 9899.97 -22769.9 25359.6
-3848.21 4318.75 6124.44 8975.53
-3744.29 2102.48 4519.49 6235.15 1 2
-508.443 4673.26 -8006.06 9284.72 -1 1
-103.917 2216.27 1604.95 2740.38 -1 2
-3619.52 5226.71 -14763.9 16074.9 1 1
event 167
8446.82 4998.02 41890.7 43136.4
-6569.46 104.888 1140.16 7352.54
4325.2 4318.05 24682.3 25427.9 1 1
4121.62 679.965 17208.4 17708.5 -1 1
-3338.51 -269.057 2106.2 3957.94 -1 2
-3230.96 373.945 -966.042 3394.6 1 2
event 168
-792.528 -8992.8 -16617.9 19163.6
1113.87 -5125.41 21731.7 22569.1
-1939.31 -5093.56 -10225.3 11587.6 1 1
1146.78 -3899.24 -6392.6 7576 -1 1
-551.667 -3291.49 15634.1 15986.7 -1 2
1665.53 -1833.92 6097.54 6582.43 1 2
event 169
-1817.47 5594.47 -4862.83 8236.46
3218.49 10074.4 19558.1 22449.2
-1234.09 3122.88 -815.303 3457.05 1 1
-583.377 2471.59 -4047.53 4779.41 -1 1
260.567 5625.05 11037.5 12391.4 1 2
2957.92 4449.38 8520.61 10057.7 -1 2
event 170
-1323.18 -7366.34 2610.88 8510.05
8136.16 -4707.58 -46220.1 47267.8
345.982 -4369.71 2561.25 5077.92 -1 1
-1669.17 -2996.63 49.6338 3432.13 1 1
6253.34 -3735.57 -40838 41482.7 -1 2
1882.82 -972.012 -5382.1 5785.15 1 2
event 171
4737.91 -3772.71 -25253.1 26153.2
-9193.5 3360.68 2458.28 10556.9
-2960.5 2358.82 15.0675 3786.81 -1 2
681.211 -2419.92 -8727.35 9082.83 1 1
-6233 1001.86 2443.22 6770.12 1 2
4056.7 -1352.79 -16525.7 17070.4 -1 1
event 172
5159.89 -2982.93 8401.82 10756.6
6165.72 -5454.84 -819.339 8833.77
3654.86 -1375.83 -1023.08 4038.41 -1 2
736.235 -1986.66 3371.88 3983.67 -1 1
2510.86 -4079.01 203.739 4795.36 1 2
4423.66 -996.27 5029.93 6772.94 1 1
event 173
4792.53 8890.79 -6208.96 12253.8
9281.62 -3506.95 36414.5 37868.9
4247.62 -2428.29 22651.7 23174.4 -1 2
3053.67 2523.43 -2295.45 4579.62 1 1
1738.86 6367.36 -3913.51 7674.22 -1 1
5034 -1078.67 13762.8 14694.6 1 2
event 174
-2936.8 10642.2 -30641.9 32716.9
7454.13 5960.96 20312.7 22656
-1433.76 6590.25 -14269.9 15783.8 1 1
-1503.04 4051.97 -16372 16933.1 -1 1
6229.7 4130.44 12764.2 14792.1 -1 2
1224.43 1830.52 7548.52 7863.93 1 2
event 175
2436.48 -10958.2 27248 29632.1
-5124.97 1851.47 16584.5 17729.3
-3379.1 -406.125 9426.19 10022.4 1 2
-226.302 -4610.89 8730.96 9876.86 -1 1
-1745.87 2257.59 7158.28 7706.94 -1 2
2662.78 -6347.26 18517 19755.3 1 1
event 176
-3123.93 -8580.21 -51740.2 52631
-6636.87 3700.88 -216.08 8208.74
-3120.73 3081.2 -1113.34 4525.86 -1 2
78.974 -4110.5 -24200.1 24547 1 1
-3202.9 -4469.71 -27540.2 28084 -1 1
-3516.15 619.681 897.263 3682.87 1 2
event 177
-9931.17 1432.64 7507.85 13062.8
-7370.24 8725.93 4297.51 12590.7
-5372.45 2114.18 2612.08 6337.75 1 1
-4558.72 -681.54 4895.77 6725.04 -1 1
-4687.49 7548.76 2940.35 9360.19 -1 2
-2682.74 1177.17 1357.16 3230.46 1 2
event 178
2060.4 7521.81 -12367 14945.1
7134.3 -3933.64 -16826.6 18949.8
3180.98 -2112.92 -4648.31 6016.73 -1 2
2162.58 2395.61 -4135.88 5247.13 1 1
-102.171 5126.2 -8231.16 9698.02 -1 1
3953.32 -1820.73 -12178.2 12933.1 1 2
event 179
5020.33 -1157.82 304.264 6018.97
8270.33 15348.4 45115.6 48466.2
2613.63 -2017.26 834.066 3406.94 -1 1
2406.69 859.443 -529.802 2612.03 1 1
4782.86 9049.23 30524.5 32195 -1 2
3487.47 6299.15 14591.1 16271.2 1 2
event 180
-4772.27 -1498.95 5199.8 7851.76
-12658.1 7099.03 -62085.9 63834.7
-3171.54 274.806 4171.44 5248.45 1 1
-1600.73 -1773.75 1028.36 2603.31 -1 1
-8976.19 3713.57 -44691 45734.7 1 2
-3681.92 3385.46 -17394.8 18100 -1 2
event 181
-985.303 -6220.31 -15912.5 17391.4
13106.2 -11906.4 -3265.26 18269.9
666.632 -3425.09 -5795.83 6765.98 1 1
-1651.94 -2795.22 -10116.6 10625.4 -1 1
6250.97 -7753.17 -1795.16 10120.3 1 2
6855.24 -4153.25 -1470.1 8149.61 -1 2
event 182
-2115.31 -5042.42 -15953.9 17146.9
-2475.9 10947.4 -11145.4 16241.4
-2081.58 2894.58 -4803.41 5982.93 1 2
705.64 -1984.32 -5910.37 6275.28 -1 1
-394.325 8052.86 -6341.95 10258.4 -1 2
-2820.95 -3058.09 -10043.5 10871.7 1 1
event 183
-9096.12 3291.69 7770.06 12788.2
13967.2 -2166.51 6255.69 15764
3909.7 -1653.75 838.809 4328.44 -1 2
-1498.81 1652.01 876.903 2399.1 -1 1
10057.5 -512.758 5416.88 11435.5 1 2
-7597.31 1639.69 6893.16 10389.2 1 1
event 184
-5807.64 -5206.37 -6052.99 10347.2
-6235.15 -4553.1 -8846.94 12143.6
-2645.56 -1769.61 -5968.57 6765.02 1 2
-2453.61 -338.176 -1754.44 3037.07 -1 1
-3354.03 -4868.2 -4298.55 7310.1 1 1
-3589.59 -2783.49 -2878.36 5378.58 -1 2
event 185
4405.37 5069.96 3146.17 8037.46
-3473.31 -6316.29 -10170 12844.5
-2592.13 -2345.16 -6421.03 7311.61 1 2
144.442 2147.11 422.707 2195.63 1 1
4260.93 2922.86 2723.47 5841.83 -1 1
-881.185 -3971.13 -3748.98 5532.84 -1 2
event 186
-10077.1 1568.7 -1252.78 10731.6
7232.46 9000.42 7281.28 13997.3
2560.05 4804.45 2032.24 5811.86 1 2
-1793.26 959.729 777.91 2180.18 1 1
-8283.81 608.972 -2030.69 8551.44 -1 1
4672.42 4195.98 5249.04 8185.43 -1 2
event 187
1624.08 -5144.46 -17480.6 18554.4
-5096.94 -7961.9 23976.9 25958.7
-19.2578 -3860.69 -8532.47 9365.87 1 1
1643.34 -1283.77 -8948.17 9188.55 -1 1
-3602.58 -3320.19 9625.52 10801.1 -1 2
-1494.35 -4641.71 14351.4 15157.6 1 2
event 188
-2247.59 8155.34 -22411.5 24154.3
11985.5 -8679.98 -476.365 15126.5
-2896.55 5859.98 -17774.7 18938.8 1 1
648.968 2295.36 -4636.79 5215.44 -1 1
7367.16 -3450.14 -457.907 8148.58 1 2
4618.36 -5229.84 -18.458 6977.96 -1 2
event 189
13601.7 -16141.5 -44334 49200.1
-5263.13 -575.53 6230.87 8743.4
-3452.38 -1845.79 3844.96 5488.23 1 2
3430.93 -5660.51 -11608 13363 -1 1
-1810.75 1270.26 2385.91 3255.17 -1 2
10170.8 -10481 -32726 35837.1 1 1
event 190
12994.1 -400.05 8388.96 15778.9
-5639.38 3925.07 9688.49 12436.3
-3148.9 699.293 6513.18 7268.92 -1 2
2260.72 -1264.88 1503.02 2996.83 -1 1
10733.4 864.829 6885.94 12782 1 1
-2490.48 3225.78 3175.31 5167.39 1 2
event 191
5248.15 13697.8 2286.81 15165.5
4380.9 -2872.99 1826.71 6354.04
2313.49 -3085.02 509.043 3891 1 2
579.432 5032.8 1530.48 5293.23 -1 1
2067.41 212.037 1317.66 2463.04 -1 2
4668.71 8664.97 756.333 9872.27 1 1
event 192
-3162.3 -6097.97 -3730.07 8407.71
1765.42 -8246.92 208.904 8986.8
2005.99 -3495.75 -829.811 4116.31 -1 2
-663.686 -2095.6 275.073 2217.85 -1 1
-240.576 -4751.18 1038.71 4870.49 1 2
-2498.62 -4002.37 -4005.15 6189.86 1 1
event 193
-4110.84 7278.96 -14909.1 17371
5996.34 -3721.41 1421.59 7836.91
-2664.83 4228.1 -5806.26 7661.72 1 1
-1446.01 3050.86 -9102.79 9709.31 -1 1
2600.65 -573.241 1758.36 3192.96 -1 2
3395.69 -3148.17 -336.768 4643.95 1 2
event 194
5623.78 -2153.36 -7979.51 10465.5
-3729.06 -9335.65 18605.4 21373.2
3114.62 -2325.15 -6416.02 7502.24 -1 1
2509.16 171.79 -1563.49 2963.29 1 1
-3051.94 -4676.75 7872.43 9652.6 1 2
-677.121 -4658.9 10733 11720.6 -1 2
event 195
5764.97 5897.59 13360.6 16003.5
-7248.01 -718.43 -21441.8 22855.9
2881.58 3664 4770.65 6670.73 1 1
2883.39 2233.59 8589.92 9332.78 -1 1
-3086.39 -1815.25 -10690.6 11274.8 -1 2
-4161.62 1096.82 -10751.1 11581 1 2
event 196
917.712 -17334.8 28954.6 33901.2
5160.68 -2418.57 1899.91 6758.89
-525.05 -11223.5 20388 23279.2 -1 1
1442.76 -6111.31 8566.59 10622 1 1
3553 12.2946 1275.24 3776.42 -1 2
1607.68 -2430.87 624.677 2982.47 1 2
event 197
5139.44 3576.99 -1803.94 7214.82
-7344.04 14273.8 7264.11 17889.5
3608.26 658.024 -1211.68 3864.17 -1 1
1531.18 2918.97 -592.262 3350.65 1 1
-4781.52 9021.47 6207.71 11949.8 1 2
-2562.52 5252.33 1056.39 5939.75 -1 2
event 198
-1212.95 9610.83 -10904.1 14910.7
2725.84 12268.9 -11389.7 17241.5
-1891.96 6168.18 -5565.29 8521.12 -1 1
679.01 3442.66 -5338.79 6389.59 1 1
1415.4 9818.02 -10162.7 14201.7 -1 2
1310.44 2450.83 -1226.93 3039.79 1 2
event 199
6047.74 -6187.24 12420.6 15450.5
-6665.31 2479.62 -18227.4 19809.2
2197.59 -4013.89 4751.31 6597.49 1 1
3850.14 -2173.35 7669.25 8853 -1 1
-4161.95 848.958 -14007 14637.3 -1 2
-2503.36 1630.66 -4220.45 5171.96 1 2
event 200
7410.61 -4787.78 8209.25 12442.8
-951.257 7014.91 8627.27 11581.6
4181.25 -4386.72 4830.19 7750.36 1 1
3229.36 -401.063 3379.05 4692.42 -1 1
-774.55 2038.71 4888.66 5354.1 -1 2
-176.706 4976.2 3738.61 6227.54 1 2
event 201
37335.9 16027.8 40356.8 57350.9
15591.1 9583.16 -58982.4 61833.9
19712.8 9158.34 19598.8 29267.6 -1 1
17623.2 6869.51 20758 28083.3 1 1
12881.7 7611.63 -43782.5 46268.7 -1 2
2709.4 1971.54 -15199.8 15565.2 1 2
event 202
-4934.74 984.986 10536.8 12080.4
-15174.3 -1866.65 -15799.4 22202.6
-2748.93 1747.71 8031.72 8667.8 1 1
-2185.81 -762.722 2505.04 3412.61 -1 1
-7882.63 345.55 -6860.55 10456.3 1 2
-7291.69 -2212.2 -8938.89 11746.4 -1 2
event 203
-12930.3 -12698.4 -20914 27846.5
-4116.79 -4737.68 -20080 21264.7
-7093.39 -8642.64 -14146.2 18031.6 -1 1
-5836.96 -4055.8 -6767.77 9814.96 1 1
-3567.53 -2416.33 -15644.3 16227.2 -1 2
-549.258 -2321.35 -4435.7 5037.55 1 2
event 204
-5098.92 -1992.75 1880.46 6564.86
-11060.5 -1431.87 22179.5 25018.1
-3989.33 861.921 6704.91 7850.14 -1 2
-974.608 -1784.78 1241.27 2384.79 1 1
-7071.16 -2293.79 15474.6 17167.9 1 2
-4124.32 -207.973 639.181 4180.07 -1 1
event 205
-1294.33 -4883.25 -6280.94 8634.97
13644.4 -10718.2 3020.79 17882
607.397 -2960.75 -4400.59 5339.6 1 1
-1901.73 -1922.5 -1880.36 3295.37 -1 1
7112.57 -7080.82 2720.1 10398.9 -1 2
6531.84 -3637.41 300.69 7483.13 1 2
event 206
-4822.02 3071.34 7705.28 10082
-5088.65 -9536.95 3596.27 11805.5
-3947.8 843.664 5520.87 6840.18 1 1
-874.224 2227.67 2184.41 3241.85 -1 1
-4429.65 -5530.11 3019.53 7702.77 1 2
-658.994 -4006.84 576.743 4102.78 -1 2
event 207
-1359.28 6883.86 -625.534 7695.27
-3517.77 7961.32 6246.21 11151.8
-117.604 3962.52 2303 4585.89 1 2
-1772.59 2399.98 -1064.97 3169.74 -1 1
-3400.16 3998.8 3943.21 6565.94 -1 2
413.31 4483.89 439.432 4525.52 1 1
event 208
-13036.6 -1753.25 -9684.42 16625.4
10253.6 -8374.99 -13237.3 18976.1
-7202.82 -1073.16 -7219.54 10255 1 1
-5833.73 -680.087 -2464.88 6370.38 -1 1
7638.34 -4522.56 -9521.78 13018.2 -1 2
2615.26 -3852.43 -3715.52 5957.94 1 2
event 209
-7266.21 -10854.2 52000 53704.8
6374.51 -2210.08 1689.59 7613.45
3129.67 -2608.68 1478.99 4335.74 1 2
-1479.36 -4528.53 21559.1 22079.4 -1 1
3244.84 398.595 210.593 3277.71 -1 2
-5786.84 -6325.71 30440.9 31625.4 1 1
event 210
-635.881 6294.79 20824.3 21983.5
-5955.15 4294.34 8847.82 11907.1
-3348.75 651.068 4641.68 5761.46 -1 2
1217.91 1821.7 6043.56 6429.43 1 1
-1853.79 4473.1 14780.8 15554 -1 1
-2606.4 3643.27 4206.13 6145.69 1 2
event 211
6133.17 8476.05 8295.05 13706.1
3615.97 -4343.76 9586.72 11551.6
1979.24 -2761.83 2837.33 4427.95 1 2
3481.61 3058.61 2201.79 5131.84 1 1
1636.73 -1581.92 6749.39 7123.68 -1 2
2651.56 5417.44 6093.26 8574.29 -1 1
event 212
-10147.2 -1106.05 27045.5 29073
-3472.95 4507.87 16432.6 17663.7
-3114.66 1557.13 9565.53 10180.2 1 2
-4146.22 820.381 13189.2 13850.3 -1 1
-358.287 2950.74 6867.11 7483.55 -1 2
-6000.94 -1926.44 13856.3 15222.7 1 1
event 213
-6459.56 3206.87 16752.5 18607.6
-14631.7 6577.94 -3465.34 16702
-4384.67 1155.02 13476.1 14218.9 1 1
-2074.88 2051.85 3276.36 4388.72 -1 1
-8430.2 2251.21 -2506.41 9079.07 1 2
-6201.47 4326.74 -958.93 7622.97 -1 2
event 214
8266.61 2369.19 44105.7 45042.8
7926.77 2994.22 -11985.8 15001.6
5541.98 1734.17 -5596.41 8065.47 1 2
3324.6 -564.191 14961.2 15336.9 1 1
2384.79 1260.05 -6389.39 6936.17 -1 2
4942.01 2933.38 29144.5 29705.9 -1 1
event 215
-10122.5 937.077 39973.8 41362.3
1788.66 4299.43 3614.43 6658.77
-5877.77 -941.267 20891 21722.8 1 1
-4244.73 1878.34 19082.8 19639.5 -1 1
2324.82 2200.21 3037.91 4414.27 -1 2
-536.165 2099.23 576.523 2244.5 1 2
event 216
3882.55 -7714.07 28133.3 29591.4
-5442.89 -3815.05 3104.63 7963.01
2761.24 -3827.78 10707.1 11701.7 -1 1
1121.31 -3886.3 17426.1 17889.7 1 1
-2095.92 -892.57 2648.58 3495.1 -1 2
-3346.96 -2922.48 456.045 4467.91 1 2
event 217
16674 -7006.92 -76365.5 78539.2
5105.38 -3469.93 11876.8 13738.8
8155.89 -5079.74 -41054.5 42164 1 1
8518.12 -1927.19 -35311 36375.1 -1 1
3153.77 -1377.36 9183.93 9808.11 -1 2
1951.61 -2092.57 2692.89 3930.71 1 2
event 218
-773.885 -6618.77 -15316.4 16988
738.008 10307.3 -47757.7 48960.9
-1093.76 -3810.82 -5557.82 6827.82 -1 1
319.877 -2807.95 -9758.62 10160.2 1 1
-903.388 6011.77 -30545.1 31144.4 -1 2
1641.4 4295.49 -17212.6 17816.6 1 2
event 219
8539.57 11606.5 -36305.8 39183.4
5773.47 2207.87 -11687.1 13578.9
4907.29 5411.89 -14706.4 16421.3 1 1
3632.28 6194.57 -21599.4 22762.1 -1 1
3518.8 -204.75 -7080.57 7910.09 -1 2
2254.68 2412.62 -4606.52 5668.82 1 2
event 220
-6573.62 829.28 110.685 7314.66
-19986.6 7921.87 20019 29539.3
-3591.98 -484.027 1289.25 3848.37 -1 1
-2981.64 1313.31 -1178.56 3466.29 1 1
-13165 4708.03 11051 17821.9 -1 2
-6821.62 3213.84 8967.97 11717.5 1 2
event 221
5873.56 2685.12 -14310.4 16002.7
1222.56 -9260.57 -9779.79 13874
-709.427 -4369.72 -3268.99 5504.11 1 2
1457.67 2289.43 -5878.6 6475.75 1 1
1931.99 -4890.84 -6510.8 8369.86 -1 2
4415.89 395.688 -8431.76 9526.93 -1 1
event 222
-5142.76 16.4622 -11087.2 12608.1
-2208.61 9272.28 17139.1 19854.3
-3426.77 -1228.74 -8592.55 9332.5 -1 1
-1715.99 1245.2 -2494.65 3275.6 1 1
-523.469 4934.72 6034.03 7813.21 -1 2
-1685.14 4337.56 11105.1 12041.1 1 2
event 223
5905.56 -703.388 14698.6 16155.8
-18106.7 11260 70757.8 73965.5
3743.79 -1934.32 9287.24 10199.1 1 1
2161.77 1230.93 5411.36 5956.71 -1 1
-13678.6 6988.45 48661.1 51028 1 2
-4428.13 4271.58 22096.7 22937.5 -1 2
event 224
-7983.08 -1584.92 25105.2 26572.6
7610.37 -5113.92 -13948.7 16977.3
2311.49 -2444.34 -7459.67 8183.86 1 2
-1999.88 -1382.44 10687.5 10961 -1 1
-5983.2 -202.485 14417.7 15611.5 1 1
5298.88 -2669.58 -6489.05 8793.39 -1 2
event 225
-12368.8 -10690.7 4260.14 17176
2254.45 7114.14 11209.3 13817.9
-8243.94 -8536.69 2131.71 12057.9 -1 1
-4124.84 -2153.97 2128.43 5118.13 1 1
662.011 1950.27 1059.09 2318.33 -1 2
1592.44 5163.87 10150.3 11499.6 1 2
event 226
-6896.57 -178.627 8176.82 11137.6
3895.44 -7238.48 3672.29 9520.86
2318.66 -3293.35 202.039 4034.14 -1 2
-1624.98 -1254.77 1414.71 2495.51 1 1
-5271.58 1076.14 6762.11 8642.05 -1 1
1576.79 -3945.13 3470.25 5486.72 1 2
event 227
-3711.04 10546.5 -490.967 11611.8
-1729.51 10363.7 4929.98 12012.2
-1343.07 3444.05 372.548 3716.89 1 2
-936.373 2079.53 1141.94 2552.73 1 1
-2774.67 8466.99 -1632.91 9059.04 -1 1
-386.436 6919.68 4557.43 8295.34 -1 2
event 228
4710.59 -6857.24 -7854.18 11852.9
-191.514 -7054.31 -1142.33 7790.71
-383.931 -4727.75 724.792 4799.53 -1 2
2374.64 -1994.71 -1302.23 3365.23 1 1
2335.94 -4862.53 -6551.95 8487.64 -1 1
192.417 -2326.56 -1867.12 2991.19 1 2
event 229
-6199.08 10499.6 12491.3 17728.4
3519.87 -4455.28 -3529.65 7368.04
-4996.68 6651.02 9912.43 12941 -1 1
-1202.4 3848.59 2578.83 4787.37 1 1
1384.57 -3779.28 -1364.96 4251.39 -1 2
2135.3 -675.996 -2164.69 3116.65 1 2
event 230
11479 7574 -37777.4 40321.9
2065.74 9281.74 51443.1 52406.1
-613.032 4128.27 20039.9 20470.1 -1 2
3205.83 2280.38 -7197.21 8202.95 1 1
8273.13 5293.62 -30580.2 32118.9 -1 1
2678.77 5153.46 31403.2 31936 1 2
event 231
5068.07 7868.55 -14182 17272
-7589.5 14972.6 33340.1 37455.7
4298.83 4251.18 -10020.6 11703.7 -1 1
769.239 3617.37 -4161.45 5568.29 1 1
-4477.13 8753.43 22773.7 24805.7 1 2
-3112.37 6219.16 10566.3 12650 -1 2
event 232
-11458.3 -6180.2 10352 16918.7
4970.14 4701.61 -24379.5 25510
-6193.1 -4869.78 5233.72 9458.98 1 1
-5265.22 -1310.42 5118.31 7459.76 -1 1
3648.97 1640.86 -10542.9 11277.1 -1 2
1321.17 3060.76 -13836.6 14232.9 1 2
