event 0
4127.8 -4787.1 324.774 7046.57
-4844.25 -5708.2 11569.3 14124.1
-1723.37 -3201.1 3193.11 4839.85 -1 2
287.314 -2427.32 -402.765 2479.48 -1 1
3840.48 -2359.78 727.54 4567.09 1 1
-3120.88 -2507.1 8376.2 9284.25 1 2
event 1
12070.8 -7109.03 29065.5 32413.5
1482.12 -5987.51 -2864.55 7472.88
-319.722 -4060.06 -875.641 4167.04 1 2
5702.39 -2863.5 9931.15 11804.9 1 1
1801.84 -1927.44 -1988.91 3305.84 -1 2
6368.43 -4245.52 19134.3 20608.6 -1 1
event 2
-33.8444 -7006.59 -34654.7 35491.4
-945.742 -8292 11173.5 14286
997.405 -4141.83 4582.42 6257.74 1 2
-1381.82 -2190.31 -9709.65 10049.6 -1 1
1347.98 -4816.28 -24945.1 25441.7 1 1
-1943.15 -4150.17 6591.09 8028.29 -1 2
event 3
132.422 15874.1 -11892.6 20075.5
-1272.47 -4273.29 -5364.47 7632.09
563.967 -3239.85 -3644.05 4909.68 1 2
687.677 7045.23 -3567.81 7927.71 -1 1
-1836.44 -1033.43 -1720.42 2722.41 -1 2
-555.256 8828.84 -8324.75 12147.8 1 1
event 4
9384.67 5477.55 -13225.3 17394.7
-6182.93 -5569.59 -3379.78 9500.66
-4816.74 -2866.05 -3221.34 6465.56 -1 2
3324.94 1147.81 -6341.38 7252.38 1 1
6059.74 4329.74 -6883.88 10142.3 -1 1
-1366.18 -2703.54 -158.441 3035.1 1 2
event 5
-284.547 -4592.1 -6523.35 8562.32
-6433.72 -5987.56 4965.69 10559
1206.72 -3117.03 -4775.37 5829.87 -1 1
-1491.26 -1475.08 -1747.97 2732.45 1 1
-3862.25 -2433.77 1066.92 4689.32 1 2
-2571.47 -3553.78 3898.77 5869.7 -1 2
event 6
4368.88 10185.6 2521.25 11780.5
-3223.01 -5147.07 -22091.6 23119.4
2031.23 6067.75 -32.4382 6399.67 -1 1
2337.64 4117.82 2553.69 5380.85 1 1
-739.363 -3786.68 -14843.6 15337.2 -1 2
-2483.65 -1360.38 -7248 7782.27 1 2
