event 0
-5227.15 6026.78 31867.3 32996.4
6354.11 -9912.04 -10761.8 16249
-3665.83 2352.57 12989.2 13700.5 -1 1
-1561.32 3674.21 18878.1 19295.9 1 1
3883.98 -4661.29 -3696.29 7105.4 -1 2
2470.14 -5250.75 -7065.55 9143.59 1 2
event 1
-6123.17 -7475.64 14542.6 17732.9
-1876.66 -7973.9 202.225 8759.94
-65.3508 -6157.06 481.612 6177.11 1 2
-2996.9 -3142.61 3962.3 5879.49 -1 1
-1811.31 -1816.84 -279.387 2582.83 -1 2
-3126.27 -4333.03 10580.3 11853.4 1 1
event 2
-3971.44 -7114.3 2261.09 9004.95
-3496.21 -7032.2 -7517 11303.6
-2775.35 -4260.01 -2857.99 5833.48 1 2
-860.686 -3650.78 -161.589 3755.83 -1 1
-720.857 -2772.19 -4659.01 5470.12 -1 2
-3110.75 -3463.52 2422.68 5249.12 1 1
event 3
-4821.65 -5196.06 5115.14 9273.78
-4875.47 7346.03 -18951.9 21130.5
-512.216 3262.6 -7962.97 8621.31 1 2
-2442.92 -926.484 2905.73 3909.05 -1 1
-4363.25 4083.42 -10988.9 12509.2 -1 2
-2378.73 -4269.58 2209.41 5364.73 1 1
event 4
6924.53 8385.28 -16081.7 19658.9
-430.425 5442.3 19227.5 20226
873.341 3506.96 14617.1 15057.7 1 2
2435.87 4268.61 -4990.56 7005.1 -1 1
-1303.77 1935.34 4610.36 5168.36 -1 2
4488.65 4116.67 -11091.1 12653.8 1 1
event 5
5762.37 418.665 9899.41 11873.1
2009.86 -7591.66 34242.9 35325
-727.071 -4091.15 18878.5 19330.7 -1 2
1801.2 -1088.31 1985.75 2895.36 -1 1
2736.93 -3500.5 15364.3 15994.3 1 2
3961.17 1506.97 7913.66 8977.69 1 1
event 6
-8735.24 -8115.88 -61303.7 62529.3
-6593.75 1560.99 18760.2 20185.4
-3878.89 30.9026 13724 14262 1 2
-3997.69 -1710.18 -22171.7 22594.3 1 1
-2714.85 1530.09 5036.28 5923.41 -1 2
-4737.55 -6405.7 -39132.1 39935 -1 1
