event 0
-2022.78 -7643.74 -5139.69 9925.95
-12157.5 -4234.96 38682.4 40886
-14.6156 -5508.06 -3852.76 6722.64 1 1
-2008.17 -2135.67 -1286.94 3203.31 -1 1
-6260.04 -3403.96 17891.2 19258.3 -1 2
-5897.43 -830.996 20791.2 21627.7 1 2
event 1
-6515.96 -673.472 35243.6 35980.7
-8973.46 -395.647 -30373.6 31824.9
-3342.62 -1467.24 -9480.07 10159.2 -1 2
-2072.7 1226.6 11391.1 11643.4 -1 1
-5630.84 1071.6 -20893.5 21665.7 1 2
-4443.25 -1900.07 23852.5 24337.3 1 1
event 2
-3933.77 9444.29 -39048.5 40485.1
-998.808 6613.71 3327.03 8086.95
749.424 4256.34 1285.14 4510.08 1 2
-312.837 4730.22 -17750 18372.5 -1 1
-1748.23 2357.37 2041.89 3576.87 -1 2
-3620.93 4714.06 -21298.4 22112.6 1 1
event 3
-7831.24 -414.845 9081.52 12392.1
7855.69 1353.24 18927.9 20770.1
2529.08 1943.35 7157.02 7836.26 -1 2
-2567.12 1111.1 2017.19 3450.35 1 1
-5264.11 -1525.94 7064.33 8941.77 -1 1
5326.61 -590.11 11770.9 12933.9 1 2
event 4
9855.4 1366.51 22008.7 24351
-231.093 5442.01 -13314.6 14715.3
1132.26 3284.74 -9576.86 10188.2 1 2
4737.7 -360.742 13061.6 13899.3 -1 1
-1363.35 2157.27 -3737.76 4527.09 -1 2
5117.7 1727.25 8947.15 10451.6 1 1
