event 0
13006.1 9141.91 -16955 23447.8
-368.977 15663.2 46713.7 49368.3
6963.02 6731.49 -9883.34 13837.9 1 1
6043.13 2410.41 -7071.7 9609.87 -1 1
-314.684 11172.6 28618 30723.4 -1 2
-54.293 4490.6 18095.7 18644.9 1 2
event 1
-18074.9 -2224.88 -14024.9 23193.5
1267.21 8196.76 1124.24 8924.56
-12895.4 -2924.68 -9536.21 16303.2 1 1
-5179.51 699.794 -4488.64 6890.29 -1 1
1857.95 4857.03 1722.22 5479.05 -1 2
-590.747 3339.73 -597.983 3445.51 1 2
event 2
-5545.32 -7370.59 5394.55 11125.1
-4521.87 232.375 1159.16 5606.79
-3167.71 -1250.67 301.925 3420.65 1 2
-1606.22 -4462.78 3402.62 5838.26 -1 1
-1354.16 1483.04 857.236 2186.13 -1 2
-3939.1 -2907.81 1991.93 5286.85 1 1
event 3
-7883.82 1801.47 4312.15 9673.96
-2416.01 -6070.56 -3289.89 7943.78
-3069.62 -3918.11 -2252.58 5464.38 1 2
-3934.3 143.39 558.836 3977.78 -1 1
653.613 -2152.45 -1037.31 2479.4 -1 2
-3949.52 1658.08 3753.31 5696.18 1 1
event 4
4675.05 -5834.1 -5067.53 9547.9
-7493.23 5383.43 20449.2 22647.1
2496 -2839.68 -744.935 3854.85 1 1
2179.05 -2994.41 -4322.6 5693.05 -1 1
-3622.35 3520.71 7851.57 9336.77 1 2
-3870.88 1862.72 12597.6 13310.3 -1 2
event 5
-7429.43 3557.6 -2263.51 9086.49
6819.49 3286.97 -18838.3 20537.3
2476.96 2002.4 -11318.4 11758.5 -1 2
-1911.96 1560.69 -2056.3 3214.17 -1 1
-5517.47 1996.9 -207.216 5872.32 1 1
4342.53 1284.57 -7519.86 8778.79 1 2
event 6
7588.53 751.602 1103.1 8304.12
-8414.37 268.779 -14040.2 16661.2
4296.52 -1010.83 21.6965 4415.15 -1 1
3292.01 1762.43 1081.4 3888.97 1 1
-6125.33 1301.3 -11456.6 13056.7 -1 2
-2289.04 -1032.52 -2583.66 3604.48 1 2
event 7
3822.25 -8085.62 7409.1 12019.7
-8708.94 -5659.02 -1879.87 10999.7
-3398.22 -929.977 -1630.15 3883.46 -1 2
2219.53 -2363.7 1294.86 3493.02 1 1
-5310.72 -4729.05 -249.728 7116.26 1 2
1602.72 -5721.92 6114.24 8526.67 -1 1
