event 0
1302.86 9141.41 -36815.4 38081.9
-2247.26 -8337.78 -1950.38 9378.89
-2368.6 -3637.03 -1719.55 4669.72 -1 2
801.71 2618.37 -6256.88 6830.69 1 1
501.153 6523.04 -30558.6 31251.2 -1 1
121.34 -4700.76 -230.829 4709.17 1 2
event 1
-15513.9 -8500.24 1850.25 18054
5215.33 -3115.39 -33534.1 34220.3
-9838.61 -6433.61 2365 11991.4 -1 1
-5675.25 -2066.64 -514.747 6062.64 1 1
3862.04 -581.088 -17533.7 17963.7 -1 2
1353.29 -2534.3 -16000.4 16256.6 1 2
event 2
6477.17 -1973.04 -4190.22 8543.74
-2245.93 -6439.15 32349 33204.7
4143.55 18.8032 -1343.97 4357.38 1 1
2333.62 -1991.84 -2846.25 4186.35 -1 1
-469.819 -5045.78 25284.4 25787.5 -1 2
-1776.11 -1393.37 7064.55 7417.22 1 2
event 3
1293.58 10276.1 6997.12 12877.2
-5332.13 2139.47 22095.6 23039.4
-3525.39 -242.516 11991.5 12501.8 1 2
1513.89 5027.08 5014.67 7260.96 -1 1
-1806.74 2381.98 10104.1 10537.6 -1 2
-220.318 5248.99 1982.45 5616.2 1 1
