event 0
-2785.46 -9924.66 -21516.7 24058.7
6515.49 1679.66 1133.38 7493.21
4587.48 2519.77 350.832 5246.76 -1 2
-2470.36 -3616.23 -7531.82 8713.17 -1 1
-315.104 -6308.42 -13984.9 15345.5 1 1
1928.01 -840.109 782.543 2246.45 1 2
event 1
7723.91 727.384 25574.3 26903.9
7025.24 -4318.93 17702.6 19773.2
3954.05 -4065.65 12474.2 13703.3 1 2
2965.18 1372.65 13916.8 14295.6 1 1
3071.19 -253.274 5228.4 6069.9 -1 2
4758.74 -645.27 11657.5 12608.3 -1 1
event 2
5543.94 -656.776 -9394.37 11358.3
3215.51 10776.8 19470.1 22784.9
3341.87 -1536.74 -7374.21 8241.35 1 1
2202.06 879.963 -2020.16 3116.99 -1 1
1199.98 6724.38 8415.75 10839.4 1 2
2015.52 4052.4 11054.4 11945.5 -1 2
event 3
-5957.68 -5357.35 10435.7 13516.3
-6253.31 830.751 3202.2 7722.6
-4103.86 1771.36 2958.7 5361.38 -1 2
-2426.85 -2301.57 2069.46 3934.55 1 1
-3530.83 -3055.78 8366.27 9581.76 -1 1
-2149.45 -940.608 243.503 2361.22 1 2
event 4
4987.66 89.1494 282.99 5878.41
-623.334 8665.5 -585.841 9241.93
3028.61 1443.4 -444.539 3385.96 -1 1
1959.04 -1354.26 727.53 2492.45 1 1
524.129 4818.26 953.884 4940.79 -1 2
-1147.46 3847.23 -1539.72 4301.14 1 2
event 5
-11380.7 18661 19762.7 29629.5
2368.44 -4841.3 -8405.19 10454
973.57 -3275.37 -7345.38 8101.95 1 2
-1369.81 4137.69 4941.82 6590.12 -1 1
1394.87 -1565.93 -1059.81 2352.05 -1 2
-10010.9 14523.3 14820.8 23039.4 1 1
event 6
3038.29 7917.61 -28799 30181
5626.91 5857.24 -5125.5 10091.2
2673.89 2890.64 -703.7 4001.48 -1 2
1536.82 2096 -13390.2 13640.5 -1 1
1501.48 5821.6 -15408.9 16540.6 1 1
2953.01 2966.6 -4421.8 6089.7 1 2
event 7
5183.51 672.809 -10385.3 12031.8
-4975.62 -24780.7 15309.3 29712
3044.49 -10.4605 -2861.79 4179.72 1 1
2139.02 683.27 -7523.46 7852.13 -1 1
-2701.24 -18847.8 12404.3 22724.8 -1 2
-2274.37 -5932.84 2904.95 6987.22 1 2
event 8
-76.025 10827.8 -8098.57 13871.7
-3610.71 -3342.15 3194.8 6633.61
-1521.44 -3042.01 912.53 3523.13 1 2
64.5458 5063.17 -5701.37 7626.05 -1 1
-2089.27 -300.145 2282.27 3110.47 -1 2
-140.571 5764.64 -2397.2 6245.69 1 1
event 9
7601.33 5403.44 23392.6 25372.9
-8808.87 -2173.01 728.875 9614.58
-4186.52 -72.0838 -894.515 4282.93 -1 2
2734.02 2503.52 5747.18 6839.86 -1 1
4867.31 2899.92 17645.4 18533 1 1
-4622.35 -2100.93 1623.39 5331.66 1 2
event 10
-12525.9 -619.496 -19642.7 23509.7
5416.36 -1990.29 19751.5 20809
-7726.84 1043.41 -10975.8 13463.7 1 1
-4799.02 -1662.91 -8666.88 10046 -1 1
3173.72 267.666 7469.26 8120.66 -1 2
2242.65 -2257.96 12282.3 12688.3 1 2
event 11
-3045.78 -7825.38 -401.417 8959.09
-684.556 7285.76 -7016.8 10600.8
-1396.11 -4295.69 1307.24 4703.42 1 1
-1649.66 -3529.69 -1708.66 4255.67 -1 1
-791.866 4510.88 -6191.25 7701.81 -1 2
107.31 2774.88 -825.553 2898.99 1 2
event 12
-247.138 -6167.42 12658.5 14419.7
5909.24 -10894.5 28907.8 31604.7
2832.74 -2316.93 8426.98 9187.91 1 2
-1401.55 -1560.27 4757.75 5200.6 -1 1
3076.5 -8577.56 20480.8 22416.8 -1 2
1154.41 -4607.15 7900.78 9219.11 1 1
event 13
26815.9 -13303.9 -14334.6 33334
8467.49 921.115 -22367.8 24134.2
5269.12 2069.18 -14179.7 15268.3 -1 2
4705.31 -1083.4 -2172.14 5295.57 1 1
22110.6 -12220.5 -12162.5 28038.5 -1 1
3198.36 -1148.06 -8188.11 8865.88 1 2
event 14
-2105.03 -5597.95 4728.73 8229.22
8781.87 -2692.89 -18497.1 20883.1
2801.86 -2391.73 -6411.3 7395.05 1 2
-1907.1 -1074.18 1294.64 2545.22 -1 1
5980.02 -301.16 -12085.7 13488.1 -1 2
-197.933 -4523.77 3434.09 5684 1 1
event 15
-6923.64 -5189.12 18221.8 20408
-6372.06 -7369.35 374.777 10229.5
-4137.05 -2857.13 -706.278 5078.22 1 2
-2007.21 -2714.81 9617.17 10193.1 1 1
-4916.43 -2474.3 8604.6 10214.9 -1 1
-2235.01 -4512.22 1081.05 5151.23 -1 2
event 16
7274.93 3943.24 -5746.44 10539.8
-3593.44 -6028.86 9025.87 11845.6
4461.8 1331.94 -4566.68 6522.84 -1 1
2813.13 2611.3 -1179.76 4016.91 1 1
-3768.24 -3626.11 6646.76 8458.07 -1 2
174.807 -2402.75 2379.11 3387.49 1 2
event 17
-6624.99 4424.39 -18338 20232.1
1239.78 -9169.44 -3147.39 10252.5
-484.04 -3918.76 -123.283 3951.88 1 2
-1976.99 3062.32 -6746.19 7668.67 -1 1
1723.82 -5250.68 -3024.1 6300.6 -1 2
-4648 1362.08 -11591.8 12563.5 1 1
event 18
-4610.06 4362.7 -11444.8 13448.5
-604.741 6820.13 -3550.55 8311.25
-1766.46 2867.58 -1928.03 3882.25 -1 2
-2361.91 667.814 -6072.73 6550.87 1 1
-2248.16 3694.89 -5372.11 6897.62 -1 1
1161.72 3952.56 -1622.52 4429 1 2
event 19
7952.5 -3639.26 18583.1 20770.4
-4376.85 11540.4 16992.8 21229.3
-2147.12 9066.79 13485.6 16391.8 1 2
3911.56 -244.386 9275.58 10070.1 1 1
-2229.73 2473.56 3507.21 4837.55 -1 2
4040.94 -3394.87 9307.55 10700.3 -1 1
event 20
-693.099 -6651.95 -4142.29 8454.48
10623.7 -61.9517 35418.3 37106.8
656.202 -4759 -3748.56 6094.39 -1 1
-1349.3 -1892.95 -393.729 2360.1 1 1
5530.89 1510.69 18184.4 19067.1 -1 2
5092.83 -1572.64 17233.9 18039.7 1 2
event 21
7415.12 -2609.82 21615.8 23208.3
-4352.98 -7124.92 8527.36 12329.6
3773.05 -1928.51 15386.4 15959.5 -1 1
3642.07 -681.315 6229.4 7248.83 1 1
-2176.45 -6121.54 5985.5 8834.46 -1 2
-2176.53 -1003.37 2541.86 3495.18 1 2
event 22
-4512.22 7905.68 -9219.1 13320.7
-2005.63 5438.35 30537.4 31236.6
-2610.3 2680.24 17900.2 18287.3 1 2
-639.155 4042.34 -3283.31 5247.89 -1 1
604.668 2758.11 12637.2 12949.3 -1 2
-3873.06 3863.34 -5935.79 8072.84 1 1
event 23
-10787 2979.96 -1402.6 11696
-4115.27 4161.26 -25856.6 26690.9
-1713.1 3082.42 -19382.6 19701.1 1 2
-5290.91 -123.396 -458.322 5313.21 -1 1
-2402.17 1078.84 -6473.91 6989.78 -1 2
-5496.08 3103.35 -944.282 6382.83 1 1
event 24
9675.3 -11268 -18556.7 23969.2
15049.6 2994.54 59156.6 61192.7
7608.11 141.368 25941.1 27034.3 -1 2
3151.89 -5934.7 -8906.41 11157.5 1 1
6523.41 -5333.26 -9650.34 12811.7 -1 1
7441.47 2853.17 33215.5 34158.5 1 2
event 25
2502.63 7961.43 22159.7 23880.7
-2492.24 8332 22146 23993.1
-2565.03 5896.33 12675.8 14213.9 1 2
2356.38 2510.99 8885.38 9529.89 -1 1
72.7898 2435.67 9470.19 9779.23 -1 2
146.244 5450.44 13274.3 14350.9 1 1
event 26
-4930.55 -2146.96 -22153.2 23005.9
-13131.1 3790.03 -33352.5 36176.9
-2125.78 -2602.65 -12057.2 12517.2 -1 1
-2804.76 455.695 -10095.9 10488.7 1 1
-9165.67 2261.92 -19133.1 21335.7 -1 2
-3965.38 1528.1 -14219.4 14841.2 1 2
event 27
1418.32 7049.05 1259.43 7929.56
-5655.36 -1767.25 2629.34 7184.11
69.9322 4325.81 2048.81 4788.14 -1 1
1348.39 2723.24 -789.378 3141.41 1 1
-4576.66 -14.898 1411.13 4790.46 -1 2
-1078.7 -1752.35 1218.21 2393.65 1 2
event 28
4635.86 -4944.87 6800.07 10088.4
7247.16 -3761.55 -236.034 8736.06
2831.83 -2318.8 -1442.85 3935.62 1 2
2515.95 -685.371 3150.64 4091.14 1 1
2119.91 -4259.5 3649.43 5997.24 -1 1
4415.33 -1442.74 1206.81 4800.44 -1 2
event 29
3470.76 4717.85 -16814.1 18072.3
-8534.45 -3626.34 -1513.57 9892.86
-3260.54 -205.863 465.762 3301.76 -1 2
45.5471 2560.99 -7069.6 7520.05 1 1
-5273.9 -3420.48 -1979.33 6591.1 1 2
3425.21 2156.86 -9744.47 10552.3 -1 1
event 30
-78.3594 6641.85 -22637.9 23794.7
6898.16 10788.7 -7783.1 15301.9
-852.721 3864.22 -8657.58 9519.67 -1 1
774.361 2777.63 -13980.3 14275 1 1
4236.84 6533.17 -6439.27 10104.9 -1 2
2661.31 4255.5 -1343.84 5197.01 1 2
event 31
4089 2699.75 -5228.72 7806.34
-12119.8 10409.9 34537.1 38179.3
3360.9 792.659 -4415.56 5606.45 -1 1
728.1 1907.09 -813.158 2199.89 1 1
-6835.12 7176.6 18517.8 21003.4 1 2
-5284.73 3233.26 16019.3 17175.9 -1 2
event 32
-3939.41 4848.64 26322.9 27230.8
6432.19 -7036.41 -23242.4 25311.8
-1267.56 3027.78 8417.44 9035.41 -1 1
-2671.85 1820.87 17905.5 18195.4 1 1
4520.98 -3164.57 -10583.8 11936.6 1 2
1911.21 -3871.84 -12658.6 13375.2 -1 2
event 33
8600.27 -795.807 -7503.12 11852.7
-1535.18 -7421.99 -16123.6 18083.3
4670.35 -738.847 -6007.93 7646.2 1 1
3929.92 -56.9604 -1495.19 4206.45 -1 1
296.304 -3305.18 -9568.82 10128.5 -1 2
-1831.49 -4116.81 -6554.78 7954.8 1 2
event 34
327.373 -6793.01 -3021.63 8060.59
-6468.76 1321.54 14184.3 16074
-1297.53 -3848.59 -2092.36 4569.95 1 1
1624.9 -2944.42 -929.267 3490.65 -1 1
-4727.92 -95.9121 12166.5 13053.7 -1 2
-1740.84 1417.45 2017.76 3020.3 1 2
event 35
2307.96 -9820.32 -21765.1 24188.3
3509.79 4972.48 26141.6 27018.9
2694.17 -5508.87 -11180.1 12752 -1 1
-386.22 -4311.44 -10585 11436.4 1 1
2669.82 2310.9 19443 19761.3 -1 2
839.972 2661.58 6698.67 7257.61 1 2
event 36
3615.71 -9318.57 -4696.74 11469.9
8046.43 -7288.17 401.155 11296.7
4604.72 -2099.43 225.263 5066.85 1 2
152.142 -4373.86 -2521.69 5052.12 1 1
3441.71 -5188.74 175.892 6229.81 -1 2
3463.57 -4944.71 -2175.05 6417.82 -1 1
event 37
4720.54 1952.19 11507.2 12965.4
-3891.46 -8986.68 -2751.31 10633.2
3856.36 88.2502 6615.2 7658.42 1 1
864.184 1863.94 4891.96 5306.94 -1 1
-1851.37 -5250.05 -8.83611 5567.93 -1 2
-2040.09 -3736.63 -2742.48 5065.25 1 2
event 38
-455.46 -5093.33 -10474.8 12060.8
1896.05 -9358.49 -38446.8 39735.7
-1780.08 -2792.05 -6121.41 6960.39 -1 1
1324.62 -2301.28 -4353.43 5100.4 1 1
807.566 -4746.48 -13276.3 14122.8 -1 2
1088.48 -4612.01 -25170.5 25612.9 1 2
event 39
6219.06 3553.86 11169 13625.1
7597.64 -5044.47 3158.99 10136.1
3953.9 1399.16 8631.88 9597.48 -1 1
2265.16 2154.7 2537.08 4027.61 1 1
5939.6 -2475.1 2920.22 7067.09 -1 2
1658.04 -2569.37 238.77 3069.03 1 2
event 40
-5359.41 3209.96 12840.9 14611.9
2729.75 -8241.72 20086.2 22100.3
1745.42 -2698.42 10513.7 10994.5 1 2
-1293.29 2272.83 3410.07 4298.61 1 1
984.335 -5543.3 9572.46 11105.9 -1 2
-4066.12 937.127 9430.81 10313.2 -1 1
event 41
2677.2 -4624.03 -8125.24 10205.8
5331.33 -7326.57 30794.1 32248.5
1796.57 -2725.94 -7218.1 7922.78 -1 1
880.632 -1898.09 -907.14 2283.05 1 1
2156.56 -4452.57 20697.3 21280.6 -1 2
3174.77 -2874.01 10096.8 10967.9 1 2
event 42
-266.759 -7720.66 -42865.2 43665.7
-18157.7 -9715.98 109521 111484
-1551.97 -4374.02 -27366.7 27757.7 -1 1
1285.21 -3346.65 -15498.5 15908 1 1
-10459.7 -6472.29 72041.9 73084.5 -1 2
-7697.94 -3243.7 37479.5 38399.3 1 2
event 43
17822 811.988 -47679.4 51002
-7360 -1851.79 -24713.7 26037.6
-4694.42 -1594.54 -11023.7 12087.7 1 2
8598.78 665.799 -18780.5 20666.4 1 1
-2665.58 -257.252 -13690 13949.9 -1 2
9223.24 146.189 -28898.9 30335.6 -1 1
event 44
-4166.77 -6413.17 -7884.15 11412.4
8388.56 11538.5 -3617.11 15039.2
-2216.72 -3344.85 -6242.99 7422.13 -1 1
-1950.05 -3068.32 -1641.16 3990.22 1 1
4694.01 8839.18 -2766.36 10384.1 1 2
3694.56 2699.28 -850.753 4655.19 -1 2
event 45
6401.07 3420.71 -40143.5 40911.7
1822.99 -5483.29 -17125.8 18337.8
2577.07 -3581.5 -13049.2 13775.4 1 2
2101.87 2763.24 -15216.3 15607.7 1 1
-754.079 -1901.79 -4076.65 4562.42 -1 2
4299.2 657.463 -24927.2 25304 -1 1
event 46
7884.79 -2244.42 29401.4 30679.6
8695.2 1537.42 3244.72 9903.86
5414.49 -493.777 1345.96 5602.08 1 2
3661.66 -1586.31 9166.45 9997.95 1 1
3280.72 2031.19 1898.76 4301.78 -1 2
4223.13 -658.116 20234.9 20681.6 -1 1
event 47
3550.99 3925.67 3393.74 7009.19
584.53 8844.48 -20121.5 22204.4
2831.76 1643.74 3242.78 4609.51 1 1
719.233 2281.93 150.959 2399.68 -1 1
1649.11 4588.42 -12372.1 13298.6 1 2
-1064.58 4256.06 -7749.47 8905.77 -1 2
event 48
2132.58 7785.88 12729.3 15388.1
-3123.83 -5655.56 13189.6 15142.5
2201.64 4784.61 5797.35 7833.27 -1 1
-69.0658 3001.27 6931.97 7554.85 1 1
-2201.55 -613.793 3525.06 4202.48 -1 2
-922.279 -5041.76 9664.5 10940 1 2
event 49
-5737.55 6390.18 6521 11219.1
6711.91 -4160.61 4032.26 9392.13
-3717.01 3255.16 1935.93 5307.66 1 1
-2020.54 3135.02 4585.07 5911.43 -1 1
4610.06 -3507.99 1402.43 5961.26 -1 2
2101.85 -652.621 2629.83 3430.87 1 2
