event 0
-4939.86 -4510.56 -8878.48 11539.7
3643.56 -6747.35 26686.4 27938.5
2179.39 -2943.84 7811.51 8628.26 1 2
-2101.02 -1323.48 -1213.2 2765.67 -1 1
-2838.83 -3187.08 -7665.29 8774.07 1 1
1464.17 -3803.5 18874.9 19310.2 -1 2
event 1
7466.42 19400.4 48892.2 53218.1
4724.4 -6393.54 1758.16 8710.73
4615.69 -4030.55 1618.23 6338.76 1 2
3134.88 7054.51 21919.2 23239.1 1 1
108.71 -2362.99 139.926 2371.98 -1 2
4331.54 12345.9 26973 29979 -1 1
event 2
4916.08 7749.93 7200.95 12069.5
-5785.83 6236 1308.35 9146.92
-1962.72 3802.96 1680.2 4598.81 1 2
978.101 1883.79 3495.29 4090.67 -1 1
3937.98 5866.14 3705.67 7978.87 1 1
-3823.12 2433.04 -371.85 4548.11 -1 2
event 3
7098 850.275 2536.96 8193.4
-11042.6 1675.38 -203.315 11592.2
4647.85 361.539 3139.14 5621.26 -1 1
2450.16 488.736 -602.18 2572.14 1 1
-6193.06 2460.66 -375.227 6675.39 1 2
-4849.5 -785.278 171.913 4916.81 -1 2
event 4
4278.45 -3055.86 11432.2 12958.7
-9218.83 -18427.5 -39429.4 44596.3
2262.47 -2900.96 4953.67 6171.25 -1 1
2015.98 -154.904 6478.48 6787.49 1 1
-4471.95 -12206.4 -23936.7 27239.2 -1 2
-4746.88 -6221.01 -15492.7 17357.1 1 2
event 5
-5022.99 10717.5 4242.04 12949.2
-3569.87 6815.45 -36810.8 37733.6
-427.021 3704.44 -13456.2 13963.7 1 2
-1688.88 1931.03 -156.74 2572.34 -1 1
-3334.11 8786.48 4398.78 10376.8 1 1
-3142.85 3111.01 -23354.6 23769.8 -1 2
event 6
9810.82 9819.42 -34609.2 37417.4
4755.01 6956.34 7461.95 11673.6
6108.34 7292.32 -26426.5 28086.7 1 1
3702.48 2527.1 -8182.7 9330.73 -1 1
600.36 3398.13 2275.25 4134.69 -1 2
4154.65 3558.21 5186.7 7538.9 1 2
event 7
-7320.2 4019.84 -11259.6 14356.7
-10621.3 -13019.3 -9175.89 19393.4
-5064.36 1574.86 -5117.59 7370.81 1 1
-2255.83 2444.99 -6142.01 6985.86 -1 1
-5311.02 -6712.88 -2924 9046.03 -1 2
-5310.3 -6306.44 -6251.89 10347.4 1 2
event 8
-1893.19 -8621.4 31550.6 32908.1
-10941.9 -5525 -37371.8 39452.4
-2716.21 -2973.22 -11638 12315.6 -1 2
860.249 -1813.46 6776.7 7068.49 1 1
-8225.66 -2551.78 -25733.7 27136.8 1 2
-2753.44 -6807.94 24773.9 25839.6 -1 1
event 9
9190.29 -2799.92 -26133.8 28015.4
8335.96 3322.25 789.684 9525.76
4675.52 -2416.05 -17355.2 18136 -1 1
4514.78 -383.873 -8778.53 9879.49 1 1
6197.11 3834.87 513.105 7306.5 -1 2
2138.85 -512.621 276.579 2219.26 1 2
event 10
-7769.03 2401.33 -2531.93 9062.31
4317.84 5387.91 -5867.21 9575.32
-4564.25 2940.18 -1287.7 5580.9 1 1
-3204.77 -538.852 -1244.23 3481.41 -1 1
2749.14 1672.12 -1275.8 3463.03 -1 2
1568.7 3715.79 -4591.4 6112.29 1 2
event 11
6288.27 3915.38 -6888.06 10578.8
7061.3 -12382.4 -12592.3 19270.3
3987.74 857.316 -2637.56 4858.49 1 1
2300.54 3058.07 -4250.5 5720.33 -1 1
5211.99 -7186.51 -9246.26 12818.6 1 2
1849.31 -5195.93 -3346 6451.71 -1 2
event 12
-1724.46 -6177.36 17882.7 19248.7
-7477.19 3391.47 -29785.2 31050.9
-2995.68 497.317 -15647.9 15940.2 1 2
857.288 -2320.16 6517.55 6971.92 -1 1
-4481.51 2894.15 -14137.3 15110.8 -1 2
-2581.75 -3857.21 11365.1 12276.8 1 1
event 13
9464.76 12565.5 -10700.8 19276.2
2366.35 7755.64 25191.2 26644.6
-256.583 4324.18 11575.2 12359.7 1 2
4150.78 6046.2 -6809.8 10008.5 -1 1
2622.94 3431.46 13616 14285 -1 2
5313.97 6519.32 -3890.99 9267.73 1 1
event 14
3692.17 -3524.1 5971.27 8443.85
5133.17 -10620.2 -876.443 12226.9
1632.9 -2847.53 1808.12 3749.03 -1 1
2059.26 -676.574 4163.16 4694.82 1 1
2130.18 -7607.43 -99.0804 7901.37 1 2
3002.99 -3012.78 -777.363 4325.53 -1 2
event 15
-17297.6 11561.1 -16126.4 26505.1
-6064.21 -2962.92 -17177.9 18714.3
-3458.64 -2819.34 -13381.9 14106.7 1 2
-5409.62 2180.16 -5381.28 7936.4 1 1
-2605.56 -143.583 -3795.94 4607.59 -1 2
-11888 9380.93 -10745.1 18568.7 -1 1
event 16
9983 5644.77 43415.7 45011.6
-6311.35 5118.25 16311.1 18484.4
-5680.24 2888.53 11744.9 13362.8 -1 2
3196.91 463.789 14816.7 15165.1 1 1
6786.09 5180.98 28599.1 29846.5 -1 1
-631.11 2229.73 4566.16 5121.62 1 2
event 17
-4896.09 2450.72 -10914.2 12597.2
8798.23 14234.8 44280.7 47480.6
-2478.6 1707.76 -2855.6 4150.37 1 1
-2417.49 742.965 -8058.59 8446.8 -1 1
3382.38 8862.82 25668.2 27365.2 -1 2
5415.85 5371.96 18612.5 20115.3 1 2
event 18
-3384.31 -4622.61 -3275.52 7289.86
-5435.54 8701.49 8618.43 13752.4
-944.722 -3083.41 -2973.16 4387.57 -1 1
-2439.59 -1539.2 -302.356 2902.29 1 1
-4354.3 4081.68 4672.86 7580.68 -1 2
-1081.24 4619.81 3945.57 6171.75 1 2
event 19
-6350.25 -1794 7555.64 10498.7
-9052.16 2717.75 2348.78 10219.3
-3811.22 -254.875 1615.64 4148.71 -1 2
-2001.31 -2093.63 2552.23 3861.81 -1 1
-5240.94 2972.62 733.147 6070.64 1 2
-4348.93 299.629 5003.41 6636.89 1 1
event 20
-1037.2 6040.44 13270.6 14942
764.56 10106.5 -16516.9 19624.6
789.791 4107.3 -9573.56 10447.9 1 2
1104.68 1837.78 3989.51 4530.47 -1 1
-25.2312 5999.24 -6943.33 9176.73 -1 2
-2141.87 4202.66 9281.1 10411.5 1 1
event 21
8865.21 -3877.67 -2421.39 10444.1
-6250.84 1974.81 18179.7 19572.1
4924.67 -3110.15 -2695.2 6418.78 -1 1
3940.54 -767.518 273.816 4025.3 1 1
-1325.47 1770.72 7271.99 7601.67 -1 2
-4925.37 204.083 10907.7 11970.4 1 2
event 22
-95.8696 6530.67 15907.1 17472.4
7890.2 9217.31 37792.6 39813.2
-1101.15 4197.54 7255.25 8454.69 1 1
1005.28 2333.13 8651.86 9017.76 -1 1
4009.99 6912.9 25092.1 26334.2 -1 2
3880.21 2304.4 12700.6 13479 1 2
event 23
-4184.24 7193.24 -7059.1 11343.4
4182.36 -9233.12 -3043.37 11027.1
-1295.12 4348.97 -2292.89 5085.21 -1 1
-2889.12 2844.28 -4766.2 6258.18 1 1
1596.04 -6998.67 -2034.75 7461.9 -1 2
2586.32 -2234.46 -1008.62 3565.15 1 2
event 24
3114.21 5702.65 -20487.7 21715.4
8783.32 -6014.36 -6289.32 12746.2
3099.02 2520.61 -10628.2 11354.6 -1 1
15.1915 3182.04 -9859.49 10360.8 1 1
5692.36 -3151.07 -2187.48 6865.01 1 2
3090.97 -2863.29 -4101.83 5881.22 -1 2
event 25
1849.18 -4485.82 -25538.6 26179.3
-1315.93 -23169.7 -10133 25511.5
2496.78 -2151.79 -13292.9 13695.8 -1 1
-647.594 -2334.03 -12245.8 12483.5 1 1
-803.339 -17822.1 -6336.33 18932.4 1 2
-512.59 -5347.57 -3796.66 6579.14 -1 2
event 26
-1970.36 3633.19 -8575.53 10010.7
10194.1 8961.55 26292.2 29750.6
-2589.19 1646.98 -5428.58 6236.75 1 1
618.833 1986.21 -3146.95 3773.92 -1 1
6516.37 6802.38 20461.3 22525.8 -1 2
3677.72 2159.17 5830.91 7224.83 1 2
event 27
-4027.48 -5621.57 -25412.9 26518.4
-24873.2 -13214.5 142173 144969
-2057.18 -4470.96 -13076.4 13972.3 1 1
-1970.3 -1150.61 -12336.5 12546.2 -1 1
-19688.8 -9246.72 105443 107663 -1 2
-5184.34 -3967.81 36730.6 37306.4 1 2
event 28
1444.69 -6983.21 20886.1 22286.2
14079.5 -14186.4 63844.6 67001.5
13420.5 -12126.5 58581.1 61310.1 1 2
-835.934 -3487.21 10259.2 10868.4 -1 1
658.926 -2059.93 5263.48 5691.48 -1 2
2280.62 -3496 10626.9 11417.8 1 1
event 29
27285.3 -1706.19 -97815.8 101612
7205.36 2008.72 10721.9 13435.1
3552.52 2518.34 5054.41 6672.38 1 2
10995.7 -1497.81 -34978.5 36696.8 -1 1
3652.84 -509.619 5667.48 6762.72 -1 2
16289.6 -208.38 -62837.2 64914.7 1 1
event 30
-3980.4 -6991.45 4273.73 9621.83
-6891.93 815.455 15257.5 17045.4
-1503.86 -4120.61 763.114 4453.6 1 1
-2476.54 -2870.84 3510.62 5168.23 -1 1
-4871.29 1690.49 8551.44 9986.27 -1 2
-2020.64 -875.035 6706.05 7059.11 1 2
event 31
11453 -7576.11 24631 28369.8
-2403.01 -4427.31 15718 16912.3
204.682 -3113.9 5988.92 6754.01 1 2
2874.79 -2852.25 9718.25 10528.8 -1 1
-2607.7 -1313.41 9729.03 10158.3 -1 2
8578.22 -4723.87 14912.8 17841.1 1 1
event 32
-3698.08 5076.69 -18932.6 20186.2
9626.95 -12568.8 25396.7 30087.1
-3169.19 1820.46 -8792.1 9522.08 -1 1
-528.884 3256.24 -10140.5 10664.1 1 1
8080.34 -8582.06 17376.7 20997.8 1 2
1546.61 -3986.77 8019.92 9089.37 -1 2
event 33
8261.19 -7795.1 -6817.79 13604.6
-6945.9 10658.5 -60979.3 62369.2
-3746.98 3571.59 -28957.2 29416.4 1 2
3274.72 -1472.36 -1206.23 3789.17 1 1
4986.47 -6322.74 -5611.56 9815.43 -1 1
-3198.93 7086.94 -32022.2 32952.8 -1 2
event 34
-1663.01 -6261.5 -13446.2 15243.5
2838.77 -11343.2 64758.4 65878.4
-1603.52 -3641.51 -10832.9 11541 -1 1
-59.4947 -2619.99 -2613.32 3702.5 1 1
3232.11 -7284.93 45505.5 46198.2 1 2
-393.347 -4058.23 19252.9 19680.2 -1 2
event 35
1025.95 6766.49 2998.39 8088.2
-13793.1 9752.47 -9440.58 19597.8
1525.1 4205.42 3150.3 5472.39 -1 1
-499.16 2561.07 -151.91 2615.81 1 1
-9278.71 8200.21 -6433.43 13954.9 -1 2
-4514.37 1552.26 -3007.15 5642.98 1 2
event 36
30.3189 16271.2 -33453.1 37329
-858.431 6378.72 7095.09 10067.6
-731.969 11446.3 -20591.6 23570.7 -1 1
762.288 4824.89 -12861.5 13758.3 1 1
963.733 4137.24 4355.83 6085.23 -1 2
-1822.16 2241.47 2739.26 3982.36 1 2
event 37
-16168.2 -6733.11 -66852.5 69178
859.607 8160.69 -39802.2 40757.2
-581.227 4935.61 -27977.1 28415.3 1 2
-8383.89 -2108.28 -36039.7 37062.2 -1 1
1440.83 3225.08 -11825.1 12341.9 -1 2
-7784.32 -4624.82 -30812.8 32115.8 1 1
event 38
2646.45 -7977.21 10845.6 14066.2
-4194.86 -7597.31 -15979.6 18446
-3184.74 -3150.25 -6146.87 7606.7 -1 2
2540.06 -2928.54 5268.26 6541.72 1 1
106.389 -5048.66 5577.33 7524.5 -1 1
-1010.12 -4447.06 -9832.77 10839.3 1 2
event 39
1821.59 6429.74 -6077.46 9549.09
10277.1 -2378.81 34324.4 36042.1
3791.97 483.313 14180.6 14687.1 1 2
-665.156 2020.17 -2798.6 3516.65 -1 1
6485.15 -2862.12 20143.8 21355 -1 2
2486.74 4409.57 -3278.86 6032.44 1 1
event 40
-381.779 -6390.72 -13775.3 15502.8
-6647.04 -14875.1 -23727.4 28948.8
1108.05 -4781.97 -9200.59 10428.7 1 1
-1489.83 -1608.74 -4574.67 5074.09 -1 1
-4539.06 -9036.33 -12116.9 15782.5 1 2
-2107.98 -5838.81 -11610.6 13166.3 -1 2
event 41
8007.89 902.861 -5999.57 10513.2
-12175.2 -14765.2 4956.07 20010
5411.36 1224.41 -5564.92 7858.85 1 1
2596.54 -321.551 -434.641 2654.33 -1 1
-7467.08 -7434.47 3887.36 11231.7 -1 2
-4708.14 -7330.69 1068.71 8778.32 1 2
event 42
-5170.6 -3283.58 -4152.09 8021.78
3171.65 -8674.86 -50570.6 51500.4
2419.02 -2406.82 -16458.2 16808.6 1 2
-550.65 -1936.48 -869.533 2195.55 -1 1
752.632 -6268.04 -34112.4 34691.8 -1 2
-4619.95 -1347.1 -3282.55 5826.23 1 1
event 43
17465.6 -13314 120872 122890
-10723.4 2497.59 -43282.4 44768.2
-7335.93 427.967 -24908.6 25970.2 -1 2
4805.36 -5483.34 40104.2 40761.7 -1 1
12660.3 -7830.65 80768 82128.4 1 1
-3387.5 2069.63 -18373.8 18798 1 2
event 44
-7306.22 -5541.32 -25816 27570.7
7546.12 -1269.59 3127 8827.5
3306.89 -1996.93 839.182 3954.57 1 2
-2976.52 -1646.22 -13854.3 14266.1 1 1
-4329.71 -3895.1 -11961.7 13304.6 -1 1
4239.23 727.341 2287.82 4872.92 -1 2
event 45
3124.88 9922.49 -6400.78 12600.8
-3505.08 3836.44 3610.17 7044.71
-1249.97 3560.4 2242.33 4390.68 1 2
2502.77 3618.61 -3546.53 5652.19 -1 1
-2255.12 276.041 1367.83 2654.03 -1 2
622.11 6303.88 -2854.26 6948.66 1 1
event 46
3851.26 4019.46 -3202.93 7405.03
4487.17 -7509.82 12461.1 15537.1
1084.12 3242.84 -2951.31 4518.04 1 1
2767.15 776.626 -251.62 2886.99 -1 1
3717.98 -3350.85 7494.42 9012.72 -1 2
769.186 -4158.97 4966.71 6524.42 1 2
event 47
1515.26 -7377.4 -1683.39 8315.3
-4206.64 -6898.75 -4141.34 9593.22
-4080.11 -4308.38 -2114.98 6300.3 1 2
1985.29 -2352.58 -884.512 3204.62 -1 1
-126.522 -2590.37 -2026.37 3292.92 -1 2
-470.036 -5024.82 -798.881 5110.69 1 1
event 48
11147.1 1388.66 -14748.2 18795.9
-4283.15 -5058.59 9252.07 11795.2
-1545.16 -4149.27 5554.39 7103.98 1 2
5147.01 1874.55 -5519.88 7777.27 1 1
-2737.99 -909.313 3697.68 4691.2 -1 2
6000.05 -485.898 -9228.29 11018.6 -1 1
event 49
13536.5 -15822.8 -100212 102399
3314.12 5001.25 -3387.77 7554.08
497.059 3458.24 -2188.08 4123.75 1 2
4296.28 -6796.06 -43230.3 43971.7 1 1
2817.06 1543.01 -1199.69 3430.32 -1 2
9240.17 -9026.78 -56981.5 58427.4 -1 1
event 50
932.243 7297.15 11863.1 14298.3
-14517.3 8542.09 30322.2 34824.5
-900.819 4679.33 7562.49 8939.24 1 1
1833.06 2617.82 4300.62 5359.07 -1 1
-7423.33 5651.34 18798.1 20986.2 -1 2
-7093.97 2890.75 11524.1 13838.3 1 2
event 51
5027.45 9389.96 -569.308 11106.8
7162.16 3390.35 37866.3 38810.3
4492.4 3690.06 25295.1 25954.8 -1 2
3120.21 3753.52 929.071 4969.8 1 1
1907.24 5636.44 -1498.38 6137.05 -1 1
2669.77 -299.71 12571.3 12855.6 1 2
event 52
-2709.71 -17161.6 -10463.7 20516.9
-12388.9 3375.08 1668.05 13313.5
-6914.31 472.721 1610.66 7115.93 1 2
-1099.31 -7848.32 -3004.25 8475.92 1 1
-5474.63 2902.36 57.3971 6197.55 -1 2
-1610.4 -9313.27 -7459.44 12041 -1 1
event 53
-7500.61 -196.964 554.153 8136.08
-3588.81 8275.93 -7750.01 12289.2
-4005.73 1306.69 914.849 4312.94 1 1
-3494.88 -1503.65 -360.696 3823.15 -1 1
-3344.42 5696.93 -6918.41 9566.38 -1 2
-244.394 2578.99 -831.606 2722.81 1 2
event 54
-5232.35 529.841 3101.82 6846.2
4183.32 -8866.02 42336.5 43566.9
-3640.87 -825.44 2928.51 4746.01 -1 1
-1591.48 1355.28 173.314 2100.19 1 1
3387.11 -3876.01 24041.5 24586.6 1 2
796.21 -4990.01 18295 18980.3 -1 2
event 55
-11734 -8053.62 46597.1 48820.4
-7930 4002.65 2962.7 9862.79
-5059.44 1705.81 3113.83 6181.81 -1 2
-4587.71 -2467.8 12620.9 13654.1 -1 1
-7146.32 -5585.82 33976.2 35166.3 1 1
-2870.56 2296.84 -151.127 3680.98 1 2
event 56
2671.91 6776.96 -7800.11 11113
7099.69 -2853.7 5617.69 9984.91
3824.88 68.3823 3092.33 4920.16 1 2
2432.28 2690.06 -2460.64 4383.87 -1 1
3274.82 -2922.09 2525.37 5064.75 -1 2
239.627 4086.9 -5339.47 6729.14 1 1
event 57
-2977.6 -5541.14 16733 18142.6
-7120.62 8218.74 4732.7 12257.2
-3315.87 1778.29 989.887 3892.09 -1 2
-489.132 -2010.41 9449.19 9673.64 -1 1
-3804.75 6440.45 3742.81 8365.12 1 2
-2488.46 -3530.73 7283.83 8468.99 1 1
event 58
-12349.2 1254.23 -8760.64 15505.4
-1066.13 -5088.51 226.203 6055.7
-1015.87 -3039.01 -1338.79 3474.35 1 2
-4815.19 -219.279 -1812.88 5150.91 1 1
-50.2586 -2049.51 1565 2581.35 -1 2
-7534.04 1473.51 -6947.76 10354.5 -1 1
event 59
4896.68 6289.57 -27537.4 28834.6
-6504.98 4135.03 721.611 8338.24
-3536.98 686.111 1106.82 3770.57 -1 2
2606.57 1316.69 -7136.28 7711.38 -1 1
2290.11 4972.88 -20401.1 21123.2 1 1
-2968 3448.92 -385.21 4567.67 1 2
event 60
5722.83 2534.71 -17890.9 19205.5
-19957.8 -18612.1 -24901.9 37073.2
4425.94 633.245 -13846.5 14550.8 1 1
1296.89 1901.47 -4044.38 4654.64 -1 1
-13147.8 -14094.3 -18073.8 26423.3 -1 2
-6810.06 -4517.73 -6828.1 10649.9 1 2
event 61
-6902.83 154.187 11776.2 13998
-11053.6 1785.03 20519.5 23664.4
-3744.03 1571.7 4545.97 6096.32 1 2
-2132.76 1417.02 4954.12 5577.73 -1 1
-7309.53 213.324 15973.5 17568.1 -1 2
-4770.07 -1262.83 6822.08 8420.23 1 1
event 62
-7081.26 354.662 -21923.6 23248.8
-2647.85 6485.42 -6425.54 9997.51
-3195.17 4047.07 -4379.38 6765.94 1 2
-2835.96 -995.539 -5973.16 6687.57 1 1
547.31 2438.36 -2046.16 3231.57 -1 2
-4245.3 1350.2 -15950.5 16561.2 -1 1
event 63
7413.06 -3038.82 -26771.3 28115.5
1938.3 -19818.7 82637.3 85059.1
5031.42 -1489.95 -12388.6 13454.5 1 1
2381.64 -1548.87 -14382.7 14661 -1 1
1892.06 -10738.7 39581.2 41055.8 1 2
46.2354 -9080.01 43056.1 44003.3 -1 2
