event 0
-9132.14 -6530.3 -1806.82 11785.4
-6037.43 6450.64 8968.57 12964.9
-4051.12 -4771.14 -751.028 6304.8 1 1
-5081.02 -1759.17 -1055.79 5480.63 -1 1
-2958.83 1949.27 1854.92 4000.78 -1 2
-3078.61 4501.37 7113.65 8964.12 1 2
event 1
299.172 5324.34 2230.9 6557.9
-491.108 -11490.2 22713 25646.4
1625.88 3622.73 1111.57 4124.86 1 1
-1326.71 1701.61 1119.33 2433.04 -1 1
-1667.46 -7145 12698.1 14665.7 -1 2
1176.35 -4345.22 10014.9 10980.6 1 2
event 2
-6182.11 -5577.68 -25839.8 27324.3
635.285 -6281.32 8055.55 10693.1
-2760.16 -4104.91 -17571.7 18255 1 1
-3421.95 -1472.77 -8268.14 9069.29 -1 1
1497.73 -1926.35 3956.44 4649.58 -1 2
-862.448 -4354.97 4099.11 6043.47 1 2
