event 0
-7658.41 657.797 3251.04 8901.85
7505.6 -7923.31 -1223.07 11410.5
-4621.97 1548.65 899.532 4957.95 1 1
-3036.44 -890.85 2351.51 3943.9 -1 1
5049.37 -6695.08 -1858.35 8589.81 -1 2
2456.24 -1228.23 635.279 2820.71 1 2
event 1
689.448 7397.01 -2080.3 8313.24
-7312.3 4484.19 7868.38 12045
-386.744 4206.04 -2513.6 4916.27 1 1
1076.19 3190.97 433.297 3396.97 -1 1
-4867.34 4371.16 4780 8102.94 -1 2
-2444.96 113.03 3088.38 3942.06 1 2
event 2
-283.991 -10311.9 -32296.7 34045.3
13779.7 124.114 -53848.4 55669.9
-378.394 -5975.51 -23297.8 24055.1 -1 1
94.403 -4336.38 -8998.92 9990.23 1 1
10576.8 -511.732 -36011.4 37536.1 -1 2
3202.88 635.846 -17837.1 18133.8 1 2
