event 0
3512.86 9795.48 40298.2 41735.2
-11504.8 -6258.11 39631.5 41854.1
-3637.89 -1998.12 8456.73 9420.94 1 2
2611.75 2994.92 13542.3 14113.7 -1 1
-7866.87 -4259.99 31174.7 32433.2 -1 2
901.112 6800.56 26755.8 27621.5 1 1
event 1
-4789.36 5239.96 -6901.44 10373.8
8572.26 3541.76 -19548 21857.3
3047.52 288.736 -3992.71 5032.26 -1 2
-2752.73 896.974 -3179.6 4301.52 -1 1
5524.74 3253.02 -15555.3 16825.1 1 2
-2036.63 4342.98 -3721.84 6072.28 1 1
event 2
-10797 -5154.34 -16924.8 20956.7
-5352.2 7702.92 5761.65 11435.4
-2212.88 3920.3 1046.22 4622.92 1 2
-2663.09 -538.942 -5918.63 6513.36 -1 1
-8133.88 -4615.4 -11006.2 14443.3 1 1
-3139.32 3782.61 4715.42 6812.48 -1 2
event 3
-2899.79 -7933.36 -12264.8 15210.6
5214.46 -3907.13 -3997.13 8486.81
-2269.12 -3749.09 -4043.77 5963.87 1 1
-630.678 -4184.27 -8221.04 9246.76 -1 1
2309.62 -2521.95 -88.264 3422.5 -1 2
2904.83 -1385.18 -3908.87 5064.3 1 2
event 4
-6475.84 -7276.63 -10141.8 14399.1
-151.655 5016.4 -23567.6 24294.2
-4364.71 -2797.69 -6102.43 8008.03 -1 1
-2111.13 -4478.94 -4039.41 6391.07 1 1
-1558.85 3147.09 -15521.9 15914.6 -1 2
1407.19 1869.31 -8045.71 8379.68 1 2
event 5
-7980.01 -1461.04 1268.65 8775.86
5185.35 2652.61 -3717.33 7571.9
2723.64 3039.18 -2018.24 4554.03 -1 2
-3692.42 -1215.65 2070.64 4405.74 1 1
-4287.59 -245.393 -801.993 4370.12 -1 1
2461.71 -386.562 -1699.09 3017.86 1 2
event 6
-3833.72 -3776.34 17676 18734.8
-7356.35 -2160.37 -8544.47 11890.4
-2830.42 -997.274 -1307.29 3275.06 -1 2
-2041.42 -30.5787 5326.11 5705 1 1
-4525.93 -1163.09 -7237.18 8615.38 1 2
-1792.3 -3745.76 12349.9 13029.8 -1 1
event 7
754.686 7948.31 8540.14 12094.2
-662.538 -4072.85 -6185.85 8300.01
-1123.47 4353.51 4212.01 6161.77 -1 1
1878.16 3594.8 4328.13 5932.45 1 1
1276.42 -2996.73 -4240.96 5348.51 -1 2
-1938.96 -1076.12 -1944.89 2951.5 1 2
event 8
5321.25 -8042.49 14208.7 17449.2
-9389.7 12754.7 22021.7 27302
3423.21 -4361.9 5525.96 7828.92 1 1
1898.04 -3680.59 8682.72 9620.3 -1 1
-5502.67 7292.87 15216.7 17748.9 1 2
-3887.03 5461.87 6805.07 9553.07 -1 2
event 9
7611.07 712.564 4694.87 9490.45
7489.98 -2369.61 -1875.02 8649.96
2596.36 -2387.68 -488.479 3562.57 1 2
3197.79 -772.351 724.478 3370.23 1 1
4893.62 18.0694 -1386.54 5087.39 -1 2
4413.28 1484.91 3970.39 6120.22 -1 1
event 10
8678.27 -14221 5679.53 17871.6
-5134.52 14282 -67730.1 69478.8
-1115.38 7622.08 -32712.7 33607.6 1 2
1414.52 -5050.56 1765.37 5535.04 1 1
7263.75 -9170.44 3914.16 12336.6 -1 1
-4019.14 6659.93 -35017.4 35871.1 -1 2
event 11
39.1695 -6423.68 10054.4 12326.7
-164.434 -12556.5 5649.8 14114
880.563 -3942.52 632.801 4090.29 1 2
1471.42 -2526.84 4903.1 5709.78 -1 1
-1045 -8613.98 5017 10023.7 -1 2
-1432.25 -3896.85 5151.29 6616.92 1 1
event 12
-10124.3 -8204.38 23432 26990.2
7059.24 -9411.25 15497.6 19702.1
1478.87 -4398.81 5359.64 7090.38 -1 2
-1915.69 -3204.41 5574.1 6709.68 1 1
-8208.63 -4999.97 17857.9 20280.5 -1 1
5580.37 -5012.45 10137.9 12611.7 1 2
event 13
1767.27 5146.97 5141.43 8101.84
-8950.56 1105.74 27199.6 28822.7
2382.96 3067.6 2264.39 4497.48 -1 1
-615.694 2079.36 2877.05 3604.36 1 1
-4766.79 -268.966 10216.4 11277.4 -1 2
-4183.78 1374.71 16983.3 17545.3 1 2
event 14
-11406.5 -3779.38 -6946.18 14220.8
-7188.14 -2212.48 17608.7 19396.5
-5097.8 -2760.57 10881.8 12330.2 -1 2
-3304.08 138.397 -2692.59 4265.83 1 1
-8102.39 -3917.78 -4253.59 9954.99 -1 1
-2090.34 548.084 6726.92 7066.3 1 2
event 15
-5726.95 965.214 7139.55 9710.23
-7216.87 -3729.01 1297.43 8789.93
-3151.99 1598.92 2384.83 4264.99 1 1
-2574.96 -633.71 4754.72 5445.24 -1 1
-3186.99 -3192.52 -28.8142 4512.33 1 2
-4029.88 -536.492 1326.25 4277.6 -1 2
event 16
-4482.31 -11142.4 -8612.05 15099.7
5728.63 2167.48 10550.7 12586.7
3518.36 152.814 7634.09 8407.9 1 2
-3471.33 -4761.78 -4774.32 7584.85 -1 1
2210.27 2014.67 2916.65 4178.78 -1 2
-1010.98 -6380.62 -3837.73 7514.9 1 1
event 17
-226.567 6691.72 -1282.46 7487.71
-2803.63 -6274.81 -7718.55 10788.9
-2570.28 -2058.88 -3770.62 5007.4 -1 2
-68.6016 2190.65 -1947.44 2933.83 -1 1
-157.966 4501.06 664.982 4553.89 1 1
-233.35 -4215.93 -3947.94 5781.51 1 2
event 18
3141.78 6010.2 4575.33 8972.97
-8435.75 379.885 -7602.64 11777
-4156.81 -791.201 -5283.59 6769.98 -1 2
-23.7193 2874.2 472.124 2914.73 -1 1
3165.49 3136.01 4103.21 6058.25 1 1
-4278.94 1171.09 -2319.05 5006.99 1 2
event 19
1346.16 -11440.9 8055.96 14394.3
9855.29 -1730.32 -10367.5 14737.6
3629.46 -1348.8 -2181.6 4445.53 1 2
-261.152 -2472.75 3248.19 4092.02 -1 1
1607.31 -8968.15 4807.78 10302.3 1 1
6225.83 -381.521 -8185.91 10292.1 -1 2
event 20
1593.03 -8203.92 -23875.4 25484.7
-4817.03 -755.696 -31291 31819.7
-3007.55 1043.75 -19131.9 19395.3 1 2
2299.3 -3746.47 -11574.3 12381.3 1 1
-1809.48 -1799.44 -12159.1 12424.4 -1 2
-706.273 -4457.45 -12301.1 13103.3 -1 1
event 21
-1600.63 -9716.98 -15108.8 18298.9
-6648.39 -2071.74 -1466.21 7760.99
-5338.4 -212.25 -1069.67 5449.67 1 2
-2279.8 -4450.5 -7744.58 9219.23 -1 1
-1310 -1859.49 -396.541 2311.32 -1 2
679.17 -5266.48 -7364.19 9079.62 1 1
event 22
-5200.32 -1639.41 -311.197 6278.48
-1562.35 18244.8 21158.8 28153.2
-3007.09 439.812 -953.732 3186.97 -1 1
-2193.23 -2079.22 642.535 3091.51 1 1
-2384.25 10116.1 11462.5 15473.2 1 2
821.897 8128.64 9696.38 12680 -1 2
event 23
-6539.65 -1974.51 6788.2 10116.1
-7129.21 -723.873 -8481.09 11526.9
-4221.32 203.53 3086.9 5234.61 1 1
-2318.32 -2178.04 3701.3 4881.52 -1 1
-4629.24 -1066.46 -7367.12 8766.57 -1 2
-2499.97 342.588 -1113.98 2760.31 1 2
event 24
1504.79 -4991.59 -12024.8 13467.5
8238.07 -12975.4 27194.9 31390.7
2287.61 -2314.54 -6976.58 7698.96 -1 1
-782.817 -2677.05 -5048.26 5768.49 1 1
6048.34 -8708.17 21276.8 23772.4 1 2
2189.73 -4267.19 5918.05 7618.29 -1 2
event 25
-7338.83 -1393.17 9387.6 12390.2
-2762.7 -21086.7 82707.3 85453.9
-5689.95 -240.447 5069.27 7625.09 -1 1
-1648.88 -1152.72 4318.33 4765.16 1 1
-1917.54 -14268.1 49934.6 51968.5 1 2
-845.155 -6818.66 32772.7 33485.3 -1 2
event 26
-6181.04 -5110.26 11007.6 13967
-5055.45 -4073.96 -776.785 7235.3
-4738.11 -1957.76 6656.48 8402.52 1 1
-1442.93 -3152.5 4351.12 5564.51 -1 1
-1167.32 -2075.65 905.617 2549.96 -1 2
-3888.13 -1998.3 -1682.4 4685.34 1 2
event 27
-11403.1 -1957.34 -32968.8 35077
-4010.58 7889.26 -6659.71 11500.8
-1892.84 3687.43 -1250.64 4330.74 1 2
-3255.46 -1218.19 -6490.4 7363.32 1 1
-8147.65 -739.15 -26478.4 27713.7 -1 1
-2117.74 4201.83 -5409.07 7170.03 -1 2
event 28
6336.22 -4219.89 14190.4 16398.6
-7795.68 2571.54 4618.57 9915
-6338.09 925.907 4238.77 7681.6 1 2
3204.21 -1662.78 9723.73 10372.7 -1 1
-1457.59 1645.63 379.798 2233.4 -1 2
3132.01 -2557.11 4466.67 6025.83 1 1
event 29
-8001.67 -2976.27 13272.9 16082.5
-36863 -13490.8 -27959.1 48292.7
-4480.98 -882.494 4562.74 6456.6 1 1
-3520.7 -2093.78 8710.2 9625.9 -1 1
-27477.9 -11246.8 -21966.2 36933 -1 2
-9385.17 -2244.09 -5992.94 11359.7 1 2
event 30
-3912.81 -6522.81 1233.27 8304.78
-1261.61 -9244.66 -9446.75 13634
-1823.78 -4320.26 -3289.77 5729.28 -1 2
-1403.14 -2168.74 1935.22 3229.32 -1 1
-2509.66 -4354.07 -701.954 5075.46 1 1
562.162 -4924.4 -6156.97 7904.76 1 2
event 31
-13021 5946.59 46982.5 49252.9
3667.41 3173.75 2330.29 6208.42
-6943.16 3293.54 19008 20502.9 1 1
-6077.85 2653.05 27974.5 28750 -1 1
1664.63 3223.03 2090.13 4187.93 -1 2
2002.78 -49.2796 240.155 2020.49 1 2
event 32
-20597.4 -11987.5 71700.3 75620.6
-6199.68 -6844.1 18864.2 21230.3
-3356.72 -3175.37 12689.7 13505.2 -1 2
-3754.62 -1191.63 14339.9 14871.5 1 1
-16842.8 -10795.9 57360.4 60749.1 -1 1
-2842.97 -3668.72 6174.48 7725.11 1 2
event 33
-5762.51 -6379.75 -28230.7 29672.7
-3561.88 -4421.48 5274.68 8345.63
-3559.1 -2108.36 3640.5 5511.51 -1 2
-1627.99 -3249.24 -7996.5 8784.25 1 1
-4134.52 -3130.51 -20234.2 20888.5 -1 1
-2.78279 -2313.12 1634.18 2834.12 1 2
event 34
-689.525 -6797.58 -6750.37 10091.6
-3227.63 16571.4 24253.1 29712.5
-155.076 3407.46 7059.06 7840.68 -1 2
1185.28 -1991.9 -1746.03 2903.85 1 1
-3072.56 13163.9 17194.1 21871.8 1 2
-1874.8 -4805.68 -5004.33 7187.76 -1 1
event 35
-2267.75 -10974 -15095.9 19053.8
5000.22 -2059.61 1208.09 6347.81
-389.735 -5753.98 -9868.88 11430.9 -1 1
-1878.02 -5220.04 -5227 7622.89 1 1
3296.41 145.253 1324.08 3556.93 -1 2
1703.81 -2204.86 -115.994 2790.87 1 2
event 36
5068.09 7186.04 -1087.44 9386.22
-9677.51 5881.9 -12960.1 17487.3
-8422.57 4167.14 -9110.04 13088.5 1 2
1832.35 2958.38 1068.04 3641.62 1 1
-1254.94 1714.76 -3850.1 4398.83 -1 2
3235.74 4227.66 -2155.48 5744.6 -1 1
event 37
8169.78 7660.39 54603.8 55826.4
-6483.61 -1781.29 -16869.9 18422.6
-3409.34 -1642.51 -5750.83 6885.11 1 2
2649.37 4295.21 27731.2 28186.8 1 1
-3074.27 -138.776 -11119 11537.5 -1 2
5520.41 3365.18 26872.6 27639.6 -1 1
event 38
4427.42 10372 -29154.9 31413
13432.2 -6033.22 39902.8 42645.6
5741.7 -3205.7 21885.6 22852.4 1 2
700.859 3640.38 -6457.88 7447.08 -1 1
7690.53 -2827.52 18017.2 19793.1 -1 2
3726.56 6731.57 -22697 23966 1 1
event 39
-2296.56 -9124.15 19712.2 22060.9
-8352.19 -2036.13 16821.6 19143.2
-5900.88 -1915.14 8899.71 10849.2 1 2
491.061 -4174.88 9065.23 9993.01 -1 1
-2451.31 -120.99 7921.93 8294.08 -1 2
-2787.62 -4949.27 10647 12067.9 1 1
event 40
5826.48 -14133.9 23441.3 28156.7
-1540.84 -7852.95 6868.81 10991.6
-84.2873 -3904.06 1537.03 4197.91 1 2
1309.48 -2498.44 6733.68 7301.41 -1 1
4517 -11635.4 16707.6 20855.3 1 1
-1456.55 -3948.89 5331.77 6793.69 -1 2
event 41
-8595.48 -2620.97 -22486.2 24412.5
1412.53 8063.59 -3322.87 9362.11
1189.65 3079.83 110.515 3305.15 -1 2
-2130.37 543.891 -3860.07 4443.6 -1 1
-6465.12 -3164.86 -18626.1 19968.9 1 1
222.878 4983.76 -3433.38 6056.96 1 2
event 42
3687.93 -5781.32 2150.03 7825.48
9577.47 -2149.73 -39709.5 41021.8
3993.22 -501.08 -10673.4 11407.5 1 2
2894.74 -1696.6 818.178 3455.22 -1 1
5584.24 -1648.65 -29036.1 29614.3 -1 2
793.189 -4084.73 1331.85 4370.26 1 1
event 43
-6088.79 8274.67 5486.22 12051.3
2323.37 4462.35 4161.36 7226.25
953.232 2854.81 579.823 3066.91 1 2
-1634.96 4431.96 1550.98 4973.13 -1 1
1370.14 1607.54 3581.54 4159.33 -1 2
-4453.83 3842.71 3935.24 7078.16 1 1
event 44
6661.47 2284.35 632.265 7719.05
4995.53 -7538.29 -8410.81 12732.3
445.873 -3320.42 -2826.65 4384.65 1 2
2857.08 -370.495 -539.656 2933.02 1 1
4549.66 -4217.87 -5584.16 8347.68 -1 2
3804.39 2654.84 1171.92 4786.04 -1 1
event 45
-6310.25 12608.7 52330.1 54284.7
7679.06 3192.72 15312.5 17698.2
-4601.95 8903.83 31419.6 32979.6 -1 1
-1708.3 3704.86 20910.5 21305.1 1 1
2296.63 2502.77 6812.79 7613.38 -1 2
5382.43 689.952 8499.74 10084.8 1 2
event 46
-8454.28 -1965.61 6033.03 11014.8
-8792.75 -3402.36 27185.8 28940.4
-5129.68 -646.248 1808.42 5478.39 -1 1
-3324.61 -1319.36 4224.61 5536.44 1 1
-6352.36 -3237.47 16449.3 17928.3 -1 2
-2440.39 -164.889 10736.5 11012.1 1 2
event 47
-5116.15 5955.68 4399.94 9518.18
-5924.3 -4500.39 -29002.5 30101.3
-3473.2 -1190.39 -9897.95 10557.5 1 2
-2338.46 2071.98 157.563 3130.09 -1 1
-2777.69 3883.71 4242.38 6388.09 1 1
-2451.1 -3310 -19104.5 19543.8 -1 2
event 48
5631.54 -851.748 -2425.07 6921.82
-11999.9 559.655 -15171.8 19598
3608.54 -299.031 117.389 3624.35 1 1
2023 -552.718 -2542.46 3297.47 -1 1
-6330.29 -805.383 -9627.37 11550.7 1 2
-5669.59 1365.04 -5544.41 8047.31 -1 2
event 49
2274.34 -7994.21 10235.5 13543.9
5042.93 1666.15 9633.26 11427.9
4019.68 -82.2011 7312.61 8345.66 1 2
2435.68 -3582.1 6182 7549.32 -1 1
1023.26 1748.35 2320.65 3082.27 -1 2
-161.338 -4412.11 4053.54 5994.59 1 1
