event 0
-7020.42 5650.32 4648.94 10602.6
4578.1 -4052.07 -10914.8 12888
-3670.93 4499.21 3857.16 6971.91 -1 1
-3349.49 1151.1 791.775 3630.73 1 1
493.63 -2207.99 -4785.43 5294.38 -1 2
4084.47 -1844.08 -6129.36 7593.67 1 2
event 1
-6444.59 -5171.75 -6876.92 11187.6
-4470.65 -5638.98 -8959.06 11901.3
-781.209 -3458.56 -4024.82 5364.92 -1 2
-2326.67 -1502.14 -4258.67 5081.07 1 1
-4117.91 -3669.61 -2618.25 6106.52 -1 1
-3689.44 -2180.41 -4934.24 6536.37 1 2
event 2
-11027.3 -3243.02 15898.4 19861.2
-4128.43 -8244.12 -3671.14 10396
-1919.54 -6669.34 -3190.17 7638.92 -1 2
-4133.67 311.366 5435.09 6836.34 -1 1
-6893.62 -3554.39 10463.3 13024.9 1 1
-2208.88 -1574.78 -480.97 2757.1 1 2
event 3
5128.8 -5304.41 1180.56 8088.63
-366.812 8947.96 -2921.49 9915.99
914.705 3761.11 -2379.13 4544.68 -1 2
941.169 -1997.55 1609.45 2734.5 1 1
-1281.52 5186.84 -542.357 5371.31 1 2
4187.63 -3306.86 -428.89 5354.12 -1 1
