event 0
71.7426 8783.97 -2046.58 9536.37
1465.11 6049.11 -5028.14 8579.71
-1466.44 5064.21 -1421.2 5461.47 1 1
1538.18 3719.76 -625.377 4074.91 -1 1
1964.3 1866.51 -1607.07 3152.17 -1 2
-499.184 4182.6 -3421.07 5427.54 1 2
event 1
6116.31 -2049.34 -5931.68 9294.34
-608.086 -14573 -5028.59 15735.9
3615.3 -302.505 -1532.23 3939.64 -1 1
2501.01 -1746.84 -4399.45 5354.7 1 1
-1165.21 -7779.44 -4052.06 8849.16 1 2
557.119 -6793.53 -976.524 6886.74 -1 2
event 2
4310.3 394.924 808.83 5383.3
7733.27 -7924.68 4966.09 12524.2
2861.97 -1042.23 1248.4 3293.45 1 1
1448.34 1437.16 -439.573 2089.85 -1 1
5440.14 -3733.57 1980.81 6889.81 -1 2
2293.13 -4191.1 2985.29 5634.44 1 2
event 3
-4724.2 6249.1 -14771.9 17005
2360.49 4168.45 2309.86 6154.24
153.375 3188.01 759.848 3282.6 1 2
-1227.66 3835.29 -5622.84 6916.94 1 1
2207.11 980.447 1550.02 2871.64 -1 2
-3496.54 2413.82 -9149.09 10088.1 -1 1
event 4
11190.9 4706.32 -18558.2 22391.6
7703.83 -4153.76 -10363.2 13913.6
6006.53 2811.26 -12787.3 14405.1 1 1
5184.42 1895.05 -5770.86 7986.46 -1 1
3533.77 -236.375 -4392.75 5643.65 -1 2
4170.06 -3917.39 -5970.4 8269.96 1 2
event 5
-8356.73 2100.31 30675.2 32012.6
7162.17 -331.196 -218.165 7813.08
3401.51 1228.23 -782.412 3701.64 1 2
-3232.09 -643.815 12664.6 13086.8 1 1
-5124.64 2744.13 18010.6 18925.7 -1 1
3760.66 -1559.43 564.247 4111.44 -1 2
event 6
17466.7 3475.02 76432.5 78540.9
-2967.03 5335.81 -9940.11 12069.4
-1110.67 3290.53 -7911.28 8640.64 1 2
5819.79 154.152 20420.5 21234.5 -1 1
-1856.35 2045.28 -2028.83 3428.78 -1 2
11646.9 3320.87 56012 57306.5 1 1
event 7
-6535.74 -3751.28 874.041 8194.03
7602.25 -1360.57 47733 48452.8
2571.48 -1983.84 18273.5 18560.2 1 2
-1936.51 -1785.77 -1044.96 2835.87 -1 1
5030.77 623.269 29459.5 29892.6 -1 2
-4599.23 -1965.51 1919 5358.16 1 1
event 8
-1240.01 -12540.2 -4930.68 13881.5
-6492.19 -2802.47 12559.7 14742.4
-3331.49 -2099.27 4109.76 5692.72 1 2
225.684 -4597.95 -3237.41 5628.86 1 1
-3160.71 -703.191 8449.93 9049.7 -1 2
-1465.7 -7942.25 -1693.26 8252.63 -1 1
event 9
-6313.67 2603.71 1329.53 7615.79
1843.59 7183.66 -17972.4 19687.6
477.6 3052.86 -11346.9 11760.6 -1 2
-2635.65 235.136 -776.056 2759.6 -1 1
-3678.01 2368.58 2105.59 4856.19 1 1
1365.99 4130.8 -6625.5 7927.04 1 2
event 10
5426.64 7895.09 12126.1 15761.2
6171.01 -1254.55 -10098.9 12297.7
2716.2 6179.75 7096.26 9794.65 -1 1
2710.43 1715.34 5029.85 5966.52 1 1
2077.88 -634.754 -6348.14 6710.48 -1 2
4093.12 -619.794 -3750.79 5587.25 1 2
event 11
-4487.89 6989.06 -8822.38 12506.5
-8226.2 -2244.06 23998.2 25655.6
-2865.74 -2310.38 8807.19 9546.1 1 2
-2827.5 1856.88 -4261.54 5441.93 1 1
-1660.4 5132.18 -4560.84 7064.61 -1 1
-5360.47 66.3188 15191 16109.5 -1 2
event 12
-7043.63 491.348 -29183.7 30185
-1919.37 -13068.4 -13063.8 18834
251.856 -4095.49 -5702.45 7026.06 1 2
-2952.13 1059.44 -7836.76 8441.77 1 1
-2171.22 -8972.87 -7361.36 11807.9 -1 2
-4091.5 -568.094 -21346.9 21743.2 -1 1
event 13
-1407.81 -7155.66 -6858.52 10479.3
-1881.6 9447.77 45462.9 46575.4
-585.169 3453.49 10255.9 10838 1 2
161.051 -3311.16 -1351.62 3581.58 -1 1
-1296.43 5994.28 35207 35737.3 -1 2
-1568.86 -3844.5 -5506.9 6897.72 1 1
event 14
14004.6 2990.83 3955.09 15175.9
4936.3 -10016.2 1114.24 11641.5
3358.27 -4119.41 1501.84 5523.97 1 2
4567.02 -118.384 270.832 4577.8 -1 1
9437.58 3109.21 3684.26 10598.1 1 1
1578.02 -5896.82 -387.604 6117.52 -1 2
event 15
-3185.16 6348.62 -398.544 7758.84
6831.05 6014.52 -5674.41 11163.7
2709.32 2301.38 -527.236 3595.27 1 2
-2129.4 1445.63 597.796 2644.37 -1 1
4121.73 3713.14 -5147.17 7568.4 -1 2
-1055.76 4902.99 -996.34 5114.47 1 1
event 16
8129.01 6829.65 6224.55 12691
-7896.66 97.6181 22225.5 23789.3
-4405.93 -1115.13 14987.9 15662.2 -1 2
2577.55 3734.37 3681.88 5844.37 -1 1
5551.45 3095.28 2542.67 6846.59 1 1
-3490.73 1212.75 7237.62 8127.13 1 2
event 17
-11681.6 7800.66 -50128.8 52151.7
-359.848 7381.68 3621.07 8793.33
-7814.48 3534.22 -32038.6 33166.9 1 1
-3867.12 4266.44 -18090.2 18984.8 -1 1
-1238.83 4221.38 3290.34 5494.74 -1 2
878.979 3160.31 330.735 3298.59 1 2
event 18
5595.28 -10348.3 -63117.2 64278.8
-1481.47 6494.31 2726.43 7835.52
-1518.96 4293.58 3218.32 5577.71 1 2
1202.94 -5168.29 -24432.2 25002 1 1
37.4911 2200.73 -491.884 2257.81 -1 2
4392.34 -5180.02 -38685 39276.8 -1 1
event 19
-7726.9 3474.74 18156.6 20273.9
4697.16 -4514.53 -28355.5 29258.6
3889.36 -1683.78 -17984.2 18477.1 -1 2
-3162.84 -159.937 6983.02 7668.3 1 1
-4564.06 3634.68 11173.5 12605.6 -1 1
807.804 -2830.75 -10371.3 10781.5 1 2
event 20
734.105 10740.6 -16990.7 20351.3
8296.07 12354.6 -66527.4 68241.8
2689.07 5470.86 -21521.3 22368.2 1 2
-546.545 3939.87 -4059.29 5684.21 -1 1
5606.99 6883.74 -45006.1 45873.6 -1 2
1280.65 6800.75 -12931.5 14667.1 1 1
event 21
460.707 5138.91 5297.85 8017.41
-5295.48 -11826.4 -33523.7 36074
-81.671 3080.54 1036.79 3253.07 1 1
542.378 2058.37 4261.07 4764.34 -1 1
-2307.57 -7629.16 -17223.7 18978.8 1 2
-2987.91 -4197.25 -16300.1 17095.3 -1 2
event 22
6743.71 3537.85 -4526.45 9384.73
-6067.13 -6244.35 24343.2 26038.1
2758.49 3189.68 -2256.52 4783.97 1 1
3985.22 348.177 -2269.93 4600.76 -1 1
-3003.27 -4651.97 11923.3 13146.8 -1 2
-3063.86 -1592.39 12419.9 12891.4 1 2
event 23
-329.05 -4682.51 -4738.48 7353.79
-3098.97 -9989.08 26943.6 29067.8
970.512 -3027.58 -1566.53 3545.88 -1 1
-1299.56 -1654.93 -3171.96 3807.91 1 1
-3333.97 -5654.03 16349 17617.7 1 2
234.999 -4335.05 10594.6 11450.1 -1 2
event 24
-3740.69 19382.1 -27767.6 34209.5
117.822 5014.59 -12857.5 14144.5
-2515.08 14148.7 -22392.7 26607.4 -1 1
-1225.61 5233.4 -5374.92 7602.07 1 1
1526.33 3471.83 -8662.84 9457.24 -1 2
-1408.51 1542.76 -4194.68 4687.28 1 2
event 25
-2551.45 6260.46 1737.35 7636.24
8283.53 -9694.66 -7463.64 15096.3
-716.201 4360.5 -92.3012 4421.15 -1 1
-1835.25 1899.96 1829.66 3215.09 1 1
3785.3 -6223.57 -3036.19 7892.45 -1 2
4498.24 -3471.09 -4427.45 7203.89 1 2
event 26
-5392.59 -552.48 -2837.69 6857.77
-11701.2 11023.8 -19450.5 25423.5
-3110.61 517.088 -2968.43 4331.97 1 1
-2281.98 -1069.57 130.739 2525.8 -1 1
-8428.46 7151.99 -11180.8 15723 -1 2
-3272.78 3871.85 -8269.66 9700.55 1 2
event 27
-1263.49 -8371.03 2979.64 9494.19
5656.26 2423.28 23730.7 24710.3
39.7492 -4718.68 3040.15 5614.38 -1 1
-1303.24 -3652.35 -60.5138 3879.81 1 1
1840.91 835.99 3346.56 3911.32 -1 2
3815.35 1587.29 20384.1 20799 1 2
event 28
5788.1 -1968.69 -12494.1 14250.3
8538.85 -3819.84 33555.8 34972.7
3604.13 -860.947 -10349.6 10993.5 -1 1
2183.97 -1107.74 -2144.45 3256.78 1 1
4735.36 -2055.32 23797.3 24350.9 -1 2
3803.49 -1764.52 9758.58 10621.7 1 2
event 29
-2363.21 11659.9 1350.19 12367.4
-3656.52 4497.94 16139.3 17426.2
-1135.74 3273.09 6249.35 7146.23 1 2
-2094.57 5103.19 -523.401 5542.1 1 1
-2520.78 1224.85 9889.97 10279.9 -1 2
-268.639 6556.71 1873.59 6825.26 -1 1
event 30
6179.2 5971.91 20841.6 22755.4
820.937 5186.14 13138.4 14483.7
3028.56 3161.34 14413.2 15063.8 1 1
3150.63 2810.57 6428.31 7691.57 -1 1
1992.03 3326.22 7852.51 8758.14 -1 2
-1171.09 1859.92 5285.85 5725.57 1 2
event 31
-1986.51 -8430.41 -5218.35 10575.5
-4175.93 4497.3 23363.3 24353.6
-2237.35 -3991.4 -3668.91 5865.93 -1 1
250.832 -4439.01 -1549.44 4709.52 1 1
-277.697 2242.95 9957.22 10211 -1 2
-3898.23 2254.36 13406.1 14142.6 1 2
event 32
-4986.14 6637.03 20810.2 22617.8
814.039 17779.1 -54011.1 56952.2
-1059.39 3368.2 -10474.7 11054.3 -1 2
-2008.98 1135.63 3338.74 4060.05 1 1
1873.42 14410.9 -43536.4 45897.9 1 2
-2977.16 5501.4 17471.4 18557.8 -1 1
event 33
-89.8012 18343.5 -35349.5 39945.9
-312.82 -7744.72 -4081.79 9291.4
1245.52 -4209.43 -2849.97 5234.89 1 2
-139.503 8866.41 -20412.5 22255.7 -1 1
-1558.34 -3535.29 -1231.82 4056.51 -1 2
49.7015 9477.1 -14937 17690.2 1 1
event 34
-6755.05 -7064.66 27649.2 29489.2
-3819.29 3553.75 -478.206 6085.39
-1121.8 3051.89 192.206 3258.93 1 2
-2614.28 -3802.34 9078.07 10184 1 1
-2697.49 501.861 -670.411 2826.47 -1 2
-4140.77 -3262.32 18571.2 19305.1 -1 1
event 35
-1920.6 3533.48 2572.25 5690.44
-7005.53 9040.95 6744.07 13634.1
35.3657 3006.96 1189.46 3235.59 1 1
-1955.96 526.518 1382.8 2454.85 -1 1
-5363.95 4809.22 5002.56 8771.4 1 2
-1641.58 4231.73 1741.5 4862.75 -1 2
event 36
4939.54 -893.421 -5948.52 8376.79
19002.3 -9006 -7550.31 22556.4
3190.88 -1968.03 -3108.89 4871.47 1 1
1748.66 1074.6 -2839.63 3505.32 -1 1
11894.2 -5040.22 -3125 13291.1 1 2
7108.03 -3965.79 -4425.31 9265.32 -1 2
event 37
1435.08 4221.46 -10002.4 11380.7
-3954.16 -11039 5135.29 13170.3
-515.781 3162.31 -5823.41 6647.51 -1 1
1950.86 1059.16 -4179.02 4733.19 1 1
-3453.44 -5065.95 2512.67 6626.83 1 2
-500.714 -5973 2622.63 6543.45 -1 2
event 38
-5795.13 -7181.4 6516.49 11713.7
-2069.56 -8796.68 19527.9 21739.3
-489.188 -6922.81 16014.5 17453.9 1 2
-1343.06 -3695.92 3681.32 5387.66 -1 1
-1580.37 -1873.87 3513.46 4285.38 -1 2
-4452.06 -3485.47 2835.17 6326.04 1 1
event 39
-4869.44 1192.84 -27093.9 27727.4
26219.7 -11808 137334 140346
-3013.45 1953.4 -21156.8 21459.7 1 1
-1855.99 -760.557 -5937.12 6267.67 -1 1
15095.7 -6196.51 84718.2 86275.5 1 2
11124 -5611.45 52615.6 54070.7 -1 2
event 40
3123.14 13713.8 13126.5 19486.4
-3430.16 2558.06 -1021.21 5379.93
-1242.4 2792.7 -357.268 3079.2 1 2
-133.591 4435.69 5334.36 6939.72 1 1
-2187.76 -234.634 -663.943 2300.72 -1 2
3256.73 9278.09 7792.18 12546.7 -1 1
event 41
7663.68 -526.459 35783.1 36729.2
-1612.42 12153.3 -717.483 12665.3
-1874.75 3438.48 -426.915 3940.97 1 2
3075.84 -1183.02 9912.69 10446.7 -1 1
262.328 8714.87 -290.568 8724.3 -1 2
4587.84 656.565 25870.4 26282.5 1 1
event 42
4356.11 9002.8 -13443.2 17156.2
-2794.79 4489.01 12240.4 13688.7
3023.6 5043.28 -4936.3 7678.22 1 1
1332.52 3959.52 -8506.91 9477.98 -1 1
-1174 3236.97 10317.5 10877.5 -1 2
-1620.79 1252.03 1922.88 2811.26 1 2
event 43
-3408.69 6585.96 -27511.4 28661.2
3053.86 -12263.4 45319.8 47150.8
-3617.82 3862.85 -18806.7 19537.5 1 1
209.13 2723.11 -8704.64 9123.65 -1 1
539.638 -6496.04 27167.5 27938.8 -1 2
2514.22 -5767.39 18152.3 19212 1 2
event 44
1811.96 20029.2 -44165.4 48668.5
6125.85 -501.15 1683.79 7085.45
2267.27 15352.9 -30573.6 34287.2 -1 1
-455.302 4676.3 -13591.8 14381.3 1 1
3394.65 -1565.51 75.9498 3740.51 -1 2
2731.2 1064.36 1607.84 3344.94 1 2
event 45
-2577.91 -14849.6 39933 42794.8
5545.26 5032.5 -1459.07 8233.92
3474.98 1479.61 234.245 3785.6 1 2
-1757.97 -3276.92 11458.4 12047.2 -1 1
-819.945 -11572.7 28474.6 30747.6 1 1
2070.27 3552.89 -1693.31 4448.32 -1 2
event 46
6611.91 -2687.82 -5945.09 9791.67
3084.49 6758.41 15606.2 17559.5
2865.09 2683.75 8523.43 9384.63 -1 2
2569.38 -1163.48 -544.091 2874.47 -1 1
4042.53 -1524.34 -5401 6917.2 1 1
219.394 4074.65 7082.78 8174.83 1 2
event 47
-10445.2 -8943.44 -10831.4 17776.3
-4766.16 -3654.44 21329.1 22373.9
-1837.05 -2763.78 14713.8 15083.8 1 2
-4727.31 -3720.83 -2859.59 6661.87 -1 1
-2929.11 -890.65 6615.27 7290.12 -1 2
-5717.84 -5222.6 -7971.84 11114.4 1 1
event 48
-2210.24 -6150.95 22462.9 23598.6
-6576.25 -7436.81 -2974.08 10816.2
-199.764 -3534.01 15401.6 15803.4 1 1
-2010.48 -2616.95 7061.32 7795.12 -1 1
-3042.41 -4925.25 -2907.08 6478.94 -1 2
-3533.84 -2511.56 -66.9944 4337.24 1 2
event 49
3783.25 3395.38 -9105.89 10878.9
-4103.08 -10702.1 -1965.84 12034.4
3518.15 1170.78 -5619.43 6733.3 -1 1
265.105 2224.6 -3486.46 4145.56 1 1
-2351.9 -6621.2 328.305 7034.96 1 2
-1751.17 -4080.9 -2294.14 4999.46 -1 2
event 50
-8865.65 -3825.55 -21445.6 23722.2
7252.52 -934.853 11319.2 13827.1
4375.89 -1660.92 5025.17 6868.08 1 2
-3791.86 -2845.11 -12790.3 13640.9 -1 1
2876.63 726.068 6294.02 6959.02 -1 2
-5073.79 -980.444 -8655.36 10081.2 1 1
event 51
-846.966 -5570.58 -3252.5 7205.46
8565.7 -7662.8 970.211 11942.4
583.753 -3465.4 -3042.15 4649.26 -1 1
-1430.72 -2105.18 -210.347 2556.2 1 1
4113.32 -5691.18 808.411 7069.2 1 2
4452.37 -1971.62 161.8 4873.22 -1 2
event 52
4311.42 6179.45 11722.7 14275.4
5328.76 -4629.05 1482.17 7849.3
2170.96 -3899.78 800.257 4535.74 -1 2
510.422 3381.32 4702.04 5815 1 1
3801 2798.12 7020.66 8460.37 -1 1
3157.8 -729.269 681.911 3313.56 1 2
