event 0
-129.994 10728.7 -22540.9 25155.6
-5212.53 3532.75 14747 16331.5
883.886 6037.81 -9853.95 11590.9 -1 1
-1013.88 4690.89 -12687 13564.8 1 1
-2955.19 3089.99 6594.97 7860.41 -1 2
-2257.33 442.762 8152.06 8471.06 1 2
event 1
-8881.75 -4540.03 -13083.2 16740.9
6691.82 10554.6 -24192.6 27405.4
4551.48 4435.86 -12996.6 14467.7 1 2
-1429.31 -1866.84 -4397.84 4988.01 -1 1
-7452.44 -2673.19 -8685.31 11752.9 1 1
2140.34 6118.78 -11196 12937.6 -1 2
event 2
-5893 -3347.65 -33113.6 33941.6
-2824.33 -7934.17 -27556.1 28980.3
-2715.13 -3134.45 -13807.4 14417.1 1 2
-1948.55 -615.028 -4707.52 5132.93 1 1
-109.201 -4799.72 -13748.7 14563.2 -1 2
-3944.45 -2732.62 -28406.1 28808.7 -1 1
event 3
343.874 6608.91 -20486.4 21750.4
4369.82 11698.6 -4540.6 13644.1
997.316 4008.35 -8294.83 9266.98 -1 1
-653.442 2600.55 -12191.6 12483.4 1 1
2152.67 8026.44 -4272.82 9344.83 -1 2
2217.15 3672.16 -267.785 4299.23 1 2
event 4
-2113.21 -9343.3 -9986.65 14180.5
-110.836 7464.6 22436.6 23847.9
1279.44 5081.01 13030.5 14044.9 -1 2
-716.786 -3968.44 -2138.69 4565.9 1 1
-1396.43 -5374.86 -7847.96 9614.62 -1 1
-1390.27 2383.59 9406.12 9803.09 1 2
event 5
230.971 -10635.5 5357.73 12307
-5308.43 -1755.36 -13913.6 15311.4
-3095.59 -498.057 -11012.9 11451 1 2
674.927 -4917.03 907.319 5046.49 -1 1
-2212.83 -1257.3 -2900.76 3860.44 -1 2
-443.956 -5718.44 4450.41 7260.51 1 1
event 6
-8086.07 366.213 7506.37 11465.4
-8057.6 -4193.09 -32273.9 33670.6
-4400.59 -1172.76 -19985.8 20498.4 1 2
-2151.6 -908.936 3436.85 4156.76 1 1
-5934.46 1275.15 4069.52 7308.63 -1 1
-3657.01 -3020.33 -12288.1 13172.1 -1 2
event 7
3263.35 5255.38 23506.8 24585.1
6887.32 -8028.27 -43901.3 45263.8
1777.05 -3237.37 -10372.2 11010.6 1 2
-378.771 2023.96 10406.4 10608.7 1 1
5110.27 -4790.9 -33529.1 34253.2 -1 2
3642.12 3231.43 13100.4 13976.4 -1 1
event 8
1751.16 -14974.2 -936.232 15419.5
-2000.84 -4683.91 -4820.05 7665.86
-2302.84 -2429.07 -1573.29 3699.98 1 2
1952.1 -4872.44 -826.03 5314.59 -1 1
302.002 -2254.84 -3246.77 3965.88 -1 2
-200.94 -10101.8 -110.202 10104.9 1 1
