event 0
5582.32 -3049.11 524.028 7093.98
-12603.5 9210.56 -58786.7 60902.8
4079.28 -842.7 -572.519 4205.9 -1 1
1503.04 -2206.41 1096.55 2888.07 1 1
-7142.94 7062.25 -37306.9 38635.6 -1 2
-5460.53 2148.31 -21479.8 22267.1 1 2
event 1
12506 17472.5 -73766.1 76894.2
-4784.28 -3373.89 -138.094 6624.38
-2281.64 -3425.84 -101.869 4118.72 1 2
1995.98 4610.91 -19939.4 20563 -1 1
-2502.64 51.9501 -36.2243 2505.67 -1 2
10510 12861.6 -53826.7 56331.2 1 1
event 2
-2432.19 -4867.89 -6034.6 8695.92
962.102 -11378.9 13594.8 18022.6
-427.153 -4074.69 -3803.77 5591.55 -1 1
-2005.03 -793.196 -2230.83 3104.37 1 1
1943.03 -5879.06 6303.61 8836.59 1 2
-980.926 -5499.89 7291.17 9186.04 -1 2
event 3
8366.57 1309.79 3004.4 9504.33
-8985.31 2887.15 35968.9 37315.2
-3664.7 948.955 9112.26 9867.87 1 2
1712.45 1593.59 548.491 2405 1 1
6654.12 -283.801 2455.91 7099.33 -1 1
-5320.61 1938.2 26856.7 27447.3 -1 2
event 4
8239.27 -6672.64 -1541.5 11152.4
-5707.03 2383.38 -8718.02 11128.7
4552.4 -3538.91 717.07 5811.5 1 1
3686.88 -3133.73 -2258.57 5340.94 -1 1
-3570.76 -177.681 -4685.83 5894.92 -1 2
-2136.27 2561.07 -4032.19 5233.78 1 2
event 5
3645.18 -8715.67 -2838.2 10339.1
-8719.92 -6532.1 3689.58 11912.6
-4900.64 -1825.71 1249.6 5377.93 -1 2
650.096 -4103.61 -14.0554 4156.15 1 1
-3819.29 -4706.39 2439.98 6534.66 1 2
2995.08 -4612.06 -2824.14 6182.92 -1 1
event 6
-1555.05 -9003.24 16676 19265.4
-12055 -2258.43 -545.366 12661.4
-5690.38 -63.9582 -1434.84 5869.79 -1 2
802.049 -3124.41 6884.83 7603.76 -1 1
-6364.6 -2194.47 889.476 6791.63 1 2
-2357.1 -5878.83 9791.13 11661.6 1 1
event 7
7640.09 -6229.96 -3477.94 10902.8
-18691.9 4694.23 3295.86 19795.9
4795.42 -1981.51 -2162.99 5622.47 -1 1
2844.67 -4248.45 -1314.95 5280.32 1 1
-11600.2 3108.8 536.009 12022 1 2
-7091.68 1585.43 2759.85 7773.9 -1 2
