event 0
-11154.9 1068.39 10676.3 15910.5
1060.71 5487.44 4979.48 8100.83
1652.02 3079.13 4271.59 5519.77 1 2
-4357.44 2151.53 5159.88 7088.86 1 1
-591.31 2408.31 707.896 2581.07 -1 2
-6797.43 -1083.14 5516.44 8821.59 -1 1
event 1
-313.089 17238.7 -8278.91 19375.3
-2871.4 -5607.63 20187.4 21373.2
-1307.83 14313.2 -6224.18 15663 -1 1
994.737 2925.52 -2054.73 3712.31 1 1
-1653.3 -1724.98 3818.06 4505.29 -1 2
-1218.1 -3882.65 16369.3 16867.9 1 2
event 2
328.781 -4646.46 -1972.87 5931.36
11093.8 5701.33 23727.9 26984.9
1690.48 -2882.15 -1423.98 3633.65 1 1
-1361.7 -1764.31 -548.89 2297.71 -1 1
5914.06 3274.19 9592.9 11735.9 1 2
5179.77 2427.14 14135 15249 -1 2
event 3
5631.83 -317.922 2848.58 7037.31
8516.66 14703.6 1580.47 17344.2
3267.73 -384.244 3261.67 4634.16 1 1
2364.1 66.322 -413.091 2403.16 -1 1
3414.78 8016.74 1929.45 8925.4 1 2
5101.89 6686.85 -348.979 8418.8 -1 2
event 4
-5526.68 -1532.82 -1404.12 6667.56
-8331.02 4974.44 -5402.72 11529.6
-2994.82 -2197.79 -45.8243 3716.52 -1 1
-2531.86 664.976 -1358.29 2951.04 1 1
-4076.48 3176.43 -1251.23 5318.28 -1 2
-4254.54 1798.01 -4151.49 6211.28 1 2
event 5
6448.87 -7964.25 52005.1 53095.5
13267.7 12283.2 55018 57995.5
5263.29 -4135.4 32960.8 33633.8 1 1
1185.58 -3828.85 19044.2 19461.8 -1 1
9064.78 6348.02 32639.1 34464.3 1 2
4202.88 5935.21 22378.9 23531.2 -1 2
event 6
6972.53 3384.86 -682.339 8374.36
-6428.39 -5506.87 10025.2 13481.3
-3331.71 -1520.86 5974.58 7008.57 -1 2
1690.95 2341.32 282.797 2903.83 -1 1
5281.58 1043.54 -965.137 5470.53 1 1
-3096.68 -3986.01 4050.67 6472.77 1 2
event 7
-3335.63 6861.67 16604.3 18533.9
-6261.45 -10033.8 10474.4 16099.3
-2985.95 3462.27 11639.3 12505.5 -1 1
-349.684 3399.4 4965.06 6028.36 1 1
-4020.87 -7688.6 5909.1 10498.1 -1 2
-2240.58 -2345.18 4565.28 5601.16 1 2
event 8
5500.63 -28.8504 -1117.04 6410.71
-349.188 14262.6 15550 21329.2
3637.34 -938.526 -1875.95 4200.17 1 1
1863.29 909.675 758.912 2210.54 -1 1
849.381 9599.74 11736.1 15186.3 1 2
-1198.57 4662.87 3813.88 6142.94 -1 2
event 9
-3409.51 -10891.8 32170.5 34275.2
7280.35 2854.1 10468 13428.3
4181.52 3044.15 5356.12 7446.55 -1 2
414.655 -3263.26 8814.32 9408.73 -1 1
-3824.16 -7628.58 23356.2 24866.5 1 1
3098.83 -190.054 5111.85 5981.73 1 2
event 10
-9442.21 3661.89 10561.6 14956.7
422.721 -5202.9 31674.4 32250.7
-5272.06 2661.03 8054.09 9987.75 -1 1
-4170.15 1000.86 2507.56 4968.99 1 1
1763.77 -2957.69 17232.6 17573.6 -1 2
-1341.05 -2245.21 14441.8 14677.1 1 2
event 11
3021.04 4876.85 -15969.8 17364.7
-24773.3 -24834 -94548.8 100894
751.738 4237.16 -11969.8 12720.3 -1 1
2269.3 639.689 -4000.01 4644.37 1 1
-14096.9 -14355.3 -58529.7 61891.3 -1 2
-10676.4 -10478.7 -36019 39002.2 1 2
event 12
-132.481 -9174.31 40598 41736.9
3631.7 -6949 -3549.28 9147.01
3719.94 -3995.66 -2548.03 6025.52 -1 2
-486.78 -3177.62 8643.61 9222.65 -1 1
354.299 -5996.69 31954.4 32514.3 1 1
-88.2419 -2953.34 -1001.25 3121.49 1 2
event 13
2698.31 6447.04 -10908.8 13320.6
14089.2 -3596.49 -16971 22562
469.941 4294.69 -7876.61 8984.29 -1 1
2228.37 2152.35 -3032.21 4336.32 1 1
7778.97 -2428.43 -11689.4 14250 1 2
6310.19 -1168.06 -5281.68 8312.05 -1 2
event 14
7134.65 -1592.54 19557.2 21107.2
-7533.43 28.0115 -21235.2 22743.8
-5582.44 719.074 -11673.6 12960.1 1 2
3078.67 -1388.43 12653.8 13097.2 1 1
-1950.98 -691.063 -9561.62 9783.64 -1 2
4055.98 -204.119 6903.38 8010.02 -1 1
event 15
9035.2 6964.26 -45.2944 11820.6
5136.72 2747.48 -13050.3 14623.2
3452.33 1272.64 -10947.8 11550.1 1 2
2751.53 3971.91 373.619 4847.45 -1 1
1684.39 1474.85 -2102.48 3073.1 -1 2
6283.66 2992.34 -418.914 6973.18 1 1
event 16
-17955.2 -17736.1 20860.5 32889.3
-14382 11900.6 22064.3 29067
-8026.96 4712.57 11510.1 14803.1 1 2
-5418.77 -3474.34 5397.8 8401.28 -1 1
-12536.4 -14261.7 15462.7 24488.1 1 1
-6355.06 7188 10554.2 14263.8 -1 2
event 17
-1835.29 -11863.9 8314.18 14927.7
2426.49 -15708.7 1431.27 16257
698.506 -5589.75 -962.035 5715.75 1 2
-1739.6 -2785.54 1740.43 3718.29 1 1
1727.98 -10118.9 2393.31 10541.2 -1 2
-95.6948 -9078.32 6573.74 11209.4 -1 1
event 18
6612.77 1970.01 1760.55 7765.46
4487.29 4078.17 177.837 6811.01
3415.5 2356.08 1844.74 4542.13 -1 1
3197.28 -386.062 -84.1888 3223.33 1 1
4124.93 1921.58 568.212 4587.1 -1 2
362.358 2156.59 -390.375 2223.9 1 2
event 19
-7660.15 -3583.94 13380.5 16129.2
952.925 -8264.27 3914.53 9701.55
1717.51 -3935.51 2918.94 5193.21 1 2
-1819.65 -2375.18 3716.76 4772.64 1 1
-5840.5 -1208.75 9663.75 11356.6 -1 1
-764.582 -4328.76 995.593 4508.34 -1 2
event 20
-8361.92 -561.773 -6597.97 11106.8
480.568 7467.55 -40394.9 41198.7
1679.82 2705.77 -16084.3 16397 -1 2
-2580.48 -466.142 -443.602 2661.6 1 1
-5781.44 -95.6312 -6154.37 8445.22 -1 1
-1199.26 4761.78 -24310.6 24801.8 1 2
event 21
4736.25 -3626.2 -4494.1 8085.14
8469.72 -5408.64 -23973.3 26178.2
2296.58 -2547.2 -793.135 3521.75 -1 1
2439.67 -1079 -3700.97 4563.39 1 1
5034.31 -1843.18 -14991.2 15921.4 1 2
3435.41 -3565.46 -8982.08 10256.9 -1 2
event 22
-1348.37 -13012.9 476.914 13600.1
4969.63 -4410.49 10289.2 12633.6
3473.11 -2977.41 4239.1 6237.68 1 2
-300.978 -5241.92 1985.38 5614.38 -1 1
1496.52 -1433.08 6050.07 6395.92 -1 2
-1047.4 -7770.93 -1508.47 7985.68 1 1
event 23
-5905.02 -776.861 9900.04 11961.4
2341.19 -8445.34 3113.97 9802.74
-285.31 -3187.78 2122.08 3841.58 1 2
-1519.97 -1380.76 1811.68 2740.46 1 1
2626.5 -5257.55 991.89 5961.16 -1 2
-4385.06 603.897 8088.36 9220.96 -1 1
event 24
-6660.29 -5518.23 -12827.4 15777.9
5911.41 -1009.49 7361.46 9987.31
-2923.32 -3852.76 -8765.59 10011.8 1 1
-3736.98 -1665.47 -4061.81 5766.13 -1 1
3469.3 -1683.88 2794.46 4763.58 -1 2
2442.11 674.393 4567 5223.73 1 2
event 25
7108.46 8209 -54377.8 55537.8
5095.51 5200.23 -36286.5 37139
3232.1 1225.53 -13707.6 14137.1 -1 2
2279.84 948.836 -9200.21 9526.44 -1 1
4828.61 7260.16 -45177.6 46011.4 1 1
1863.41 3974.69 -22578.8 23001.9 1 2
event 26
8292.25 552.761 37608 38639.7
5782.03 3421.96 -9376.59 11943.8
3213.21 125.764 -4005.76 5137.88 1 2
2565.78 240.273 6248.84 6760.19 -1 1
5726.46 312.489 31359.2 31879.5 1 1
2568.82 3296.19 -5370.83 6805.93 -1 2
event 27
-6688.54 2054.57 -22974 24214.7
4946.71 -6415.44 -11787.6 14634.4
2458.6 -2071.12 -7013.35 7715.73 -1 2
-1839.6 1956.32 -6297.06 6846.56 -1 1
2488.1 -4344.31 -4774.28 6918.72 1 2
-4848.93 98.2535 -16676.9 17368.2 1 1
event 28
9070.29 3051.58 387.154 10065.9
-3989.29 -3370.97 -135.619 6073.46
4802.42 3205.54 461.182 5793.32 1 1
4267.86 -153.957 -74.0278 4272.59 -1 1
-1828.47 -3209.57 -845.465 3790.86 -1 2
-2160.82 -161.397 709.846 2282.59 1 2
event 29
9630.95 3119.24 -44645.2 45883.3
6431.96 17329.3 17502.5 25643.7
6753 770.923 -31348.9 32077.4 1 1
2877.96 2348.32 -13296.3 13805.8 -1 1
3178.42 10887.6 8919.62 14429.5 1 2
3253.55 6441.71 8582.85 11214.2 -1 2
event 30
-7427.59 -445.168 -3757.69 8892.6
6753.7 3022.53 9872.28 12720.1
-3724.69 -1723.65 -2337.74 4724.46 -1 1
-3702.9 1278.48 -1419.95 4168.15 1 1
5824.82 1166.96 7436.01 9518.18 -1 2
928.88 1855.57 2436.26 3201.95 1 2
event 31
-8975.91 8732.39 -13032.5 18337.4
4016.08 -3391.41 2767.61 6699.18
-5097.04 6615.54 -7256.12 11063.8 -1 1
-3878.87 2116.86 -5776.42 7273.57 1 1
3149.87 -957.206 651.047 3357.52 -1 2
866.206 -2434.2 2116.57 3341.66 1 2
event 32
-4765.1 3266.89 -1829.77 6805.73
7904.63 1018.13 -5297.11 10058.3
-3590.61 828.527 -308.866 3699.39 1 1
-1174.49 2438.36 -1520.9 3106.34 -1 1
4307.05 -941.502 -3244.71 5475.08 1 2
3597.57 1959.64 -2052.4 4583.25 -1 2
event 33
26121.6 -5868.74 -19129.9 33050.3
-2087.34 4686.59 15851.9 16946.9
14734.5 -2266.94 -12022.8 19152.1 -1 1
11387.1 -3601.8 -7107.13 13898.2 1 1
-230.085 3093.37 5561.15 6368.62 -1 2
-1857.26 1593.23 10290.8 10578.2 1 2
event 34
-5161.35 384.673 24500 25231.4
-263.848 11242.5 -38700 40419.6
-3563.49 -1154.41 13557.1 14065.5 -1 1
-1597.86 1539.09 10942.8 11166 1 1
-1514.27 7087.82 -26368 27346.2 1 2
1250.42 4154.68 -12332 13073.4 -1 2
event 35
-2830.68 6828.8 17163.5 18942.6
2618.05 -7236.34 4941.24 9655.49
2277.94 -1976.03 1629.32 3429.22 -1 2
-1602.11 1458.41 7619.11 7921.85 1 1
-1228.57 5370.39 9544.41 11020.8 -1 1
340.105 -5260.31 3311.92 6226.27 1 2
event 36
5840.25 -1112.63 1687.15 6912.53
1748.23 16435.8 66060.9 68167.6
1096.83 3055.69 9429.88 9973.67 -1 2
1556.51 -1779.84 602.288 2442.22 1 1
651.399 13380.1 56631 58194 1 2
4283.74 667.208 1084.86 4470.31 -1 1
event 37
-14824 -2884.51 -1136.55 15458.1
-4068.12 7204.44 -5421.22 10365
-557.498 3894.12 -3099.37 5009.22 -1 2
-2658.93 -1532.67 491.496 3109.93 -1 1
-12165.1 -1351.84 -1628.05 12348.2 1 1
-3510.62 3310.31 -2321.85 5355.82 1 2
event 38
-9225.94 -7191.18 -38173.3 40045.3
-2322.72 5771.39 -2256.82 7306.69
-440.746 4481.51 -739.682 4564.7 1 2
-3265.69 -4393.02 -18968 19742.3 1 1
-1881.98 1289.88 -1517.14 2741.99 -1 2
-5960.25 -2798.16 -19205.3 20303 -1 1
event 39
-8653.9 6147.62 9653.01 14678.4
4516.45 5684.47 2722.35 8349.48
-4917.64 3967.5 7614.17 9895 -1 1
-3736.25 2180.12 2038.84 4783.36 1 1
1982.77 519.091 185.092 2060.64 -1 2
2533.68 5165.38 2537.26 6288.84 1 2
event 40
6946.33 -4922.36 -12721.2 15617.3
-3810.58 -4777.83 -35437.4 36093.6
-3558.09 -2073.85 -22454.6 22829.4 -1 2
2129.33 -2667.03 -3044.25 4574.47 1 1
4817 -2255.33 -9676.94 11042.8 -1 1
-252.485 -2703.98 -12982.9 13264.3 1 2
event 41
4034.07 -2199.63 -11938.7 13161.9
-4154.63 15554.2 21915.5 27369.2
1891.49 -2660.62 -6009.62 6839.84 1 1
2142.58 460.99 -5929.09 6322.06 -1 1
-1490.37 9079.4 14473.6 17150.9 -1 2
-2664.25 6474.85 7441.87 10218.3 1 2
event 42
-3224.01 -5482.55 2102.37 7379.96
1915.47 6553.86 -7940.07 10920.5
-113.368 3079.25 -5220.32 6062.8 -1 2
-2080.42 -914.993 1242.55 2592.39 -1 1
-1143.59 -4567.56 859.817 4787.57 1 1
2028.84 3474.62 -2719.75 4857.71 1 2
event 43
-4106.84 -9785.97 -5556.41 12373.2
-5215.85 -7904.4 8866.99 13337.8
-3657.61 -5613.89 7994.37 10431.4 1 2
-3169.6 -4034.72 -1795.16 5436.83 1 1
-1558.23 -2290.51 872.622 2906.4 -1 2
-937.236 -5751.25 -3761.25 6936.38 -1 1
event 44
-2216.16 -6554.21 -4373.54 8751.44
-2568 15215 -6450.85 17008.7
127.712 -3703.83 -1241.03 3909.73 -1 1
-2343.87 -2850.38 -3132.51 4841.71 1 1
-3159.6 10524.2 -4113.32 11733.4 1 2
591.6 4690.82 -2337.53 5275.32 -1 2
event 45
-8580.91 661.87 -1992.82 9361.24
11769.6 -48.7789 -23608 26560.4
9668.67 -204.968 -21515.3 23589.1 1 2
-3488.13 -1217.03 -1122.59 3862.59 -1 1
2100.91 156.189 -2092.76 2971.37 -1 2
-5092.78 1878.9 -870.236 5498.65 1 1
event 46
2432.98 -6519.37 -7641.1 10788.8
-8990.77 12113.6 15582.1 21908.1
1212.77 -3269.26 -6015.81 6954.14 -1 1
1220.2 -3250.11 -1625.29 3834.69 1 1
-7182.56 7314.23 9871.65 14231.9 1 2
-1808.21 4799.41 5710.44 7676.21 -1 2
event 47
-6058.9 3430.75 3751.36 8493.76
-7323.61 -3074.02 -23975.3 25445.8
-4987.33 -2073.87 -20076.8 20790.9 1 2
-3422 181.129 1524.24 3751.98 1 1
-2336.28 -1000.15 -3898.5 4654.88 -1 2
-2636.9 3249.62 2227.12 4741.78 -1 1
event 48
-1676.53 5768.29 -1216.6 6866.97
3976.67 -13659.9 9339.1 17297.9
1694.15 -2712.84 3264.98 4571.75 1 2
859.874 2138.76 -678.104 2405.13 1 1
2282.52 -10947.1 6074.12 12726.2 -1 2
-2536.41 3629.53 -538.497 4461.84 -1 1
event 49
-4976.98 4365.95 11881.9 13950
-13771.7 -5849.99 9060.26 17764
-3637.55 1180.59 6828.76 7827.43 -1 1
-1339.42 3185.36 5053.18 6122.61 1 1
-8528.19 -3247.22 3773.54 9875.48 1 2
-5243.52 -2602.78 5286.71 7888.56 -1 2
event 50
6844.53 -9186.21 26543 29075
14036.4 -615.406 9502.85 17242.3
10747.4 588.114 6172.76 12408.3 1 2
3030.91 -2346.72 6370.61 7435.68 1 1
3289.08 -1203.52 3330.09 4833.96 -1 2
3813.62 -6839.48 20172.4 21639.3 -1 1
event 51
-3710.83 -5698.46 -11943.3 14088.2
9211.83 -9853.26 -30614 33596.9
-2015.67 -4430.29 -10345.7 11434 -1 1
-1695.16 -1268.16 -1597.59 2654.29 1 1
5707.63 -5797.04 -21937.9 23398 -1 2
3504.2 -4056.23 -8676.1 10198.9 1 2
event 52
6641.57 6291.3 -857.184 9696.2
-5917.53 -2288.54 -16965 18375.4
-3325.65 -1387.19 -5427.31 6515.45 1 2
3718.38 2477.48 935.736 4566.3 -1 1
-2591.88 -901.349 -11537.6 11860 -1 2
2923.18 3813.82 -1792.92 5129.9 1 1
event 53
-6357.68 -2494.33 -5387.14 9233.31
-10836.9 2935.2 -5926.18 13067.7
-3323.65 115.22 -463.918 3359.51 -1 2
-2101.38 -2186.28 -3295.64 4479.73 -1 1
-7513.24 2819.98 -5462.26 9708.17 1 2
-4256.3 -308.051 -2091.5 4753.58 1 1
event 54
5746.2 8458.4 -29229.9 31121.4
4714.05 -2690.33 6980.66 9369.12
3509.42 -373.16 3149.93 4731.65 1 2
2399.24 3425.04 -7748.8 8805.81 -1 1
1204.63 -2317.17 3830.73 4637.47 -1 2
3346.97 5033.36 -21481.1 22315.6 1 1
event 55
-10949.9 805.27 -798.379 11435.8
540.31 4691.39 21141.5 21882.8
-6196.08 1165.21 908.956 6370.75 -1 1
-4753.86 -359.942 -1707.34 5065.07 1 1
1806.25 2613.24 10780 11238.9 -1 2
-1265.94 2078.15 10361.5 10643.9 1 2
event 56
-9740.76 -649.741 -4968.91 11383.5
10176.1 -255.358 30950.4 32728.2
-6299.91 -1893.44 -3074.3 7261.99 -1 1
-3440.84 1243.7 -1894.62 4121.52 1 1
7545.72 585.884 25745.7 26835.3 -1 2
2630.33 -841.242 5204.67 5892.88 1 2
event 57
-5936.48 14821.8 -3961.88 16739.6
10813.2 2007.86 -32712.6 34650.5
7803.97 1745.55 -27344.7 28490.2 -1 2
-343.393 3194.29 -1711.35 3641.61 1 1
-5593.09 11627.5 -2250.52 13098 -1 1
3009.25 262.305 -5367.89 6160.34 1 2
event 58
-13465.7 4856.55 14334.3 20590.5
10442.6 705.334 -11361.4 15755
7766.32 -143.763 -9911.79 12593.3 -1 2
-4361.41 2545.72 7199.13 8794.39 1 1
-9104.25 2310.83 7135.16 11796.1 -1 1
2676.27 849.097 -1449.65 3161.65 1 2
event 59
8874.71 954.26 -8672.03 12824.4
-4231.8 -11136.5 24010.9 26982.3
4599.27 -216.937 -6274.91 7783.7 -1 1
4275.44 1171.2 -2397.12 5040.67 1 1
-1242.26 -7408.88 15356.1 17095.5 1 2
-2989.54 -3727.6 8654.84 9886.85 -1 2
event 60
-5018.24 -1709.77 7646.47 9806.34
6654.44 12560.1 4899.16 15350.3
-2525.96 -2429.65 3855.18 5211.26 1 1
-2492.28 719.885 3791.29 4595.08 -1 1
4719.48 6133.6 1746.71 7934.53 -1 2
1934.96 6426.53 3152.45 7415.75 1 2
event 61
3714.77 10761.3 8671.55 14642.2
2969.46 -7704.46 -9152.05 12709.3
2302.12 -4082.94 -3088.17 5614.1 1 2
1711.6 4988.55 5951.52 7952.79 -1 1
667.336 -3621.52 -6063.88 7095.25 -1 2
2003.17 5772.79 2720.03 6689.36 1 1
event 62
2526.22 7582.59 6384.41 10687.8
6434.69 -8759.27 -48624.9 49920.9
923.659 3992.87 5115.39 6555.49 -1 1
1602.57 3589.73 1269.02 4132.3 1 1
3686.02 -7318.89 -34965.7 35913.3 -1 2
2748.67 -1440.37 -13659.2 14007.6 1 2
event 63
4596.15 -4471.44 -24949.3 25945.6
-6522.06 6884.62 1451.87 10081.4
-3115.46 3061.13 2222.37 4901.7 1 2
601.913 -1964.29 -11751.6 11930.3 1 1
-3406.6 3823.49 -770.508 5179.66 -1 2
3994.24 -2507.14 -13197.6 14015.3 -1 1
event 64
7038.76 -8957.01 24792.2 27459.4
-7167.65 -4489.64 -8372.46 12297.2
-3405.21 -2009.54 -1844.68 4364.36 1 2
1405.98 -3624.61 10510 11206.5 1 1
5632.77 -5332.4 14282.2 16252.9 -1 1
-3762.44 -2480.1 -6527.79 7932.84 -1 2
event 65
-5519.87 3844.34 -20332.3 21638.9
-4484.7 8681.61 26575.8 28484.2
-2732.91 3291.03 8137.24 9193.78 1 2
-1119.08 1990.72 -9970.02 10228.8 1 1
-1751.79 5390.58 18438.6 19290.4 -1 2
-4400.79 1853.63 -10362.2 11410.1 -1 1
event 66
11274.2 -2077.58 -17842.5 21432.9
-3372.8 3836.49 2539.65 6491.13
-2711.9 1449.14 2574.19 4011.49 1 2
4660.49 -1846.62 -5606.59 7521.65 -1 1
-660.897 2387.36 -34.5375 2479.64 -1 2
6613.68 -230.955 -12235.9 13911.3 1 1
event 67
-3533.49 3698.36 -10065.3 11707.5
-14992 -6850.57 75148.9 76997.6
-2951.25 965.638 -6222.78 6955.32 -1 1
-582.235 2732.73 -3842.57 4752.19 1 1
-7544.46 -4914.28 44025.6 44937 1 2
-7447.51 -1936.29 31123.3 32060.7 -1 2
event 68
4485.07 1575.68 2250.88 6103.77
-8699.25 1717.92 -44065.5 45055.3
3108.7 -514.375 1481.65 3483.54 -1 1
1376.37 2090.05 769.228 2620.23 1 1
-4949.45 -503.657 -21005.5 21586.9 -1 2
-3749.81 2221.57 -23060 23468.5 1 2
event 69
8619.56 4901.8 -4435.88 11295.7
6840.87 -647.258 10550.7 12966.2
2608.9 -1740.42 3875 4986.2 1 2
2821.67 1162.1 -2932.72 4233.72 1 1
5797.89 3739.7 -1503.16 7061.98 -1 1
4231.96 1093.17 6675.69 7980.01 -1 2
event 70
2620.04 -4879.75 4891.56 8012.17
8234.55 1126.27 3053.07 9380.2
2608.48 -2196.33 3817.54 5119.85 1 1
11.5574 -2683.42 1074.02 2892.32 -1 1
4384.74 -843.105 931.78 4562.47 1 2
3849.81 1969.38 2121.29 4817.73 -1 2
event 71
989.92 7253.82 3167.16 8556.86
6952.79 2172.34 -12382.4 14696
3513.51 -116.74 -3844.67 5210.66 -1 2
-833.244 1855.59 1747.94 2684.02 -1 1
1823.16 5398.23 1419.23 5872.84 1 1
3439.28 2289.08 -8537.69 9485.35 1 2
event 72
3355.75 6985.43 3676.17 9119.34
-1167.11 9150.45 256.23 9733.92
-1750.25 4078.92 1061.01 4564.85 1 2
2236.62 1649.69 553.828 2835.81 -1 1
1119.13 5335.74 3122.34 6283.53 1 1
583.15 5071.53 -804.776 5169.07 -1 2
event 73
-5843.78 -2290.35 -19436.5 20658.3
-1245.61 9453.3 -5273.95 11327.9
-1900.9 3510.22 -2682.07 4810.38 -1 2
-1412.25 -2002.17 -5292.08 5832.7 -1 1
655.287 5943.07 -2591.88 6517.55 1 2
-4431.53 -288.18 -14144.4 14825.6 1 1
event 74
2712.55 -7091.71 -9172.19 12303.3
3349.18 6183.33 -7835.94 10974.7
1354.82 4208.39 -2877.9 5276.32 -1 2
-23.9407 -3280.57 -5227.75 6172.78 1 1
2736.49 -3811.14 -3944.44 6130.49 -1 1
1994.36 1974.94 -4958.04 5698.35 1 2
event 75
5146.31 3985.27 1946.25 7466.3
15867.9 -259.039 -51027.7 53528.3
2123.27 3523.27 1469.2 4369.38 -1 1
3023.04 461.997 477.044 3096.93 1 1
10166.4 -1145.85 -36167.4 37586.7 -1 2
5701.44 886.808 -14860.4 15941.6 1 2
event 76
287.84 -6572.61 416.398 7283.28
6654.12 -7836.02 939.813 10777.5
1671.35 -3751.71 497.695 4138.55 1 1
-1383.51 -2820.9 -81.2976 3144.73 -1 1
3049.47 -5522.2 -302.48 6316.38 -1 2
3604.65 -2313.81 1242.29 4461.13 1 2
event 77
3836.27 -14922.2 6854.1 17145.2
17579.3 -12330.3 79141.8 82061.5
1971.99 -10160.7 5987.35 11957.8 -1 1
1864.29 -4761.45 866.754 5187.42 1 1
9515.46 -5541.26 45094.1 46419.2 -1 2
8063.81 -6789.02 34047.7 35642.3 1 2
event 78
3942.21 -5472.21 17239.7 18769.2
-7073.8 -10636.8 -28053.8 30980.4
3099.87 -2388.02 6753.34 7805.8 -1 1
842.334 -3084.19 10486.3 10963.4 1 1
-3308.89 -7006.08 -14286.2 16252.4 -1 2
-3764.92 -3630.71 -13767.6 14728 1 2
event 79
3126.04 -5997.23 -3348.88 8157.52
2275.05 9910.32 -18391.3 21242
2147.75 3279.91 -8083.86 8985.02 1 2
302.992 -2387.74 115.523 2411.98 1 1
127.293 6630.42 -10307.4 12256.9 -1 2
2823.05 -3609.49 -3464.41 5745.55 -1 1
event 80
5987.15 -5781.1 -18734 20732.2
3370.53 -4677.75 -3780.79 7558.23
4104.72 -2099.8 -11642 12522.2 1 1
1882.43 -3681.3 -7092.04 8209.98 -1 1
874.991 -3501.03 -1272.53 3827.96 -1 2
2495.54 -1176.72 -2508.26 3730.27 1 2
event 81
7000.8 393.296 -19859.2 21287.2
7581.01 -3138.81 -6185.39 10732
2463.75 -2266.01 -1268.92 3581.36 -1 2
1706.15 1461.4 -5266.21 5726.33 -1 1
5294.65 -1068.11 -14593 15560.8 1 1
5117.26 -872.805 -4916.47 7150.6 1 2
event 82
-7271.08 -6194.31 5559.37 11477.5
5488.43 4013.61 689.07 7503.11
3776.49 1519.87 -767.96 4144 1 2
-2570.63 -4161.93 2302.43 5407.6 -1 1
1711.94 2493.75 1457.03 3359.11 -1 2
-4700.45 -2032.38 3256.95 6069.9 1 1
event 83
-4304.96 -3688.87 12025.9 13651.1
-6424.85 7004.28 -7007.94 12208.2
-2941.91 -1482.4 9390.34 9951.99 1 1
-1363.05 -2206.48 2635.56 3699.16 -1 1
-3069.63 3914.83 -5468.06 7393.2 1 2
-3355.21 3089.45 -1539.88 4815.04 -1 2
event 84
1698.05 7768.78 4614.13 9701.43
4300.76 -5472.78 -1708.56 7807.57
817.877 -3017.16 205.828 3134.6 1 2
-896.504 1926.49 1387.75 2540.1 1 1
2594.55 5842.29 3226.37 7161.33 -1 1
3482.89 -2455.63 -1914.39 4672.97 -1 2
event 85
-5285.17 -3443.32 2486.58 7454.17
-5683 -5286.16 12628.7 15143.1
-3221.66 -940.865 5289.03 6264.93 1 2
-2681.16 -183.36 204.258 2697.24 -1 1
-2461.34 -4345.29 7339.69 8878.18 -1 2
-2604.01 -3259.96 2282.32 4756.93 1 1
event 86
4.33129 8157.89 16892 19012.7
-2874.27 9345.16 11400.8 15335
-2142.78 2320.03 2976.59 4341.12 -1 2
-1289.75 2055.38 3798.13 4508.32 1 1
-731.488 7025.13 8424.23 10993.9 1 2
1294.08 6102.51 13093.9 14504.4 -1 1
event 87
7572.98 -8819.44 -65552.7 66677.4
-7689.85 889.832 17532.3 19413.8
-3674.19 -254.744 11505.8 12081.4 -1 2
386.259 -2026.24 -7114.31 7408.06 -1 1
7186.72 -6793.2 -58438.4 59269.4 1 1
-4015.66 1144.58 6026.46 7332.46 1 2
event 88
-4044.31 -10399.6 -435.46 11588.3
7615.42 5953.25 -12878.4 16397.5
3011.83 2481.77 -7761 8687.62 1 2
259.921 -3037.69 -183.699 3056.14 1 1
-4304.23 -7361.87 -251.761 8532.18 -1 1
4603.58 3471.48 -5117.38 7709.93 -1 2
event 89
7514.72 -4553.23 -939.499 9363.59
-552.479 -5006.72 14422.6 15587.7
-1771.04 -3144.23 7676.35 8482.94 1 2
3470.69 -2398.9 1078.08 4355.9 -1 1
1218.56 -1862.5 6746.3 7104.75 -1 2
4044.02 -2154.32 -2017.58 5007.7 1 1
event 90
-7530.25 4739.42 -19824.7 21949.4
3844.72 4005.15 6019.22 8754.72
1402.78 3092.05 4785.29 5868.45 1 2
-3003.37 3068 -6628.52 7898.18 1 1
2441.94 913.102 1233.93 2886.27 -1 2
-4526.89 1671.42 -13196.2 14051.2 -1 1
event 91
5926.98 -3184.57 -24251.4 25357.2
1967.96 -8822.36 -6861.3 11763.2
-486.388 -3148.29 -1283.66 3436.17 1 2
1580.86 -2489.51 -11250.7 11631.2 -1 1
2454.35 -5674.08 -5577.64 8327.08 -1 2
4346.13 -695.059 -13000.7 13726 1 1
event 92
12030.1 4443.83 -37123.3 39448.7
-4891.69 -2937.43 -9545.99 11544.4
-2852.36 -1801.61 -2736.81 4345.47 1 2
6041.11 1956.45 -12994.8 14463.7 1 1
-2039.32 -1135.82 -6809.18 7198.96 -1 2
5989 2487.38 -24128.5 24985 -1 1
event 93
508.669 -7069.85 5539.67 9514.22
3478.96 6422.5 6825.39 10465.6
2297.83 2426.79 1402.25 3625.85 1 2
-1234.78 -1909.31 1406.65 2675.81 1 1
1743.45 -5160.55 4133.02 6838.41 -1 1
1181.13 3995.71 5423.14 6839.76 -1 2
event 94
-6786.96 1283.44 -3324.51 8267.6
-12140.8 -2156.67 -62693.4 63969.6
-4107.21 361.64 -321.093 4136.94 1 1
-2679.74 921.803 -3003.41 4130.67 -1 1
-7282.78 -417.014 -42812.2 43429.4 -1 2
-4858 -1739.65 -19881.2 20540.2 1 2
event 95
2013.37 6559.1 -3505.28 8303.82
6103.85 11467.8 39947.5 42120.8
-282.712 4171.9 -2328.17 4787.09 1 1
2296.08 2387.2 -1177.11 3516.74 -1 1
2501.74 7338.65 26124.7 27251.2 1 2
3602.11 4129.15 13822.8 14869.6 -1 2
event 96
5845.78 -12185.9 -35370.6 37991.3
8704.37 -4637.28 10310.9 14600.6
2706.94 -2674.5 5384.33 6594.14 1 2
2459.39 -2637.59 -11698.1 12241.8 1 1
3386.38 -9548.33 -23672.5 25749.5 -1 1
5997.43 -1962.78 4926.52 8006.46 -1 2
event 97
4390.78 6143.58 24826.1 26133.3
13042.6 5544.46 5750.67 15604.9
1235.36 3865.06 15597.4 16116.9 -1 1
3155.42 2278.52 9228.75 10016.4 1 1
7297.33 3282.25 4867.96 9366.56 -1 2
5745.3 2262.21 882.71 6238.3 1 2
event 98
4266.14 1801.9 10812.1 12163.1
21396.2 5066.79 125813 127758
3001.69 -398.224 5739.64 6490.25 1 1
1264.45 2200.12 5072.5 5672.81 -1 1
13387.5 1698.96 79224.3 80365.5 -1 2
8008.69 3367.83 46588.8 47392.1 1 2
event 99
15210.1 2131.93 -18366.6 24141.5
5746.31 461.837 -2849.55 7137.51
10445.6 182.948 -13357.6 16958.2 -1 1
4764.51 1948.98 -5008.98 7183.32 1 1
3203.76 -1199.19 -942.763 3549.95 -1 2
2542.55 1661.03 -1906.79 3587.56 1 2
event 100
1536.66 5592.83 9734.48 11747
2164.21 -7870.87 -2711.83 9142.18
-2.21511 -3974.25 -106.043 3977.07 1 2
1697.83 1501.8 2142.78 3121.01 -1 1
2166.42 -3896.62 -2605.79 5165.11 -1 2
-161.172 4091.03 7591.7 8625.98 1 1
event 101
-5895.14 -5592.28 -5516.81 10298.2
-4577.06 4014.04 495.751 6848.31
-4175.12 1752.29 398.181 4546.64 -1 2
-2456.03 -2209.24 -4105.73 5270.77 1 1
-3439.11 -3383.04 -1411.08 5027.4 -1 1
-401.936 2261.74 97.5695 2301.68 1 2
