event 0
-6810.55 303.682 4689.38 8835.01
-7378.44 4331.46 -7213.36 11611.5
-3618.43 881.628 876.059 3827.4 -1 1
-3192.12 -577.945 3813.32 5007.62 1 1
-4449.85 1081.49 -4709.37 6569.64 -1 2
-2928.59 3249.98 -2503.98 5041.83 1 2
event 1
8695.08 -2842.62 -29884.9 31470.3
7155.78 -7769.18 10717 15362.6
3378.24 -3356.55 2743.21 5496.85 1 2
2602.7 -1456.86 -15531 15815.2 1 1
6092.39 -1385.76 -14353.8 15655 -1 1
3777.53 -4412.63 7973.8 9865.79 -1 2
event 2
3526.64 11142.3 -13137.5 17854.1
3368.29 -4581.27 27272.3 28030.4
3523.15 6864.43 -7352.78 10658.7 1 1
3.49068 4277.83 -5784.75 7195.44 -1 1
3467.69 -2354.45 19399.9 19847.8 -1 2
-99.4011 -2226.82 7872.46 8182.63 1 2
event 3
3985.05 8485.23 -29700.2 31298.1
-3269.76 -14699 -70537.8 72193.7
-2055.21 -3832.47 -23748 24143.1 -1 2
2611.1 3345.72 -17127.5 17645.8 -1 1
-1214.55 -10866.5 -46789.9 48050.6 1 2
1373.95 5139.52 -12572.7 13652.3 1 1
event 4
-7842.78 -6820.14 2926.32 11232.9
-3420.11 4659.51 -3340.2 7359.15
-3202.52 -4576.17 748.753 5636.42 -1 1
-4640.27 -2243.98 2177.57 5596.47 1 1
-1155.06 3567.54 -3032.3 4823.64 -1 2
-2265.05 1091.97 -307.902 2535.51 1 2
event 5
201.234 4702.22 14066 15152.4
9594.02 -683.907 -31406.4 32992
-1353.69 3042.16 7633.68 8328.95 -1 1
1554.92 1660.06 6432.36 6823.49 1 1
4693.99 -1878.89 -15330.5 16143.1 -1 2
4900.04 1194.98 -16075.9 16848.9 1 2
event 6
6584.32 6540.79 -15760.4 18550.4
-1328.64 7035.31 -19316.9 20832.5
-1624.5 4586.83 -9080.19 10302.4 -1 2
3347.41 1241.16 -5910.23 6905.62 -1 1
3236.91 5299.63 -9850.13 11644.7 1 1
295.855 2448.48 -10236.7 10530.1 1 2
event 7
-2964.7 8102.36 521.259 9181.49
-9403.66 -4717.5 5378.48 12214.9
-4507.16 -1327.95 955.495 4796.05 -1 2
-2152.46 1961.25 -310.579 2930.4 -1 1
-812.233 6141.12 831.838 6251.09 1 1
-4896.49 -3389.55 4422.99 7418.81 1 2
event 8
-5618.56 -5523.33 -19000.3 20800.9
-5929.27 4665.65 44093.6 44841.5
-2241.52 -3517.55 -6745.55 7931.66 1 1
-3377.04 -2005.78 -12254.8 12869.3 -1 1
-4098.71 1268.79 23885.2 24267.7 -1 2
-1830.56 3396.86 20208.4 20573.8 1 2
event 9
-1526.92 6335.4 -8318.42 11011.7
-15738.1 4117.29 -15701.6 22820.4
56.4097 4704.94 -4206.84 6312.55 -1 1
-1583.33 1630.46 -4111.57 4699.1 1 1
-9872.56 3501.91 -11632.9 15654.6 -1 2
-5865.58 615.377 -4068.68 7165.82 1 2
event 10
-8733.72 4843.66 27356 29286.2
4501.29 5801.33 -2813.16 8684.34
3869.75 3154.55 -3204.14 5933.28 -1 2
-3189.29 3393.98 10651.2 11625.4 -1 1
-5544.43 1449.69 16704.8 17660.8 1 1
631.548 2646.78 390.977 2751.06 1 2
