event 0
9094.4 3728.42 28754.4 30545.3
1921.06 -6481.52 -18969.5 20374.8
4158.86 3023.79 11784.2 12857.6 1 1
4935.54 704.628 16970.2 17687.7 -1 1
1681.85 -3994.87 -7752.92 8882.93 -1 2
239.208 -2486.66 -11216.6 11491.9 1 2
event 1
3923.72 -6464.89 -7622.16 11174.9
-7453.32 4287.1 37318 38420.7
-4942.25 2435.81 29354 29866.8 1 2
2689.77 -2377.19 -5023.89 6175.48 -1 1
-2511.07 1851.29 7964 8553.9 -1 2
1233.95 -4087.7 -2598.27 4999.41 1 1
event 2
-1600.07 -7540.87 -6302.06 10427.4
-3931.61 -6535.82 3566.52 8971.43
-668.851 -3939.66 2302.66 4613.21 1 2
-1623.49 -2196.41 -1034.32 2922.48 1 1
23.4195 -5344.46 -5267.74 7504.93 -1 1
-3262.75 -2596.15 1263.86 4358.22 -1 2
event 3
-1968.51 9545.06 27140.6 29003.2
-2884.66 3262.76 11678.6 12997.9
-3030.41 1032.26 8710.77 9281.04 1 2
-1213.31 3969.87 15893.2 16426.7 1 1
145.749 2230.5 2967.8 3716.9 -1 2
-755.201 5575.18 11247.4 12576.5 -1 1
event 4
-2334.43 10932.7 -5241.66 12729.4
-5696.63 -158.539 4211.09 7733.12
-792.766 6873.13 -1701 7125.51 -1 1
-1541.66 4059.52 -3540.66 5603.91 1 1
-2925.7 -1440.79 1297.48 3511.44 -1 2
-2770.94 1282.25 2913.61 4221.68 1 2
event 5
5499.73 8250.17 -12755.4 16450
-5970.93 -2775.97 328.288 7283.97
-3698.95 -3249.92 522.343 4952.6 -1 2
3219.44 3057.16 -3777.64 5830.33 1 1
2280.29 5193 -8977.76 10619.7 -1 1
-2271.97 473.946 -194.055 2331.38 1 2
event 6
-12355.8 -2725.54 -4468.56 13771.5
4958 3329.24 20821.5 21881.3
-6456.63 -431.844 -986.396 6546.66 -1 1
-5899.18 -2293.69 -3482.16 7224.82 1 1
3427.7 1857.91 8178.85 9061.22 -1 2
1530.29 1471.33 12642.7 12820.1 1 2
event 7
6646.88 -5574.31 -16157.4 18598.5
-3698.43 5046.55 19336.1 20557.8
-3705.64 2669.46 13639.4 14384.1 -1 2
2011.9 -2963.91 -8943.37 9634.7 -1 1
4634.98 -2610.4 -7213.99 8963.82 1 1
7.21646 2377.09 5696.74 6173.7 1 2
event 8
-4817.53 6441.89 661.042 8644.92
6503.59 8597.88 10843.9 15601.3
3488.66 2452.87 3150.33 5303.12 1 2
-802.915 2729.5 -849.498 2971.13 1 1
3014.93 6145.01 7693.56 10298.2 -1 2
-4014.62 3712.39 1510.54 5673.79 -1 1
