event 0
-6566.95 -1625.29 10966.2 13251.9
-6070.89 -15375.3 -68727.6 70755.4
-2110.53 -2291.29 -14493.8 14825.1 1 2
-1329.75 -1733.81 2877.21 3614.39 -1 1
-3960.36 -13084 -54233.8 55930.2 -1 2
-5237.2 108.519 8088.96 9637.55 1 1
event 1
12271.9 5888.95 27463.4 30807.6
-8115.72 2024.45 9929.73 13347.4
-2896.49 2241.41 3555.62 5105.6 -1 2
2349.87 -44.6782 5637.82 6109.01 -1 1
9922.06 5933.63 21825.5 24698.6 1 1
-5219.24 -216.957 6374.11 8241.84 1 2
event 2
-3741.68 -6702.22 4917.67 9627.78
-1307.22 7109.41 6588.28 10259.1
-3511.23 -3269.98 3304.6 5826.92 1 1
-230.455 -3432.24 1613.07 3800.86 -1 1
-269.917 2808.22 728.301 2915.57 -1 2
-1037.3 4301.19 5859.98 7343.49 1 2
event 3
11826.2 4003.67 -25776.4 28808
-976.966 7020.94 2803.07 8227.75
-2076.62 3978.45 1425.4 4709.92 -1 2
3976.67 1083.26 -11963.8 12654.3 -1 1
7849.58 2920.4 -13812.6 16153.8 1 1
1099.65 3042.49 1377.67 3517.83 1 2
