event 0
7553.23 -11174.7 -63728.6 65213.9
-3569.41 2908.46 1176.5 5672.19
5951.63 -6218.74 -37937.5 38902 1 1
1601.59 -4955.92 -25791.1 26311.9 -1 1
-1062.38 2843.79 701.85 3117.62 -1 2
-2507.03 64.6683 474.654 2554.57 1 2
event 1
-10123.3 -387.206 58078.9 59037.1
-4993.94 4536.36 14169 15995.9
-1567.56 3476.32 7894.07 8767.53 1 2
-4913.12 -1661.92 25963.7 26476.9 -1 1
-3426.39 1060.04 6274.88 7228.35 -1 2
-5210.15 1274.71 32115.2 32560.2 1 1
event 2
974.516 15042.9 56747.9 58797.6
5551.54 697.771 -17283.3 18428.5
3730.85 -1035 -10075.8 10794.6 1 2
1497.69 4693.18 21519 22075.9 1 1
1820.69 1732.77 -7207.49 7633.9 -1 2
-523.172 10349.8 35229 36721.7 -1 1
event 3
-4895.64 2456.53 -412.769 6305.8
-4372.87 10913.1 19411.1 22904.2
-2700.07 2527.86 -1317.4 3927.74 -1 1
-2195.58 -71.3303 904.63 2378.06 1 1
-2709.9 6725.68 8990.32 11550.6 -1 2
-1662.97 4187.47 10420.8 11353.6 1 2
event 4
-4569.47 -1876.01 765.487 5880.13
10565.7 3353.49 44494.3 45958.8
-3598.22 1.0785 1038.23 3746.5 -1 1
-971.252 -1877.09 -272.746 2133.63 1 1
5610.24 1011.88 28089.6 28662.4 1 2
4955.46 2341.62 16404.7 17296.4 -1 2
event 5
-6860.05 -2494.48 33430.1 34357.6
-14953 -7931.49 -20513.1 26774.6
-3179.76 -2696.26 20022.4 20452.1 -1 1
-3680.3 201.788 13407.7 13905.5 1 1
-7101.32 -5510.16 -10868.5 14104.1 -1 2
-7851.71 -2421.33 -9644.57 12670.5 1 2
event 6
-5184.5 -3213.9 -2763.41 7378.07
-1090.62 8384.13 -7325.93 11607.9
-2622.24 -2821.45 -409.435 3874.99 1 1
-2562.26 -392.445 -2353.98 3503.08 -1 1
-1924.72 4332.77 -4864.04 6793.2 -1 2
834.104 4051.36 -2461.89 4814.7 1 2
event 7
-397.541 -7175.47 1513.29 7970.35
-8282.17 2462.15 -9501.76 13211.1
-1691.14 -4109.26 414.707 4464.2 -1 1
1293.6 -3066.21 1098.58 3506.15 1 1
-5499.81 2453.4 -4619.62 7590.73 -1 2
-2782.36 8.75301 -4882.15 5620.33 1 2
event 8
-3808.03 -3597.77 5483.81 8191.9
-10064.7 1473.42 -6470.35 12446.9
-2002.49 -2444.72 1164.89 3369.68 -1 1
-1805.55 -1153.05 4318.92 4822.21 1 1
-5413.25 685.508 -5250 7572.77 1 2
-4651.43 787.914 -1220.35 4874.12 -1 2
event 9
8548.56 11405.5 -25163 29084.9
905.857 -5884.07 23762 24691.4
2014.3 -3820.61 16728.6 17277.5 1 2
3710.04 3061.22 -6628.28 8190.28 1 1
-1108.44 -2063.46 7033.42 7413.95 -1 2
4838.52 8344.26 -18534.8 20894.7 -1 1
event 10
4365.54 -9877.22 -38895.2 40485.1
7492.81 1108.92 20061.7 21666.4
1240.54 -6485.68 -21788.7 22767.5 -1 1
3125 -3391.54 -17106.5 17717.6 1 1
3643.19 1789.45 7759.64 8757.75 -1 2
3849.62 -680.525 12302 12908.7 1 2
event 11
8053.79 -3233.18 22704 24502.7
5228.87 -4522.93 11845.1 14060.4
4936.2 -2510.16 8679.42 10296.1 1 2
2850.76 -2460.11 11967.6 12546.5 -1 1
292.665 -2012.77 3165.71 3764.28 -1 2
5203.03 -773.068 10736.5 11956.2 1 1
event 12
10630.7 2433.76 -22054.6 24797.9
-18095.7 9927.49 25282.4 32784.2
7511.27 2737.92 -13544.1 15728 1 1
3119.43 -304.16 -8510.53 9069.93 -1 1
-8834.92 6600.23 13163.3 17172.7 -1 2
-9260.8 3327.25 12119.1 15611.4 1 2
event 13
-4851.49 4280.71 15503.3 17082.3
-6811.75 -1586.95 -29812.6 30778.2
-3229.21 307.712 -8829.65 9407.25 -1 2
-346.2 2134.8 5234.87 5665 -1 1
-4505.29 2145.91 10268.4 11417.3 1 1
-3582.54 -1894.66 -20982.9 21371 1 2
event 14
-7067.6 -8154.6 35961.4 37673.1
13197.2 -12356.5 20002.3 27139.1
2675.93 -1845.08 2128.2 3886.55 -1 2
-2511.86 -982.46 7538.18 8006.88 1 1
10521.2 -10511.4 17874.1 23252.5 1 2
-4555.74 -7172.14 28423.2 29666.2 -1 1
event 15
5235.08 408.699 764.092 6143.96
-14213.1 4563.37 -7765.93 17109.5
3285.35 1105.25 -785.465 3555.73 -1 1
1949.73 -696.549 1549.56 2588.23 1 1
-10472.7 2029.44 -4758.58 11681.2 -1 2
-3740.42 2533.93 -3007.35 5428.34 1 2
event 16
8354.6 6340.03 6248.13 12594.7
1429.63 -5167.68 25235.6 25984.2
5034.93 3285.76 1844.33 6289.63 1 1
3319.67 3054.27 4403.8 6305.02 -1 1
-390.324 -2992.66 17177 17440.5 -1 2
1819.95 -2175.02 8058.56 8543.69 1 2
event 17
-5995.42 9708.71 6613.09 13547.3
-7746.66 1682.48 21047.8 22703.4
-5915 315.971 17558.2 18530.7 -1 2
-3217.1 2943.32 1458.51 4599.05 1 1
-2778.32 6765.39 5154.58 8948.21 -1 1
-1831.66 1366.51 3489.65 4172.66 1 2
event 18
-7637.3 11208.8 15283.9 20667.7
-7834.88 493.742 33483.7 34530.9
-4661.7 1614.8 22852.1 23378.8 -1 2
-2351.01 2870.9 6335.12 7342.63 1 1
-5286.3 8337.92 8948.74 13325.1 -1 1
-3173.18 -1121.06 10631.6 11152.1 1 2
event 19
-4385.98 4060.47 20712.1 21778.6
10973.4 9450.26 46478.5 48780.8
-3040.63 1872.1 16164.3 16554.3 -1 1
-1345.35 2188.37 4547.78 5224.22 1 1
6476.22 4521.74 20800.5 22249.9 1 2
4497.13 4928.52 25678 26530.9 -1 2
event 20
7636.94 -2664.27 12098.6 14879.1
-4340.66 3764.72 12657.4 14241.3
-2308.76 3586.58 10129.3 10991.3 -1 2
2840.62 -2358.73 6697.22 7648.31 -1 1
4796.32 -305.543 5401.36 7230.76 1 1
-2031.9 178.137 2528.14 3250.07 1 2
event 21
2122.73 -10437.9 -10813 15490.9
-9927.47 2558.96 -326.752 10714.5
-4912.01 1223.62 -1706.41 5343.04 -1 2
-626.374 -1976.58 -3010.45 3656.94 -1 1
2749.1 -8461.34 -7802.59 11834 1 1
-5015.46 1335.33 1379.65 5371.46 1 2
event 22
1688.31 4667.37 -4935.85 7654.3
-9735.42 -6323.48 -40927.5 42654.6
-296.042 3560.27 -3097.61 4729.64 -1 1
1984.35 1107.1 -1838.25 2924.66 1 1
-6586.46 -2790.24 -21513.4 22671.7 -1 2
-3148.96 -3533.24 -19414 19982.9 1 2
event 23
2140.15 -3883.84 -9798.74 11192.5
-10410.1 872.96 -8562.38 13857.8
2595.35 -1541.57 -5467.14 6246.04 -1 1
-455.198 -2342.27 -4331.6 4946.45 1 1
-5334.81 -663.204 -2938.54 6127.5 1 2
-5075.26 1536.16 -5623.84 7730.25 -1 2
event 24
-2192.03 -15207.3 -27760.6 31879.6
-7623.61 -914.764 651.889 8304.96
-5145.41 -1814.13 1253.02 5598.89 1 2
-2190.87 -5246.29 -9224.76 10836.6 -1 1
-2478.19 899.368 -601.135 2706.07 -1 2
-1.16136 -9961 -18535.9 21043.1 1 1
event 25
1749.24 -14617 6318.25 16316.4
-5495.88 -473.82 19586.2 20582.5
2469.66 -9400.29 3416.66 10302.9 -1 1
-720.417 -5216.67 2901.58 6013.56 1 1
-3543.71 1095.95 9764.72 10446 -1 2
-1952.17 -1569.77 9821.43 10136.4 1 2
event 26
-11990.8 -6662.68 -9630.14 17044.1
-563.595 -6947.19 12735.2 14844.5
-8524.48 -3437.48 -5209.62 10565.7 -1 1
-3466.34 -3225.2 -4420.52 6478.4 1 1
-1616.34 -3913.99 5619.27 7037 -1 2
1052.75 -3033.19 7115.97 7807.48 1 2
event 27
3461.63 5413.87 -10475.8 12673.8
-11432.8 1159.53 -889.911 11934.7
3396.89 3137.04 -8405.74 9594.14 -1 1
64.7367 2276.84 -2070.01 3079.66 1 1
-6092.75 565.773 1073.33 6213.29 -1 2
-5340.04 593.761 -1963.24 5721.37 1 2
event 28
-5994.83 8061.09 18994.5 21709.4
-6230.27 5308.15 3195.43 9316.36
-2727.32 5989.02 13053.1 14618.5 -1 1
-3267.51 2072.07 5941.36 7090.91 1 1
-1781.58 1088.4 -509.398 2151.58 -1 2
-4448.69 4219.75 3704.83 7164.78 1 2
event 29
-15.7643 -7841.18 -16866.3 18856
-8575.64 -20360.3 -108725 110991
1037 -6078.57 -10629.5 12289.1 1 1
-1052.76 -1762.61 -6236.76 6566.85 -1 1
-6036.63 -13776.3 -66541.6 68220.4 -1 2
-2539.02 -6584 -42183.9 42770.2 1 2
event 30
4790.62 -12628.5 -23359.8 27160.6
-6599.34 -6417.73 35302.9 36614.5
4708.23 -8461.26 -16632.5 19246.1 1 1
82.3814 -4167.28 -6727.29 7914.58 -1 1
-591.858 -2378.89 7979.32 8348.06 -1 2
-6007.48 -4038.84 27323.5 28266.4 1 2
event 31
1191.65 5728.38 2400.72 7041.86
-3910.59 -9866.93 -34625.1 36347.5
-675.16 3837.06 946.616 4010.75 1 1
1866.81 1891.31 1454.1 3031.11 -1 1
-3365.78 -4912.3 -21419.1 22231.7 1 2
-544.815 -4954.62 -13206 14115.7 -1 2
event 32
-10664.4 1259.17 -4757.73 12146.7
4506.5 5727.17 -20610.4 22079.1
-7564.12 -514.947 -2889.83 8114.39 -1 1
-3100.23 1774.12 -1867.9 4032.26 1 1
-74.8155 2019.66 -5243.31 5620.33 -1 2
4581.31 3707.5 -15367.1 16458.8 1 2
event 33
-3087.81 13144.2 -58142.7 59770.1
3824.65 4571.88 -6304.11 9212.13
3212.77 2488.17 -2338.64 4689.7 -1 2
-1513.77 3128.48 -10509.1 11069.4 -1 1
-1574.03 10015.7 -47633.6 48700.7 1 1
611.878 2083.71 -3965.48 4522.44 1 2
event 34
869.718 6739.58 -9729.7 12265.2
1779.03 7845.8 -1516.8 8752.89
-767.488 3975 -6806.39 7920.09 1 1
1637.21 2764.58 -2923.3 4345.14 -1 1
875.03 5248.09 493.466 5344.41 -1 2
904.001 2597.72 -2010.27 3408.47 1 2
event 35
-9418.82 -378.61 8975.98 13379.7
4878.41 -3864.45 -26495.4 27392.2
4160.59 -1422.26 -16241.8 16826.7 -1 2
-3412.68 1184.69 4245.81 5575.65 -1 1
-6006.14 -1563.3 4730.17 7804.06 1 1
717.82 -2442.2 -10253.7 10565.5 1 2
event 36
-5625.05 3230.66 -2511.69 7614.32
8424.49 2572.25 -22052.9 23948.1
3959.87 216.494 -12882.9 13479.9 1 2
-1339.01 2063.41 92.893 2463.82 -1 1
4464.62 2355.76 -9169.96 10468.1 -1 2
-4286.04 1167.24 -2604.59 5150.49 1 1
event 37
6029.04 1198.84 7080.25 9874.57
-7493.92 -4555.33 -22258.6 24123.6
-3240.78 -989.237 -11871.7 12346.3 1 2
1741.04 -1054.18 2082.52 2913.86 -1 1
-4253.14 -3566.09 -10386.9 11777.3 -1 2
4288 2253.02 4997.73 6960.71 1 1
event 38
-9168.95 4269.76 -10906.8 15193.8
13890.2 -9355.95 -1340.38 17083.9
3415.48 -3692.24 410.325 5047.54 -1 2
-2558.87 2562.22 -4940.82 6126.63 -1 1
10474.7 -5663.72 -1750.7 12036.4 1 2
-6610.08 1707.54 -5966.03 9067.17 1 1
event 39
10519.6 9025.93 -305.914 14206.2
-1851.68 7461.24 32918.6 33945.9
-2444.41 3601.89 18729 19228.5 -1 2
3606.09 2351.51 1219.38 4475.66 1 1
6913.53 6674.42 -1525.29 9730.49 -1 1
592.73 3859.35 14189.6 14717.4 1 2
event 40
3977.36 -7789.72 11799.3 15010.4
-8256.25 2641.36 1374.12 9307.09
3677.89 -4784.99 6231.23 8675.39 1 1
299.469 -3004.73 5568.03 6335 -1 1
-6971.36 960.987 646.823 7067.74 -1 2
-1284.89 1680.37 727.296 2239.36 1 2
event 41
-4224.17 7906.76 16319.3 18875.1
5293.11 12085.7 59804.3 61320.7
-3496.17 4438.48 7666.62 9524.26 -1 1
-727.996 3468.29 8652.68 9350.88 1 1
3035.13 6294.95 38447.6 39077.7 1 2
2257.98 5790.79 21356.7 22243 -1 2
event 42
-4901.73 -6407.17 -1768.57 8820.29
-8309.93 1959.45 -7748.35 11938.3
-5755.09 245.074 -3679.45 6835.98 1 2
-1837.05 -3187.45 -2303.51 4341.88 -1 1
-2554.84 1714.37 -4068.91 5102.3 -1 2
-3064.68 -3219.72 534.946 4478.41 1 1
event 43
699.476 8975.91 1260.39 9603.94
-6207.16 4974.74 -40353 41246
-5146.43 2693.85 -31949.9 32473.8 1 2
492.92 3659.87 -992.722 3825.48 -1 1
-1060.72 2280.89 -8403.13 8772.2 -1 2
206.556 5316.04 2253.11 5778.46 1 1
event 44
-3822.37 5471.65 -3499.72 8147.92
5263.76 -5357.44 -16887.2 18739.7
2843.45 -1037.07 -8174.56 8717.53 -1 2
18.4639 2494.94 -1224.41 2781.26 1 1
2420.31 -4320.37 -8712.64 10022.2 1 2
-3840.84 2976.71 -2275.31 5366.66 -1 1
event 45
-6175.76 -7699.11 909.422 10384.5
-12011.9 -6726.83 -42757.6 45026
-4240.22 -3990.73 -19548.3 20397.3 1 2
-1601.71 -2390.46 -1118.16 3088.88 -1 1
-7771.63 -2736.1 -23209.4 24628.7 -1 2
-4574.05 -5308.66 2027.58 7295.62 1 1
event 46
-3022.86 9691.71 7374.59 12924.5
3814.91 4269.5 -7229.78 9728.46
2291.33 2054.94 -1558.57 3451.56 1 2
-1510.03 4135.37 1388.31 4617.36 1 1
1523.59 2214.56 -5671.21 6276.89 -1 2
-1512.83 5556.34 5986.28 8307.12 -1 1
event 47
3521.56 -8951.78 -38965.1 40254.3
9962.19 -6170.98 30734.2 33098.4
3270.96 -2127.1 6000.66 7158.41 1 2
845.208 -2561.1 -6160.06 6725.41 -1 1
6691.23 -4043.89 24733.6 25940 -1 2
2676.35 -6390.68 -32805 33528.9 1 1
event 48
799.22 4846.06 -704.813 5849
-8749.44 3124.81 45653.9 46692.5
1991.82 3104.09 -537.539 3728.65 -1 1
-1192.6 1741.96 -167.274 2120.35 1 1
-4427.79 3190.34 26587.3 27141.8 1 2
-4321.65 -65.5243 19066.6 19550.7 -1 2
event 49
493.108 -5927.33 3514.24 7570.78
10497.4 5708.55 30639.1 33032.2
2845.14 3215.64 10555.5 11395.8 -1 2
1212.16 -1656.07 105.113 2057.7 -1 1
7652.25 2492.91 20083.6 21636.4 1 2
-719.055 -4271.26 3409.12 5513.08 1 1
event 50
9550.51 1968.19 8613.21 13374
-5809.49 1503.9 11457.2 13299.3
5450.92 538.107 2903.79 6200.43 1 1
4099.59 1430.08 5709.42 7173.59 -1 1
-3668.83 1025.96 9897.32 10605.7 -1 2
-2140.66 477.939 1559.91 2693.58 1 2
event 51
-3868.19 5372.95 18537.3 19926.2
-747.186 -9957.87 -30344.6 32095.2
1208.92 -4125.49 -12159.1 12897.1 1 2
-2612.66 1168.07 8548.29 9015.25 1 1
-1956.11 -5832.38 -18185.5 19198 -1 2
-1255.53 4204.88 9989.02 10911 -1 1
event 52
-10493.8 -1270.61 -11205 15712.3
-11204.4 6386.54 4939.52 14153.4
-5296.44 -268.429 -7746.97 9388.88 1 1
-5197.34 -1002.19 -3458.02 6323.43 -1 1
-5473.21 3502.5 874.706 6557.43 -1 2
-5731.22 2884.04 4064.81 7595.95 1 2
event 53
110.567 -5857.74 13872.6 15374.1
-6406.89 -10985.7 -17569.8 22000.3
1352.45 -3783.17 6799.82 7898.75 1 1
-1241.88 -2074.57 7072.76 7475.37 -1 1
-3671.36 -6643.57 -13341.3 15349.9 1 2
-2735.53 -4342.14 -4228.41 6650.41 -1 2
event 54
-4892.18 -6133.29 2021.32 8673.35
-8601.53 -10161.4 24086.5 27694.7
-2402.22 -4340.01 6675.04 8317.08 1 2
-1972.51 -991.607 1630.69 2746.71 -1 1
-6199.31 -5821.35 17411.5 19377.6 -1 2
-2919.67 -5141.69 390.625 5926.65 1 1
event 55
15679.6 10630.5 -5275.51 19906.8
3476.18 -8901.07 -18812.1 21326.1
3204.01 -5342.41 -9583.33 11430.6 -1 2
4089.42 3196.43 -88.2096 5192.25 1 1
11590.2 7434.05 -5187.3 14714.5 -1 1
272.175 -3558.67 -9228.81 9895.47 1 2
event 56
-9778.04 2451.35 -49631.8 50739.8
8228.76 5575.6 2148.88 10630.5
5724.53 5400.99 1294.52 7976.71 1 2
-4106.33 2369.11 -18688.9 19281.1 -1 1
2504.23 174.604 854.365 2653.82 -1 2
-5671.7 82.2419 -30942.9 31458.7 1 1
event 57
-3427.92 -8040.28 -2394.28 9577.11
7753.26 2133.38 -20607.7 22336.8
3023.27 -621.289 -8670.08 9203.67 -1 2
-1449.17 -1453.51 -1693.62 2663.13 -1 1
-1978.75 -6586.78 -700.663 6913.98 1 1
4729.99 2754.67 -11937.6 13133.1 1 2
event 58
-3493.75 5609.99 -3783.19 8220.79
265.714 6520.39 21960.2 23117.7
-1384.26 2804.35 10548.8 11003.1 1 2
283.758 2150.69 -1242.16 2502.02 1 1
-3777.51 3459.3 -2541.03 5718.77 -1 1
1649.97 3716.04 11411.4 12114.6 -1 2
event 59
3495.78 2978.5 2817.4 6214.13
9643.96 -5124.88 5106.32 12447.3
3117.11 738.113 2088.97 3825.72 1 1
378.668 2240.39 728.429 2388.41 -1 1
6086.06 -1510.44 3044.02 6971.29 -1 2
3557.89 -3614.44 2062.29 5476.04 1 2
event 60
4684.86 2925.82 7528.13 9837.28
-7887.55 -2292.7 -27600.6 28962.9
3096.31 1357.61 2136.2 4000.6 -1 1
1588.55 1568.21 5391.93 5836.68 1 1
-3572.19 -2554.24 -12200.2 12966.9 -1 2
-4315.36 261.541 -15400.4 15996 1 2
event 61
12674.2 4640.41 -51871.8 53688.4
1130.68 -5480.47 2160.49 6750.75
6526.98 4023.13 -28456.6 29471.7 1 1
6147.23 617.281 -23415.1 24216.7 -1 1
263.379 -3182.33 -377.473 3217.18 -1 2
867.302 -2298.15 2537.96 3533.57 1 2
event 62
11300 5340.56 2110.25 13048.2
8305.51 761.241 12980.7 15736.9
8000.35 5254.81 1658.78 9715 -1 1
3299.66 85.7511 451.466 3333.18 1 1
2171.3 1598.71 4215.66 5005.34 -1 2
6134.21 -837.469 8765.01 10731.6 1 2
event 63
7619.22 6983.26 -6846.85 12778.4
-14078.6 236.347 1214.5 14468.2
4663.05 5584.41 -5912.74 9375.57 -1 1
2956.17 1398.85 -934.104 3402.86 1 1
-11018.5 -24.6996 -340.187 11024.2 -1 2
-3060.17 261.046 1554.69 3443.98 1 2
event 64
3852.7 -2227.51 -15636.4 16549.7
-9687.01 -2575.09 144.444 10492
3105.64 -88.1983 -7972.49 8557.13 1 1
747.062 -2139.31 -7663.92 7992.6 -1 1
-4953.26 -2892.4 289.511 5744.19 1 2
-4733.75 317.305 -145.066 4747.76 -1 2
event 65
-10579.1 -1042.21 -9752.68 14754.9
5064.97 -2970.16 -4847.86 8220.01
3299.76 -1950.78 -4844.92 6178.87 1 2
-5206.88 -1291.1 -3089.44 6191.48 -1 1
1765.21 -1019.38 -2.93633 2041.14 -1 2
-5372.24 248.881 -6663.24 8563.46 1 1
event 66
19874.1 5786.19 -100367 102526
189.864 5553.33 -387.651 6373.2
13140.4 3993.5 -73344.8 74619.6 1 1
6733.71 1792.69 -27022.2 27906.4 -1 1
-284.629 3373.08 -1692.65 3786.15 -1 2
474.493 2180.25 1305 2587.05 1 2
event 67
2791.59 4554.68 8877.12 10813.5
12873.7 -12886.4 -11314.8 21665.8
1152.25 3346.73 7659.81 8438.73 1 1
1639.34 1207.95 1217.31 2374.78 -1 1
9237.03 -7146.21 -7025.16 13629.2 -1 2
3636.71 -5740.15 -4289.6 8036.59 1 2
event 68
4584.17 3118.35 -22327.4 23213
8470.51 3189.97 -6185.94 11392.2
3534.35 -161.272 -2927.06 4593.09 -1 2
2213.07 -114.89 -5908.81 6311.58 1 1
4936.16 3351.25 -3258.88 6799.11 1 2
2371.1 3233.24 -16418.6 16901.4 -1 1
event 69
-4362 -6911.08 29507.8 30774.9
-7184.36 -74.6515 -24119.8 25357
-1561.19 -4419.65 12302.5 13165.6 -1 1
-2800.81 -2491.43 17205.3 17609.2 1 1
-2918.83 1356.93 -12132.6 12552.8 -1 2
-4265.53 -1431.58 -11987.1 12804.2 1 2
event 70
1770.75 4427.86 12812.8 14017.8
7522.62 -6650.03 42321.9 43606.8
2387.05 1920.69 6155.42 6876.59 1 1
-616.294 2507.17 6657.34 7141.22 -1 1
3000.46 -4704.23 22006.4 22702.9 -1 2
4522.16 -1945.79 20315.6 20903.8 1 2
event 71
8098.89 3078.59 7002.26 11562.5
10970 3489.33 7522.97 14096.2
4813.07 183.601 3523.34 5968.62 1 1
3285.81 2894.99 3478.92 5593.89 -1 1
7621.34 3614.62 4399.69 9514.13 -1 2
3348.69 -125.287 3123.28 4582.08 1 2
event 72
4142.98 5464.25 -1547.61 7681.71
9304.58 -2961.52 9665.04 14083.6
1420.06 3301.79 522.621 3633.56 -1 1
2722.92 2162.45 -2070.23 4048.15 1 1
5243.9 -1321.4 3232.78 6301.32 1 2
4060.68 -1640.11 6432.26 7782.3 -1 2
event 73
-5839.92 2843.77 -9523.67 11936.6
6706.13 -6151.61 -37932.6 39131.7
3315.29 -1692.53 -10723 11351.2 1 2
-1015.04 1954.78 -2154.08 3082.65 -1 1
3390.84 -4459.08 -27209.6 27780.5 -1 2
-4824.88 888.993 -7369.59 8853.91 1 1
event 74
-9719.42 -3059.14 5587.62 12026.6
-131.889 11279.2 -13631.2 17962.1
1400.45 5199.83 -5554.19 7736.9 1 2
-1603.88 -1836.47 1363.02 2795.37 -1 1
-8115.54 -1222.67 4224.6 9231.21 1 1
-1532.34 6079.35 -8077 10225.2 -1 2
event 75
8518.59 -1014.74 -16537.4 18885.8
-11595.4 -4204.8 -11238.2 16971.3
-5573.44 -2613.59 -7510.77 9711.69 1 2
1929.47 -1013.69 -2161.59 3071.5 1 1
6589.11 -1.0497 -14375.8 15814.3 -1 1
-6021.99 -1591.21 -3727.47 7259.58 -1 2
event 76
-5647.25 -2275.71 -12186.1 13970
-9254.34 -2617.43 42874.4 44048.8
-3438.5 -1857.85 11961.8 12584.5 -1 2
-1978.54 -638.373 -1536.32 2587.19 -1 1
-5815.84 -759.579 30912.6 31464.3 1 2
-3668.71 -1637.34 -10649.8 11382.8 1 1
event 77
-5228.85 3034.97 -125.628 6794.13
-7573.73 2819.75 -4180.34 9611.37
-2909.35 2725.68 -1944.17 4436.73 -1 2
-2192.22 -185.722 -740.747 2323.83 1 1
-4664.38 94.0769 -2236.17 5174.64 1 2
-3036.63 3220.69 615.119 4470.3 -1 1
event 78
-4337.56 2407.69 -1591.75 6061
4510 7298.26 -2352.12 9419.56
-3058.3 -1.11253 -1267.91 3312.39 -1 1
-1279.26 2408.8 -323.841 2748.61 1 1
1173.45 4486.94 -1965.19 5038.13 -1 2
3336.55 2811.31 -386.937 4381.43 1 2
event 79
4130.66 6609.76 22327.2 23850.6
6370.68 -3725.39 -15591.3 17525.5
4665.65 -1557.02 -7440.18 8919.64 1 2
2014.64 3023.12 6131.96 7128.12 -1 1
1705.03 -2168.37 -8151.14 8605.89 -1 2
2116.02 3586.64 16195.3 16722.4 1 1
event 80
-7532.12 -3935.8 -41880.8 42846.4
5420.36 -2240.41 7157.77 9758.25
3692.45 108.456 4364.24 5718.72 1 2
-2977.84 -3092.38 -16722.2 17264.8 -1 1
1727.91 -2348.86 2793.53 4039.53 -1 2
-4554.27 -843.415 -25158.6 25581.6 1 1
event 81
4719.15 -4879.91 -6328.65 9784
-1869.08 -8740.74 -19714.3 21866.4
-472.229 -4001.55 -12403.5 13042 1 2
972.682 -2913.7 -1701.42 3513.08 1 1
-1396.85 -4739.19 -7310.78 8824.39 -1 2
3746.47 -1966.21 -4627.23 6270.92 -1 1
event 82
-7821.85 -1823.57 4713.11 9813.88
-6232.27 -3968.12 -7364.89 10882.1
-4698.68 -548.617 4335.73 6417.81 1 1
-3123.16 -1274.95 377.383 3396.06 -1 1
-4202.92 -3209.13 -3188.18 6175.65 -1 2
-2029.36 -758.985 -4176.72 4706.43 1 2
event 83
5281.7 5629.94 -7893.65 11467.1
5356.08 -4904.39 6508.35 10231.8
3232.15 -1192.41 1867.83 3920.28 -1 2
2862.25 1442.21 -4627.82 5630.3 1 1
2419.45 4187.73 -3265.83 5836.75 -1 1
2123.94 -3711.97 4640.52 6311.54 1 2
event 84
10531 -7394.13 55893.9 57439.5
-6190.76 4109.27 1166.21 8134.03
6788.28 -2910.29 32126.6 32964.9 -1 1
3742.7 -4483.84 23767.3 24474.7 1 1
-4110.12 3275.38 -582.887 5288.87 -1 2
-2080.64 833.883 1749.1 2845.16 1 2
event 85
-10498.2 -3056.86 11689.5 16303.1
9116.2 -10410.5 -7403 15996.2
-7319.86 -3407.04 9258.98 12285.3 -1 1
-3178.36 350.183 2430.54 4017.87 1 1
6830.91 -9136.42 -5050.68 12476.2 -1 2
2285.28 -1274.11 -2352.32 3520.01 1 2
event 86
-3215.02 3348.51 -9734.41 11220.5
8622.02 -301.335 -36960.6 38080.2
-2758.42 1390.77 -3501.54 4670.66 -1 1
-456.597 1957.74 -6232.87 6549.89 1 1
4478.45 10.1993 -12717.6 13483.5 1 2
4143.57 -311.535 -24243 24596.7 -1 2
event 87
1566.11 -7451.81 -8677.89 11953.2
2474.01 6820.07 14346.3 16372
2564.85 2768.32 7918.58 8772.53 1 2
-59.5185 -3411.47 -5806.49 6735.59 -1 1
1625.63 -4040.34 -2871.4 5217.58 1 1
-90.8427 4051.75 6427.69 7599.43 -1 2
event 88
954.589 -6735.46 3405.75 8213.85
6181.17 -3628.57 -13273.1 15399.3
1588.07 -2615.76 -4472.97 5420.59 1 2
1588.89 -1784.13 1713.59 2941.98 -1 1
-634.302 -4951.33 1692.16 5271.87 1 1
4593.09 -1012.81 -8800.09 9978.72 -1 2
event 89
-1144.3 -7040.57 -27300.3 28386.2
3391.06 -7366.62 -33703.9 34803.9
1207.38 -3814.46 -10682.2 11407.4 1 2
-1976.18 -2660.45 -11842.6 12298.1 1 1
831.878 -4380.11 -15457.7 16088.1 -1 1
2183.68 -3552.16 -23021.7 23396.5 -1 2
event 90
-1420.06 -9660.8 42586.6 43801.4
1108.17 9297.14 -3760.23 10554.3
1874.63 5521.52 -3221.97 6662.86 1 2
-1409.5 -4122.51 24531.8 24915.9 1 1
-766.466 3775.62 -538.262 3891.49 -1 2
-10.5635 -5538.29 18054.9 18885.5 -1 1
event 91
-4442.39 -1524.63 -4588.19 7259.59
-2774.32 15175.4 -33022.8 36579.8
-2636.18 -2430.91 -3182.86 4795.88 -1 1
-1806.21 906.282 -1405.33 2463.71 1 1
-567.006 9236.69 -21966.8 23836.8 -1 2
-2207.32 5938.69 -11055.9 12743 1 2
event 92
-5432.51 6265.43 -4828.68 10083.4
-7016.66 -3920.61 41490 42374.7
-5278.98 -1253.1 26558.5 27107.2 1 2
-1723.9 2818.76 -3569.53 4865.18 -1 1
-1737.67 -2667.51 14931.6 15267.5 -1 2
-3708.61 3446.68 -1259.15 5218.24 1 1
event 93
-11119.5 2402.99 -9778.53 15317.5
1119.1 -7370.95 4183.95 9092.86
-5896.19 -49.9334 -6036.48 8439.06 -1 1
-5223.27 2452.92 -3742.06 6878.49 1 1
1693.32 -4393.99 3765.81 6030.51 -1 2
-574.221 -2976.95 418.138 3062.35 1 2
event 94
-11780.4 -1004.91 -1231.62 12283.9
4616.05 -4964.5 -25316.3 26390.5
4519 -2885.9 -18713.6 19466.9 -1 2
-3035.52 -363.526 1030.31 3227.89 1 1
-8744.84 -641.381 -2261.93 9056 -1 1
97.0515 -2078.6 -6602.69 6923.63 1 2
event 95
-4693.2 208.59 7954.25 9743.22
809.193 -10130.4 15507.3 18797.6
-2919.58 1223.41 6507.19 7237.08 -1 1
-1773.62 -1014.82 1447.06 2506.14 1 1
478.022 -5384.61 10933.3 12197.1 -1 2
331.17 -4745.83 4574.06 6600.44 1 2
event 96
5042.19 14633.7 49568 52020.7
-5687.17 1553.97 5641.6 8728.02
-3544.97 676.362 1357.37 3857.19 1 2
943.57 6755.15 24186.6 25130.2 1 1
-2142.21 877.607 4284.23 4870.83 -1 2
4098.62 7878.5 25381.4 26890.5 -1 1
event 97
-7090.15 6255.87 12156.3 15709.1
-8675.54 -6520.61 17725.4 21013.5
-3300.33 4859.28 7837.03 9794.64 -1 1
-3789.81 1396.58 4319.29 5914.44 1 1
-6015.54 -4787.27 14878.8 16748 -1 2
-2660 -1733.33 2846.63 4265.5 1 2
event 98
-4773.96 -982.416 -11459 12831.8
-9276.65 -4077.99 -20884.4 23418.7
-2987.9 778.141 -7847.18 8433.41 -1 1
-1786.07 -1760.56 -3611.86 4398.44 1 1
-5477.94 -770.757 -11738.6 12977.2 1 2
-3798.72 -3307.24 -9145.8 10441.5 -1 2
event 99
9832.39 -12986.7 -53204.2 55763.9
5084.31 1769.14 -17966.4 19009.5
6303.67 -5462.34 -28755.7 29941.2 1 1
3528.73 -7524.37 -24448.6 25822.7 -1 1
3129.17 2277.98 -14376.8 14889 -1 2
1955.14 -508.84 -3589.61 4120.43 1 2
event 100
-5127.96 2817.95 13487.2 15024.4
-7401.96 -4109.94 -2071.5 9249.98
-2454 2771.35 5768.91 6855.22 -1 1
-2673.96 46.5981 7718.29 8169.17 1 1
-3445.69 -2602.99 414.233 4339.48 1 2
-3956.27 -1506.95 -2485.73 4910.5 -1 2
event 101
-2465.73 -9186.32 28702.3 30395.3
5664.31 -1333.01 6893.97 9538.3
3700.13 -1796.78 2812.96 4984.31 1 2
33.2767 -4161.13 9132.18 10036.1 -1 1
1964.18 463.771 4081.01 4554 -1 2
-2499 -5025.19 19570.1 20359.2 1 1
event 102
-12336.8 6077.73 26415.3 29941.5
-2454.39 5854.12 6696.64 9732.98
-2206.66 2565.59 1816.83 3842.35 1 2
-5887.13 1281.1 12335.4 13728.5 1 1
-247.731 3288.54 4879.81 5890.63 -1 2
-6449.69 4796.64 14079.9 16213 -1 1
event 103
-4235.25 -7705.69 -15201.5 17832.3
-7056.03 3234.25 3202.66 8949.63
-4831.2 1777.84 527.082 5175.93 -1 2
-896.279 -3541.12 -8585.38 9330.74 -1 1
-3338.97 -4164.56 -6616.08 8501.53 1 1
-2224.82 1456.42 2675.58 3773.71 1 2
event 104
3184.39 -7801.48 -28399.9 29785
7215.65 -584.884 -29963.9 30981.2
2969.95 -1395.55 -9104.48 9678.37 1 2
1357.52 -1641.74 -11674.3 11867.6 1 1
1826.88 -6159.74 -16725.5 17917.4 -1 1
4245.7 810.668 -20859.4 21302.8 -1 2
event 105
-3625.41 -6097.52 -7008.26 10441.7
-7472.23 8580.62 2550.03 12064.6
-1951.32 4533.61 1302.04 5105.65 1 2
97.4113 -2443.09 -2940.56 3825.73 -1 1
-5520.91 4047.02 1248 6958.98 -1 2
-3722.82 -3654.43 -4067.7 6616.02 1 1
event 106
-3383.15 9755.91 11002.5 15403.6
-3553.45 -6554.45 -42594.9 43353.3
-930.379 -4825.99 -24712.8 25197 -1 2
-1501.56 3744.55 2253.2 4622.17 -1 1
-1881.58 6011.35 8749.32 10781.4 1 1
-2623.07 -1728.46 -17882.1 18156.3 1 2
event 107
-1792.67 -6305.83 -9459.41 12084.9
-8278.39 3919.46 -9245.83 13378
-2851.83 -3486.79 -5800.66 7345.03 1 1
1059.16 -2819.04 -3658.75 4739.88 -1 1
-3788.66 2906.1 -3080.19 5683.14 -1 2
-4489.73 1013.37 -6165.64 7694.86 1 2
event 108
-15111.7 -6441.99 -18309.8 24793.3
6415.62 2759.68 26637.3 27711.2
-8763.2 -2646.5 -11835.1 14962.5 1 1
-6348.5 -3795.49 -6474.78 9830.73 -1 1
4361.24 491.356 18581.4 19093 -1 2
2054.38 2268.33 8055.85 8618.22 1 2
event 109
-5244.32 1708.6 -624.13 6356.31
-10938 -10856.6 -64197.8 66094.3
-4221.63 -120.124 -509.152 4255.23 -1 1
-1022.68 1828.73 -114.978 2101.07 1 1
-6672.05 -4795.49 -37247.9 38143.5 1 2
-4265.95 -6061.08 -26949.9 27950.7 -1 2
event 110
6477.33 3648.75 8950 12040
5041.35 -14330.7 6651.92 16870.8
3063.98 3026.02 3373.85 5471.63 1 1
3413.35 622.733 5576.15 6568.36 -1 1
3366.05 -12782.2 5578.68 14347.4 -1 2
1675.29 -1548.54 1073.24 2523.41 1 2
event 111
7618.67 4668.48 -10274.9 13964.4
5379.7 3178.74 -2661.75 7464.59
5014.04 2864.91 -4299.91 7200.61 1 1
2604.62 1803.56 -5974.97 6763.75 -1 1
2035.76 -245.279 -1487.77 2535.57 -1 2
3343.94 3424.02 -1173.98 4929.02 1 2
event 112
1906.56 -9642.35 4990 11450
-12158.9 6615.58 13676.8 19704.1
-3247.49 2699.69 5836.74 7205.09 1 2
1781.8 -2079.68 1280.56 3025.05 1 1
-8911.44 3915.89 7840.1 12499 -1 2
124.751 -7562.66 3709.44 8425 -1 1
event 113
-4387.18 -5151.42 31493.2 32360.5
3851.61 -9626.69 40149.5 41582.2
-2173.78 -4627.67 19968.1 20612.5 1 1
-2213.4 -523.748 11525.2 11747.9 -1 1
704.55 -5569.12 18586.6 19416.1 -1 2
3147.06 -4057.58 21562.9 22166.1 1 2
event 114
-4232.06 -7103.92 834.248 8869.11
-590.572 5002.73 11705.5 13114.3
-3606.98 -3045.4 416.657 4740.21 1 1
-625.078 -4058.51 417.591 4128.9 -1 1
992.838 3625.53 8310.32 9121.56 -1 2
-1583.41 1377.2 3395.13 3992.73 1 2
event 115
2590.75 6654.14 -4822.52 9156.25
-202.775 5613.27 5124.44 8209.79
-1587.71 3715.24 3551.31 5380.22 -1 2
390.14 3210.45 -622.542 3295.13 1 1
2200.61 3443.7 -4199.98 5861.12 -1 1
1384.93 1898.02 1573.13 2829.56 1 2
