event 0
-5958.35 -4166.63 24061.3 25325.8
8522.68 198.317 21129.1 22993.5
3170.66 -189.739 4422.69 5446.14 -1 2
-2621.69 -80.0369 8175.74 8586.82 -1 1
5352.02 388.056 16706.4 17547.4 1 2
-3336.66 -4086.59 15885.5 16739 1 1
event 1
-12055.6 9262.86 -62963 64846.5
3255.45 -5853.49 5290.05 9079.5
-8191.08 6959.58 -49418.8 50574.2 -1 1
-3864.51 2303.28 -13544.3 14272.3 1 1
-292.529 -2333.92 1345.22 2711.74 -1 2
3547.97 -3519.58 3944.83 6367.76 1 2
event 2
-9324.38 -2727.23 7144.14 12450.3
6378.27 -661.788 -6396.95 9572.46
-6461.97 -355.359 4726.7 8014.75 1 1
-2862.4 -2371.87 2417.44 4435.57 -1 1
2188.58 -335.066 -405.511 2253.39 -1 2
4189.69 -326.722 -5991.44 7319.07 1 2
event 3
3153.64 -3564.14 526 5702.29
14009.8 -8279.06 71712.5 73628
2832.83 -1119.92 -384.609 3072.17 -1 1
320.803 -2444.22 910.609 2630.11 1 1
9172.81 -7353.69 49942.5 51307.7 1 2
4837.02 -925.369 21770 22320.3 -1 2
event 4
-4933.29 4627.57 -18540.3 19977.1
10423.1 -4200.2 6143.77 13176.4
-3507.75 2154.57 -7318.65 8397.64 1 1
-1425.54 2473 -11221.6 11579.5 -1 1
6820.67 -2079.54 2290.57 7490.26 1 2
3602.38 -2120.66 3853.2 5686.18 -1 2
event 5
-8844.49 913.405 15731.3 18333.7
7178.79 -4468.3 3772.29 9763.37
4962.67 -3154.18 979.47 5962.17 1 2
-3463.33 1834.27 7357.64 8336.98 -1 1
2216.12 -1314.12 2792.82 3801.2 -1 2
-5381.16 -920.865 8373.68 9996.73 1 1
event 6
-4394.34 7116.54 -8626.13 12407.9
7077.97 -8659.88 8286.07 14259.8
-1662.8 5261.96 -4493.41 7117.23 -1 1
-2731.54 1854.58 -4132.72 5290.69 1 1
6780.13 -6648.72 7400.38 12039.6 -1 2
297.849 -2011.16 885.688 2220.15 1 2
event 7
16830.1 -3199.95 3250.18 17710.1
-4604.87 -2254.85 -3499.88 7219.8
12749.2 -1043.29 2362.69 13008.6 -1 1
4080.92 -2156.66 887.488 4701.48 1 1
-3278.07 232.295 -2786.94 4310.21 -1 2
-1326.8 -2487.14 -712.943 2909.59 1 2
event 8
14465.7 -20175.2 -33835.1 42127.2
-9468.65 1120.21 10816.8 14748
9604.92 -11086.1 -17807.5 23071 -1 1
4860.8 -9089.19 -16027.6 19056.2 1 1
-6509.1 2155.89 7939.25 10490.9 -1 2
-2959.55 -1035.68 2877.58 4257.14 1 2
event 9
-7353.37 4628.64 -501.119 9237.83
5962.17 5301.2 4214.69 9539.62
-4452.97 1251.97 559.929 4660.58 1 1
-2900.4 3376.67 -1061.05 4577.25 -1 1
4852.16 2589.92 3506.66 6523.72 -1 2
1110.02 2711.28 708.028 3015.9 1 2
event 10
-1281.03 -8775.76 -4834.42 10564.9
11279.7 -10674.4 -32431.3 36090.9
9642.39 -8878.03 -29504.4 32284.9 1 2
954.586 -4061.05 -2253.82 4742.81 1 1
1637.28 -1796.35 -2926.89 3805.97 -1 2
-2235.62 -4714.71 -2580.6 5822.12 -1 1
event 11
5458 -2388.98 14769.1 16223.9
-4594.17 -8123.57 7302.98 12248.3
-463.217 -3804.69 2463.16 4557.25 1 2
1905.98 670.276 4658.68 5079.02 1 1
-4130.95 -4318.88 4839.82 7691.07 -1 2
3552.02 -3059.26 10110.5 11144.9 -1 1
event 12
8280.22 -5851.64 24924.1 27085.2
-5413.21 -8044.52 -5100.96 11385.4
-4865.68 -5138.89 -4435.93 8352.94 1 2
3723.57 -1994.64 14147.1 14764.7 1 1
-547.534 -2905.63 -665.031 3032.48 -1 2
4556.65 -3857 10777 12320.5 -1 1
event 13
4829.87 -2951.59 27813.7 28552.3
9127.15 356.816 22230.6 24232.7
3898.01 -699.599 18903.3 19314 -1 1
931.856 -2252 8910.36 9238.26 1 1
4538.15 1003.28 14411.5 15142.8 -1 2
4589 -646.463 7819.15 9089.95 1 2
event 14
10258.6 -2369.18 -34993 36673.7
-5251.2 -6031.55 -10554.7 13599.5
-3512.87 -4306.17 -4798.48 7343.02 -1 2
3250.45 -2238.02 -11652.2 12302.8 -1 1
7008.19 -131.161 -23340.9 24370.9 1 1
-1738.33 -1725.37 -5756.18 6256.48 1 2
event 15
6371.44 -219.835 1371.64 7219.14
8510.85 -5202.1 51211.3 52265.5
4135.17 973.736 -165.399 4252.8 1 1
2236.27 -1193.57 1537.04 2966.34 -1 1
4305.45 -4218.22 26270.4 26953.2 -1 2
4205.4 -983.879 24940.9 25312.3 1 2
event 16
4409.57 8650.69 9092.97 13658.4
-4799.84 6594.38 -29171.1 30447.8
-905.774 3850.24 -12860.6 13455.5 -1 2
175.447 3115.94 3729.16 4863.91 -1 1
4234.12 5534.76 5363.81 8794.48 1 1
-3894.07 2744.14 -16310.5 16992.3 1 2
event 17
5314.06 5924.36 -399.259 8549.11
-23605.9 -10341.7 -72612 77112.2
4499.96 3315.53 -1161.62 5709.89 -1 1
814.099 2608.84 762.359 2839.21 1 1
-15462.8 -8348.5 -49010.8 52066 1 2
-8143.1 -1993.17 -23601.2 25046.2 -1 2
event 18
23028.7 -14285.3 -63237.6 68869.3
-22357.8 -26815.7 -91274.9 97773.5
-8817.29 -11316 -33519 36460 -1 2
5776.55 -2092.49 -13696.3 15011.6 1 1
17252.1 -12192.8 -49541.3 53857.7 -1 1
-13540.5 -15499.7 -57755.9 61313.5 1 2
event 19
7761.98 -7037.78 -14300.8 17996.8
4428.47 -2591.11 26175.2 26852.5
3184.51 -387.482 18321.3 18600.4 1 2
3798.26 -2539.56 -3979.5 6060.01 -1 1
1243.96 -2203.63 7853.85 8252.12 -1 2
3963.72 -4498.22 -10321.3 11936.7 1 1
event 20
-3675.23 4278.47 10355.3 12354.3
6138.91 -8919.32 33874.8 35697.8
-741.788 3567.05 6552.11 7497.69 -1 1
-2933.45 711.42 3803.16 4856.58 1 1
2523.77 -6079.38 17807.8 18985.7 1 2
3615.14 -2839.94 16067 16712.1 -1 2
event 21
1189.31 -20378.6 -1657.43 20713.3
-4693.35 1819.21 -344.532 5920.09
-2672.17 2018 983.023 3491.47 1 2
1764.26 -6985.38 -2.16602 7205.5 1 1
-2021.17 -198.799 -1327.55 2428.63 -1 2
-574.954 -13393.3 -1655.26 13507.8 -1 1
event 22
7293.11 1500.19 -6193.71 10168.2
-11570.5 -1617.44 13758.5 18313.4
-4473.78 -1742.47 7161.91 8622.94 1 2
1556.58 1711.35 -1974.33 3043.16 1 1
-7096.75 125.029 6596.6 9690.5 -1 2
5736.53 -211.162 -4219.38 7125.08 -1 1
event 23
-6046.85 -8928.81 704.292 11241.6
3010.62 8805.65 -33207.6 34625.7
3147.51 6376.46 -27795.9 28691.2 -1 2
-3311.09 -2260.42 201.174 4015.53 1 1
-2735.76 -6668.39 503.119 7226.07 -1 1
-136.89 2429.19 -5411.75 5934.47 1 2
event 24
-7170.06 -1279.82 -5855.68 9845.18
-292.195 7372.29 -674.585 8030.07
-1190.56 5458.13 498.521 5609.67 1 2
-3512.38 362.255 -4246.21 5523.54 -1 1
898.364 1914.15 -1173.11 2420.41 -1 2
-3657.68 -1642.07 -1609.47 4321.64 1 1
event 25
-6859.16 -2726.17 -3163.49 8606.91
-17468.7 638.445 28.385 17752.6
-3921.73 -1096.31 -3301.12 5243.13 -1 1
-2937.43 -1629.86 137.629 3363.78 1 1
-15112.7 1070.01 -909.462 15178.2 -1 2
-2356 -431.564 937.847 2574.43 1 2
event 26
-7930.53 1599.84 23185.3 24750.8
-5496.68 6342.68 16813 19045
-2759.22 1393.42 7951.41 8531.76 1 2
-2610.37 874.795 4219.69 5039.47 -1 1
-2737.46 4949.25 8861.61 10513.2 -1 2
-5320.16 725.044 18965.6 19711.3 1 1
event 27
791.062 9703.8 -27226.6 29080.4
2072.25 4718.16 -229.255 6016.51
1920.3 5000.59 -13374.6 14407.8 1 1
-1129.24 4703.21 -13852 14672.6 -1 1
2561.45 2161.61 -526.979 3394.47 -1 2
-489.194 2556.56 297.724 2622.04 1 2
event 28
-6457.88 -1258.09 23858.3 24941.9
-108.874 8050.51 -12174.1 14920.5
-445.799 2967.31 -2206.56 3726.09 -1 2
-2023.64 902.882 9635.66 9887.74 1 1
336.925 5083.2 -9967.49 11194.4 1 2
-4434.25 -2160.97 14222.7 15054.2 -1 1
event 29
4819.99 9971.5 -4961.83 12524.9
4502.76 3797.37 -28494.8 29261.5
3317.35 893.736 -12632 13091.3 1 2
1896.52 3680.7 -272.135 4150.85 -1 1
1185.41 2903.64 -15862.8 16170.2 -1 2
2923.47 6290.8 -4689.69 8374.08 1 1
event 30
9848.45 8821.09 -35588.8 38143.9
8471.85 1004.12 8344.08 12328.6
6859.79 8163.53 -27587.6 29576.8 1 1
2988.65 657.56 -8001.2 8567.08 -1 1
2663.62 507.191 870.353 2849.7 -1 2
5808.23 496.927 7473.73 9478.94 1 2
event 31
-7052.69 -2.42 6567.78 10122.6
4502.52 8027.88 -600.378 9729.92
2017.99 2840.31 1224.47 3694.61 1 2
-1985.01 -1127.14 955.11 2476.71 1 1
2484.52 5187.58 -1824.84 6035.31 -1 2
-5067.68 1124.72 5612.67 7645.89 -1 1
event 32
5041.07 19161.3 26202.7 32996.1
3939.65 3261.7 -2522.13 6790.3
3534.13 740.528 -2160.17 4209.03 1 2
2623.7 9202.64 15183.2 17947.5 1 1
405.519 2521.17 -361.955 2581.26 -1 2
2417.37 9958.67 11019.6 15048.6 -1 1
event 33
-8468.69 -2027.02 10532.9 14012.8
-6659.21 1440.38 21258 22537
-4239.33 -2280.22 4180.86 6376.69 -1 1
-4229.35 253.198 6352.03 7636.16 1 1
-3574.37 -194.479 7069.5 7924.83 -1 2
-3084.84 1634.86 14188.5 14612.1 1 2
event 34
-6825.44 8463.94 23072.5 25693.5
-3973.69 -6066.48 11113.2 13626.6
-3943.91 -3669.47 8626.97 10171.3 -1 2
-2770.94 2373.25 10855.3 11452.5 1 1
-4054.5 6090.69 12217.2 14241 -1 1
-29.786 -2397.01 2486.19 3455.27 1 2
event 35
-4447.28 -8747.8 44654.7 45825
6454.05 1627.48 22376.5 23550
-3844.62 -4224.74 23675.1 24354.7 -1 1
-602.655 -4523.06 20979.6 21470.3 1 1
3488.01 2353.78 11253.3 12014.8 -1 2
2966.03 -726.304 11123.2 11535.2 1 2
event 36
-7851.73 -731.849 34021.1 35060.1
7512.22 105.312 20360.8 21922.5
-4644.45 988.89 16816.6 17474.5 -1 1
-3207.27 -1720.74 17204.5 17585.6 1 1
5006.22 1504.73 12293.5 13359.2 -1 2
2506 -1399.42 8067.23 8563.28 1 2
event 37
12336.9 -506.124 -13837.9 18802.5
11611.2 3732.07 27007.2 29794.8
3683.48 311.973 5590.84 6703.28 -1 2
2544.42 -1226.58 -2244.07 3609.09 1 1
9792.43 720.458 -11593.9 15193.4 -1 1
7927.73 3420.1 21416.4 23091.5 1 2
event 38
15017.7 -4906.19 -56074.7 58340.1
3467.97 6096.37 -4127.33 8707.4
8646.37 -1354.99 -32900.5 34044.8 -1 1
6371.34 -3551.19 -23174.2 24295.3 1 1
2601.78 3670.43 -921.734 4593.7 -1 2
866.196 2425.95 -3205.6 4113.7 1 2
event 39
-3974.28 -3351.33 4751.53 7693.76
5687.84 9943.14 -43640.5 45225
-2803.06 -1582.4 982.09 3367.02 1 1
-1171.22 -1768.93 3769.44 4326.75 -1 1
2967.91 6268.65 -31428.9 32185.3 -1 2
2719.93 3674.49 -12211.6 13039.7 1 2
event 40
-10226.9 -3293.66 39342.3 40900.4
995.285 5341.75 782.903 6303.14
-6738.74 -588.831 23520.8 24474.4 -1 1
-3488.14 -2704.83 15821.5 16426 1 1
-692.235 3591.99 1163.99 3840.26 -1 2
1687.52 1749.76 -381.085 2462.88 1 2
event 41
-6672.32 4926.85 -13289.6 15968.7
-6512.27 14348.8 30947.4 34865.9
-2586.27 3670.79 -7914.83 9100.51 1 1
-4086.06 1256.06 -5374.74 6868.22 -1 1
-4936.04 9585.77 23844.9 26169.5 1 2
-1576.22 4763.05 7102.49 8696.42 -1 2
event 42
6824.41 -4723.64 12855.7 15739.8
12327.7 7914.52 -22961.1 27411.9
5846.35 2504.27 -11936.3 13525.4 -1 2
652.573 -2290.71 2625.79 3546.71 1 1
6481.35 5410.26 -11024.8 13886.5 1 2
6171.84 -2432.92 10229.9 12193.1 -1 1
event 43
4356.51 3676.85 -10128.9 12028.5
-14630.3 -15966.8 -86724.3 89440.9
2652.66 2626.69 -8962.61 9709.57 1 1
1703.84 1050.17 -1166.3 2318.91 -1 1
-12023.8 -11569 -63038.5 65209.5 1 2
-2606.49 -4397.8 -23685.8 24231.4 -1 2
event 44
-8762.35 2707.87 74.812 9680.27
3915.44 8686.69 38243 39533.7
2753.42 6423.3 32627.5 33367.7 1 2
-3296.48 2393.17 811.589 4154.98 -1 1
1162.02 2263.39 5615.59 6165.98 -1 2
-5465.87 314.703 -736.777 5525.28 1 1
event 45
3560.12 -2277.72 -24215.5 24775.9
-12904.2 3674.15 -2843.72 14060.5
3182.72 -273.048 -14561 14907.6 1 1
377.399 -2004.67 -9654.53 9868.25 -1 1
-7386.38 1598.36 -104.213 7558.79 -1 2
-5517.87 2075.8 -2739.5 6501.68 1 2
event 46
-10476.5 3580.77 -2523.81 11770.3
-4526.98 -3697.32 -3018.62 7270.94
-5009.39 3248.31 -1846.76 6250.38 -1 1
-5467.12 332.452 -677.048 5519.92 1 1
-2660.75 -1987.88 -3347.34 4716.68 -1 2
-1866.23 -1709.44 328.722 2554.25 1 2
event 47
4330.84 15547.4 3367.93 16775.4
-7030.03 -4582.06 -26704.6 28162.8
-2797.12 -3381.1 -15937 16530.4 1 2
1451.54 2812.39 -384.619 3189.92 1 1
2879.3 12735 3752.55 13585.5 -1 1
-4232.91 -1200.96 -10767.6 11632.4 -1 2
event 48
8483 3662.8 36328 37612.4
-4179.92 4335.21 8760.25 11072.5
4094.93 2509.28 23988.7 24464.9 1 1
4388.07 1153.52 12339.4 13147.5 -1 1
-2762.13 2769.87 7848.02 8769.5 -1 2
-1417.79 1565.34 912.231 2302.99 1 2
event 49
-303.703 -4921.95 7283.05 9324.76
-13201.2 -6016.15 20168.3 25036.3
880.25 -3109.65 2546.48 4115.88 -1 1
-1183.95 -1812.3 4736.57 5208.88 1 1
-7914.44 -2176.69 9842.67 12816.6 1 2
-5286.72 -3839.46 10325.6 12219.7 -1 2
event 50
-1345.32 -13705.2 45003.5 47165.2
-6435.25 5281.14 -6396.79 10945.9
-1912.64 2859.81 -4016.41 5289.56 1 2
874.905 -1809.01 6251.47 6567.34 1 1
-2220.22 -11896.2 38752.1 40597.8 -1 1
-4522.61 2421.33 -2380.38 5656.34 -1 2
event 51
7478.76 3701.81 -2462.22 9235.21
-5454.78 2383.04 -6085.73 9058.73
-2440.68 2617.77 -4083.77 5431.21 1 2
2888.23 3122.64 -1472.33 4502.41 -1 1
-3014.09 -234.738 -2001.96 3627.51 -1 2
4590.53 579.162 -989.884 4732.8 1 1
event 52
1280.63 6915.59 -10232.8 12797.2
5251.49 4109.29 26.972 7352.28
1895.41 3960.15 -7659.05 8828.79 1 1
-614.775 2955.44 -2573.76 3968.37 -1 1
2984.92 3864.71 785.997 4947.19 -1 2
2266.57 244.576 -759.025 2405.09 1 2
event 53
7399.04 1593.51 -3233.64 8793.88
-11268.1 16374.9 -34297.2 39761.7
4401 2444.17 -2324.17 5545.79 1 1
2998.04 -850.659 -909.464 3248.1 -1 1
-5406.85 8586.76 -14544.5 17734.7 -1 2
-5861.23 7788.16 -19752.7 22027 1 2
event 54
-4076.93 7246.6 4974.49 10172.1
-6327.95 -14795.5 -16033.2 22926.1
-821.321 -3749.41 -5452.05 6668.49 1 2
-1895.38 1160.07 423.577 2264.69 -1 1
-5506.63 -11046.1 -10581.1 16257.6 -1 2
-2181.55 6086.53 4550.92 7907.4 1 1
event 55
-5448.24 -6584.68 8961.53 12764.9
-6779.91 4586.23 -6708.92 11027.3
-2844.8 2465.99 -1244.21 3966.51 1 2
-164.924 -2166.11 1744.01 2787.82 -1 1
-5283.32 -4418.57 7217.53 9977.03 1 1
-3935.11 2120.24 -5464.71 7060.79 -1 2
event 56
-4941.01 598.85 21206.7 22002
4764.25 14379.9 -10357.3 18610.4
-3128.87 -1104.15 13557.6 13958.1 -1 1
-1812.14 1703 7649.08 8043.85 1 1
2848.97 10277.3 -5616 12053.6 -1 2
1915.28 4102.67 -4741.34 6556.8 1 2
event 57
16588.5 -22559.6 -41773.9 50386.1
6392.31 -873.889 14113.9 15824.7
3961.16 -949.464 5327.47 6707.11 1 2
7216.76 -8594.47 -14378.8 18240.3 -1 1
2431.15 75.5752 8786.47 9117.54 -1 2
9371.69 -13965.1 -27395 32145.8 1 1
event 58
-145.809 -8295.46 -28956.7 30280.6
4116.15 -8211.26 -14491.6 17434.6
-173.04 -4668.43 -10842.7 11806.8 -1 1
27.2301 -3627.03 -18113.9 18473.8 1 1
3626.04 -4890.77 -11107.4 12667 -1 2
490.105 -3320.49 -3384.25 4767.62 1 2
event 59
-8228.87 4368.23 20302 22551.3
-6131.87 -4353.61 -45989.3 46702.9
-2779.27 -3837.11 -26863.7 27278.6 -1 2
-2964.9 2027.91 4679.91 5900.49 1 1
-5263.96 2340.32 15622.1 16650.8 -1 1
-3352.6 -516.501 -19125.6 19424.3 1 2
event 60
6655.91 40192.1 121017 127728
6124.39 1106.5 12345.9 14168.5
5629.2 29605.7 85727.8 90870.6 1 1
1026.7 10586.4 35289 36857.2 -1 1
3362.9 594.036 3518.51 4904.39 -1 2
2761.49 512.466 8827.41 9264.06 1 2
event 61
-8096.15 10009.4 6947.54 14953.1
-5801 709.714 -3846.34 7651.15
-4544.39 4824.99 1911.26 6898.99 -1 1
-3551.76 5184.4 5036.28 8054.08 1 1
-3671.78 1028.47 -3952.49 5493 -1 2
-2129.22 -318.753 106.153 2158.15 1 2
event 62
-3942.29 -9245.73 -37601.2 39044.4
-5075.5 6532.26 8098.51 11983.6
-3722.69 -5261.71 -20824.5 21799.4 1 1
-219.604 -3984.02 -16776.7 17245 -1 1
-1602.79 2889.86 5237.25 6193.56 -1 2
-3472.71 3642.4 2861.26 5790.06 1 2
event 63
-1965.18 -6251.17 3910.84 8235.56
11366.3 4044.37 8695.07 15321.3
267.218 -3960.68 2754.43 4832.85 -1 1
-2232.4 -2290.49 1156.41 3402.7 1 1
6786.23 3689.44 3805.51 8611.5 -1 2
4580.05 354.935 4889.56 6709.83 1 2
event 64
-3148.6 4756.4 23394.5 24278.1
1966.78 9461.04 11251.3 15151.3
-1113.17 3788.89 18044.7 18472.1 -1 1
-2035.42 967.511 5349.75 5806.03 1 1
-187.53 5698.3 7466.4 9394.89 1 2
2154.31 3762.74 3784.94 5756.41 -1 2
event 65
-7119.53 -3710.55 868.714 8648.77
-544.928 6400.59 -3172.43 7805.12
170.363 4026.54 -3452.28 5307.68 1 2
-2845.75 -2998.2 -340.979 4149.09 1 1
-715.29 2374.05 279.845 2497.44 -1 2
-4273.78 -712.347 1209.69 4499.68 -1 1
event 66
-10282 13225.8 61881.1 64183.4
-2795.77 -4081.45 -3723.37 6923.03
-7190.2 10531.9 42460.8 44334.5 -1 1
-3091.8 2693.94 19420.3 19848.9 1 1
-2860.32 -1698.08 -1461.27 3634.74 -1 2
64.5486 -2383.37 -2262.1 3288.29 1 2
event 67
-7301.84 438.002 5492.67 9657.58
8812.59 2692.17 -6182.19 11520.5
3526.7 526.019 -4111.55 5443.37 -1 2
-2904.03 1379.41 3449.67 4716.73 1 1
5285.89 2166.15 -2070.64 6077.13 1 2
-4397.82 -941.405 2043 4940.85 -1 1
event 68
11748 -4733.71 -16254.4 20837.9
-2890.37 4427.45 -929.223 6197.69
-1442.13 2953.61 -2019.34 3859.08 1 2
3744.16 -2493.48 -7643.88 8869.97 -1 1
-1448.25 1473.83 1090.12 2338.62 -1 2
8003.87 -2240.23 -8610.47 11968 1 1
event 69
-6045.66 -3098.41 -23115.2 24291
-3485.34 8540.8 12124.4 15546.2
-4506.9 -968.66 -17387.8 17988.8 -1 1
-1538.77 -2129.75 -5727.4 6302.21 1 1
-352.315 4929.04 6420.1 8102.37 -1 2
-3133.03 3611.76 5704.32 7443.87 1 2
event 70
7491.55 1750.63 9667.25 12737.2
10276.2 -4628.28 -6198.46 13230
3059.49 -2215.56 -704.539 3844.05 -1 2
3318.92 -206.571 2293.59 4040.99 1 1
7216.71 -2412.72 -5493.92 9385.97 1 2
4172.63 1957.2 7373.67 8696.19 -1 1
event 71
-8577.63 8638.04 47087.9 48734.5
-9033.44 -1569.92 11835.7 15288.7
-7372.03 -130.348 8107.52 10959.3 -1 2
-2986.42 3430.88 12229 13047.9 1 1
-5591.21 5207.16 34858.9 35686.6 -1 1
-1661.41 -1439.57 3728.18 4329.33 1 2
event 72
6117.88 -10551.8 43784.2 45556.7
-9028.5 8729.52 -16314.9 20820.3
-4052.79 3752.88 -9692.35 11156.3 -1 2
567.781 -3566.34 10874.2 11458.6 -1 1
5550.09 -6985.48 32910 34098.1 1 1
-4975.71 4976.64 -6622.55 9664.05 1 2
event 73
6530.79 5311.96 5130.66 10333.6
-923.823 -9656.13 1697.34 10323.1
1062.91 -4028.46 217.056 4173.31 1 2
2000.54 3609.29 2280.1 4715.84 1 1
-1986.73 -5627.67 1480.28 6149.81 -1 2
4530.25 1702.68 2850.56 5617.75 -1 1
event 74
-19169.4 3101.99 -7204.95 20942.5
6137.22 1140.99 21680 22772.4
3066.17 831.602 5988.4 6779.75 1 2
-4706.2 -51.2363 -647.938 4752.04 1 1
3071.06 309.384 15691.7 15992.7 -1 2
-14463.2 3153.23 -6557.01 16190.5 -1 1
event 75
-4916.26 -7010.72 2723.5 9504.16
4510.14 -15001 28843.7 32968.5
-1833.1 -4485.79 338.877 4858.87 1 1
-3083.16 -2524.92 2384.63 4645.29 -1 1
2589.69 -12374.9 21626 25050.7 -1 2
1920.44 -2626.16 7217.7 7917.78 1 2
event 76
-6783.35 -2568.62 16218.7 18034.7
-15928.3 326.686 48424.4 51071.8
-3453.44 263.469 15002.1 15397.1 -1 2
-2180.07 243.753 2709.05 3487.44 -1 1
-12474.8 63.2171 33422.2 35674.7 1 2
-4603.28 -2812.37 13509.7 14547.2 1 1
event 77
-6363.15 -673.609 13599.8 15345.6
6633.49 -5435.65 25191.8 26791.2
1766.07 -3117.85 12439 12945.3 1 2
-2013.41 1178.67 3718.12 4390.75 -1 1
4867.42 -2317.81 12752.8 13845.9 -1 2
-4349.74 -1852.27 9881.64 10954.9 1 1
event 78
16494.5 13808.2 -46413.4 51249.7
-898.892 -5158.79 19902.9 20812
9649.4 6139.68 -23467.6 26106.4 -1 1
6845.11 7668.54 -22945.8 25143.2 1 1
816.409 -3812.01 12630.9 13219.2 -1 2
-1715.3 -1346.77 7272.07 7592.78 1 2
event 79
-7820.45 -5589.01 -6919.22 12241.9
2447.03 -5295.88 30079 30795.6
-5294.9 -1909.41 -4050.8 6935.55 -1 1
-2525.56 -3679.6 -2868.43 5306.31 1 1
105.474 -3668.3 14507.9 14965.2 -1 2
2341.55 -1627.58 15571.1 15830.4 1 2
event 80
-9488.31 -6180.33 26894 29344.6
6989.36 -3576.26 -7092.15 11024.1
2600.77 -2501.2 -4650.48 5887.12 -1 2
-1650.22 -2295.7 4664.18 5455.2 -1 1
-7838.09 -3884.63 22229.8 23889.4 1 1
4388.58 -1075.06 -2441.67 5136.96 1 2
event 81
9644.12 1849.1 -20806.4 23214.8
1579.9 -6430.73 -17.8013 7310.37
264.983 -4848.87 1080.7 4976.02 -1 2
4758.46 -237.527 -7492.17 8879.37 -1 1
4885.66 2086.63 -13314.2 14335.4 1 1
1314.91 -1581.86 -1098.5 2334.34 1 2
event 82
9942.13 2161.89 15317.3 18647.6
2627.59 -4915.44 -11116.4 12815.2
5211.12 758.93 5257.28 7441.9 1 1
4731.02 1402.96 10060.1 11205.7 -1 1
2859.2 -2607.92 -8350.11 9203.9 -1 2
-231.612 -2307.51 -2766.26 3611.32 1 2
event 83
19070.4 13652.8 -70442.2 74335.5
5000.78 12995.4 26952.6 30494.6
3271.05 5574.87 9992.31 11901.1 -1 2
2659.43 655.718 -10084.8 10450.7 1 1
16411 12997.1 -60357.3 63884.8 -1 1
1729.73 7420.58 16960.3 18593.5 1 2
event 84
-3280.63 6421.19 -31268.7 32238.5
-17125.9 10103 -38642.6 43568.4
-1295.66 5381.35 -20213.3 20957.8 -1 1
-1984.97 1039.84 -11055.4 11280.7 1 1
-11791.8 8111.06 -29660.1 32932.8 -1 2
-5334.07 1991.96 -8982.5 10635.6 1 2
event 85
-3281.37 -5248.2 -6111.71 9233.35
-12144 4571.8 19270.9 23437.9
-3520.26 98.5852 3917.02 5268.41 -1 2
-2436.38 -1334.17 -3420.73 4407.78 1 1
-8623.74 4473.21 15353.9 18169.5 1 2
-844.995 -3914.03 -2690.97 4825.57 -1 1
event 86
-73.1519 -7343.53 4479.12 9142.55
-8040.21 1540.25 -9125.05 12644.2
-3047.75 2054.27 -4570.5 5865.96 1 2
-1013.53 -2936.33 3190.82 4454.41 1 1
-4992.45 -514.029 -4554.55 6778.2 -1 2
940.381 -4407.2 1288.3 4688.13 -1 1
event 87
9787.52 -15403.3 8603.22 20412.3
7398.9 -125.02 11015 13626.5
3374.41 1203.35 3567.93 5057.27 1 2
2385.12 -2319.93 2605.42 4227.33 1 1
7402.4 -13083.3 5997.8 16185 -1 1
4024.5 -1328.37 7447.07 8569.2 -1 2
event 88
-2171.41 12755.3 19276.9 23422.3
-7268.37 -8062.03 12506.3 16847.1
-5655.89 -6477.73 7737.22 11568.3 1 2
275.919 5883.9 10178.1 11760.1 1 1
-1612.48 -1584.3 4769.09 5278.77 -1 2
-2447.33 6871.37 9098.84 11662.1 -1 1
event 89
8808.98 -6920.61 14004.5 18199.2
7503.61 -3759.84 -30324.6 31616.6
3938.32 -2716.63 -21768.7 22288.5 -1 2
4158.01 -2288.35 3873.83 6127.26 -1 1
4650.97 -4632.27 10130.7 12071.9 1 1
3565.29 -1043.22 -8555.89 9328.14 1 2
event 90
-8119.47 -9822.02 21661.1 25321.8
-5069.69 -4728.3 16751 18391.4
-2083.98 -3574.04 7044.99 8170.67 1 2
-2145.53 -4238.05 10086.5 11149.6 -1 1
-2985.72 -1154.26 9705.97 10220.8 -1 2
-5973.94 -5583.97 11574.7 14172.2 1 1
event 91
-13984.4 -16975.5 68595.5 72101.8
-1647.57 -4174.52 -2236.32 5893.48
-2410.42 -2036.83 -1032.21 3321.96 1 2
-3519.47 -2725.03 16366.5 16961.3 -1 1
762.855 -2137.69 -1204.12 2571.52 -1 2
-10464.9 -14250.4 52229 55140.5 1 1
event 92
5469.35 2180.51 25483 26337.1
8703.89 1670.98 7366.26 11933.3
2725.25 2604.17 12327.5 12891.4 -1 1
2744.09 -423.654 13155.5 13445.7 1 1
4323.35 2287.5 3133.31 5809.72 1 2
4380.54 -616.516 4232.95 6123.58 -1 2
event 93
5134.45 7391.78 14547.1 17384.2
4337.11 -8959.51 4531.23 11366.9
2731.95 -4193 3797.36 6282.99 1 2
1161.82 2698.07 2503.14 3860.86 1 1
3972.63 4693.71 12043.9 13523.3 -1 1
1605.17 -4766.51 733.865 5083.88 -1 2
event 94
3849.38 -5472.46 19369.6 20725.3
1141.81 -8631.57 25077 26725.5
-556.477 -3821.23 14117.6 14636.6 1 2
110.784 -2511.25 8262.99 8637.52 1 1
1698.29 -4810.34 10959.3 12088.9 -1 2
3738.6 -2961.21 11106.6 12087.8 -1 1
event 95
-969.51 8854.66 42216.3 43256.8
-2636.93 -12282.5 -6916.36 14671
-2202.11 -4707.46 -1724.76 5476.81 1 2
552.837 2713.49 8163.76 8621.3 -1 1
-434.817 -7575 -5191.61 9194.22 -1 2
-1522.35 6141.17 34052.6 34635.5 1 1
event 96
8045.35 3734.47 -16719.2 19178
-6026.72 8746.62 -19762.4 22648.8
-3052.42 3868.93 -12293.3 13244.7 -1 2
2406.91 -312.312 -4960.9 5523.81 1 1
5638.44 4046.78 -11758.3 13654.2 -1 1
-2974.3 4877.69 -7469.12 9404.1 1 2
event 97
-3494.04 -3529.7 15715 16769.6
12836.8 -5854.69 -1373.14 14509.9
-1378.53 -3465.99 9793.65 10480.5 -1 1
-2115.51 -63.7065 5921.39 6289.16 1 1
7033.92 -1862.53 -1643.71 7460.43 -1 2
5802.86 -3992.16 270.569 7049.46 1 2
event 98
649.017 9319.36 -12939 16256.7
555.377 6275.07 -15610.9 17116.6
-903.811 4292.92 -11683.1 12480.1 -1 2
1494.3 2779.69 -5254.39 6130.2 -1 1
-845.283 6539.67 -7684.64 10126.5 1 1
1459.19 1982.15 -3927.81 4636.48 1 2
event 99
5757.57 389.165 21979.4 22934.4
-1407.6 7262.02 -28558.2 29662.8
-1563.59 2737.89 -16125.2 16430.9 1 2
1906.06 -1253.25 6151.59 6561.78 1 1
155.994 4524.12 -12433 13231.9 -1 2
3851.51 1642.41 15827.8 16372.6 -1 1
event 100
6887.34 4275.9 10149.4 13353.7
7070.1 -4639 -14536.9 17100.2
1484.83 -2691.15 -4528.84 5474.36 1 2
1586.69 2041.24 5011.28 5639.89 -1 1
5585.27 -1947.85 -10008 11625.9 -1 2
5300.65 2234.66 5138.12 7713.76 1 1
event 101
5306.37 5760.13 35229.9 36222.5
5516.86 -383.476 -2516.84 6819.69
3654.67 -1716.21 -1757.93 4404.94 -1 2
1172.56 3456.19 17042.2 17429 1 1
4133.81 2303.94 18187.6 18793.5 -1 1
1862.19 1332.73 -758.91 2414.75 1 2
event 102
-10452.9 4875.22 10428 15854.5
-10302.1 1924.52 -8324.28 13737.6
-4760.03 1401.18 -2107.37 5391.98 1 2
-3139.78 1392.56 5131.89 6176.16 1 1
-7313.08 3482.67 5296.15 9678.35 -1 1
-5542.02 523.337 -6216.91 8345.6 -1 2
event 103
9364.59 -3968.74 24259.6 26487.1
-5404.58 8958.87 15031.8 18574.6
-2801.32 2134.23 3857.3 5224.2 1 2
3130.15 68.5259 8659.24 9208.48 -1 1
6234.44 -4037.27 15600.3 17278.6 1 1
-2603.25 6824.64 11174.5 13350.4 -1 2
event 104
448.497 -5668.29 1696.36 6693.37
4836.2 6761.35 -20457.3 22297.9
1756.64 -3333.53 1291.29 3984.57 -1 1
-1308.15 -2334.76 405.074 2708.8 1 1
3386.42 2711.05 -12783.4 13499.8 -1 2
1449.79 4050.3 -7673.83 8798.05 1 2
event 105
-1823.63 -5943.6 -4375.52 8208.99
10203.4 -566.832 5430.6 11979.7
-192.282 -3949.03 -1231.14 4142.3 -1 1
-1631.35 -1994.56 -3144.39 4066.68 1 1
5648.34 1116.28 2299.33 6200.64 1 2
4555.01 -1683.11 3131.27 5779.01 -1 2
event 106
-6742.39 4729.76 -4285.6 9787.13
7077.18 -2734.14 -28784.6 29928.3
-2645.09 3719.3 -1967.09 4970.94 1 1
-4097.31 1010.47 -2318.52 4816.19 -1 1
3824.45 -3042.9 -15827.8 16565.5 -1 2
3252.73 308.761 -12956.8 13362.9 1 2
event 107
12541.9 -8520.61 -30714.7 34393
-1658.69 7387.31 -5496.04 9855.01
-2026.89 5385.67 -2604.14 6317.15 1 2
6522.06 -2582.36 -14292 15921 -1 1
368.2 2001.64 -2891.9 3537.85 -1 2
6019.8 -5938.25 -16422.7 18472.1 1 1
event 108
-4196.82 -6103.51 1584.54 8183.43
4327.33 9067.46 -2682.57 10850.4
2501.17 3619.53 231.508 4406.99 1 2
-2795.07 -1634.31 5.86515 3239.54 -1 1
1826.16 5447.93 -2914.07 6443.43 -1 2
-1401.75 -4469.2 1578.68 4943.89 1 1
event 109
7291.02 -7891.63 12566.6 16821
3394.42 5343.81 -6712.67 9732.89
3432.23 2616.28 -4039.38 5912.09 -1 2
1304.11 -3077.62 2595.28 4233.1 1 1
5986.91 -4814.01 9971.29 12587.9 -1 1
-37.8075 2727.52 -2673.29 3820.79 1 2
event 110
-12819.5 -633.052 -7517.35 15193.5
6261.06 -1958.42 -3.23226 7254.33
-9015.1 -1138.27 -3801.2 9850.28 1 1
-3804.41 505.219 -3716.15 5343.19 -1 1
1933.19 645.213 -694.005 2155.54 -1 2
4327.87 -2603.63 690.773 5098.79 1 2
event 111
-5649.24 9246.4 -22804.2 25436.8
5846.23 41.7306 6850.17 9523.44
3623.62 1309.91 5214.7 6484.65 1 2
-3800.19 3623.86 -12399.6 13466.1 -1 1
2222.61 -1268.18 1635.47 3038.78 -1 2
-1849.05 5622.54 -10404.6 11970.7 1 1
event 112
-6779.06 5461.93 3890.01 10025.5
-12978.3 10896.9 -5689.98 18142.3
-4300.99 1681.9 2699.31 5350.21 -1 1
-2478.07 3780.03 1190.69 4675.29 1 1
-7020.45 5098.76 -1409.54 8791.02 1 2
-5957.82 5798.09 -4280.44 9351.3 -1 2
event 113
-9588.4 -1125.17 -21714.8 24048.3
-1862.99 -6619.98 -1746.55 7741.88
-6473.79 466.65 -10955.5 12734.3 -1 1
-3114.61 -1591.82 -10759.3 11314 1 1
-1969.79 -2408.21 -1656.91 3526.48 -1 2
106.799 -4211.77 -89.6411 4215.4 1 2
event 114
2313.53 7150.6 14390.8 16527.8
-7491.37 2140.32 -42807.9 43621.2
2393.89 3791.85 10292 11227 -1 1
-80.3628 3358.76 4098.77 5300.83 1 1
-5348.03 -1.01648 -26717.4 27247.6 -1 2
-2143.34 2141.33 -16090.4 16373.5 1 2
event 115
-1879.55 -6915.63 -7878.48 11091.4
109.669 -7436.15 21601.5 23054.8
1582.1 -3398.95 10538.3 11185.8 1 2
632.165 -3261.99 -2776.6 4331.38 -1 1
-2511.72 -3653.64 -5101.88 6760.04 1 1
-1472.43 -4037.2 11063.1 11868.9 -1 2
event 116
5294.38 9771.71 15242.6 19220.9
-7037.21 6433.82 14932.5 17985.7
1439.46 6291.2 7473.62 9875.09 1 1
3854.92 3480.52 7769.03 9345.77 -1 1
-4482.04 2491.13 6007.68 7899.23 -1 2
-2555.17 3942.69 8924.78 10086.5 1 2
event 117
6434.92 -13136.8 -22924.1 27369.5
-5600.18 853.321 -16171.3 17412.4
4242.57 -8816.55 -12501.3 15875.3 -1 1
2192.34 -4320.29 -10422.8 11494.2 1 1
-2934.9 1886.19 -7302.58 8093.84 -1 2
-2665.28 -1032.87 -8868.68 9318.53 1 2
event 118
2765.09 -7763.89 -31569 32773.7
-6085.53 -10312.5 47086.7 48684
582.992 -5425.93 -22640.9 23289.5 -1 1
2182.1 -2337.96 -8928.04 9484.13 1 1
-2078.39 -6140.76 27929 28671.8 -1 2
-4007.14 -4171.78 19157.7 20012.2 1 2
event 119
2637.8 6840.94 -7497.94 11115.9
-3226.09 -7033.73 -20477.4 22108.7
-3162.58 -3821.33 -10244.4 11382.6 1 2
2766.47 2371.02 -4183.74 5548.87 1 1
-63.5109 -3212.4 -10233 10726.1 -1 2
-128.669 4469.93 -3314.2 5567.04 -1 1
event 120
10934.7 10742.2 -188.351 15639.3
-5980.3 3238.34 -13675.1 15583.6
7159 4897.77 86.7764 8675.15 -1 1
3775.65 5844.38 -275.127 6964.14 1 1
-3330.78 2874.68 -5899.51 7360.25 -1 2
-2649.51 363.66 -7775.57 8223.31 1 2
event 121
1049.99 8912.24 -20053.9 22187.4
2268.71 -7645.64 8180.28 11836.9
-140.971 4995.25 -14110.4 14969.5 1 1
1190.97 3916.98 -5943.55 7217.9 -1 1
23.9831 -5212.41 4515.82 6897.36 -1 2
2244.73 -2433.23 3664.46 4939.52 1 2
event 122
-13688.9 4559.6 29665.1 33132.8
880.772 -5571.85 -9213.46 11238.3
1300.53 -3398.65 -3263.49 4889.14 1 2
-5541.09 2649.47 15601.7 16767.4 -1 1
-419.754 -2173.2 -5949.97 6349.19 -1 2
-8147.78 1910.12 14063.4 16365.4 1 1
event 123
5418.64 -6888.23 9027.72 12957.6
-4480.12 18189.7 -14601.1 23952.4
3371.37 -5244.78 4385.68 7623.6 -1 1
2047.27 -1643.46 4642.03 5334.03 1 1
-3966.3 9998.43 -7700.37 13229 1 2
-513.824 8191.24 -6900.7 10723.4 -1 2
event 124
-7902.45 -992.208 -1773.58 8727.52
-4779.23 -3875.09 32624.1 33343.4
-2067.3 -3554.9 21363.7 21756.2 -1 2
-3217.22 1107.64 -549.092 3448.19 -1 1
-4685.24 -2099.84 -1224.49 5279.33 1 1
-2711.93 -320.194 11260.3 11587.2 1 2
event 125
2173.07 -6728.22 31158.2 32100.1
4727.29 -6983.98 -28245.5 29639.9
2606.83 -3160.29 17880.8 18344.4 -1 1
-433.757 -3567.92 13277.5 13755.7 1 1
3663.17 -5112.41 -24719.1 25506.8 -1 2
1064.12 -1871.57 -3526.47 4133.07 1 2
event 126
-6367.75 5330.53 3179 9415.93
-1981.77 18221.9 -52609.2 55796.9
-3595.75 3106.75 166.721 4756.08 1 1
-2772 2223.78 3012.28 4659.85 -1 1
-669.961 10809.5 -26612.5 28732 1 2
-1311.81 7412.43 -25996.7 27064.8 -1 2
event 127
-7838.04 393.379 -3292.19 9056.43
-8174.03 -1657.73 -25346.3 26862.4
-3693.26 -1717.25 -8439.94 9371.92 1 2
-2431.11 -922.886 -25.3123 2602.66 1 1
-5406.93 1316.26 -3266.88 6453.77 -1 1
-4480.76 59.5227 -16906.4 17490.5 -1 2
event 128
11758.1 -3414.51 13851.4 18744.7
7398.98 -3461.14 -18340.8 20315
6184.61 -1620.59 -15053.2 16355 -1 2
4751.25 -2143.62 7891.06 9457.77 1 1
7006.86 -1270.88 5960.31 9286.96 -1 1
1214.37 -1840.55 -3287.57 3960 1 2
event 129
5490.68 -6103.69 -12170 15003.4
-2105.73 5492.85 5258.9 8476.55
-105.781 4013.49 4067.88 5716.47 -1 2
1149.71 -3550.24 -4958.99 6207.15 1 1
4340.97 -2553.45 -7211.01 8796.24 -1 1
-1999.95 1479.37 1191.02 2760.07 1 2
