event 0
-3740.02 5723.97 -3674.42 8357.25
-4121.84 -6055.26 -16821.3 18606.6
-1324.51 -3121.6 -4503.07 5638.04 -1 2
-321.026 3277.6 -1452.1 3600.76 -1 1
-3419 2446.37 -2222.32 4756.48 1 1
-2797.34 -2933.66 -12318.3 12968.5 1 2
event 1
-1696.7 -6608.39 14907.8 16684.8
7059.5 -15436.2 2025.3 17487.1
-35.3789 -5044.19 11749.9 12787.3 1 1
-1661.32 -1564.19 3157.95 3897.5 -1 1
4260.11 -11051.6 -154.887 11845.7 1 2
2799.39 -4384.6 2180.19 5641.43 -1 2
event 2
822.136 7681.01 -7387.64 11128.4
-4194.15 -6968.09 -13201.6 15812
-1574.87 -2742.21 -2575.3 4079.62 -1 2
-1152.07 2154.59 -2391.87 3420.78 1 1
1974.2 5526.42 -4995.77 7707.64 -1 1
-2619.28 -4225.88 -10626.3 11732.4 1 2
event 3
3623.19 7012.65 -2652.94 8884.2
-2041.11 10422.3 43779.8 45155.9
-2677.28 7991.63 36257.7 37224.5 1 2
813.632 3790.23 -51.0525 3878.35 1 1
636.17 2430.71 7522.06 7931.31 -1 2
2809.56 3222.43 -2601.88 5005.86 -1 1
