event 0
6767.75 8138.5 30388.2 32327.5
-11241.8 -10146.7 -34936.2 38202.9
-4912.66 -2446.49 -12384.9 13546.8 -1 2
2812.73 3265.28 8143.56 9214.25 -1 1
-6329.15 -7700.25 -22551.3 24656.1 1 2
3955.02 4873.22 22244.6 23113.3 1 1
event 1
1727.17 10473 -21358 24050.4
-509.142 8210.92 164.724 8791.85
44.0103 6683.68 -10731.9 12643.5 -1 1
1683.16 3789.3 -10626.1 11406.9 1 1
-1572.13 2606.68 -338.008 3064.6 -1 2
1062.99 5604.24 502.732 5727.25 1 2
event 2
2678.98 3222.4 -23966.2 24526.1
8829.19 486.467 -1146.96 9439.18
2837.56 1046.44 -14034.7 14357.3 -1 1
-158.574 2175.96 -9931.46 10168.8 1 1
4959.65 1739.8 -195.806 5260.66 -1 2
3869.54 -1253.33 -951.15 4178.52 1 2
event 3
-11023.6 -2119.45 12248 16900.2
-6045.92 -3015.5 -6954.94 10178.8
-3942.68 -537.383 -4975.1 6371.52 1 2
-4762.27 -2321.62 4631.77 7038.01 -1 1
-2103.24 -2478.12 -1979.84 3807.31 -1 2
-6261.35 202.172 7616.21 9862.21 1 1
event 4
-10677.3 -1647.81 -2506.42 11514.9
3729.51 -12173.6 -8543.45 15642.5
-5201.16 -1947.28 -2338.77 6027.02 1 1
-5476.11 299.466 -167.646 5487.87 -1 1
1638.76 -6726.34 -2843.62 7485.09 1 2
2090.75 -5447.26 -5699.83 8157.4 -1 2
event 5
7322.62 12549.1 -1218.27 14905.6
6163.79 1018.89 5134.34 8659.26
4147.14 9134.7 187.418 10034.3 1 1
3175.48 3414.44 -1405.69 4871.26 -1 1
4073.97 1571.85 4764.25 6463.53 -1 2
2089.82 -552.961 370.092 2195.73 1 2
event 6
-106.97 6554.36 1060.87 7327.19
8806.71 -2203.64 -32833.6 34206
-61.9371 4090.87 2159.38 4627.43 -1 1
-45.0324 2463.49 -1098.51 2699.76 1 1
4492.38 -2687.53 -18839.9 19553.9 -1 2
4314.33 483.889 -13993.7 14652.1 1 2
event 7
4596.44 -1205.36 -6249.11 8439.31
9445.54 -1800.55 22969.9 25093.2
2710.38 -2235.65 -4049.67 5362.4 -1 1
1886.05 1030.3 -2199.44 3076.91 1 1
5239.92 283.923 14313.6 15245.5 1 2
4205.62 -2084.47 8656.37 9847.65 -1 2
event 8
-10755.5 -7485.81 -12561.1 18414.4
-1620.43 -4865.85 -3633.48 7006.76
-4791.93 -4728.1 -4934.27 8347.2 1 1
-5963.55 -2757.71 -7626.84 10067.2 -1 1
108.599 -3425.64 -1065.52 3590.72 -1 2
-1729.03 -1440.21 -2567.96 3416.04 1 2
