event 0
-349.022 -4650.09 -8244.84 9965.71
-2120.08 -10116.7 -23986.7 26302
-1622.84 -2641.32 -5639.93 6436.63 1 1
1273.81 -2008.76 -2604.91 3529.09 -1 1
-2638.63 -5928.37 -16047.9 17310.5 1 2
518.547 -4188.38 -7938.76 8991.47 -1 2
event 1
2523.15 14674.3 -38379.6 41283
-8212.23 -4320.28 15512.5 18339.4
92.9656 9263.32 -22613.6 24437.8 -1 1
2430.19 5411 -15766 16845.3 1 1
-5047.43 -1967.17 6249.45 8271.22 -1 2
-3164.8 -2353.11 9263.09 10068.2 1 2
event 2
-1767.76 -5227.41 2929.7 6973.15
10640.6 2950.91 8933.05 14536.9
-469.3 -3216.15 84.1637 3253.01 -1 1
-1298.46 -2011.26 2845.54 3720.14 1 1
6604.19 2970.61 6952.92 10039.6 -1 2
4036.44 -19.6941 1980.12 4497.26 1 2
event 3
-1728.61 11693.4 -44301.2 45955.6
2208.74 4919.42 1961.28 6520.5
1483.69 2952.47 -435.5 3334.55 1 2
-1660.06 4102.93 -12503.6 13264.3 1 1
725.055 1966.95 2396.78 3185.96 -1 2
-68.5498 7590.51 -31797.6 32691.3 -1 1
