event 0
-5752.66 5697.1 -4084.04 9582.1
-5995 6979.45 -17881.9 20347.2
-2341.09 3583.51 -714.79 4341.01 -1 1
-3411.57 2113.58 -3369.25 5241.09 1 1
-4461.77 4011.2 -8640.23 10519.6 -1 2
-1533.22 2968.26 -9241.68 9827.57 1 2
event 1
600.634 6470.45 -28444.7 29341.5
11047.8 1742.02 -35580.1 37424.9
1096.09 4102.64 -22906.4 23296.9 -1 1
-495.454 2367.81 -5538.32 6044.52 1 1
6066.05 266.375 -14639.7 15849.3 1 2
4981.71 1475.65 -20940.4 21575.6 -1 2
event 2
5198.55 -7773.61 526.814 9865.21
-3676.68 6193.93 -15881.9 17711.8
-2616.69 4161.12 -7107.96 8642.7 -1 2
952.505 -3308.58 1241.31 3661.42 -1 1
4246.05 -4465.03 -714.496 6203.8 1 1
-1059.99 2032.8 -8773.93 9069.11 1 2
