event 0
-7524.29 -3003.7 1699.81 8838.39
-956.231 15503.1 7314.33 17445.7
1032.33 3849.75 1393.84 4223.77 1 2
-2938.64 -2478.11 -188.893 3850.13 1 1
-1988.56 11653.4 5920.49 13221.9 -1 2
-4585.65 -525.594 1888.7 4988.26 -1 1
event 1
1445.14 5100.14 -7723.5 9866.2
-6529.26 -8313.37 14087.7 17882.9
-631.285 3289.53 -3741.18 5022.67 -1 1
2076.42 1810.61 -3982.32 4843.53 1 1
-2867.88 -6071.62 8327.59 10698.1 1 2
-3661.38 -2241.75 5760.13 7184.81 -1 2
event 2
-7008.33 6949.97 4795.74 11402.1
-4842.03 242.185 -21917.8 22660.2
-2793.03 -1374.05 -10830.3 11269.2 1 2
-2358.79 4324.17 2995.89 5766.18 1 1
-2049 1616.24 -11087.5 11391 -1 2
-4649.54 2625.8 1799.85 5635.92 -1 1
