event 0
4829.64 2076.34 3103.3 6845.3
20514 -3721.78 11734.2 24123.8
2637.64 2743.96 1929.15 4268.4 1 1
2192.01 -667.621 1174.14 2576.9 -1 1
15678.9 -3356.25 7570.96 17732 -1 2
4835.02 -365.529 4163.27 6391.79 1 2
event 1
18801.5 -1004.83 72066.3 74576.4
-1206.43 6681.52 20869.7 22163.8
10001.8 203.039 44648 45755.1 1 1
8799.69 -1207.87 27418.3 28821.3 -1 1
-1385.95 3452.38 15066.9 15519.7 -1 2
179.518 3229.14 5802.83 6644.06 1 2
event 2
7169.36 -3976.9 34723.6 35812.5
7655.37 -4764.54 36290.8 37522.3
3311.23 -1985.08 9792.37 10526.5 -1 2
1318.77 -2088.15 7271.14 7679.85 1 1
5850.59 -1888.75 27452.5 28132.7 -1 1
4344.14 -2779.46 26498.4 26995.8 1 2
event 3
9053.74 5295.33 -11539.3 16023.5
-442.538 -5851.1 -5694.41 8743.51
1072.97 -4413.9 -3896.37 5985.54 1 2
4788.4 1761.11 -3239.55 6044.51 -1 1
-1515.5 -1437.2 -1798.04 2757.97 -1 2
4265.35 3534.22 -8299.76 9979.03 1 1
event 4
-16231.1 1938.55 -41181.2 44415
1583.27 4839.7 403.082 5973.59
-10951.6 860.63 -31104 32987.1 1 1
-5279.57 1077.92 -10077.2 11427.9 -1 1
-233.684 3712.78 773.393 3801.14 -1 2
1816.95 1126.92 -370.312 2172.45 1 2
event 5
-3649.46 6786.25 -4427.88 9620.96
-9239.6 -1057.59 -11145.1 14842.3
-3310.64 -1880.58 -4595.07 5968.48 1 2
-663.671 2633.51 -3484.12 4418.84 1 1
-5928.96 822.99 -6550.07 8873.81 -1 2
-2985.79 4152.74 -943.757 5202.12 -1 1
event 6
-708.768 5909.13 -12092.3 13828.8
6298.21 -9777.1 -5442.54 13208.7
2447.51 -3029.56 -3409.89 5177.55 1 2
1229.59 2273.53 -4762.64 5419.85 1 1
3850.7 -6747.54 -2032.65 8031.19 -1 2
-1938.35 3635.6 -7329.65 8408.91 -1 1
