event 0
-3049.19 5727.31 3303.05 7912.05
11448.7 12859 -20573.6 27005.4
-3080.14 2548.89 1633.57 4320.17 1 1
30.9541 3178.42 1669.48 3591.88 -1 1
8775.33 7826.97 -13041.6 17560.2 1 2
2673.38 5031.98 -7532.09 9445.18 -1 2
event 1
-5382.89 2440.38 3806.12 7681.88
7748.83 3997.45 35343.2 36534.3
-2636.05 1546.6 3685.24 4788.83 1 1
-2746.84 893.785 120.879 2893.05 -1 1
3382.13 3340.45 15902.7 16598.3 1 2
4366.7 656.998 19440.5 19936 -1 2
event 2
3029.56 4257.32 11283.9 12814.8
7392.36 -6141.94 11140.4 15035.6
3000.25 1928.84 8251.48 8989.99 1 1
29.3121 2328.48 3032.41 3824.83 -1 1
5004.81 -2589.86 4903.42 7470.62 -1 2
2387.54 -3552.07 6236.94 7564.93 1 2
event 3
135.636 -6961.82 -18675.5 20170.6
-6521.67 -4757.32 -37202.5 38194
-1216.24 -3569.91 -11747.5 12338.5 -1 1
1351.87 -3391.91 -6928.04 7832.08 1 1
-4398.99 -1305.43 -19289.3 19827.9 -1 2
-2122.69 -3451.89 -17913.1 18366.1 1 2
event 4
11173.6 -3052.3 -4027.75 12648.3
9669.91 -3744.87 14133.4 17801
4326.07 -2235.43 9022.87 10253.6 1 2
1838.98 -1121.42 303.286 2177.75 -1 1
9334.58 -1930.88 -4331.03 10470.5 1 1
5343.84 -1509.44 5110.53 7547.43 -1 2
event 5
2875.22 5233.3 -9257.13 11442.9
-3147.93 -7059.71 24835.8 26194.6
-323.559 -3272.21 6861.7 7609.6 1 2
-426.5 2051.95 -2335.98 3140.12 1 1
-2824.37 -3787.49 17974.1 18585 -1 2
3301.72 3181.35 -6921.15 8302.76 -1 1
event 6
12340 -5866.37 -15730.8 21065.1
-1231.09 -8666.06 -2762.92 9687.16
6539.73 -2460.3 -10157.5 12329.2 1 1
5800.23 -3406.08 -5573.22 8735.9 -1 1
-1249.57 -4389.23 -2897.63 5406.86 -1 2
18.4766 -4276.83 134.703 4280.3 1 2
event 7
6599.72 -12762 46264 48542.5
10931.1 -6197.29 -2527.08 13186.1
2473.11 -1785.12 669.641 3124.5 1 2
1362 -2469.34 13793.4 14079.1 -1 1
5237.73 -10292.7 32470.6 34463.4 1 1
8458.04 -4412.16 -3196.72 10061.6 -1 2
event 8
7557.54 12419.7 27425.1 31194.5
2724.11 3706.38 6299.25 8392.23
4266.24 9141.4 16777 19576.7 1 1
3291.3 3278.32 10648.1 11617.8 -1 1
593.167 3320.77 3723.43 5025.39 -1 2
2130.95 385.609 2575.82 3366.84 1 2
event 9
5870.19 -996.197 -783.403 6756.93
-2934.7 -7823.39 5132.83 10283.7
-2238.8 -2617.23 3149.58 4668.32 -1 2
1411.65 -1665.86 -471.478 2236.36 1 1
-695.895 -5206.15 1983.24 5615.4 1 2
4458.54 669.668 -311.925 4520.57 -1 1
event 10
5281.69 -7886.95 9088.25 13501.4
7024.47 4456.97 12006.4 14931.6
2213.27 3084.24 4235.51 5688.74 1 2
62.4286 -2427.68 2254.38 3315.25 1 1
5219.26 -5459.27 6833.87 10186.1 -1 1
4811.2 1372.73 7770.93 9242.86 -1 2
event 11
-6166.17 -7978.4 -32806.4 34460.5
-4296.34 5288.86 21606.7 22866.3
-4943.22 -4731.15 -24947 25868.6 -1 1
-1222.95 -3247.25 -7859.41 8591.96 1 1
-2474.34 1293.94 11711.9 12040.6 -1 2
-1822 3994.92 9894.72 10825.7 1 2
