event 0
-8362.17 8636.75 27085.2 29794.6
6550.92 1251.31 -9401.03 11935.3
4501.82 2127.51 -7505.99 9007.98 -1 2
-2295.78 2807.52 11818.6 12363 1 1
-6066.39 5829.24 15266.6 17431.6 -1 1
2049.1 -876.202 -1895.04 2927.27 1 2
event 1
-2346.72 -6814.92 22163.4 23510.7
17033.7 11815.6 -14508.3 25491.9
-635.21 -5773.26 15544.1 16594.1 -1 1
-1711.51 -1041.66 6619.24 6916.63 1 1
9457.64 5481.97 -9153.26 14258.1 1 2
7576.1 6333.64 -5355.01 11233.9 -1 2
event 2
-2512.4 -3713.88 -8724.78 10286.7
-4232.45 8260.52 6359.49 11669.8
-2707.14 -1606.48 -6449.31 7177.33 -1 1
194.742 -2107.4 -2275.47 3109.34 1 1
-2019.86 4202.48 1355.22 4856.79 -1 2
-2212.6 4058.04 5004.27 6813.01 1 2
event 3
5836.95 -2736.63 10053 12337.4
-8269.15 2940.71 -2862.49 9737.09
-3544.68 1685.5 -2842.85 4847.53 1 2
1103.7 -2088.43 3620.39 4324.13 -1 1
-4724.47 1255.21 -19.6494 4889.55 -1 2
4733.25 -648.201 6432.56 8013.29 1 1
event 4
1271.89 6481.47 -23664.6 24763.5
4343.64 10085.1 3275.49 11870
450.78 4031.6 261.366 4066.51 1 2
-1024.93 1729.26 -6224.74 6542.12 1 1
3892.86 6053.46 3014.13 7803.52 -1 2
2296.82 4752.21 -17439.9 18221.4 -1 1
event 5
20900.6 628.59 -52860.7 56965.6
4804.67 -550.028 16493.9 17465
12300 -897.322 -34355.6 36502.2 1 1
8600.6 1525.91 -18505.1 20463.4 -1 1
2445.22 -1827.06 8473.53 9007.17 -1 2
2359.44 1277.03 8020.33 8457.81 1 2
event 6
-9231.32 8888 -59360.8 60807.2
3669.1 -6102.07 7584.96 11037.1
-6287.76 5701.71 -45428.9 46215.1 -1 1
-2943.56 3186.29 -13932 14592 1 1
1903.79 -3779.04 6806.78 8015.55 -1 2
1765.31 -2323.02 778.176 3021.5 1 2
event 7
-4378.41 1720.08 -25286 25905.7
6581.39 -9531.07 -58848 60056.9
-1989.62 2394.02 -15443.8 15754.7 1 1
-2388.79 -673.932 -9842.23 10150.9 -1 1
2396.91 -5497.12 -24709.2 25426.7 1 2
4184.48 -4033.95 -34138.8 34630.2 -1 2
event 8
-1672.33 -5707.86 -4331.79 7983.21
2230.21 -9065.69 -21264.7 23429.4
-219.474 -3904.65 -6358.72 7465.86 1 2
879.839 -2153.92 -1507.21 2774.22 1 1
2449.68 -5161.04 -14905.9 15963.6 -1 2
-2552.17 -3553.94 -2824.59 5208.99 -1 1
