event 0
-11601.1 -4348.35 11863.1 17430.4
5798.92 1384.18 16347.8 17786.9
4044.43 -134.2 6409.46 7580.75 -1 2
-2529.27 -2390.97 2978.97 4582.51 1 1
-9071.87 -1957.37 8884.1 12847.9 -1 1
1754.49 1518.38 9938.34 10206.2 1 2
event 1
-6458.31 -10888.2 -35764 38064.6
1878.15 8588.72 2770.69 9724.28
1355.79 4620.99 -66.6717 4817.39 -1 2
-3199.64 -3052.95 -14833.9 15479.5 1 1
-3258.67 -7835.23 -20930.1 22585.1 -1 1
522.366 3967.73 2837.36 4906.89 1 2
event 2
6690.12 3819.5 -0.224915 8302.86
9773.29 5314.66 -2069.21 11731.8
4589.44 935.948 -444.604 4706.14 1 1
2100.68 2883.55 444.379 3596.71 -1 1
5625.97 1794.57 12.8931 5906.21 1 2
4147.32 3520.09 -2082.1 5825.6 -1 2
event 3
4697.13 1316.85 -994.037 5863.06
7548.97 -9239.24 -29756.8 32208.9
3387.19 -604.43 -745.12 3522.03 -1 1
1309.94 1921.28 -248.917 2341.02 1 1
5721.78 -5018.52 -20602.3 21963.4 -1 2
1827.19 -4220.72 -9154.56 10245.5 1 2
event 4
9562.57 5799.43 15239.2 19154.7
-344.722 -6293.1 -1639.46 7211.12
-117.654 -3163.45 -2407.96 3978.78 1 2
4625.12 1387.47 7986.84 9333.68 -1 1
-227.068 -3129.65 768.507 3232.34 -1 2
4937.45 4411.96 7252.36 9820.98 1 1
