event 0
-2780.77 -3472.85 1521.99 5630.34
-9410.51 -6636.4 -270.567 11927.4
-573.495 -2952.13 229.554 3017.92 -1 1
-2207.28 -520.718 1292.43 2612.42 1 1
-5052.4 -5221.97 482.438 7282.83 -1 2
-4358.12 -1414.43 -753.005 4644.56 1 2
event 1
-3902.83 7777.77 8085.7 12275.8
-4923.08 -9754.75 19349.1 22435.9
-2722.3 -2562.55 5116.04 6337.4 -1 2
-2225.27 1737.26 3551.48 4538.07 1 1
-2200.77 -7192.2 14233.1 16098.5 1 2
-1677.56 6040.51 4534.22 7737.72 -1 1
event 2
3822.08 4663.27 30318.5 31066.9
9524.32 1836.83 4540.12 11148.5
3410.88 1809.57 18794 19186.8 -1 1
411.2 2853.7 11524.5 11880.2 1 1
4855.12 1578.11 819.236 5171.55 -1 2
4669.2 258.719 3720.88 5977 1 2
event 3
8771.94 1106.64 -14916.2 17614
7463.02 -3611.08 26873.3 28293.1
4499.82 -253.992 -5008.72 6738.79 1 1
4272.12 1360.63 -9907.45 10875.3 -1 1
4354.17 -3360.53 20032.7 20774.3 -1 2
3108.84 -250.549 6840.62 7518.83 1 2
event 4
-5363.25 10272.4 -17053.7 20849.6
-4328.82 4519.94 9428.28 11732.5
-2253.24 4333.69 6305.03 7976.37 -1 2
-3200.48 2990.92 -5717.39 7203.36 -1 1
-2162.77 7281.51 -11336.3 13646.2 1 1
-2075.58 186.251 3123.25 3756.14 1 2
event 5
-9040.32 849.317 22015.2 24014.8
-5486.01 5474.5 -105.028 8346.75
-2471.76 3614.41 -1361.93 4586.89 -1 2
-3709.83 -703.481 11772.3 12363.5 1 1
-5330.48 1552.8 10242.8 11651.2 -1 1
-3014.25 1860.09 1256.9 3759.86 1 2
