event 0
-763.887 -13678.8 7916.37 16123.1
3990.03 2689.65 -1268.83 5861.35
3370.79 726.78 -16.8127 3449.92 1 2
1181.29 -4517.1 2908.97 5502.08 -1 1
619.233 1962.87 -1252.02 2411.43 -1 2
-1945.17 -9161.69 5007.39 10621 1 1
event 1
-5860.77 5790.44 8140.62 11989.1
822.002 -9578.11 -7417.74 12531.1
1798.91 -3960.96 -2624.98 5082.02 -1 2
-3344.3 1454.85 2400.59 4367.49 1 1
-976.908 -5617.16 -4792.76 7449.06 1 2
-2516.46 4335.59 5740.03 7621.62 -1 1
event 2
-10540.8 -3496.35 -4189.34 12266.9
-5354.22 -3473.18 4344.16 8318.23
-3099.22 -3605.17 3499.74 5904.38 1 2
-4820.25 -417.76 -693.601 4888.92 1 1
-2255 131.996 844.42 2413.85 -1 2
-5720.6 -3078.59 -3495.74 7377.96 -1 1
event 3
-5728.39 4043.59 -1550.67 7820.47
-10988.2 5941.69 -53708.7 55229.1
-3191.57 2656.25 -23198.8 23567.7 -1 2
-1020.28 2152.34 -1353.76 2741.78 -1 1
-7796.59 3285.44 -30509.9 31661.4 1 2
-4708.11 1891.25 -196.909 5078.69 1 1
event 4
-2181.59 -6394.14 -9255.43 11870.1
-3887.79 -5807.92 15384.4 17178.9
-2810.32 -1555.78 5622.08 6475.9 -1 2
-1878.87 -2053.25 -5306.4 5992.92 -1 1
-1077.47 -4252.14 9762.28 10703 1 2
-302.715 -4340.89 -3949.03 5877.16 1 1
event 5
-3348.94 4013.48 -9314.13 11120.7
-7370.86 -8710.15 -31820.6 33946.1
-2934.17 1106.88 -4776.81 5715.21 1 1
-414.761 2906.6 -4537.32 5405.44 -1 1
-4312.77 -4113.14 -12443.2 13797.2 -1 2
-3058.09 -4597.01 -19377.3 20148.9 1 2
event 6
102.287 8166.72 11319.1 14297.5
3062.82 -9041.3 -27087.9 28887.2
-614.126 4393.82 8298.15 9410.28 -1 1
716.413 3772.9 3020.94 4887.26 1 1
3245.54 -6406.01 -16918.8 18380.1 -1 2
-182.72 -2635.3 -10169.1 10507.1 1 2
event 7
9585.23 2829.43 -8130.2 13250.4
-4756.53 11470.1 -5892 14088.9
-1865.2 3799.51 -3649.02 5589.43 1 2
2225.77 1672.63 -1065.58 2983.01 1 1
-2891.33 7670.62 -2242.98 8499.43 -1 2
7359.46 1156.81 -7064.62 10267.4 -1 1
event 8
4159.25 5556.93 -9337.07 12039.3
14009.7 -18049.1 -41884.5 47811.6
3241.36 2388.8 -3510.09 5342.72 1 1
917.889 3168.13 -5826.98 6696.6 -1 1
6489.58 -9730.68 -18690.1 22048.4 1 2
7520.15 -8318.43 -23194.5 25763.2 -1 2
