event 0
6309.24 6539.49 -4698.61 10688.3
-4288.18 -397.058 1424.56 5492.48
3556.6 3020.61 -4036.33 6170.62 1 1
2752.64 3518.88 -662.284 4517.67 -1 1
-2456.83 -1752.22 921.373 3156.95 -1 2
-1831.36 1355.16 503.189 2335.53 1 2
event 1
-5170.68 -6666.55 -25577.1 27110.1
6861.63 -296.175 -457.651 7547.85
4145.64 -172.463 -1787.83 4519.25 -1 2
-2851.47 -1995.12 -13744.2 14178.3 1 1
-2319.22 -4671.43 -11833 12931.8 -1 1
2715.99 -123.712 1330.18 3028.6 1 2
event 2
-2482.72 5598.62 -22591.2 23610.6
9519.61 -9202.45 1850.34 13723.1
-2760.97 3467.54 -11766.5 12574.1 1 1
278.25 2131.08 -10824.7 11036.5 -1 1
6434.27 -4263.89 1659.17 7895.86 1 2
3085.34 -4938.57 191.167 5827.22 -1 2
event 3
5965.24 3016.66 24569.6 25650.4
-11616 1415.93 -60319.9 61522.5
-3440.34 1373.04 -13769 14259 -1 2
1583.67 2310.43 11893.7 12219.6 1 1
-8175.68 42.8834 -46550.8 47263.5 1 2
4381.57 706.237 12675.9 13430.8 -1 1
event 4
-1652.3 4323.74 -15284.5 16267.5
12138.4 46.5395 -41255.1 43161.5
476.12 3008.86 -9019.01 9520.17 -1 1
-2128.42 1314.88 -6265.44 6747.3 1 1
6190.86 -949.508 -26306.6 27042.2 -1 2
5947.49 996.048 -14948.5 16119.4 1 2
event 5
-3331.01 3383.53 -3420.22 6620.62
27984.6 -4192.01 -66057 71929.4
-1250.01 3289.9 -2610.71 4383.25 1 1
-2081 93.6341 -809.509 2237.36 -1 1
16437.7 -3517.24 -36306.2 40009 -1 2
11546.9 -674.769 -29750.9 31920.4 1 2
event 6
-8548.23 1491.49 15514.1 18043.7
-1018.37 -13587.7 -23571.6 27402.1
-4344.6 599.951 10837.3 11691.6 -1 1
-4203.63 891.542 4676.76 6352.05 1 1
-1990.95 -9425.04 -17490.4 19967.9 -1 2
972.581 -4162.61 -6081.24 7434.11 1 2
event 7
28.9055 10443.5 9965.85 14764
1496.51 -4884.63 8090.64 10057.2
-1467.06 5668.73 4809.04 7577.92 -1 1
1495.97 4774.8 5156.81 7186.13 1 1
2402.88 -3034.97 5810.05 6982.31 -1 2
-906.367 -1849.65 2280.6 3074.9 1 2
