event 0
-13305.8 8657.65 24215.9 29120.5
9536.42 4971.9 -19790.5 22735.8
-9062.73 5827.81 13675.9 17410.9 -1 1
-4243.1 2829.84 10540 11709.6 1 1
3914.41 1904.08 -11226.4 12041.2 -1 2
5622.01 3067.82 -8564.15 10694.6 1 2
event 1
7068.34 290.425 35369.8 36203
1587.87 -8929.92 -10390.8 14135.9
1254.3 -3452.82 -6289.41 7284.44 -1 2
2401.35 -1363.41 13389.9 13672.1 -1 1
333.569 -5477.1 -4101.43 6851.48 1 2
4666.99 1653.84 21979.9 22530.9 1 1
event 2
1667.58 5544.82 -2462.16 7012.77
10178.8 -7336.81 6841.81 14623.2
2348.63 2516.01 -1045.13 3598.59 1 1
-681.051 3028.81 -1417.03 3414.19 -1 1
7096.89 -3256.63 4188.59 8861.55 -1 2
3081.87 -4080.18 2653.22 5761.64 1 2
event 3
7794.64 -2392.1 -414.931 8731.58
4972.52 -3416.48 -414.357 6794.17
2593.59 -3428.01 293.45 4309.9 -1 2
2854.57 -2301.9 -864.773 3769.12 -1 1
4940.07 -90.1999 449.842 4962.46 1 1
2378.94 11.5315 -707.807 2484.28 1 2
event 4
5212.91 -3605.14 -7332.68 10175
-8363.68 404.584 -2492.35 9269.17
-2990.24 -559.984 432.79 3074.67 -1 2
2196.77 -744.929 -4730.96 5270.09 1 1
-5373.44 964.568 -2925.14 6194.5 1 2
3016.15 -2860.21 -2601.72 4904.9 -1 1
event 5
6395.41 13619.1 19445.1 24780.7
-5816.64 3601.71 -5154.37 9108.42
4125.02 10900.7 16328.7 20061.8 1 1
2270.39 2718.42 3116.4 4718.86 -1 1
-2672.98 822.483 -3756.47 4684.39 -1 2
-3143.65 2779.23 -1397.9 4424.02 1 2
event 6
9784.55 4807.66 48424 49732.6
-817.322 4980.02 -7066.09 9218.96
1028.05 3161.87 -4086.97 5269.61 1 2
3216.03 3177.14 21539.8 22009.4 1 1
-1845.37 1818.15 -2979.12 3949.35 -1 2
6568.52 1630.52 26884.2 27723.2 -1 1
event 7
-1360.23 -5184.68 -1175.76 6301.13
10973.1 -11352.8 49487 52037
-1820.56 -3148 -1879.83 4095.03 1 1
460.329 -2036.68 704.074 2206.1 -1 1
5587.81 -7511.23 25922.7 27561.5 1 2
5385.33 -3841.54 23564.3 24475.5 -1 2
event 8
7182.07 395.981 16035.7 17845.8
-5121.18 5272.92 -12129.1 14516.7
-1634.72 2547.93 -2531.51 3947.65 1 2
2939.56 452.201 10230.8 10654.8 -1 1
-3486.46 2724.99 -9597.55 10569.1 -1 2
4242.51 -56.2205 5804.93 7191 1 1
event 9
10869.3 6.8244 -45127.9 46521.6
-5821.95 3663.19 -8259.73 11186.1
6599.6 1258.2 -30513.7 31244.8 -1 1
4269.67 -1251.37 -14614.2 15276.8 1 1
-3526.64 2473.86 -7198.29 8389.5 -1 2
-2295.31 1189.33 -1061.44 2796.57 1 2
event 10
5148.79 -11214.6 26696 29572.7
2883.35 5866.62 -27092.4 28041.4
4180.03 -5413.56 14404 15945.7 -1 1
968.762 -5801.03 12292 13627 1 1
149.057 3680.6 -12309.3 12849.1 -1 2
2734.29 2186.03 -14783.1 15192.3 1 2
