event 0
5477.82 -2005.46 18227.7 19387.3
4648.67 -8473.07 -7199.09 12442.7
3271.87 -1120.6 14900.8 15297.3 1 1
2205.95 -884.859 3326.87 4090.04 -1 1
3531.34 -3608.87 -4518.12 6776.35 -1 2
1117.33 -4864.2 -2680.98 5666.36 1 2
event 1
3744.32 -16111.3 -16964.2 23894.9
852.633 8825.6 12971.1 16014.3
1399.49 -9169.65 -7521.77 11942.8 -1 1
2344.83 -6941.63 -9442.39 11952.2 1 1
-446.443 7100.86 8805.96 11321.6 -1 2
1299.08 1724.74 4165.19 4692.79 1 2
event 2
5243.37 3836.08 -8101.39 10836.6
-16451.8 7840.29 58252.5 61115.3
3249.75 3539.18 -7125.21 8594.56 1 1
1993.62 296.901 -976.186 2242.04 -1 1
-11175.1 5944.45 35761.7 37935.8 1 2
-5276.7 1895.84 22490.8 23179.5 -1 2
event 3
-3783.6 -4562.89 -9914.65 11959.4
12686.5 -193.681 -5818.4 14297.9
-3624.05 -2447.89 -5247.38 6831.69 -1 1
-159.548 -2115 -4667.27 5127.7 1 1
6480.58 1068.09 -1853.04 6825.23 1 2
6205.96 -1261.77 -3965.36 7472.71 -1 2
