event 0
-4732.48 14650.8 -11211.8 19296
1548.17 7269.16 12968.3 15264.5
2323.19 4389.83 6898.97 8501.46 1 2
-1012.03 6388.45 -3279.52 7252.78 -1 1
-775.018 2879.33 6069.28 6763.03 -1 2
-3720.46 8262.33 -7932.25 12043.2 1 1
event 1
6069.94 -5557.25 22884.3 24515.5
-7133.54 -1740.19 9184.87 12160.1
-2497.7 -2115.62 4416.16 5498 -1 2
1476.39 -2538.87 11554.2 11922.1 -1 1
4593.55 -3018.38 11330.1 12593.4 1 1
-4635.84 375.424 4768.71 6662.11 1 2
event 2
-7579.69 3294.24 -14661 17112.6
-13067.7 -4199.17 -54538.1 56323.9
-9848.75 -2820.52 -34775.4 36253.2 1 2
-2741.95 2862 -6376.98 7509.08 -1 1
-3218.92 -1378.64 -19762.6 20070.7 -1 2
-4837.74 432.248 -8284.04 9603.49 1 1
event 3
-5772.97 -2349.28 8203.72 10758.2
4025.38 5991.45 28.1609 8105.03
2860.9 1496.31 -932.087 3362.09 -1 2
-1928.29 -570.18 684.043 2126.61 1 1
1164.48 4495.13 960.248 4742.94 1 2
-3844.68 -1779.1 7519.68 8631.54 -1 1
event 4
1927.43 4690.55 -20061 20922.5
9056.53 12398.4 57140.9 59248.7
44.2693 3423.25 -8983.06 9613.9 1 1
1883.16 1267.3 -11077.9 11308.6 -1 1
7055.46 7206.23 35703.4 37100.6 -1 2
2001.07 5192.21 21437.5 22148.2 1 2
event 5
-7960.67 2473.58 10239 13561.7
-5517.8 6085.51 16357.5 18564.4
-3287.39 3876.68 6709.54 8418.12 1 2
-3569.28 2232.34 3319.99 5362.51 -1 1
-2230.41 2208.84 9647.93 10146.3 -1 2
-4391.4 241.247 6919.02 8199.18 1 1
event 6
-4766.1 5765.69 26965.1 28225.3
-6791.39 1028.89 -176.165 7536.88
-2365.16 3447.7 20777.5 21194.3 -1 1
-2400.95 2317.98 6187.57 7030.98 1 1
-4626.8 1183.18 1250.33 4937.78 -1 2
-2164.59 -154.297 -1426.5 2599.1 1 2
event 7
-940.832 5520.27 -31114.4 31765.7
-3446.8 -6022.94 -8119.26 11120.7
-346.778 -3146.65 -4766.44 5722.91 -1 2
-1560.55 1388.77 -7591.76 7874.64 1 1
-3100.02 -2876.29 -3352.82 5397.75 1 2
619.714 4131.5 -23522.7 23891 -1 1
