event 0
6561.43 -4455.86 5015.13 9881.77
7475.12 -4324.46 -39140.6 40201.4
2502.85 -3535.52 2883.51 5204.79 -1 1
4058.58 -920.341 2131.63 4676.97 1 1
5694.14 -1674.45 -23522.6 24260.1 -1 2
1780.98 -2650.01 -15618 15941.4 1 2
event 1
3508.85 -7677.11 -21128.1 22961.7
-3260.64 7389.86 -33365.6 34468.8
-331.399 3862.5 -18891 19285 -1 2
1817.35 -3342.87 -13496.8 14023.2 -1 1
1691.5 -4334.24 -7631.38 8938.45 1 1
-2929.24 3527.36 -14474.6 15183.8 1 2
event 2
-5449.65 4181.96 10026.8 12542.6
-5382.79 6398.71 9867.73 13299.7
-1952.47 3400.75 2549.14 4678.3 -1 2
-2432.56 803.131 1742.17 3099.79 1 1
-3430.32 2997.96 7318.6 8621.36 1 2
-3017.1 3378.83 8284.65 9442.77 -1 1
event 3
-3176.18 4063.35 19383.8 20295.9
-8370.01 -22226.6 54113 59176.8
-1369.6 2842.22 15696.1 16010.4 1 1
-1806.58 1221.12 3687.7 4285.46 -1 1
-5732.6 -11984.7 27569.8 30603.9 -1 2
-2637.41 -10241.9 26543.2 28572.8 1 2
event 4
-5638.47 3930.91 10560.6 12975.5
-1748.75 -6298.9 -3436.95 8008.61
-2440.94 3492.89 5281.11 6786.73 1 1
-3197.53 438.013 5279.52 6188.75 -1 1
-2606.71 -4258.27 -2078.13 5409.03 -1 2
857.964 -2040.63 -1358.82 2599.58 1 2
event 5
4578.4 -1267.67 3415.81 6620.18
-9278.44 6202.67 -6817.6 13440
2572.4 -2218.44 2487.79 4211.76 1 1
2006.01 950.779 928.027 2408.41 -1 1
-5219.86 2871.96 -1923.13 6261.37 1 2
-4058.58 3330.71 -4894.47 7178.62 -1 2
event 6
-2320.18 5116.75 10685.1 12463
7156.96 -2535.66 29191.6 30321.5
3398.5 -953.469 19322.9 19642.9 1 2
-1937.17 866.184 4041.98 4566.36 -1 1
-383.012 4250.56 6643.15 7896.62 1 1
3758.47 -1582.19 9868.76 10678.6 -1 2
event 7
5574.13 -1804.75 -3010.25 7548.56
8650.39 -3732.33 12203.6 15851.6
3610.97 299.541 -2941.02 4667.93 -1 1
1963.16 -2104.29 -69.239 2880.62 1 1
4412.2 -3861.71 6719.54 8918.73 1 2
4238.18 129.379 5484.08 6932.91 -1 2
event 8
-9389.09 -922.85 -40514.5 41761.4
9778.53 -967.989 -12138.3 15921.2
6749.5 714.283 -8745.7 11070.9 1 2
-4821.77 1105.48 -24100.9 24603.6 -1 1
3029.03 -1682.27 -3392.58 4850.35 -1 2
-4567.32 -2028.33 -16413.6 17157.9 1 1
event 9
-8124.87 -3047.19 127.423 9214.45
6164.15 153.284 -2754.86 7429.76
3045.8 1591.24 -1703.55 3836.95 1 2
-4410.08 -226.797 -711.992 4474.19 1 1
3118.35 -1437.96 -1051.31 3592.8 -1 2
-3714.79 -2820.4 839.415 4740.26 -1 1
