event 0
3804.15 -5758.76 -4924.48 9026.42
-6541.29 986.083 39074 39750.9
-2371.95 1888.15 16849.8 17120.7 -1 2
2517.68 -1271.03 -2472.41 3752.09 -1 1
1286.47 -4487.73 -2452.07 5274.33 1 1
-4169.34 -902.063 22224.2 22630.2 1 2
event 1
1244.32 7840.48 34635.1 35667.9
4548.96 -4437.35 4702.79 8490.58
2276.44 4984.14 21912.2 22587.1 -1 1
-1032.12 2856.34 12722.9 13080.8 1 1
1895.18 -1219.38 3471.68 4140.33 -1 2
2653.78 -3217.97 1231.11 4350.25 1 2
event 2
-2449.61 3426.75 4266.52 6748.11
-60.7431 -14696.3 77349.9 78794.6
-436.037 3122.63 2208.31 3850.81 -1 1
-2013.57 304.116 2058.2 2897.3 1 1
1010.18 -10630.4 59940.4 60884.3 -1 2
-1070.92 -4065.85 17409.5 17910.3 1 2
event 3
13173.1 -3094.68 -44751.1 46854.7
3210.83 7137.15 6381.25 10562.2
1607.46 4493.46 5624.8 7377.31 -1 2
3047.55 -1616.84 -8169.9 8869.06 -1 1
10125.6 -1477.85 -36581.2 37985.6 1 1
1603.36 2643.7 756.449 3184.85 1 2
