event 0
1754.51 -11470.5 35849.5 37807.8
5584.03 8464.36 17263.4 20259.4
3552.32 6386.36 14547.9 16280.6 1 2
1995.33 -4716.1 18240.2 18945.7 -1 1
2031.7 2078 2715.53 3978.84 -1 2
-240.82 -6754.39 17609.3 18862.1 1 1
event 1
-6804.68 -2941.66 2286.76 8353.22
-9068.8 -3180.4 -162.025 10098.3
-3250.1 -2053.42 1175.47 4021.52 1 2
-1572.77 -1719.25 -364.704 2360.85 1 1
-5818.7 -1126.98 -1337.49 6076.79 -1 2
-5231.91 -1222.41 2651.46 5992.37 -1 1
event 2
2948.62 3504.73 4928.47 7406.63
-8694.18 2147.78 13404.6 16415.7
2867.64 1204.14 2081.71 3744.06 1 1
80.9787 2300.58 2846.76 3662.57 -1 1
-5146.43 -308.579 7491.31 9094.6 1 2
-3547.75 2456.36 5913.25 7321.06 -1 2
event 3
-5366 7446.53 23523.1 25439.6
5667.78 -3844.89 -27659.7 28662.8
3455.71 -494.682 -13526.4 13970 -1 2
-1331.92 2470.59 3966.01 4859.85 1 1
-4034.08 4975.95 19557.1 20579.7 -1 1
2212.07 -3350.21 -14133.3 14692.8 1 2
event 4
-5697.19 -3377.61 -33233.7 34028.4
-706.402 10398.1 22654.5 25128.4
-488.814 3701.02 4970.42 6217.13 1 2
-2263.23 260.196 -9091.16 9372.85 -1 1
-217.588 6697.08 17684 18911.2 -1 2
-3433.96 -3637.8 -24142.5 24655.6 1 1
event 5
20417 -893.281 -23438.1 31250.4
-7326.52 2500.11 -19598.6 21298.5
-4848.88 448.805 -9152.93 10368.2 1 2
7909.02 -1779.54 -8494.89 11742.8 1 1
-2477.64 2051.3 -10445.7 10930.3 -1 2
12507.9 886.264 -14943.2 19507.6 -1 1
event 6
-8263 1521.59 -604.81 8974.92
2679.44 -13783.5 40600.8 43071.8
630.684 -3966.58 7828.76 8799.55 -1 2
-3984.9 366.092 -1792.24 4385.97 -1 1
2048.76 -9816.9 32772 34272.2 1 2
-4278.1 1155.5 1187.43 4588.95 1 1
event 7
-8900.36 -3878.81 -25223.6 27204.4
4812.33 3476.46 -5077.29 8403.12
3964.78 1043.96 -2828.43 4982.02 -1 2
-3112.57 -2533.94 -13119.5 13720.1 -1 1
-5787.79 -1344.87 -12104 13484.3 1 1
847.551 2432.5 -2248.86 3421.1 1 2
event 8
2669.77 4115 3173.8 6612.48
6753.74 6540.04 -4820.66 11009.8
493.221 3497.97 1847.51 3987.92 1 1
2176.55 617.035 1326.29 2624.56 -1 1
4223.95 2968.75 -4054.4 6565.41 -1 2
2529.79 3571.28 -766.261 4444.35 1 2
