event 0
9552.26 -3775.02 -6979.28 12798.3
-6763.29 -1486.19 -31180 32089.5
-4196.23 386.003 -21213.8 21628.5 -1 2
3832.32 -1216.57 -4560.46 6080.76 -1 1
5719.94 -2558.45 -2418.82 6717.53 1 1
-2567.06 -1872.19 -9966.22 10461 1 2
event 1
530.649 -14338 32589.9 35742.9
1126.19 4700.78 5051.96 7647.2
-510.954 3116.21 1686.1 3581.34 1 2
-245.106 -6487.86 11223.2 12966.2 -1 1
1637.14 1584.57 3365.86 4065.86 -1 2
775.754 -7850.14 21366.7 22776.6 1 1
event 2
-21556.3 -6478.44 97722.5 100329
4076.04 -2708.43 -4885.47 7576.83
-12755.3 -5165.64 55738.5 57412.3 -1 1
-8800.94 -1312.8 41984 42916.8 1 1
1976.33 -2786.24 -4084.44 5325.68 -1 2
2099.71 77.8175 -801.028 2251.14 1 2
event 3
-5914.71 1459.11 -2315.67 7215.64
-7699.66 9748.83 10197.8 16368
-4191.39 -459.396 -1079.03 4353.65 1 1
-1723.32 1918.51 -1236.64 2861.98 -1 1
-3421.83 5672.09 3715.91 7596.1 -1 2
-4277.83 4076.75 6481.92 8771.89 1 2
event 4
-1399.17 -11527.4 1015.77 12060.7
8499.85 1497.33 -13552 16362.7
6054.94 1570.58 -7107.24 9468.53 -1 2
657.428 -3107.89 1182.95 3391.42 1 1
-2056.59 -8419.53 -167.175 8669.33 -1 1
2444.91 -73.249 -6444.76 6894.13 1 2
event 5
-631.562 4465.79 8903.27 10449.9
-7293.18 10347.4 -2062.26 13194.8
945.943 3119.74 6510.44 7281.8 1 1
-1577.5 1346.05 2392.83 3168.15 -1 1
-2732.85 6488.96 -786.024 7085.49 1 2
-4560.33 3858.43 -1276.23 6109.34 -1 2
event 6
-6159.03 2016.05 19091.8 20398.2
-11314 4088.44 -18087 21942
-3666.22 1132.14 -8500.16 9326.67 -1 2
-1646.12 1966.69 5351.32 5935.1 1 1
-7647.8 2956.3 -9586.85 12615.4 1 2
-4512.91 49.3515 13740.5 14463.1 -1 1
