event 0
5015.85 -2630.58 10026.9 11925.2
-7489.52 -2821.75 -1439.56 8701.64
2118.76 -2257.09 2989.65 4304.97 -1 1
2897.09 -373.49 7037.29 7620.19 1 1
-4220.14 -405.47 356.704 4255.87 1 2
-3269.37 -2416.28 -1796.26 4445.78 -1 2
event 1
-1413.35 5117.17 7361.66 9589.99
13526.5 1363.51 22427.8 26408.8
691.062 3185.05 3477.87 4767.48 -1 1
-2104.41 1932.11 3883.79 4822.51 1 1
7051.18 -184.598 13916.2 15602.1 1 2
6475.27 1548.11 8511.64 10806.7 -1 2
event 2
1316.62 -8625.43 19114.6 21238.9
9831.92 1819.33 3992.08 11202.9
3546.63 1817.79 2614.32 4767.47 -1 2
-594.019 -3671.48 10259.9 10913.7 -1 1
6285.29 1.53727 1377.76 6435.39 1 2
1910.64 -4953.95 8854.74 10325.2 1 1
event 3
9069.65 8373.7 -17368.4 21532.1
27.9228 -5252.13 -23797.1 24565.8
4426.25 6146.57 -10242.2 12739.2 1 1
4643.4 2227.13 -7126.2 8792.9 -1 1
-1141.65 -3041.43 -9240.07 9795.08 -1 2
1169.57 -2210.7 -14557 14770.7 1 2
event 4
-8780.97 1818.16 30537.6 31977.3
3665.47 4997.59 2219.64 7275.19
-5815.27 -7.9944 15892.2 16923.1 1 1
-2965.69 1826.15 14645.4 15054.2 -1 1
866.007 2128.45 -594.952 2376.01 -1 2
2799.46 2869.13 2814.59 4899.18 1 2
event 5
670.653 9483.24 -2914.73 10414.8
-14549.8 -5740.85 -27420.6 31719.6
674.988 5146.39 -3146.29 6070.53 -1 1
-4.33507 4336.85 231.561 4344.32 1 1
-11652 -3675.89 -19156.9 22721.8 -1 2
-2897.83 -2064.96 -8263.67 8997.83 1 2
event 6
8349.02 -4851.99 9343.1 13788.9
-204.972 -4794.7 2978.35 6441.49
4138 -3605.91 6701.56 8663 1 1
4211.02 -1246.09 2641.55 5125.85 -1 1
1403.09 -2772.19 1379.92 3401.33 -1 2
-1608.07 -2022.51 1598.43 3040.16 1 2
