event 0
7806.16 5616.74 22231.5 24419.5
7308.52 -985.143 -10745.6 13395.6
3752 897.135 -4136.35 5657.11 1 2
2076.07 3213.06 9812.86 10532.7 1 1
5730.09 2403.68 12418.6 13886.9 -1 1
3556.52 -1882.28 -6609.2 7738.51 -1 2
event 1
8354.29 2865.81 -19076.2 21248.5
3956.29 9650.16 -4300.35 11698.8
3458.45 6289.08 -4160.34 8296.56 1 2
4428.4 148.85 -11097.5 11949.9 -1 1
497.844 3361.08 -140.008 3402.28 -1 2
3925.89 2716.96 -7978.69 9298.66 1 1
event 2
5259.54 -7462.93 28568.4 30151.3
-2367.44 15855.4 -7654.44 18032.7
3984.74 -3569.4 19071.3 19807.7 -1 1
1274.8 -3893.53 9497.01 10343.5 1 1
-1870.65 12593.5 -7389.03 14720.9 -1 2
-496.786 3261.82 -265.404 3311.78 1 2
event 3
-3745.35 -7468.93 8219.3 12122.7
-14508.1 5858.47 71134.6 72900.8
-1195.46 -5556.87 4726.72 7393.3 -1 1
-2549.89 -1912.06 3492.58 4729.4 1 1
-7328.31 4614.75 38139.2 39110.2 1 2
-7179.76 1243.72 32995.4 33790.5 -1 2
event 4
-4051.68 1785.17 23340.7 23957.9
-14329.3 916.389 -9335.71 17404.5
-1889.37 2482.81 14093.9 14435.5 1 1
-2162.31 -697.646 9246.76 9522.4 -1 1
-9105.38 -812.087 -5174.98 10505.2 -1 2
-5223.95 1728.48 -4160.73 6899.28 1 2
event 5
-6032.76 -8385.39 -18266.4 21212.3
-8197.96 3384.41 -1148.06 9464.18
-2837.99 2724.85 29.565 3935.87 -1 2
-813.894 -2262.59 -2280 3315.31 -1 1
-5218.87 -6122.81 -15986.4 17897 1 1
-5359.97 659.551 -1177.63 5528.32 1 2
event 6
-19399.7 17879.3 -67764.7 72785
4329.05 -1799.31 2252.03 6053.03
-16188.6 15146.4 -59708.8 63691.7 1 1
-3211.01 2732.91 -8055.86 9093.26 -1 1
2216.96 -2298.93 443.877 3226.17 -1 2
2112.09 499.624 1808.15 2826.86 1 2
event 7
-14703.2 -11982.4 15110.5 24529.1
780.388 -5239.57 -25532.1 26259.2
1803.21 -2561.68 -16025.6 16329.3 1 2
-2532.47 -4054.11 3326.39 5824.54 -1 1
-1022.83 -2677.88 -9506.52 9929.87 -1 2
-12170.7 -7928.29 11784.1 18704.6 1 1
