event 0
-5300.01 -4844.22 1286.32 7924.8
6813.3 -2228.25 5087.42 9319.82
4209.39 -2834.06 2782.1 5788.11 1 2
-2871.23 -1328.54 1764.06 3623.82 -1 1
2603.91 605.808 2305.32 3531.72 -1 2
-2428.78 -3515.69 -477.738 4300.98 1 1
event 1
-258.441 -6677.31 10476.1 12806
-1839.3 -6775.65 -5234.81 9289.05
-1984.75 -2559.17 -3369.98 4675.1 1 2
-373.548 -2508.26 6753.25 7214.47 1 1
145.443 -4216.48 -1864.83 4613.96 -1 2
115.107 -4169.05 3722.84 5591.51 -1 1
event 2
2014.03 9356.03 11862.9 15553.5
-68.5785 -10293.8 5443.47 12049.5
-1572.92 -4776.93 2583.2 5654.84 1 2
-590.769 4236.63 5712.57 7137.41 1 1
2604.79 5119.4 6150.3 8416.09 -1 1
1504.34 -5516.87 2860.26 6394.62 -1 2
event 3
11016.9 -189.479 -67116.1 68085
2466.68 -5625.02 38883.2 39537.5
6880.24 1382.2 -40822.2 41421.1 -1 1
4136.69 -1571.68 -26293.9 26663.9 1 1
-897.637 -2112.4 12241.1 12454.9 -1 2
3364.32 -3512.63 26642.1 27082.6 1 2
event 4
-5934.55 -6766.59 -28953.8 30478.2
-39.1578 -5345.52 -1422.67 6339.57
-1561.12 -2843.79 -670.617 3314.38 1 2
-1512.32 -4023.81 -13909.6 14559.1 1 1
1521.96 -2501.74 -752.052 3025.19 -1 2
-4422.23 -2742.78 -15044.2 15919.1 -1 1
event 5
-2042.09 7342.12 -7868.43 11383.3
4496.49 -7289.75 16346.1 18712.2
1141.29 -3757.14 4959.6 6326.72 1 2
-420.52 3621.95 -5736.21 6797.84 -1 1
3355.19 -3532.61 11386.5 12385.5 -1 2
-1621.57 3720.17 -2132.22 4585.49 1 1
event 6
1285.44 -9678.46 26024.3 27967.4
2956.22 -4227.16 1886.05 6305.25
2064.22 -5517.28 17165.3 18148.3 -1 1
-778.784 -4161.18 8858.97 9819.09 1 1
3147.65 -2109.82 1741.64 4171.76 -1 2
-191.43 -2117.35 144.41 2133.5 1 2
event 7
10464 6550.75 -34488.3 36761.9
2910.56 5017.55 41.181 6575.38
1709.51 3375.85 -1447.16 4052.68 1 2
3758.93 2747.43 -17448.1 18058.9 1 1
1201.05 1641.71 1488.34 2522.71 -1 2
6705.05 3803.33 -17040.2 18703 -1 1
event 8
6946.53 -920.705 -15578.2 17360.1
-6845.16 13605.6 17148.4 23143.6
-2428.37 2243.74 4398.53 5503.6 1 2
2090.94 -1684.63 -6555.2 7084.62 -1 1
-4416.79 11361.9 12749.9 17640 -1 2
4855.59 763.929 -9022.98 10275.5 1 1
