event 0
4135.6 2301.63 -24254 24904.8
6573.61 8278.2 -1041.98 11064.3
2104.79 2374 -19128.6 19390.2 1 1
2030.81 -72.3726 -5125.43 5514.58 -1 1
2464.05 5021.87 -1521.54 5798.01 -1 2
4109.56 3256.33 479.564 5266.25 1 2
event 1
-21724.4 747.891 -58176.2 62181.8
-12399.7 -864.812 39328.9 41362.5
-15487.2 -554.679 -38619.1 41612.6 1 1
-6237.2 1302.57 -19557.2 20569.2 -1 1
-3633.98 -1663.98 13008.1 13608.7 -1 2
-8765.68 799.171 26320.8 27753.7 1 2
event 2
-12527.3 193.565 -21780.8 25317.2
-4691.38 1136.85 1000 5821.86
-2192.92 2114.02 620.541 3110.34 1 2
-4613.83 -1254.6 -9495.57 10632 -1 1
-2498.46 -977.175 379.46 2711.52 -1 2
-7913.43 1448.17 -12285.2 14685.2 1 1
event 3
-13610.2 -719.346 -32965.4 35805.9
-4339.83 715.322 -17374 18187.7
-8031.29 -1446.29 -22312 23757.7 -1 1
-5578.92 726.94 -10653.4 12048.2 1 1
-3027.76 -988.95 -11415.8 11852.3 -1 2
-1312.07 1704.27 -5958.2 6335.41 1 2
event 4
-1727.16 7087.1 42407.9 43141.9
5299.45 -5860.8 -6213.26 10517.9
2809.99 -2398.02 -4727.41 6000.5 1 2
886.521 2274.91 13693.7 13910.1 1 1
-2613.68 4812.19 28714.2 29231.9 -1 1
2489.47 -3462.78 -1485.86 4517.44 -1 2
event 5
11863 -1681.48 -27833.6 30460.8
8261.52 2735.84 -223.502 9240.2
7981.24 -2345.15 -20746 22351.9 1 1
3881.74 663.669 -7087.67 8108.93 -1 1
2871.78 -531.27 143.96 2925.96 -1 2
5389.75 3267.11 -367.462 6314.24 1 2
event 6
7007.61 2997.41 -4935.38 9593.73
-10024.9 -4413.64 29041 31192.1
-3101.61 -2395.13 13527.9 14084.5 1 2
3082.41 1659.38 -529.206 3542.04 1 1
-6923.25 -2018.51 15513.1 17107.7 -1 2
3925.2 1338.03 -4406.17 6051.7 -1 1
event 7
309.599 4855.95 26373.9 27071.1
8943.83 11235 -6088.05 15901.9
1919.35 2717.3 16958.2 17281.8 1 1
-1609.75 2138.66 9415.67 9789.34 -1 1
5535.21 6374.55 -1951.5 8665.62 1 2
3408.62 4860.41 -4136.55 7236.33 -1 2
event 8
-10035.4 46.7872 86.8644 10502.9
6239.58 -2708.84 -8034.98 10973.8
4729.47 -978.053 -3767.2 6125.97 -1 2
-3137.16 -1189.72 820.268 3455.61 1 1
-6898.27 1236.51 -733.403 7047.28 -1 1
1510.11 -1730.79 -4267.78 4847.8 1 2
event 9
-3993.61 -5527.84 19484 20874
3539.42 8873.55 -12443.7 15990.7
-1996.62 -3270.07 6514.37 7558.31 -1 1
-1996.99 -2257.77 12969.6 13315.7 1 1
3085.52 4393.22 -5294.26 7540.63 1 2
453.906 4480.33 -7149.39 8450.11 -1 2
event 10
-8842.22 2909.28 -7476.52 12334.5
-5382.59 3174.85 9442.62 11739.1
-4709.29 1240.43 -5793.14 7568.86 1 1
-4132.93 1668.85 -1683.38 4765.62 -1 1
-3563.53 370.615 5554.95 6610.95 -1 2
-1819.06 2804.23 3887.67 5128.14 1 2
event 11
103.075 5498.47 2697.22 7148.81
-4614.13 -13184.7 14147.2 20121.1
1769.73 3542.79 2193.19 4528.2 1 1
-1666.65 1955.68 504.026 2620.61 -1 1
-3530.45 -8666.16 7412.68 11938.4 -1 2
-1083.67 -4518.49 6734.56 8182.7 1 2
event 12
2292.22 9953.03 -16385.4 19554.8
4645.17 -3756.67 2172.76 7071.07
2521.4 5676.05 -7905.47 10054 1 1
-229.188 4276.98 -8479.94 9500.82 -1 1
2820.19 -2885.97 -86.2487 4037.44 -1 2
1824.98 -870.698 2259.01 3033.63 1 2
event 13
4961.19 8185.03 1034.63 10112.8
282.892 5059 -15522.2 16619.3
1688.14 2804.74 -8240.32 8867.38 1 2
1023.71 4362.7 -200.582 4486.93 1 1
-1405.25 2254.25 -7281.86 7751.97 -1 2
3937.48 3822.33 1235.21 5625.91 -1 1
event 14
-4255.68 4597.42 -2683.53 7485.92
-8347.8 2448.99 28298.1 29766.7
-2640.58 2554.77 -3147.03 4838.85 -1 1
-1615.1 2042.65 463.497 2647.07 1 1
-4698.51 708.461 19694.4 20259.8 1 2
-3649.29 1740.52 8603.72 9506.94 -1 2
event 15
11447.1 -3375.12 -50388.3 51874.8
8559 -3666.43 -5530.44 11264
7257.5 -625.04 -27996.3 28928.6 1 1
4189.58 -2750.09 -22392 22946.2 -1 1
6120.52 -4050.6 -4229.13 8471.42 -1 2
2438.48 384.174 -1301.31 2792.55 1 2
event 16
-302.692 7627.72 4525.53 9399.22
-2430.43 6147.32 -43689.5 44295.1
391.201 3172.42 -19046 19312.7 1 2
1365.08 2637.48 1498.15 3327.97 -1 1
-1667.77 4990.24 3027.37 6071.26 1 1
-2821.63 2974.91 -24643.5 24982.5 -1 2
event 17
-298.152 6534.2 -8339.98 11042.2
6885.98 -3218.34 -1086.03 8279.19
3422.6 46.8609 -155.754 3428.09 1 2
875.706 2154.86 -4631.34 5183.7 1 1
3463.37 -3265.21 -930.281 4851.09 -1 2
-1173.86 4379.34 -3708.64 5858.47 -1 1
event 18
3345.63 3480.11 1081.33 5836.39
2386.14 -8026.52 -7367.78 11575.6
3349.24 1368.81 614.003 3671.41 1 1
-3.61135 2111.3 467.322 2164.98 -1 1
607.815 -4409.72 -5648.73 7192.66 -1 2
1778.33 -3616.8 -1719.06 4382.92 1 2
event 19
3883.69 -3427.18 3640.87 7048.08
3972.65 -7341.67 -34268.6 35406.4
2160.06 -2280.96 3844.01 4965.5 -1 1
1723.63 -1146.22 -203.134 2082.58 1 1
799.338 -4711.86 -18235.4 18851.5 1 2
3173.32 -2629.81 -16033.3 16554.8 -1 2
event 20
4516.99 -5265.43 2593.04 8027.61
12135.1 13500.7 4974.94 19075.4
3911.02 -2250.29 1705.8 4825.01 1 1
605.972 -3015.14 887.243 3202.6 -1 1
7490.85 7024.42 1492.01 10377.5 -1 2
4644.21 6476.28 3482.93 8697.86 1 2
event 21
-6056.44 7525.71 -20127 22538.9
4760.04 -2576.87 -773.164 6283.84
2939.31 -1480.92 1076.53 3464.5 1 2
-3553.47 2569.71 -6692.45 8001.91 1 1
1820.73 -1095.95 -1849.7 2819.35 -1 2
-2502.97 4955.99 -13434.5 14537 -1 1
event 22
9809.91 -533.376 -13388.1 16892.3
-13649.6 -2478.29 58934.4 60624.3
6193 -538.27 -10735.1 12405.5 -1 1
3616.91 4.8935 -2653.01 4486.84 1 1
-7133.58 -2859.83 31914.3 32826.8 1 2
-6516.01 381.542 27020.1 27797.5 -1 2
event 23
7614.11 8646.49 -19598.2 22943.8
-3819.71 1912.83 5476.62 7863.24
5263.45 4379.37 -9282.97 11535.5 -1 1
2350.67 4267.12 -10315.2 11408.3 1 1
-1398.13 2678.39 3615.06 4712.58 -1 2
-2421.58 -765.553 1861.56 3150.66 1 2
event 24
-4506.72 2385.51 1955.16 6278.17
-10987.2 4135.22 -10593.8 16113.2
-3014.4 -70.8286 1489.21 3364.6 1 1
-1492.32 2456.34 465.953 2913.57 -1 1
-5945.69 1124.91 -6887.54 9168.75 -1 2
-5041.48 3010.31 -3706.24 6944.49 1 2
event 25
-1943.64 12403.1 -1446.46 13011.4
1269.6 -6000.64 -9853.69 12012.7
2037.73 -4101.18 -5218.39 6943.69 1 2
-397.797 5055.04 -2065.74 5476.32 1 1
-768.136 -1899.46 -4635.3 5069.03 -1 2
-1545.84 7348.03 619.274 7535.11 -1 1
event 26
-2977.1 -8994.6 -7064.71 12217.4
-1155.02 -7352.26 5314.74 9655.42
-3359.28 -5468.1 -4613.75 7904.6 -1 1
382.183 -3526.49 -2450.96 4312.84 1 1
836.257 -3223.84 1354.25 3596.89 -1 2
-1991.28 -4128.42 3960.5 6058.52 1 2
event 27
6161.58 -2570.35 14121.9 15924.6
6340.49 2141.75 35252.3 36015.4
3090.09 -333.505 11454.3 11868.9 1 2
1114.03 -1964.53 3907.12 4514.11 -1 1
5047.54 -605.82 10214.8 11410.4 1 1
3250.41 2475.25 23798.1 24146.4 -1 2
event 28
3574.37 -4328.21 -11131.3 12845.5
14324.5 -7340.87 -21746.4 27231.9
2266.28 -2345.41 -3219.31 4583.9 -1 1
1308.09 -1982.8 -7912 8261.57 1 1
7216.34 -5112.08 -13264.8 15942.9 1 2
7108.19 -2228.79 -8481.57 11289 -1 2
event 29
-5266.56 -3131.12 -554.843 6887.62
-1479.91 -8577.4 -1617.5 9379.21
-2424.67 -2241.79 -1675.14 3704.31 -1 1
-2841.89 -889.334 1120.3 3183.31 1 1
672.581 -5033.65 -656.479 5121.73 -1 2
-2152.49 -3543.75 -961.018 4257.47 1 2
event 30
-678.846 6509.28 964.013 7304.26
2888.08 8849.12 8968.9 13292.1
2703.8 3502.91 4609.07 6390.28 -1 2
-1301.27 2089.53 1373.62 2820.89 1 1
184.277 5346.2 4359.82 6901.82 1 2
622.419 4419.75 -409.61 4483.36 -1 1
event 31
306.675 -14895.6 -32257.7 35666.8
2952.44 -5857.26 9480.78 11937.4
320.678 -9814.09 -17617.9 20169.8 -1 1
-14.0027 -5081.47 -14639.8 15497 1 1
767.004 -4718.77 6468.95 8044.47 -1 2
2185.43 -1138.5 3011.83 3892.89 1 2
event 32
-10740.5 1985.52 -13430.9 17586.4
11985.4 27833.5 6210.31 31088.8
-7398.48 2796.73 -9199.24 12132.5 1 1
-3342.03 -811.203 -4231.63 5453.91 -1 1
6924.14 15942.5 5115.86 18118.7 1 2
5061.26 11891 1094.45 12970 -1 2
event 33
7699.23 -3473.17 -11186.3 14355
7797.21 1909.09 -12917.7 15520.9
3251.14 -746.623 -4910.05 5936.93 1 2
3119.18 167.495 -4346.95 5353.92 1 1
4580.06 -3640.67 -6839.35 9001.07 -1 1
4546.07 2655.71 -8007.65 9584.01 -1 2
event 34
7491.69 6002.75 36279 37655.2
5173.11 7724.46 -10186.8 14134.7
4927.82 2356.54 16540.7 17419.6 -1 1
2563.87 3646.21 19738.2 20235.5 1 1
3354.04 2912.69 -3284 5525.32 -1 2
1819.08 4811.77 -6902.76 8609.38 1 2
event 35
19832.6 -1863.42 -7167.65 21395.5
5300.5 10627.5 26978 29638.5
4315.64 6245.35 14340.8 16226.5 1 2
8160.09 -981.383 -4569.88 9404.53 1 1
984.862 4382.11 12637.1 13412 -1 2
11672.5 -882.033 -2597.77 11991 -1 1
event 36
-14194.7 16874.6 -28802.4 36406.2
-4094.71 9966.8 3105.94 11633.6
-4227.53 6630.18 1999.32 8114.17 -1 2
-4547.27 4233.65 -10084.9 11845.6 1 1
-9647.46 12641 -18717.5 24560.6 -1 1
132.826 3336.63 1106.62 3519.44 1 2
event 37
-7191.09 1255.28 7674.93 11035.5
-9271.22 -1670.52 25022.1 26915.5
-3622.61 -2101.79 12132.9 12835.9 1 2
-2238.92 -532.906 3992.53 4609.58 -1 1
-5648.61 431.27 12889.2 14079.6 -1 2
-4952.18 1788.19 3682.39 6425.95 1 1
event 38
8366.6 -19004.3 3392 21266.4
-8193.1 -4222.73 19669.1 21941.3
-6520.51 -3020.55 17640.7 19048.6 -1 2
3379.63 -4359.98 665.65 5557.48 -1 1
4986.96 -14644.3 2726.35 15708.9 1 1
-1672.59 -1202.18 2028.33 2892.76 1 2
event 39
-2046.34 -13328.9 3236.37 14209.6
6341.91 288.577 -5218.51 8782.14
-409.616 -7666.72 456.175 7691.92 -1 1
-1636.72 -5662.15 2780.2 6517.63 1 1
4502.69 -550.439 -1952.58 4939.73 -1 2
1839.22 839.017 -3265.93 3842.41 1 2
event 40
-1446.6 -27965.9 -30337.5 41402.2
4886.33 6631.08 237.454 8802.97
-206.064 -20414.1 -20422.6 28876.8 1 1
-1240.53 -7551.75 -9914.89 12525.3 -1 1
2167.9 4601.78 1291.07 5249.21 -1 2
2718.43 2029.31 -1053.62 3553.76 1 2
event 41
-1256.38 7392.04 -9564.77 12700
10089.2 -15762.5 -27731.3 33598.6
378.704 5488.2 -8100.71 9792.68 1 1
-1635.08 1903.83 -1464.06 2907.35 -1 1
5458.35 -11189.9 -17689.1 21631.5 1 2
4630.9 -4572.66 -10042.2 11967.1 -1 2
event 42
29.0408 8843.89 19691 21806.9
1040.86 4804.46 -616.168 5842.69
-1486.08 5059.44 10422.7 11681.2 -1 1
1515.12 3784.45 9268.32 10125.7 1 1
-525.433 3545.6 364.191 3604.33 -1 2
1566.29 1258.86 -980.359 2238.36 1 2
event 43
3167.58 4497.06 -941.839 6382.49
-12867.7 4852.52 -9502.05 17000.1
441.754 3119.22 99.953 3153.7 -1 1
2725.83 1377.84 -1041.79 3228.79 1 1
-6239.2 3538.9 -6184.37 9471.49 1 2
-6628.46 1313.62 -3317.69 7528.63 -1 2
event 44
-4182.12 8306.34 36567.9 37858.8
7417.06 7727.44 -14570.1 18346.7
-1145.8 5583.87 20075.2 20869 1 1
-3036.32 2722.46 16492.7 16989.7 -1 1
4981.2 4788.82 -6830.83 9716.82 -1 2
2435.86 2938.62 -7739.22 8629.93 1 2
event 45
-7607.11 -7154.13 36953.2 38525
5136.3 -3025.79 -5319.65 8568.96
-3792.12 -5485.28 24626.1 25513.3 1 1
-3814.99 -1668.85 12327 13011.8 -1 1
2836.56 -2817.49 -1866.52 4413.55 -1 2
2299.74 -208.305 -3453.14 4155.42 1 2
event 46
-1024.72 -8377.89 22172.3 23925.8
6307.9 307.328 32418.6 33172.9
3498.36 -1273.28 19896.3 20241.9 1 2
583.256 -4201.68 7893.76 8961.98 1 1
2809.54 1580.61 12522.3 12931 -1 2
-1607.98 -4176.2 14278.6 14963.8 -1 1
