event 0
4377.72 1722.91 -8438.59 10340.3
6359.39 7421.67 -8802.51 13512.9
3015.52 -786.557 -4338.73 5343.01 1 1
1362.19 2509.47 -4099.86 4997.31 -1 1
4722.91 3734.56 -3950.43 7202.07 1 2
1636.49 3687.11 -4852.08 6310.84 -1 2
event 1
4035.22 3480.28 -3547.21 7111.2
931.807 10770.3 -11345.3 15974.2
1819.6 3317.23 -2976.14 4814.93 -1 1
2215.62 163.047 -571.073 2296.27 1 1
468.575 6153.42 -4243.1 7489.94 1 2
463.232 4616.9 -7102.21 8484.27 -1 2
event 2
7157.05 6525.64 -25996.9 27914.8
11081.5 -7632.66 21096.2 25213
4696.75 -1800.96 9466.44 10720.4 -1 2
2525.03 3192.4 -14762 15313.2 -1 1
6384.74 -5831.69 11629.8 14492.6 1 2
4632.02 3333.24 -11234.9 12601.6 1 1
event 3
-14983 441.848 -15836 22023.9
-2475.19 7679.59 -7678.2 11560.6
-9949 260.968 -8304.2 12962.3 1 1
-5034.02 180.88 -7531.78 9061.62 -1 1
-749.338 4025.59 -5806.49 7105.87 -1 2
-1725.85 3654 -1871.71 4454.75 1 2
