event 0
-5239.97 -11833.5 -14747.1 19863.5
-3698.2 -6646.15 29084.6 30221.7
-3028.81 -7413.99 -11244 13805.1 1 1
-2211.16 -4419.54 -3503.12 6058.43 -1 1
-3227.98 -2651.45 15554.1 16105.6 -1 2
-470.226 -3994.7 13530.5 14116.1 1 2
event 1
4810.36 -1353.91 -21183.4 21984.1
7779.23 8467.06 -14358.4 18653.8
2574 -2132.59 -14842.2 15214.3 1 1
2236.36 778.682 -6341.19 6769.75 -1 1
3364.63 4908.53 -5317.56 7981.35 1 2
4414.61 3558.53 -9040.87 10672.4 -1 2
event 2
1693.61 -4228.29 -8149.08 9835.93
3024.93 10122.3 -14327.7 18068.8
-447.177 -3005.09 -4465.9 5402.4 -1 1
2140.79 -1223.2 -3683.18 4433.53 1 1
2949.43 6009.17 -10474.5 12431.2 1 2
75.4973 4113.16 -3853.24 5637.59 -1 2
event 3
9790.08 2988.74 -4700.69 11681.9
9307.53 709.122 -2493.96 10146.1
3876.43 802.033 -2555.27 4712.81 -1 2
3763.1 38.3205 -2844.87 4718.78 -1 1
6026.99 2950.42 -1855.82 6963.1 1 1
5431.11 -92.9119 61.3185 5433.27 1 2
event 4
4128.63 -3021.14 12322.2 13696.7
10905.4 -4070.39 -21382.4 24541.7
1959.14 -2973.39 9422.47 10073.4 -1 1
2169.49 -47.7461 2899.74 3623.34 1 1
6451.31 -3928.09 -14318.7 16189.1 -1 2
4454.1 -142.3 -7063.69 8352.61 1 2
event 5
10437.3 -2089.18 -3890.44 11748.6
-5393.33 62.6114 1790.99 6472.3
-3112.19 -1440.49 1420.46 3713.43 1 2
4292.14 440.578 -686.397 4370.23 -1 1
-2281.14 1503.1 370.536 2758.87 -1 2
6145.16 -2529.76 -3204.04 7378.33 1 1
