event 0
-5893.9 3533.52 3012.89 8117.41
7991.89 1938.83 -28237.7 29573.4
5078.42 2313.01 -21683.9 22390.7 1 2
-3419.53 257.992 1338.02 3682.55 -1 1
2913.48 -374.176 -6553.79 7182.73 -1 2
-2474.36 3275.53 1674.88 4434.85 1 1
event 1
5726.53 5094.44 11992.9 14566
10888.8 2292.92 -8901.55 14582.6
2944.79 887.277 -4321.17 5304.97 -1 2
830.971 2599.19 3326.12 4303.55 -1 1
7944.02 1405.65 -4580.38 9277.63 1 2
4895.56 2495.25 8666.79 10262.4 1 1
event 2
1352.04 10590.9 8107 13758.9
-7523.11 5815.97 4216.23 10853.1
-3781.81 3251.85 3849.78 6301.47 1 2
2194.18 5024.26 3855.95 6703.51 1 1
-3741.31 2564.12 366.44 4551.66 -1 2
-842.138 5566.6 4251.06 7055.41 -1 1
event 3
2686.72 -2952.87 -4757.39 7223.26
-6375.49 6633.51 20494.5 22677.4
3138.14 -820.725 -3034.82 4443.29 -1 1
-451.423 -2132.14 -1722.57 2779.97 1 1
-2938.11 4154.77 7985.69 9469.79 -1 2
-3437.38 2478.73 12508.8 13207.6 1 2
event 4
-8011.9 3567.18 -1246.22 9384
21198 1445.66 7080.62 22609.1
-4343.62 1826.27 887.372 4795.92 1 1
-3668.28 1740.9 -2133.59 4588.07 -1 1
13446.4 -457.622 5061.59 14375.2 -1 2
7751.65 1903.28 2019.03 8233.97 1 2
event 5
5648.02 13095.4 -11822 18781.4
-2942.51 7783.44 7561.34 11662.1
3274.23 10647.7 -8426.72 13968.4 1 1
2373.79 2447.72 -3395.32 4813.06 -1 1
-1218.59 1911.4 511.985 2326.31 -1 2
-1723.92 5872.04 7049.35 9335.81 1 2
event 6
-15021.7 -2166.2 17752.6 23560.3
3111.58 6768.74 -16303.4 18190.3
-9710.02 -2746.72 12521.8 16082.2 1 1
-5311.64 580.522 5230.81 7478.17 -1 1
2087.08 4687.94 -7515.27 9100.72 -1 2
1024.5 2080.8 -8788.08 9089.6 1 2
