event 0
-10912 -2417.35 -47650.4 49041.5
2929.62 16993.3 -32978.6 37343.5
1209.84 7296.2 -10958.7 13221.3 -1 2
-2872.71 -114.208 -7579.98 8107.57 -1 1
1719.77 9697.11 -22019.9 24122.1 1 2
-8039.3 -2303.14 -40070.4 40933.9 1 1
event 1
6995.1 466.205 -2515.73 8066.51
5173.34 4092.54 2553.09 7721.5
3700.12 1774.59 -1577.51 4397.7 -1 1
3294.98 -1308.39 -938.224 3668.81 1 1
3056.84 3708.95 656.963 4852.15 -1 2
2116.5 383.595 1896.13 2869.35 1 2
event 2
-8546.27 -5385.04 -42378.1 43675.3
2643.74 4692.78 2939.41 6873.31
737.012 3071.27 208.083 3167.07 1 2
-3520.63 -3789.91 -24241.2 24787.2 1 1
1906.73 1621.51 2731.33 3706.24 -1 2
-5025.64 -1595.13 -18137 18888.1 -1 1
event 3
6978.74 -863.121 -33523.7 34393
-8544.87 2759.37 -16891.2 19378.7
4039.23 422.486 -24036.4 24377.3 -1 1
2939.51 -1285.61 -9487.28 10015.6 1 1
-5830.21 2387.18 -14206.6 15541.2 -1 2
-2714.66 372.19 -2684.6 3837.47 1 2
event 4
-7580.51 -3573.84 -19225 21199.7
19804.4 -4165.39 24018.6 31560.3
-4873.39 -2000.94 -15274.9 16158.2 -1 1
-2707.12 -1572.89 -3950.17 5041.57 1 1
10455.6 -1045.86 14014.4 17516.5 -1 2
9348.89 -3119.52 10004.2 14043.8 1 2
event 5
-6108.19 -3897.81 -12440.6 14726.2
3880.48 -11680.5 -9362.44 15771.5
-108.509 -3272.7 -1568.77 3632.43 1 2
-2712.04 -190.876 -5705.19 6320.75 -1 1
3988.99 -8407.84 -7793.66 12139 -1 2
-3396.15 -3706.94 -6735.42 8405.49 1 1
event 6
4853.83 4092.44 21662.4 22785.1
-1381.68 7156.16 -6289.93 10113.1
-1995.79 2686.51 -3288.9 4693.46 -1 2
2006.89 809.858 11944.7 12139.6 1 1
614.117 4469.66 -3001.04 5419.63 1 2
2846.94 3282.58 9717.68 10645.4 -1 1
event 7
-4882.86 -8481.7 -21241.6 23591.9
5145.46 -5526.26 -12553.7 14973.4
-3106.59 -3873.83 -7556.28 9042.45 1 1
-1776.28 -4607.86 -13685.3 14549.4 -1 1
2460.16 -4764.32 -8004.68 9635.21 -1 2
2685.3 -761.938 -4549.03 5338.19 1 2
event 8
14428.6 14793.1 10076.7 23198
2096.29 -7079.29 2281.69 8325.12
2512.92 -3050.14 1190.85 4128.85 1 2
2041.66 2512.95 2860.02 4321.37 -1 1
12386.9 12280.1 7216.63 18876.6 1 1
-416.625 -4029.15 1090.85 4196.27 -1 2
event 9
-2961.69 3777.32 -17023.4 17956.3
2191.64 12514.5 42983.1 44928.3
-2823.5 1302.25 -11249.4 11671.7 -1 1
-138.193 2475.07 -5774.06 6284.59 1 1
2762.48 7049.71 24077.8 25240.5 -1 2
-570.833 5464.74 18905.3 19687.8 1 2
event 10
-2314.05 -8864.73 -2597.6 10013.8
-10941.7 9108.64 11574.3 18607.6
-9469.96 7189.71 8155.38 14418.5 1 2
650.136 -3093.35 -555.266 3211.07 -1 1
-1471.7 1918.92 3418.96 4189.11 -1 2
-2964.18 -5771.38 -2042.34 6802.75 1 1
event 11
-7206.22 -131.022 16344.4 18129.4
-2306.35 12334.9 -47680.9 49401.7
-1639.7 4253.22 -12720 13512.5 1 2
-2532.05 1436.93 6070.79 6733.63 1 1
-666.649 8081.69 -34961 35889.2 -1 2
-4674.17 -1567.95 10273.6 11395.8 -1 1
event 12
-17973.1 -11909.2 23409.1 31975.6
-4845.17 -4431.94 30151.6 31013.4
-1925.88 -3795.72 18607.7 19088.6 1 2
-8140.12 -6596.31 13055 16739.7 1 1
-2919.29 -636.22 11543.9 11924.8 -1 2
-9832.96 -5312.94 10354.1 15235.9 -1 1
event 13
3702 -4091.55 21527.2 22437.8
-11395.2 -20335.1 103284 105927
3061.23 -1425.51 8990.03 9603.91 -1 1
640.771 -2666.03 12537.1 12833.9 1 1
-5619.25 -12267.7 54660 56300.9 1 2
-5775.97 -8067.36 48623.9 49626 -1 2
event 14
-5594.43 1356.53 15054.2 16412.1
-8612.37 1664.51 3930.12 10098.6
-3288.57 -636.163 6203.35 7050.68 -1 1
-2305.85 1992.7 8850.82 9361.41 1 1
-4683.79 -279.116 925.992 4783.76 1 2
-3928.59 1943.63 3004.13 5314.83 -1 2
event 15
-3423.59 -5649.44 -16607.3 18139.2
7541.66 3014.41 -18177.9 20149.2
3470.11 1095.29 -11752 12302.9 1 2
-2153.65 -1601.04 -3848.1 4692.61 1 1
4071.55 1919.12 -6425.91 7846.28 -1 2
-1269.93 -4048.4 -12759.2 13446.6 -1 1
event 16
8543.22 1624.35 -5276.37 10632.8
-7642.48 -123.211 21698.8 23213.2
4206.71 1894.2 -3989.38 6100.06 -1 1
4336.51 -269.848 -1286.99 4532.73 1 1
-3865.06 1480.87 10682.6 11456.9 -1 2
-3777.42 -1604.08 11016.2 11756.3 1 2
event 17
5370.44 -3094.58 -2921.68 7519.65
-4213.28 5705.13 9839.42 12518.2
-2906.17 1464.94 3511.07 4788.6 -1 2
2588.5 -34.2719 -268.272 2604.73 -1 1
-1307.1 4240.19 6328.35 7729.62 1 2
2781.94 -3060.31 -2653.41 4914.92 1 1
event 18
-1054.39 -7731.51 17793.5 19674.5
5260.22 -1704.26 4021.93 7505.99
2905.94 -1399.14 512.033 3267.33 1 2
711.11 -4027.73 6752.06 7894.92 1 1
2354.27 -305.123 3509.89 4238.66 -1 2
-1765.5 -3703.78 11041.4 11779.6 -1 1
event 19
-3645.8 -2981.24 2160.33 6036.36
9504.14 -8588.57 -5327.17 14214.9
-1471.62 -3124.25 1325.12 3700.5 -1 1
-2174.18 143.009 835.203 2335.86 1 1
7080.7 -4554.32 -2806.08 8874.88 -1 2
2423.44 -4034.26 -2521.1 5339.98 1 2
event 20
9056.83 2559.58 10679.4 14567.7
-1803.49 -6893.98 -15915.9 17711.2
-2615.01 -4396.38 -9823.39 11076 -1 2
3712.74 1724.59 2621.96 4862.56 1 1
5344.09 834.983 8057.39 9705.11 -1 1
811.515 -2497.6 -6092.55 6635.28 1 2
event 21
-2998.15 4182.82 14737.7 15914.6
8158.37 8588.58 -54617.6 55973.1
-805.507 3655.74 8917.36 9671.81 1 1
-2192.64 527.083 5820.32 6242.82 -1 1
4648.17 6139.85 -29255 30251.7 -1 2
3510.2 2448.73 -25362.6 25721.4 1 2
event 22
-481.977 4827.73 3171.92 6572.02
2294.92 15541.5 33411.9 37050.6
1031.44 2997.62 2661.77 4140.75 -1 1
-1513.41 1830.11 510.145 2431.28 1 1
2591.37 10912.4 21146.8 23937.3 -1 2
-296.451 4629.06 12265.1 13113.3 1 2
event 23
-4296.29 4693.14 22945.6 24012
-10523.4 -1678.43 3641.13 11679.4
-3094.68 822.313 1588.53 3576.01 1 2
-1005.9 2406.69 13516.7 13766.4 1 1
-7428.74 -2500.75 2052.6 8103.35 -1 2
-3290.39 2286.44 9428.94 10245.5 -1 1
event 24
8111.16 -2045.83 -12148.1 15071.2
3297.8 6743.88 -2771.15 8580.49
2319.7 4039.07 -3225.65 5666.67 -1 2
3949.07 503.568 -6301.29 7454.27 -1 1
4162.08 -2549.39 -5846.76 7616.96 1 1
978.095 2704.81 454.498 2913.83 1 2
event 25
-3664.02 6075.36 -19228.8 20728.5
11342.1 -2469.24 -14950.4 19179.3
3264.72 690.04 -4026.05 5230.18 -1 2
120.863 2343.61 -4628.51 5190.51 -1 1
8077.39 -3159.28 -10924.4 13949.1 1 2
-3784.88 3731.75 -14600.2 15538 1 1
event 26
-4174.95 -8394.31 -46165.3 47209.3
-9784.35 -7328.02 -13621.7 18562.7
-7956.39 -6401.35 -9451.07 13914.6 1 2
-2957.6 -3391.84 -26573.3 26951.9 1 1
-1827.96 -926.677 -4170.6 4648.14 -1 2
-1217.35 -5002.47 -19592 20257.4 -1 1
event 27
-5327.53 -8532.78 -28307 30200.5
3047.67 -8234.8 5412.98 10769.9
-2804.75 -5464.39 -12880.7 14270.6 1 1
-2522.78 -3068.38 -15426.2 15929.8 -1 1
-16.9655 -3685.2 1286.38 3904.73 -1 2
3064.64 -4549.6 4126.6 6865.19 1 2
event 28
6210.62 -2758.55 2827.79 7985.55
-2968.8 8611.12 43884 44926.1
-74.0869 3618.98 12418.8 12936 -1 2
2346.27 -260.753 2392.02 3362.42 1 1
-2894.72 4992.14 31465.2 31990.2 1 2
3864.36 -2497.8 435.774 4623.13 -1 1
event 29
-7246.5 -1090.31 -311.829 7961.7
-7851.79 -1158.02 3732.59 9301.34
-3157.52 977.612 1974.32 3851.59 1 2
-3149.24 -582.091 1392.53 3493.83 1 1
-4694.27 -2135.63 1758.28 5449.75 -1 2
-4097.26 -508.217 -1704.36 4467.87 -1 1
event 30
-4731.17 651.106 10464.9 11912.8
8610.84 3921.67 8037.95 12795.6
-3136.51 -638.628 8446.55 9033.32 1 1
-1594.66 1289.73 2018.38 2879.48 -1 1
4583.46 3750.52 4807.93 7629.01 -1 2
4027.38 171.152 3230.03 5166.56 1 2
event 31
6273.91 -3496.55 -19356.6 20877.1
-4364.89 -8270.29 863.14 9888.66
4036.33 -1218.93 -7573.76 8668.95 -1 1
2237.58 -2277.62 -11782.8 12208.2 1 1
-4492.98 -5911.82 1121.22 7510.31 -1 2
128.091 -2358.47 -258.081 2378.35 1 2
event 32
-6026.21 -3062.62 3825.68 8361.97
-8796.48 3862.58 8044.48 12907.4
-6009.84 3768.03 4518.68 8411.06 1 2
-3219.38 0.0869031 2194.57 3897.65 -1 1
-2786.64 94.5513 3525.8 4496.3 -1 2
-2806.83 -3062.71 1631.11 4464.32 1 1
event 33
-2418.59 7796.92 7343.36 11408.7
6040.68 -4274.22 -19335.4 20933.4
3642.96 -3276.7 -8704.23 9989.13 1 2
-2109.21 3052.61 1864.85 4154.04 1 1
2397.71 -997.525 -10631.1 10944.2 -1 2
-309.388 4744.31 5478.52 7254.62 -1 1
event 34
10076.4 2044.02 -45310.5 46565.5
-3037.17 -9949.45 -8302.45 13665.2
-2635.14 -3710.87 -4144.25 6156.33 -1 2
3244.13 -750.43 -12686.5 13116.7 1 1
6832.31 2794.45 -32624 33448.9 -1 1
-402.034 -6238.58 -4158.2 7508.88 1 2
event 35
956.718 8316.98 -16759.3 18988.2
-11409.2 -8462.6 -9154.23 17180.7
-3520.25 -1514.92 -3739.06 5355.27 -1 2
-1122.63 2803.99 -5241.57 6050.45 1 1
-7888.94 -6947.68 -5415.17 11825.4 1 2
2079.34 5512.98 -11517.7 12937.8 -1 1
event 36
-5347.07 5336.9 2921.31 8671.72
8181.23 -967.865 -896.567 8846.78
4124.42 688.166 577.559 4222.46 -1 2
-2068.93 637.273 1832.43 2838.23 -1 1
-3278.14 4699.63 1088.88 5833.49 1 1
4056.81 -1656.03 -1474.13 4624.32 1 2
event 37
-1797.9 9728.96 -30769.2 32468.7
-2745.11 6664.78 -25830.8 26995.8
-1169.27 5017.12 -13385.3 14342.8 -1 2
-1111.53 2862.07 -14031 14363.4 1 1
-686.374 6866.89 -16738.2 18105.3 -1 1
-1575.85 1647.66 -12445.4 12653 1 2
event 38
8783.9 -7313.36 -15724.2 19684.6
-7906.47 798.449 3355.97 9165.35
-3601.87 1207.64 189.954 3805.14 1 2
2045.01 -919.387 -1515.57 2708.41 -1 1
6738.89 -6393.97 -14208.7 16976.2 1 1
-4304.6 -409.194 3166.02 5360.21 -1 2
event 39
-2901.14 -12577 59301.4 60768.8
-4875.87 5646.47 29822.4 30897
-3439.75 -8717.43 41272.8 42323.6 -1 1
538.605 -3859.59 18028.6 18445.2 1 1
-2063.79 2409.93 18862.6 19127.9 -1 2
-2812.09 3236.54 10959.8 11769.1 1 2
event 40
-7233.66 -6853.47 -7254.55 12708.9
6388.08 1535.07 -6640.02 9840.98
-5823.91 -3799.11 -5744.12 9019.82 1 1
-1409.76 -3054.36 -1510.43 3689.05 -1 1
2251.22 -564.674 -979.299 2521.31 -1 2
4136.86 2099.75 -5660.72 7319.67 1 2
event 41
-7594.8 -11604.1 -57923.4 59641
898.494 -18643.9 -25373.6 31651.4
1386.87 -4459.88 -5268.8 7041.69 1 2
-2176.43 -3523.92 -11905.6 12605.9 1 1
-488.375 -14184 -20104.8 24609.7 -1 2
-5418.37 -8080.23 -46017.8 47035.1 -1 1
event 42
-6874.85 5303.51 12730.9 15718
5027.57 -5464.5 1270.04 8145.02
-3489.64 3240.97 9404.54 10542.2 1 1
-3385.2 2062.54 3326.34 5175.84 -1 1
1975.08 -2524.24 -969.609 3350.23 -1 2
3052.49 -2940.26 2239.64 4794.79 1 2
event 43
5667.15 8320.96 -26954.4 28939.3
367.295 5346.72 12851.9 14264.8
-349.887 3049.76 10332 10778.9 1 2
1258.94 4287.02 -13406.8 14132.2 -1 1
717.182 2296.95 2519.9 3485.89 -1 2
4408.21 4033.94 -13547.5 14807.2 1 1
event 44
8151.67 4241.24 9711.47 13723.8
-3721.43 3204.38 -18885.8 19758.1
5401.97 1117.21 5928.69 8098.76 -1 1
2749.7 3124.04 3782.78 5625.04 1 1
-3370.84 1054.98 -9907.67 10519 -1 2
-350.583 2149.4 -8978.14 9239.1 1 2
event 45
-12078.7 371.628 3352.13 12917.5
-4723.66 3622.91 -20522.1 21591.4
-6046.1 828.471 228.038 6107.77 1 1
-6032.62 -456.843 3124.09 6809.72 -1 1
-1732.2 3023.01 -13327.9 13776.2 -1 2
-2991.46 599.901 -7194.19 7815.13 1 2
event 46
-8360.58 -969.161 -2621.15 9343.44
3554.39 -6989.91 -10861.7 13749.9
746.094 -3769.6 -7017.05 8001.04 -1 2
-2322.11 -690.415 -2214.58 3283.97 1 1
-6038.47 -278.747 -406.567 6059.48 -1 1
2808.29 -3220.31 -3844.64 5748.85 1 2
event 47
6529.99 -1320.64 -56.7699 7347.02
-6159.64 -5548.67 13426.1 16080.4
-2495.32 -3262.65 9009.3 9902.03 1 2
1992.92 -498.216 -1464.16 2524.85 1 1
4537.07 -822.429 1407.39 4822.17 -1 1
-3664.32 -2286.02 4416.75 6178.35 -1 2
event 48
541.143 -4906.25 -7548.68 9536.12
-11461 -6607.81 -29968 32904.2
-916.206 -3528.4 -3701.55 5196.31 1 1
1457.35 -1377.85 -3847.14 4339.81 -1 1
-8325.59 -3609.8 -22590.5 24345.2 1 2
-3135.41 -2998.01 -7377.51 8559.07 -1 2
event 49
-5724.92 2199.13 11487.5 13385.3
-2324.51 10437.6 48.3 11310.8
-3925.91 784.605 9651.31 10449.3 -1 1
-1799.01 1414.53 1836.16 2935.98 1 1
-893.707 5376.99 1840.18 5753.97 -1 2
-1430.8 5060.58 -1791.88 5556.86 1 2
event 50
-5536.88 4809.28 15191.7 17151.3
-8381.71 28995.4 89518.4 94520.5
-3612 3820.46 13197.5 14206.6 -1 1
-1924.88 988.821 1994.19 2944.64 1 1
-5533.58 21807.7 62955.3 66854.9 -1 2
-2848.13 7187.63 26563.1 27665.5 1 2
event 51
-6043.43 -3233.79 -9953 12475.3
-703.19 6657.36 18620 20027.7
-1691.95 2736.62 10010.7 10515.6 1 2
-2511.3 219.365 -2660.13 3666.36 1 1
-3532.12 -3453.16 -7292.87 8808.93 -1 1
988.756 3920.75 8609.29 9512.14 -1 2
event 52
15201.9 7037.54 32761.7 36926.2
-12650.7 -8301.5 12962.4 20163.6
-10232.1 -7977.76 10453.9 16662.4 1 2
4974.96 1518.19 12970.6 13975.1 1 1
-2418.66 -323.743 2508.57 3501.26 -1 2
10226.9 5519.35 19791.1 22951.1 -1 1
event 53
3016.95 -4996.06 -27091.3 27885.4
3212.99 -14774 -19933.9 25210
2927.34 -2555.22 -12493.5 13084.2 1 1
89.6064 -2440.84 -14597.9 14801.2 -1 1
3614.17 -9929.8 -13394.5 17061.3 -1 2
-401.174 -4844.19 -6539.39 8148.74 1 2
event 54
4379.67 -4008.81 16049.7 17390.7
1581.4 7976.73 16216.3 18403.4
-844.512 3527.57 6483.41 7429.85 -1 2
2137.71 -49.8568 5441.26 5847.29 1 1
2425.91 4449.16 9732.84 10973.6 1 2
2241.96 -3958.95 10608.5 11543.4 -1 1
event 55
55.1195 -15354.3 -3145.78 15976.4
-899.444 -7253.93 -19250.5 20823.1
211.78 -9166.3 -330.17 9175.3 1 1
-156.66 -6188.02 -2815.61 6801.1 -1 1
-1985.71 -3659.15 -10801.7 11576.7 -1 2
1086.27 -3594.78 -8448.75 9246.35 1 2
event 56
10551.6 5799.08 -44551.9 46253.9
-2630.25 -4230 -13480.2 14701
6891.21 3774.91 -23163.4 24460.1 -1 1
3660.4 2024.17 -21388.4 21793.8 1 1
-142.576 -3138.12 -6971.43 7647.23 -1 2
-2487.67 -1091.88 -6508.78 7053.8 1 2
event 57
-17526.9 -857.285 76810.1 78849.9
-2067.2 4664.81 2144.9 6342.56
-10663.8 -1844.32 49959.2 51118 -1 1
-6863.11 987.039 26850.9 27731.9 1 1
-2118.55 2332.5 -27.7741 3152.9 -1 2
51.3469 2332.31 2172.67 3189.67 1 2
event 58
-731.141 10831.9 30166.4 32209.7
13493 -5721.56 54172.1 56205
-1490.26 5452.52 12336.2 13569.9 1 1
759.123 5379.38 17830.2 18639.8 -1 1
9415.14 -2564.94 37817.8 39056.7 -1 2
4077.91 -3156.62 16354.2 17148.3 1 2
event 59
-9322.71 -3036.28 458.055 10484.6
3626.48 -5627.43 -603.989 7401.04
-5784.29 -1563.52 -1502.52 6178.29 -1 1
-3538.42 -1472.76 1960.57 4306.33 1 1
1959.87 -597.299 -440.911 2098.43 -1 2
1666.61 -5030.13 -163.078 5302.6 1 2
event 60
3655.59 -6408.87 33273.1 34221.7
10135 1444.89 9986.07 14632.8
3628.8 1241.36 5579.77 6771.58 1 2
2325.21 -1333.23 9192.46 9575.83 -1 1
6506.19 203.533 4406.29 7861.21 -1 2
1330.39 -5075.64 24080.7 24645.9 1 1
event 61
-2576.1 -9009.18 17701.1 20266.3
5450.14 4009.21 26340.2 27371
2889.54 3299.56 20343 20810.7 -1 2
-231.829 -4172.23 10323.5 11137.7 -1 1
-2344.27 -4836.94 7377.61 9128.64 1 1
2560.59 709.645 5997.2 6560.32 1 2
event 62
-5660.7 -1236.89 21644 22619.2
4859.16 7341.53 5363 10763.9
-3105.17 -587.059 16875.6 17169.3 1 1
-2555.53 -649.833 4768.33 5449.88 -1 1
1630.57 4892.29 2137.15 5583.17 -1 2
3228.59 2449.24 3225.85 5180.72 1 2
event 63
-5342.96 2734.72 -702.509 6790.51
4060.42 -7735.39 -3102.45 9774.39
-3411.07 951.893 -1758.73 3955.47 -1 1
-1931.9 1782.82 1056.22 2835.04 1 1
1008.66 -5135.61 -1408.96 5421.09 -1 2
3051.76 -2599.78 -1693.5 4353.3 1 2
event 64
-17208 -1730.56 11089 20776.6
-2938.3 -5482.93 -6352.19 9414.76
-11226.6 356.775 6978.28 13223.9 -1 1
-5981.44 -2087.34 4110.68 7552.71 1 1
-2352.22 -2342.88 -4862.22 5888.5 -1 2
-586.076 -3140.04 -1489.96 3526.26 1 2
event 65
-2238.05 8694.38 22192.1 24138.8
-9896.16 -2088.89 -13035.6 16787.4
-4372.17 -2499.81 -6213.51 7998.99 1 2
-1704.69 3143.03 5705.1 6733.79 -1 1
-533.36 5551.34 16487 17405 1 1
-5523.99 410.922 -6822.09 8788.37 -1 2
event 66
14475.9 -7828.2 -48213.9 51039.2
-6737.35 -82.0801 33154.2 33973.3
-4799.97 1099.58 26154.9 26614.6 1 2
6532.55 -3916.04 -26935.6 27991.9 1 1
-1937.39 -1181.66 6999.25 7358.7 -1 2
7943.31 -3912.16 -21278.3 23047.4 -1 1
event 67
-7486.51 -5450.83 4730.73 10850.3
5659.45 2386.87 -1804.14 7111.42
3569.58 1667.23 432.867 3964.86 1 2
-4088.88 -1091.66 1908.9 4643.89 1 1
2089.87 719.639 -2237.01 3146.56 -1 2
-3397.63 -4359.16 2821.83 6206.46 -1 1
event 68
-791.848 7260.61 -4008.03 8888.12
-11620.1 -15407.1 -15235.6 24781.4
402.2 5586.67 -1835.91 5895.28 1 1
-1194.05 1673.94 -2172.12 2992.84 -1 1
-8500.1 -10529.1 -12306.7 18291.5 -1 2
-3119.97 -4878.05 -2928.87 6489.92 1 2
event 69
1561.29 5805.36 19174.2 20331.8
-7753.73 146.974 8194.53 11699.7
-2970.78 -1035.35 4706.62 5662.24 -1 2
-874.264 2504.74 7880.42 8315.67 -1 1
-4782.95 1182.32 3487.91 6037.48 1 2
2435.56 3300.62 11293.8 12016.1 1 1
event 70
-1266.69 4499.98 3528.04 6625.09
6314.18 8596.78 55.1577 11107.1
441.351 3383.98 1445.29 3707.58 1 1
-1708.04 1116 2082.75 2917.51 -1 1
3048.62 4836.18 1516.39 5915.51 1 2
3265.56 3760.61 -1461.24 5191.57 -1 2
event 71
-2274.19 -5684.17 -32308.7 33029.2
2960.37 -7945.51 33124.6 34332.5
2103.92 -2143.35 14415.1 14725 -1 2
506.248 -2234.03 -8113.61 8431.43 1 1
856.449 -5802.17 18709.5 19607.5 1 2
-2780.44 -3450.15 -24195.1 24597.7 -1 1
event 72
10630.8 7848.11 -46884.6 48809.4
-4442.65 4651.73 -11737.3 13738
5821.55 5549.19 -23997.8 25309.9 1 1
4809.24 2298.92 -22886.8 23499.6 -1 1
-2456.02 3607.84 -9954.8 10870 -1 2
-1986.64 1043.89 -1782.52 2867.92 1 2
event 73
5750.21 4625.6 -3481.8 8727.82
-7643.15 -1791.18 11249.5 14063
-3501.61 -1709.55 7599.73 8541.13 1 2
3318.63 822.803 -944.498 3548.74 1 1
2431.58 3802.8 -2537.3 5179.09 -1 1
-4141.54 -81.6321 3649.74 5521.85 -1 2
event 74
7676.22 2799.34 -21333.4 23139.9
-1098.74 6737.85 -5511.46 9304.52
4314.29 1068.09 -15965.4 16572.9 -1 1
3361.93 1731.25 -5367.92 6567.01 1 1
-129.277 2829.66 -505.648 2879.33 -1 2
-969.46 3908.18 -5005.81 6425.19 1 2
event 75
-5258.08 5389.7 17719.5 19500.4
6197.74 4742.93 17756.2 19641.3
-2019.37 3995.81 11638.8 12470.6 1 1
-3238.71 1393.89 6080.7 7029.81 -1 1
2834.32 3905.64 8793.36 10031 -1 2
3363.42 837.289 8962.83 9610.26 1 2
event 76
-2543.82 4775.18 14338.3 15635
5767.15 -6663.27 -14646.1 17371.2
-1647.87 2596.01 11692.6 12090.6 1 1
-895.957 2179.17 2645.74 3544.38 -1 1
1822.89 -4431.66 -7039.84 8516.63 1 2
3944.26 -2231.62 -7606.29 8854.61 -1 2
event 77
-4653.48 -7755.78 -3901.54 10325.7
-1924.67 5545.5 5383.96 8546.04
17.1952 3829.18 4231.14 5707.59 1 2
-745.288 -3937.98 -971.738 4125.36 -1 1
-1941.87 1716.33 1152.82 2838.44 -1 2
-3908.2 -3817.8 -2929.81 6200.36 1 1
event 78
-8421.88 7728.82 -43493.3 45076.8
-4417.06 4403.31 350.26 6972.29
-2376.98 4268.58 538.005 4916.44 1 2
-2642.84 4236.7 -21365.7 21941.7 1 1
-2040.08 134.735 -187.745 2055.84 -1 2
-5779.04 3492.12 -22127.6 23135.1 -1 1
event 79
-5474.45 -2209.71 12634.1 14285.1
-5472.37 12299.4 -19315.1 23746.3
-3212.64 -1646.47 10569.7 11169.6 1 1
-2261.81 -563.243 2064.48 3115.49 -1 1
-3080.55 7552.38 -14155.8 16337.9 -1 2
-2391.82 4746.99 -5159.29 7408.38 1 2
event 80
5389.15 5172.95 24622.5 25916.5
3767.65 -5172.14 16875.2 18311.4
1828.5 -4470.31 13671.4 14499.8 1 2
3154.99 1328.47 13732.5 14153.1 -1 1
1939.15 -701.834 3203.78 3811.59 -1 2
2234.16 3844.48 10890.1 11763.3 1 1
event 81
1417.49 4984.69 -7634.58 9733.13
12355.8 -8623.48 -13182.9 20258.6
-596.512 3008.03 -5026.74 5889.26 -1 1
2014.01 1976.66 -2607.84 3843.87 1 1
7689.59 -5683.49 -6358.9 11483.8 1 2
4666.24 -2939.98 -6824.04 8774.73 -1 2
event 82
-6074.03 -3078.77 11557.1 13767
-11932.8 1131.57 2078.33 12553.2
-2759.41 1564.31 862.619 3288.88 -1 2
-1349.01 -1994.3 2377.53 3385.39 1 1
-9173.43 -432.741 1215.71 9264.35 1 2
-4725.02 -1084.46 9179.55 10381.6 -1 1
event 83
-1049.75 6394.53 7424.6 10329.9
-4414.2 -11981.5 -18782.6 22921.9
-33.9701 -3921.02 -4811.84 6208.1 -1 2
1083.27 1964.09 2676.12 3493.41 -1 1
-4380.23 -8060.44 -13970.8 16713.8 1 2
-2133.02 4430.43 4748.48 6836.5 1 1
event 84
1390.6 10986.7 25963.1 28395.6
-1617.64 -14502.9 -20863.2 25647.9
1550.4 5646.14 10330.5 11874.9 -1 1
-159.802 5340.55 15632.6 16520.7 1 1
-408.065 -11971.5 -18127.8 21728.1 -1 2
-1209.58 -2531.43 -2735.44 3919.82 1 2
event 85
5543.03 -3319.4 -1850.13 7399.84
-11688.9 15902.5 32704.9 38323.9
2977.6 -3492.28 -1239.73 4755.02 -1 1
2565.43 172.877 -610.406 2644.82 1 1
-7871.97 12856.3 23989.2 28332.8 1 2
-3816.91 3046.19 8715.7 9991.13 -1 2
event 86
-5810.57 1923.53 -14030.1 15617.2
-8571.12 -11211 51205.6 53204.9
-3607.39 2331.05 -11266.6 12058 -1 1
-2203.18 -407.515 -2763.5 3559.23 1 1
-4075.52 -7605.95 28396.3 29678.7 -1 2
-4495.59 -3605.02 22809.3 23526.2 1 2
event 87
5491.97 -4925.88 -1708.56 8181.46
-4788.85 9579.86 -21871.5 24549.1
-2032.16 3003.3 -4566.71 5832.28 1 2
3279.28 -914.75 -500.316 3442.66 -1 1
-2756.69 6576.56 -17304.8 18716.8 -1 2
2212.69 -4011.13 -1208.25 4738.79 1 1
event 88
-5008.46 -3316.04 2428.36 7181.13
5148.81 8964.99 -13739.5 17471.3
2593.79 2014.55 -3173.1 4567.92 -1 2
-767.522 -2231.97 1095.09 2604.07 -1 1
2555.02 6950.44 -10566.4 12903.4 1 2
-4240.94 -1084.07 1333.27 4577.07 1 1
event 89
-6062.77 -1347.69 14019.7 15643.4
-10513.9 -9728.73 -18046.8 23248
-3478.36 -600.534 11205.4 11748.7 -1 1
-2584.41 -747.154 2814.36 3894.77 1 1
-5095.23 -6335.64 -8548.14 11797.6 -1 2
-5418.72 -3393.08 -9498.67 11450.4 1 2
event 90
1643.18 -7487.02 -12115.2 14667.1
7643.05 7743.6 -18337 21545.7
2199.03 2521.89 -8596.22 9225.06 -1 2
2077.59 -2527.57 -4391.04 5476.99 1 1
5444.02 5221.71 -9740.82 12320.6 1 2
-434.415 -4959.45 -7724.12 9190.1 -1 1
event 91
7438.26 10122.5 -4723.41 13773
5361.35 -3304.86 5102.96 8677.46
3768.85 -581.617 3288.42 5036.6 1 2
1967.44 4991.82 -2680.51 5998.79 1 1
1592.5 -2723.24 1814.55 3640.85 -1 2
5470.83 5130.72 -2042.89 7774.24 -1 1
event 92
-5415.03 -6916.22 -3633.5 9997.49
-4107.49 5839.79 -7409.07 10745.2
-4197.57 -2874.24 -2106.23 5507.1 -1 1
-1217.46 -4041.98 -1527.27 4490.39 1 1
-2035.12 5181.88 -4838.21 7376.52 -1 2
-2072.37 657.915 -2570.86 3368.68 1 2
event 93
-6037.2 -456.214 14278.4 15815.1
792.145 7989.88 -26080.9 27464
-3237.2 -65.5883 3961.79 5117.68 1 1
-2800 -390.626 10316.6 10697.5 -1 1
-667.696 4145.83 -16713.7 17233.4 -1 2
1459.84 3844.06 -9367.22 10230.5 1 2
event 94
-352.059 -10727.9 3734.51 11779.2
-4517.81 5384.31 7563.55 10779.6
-1356.66 3929.08 3559.46 5473.49 1 2
-1401.59 -4076.6 2324.55 4898.76 1 1
-3161.15 1455.24 4004.1 5306.09 -1 2
1049.53 -6651.32 1409.96 6880.46 -1 1
event 95
-950.793 -6575.25 -16770 18302
-6437.53 -535.69 -6861.89 9919.92
930.644 -4171.89 -9851.88 10739.7 -1 1
-1881.44 -2403.36 -6918.15 7562.27 1 1
-4642.29 719.157 -3317.28 5751.83 -1 2
-1795.24 -1254.85 -3544.62 4168.09 1 2
event 96
-3262.85 -7911.21 -95.7192 9101.27
4111.5 9627.83 7228.56 13093.6
-3131.07 -3768.06 440.882 4920.11 -1 1
-131.771 -4143.14 -536.602 4181.16 1 1
2217.62 6973.64 6413.35 9730.97 -1 2
1893.88 2654.19 815.204 3362.63 1 2
event 97
13952.5 787.473 -13616.5 19755.9
-238.285 8908.89 -35161 36404.8
1414.85 4697.94 -18691.6 19325.1 -1 2
4641.37 -1067.15 -5386.77 7190.94 1 1
9311.17 1854.63 -8229.78 12564.9 -1 1
-1653.13 4210.95 -16469.4 17079.7 1 2
event 98
-4126.29 6288.2 12529 14937.7
-7314.54 4454.26 26471.4 27994.1
-2035.1 2389.15 6274.92 7016.8 1 2
-1469.53 2501.45 7794.93 8317.98 1 1
-5279.44 2065.11 20196.5 20977.3 -1 2
-2656.76 3786.75 4734.06 6619.69 -1 1
event 99
-15386 2543.09 74689.9 76363.4
3180.21 4599.89 -13863.7 15266.4
3309.71 2336.85 -7762.17 8756.57 1 2
-7031.94 -313.297 30817.4 31611.2 1 1
-129.493 2263.04 -6101.56 6509.86 -1 2
-8354.02 2856.38 43872.5 44752.2 -1 1
event 100
1140.63 8027.68 -24762.5 26239.6
2971.48 5426.97 1134.41 7011.36
777.312 3616.53 -491.502 3733.12 1 2
-142.281 4049.37 -16354.2 16849 -1 1
2194.17 1810.45 1625.91 3278.24 -1 2
1282.91 3978.31 -8408.28 9390.59 1 1
event 101
10741.4 3833.75 -53201.7 54498.5
-7402.54 3388.97 -1610.36 8858.02
5388.88 3409.36 -31805.8 32438.9 -1 1
5352.51 424.395 -21395.9 22059.5 1 1
-3603.64 3064.52 -36.3159 4731.81 -1 2
-3798.89 324.455 -1574.05 4126.21 1 2
event 102
5971.96 -3838.99 13298.9 15390
-6276.14 -2465.12 2522.87 7837.27
-3219.56 287.625 1650.91 3631.11 1 2
1583.85 -2527.17 3696.74 4751.03 1 1
4388.11 -1311.81 9602.11 10639 -1 1
-3056.58 -2752.74 871.96 4206.15 -1 2
event 103
-8154 -5973.18 -38993.4 40401
3130.62 6301.91 26726.8 27810.5
2847.92 3991.88 13141.8 14027.3 1 2
-4887.42 -1793.05 -17195.1 17966.2 -1 1
282.694 2310.03 13585 13783.3 -1 2
-3266.58 -4180.13 -21798.3 22434.8 1 1
event 104
-1146.53 -5044.61 -1292.57 6166.38
1548.89 9349.64 6731.56 12195
805.426 -3330.27 -668.507 3492.49 1 1
-1951.95 -1714.34 -624.061 2673.89 -1 1
-866.514 5643.02 3301.32 6595.78 1 2
2415.4 3706.62 3430.25 5599.19 -1 2
event 105
-8430.24 3903.21 -19099.4 21463.5
1742.52 -9831.07 4631.62 11433.7
-621.906 -4466.8 1321.8 4700.79 -1 2
-3487.79 84.5551 -7971.81 8702.45 -1 1
-4942.45 3818.66 -11127.6 12761.1 1 1
2364.43 -5364.27 3309.82 6732.91 1 2
event 106
-12560.1 -15442.7 25398.5 32479.1
2287.71 12886.1 -26844.5 30025
1156.28 10066.2 -17785.5 20469.4 -1 2
-4333.16 -3074.22 7964.83 9574.8 -1 1
-8226.95 -12368.5 17433.7 22904.3 1 1
1131.43 2819.95 -9059.01 9555.58 1 2
event 107
-13245.1 3659.96 -24833.2 28550.1
-2075.95 -5413.38 9949.18 11924.4
-9002.44 1137.85 -14642.2 17226.2 1 1
-4242.65 2522.11 -10191.1 11323.9 -1 1
-2523.67 -2473.42 4579.4 5785.23 -1 2
447.728 -2939.96 5369.77 6139.17 1 2
event 108
-930.159 7575.19 5826.58 10089.1
-2805.63 6621.14 1709.48 8014.04
-2290.53 2098.12 1511.96 3456.27 -1 2
-1449.13 2280.02 3087.41 4103.87 1 1
518.975 5295.17 2739.17 5985.18 -1 1
-515.108 4523.02 197.515 4557.77 1 2
event 109
4971.6 8470.44 9596.94 14076.8
-3141.46 8574.09 -7901.05 12466
-110.858 3917.76 -2160.66 4476.69 -1 2
1411.15 3403.91 5604.5 6708.17 -1 1
3560.45 5066.53 3992.44 7368.67 1 1
-3030.6 4656.33 -5740.39 7989.32 1 2
event 110
7276.93 -3365.66 5565.81 10239.7
3590.29 7645.75 -34713.4 35860.3
371.18 4336.39 -15511.3 16110.7 -1 2
2884.92 -2966.79 2178.08 4677.58 1 1
3219.11 3309.36 -19202.1 19749.6 1 2
4392.01 -398.872 3387.73 5562.08 -1 1
event 111
6596.12 -1702.89 8524.34 11343
-4984.47 -4588.38 -35423.1 36197.9
-1211.51 -3105.01 -13750.3 14148.8 1 2
2412 815.851 3561.83 4379.63 -1 1
4184.12 -2518.74 4962.52 6963.38 1 1
-3772.96 -1483.37 -21672.8 22049 -1 2
event 112
-1920.55 -6999.31 15862.8 17717.1
11766.8 -1361.96 28832.2 31324.1
3479.91 984.677 7906.29 8694.82 1 2
-2155.26 -2670.87 8576.15 9237.98 1 1
8286.91 -2346.63 20925.9 22629.3 -1 2
234.703 -4328.44 7286.6 8479.16 -1 1
event 113
5211.86 10097.1 -40936.6 42597.1
-8804.82 1546.76 15583.3 18230.3
3428.36 5085.48 -16904.4 17982.9 1 1
1783.5 5011.59 -24032.3 24614.2 -1 1
-6871.71 677.632 13902.4 15523.2 -1 2
-1933.11 869.128 1680.82 2707.14 1 2
event 114
4481.46 -1896.25 -3697.88 6851.6
7700.89 -13523 -59508.6 61587.7
3171.2 297.721 -1742.77 3632.3 1 1
1310.25 -2193.97 -1955.11 3219.3 -1 1
4656.1 -10001.8 -45788.6 47099.1 1 2
3044.79 -3521.18 -13720 14488.6 -1 2
event 115
6395.06 -7863.28 -27588.1 29621.2
1609.97 -4845.86 17436.3 18430.7
4305.69 -4018.74 -20124.4 20968.8 1 1
2089.37 -3844.54 -7463.71 8652.4 -1 1
-319.437 -3674.33 10019.9 10677.7 -1 2
1929.41 -1171.53 7416.37 7752.99 1 2
event 116
-8393.19 823.867 -39015.1 40036.1
1016.77 6686.44 -5347.7 9161.42
1485.21 3655.44 -4483.27 5973.18 1 2
-3961.11 1659.16 -23001.1 23398.8 1 1
-468.445 3031 -864.435 3188.23 -1 2
-4432.09 -835.291 -16014 16637.3 -1 1
event 117
3508.03 10981.8 57675.6 58898
937.708 5897.16 592.461 6752.62
2907 5720.56 25855.2 26639.8 1 1
601.022 5261.23 31820.4 32258.2 -1 1
1786.67 3869.19 -505.448 4292.96 -1 2
-848.96 2027.97 1097.91 2459.67 1 2
event 118
-5806.81 -4213.2 8362.33 11445.1
13199.5 -3320.7 1760.79 14069.3
3588.58 -570.049 -857.248 3734.82 1 2
-1722.12 -3108.95 3356.36 4889.53 1 1
9610.97 -2750.65 2618.03 10334.5 -1 2
-4084.7 -1104.25 5005.97 6555.54 -1 1
event 119
-2203.44 -11326 4294.32 12695.2
-3050.77 3861.24 -876.633 5880.11
-1055.83 -6587.34 4065.06 7813.05 1 1
-1147.62 -4738.65 229.26 4882.17 -1 1
-2717.58 1416.53 412.953 3094.11 -1 2
-333.198 2444.71 -1289.59 2786 1 2
event 120
4829.63 -6303.61 -10624.3 13620.8
4852.63 -6819.76 18009.4 20099.4
3412.07 -2467.03 6947.25 8124.28 1 2
2597.77 -1666.39 -2368.68 3891.92 1 1
2231.86 -4637.23 -8255.64 9728.92 -1 1
1440.56 -4352.74 11062.1 11975.1 -1 2
event 121
-5731.26 -5637.35 7951.1 11723.4
2679.49 8340.26 6081.15 11104.6
3219.38 5870.41 3808.14 7703.19 1 2
-2077.6 -2681.66 5392.08 6371.3 1 1
-539.882 2469.85 2273.02 3401.38 -1 2
-3653.66 -2955.69 2559.02 5352.11 -1 1
event 122
13932.3 -3268.26 11120.8 18386.2
6547.38 -9356.41 4832.49 12781
3097.17 -1966.55 1683.19 4037.83 1 2
2417.15 -68.5596 674.699 2512.71 -1 1
11515.1 -3199.7 10446.1 15873.5 1 1
3450.21 -7389.86 3149.3 8743.18 -1 2
event 123
-4655.02 5454.95 -17251.5 18937.5
846.489 -9635.11 -12480.8 16090.8
-3154.04 2896.82 -6505.47 7789.21 1 1
-1500.98 2558.13 -10746 11148.3 -1 1
1980.68 -5221.99 -7263.08 9162.73 -1 2
-1134.19 -4413.13 -5217.75 6928.07 1 2
event 124
1529.74 -6685 -21797.3 23059.5
-8330.15 24790.3 54164.7 60227.5
1096.77 -3514.56 -16179.6 16593.5 -1 1
432.971 -3170.45 -5617.7 6465.98 1 1
-6516.16 15470 36395.2 40079.9 -1 2
-1813.99 9320.28 17769.5 20147.6 1 2
event 125
-7883.08 2483.99 12345.6 15176.2
2694.53 -7128.44 -3344.13 8879.73
-3896.61 2197.87 4370.81 6255.35 1 1
-3986.46 286.12 7974.74 8920.84 -1 1
2017.63 -4222.89 -418.647 4700.01 -1 2
676.896 -2905.55 -2925.48 4179.72 1 2
event 126
1234.9 11457.3 7233.04 13953.6
-11067.6 -3497.5 5164.29 13076.1
-8417.5 -1329.34 3056.8 9054.09 1 2
1934.24 4476.02 3519.99 6014.77 1 1
-2650.12 -2168.16 2107.48 4022.03 -1 2
-699.334 6981.25 3713.06 7938.82 -1 1
event 127
4618.83 -5606.78 9958.31 12709.4
8732.1 5764.94 -51043.8 52197.2
3925.45 1179.95 -24104.7 24450.9 1 2
1395.4 -1850.58 1114.12 2573.75 -1 1
4806.65 4584.99 -26939.2 27746.3 -1 2
3223.43 -3756.21 8844.19 10135.6 1 1
event 128
8503.2 8212.28 30218.1 32595.5
-3644.52 -6518.81 25446.2 26699.7
4295.84 6087.86 19971.3 21316.2 -1 1
4207.36 2124.43 10246.7 11279.3 1 1
-3024.09 -3460.66 11035.4 11954.6 -1 2
-620.434 -3058.14 14410.7 14745.1 1 2
event 129
-7667.55 -5277.5 -23315.4 25295.1
-14528.1 5535.31 -7899.56 17711.5
-4278.64 -2491.65 -16154.4 16896.5 1 1
-3388.91 -2785.86 -7161 8398.62 -1 1
-9839.78 2899.4 -3768.86 10929 -1 2
-4688.27 2635.9 -4130.71 6782.46 1 2
event 130
-322.172 6179.41 -5004.29 8539.48
-3542.6 16797.4 -18654.7 25618.1
746.568 3133.46 -3825.82 5002.4 1 2
1184.42 2261.3 -1020.11 2751.02 1 1
-4289.17 13664 -14828.9 20615.7 -1 2
-1506.59 3918.11 -3984.18 5788.46 -1 1
event 131
6848.79 6508.7 -5420.33 11324.3
5336.69 -39.4406 -1568.99 6366.67
2796.17 1326.45 -1588.39 3480.25 1 2
4330.29 2295.78 -3624.24 6096.59 -1 1
2540.52 -1365.89 19.4013 2886.42 -1 2
2518.5 4212.92 -1796.09 5227.68 1 1
event 132
-6285.87 6633.65 -1090.22 9710.67
11092.6 3563.11 -4752.35 12958.3
-2508.59 4523.93 250.205 5180.03 -1 1
-3777.28 2109.71 -1340.42 4530.63 1 1
6472.81 473.276 -2362.95 6907.67 -1 2
4619.76 3089.84 -2389.41 6050.59 1 2
event 133
6522.59 -4045.21 1038.2 8341.26
5922.44 326.23 15230 16635.1
3225.06 -3405.51 -351.497 4704.59 1 1
3297.53 -639.703 1389.7 3636.67 -1 1
1479.92 1373 6118.41 6443.71 -1 2
4442.52 -1046.77 9111.59 10191.4 1 2
event 134
-5614.91 -10869.2 -15692 20137
-5387.97 4948.98 14794.8 16793
-4006.77 -7521.16 -8472.35 12017.2 1 1
-1608.14 -3348.07 -7219.63 8119.72 -1 1
-2491.64 567.465 3486.76 4324.22 -1 2
-2896.33 4381.52 11308.1 12468.8 1 2
event 135
4236.54 -2825.61 5268.03 7954.59
-9547.32 3748.34 3753.94 11352.7
2215.84 -3110.98 2729.14 4695.48 -1 1
2020.7 285.37 2538.89 3259.11 1 1
-6251.7 823.886 2185.23 6674.5 1 2
-3295.62 2924.45 1568.71 4678.2 -1 2
event 136
-3770.1 -3305.07 -6298.56 8625.46
-1392.52 9601.48 -46884 47977.4
-951.113 -2881.86 -3092.81 4334.33 1 1
-2818.99 -423.204 -3205.75 4291.13 -1 1
-2348.42 5712.79 -28738.5 29394.9 -1 2
955.899 3888.69 -18145.5 18582.4 1 2
event 137
-1294.21 -21448.6 30716.9 37614.3
7893.04 17580.3 -44746.8 48818.4
4738.99 11010.8 -23973.2 26803.4 -1 2
431.324 -7777.65 13194.4 15322.6 1 1
-1725.54 -13670.9 17522.5 22291.7 -1 1
3154.06 6569.47 -20773.6 22015 1 2
event 138
7949.56 6276.92 9419.17 14174.2
-5676.64 -692.266 -27251.6 28016.8
5744.77 3594.02 7824.38 10351.4 -1 1
2204.79 2682.9 1594.8 3822.77 1 1
-1533.76 -1615.82 -10636.5 10867.8 -1 2
-4142.88 923.558 -16615.1 17149 1 2
event 139
4406.75 -10785.6 34009.4 36082.9
-1219.71 -9892.99 -17591.8 20455.4
347.252 -4421.45 -5316.07 6923.98 -1 2
296.858 -2708.84 11469.5 11789.2 -1 1
4109.89 -8076.72 22539.9 24293.7 1 1
-1566.96 -5471.54 -12275.8 13531.4 1 2
event 140
-2719.97 -5662.69 6056.65 9472.84
4623.1 -10300.7 12940 17450.3
-2493.87 -3013.24 5506.94 6755.48 1 1
-226.1 -2649.45 549.718 2717.36 -1 1
2155.96 -5795.29 4817.29 7839.07 -1 2
2467.14 -4505.44 8122.7 9611.2 1 2
event 141
5172.65 -2701.15 1077.25 6693.54
11325.5 4421.74 8562.76 15189.8
3246 8.59006 3069.47 4468.71 -1 2
1055.44 -1813.48 1306.77 2474.16 1 1
8079.54 4413.15 5493.3 10721.1 1 2
4117.2 -887.668 -229.515 4219.38 -1 1
event 142
-15414.8 -9584.02 76516 78700.4
1020.31 -5069.91 -1717.17 6267.73
-9618.47 -7401.33 54061.6 55407.3 1 1
-5796.36 -2182.68 22454.3 23293.1 -1 1
-349.696 -3520.04 58.6266 3539.43 -1 2
1370.01 -1549.87 -1775.79 2728.3 1 2
event 143
7942.85 451.396 -22103.3 23694.7
8110.5 -10197.5 33555 36128.9
4260.55 1654.78 -10234.3 11209 -1 1
3682.29 -1203.38 -11869 12485.6 1 1
3322.65 -6617.12 19177.9 20557.9 1 2
4787.85 -3580.34 14377.2 15571 -1 2
event 144
5420.18 8607.27 880.135 10669.1
4383.74 9759.12 39726.2 41257.9
1071.25 5324.6 23263.4 23889.3 -1 2
2623.61 1812.79 920.05 3320.72 1 1
2796.57 6794.48 -39.9155 7348.37 -1 1
3312.48 4434.51 16462.8 17368.7 1 2
event 145
-5520.35 -10960 5123.6 13654.3
-7738.65 -2663.2 -18582.1 20539.4
-4491.65 -3119.92 -11636.4 12857.9 -1 2
-2801.38 -2563.69 1987.85 4287.54 1 1
-2718.97 -8396.35 3135.74 9366.73 -1 1
-3247 456.724 -6945.69 7681.5 1 2
event 146
-1795.7 5100.59 2693.07 6788.54
6676.63 11349 12139.5 18175.2
-1058.13 3162.1 3229.93 4643.51 -1 1
-737.572 1938.49 -536.862 2145.03 1 1
3827.12 6331.34 8838.11 11526.3 -1 2
2849.51 5017.65 3301.44 6648.85 1 2
event 147
-7508.16 10853.9 6032.69 14837.8
3258.51 5614.71 -11485.8 13552.1
-3490.66 7158.83 4581.74 9188.97 1 1
-4017.5 3695.02 1450.94 5648.88 -1 1
1073.23 3196.23 -8442.6 9091.56 -1 2
2185.28 2418.48 -3043.22 4460.59 1 2
event 148
7278.31 -5444.69 5536.04 11084.1
-4921.23 -1705.7 3431.52 6963.75
-3008.91 -2404.66 1439.39 4113.26 1 2
4178.99 -1364.18 1847.83 4769.75 1 1
-1912.32 698.957 1992.13 2850.49 -1 2
3099.32 -4080.51 3688.2 6314.3 -1 1
event 149
-4783.23 -4084.8 -27009.9 27905.1
11825.8 -7337.07 17257.7 22474.4
-2004.43 -2758.67 -19355.8 19654.2 1 1
-2778.8 -1326.14 -7654.09 8250.86 -1 1
6421.86 -6020.85 9854.97 13214.5 -1 2
5403.94 -1316.22 7402.72 9259.93 1 2
event 150
-4841.93 -2972.58 -3045.03 7151.46
4537.02 8556.89 557.722 10183.7
-2007.88 -2828.11 -878.035 3579.37 1 1
-2834.05 -144.463 -2167 3572.08 -1 1
3320.23 3730 1270.59 5153.88 -1 2
1216.79 4826.88 -712.865 5029.78 1 2
event 151
5352.2 -1407.94 30802 31448.1
-7469.92 9257.84 481.074 12301.5
3432.34 561.877 14245.1 14663.9 -1 1
1919.86 -1969.81 16556.9 16784.2 1 1
-3802.19 5596.49 -1157.79 6865.06 -1 2
-3667.73 3661.35 1638.86 5436.43 1 2
event 152
-3005.4 6629.04 -7130.03 10649.2
87.0034 9749.86 -1032.02 10282.2
1068.49 6977.41 268.603 7064.64 1 2
32.7063 3632.52 -3505.88 5049.62 -1 1
-981.484 2772.45 -1300.63 3217.55 -1 2
-3038.11 2996.52 -3624.15 5599.54 1 1
event 153
-2391.1 5218.4 -504.988 6541.79
9218.91 11816.5 80551.1 81992
-221.627 3556.6 -1123.45 3737.89 -1 1
-2169.47 1661.8 618.462 2803.9 1 1
6759.67 8640.46 65565.1 66476.6 1 2
2459.24 3176.05 14986 15515.4 -1 2
event 154
-10491.2 -2003.05 -15188.6 18824.5
-5677.5 -3611.15 26143.5 27172.4
-5559.25 -213.794 -5603.17 7896.69 1 1
-4931.96 -1789.26 -9585.44 10927.8 -1 1
-4145.62 -830.51 15156.1 15735.1 -1 2
-1531.88 -2780.64 10987.3 11437.3 1 2
event 155
-5704.91 2685.16 -2377.44 7416.15
8094.31 8463.63 -58733.3 59969.5
-4114.34 754.909 -2561.28 4906.02 -1 1
-1590.57 1930.26 183.843 2510.13 1 1
5018.65 3409.53 -34078.9 34614.9 1 2
3075.66 5054.1 -24654.4 25354.6 -1 2
event 156
6578.97 3512.94 -7872.99 11278.2
-6623.08 -9862.47 -8533.5 14951.4
-5317.01 -7168.02 -7831.47 11874.1 1 2
2409.59 3030.08 -3958.97 5538.24 1 1
-1306.08 -2694.45 -702.035 3077.32 -1 2
4169.37 482.861 -3914.02 5739.99 -1 1
event 157
-4399.65 -8057.67 -3435.18 10279.8
1038.44 4802.15 8320.36 10341.9
-972.069 3694.78 5616.43 6793.51 1 2
-3358.98 -3087.86 -1125.56 4700.6 -1 1
2010.51 1107.37 2703.93 3548.35 -1 2
-1040.67 -4969.81 -2309.62 5579.2 1 1
event 158
-9051.12 -4070.52 -5646.59 11830.7
4897.34 -654.209 672.453 5869.86
2540 -1889.67 352.322 3187.12 1 2
-4040.06 -260.253 -1648.04 4372.3 1 1
2357.35 1235.46 320.131 2682.74 -1 2
-5011.06 -3810.27 -3998.55 7458.45 -1 1
event 159
2665.68 -5103.29 -12528.6 14131.8
-6353.4 -6227.1 -51401.5 52257.5
335.653 -3685.27 -8433.62 9210.38 1 1
2330.03 -1418.02 -4095 4921.39 -1 1
-4690.11 -2462.32 -29716.2 30184.8 1 2
-1663.3 -3764.78 -21685.3 22072.7 -1 2
event 160
5480.01 5641.79 -9600.45 12791.4
-5870.11 -3902.54 -9126.79 11940.6
-3201.58 -3855.74 -5588.18 7507.05 1 2
1160.42 3343.59 -4445.39 5683.21 1 1
-2668.53 -46.7985 -3538.61 4433.53 -1 2
4319.59 2298.2 -5155.06 7108.19 -1 1
event 161
-6344.83 7983.07 8862.16 13860.6
-5785.54 -121.027 4258.39 7823.7
-3558.74 -697.578 4158.83 5518.9 1 2
-1750.04 4606.77 4585.92 6732.51 1 1
-2226.8 576.551 99.5606 2304.8 -1 2
-4594.8 3376.31 4276.24 7128.05 -1 1
event 162
-7914.76 5744.88 38714.2 40050.3
-5982.49 2375.43 -12847.8 14700
-4602.97 2161.5 14993.8 15833 -1 1
-3311.8 3583.39 23720.4 24217.3 1 1
-3574.75 622.806 -4190.64 5544.31 -1 2
-2407.74 1752.62 -8657.15 9155.67 1 2
event 163
-6338.52 -5654.44 -1906.46 9239.81
8590.47 -8381.05 -10607 16313.7
2611.44 -4499.08 -3677.78 6371.7 -1 2
-1273.58 -1942.84 717.285 2433.58 1 1
5979.02 -3881.97 -6929.19 9941.99 1 2
-5064.94 -3711.59 -2623.74 6806.23 -1 1
event 164
-6343.06 4732.4 4826.19 9773.06
-5485.15 2855.85 -11661.3 13558
-3250.9 2760.45 -9639.92 10541.7 -1 2
-2030.32 2630.08 3426.55 4774.09 -1 1
-4312.75 2102.32 1399.64 4998.97 1 1
-2234.26 95.4067 -2021.4 3016.32 1 2
event 165
1503.98 -4121.41 2938.16 6121.41
-2879.34 8959.94 -11614.1 15266
2335.82 -2080.58 1381.63 3421.25 1 1
-831.837 -2040.83 1556.53 2700.16 -1 1
-189.005 5156.71 -5092.42 7250.61 1 2
-2690.34 3803.23 -6521.66 8015.34 -1 2
event 166
6415.09 -1492.36 18771.5 20133.1
5290.38 7812.16 -16245.2 19039.9
2748.44 3648.79 -10809.1 11735.2 -1 2
1170.75 -1642.55 4739.57 5152.02 -1 1
5244.35 150.194 14032 14981.1 1 1
2541.93 4163.37 -5436.14 7304.64 1 2
event 167
5523.35 -8029.44 1297.9 10308
-599.662 -5855.11 -8218.55 10572.5
2892.84 -6128.78 1822.6 7018.8 1 1
2630.51 -1900.66 -524.703 3289.16 -1 1
1123.91 -1667.7 -1703.78 2637.88 -1 2
-1723.57 -4187.41 -6514.77 7934.63 1 2
event 168
-11595.9 5426.58 -24119.4 27481.8
711.137 6159.62 20591.2 21726.3
-6533.86 4115.54 -11852.3 14146.3 -1 1
-5062.05 1311.04 -12267.1 13335.5 1 1
1732.51 4035.19 15580.7 16188.1 -1 2
-1021.37 2124.43 5010.47 5538.27 1 2
event 169
11460.3 8090.66 -2793.74 14635.3
3678.58 -7929.55 -6264.49 11191.4
456.156 -4055.81 -3814.78 5587.61 1 2
3784.56 1000.9 -703.077 3978.72 -1 1
7675.7 7089.76 -2090.66 10656.6 1 1
3222.42 -3873.74 -2449.71 5603.76 -1 2
event 170
4508.26 7351.45 -24520.9 26176.9
-1707.5 -7343.76 -26403.5 27632.9
1810.87 5093.13 -17613.5 18424.6 1 1
2697.39 2258.31 -6907.4 7752.37 -1 1
-2525.34 -4906.42 -19481.7 20248.4 -1 2
817.839 -2437.34 -6921.72 7384.5 1 2
event 171
2102.19 -4896.77 -6469.62 8935.55
-16829.6 10042.7 -11501.5 22934
2449.58 -2149.83 -2570.66 4152.31 1 1
-347.387 -2746.94 -3898.96 4783.25 -1 1
-11678.2 8047.9 -7049.93 15838.6 1 2
-5151.39 1994.75 -4451.62 7095.35 -1 2
event 172
-9780.05 11590.9 5635.46 16472.6
3560.17 -5492.76 -9034.44 11578.3
3212.99 -2705.56 -3940.56 5760.42 -1 2
-2720.72 1534.77 544.149 3172.55 1 1
-7059.33 10056.1 5091.31 13300.1 -1 1
347.181 -2787.2 -5093.89 5817.89 1 2
event 173
11571.9 2768.61 -20664.2 24045.3
-18820.9 7342.14 47214.9 51448.8
-7045.37 3685.04 15490.2 17411.9 1 2
2192.16 1071.16 -2302.08 3356.14 1 1
-11775.6 3657.1 31724.8 34036.9 -1 2
9379.73 1697.46 -18362.1 20689.1 -1 1
event 174
-8910.43 -1099.23 -4439.66 10483.7
-7282.92 -9049.23 41883.5 43574.7
-4163.1 -2870.2 15924.3 16708.2 1 2
-3778.42 1064.11 -1814.19 4325.65 1 1
-3119.83 -6179.02 25959.3 26866.5 -1 2
-5132.01 -2163.34 -2625.46 6158.07 -1 1
event 175
-854.173 -6897.8 -13901.4 15847.8
2655 13469.9 -12188.9 18618.5
2015.62 3788.12 -2859.16 5157.37 -1 2
-1727.32 -2191.88 -4465.92 5267.22 -1 1
639.382 9681.78 -9329.78 13461.1 1 2
873.149 -4705.92 -9435.51 10580.6 1 1
event 176
-10398.7 809.731 -16538.5 19796.5
-3723.17 -8643.93 6224.59 11701.1
-7809.7 -764.265 -11824.1 14191.4 1 1
-2589.02 1574 -4714.37 5605.08 -1 1
-741.036 -2933.83 472.928 3064.53 -1 2
-2982.13 -5710.09 5751.66 8636.61 1 2
event 177
7870.12 1711.93 -28681.5 29951.5
11290.7 1948.35 19133.5 22515.7
3918.27 -797.494 6576.27 7697.23 1 2
3189.17 -592.194 -13964.3 14336.4 -1 1
7372.42 2745.85 12557.3 14818.5 -1 2
4680.96 2304.12 -14717.3 15615.1 1 1
event 178
7454.31 1645.6 -26221.2 27484.9
4268.72 5590.33 2177.96 7987.99
799.243 2959.66 1933.07 3625.78 1 2
2622.51 137.354 -4789.11 5462.89 1 1
4831.8 1508.25 -21432.1 22022 -1 1
3469.48 2630.67 244.896 4362.21 -1 2
event 179
-1463.39 11315.4 -57935.6 59129.6
5586.29 1729.2 -18909.9 20034.3
3226.47 1989.03 -14883.2 15358.6 1 2
-1945.55 3654.5 -21061.4 21464.7 -1 1
2359.82 -259.825 -4026.68 4675.64 -1 2
482.16 7660.92 -36874.2 37664.9 1 1
event 180
5802.99 4868.19 -9623.01 12632
-6850.01 2385.7 -36555.8 37396.9
4726.04 2034.12 -6226.47 8077.95 1 1
1076.95 2834.07 -3396.54 4554.05 -1 1
-4358.81 2976.91 -22665.1 23271.8 -1 2
-2491.2 -591.21 -13890.7 14125.1 1 2
event 181
3632.06 7464.99 -7145.4 11382.7
7989.41 5626.83 -15140.9 18284.7
3149.58 1953.35 -3247.86 4929.01 1 2
1170.86 3272.84 -4945.61 6045.88 -1 1
4839.83 3673.48 -11893 13355.7 -1 2
2461.19 4192.15 -2199.79 5336.84 1 1
event 182
19468.8 -17269.9 25540.3 36594.8
-7245.7 -3172.52 -8160.86 11779.5
-3522.31 -2363.03 -6144.94 7467.4 -1 2
2862.11 -3126.8 5731.05 7129.15 -1 1
16606.6 -14143.1 19809.3 29465.7 1 1
-3723.39 -809.485 -2015.92 4312.08 1 2
event 183
-4570.64 -7199.6 -23362.2 25062.1
-122.695 -8971.4 -41230.9 42309.3
1414.87 -4224.64 -17418.5 17979.5 -1 2
-1039.35 -3548.88 -13083.4 13596.4 -1 1
-3531.28 -3650.72 -10278.8 11465.7 1 1
-1537.56 -4746.77 -23812.4 24329.8 1 2
event 184
-15909.9 8256.92 -778.235 18207.1
6215.5 4790.13 7106.34 11030.4
2796.82 4068.9 4040.03 6380.53 1 2
-5986.29 4300.1 770.447 7411.56 1 1
3418.68 721.234 3066.3 4649.83 -1 2
-9923.61 3956.82 -1548.68 10795.6 -1 1
event 185
6961.34 4048.2 -7739.79 11590.6
6472.69 1061.9 -2562.7 7693.04
4389.93 806.088 -3585.37 5726.02 -1 1
2571.42 3242.11 -4154.42 5864.63 1 1
4491.58 -26.388 -315.51 4503.97 -1 2
1981.1 1088.29 -2247.19 3189.07 1 2
event 186
7557.06 -2230.37 -15718.6 17853.5
-1472.83 -6365.44 13737.2 15523.9
4338.24 -643.177 -5580.22 7098.17 1 1
3218.83 -1587.19 -10138.4 10755.3 -1 1
-2444.71 -4380.53 9584.76 10818.7 -1 2
971.886 -1984.91 4152.48 4705.18 1 2
event 187
-247 7248.4 -15037.2 16979.6
5457.84 -8242.56 1016.52 10409.3
-1056.22 3976.85 -10844.1 11599 -1 1
809.225 3271.55 -4193.02 5380.56 1 1
4745.98 -5228.04 1635.99 7248.75 -1 2
711.86 -3014.52 -619.469 3160.53 1 2
event 188
4897.05 4504.86 -3770.53 8251.23
-15118.1 -4434.39 43538.9 46405.3
3150.93 2871.15 -642.184 4312.25 1 1
1746.12 1633.7 -3128.34 3938.99 -1 1
-10057 -1608.26 25555.4 27510.4 1 2
-5061.05 -2826.14 17983.5 18894.9 -1 2
event 189
6364.07 1833.86 -16658.1 18191.9
-7719.68 2940.41 20634.6 22441.4
-2651.58 2480.88 10288.9 10911.4 -1 2
1889.12 -849.553 -5336.9 5725.75 1 1
4474.95 2683.41 -11321.2 12466.2 -1 1
-5068.1 459.526 10345.6 11530 1 2
event 190
61.3753 10437.3 -23271.4 25692.2
6012.66 -5414.96 33846.7 34938
1188.85 7595.7 -18375.2 19919.1 1 1
-1127.47 2841.62 -4896.18 5773.19 -1 1
604.194 -2386.6 9484.5 9799.38 -1 2
5408.47 -3028.36 24362.2 25138.6 1 2
event 191
-6714.99 2915.15 -7898.01 11205.3
14231.7 -5516.09 7503.7 17403.1
2962.84 -2797.91 1463.37 4331.21 1 2
-2516.69 -223.784 -3734.66 4510.29 -1 1
11268.9 -2718.19 6040.33 13071.9 -1 2
-4198.3 3138.94 -4163.35 6695.02 1 1
event 192
-4245.98 3789.05 -6609.62 9255.46
6798.66 -5890.32 2784.2 9912.62
1248.41 -2784.92 244.513 3063.54 1 2
-2191.66 186.591 -3206.17 3889.58 1 1
5550.25 -3105.4 2539.69 6849.08 -1 2
-2054.32 3602.46 -3403.45 5365.88 -1 1
event 193
-7011.89 -1920.63 -2264.74 8220.44
2431.98 5845.74 -9835.9 12100.5
432.381 4388.79 -5002.92 6669.99 -1 2
-3239.45 689.508 -941.869 3444.96 -1 1
-3772.44 -2610.14 -1322.87 4775.49 1 1
1999.6 1456.95 -4832.98 5430.47 1 2
event 194
-6520.57 -1236.97 -12884.9 14820.9
4943.33 6290.66 42675.4 43529.2
2960.39 1373.89 17349.9 17654.6 -1 2
-2972.9 741.351 -7269.83 7889.82 1 1
1982.95 4916.77 25325.5 25874.6 1 2
-3547.67 -1978.32 -5615.05 6931.06 -1 1
event 195
-9692.75 -1493.72 3515.57 10868.8
101.377 5051.49 -6549.53 8832.62
-1463.48 2712.86 -3835.19 4921.51 1 2
-4221.52 -7.07834 50.1712 4223.15 1 1
1564.86 2338.64 -2714.33 3911.11 -1 2
-5471.23 -1486.64 3465.4 6645.64 -1 1
event 196
-2570.44 7003.33 -23980.8 25304.6
13057.8 3282.63 -57571.5 59206
4695.97 274.691 -25267.6 25702 -1 2
150.988 2758.08 -5610.6 6254.58 -1 1
8361.83 3007.94 -32303.8 33504 1 2
-2721.43 4245.25 -18370.2 19050 1 1
event 197
-11810.9 5381.31 -43334.8 45342.6
-2259.04 -5871.4 -15393.8 16915.6
176.806 -3783.67 -8841.88 9619.63 1 2
-5503.59 1317.84 -15042.5 16072.2 1 1
-2435.85 -2087.73 -6551.94 7295.96 -1 2
-6307.36 4063.47 -28292.3 29270.4 -1 1
event 198
6293.06 -5005.2 8965.85 12435.1
4847.96 -2299.72 -1603.39 6399.46
3833.1 -282.588 -1528.73 4137.71 1 2
3648.22 -1714.7 6168.59 7369.69 1 1
1014.86 -2017.13 -74.6621 2261.75 -1 2
2644.84 -3290.51 2797.26 5065.41 -1 1
event 199
4102.78 7356.63 8096.42 12251.2
-6608.46 1162.4 -14749.4 16497.2
-4438.84 1704.95 -12254 13144.6 -1 2
992.455 3590.44 5698.5 6808.84 -1 1
3110.33 3766.18 2397.92 5442.38 1 1
-2169.62 -542.559 -2495.43 3352.61 1 2
event 200
5256.4 -2430.97 4253.88 7824.76
-265.047 -11874.8 59707.9 60956.5
2888.38 -1614.24 555.713 3356.86 -1 1
2368.01 -816.733 3698.16 4467.9 1 1
-1669.53 -6650.53 32397.7 33115.6 -1 2
1404.48 -5224.23 27310.1 27841 1 2
event 201
6722.78 1152.17 -13816 15716.1
7468.91 -5763.25 -11747 15381.2
2670.37 -1487.96 -1833.19 3566.04 1 2
2449.84 -790.514 -6822.79 7293.03 -1 1
4798.54 -4275.29 -9913.8 11815.2 -1 2
4272.94 1942.69 -6993.24 8423.1 1 1
event 202
-4494.58 3370.33 3085.19 7118.26
154.946 7904.65 4159.51 9455.16
-1436.52 2964.6 1475.33 3611.12 -1 2
-2008.07 36.1 130.883 2015.43 -1 1
1591.47 4940.05 2684.18 5844.04 1 2
-2486.51 3334.23 2954.3 5102.83 1 1
event 203
-9287.19 -2161.97 4639.29 11047.2
13508.4 -1916.66 -24200.4 27953.6
4643.48 801.367 -8497.03 9716.73 -1 2
-2114.36 -417.387 2618.31 3392.85 1 1
8864.93 -2718.03 -15703.4 18236.8 1 2
-7172.83 -1744.59 2020.99 7654.32 -1 1
