event 0
-5915.1 193.499 17315.2 18559
-17311.6 -2474.55 30122.5 34968.1
-3358.2 -1344.44 8087.47 8860.21 1 1
-2556.9 1537.94 9227.76 9698.75 -1 1
-9282.17 -2597.25 18162.5 20561.9 1 2
-8029.42 122.699 11960 14406.2 -1 2
event 1
7466.34 -1489.6 -2927.8 8724.89
-9413.44 -6404.21 -4075.2 12483
-3261.3 -1478.26 -2691.11 4480.47 -1 2
3030.72 -1668.76 -104.728 3462.97 1 1
-6152.13 -4925.95 -1384.1 8002.54 1 2
4435.62 179.168 -2823.07 5261.91 -1 1
event 2
4319.09 11315.7 15980.9 20289.8
5356.09 -1568.26 -12985.8 14469.6
2715.29 6406.14 6654.55 9628.38 -1 1
1603.8 4909.54 9326.3 10661.5 1 1
2541.02 -2105.54 -5069.74 6050.08 -1 2
2815.07 537.281 -7916.05 8419.52 1 2
event 3
2368.9 -9990.51 -3611.39 11316
-7169 -6677.83 -9496.2 14133.4
-6370.94 -4302.49 -5647.76 9539.85 1 2
1157.37 -4050.18 85.2208 4214.49 -1 1
-798.059 -2375.34 -3848.44 4593.56 -1 2
1211.52 -5940.33 -3696.61 7101.5 1 1
event 4
-1388.99 -7238.27 -7826.03 11187.4
-11282.7 15987.2 12103.7 23215.9
-2237.45 -3527 -3846.35 5679.04 -1 1
848.457 -3711.27 -3979.68 5508.4 1 1
-7913.81 10822.9 9900.98 16667.5 -1 2
-3368.91 5164.3 2202.68 6548.48 1 2
event 5
-6861.29 9667.69 30268.4 32654.4
-13633.7 -6169.58 84103.9 85481
-4222.37 -3307.49 25639.7 26194.9 -1 2
-1865.84 1208.94 8225 8520.84 -1 1
-9411.33 -2862.09 58464.3 59286.1 1 2
-4995.45 8458.74 22043.4 24133.5 1 1
