event 0
10173.5 -7826.38 -18468.8 22703.3
-442.663 7017.74 18729.3 20244
-1716.2 3044.72 7948.34 8683.49 -1 2
1454.11 -2745.77 -4148.8 5184.34 -1 1
8719.39 -5080.61 -14320 17518.9 1 1
1273.54 3973.03 10780.9 11560.6 1 2
event 1
-11751.7 -1393.34 49506.4 50995.3
-3237.44 -8997.56 11401.7 15199.5
-2075.42 -2363.36 2406.13 3961.49 -1 2
-3049.59 756.546 9905.11 10392.1 -1 1
-8702.14 -2149.88 39601.3 40603.2 1 1
-1162.03 -6634.21 8995.52 11238 1 2
event 2
-99.5117 -8948.28 -46836.8 47784.5
-5960.53 -1072.24 -9221.49 11458.9
-1552.65 -5343.37 -28925.3 29455.8 -1 1
1453.13 -3604.9 -17911.5 18328.7 1 1
-2370.39 1088.13 -3604.96 4450.8 -1 2
-3590.14 -2160.37 -5616.53 7008.06 1 2
event 3
1021.23 -4472.77 -8887.12 10470
-14228.3 5081.57 -11521.3 19250.9
-642.93 -3213.13 -4122.87 5267.52 1 1
1664.16 -1259.64 -4764.25 5202.44 -1 1
-7591.73 4289.46 -6978.01 11168.6 1 2
-6636.58 792.116 -4543.24 8082.32 -1 2
event 4
-7107.84 -7430.79 4624.16 11692.4
6257.52 1912.37 -3606.52 8087.76
-3763.3 -4596.78 1046.86 6033.24 1 1
-3344.54 -2834 3577.3 5659.13 -1 1
3976.15 978.983 -509.011 4127.77 -1 2
2281.36 933.391 -3097.51 3959.99 1 2
event 5
-3793.21 9307.15 32703.7 34353.1
7832.33 8631.83 49133.3 50591.7
3001.41 4459.49 16983 17813.7 -1 2
-1903.95 1553.58 6074.18 6553.28 -1 1
-1889.27 7753.57 26629.5 27799.8 1 1
4830.92 4172.34 32150.3 32778 1 2
event 6
-7891.64 -2670.41 -1653.78 9040.75
909.442 -4936.18 -27545.8 28170.2
-4562.6 -398.705 -1990.71 4995.03 1 1
-3329.04 -2271.7 336.932 4045.71 -1 1
2036.06 -3181.58 -16309.8 16741.8 -1 2
-1126.62 -1754.61 -11236 11428.4 1 2
event 7
10575.4 3715.32 -16277.3 20004.5
5436.2 225.441 -8183.85 10303.9
3695.41 -1324.54 -5089.47 6428.4 1 2
4442.67 2018.23 -9663.35 10826 -1 1
1740.79 1549.98 -3094.39 3875.46 -1 2
6132.72 1697.08 -6613.9 9178.52 1 1
event 8
-18800.2 9240.22 22684 31032
7408.62 10980.3 49439.2 51276.5
4568.71 5709.36 21728.4 22926.1 1 2
-9581.65 3010.1 10419.8 14472.5 1 1
2839.91 5270.93 27710.7 28350.4 -1 2
-9218.55 6230.12 12264.2 16559.5 -1 1
