event 0
7330.07 8228.84 -63964.2 64980.4
7926.6 -5907.28 18007.5 20774.7
6372.89 5071.61 -45885.5 46602.8 -1 1
957.187 3157.23 -18078.8 18377.6 1 1
950.603 -1833.87 5590.61 5960.94 -1 2
6976 -4073.42 12416.9 14813.8 1 2
event 1
5776.74 -1083.15 -24109.9 25008.4
3075.93 6273.5 22645.9 23900.7
2643.21 1936.22 9328.77 9888.01 -1 2
2151.44 1086.78 -9199.07 9510.2 1 1
432.721 4337.27 13317.1 14012.7 1 2
3625.3 -2169.93 -14910.8 15498.2 -1 1
event 2
-2288.12 -4032.95 -16633.9 17543.5
38.4652 8708.58 2960.43 9705.47
-310.985 -3453.54 -11459.6 11973.2 -1 1
-1977.14 -579.41 -5174.23 5570.33 1 1
1512.33 4647.1 1978.75 5273.45 -1 2
-1473.87 4061.49 981.678 4432.02 1 2
event 3
8114.86 -1517.48 11252.6 14295.7
-7577.23 -4692.31 2218.54 9692.52
-3574.14 -716.349 49.897 3647.1 -1 2
3350.69 901.158 4285.82 5515.31 -1 1
-4003.09 -3975.96 2168.64 6045.43 1 2
4764.17 -2418.64 6966.8 8780.35 1 1
event 4
-705.117 -4664.48 22639.1 23331.8
-10717.4 1556.91 -45363.6 46741.1
513.818 -3056.31 18093.7 18357.6 1 1
-1218.93 -1608.17 4545.33 4974.25 -1 1
-6869.3 -518.665 -28032.2 28866.5 -1 2
-3848.14 2075.57 -17331.3 17874.6 1 2
event 5
-5569.59 -12716.1 -8513.71 16576.9
6134.8 2083.58 2581.19 7630.88
3665.77 -384.681 1266.3 3898.79 1 2
-929.868 -5790.45 -3072.93 6621.79 -1 1
2469.03 2468.26 1314.89 3732.09 -1 2
-4639.72 -6925.65 -5440.77 9955.14 1 1
event 6
-11956.2 8280.53 -69627.9 71198
-6841.84 -4988.65 4412.48 10037.8
-8690.07 4627.71 -41995 43133.8 1 1
-3266.16 3652.82 -27632.9 28064.2 -1 1
-1307.18 -1523.19 2549.26 3246.34 -1 2
-5534.65 -3465.46 1863.22 6791.51 1 2
