event 0
4543.53 2520.97 15275.7 16429.7
8910.38 -10086.3 -55100 56804.3
3277.23 267.752 10433.7 10940.1 1 1
1266.3 2253.21 4842 5489.68 -1 1
7325.03 -6367 -41201.7 42329.5 -1 2
1585.35 -3719.33 -13898.3 14474.8 1 2
event 1
-9162.27 -13245 49314.1 51969.7
-3815.92 3285.65 4976.47 7727.4
-5673.46 -7453.28 23869.2 25641.5 -1 1
-3488.82 -5791.75 25444.9 26328.2 1 1
-3175.63 878.859 3593.86 4876.89 -1 2
-640.286 2406.8 1382.61 2850.51 1 2
event 2
6803.75 851.38 -28244.8 29229.7
9428.01 -1751.89 -19099.7 21595.1
4168.69 -628.552 -5227.44 6716.42 -1 2
2985.75 -1133.68 -10900.6 11359.3 -1 1
5259.32 -1123.33 -13872.3 14878.6 1 2
3818 1985.06 -17344.2 17870.4 1 1
event 3
5107.34 1272.62 -22960.8 23843
10841.4 -687.024 -7905.48 13787.5
3526.22 2558.91 -14589.6 15226.6 1 1
1581.12 -1286.29 -8371.16 8616.37 -1 1
5901.93 44.7265 -2450.57 6391.49 1 2
4939.42 -731.751 -5454.91 7395.99 -1 2
event 4
-5728.42 1482.46 -4257.96 7920.55
6970.54 11998.8 -11228.6 18227.2
-3710.72 -206.847 -1249.8 3922.42 1 1
-2017.71 1689.31 -3008.16 3998.14 -1 1
3984.54 9189.88 -9400.56 13737.3 1 2
2986 2808.97 -1828.07 4489.93 -1 2
event 5
-1326.85 -10293.9 5062.88 11956.1
-4825.46 2788.07 3867.81 7457.14
-1823.67 2485.76 875.581 3206.64 1 2
-600.542 -4541.77 564.615 4617.18 1 1
-3001.8 302.311 2992.23 4250.5 -1 2
-726.305 -5752.14 4498.26 7338.95 -1 1
