event 0
-4410.28 3320.84 -14120.4 15474.3
8006.64 1868.87 9929.92 13258.7
-3655.88 1243.09 -10921.9 11584.9 1 1
-754.395 2077.75 -3198.43 3889.38 -1 1
3692.49 2418.05 5453.87 7016.93 1 2
4314.15 -549.182 4476.05 6241.77 -1 2
event 1
-5705.91 3851.69 -13579.4 15536.6
11653.9 845.939 49794.8 51241
3414.07 -463.512 9897.88 10480.9 1 2
-2363 1223.6 -8521.14 8927.6 -1 1
8239.82 1309.45 39896.9 40760.1 -1 2
-3342.9 2628.09 -5058.26 6609.01 1 1
event 2
4950.3 -385.1 8637.29 10432.9
-19292.1 -9690.44 73698.8 76858.2
2615.93 -1606.73 3488.18 4647.92 -1 1
2334.37 1221.63 5149.11 5785 1 1
-10465.4 -3528.38 37413 39009.2 -1 2
-8826.65 -6162.06 36285.7 37849 1 2
event 3
8996.06 805.151 -24904.3 26671.9
3675.64 -4509.92 32729.9 33387
4967.06 1808.66 -11932.2 13051.1 -1 1
4029 -1003.51 -12972.1 13620.8 1 1
1243.73 -3805.83 17956.5 18397.8 -1 2
2431.91 -704.089 14773.5 14989.2 1 2
event 4
485.808 6531.25 -25713.6 26714.7
-7106.44 1597.22 10654.1 13272.3
-3084.15 2100.8 3932.86 5422.54 1 2
-677.755 2699.85 -6242.52 6835.85 -1 1
-4022.29 -503.58 6721.23 7849.74 -1 2
1163.56 3831.4 -19471.1 19878.8 1 1
event 5
-7397.11 -909.255 -41367.2 42147.1
-3977.99 7290.79 2197.96 9132.47
-1943.42 5062.44 44.4655 5423.86 1 2
-3435.82 -1900.38 -22807.3 23143.1 1 1
-2034.57 2228.35 2153.5 3708.6 -1 2
-3961.29 991.128 -18559.9 19004.1 -1 1
event 6
4672.7 -4160.11 -1445.27 7128.82
16409.4 -252.775 24528.7 29674.5
4316.88 -2097.54 -489.775 4825.57 1 1
355.816 -2062.58 -955.491 2303.25 -1 1
11305.3 -843.55 14504 18409.3 1 2
5104.06 590.775 10024.6 11265.2 -1 2
event 7
7690.83 -3403.91 16630.5 18891.8
-3759.12 -6219.64 5510.21 9631.66
-2838.81 -2307.61 1506.42 3957.83 1 2
2412.45 -2274.79 8576.01 9195.3 -1 1
5278.38 -1129.12 8054.5 9696.51 1 1
-920.306 -3912.03 4003.79 5673.84 -1 2
event 8
3093.86 5675.08 28725.2 29605.9
145.947 -7313.79 -15729.8 17734.9
-1762.42 -3596.89 -7386.17 8403 1 2
-46.2544 2508.81 13865.2 14090.8 -1 1
3140.12 3166.27 14860 15515.1 1 1
1908.37 -3716.89 -8343.58 9331.86 -1 2
event 9
-6845.96 1634.29 4694.4 9009.24
-6611.06 -4420.81 -2154.45 8802.36
-1700.22 -2517.35 -1777.17 3520.98 -1 2
-1709.89 1629.31 597.702 2438.6 1 1
-4910.83 -1903.46 -377.279 5281.38 1 2
-5136.07 4.97496 4096.69 6570.64 -1 1
event 10
492.689 9356.61 -11384.8 15066.3
3821.24 -3664.66 12955.1 14333.7
1641.14 5192.06 -5269.14 7577.98 1 1
-1148.45 4164.55 -6115.64 7488.3 -1 1
1511.55 -3499.47 8246.23 9085.29 -1 2
2309.69 -165.195 4708.83 5248.45 1 2
event 11
-3822.29 15343.2 56746.4 58989.5
5095.97 -6399.92 -30964.8 32176.7
-970.526 8553.14 34390.9 35452 -1 1
-2851.77 6790.02 22355.4 23537.5 1 1
2820.38 -5659.3 -21263.7 22184.1 -1 2
2275.59 -740.622 -9701.18 9992.54 1 2
event 12
-7441.98 -6931.77 -14176 17719.5
4759.87 -1621.56 -8066.24 9997.01
-3826.42 -4619.11 -5998.42 8483.51 -1 1
-3615.56 -2312.66 -8177.53 9236.01 1 1
3327.43 -190.89 -2800.67 4354.67 -1 2
1432.44 -1430.67 -5265.57 5642.34 1 2
event 13
-6665.73 -2241.01 -22962.4 24213.9
3870.11 5325.4 -32225.6 33036.6
1585.3 4391.29 -17878 18477.9 1 2
-3034.31 395.74 -7179.85 7805.45 1 1
2284.81 934.107 -14347.6 14558.8 -1 2
-3631.42 -2636.75 -15782.5 16408.5 -1 1
event 14
-5635.4 12992.9 33694.1 36680.5
5176.62 6054.72 -14039.6 16436.5
4098.96 4222.21 -7347.89 9414.42 -1 2
-2640.88 2706.12 8842.74 9617.82 -1 1
-2994.52 10286.8 24851.4 27062.7 1 1
1077.66 1832.51 -6691.71 7022.07 1 2
event 15
1681.31 5284.78 14953 16246.2
-9756.91 5890.67 -8508.16 14556
2450.49 2678.57 8443.1 9191.12 1 1
-769.185 2606.21 6509.92 7055.09 -1 1
-6329.3 2419.12 -3771.56 7755.51 1 2
-3427.61 3471.56 -4736.6 6800.49 -1 2
event 16
7895.52 -3513.12 13729.9 16516.1
931.102 5882.88 12478 14169.1
3903 -2706.61 5084.58 6958.68 -1 1
3992.52 -806.509 8645.32 9557.37 1 1
1664.31 1566.06 5089.3 5579.84 -1 2
-733.21 4316.82 7388.68 8589.31 1 2
event 17
-9235.83 -16210 52108.6 55434.3
11024.6 6424.41 -37241.5 39488.4
3060.78 3423.18 -14257.7 14979.3 -1 2
-274.218 -2522.66 7688.07 8096.7 -1 1
-8961.61 -13687.3 44420.5 47337.6 1 1
7963.86 3001.23 -22983.8 24509.1 1 2
event 18
2052.08 9393.39 -8904.69 13613.5
7601.88 -912.994 24674.9 26020.4
2346.08 5301.13 -3314.7 6678.66 1 1
-294 4092.26 -5589.99 6934.85 -1 1
3255.29 314.063 14856.1 15212.2 -1 2
4346.59 -1227.06 9818.74 10808.2 1 2
event 19
-5101.69 7582.28 15418.1 18298.3
-4046.75 -6845.33 40187.2 41083.3
-2608.45 5056.99 6178.62 8400.21 1 1
-2493.24 2525.29 9239.47 9898.09 -1 1
-4056.74 -4125.29 28752.4 29328.9 -1 2
9.98245 -2720.03 11434.9 11754.4 1 2
event 20
-10590.6 -5085.38 -11894.2 17002.5
9906.43 6095.17 19461.2 22882.7
-6013.28 -3657.49 -5127.72 8708.7 -1 1
-4577.31 -1427.89 -6766.49 8293.81 1 1
6325.49 4795.73 10654.8 13287.1 -1 2
3580.94 1299.45 8806.44 9595.64 1 2
event 21
10405 -4636.68 -18964.8 22338.7
-4342.34 2428.27 10806.8 12293.5
-2995.39 882.902 9107.89 9628.95 1 2
3798.97 -1390.06 -4153.64 5799 -1 1
-1346.95 1545.37 1698.94 2664.58 -1 2
6606.04 -3246.62 -14811.2 16539.7 1 1
event 22
-10464 -8843.63 -21592.8 25759.4
-2716.51 4202.22 -30050.1 30620.8
-2978.06 1866.62 -16888.9 17251.1 1 2
-4945.64 -4526.41 -13360.2 14948.4 1 1
261.546 2335.6 -13161.2 13369.8 -1 2
-5518.4 -4317.22 -8232.59 10811 -1 1
event 23
5893.33 -2765.98 1483.94 7360.34
-7064.22 6429.48 -10054.8 14210.2
-2718.33 1475.97 -1581.52 3475.65 1 2
2423.47 -318.383 -752.886 2559.8 1 1
-4345.89 4953.51 -8473.23 10734.6 -1 2
3469.86 -2447.6 2236.83 4800.54 -1 1
event 24
-2235.87 -7036.84 25309.2 26545.5
4631.88 -5543.68 -7496.27 10861.4
2179.47 -4058.4 -2904.01 5446.57 -1 2
486.017 -3248.83 8969.63 9552.82 -1 1
-2721.89 -3788.02 16339.5 16992.6 1 1
2452.41 -1485.27 -4592.26 5414.83 1 2
event 25
-13199.1 5751.31 38994.7 41683
-5685.9 2422.66 9929.75 12099.2
-4184.83 291.892 5049.74 6565.75 -1 2
-2823.31 1895.5 6223.93 7093.13 1 1
-10375.8 3855.82 32770.8 34589.9 -1 1
-1501.06 2130.77 4880 5533.44 1 2
event 26
-444.524 6360.6 -17389.9 18779.1
2544.73 -7439.47 -28966 30173.6
-463.438 -3239.69 -10557.5 11053.6 1 2
-200.367 2356.4 -10856.9 11112 -1 1
3008.17 -4199.78 -18408.5 19119.9 -1 2
-244.156 4004.19 -6533.02 7667.12 1 1
event 27
11346.8 -1050.07 -6249.05 13360.1
5466.96 6207.23 15224.1 17600.6
4618.68 4174.74 8588.15 10607.9 -1 2
4883.11 871.212 -3528.29 6088 -1 1
6463.67 -1921.29 -2720.76 7272.14 1 1
848.288 2032.49 6635.91 6992.65 1 2
event 28
2066.92 6583.31 -19080.6 20524.9
-2900.55 -7748.35 -21241.2 23005
-2375.2 -2338.41 -9442.49 10014.1 -1 2
1836.94 2485.3 -11445.3 11855.7 -1 1
-525.358 -5409.94 -11798.7 12990.9 1 2
229.981 4098.02 -7635.32 8669.25 1 1
event 29
-7319.26 3655.85 -2162.75 9011.38
4781.97 -5581.49 9806.14 12797.2
-3723.83 2543.99 -2623.32 5218.41 1 1
-3595.43 1111.86 460.573 3792.97 -1 1
1669.32 -3043.35 1973.69 3994.4 -1 2
3112.65 -2538.14 7832.44 8802.79 1 2
event 30
-10417.6 7472.78 6695.39 14791.5
-7392.67 -610.894 8170.34 11461.7
-7160.53 6096.64 3533.35 10046.8 -1 1
-3257.06 1376.14 3162.03 4744.67 1 1
-1922.46 1049.48 3237.6 3910.31 -1 2
-5470.22 -1660.37 4932.74 7551.37 1 2
event 31
2143.79 -6281.49 6984.62 10120.7
-6562.83 -2457.34 6376.06 9967.62
2634.92 -3067.22 4291.62 5897.44 -1 1
-491.127 -3214.27 2693 4223.29 1 1
-4309.13 -2519.22 2759.27 5704.37 -1 2
-2253.71 61.8817 3616.78 4263.25 1 2
event 32
4279.27 6193.44 -35307.2 36233.4
-11373.4 4712.26 -187.931 12695.9
-3721.13 114.264 415.463 3747.48 -1 2
179.888 2424.75 -7913.59 8279.36 -1 1
-7652.26 4598 -603.394 8948.4 1 2
4099.39 3768.69 -27393.6 27954 1 1
event 33
178.149 -9792.62 16797.5 19689.4
6687.2 744.667 -22784.1 23957.9
3928.7 585.276 -17989.1 18422.7 1 2
-896.711 -4336.71 5226.78 6851.39 -1 1
2758.5 159.392 -4795.01 5535.16 -1 2
1074.86 -5455.9 11570.7 12838 1 1
event 34
-3959.99 2894.77 14395.9 15520.7
11526.9 -4499.88 9775.21 16070.6
-3284.3 914.115 11126.1 11637.2 1 1
-675.686 1980.66 3269.76 3883.56 -1 1
7936.56 -1525.72 6499.83 10371.9 -1 2
3590.35 -2974.16 3275.38 5698.73 1 2
event 35
4347.26 -6339.79 -5462.93 9926.02
8177.99 4471.22 -6524.33 11791.1
1240.88 -4313 -3702.16 5818.84 -1 1
3106.38 -2026.79 -1760.77 4107.18 1 1
5374.22 4029.94 -3270.34 7471.88 -1 2
2803.77 441.284 -3253.98 4319.19 1 2
event 36
-7776.48 8848.15 -1455.98 12266.8
-4302.12 3230.65 -17561.1 18625.9
-4358.44 5124.3 712.393 6765.58 -1 1
-3418.04 3723.85 -2168.38 5501.19 1 1
-1858.71 3261.44 -11033.9 11655.5 -1 2
-2443.41 -30.7901 -6527.14 6970.36 1 2
event 37
-3592.31 -5622.92 -11280.8 13467.3
3000.65 7564.86 -11977.7 14808.4
760.409 3107.22 -7290.88 7962.48 -1 2
-828.101 -2096.69 -1503.32 2711.64 -1 1
2240.24 4457.64 -4686.86 6845.95 1 2
-2764.21 -3526.24 -9777.47 10755.7 1 1
event 38
5558.64 -2078.54 12025.9 13763.5
-4310.12 8075.92 -24969.3 26774.1
2734.88 -2649.12 7025.58 7991.7 1 1
2823.76 570.586 5000.34 5771.8 -1 1
-1269.43 5442.39 -15842.9 16800 1 2
-3040.69 2633.53 -9126.38 9974.13 -1 2
event 39
-7937.81 -829.381 18493.7 20379
1685.59 4835.81 899.745 6051.98
2400.8 2225.93 545.378 3320.73 1 2
-3874.38 996.704 10333.9 11081.7 1 1
-715.212 2609.87 354.367 2731.25 -1 2
-4063.43 -1826.08 8159.87 9297.35 -1 1
event 40
741.064 -27485.5 76149.8 81020.9
9322.53 230.387 20450.4 22688.6
6195.58 312.477 9897.65 11681.5 -1 2
339.854 -6025.45 20689.6 21552.1 1 1
401.21 -21460.1 55460.2 59468.9 -1 1
3126.96 -82.0905 10552.7 11007.1 1 2
event 41
-6088.67 -1020.79 8711.07 11117
9857.97 4353.29 43357.5 44783.9
3418.06 1966.53 10511.4 11227.2 1 2
-1497.19 -1333.23 4280.61 4727.99 -1 1
6439.91 2386.76 32846.1 33556.7 -1 2
-4591.48 312.443 4430.46 6389.01 1 1
event 42
-5762.12 202.23 -25555.1 26379.9
3829.43 -7475.97 -37440.2 38495.6
-3067.59 1277.25 -9512.62 10076.8 -1 1
-2694.53 -1075.02 -16042.5 16303.1 1 1
3417.74 -3301.18 -19372 19946.5 1 2
411.694 -4174.79 -18068.2 18549.2 -1 2
event 43
-3616.34 -7120.6 -23381.8 24901.4
10018.8 -2716.05 -24783.5 27047.5
-3488.94 -3545.47 -12960.4 13882.6 -1 1
-127.398 -3575.13 -10421.4 11018.8 1 1
6723.25 -3118.76 -18714.8 20129.1 -1 2
3295.6 402.705 -6068.76 6918.4 1 2
event 44
-5899.31 8642.53 -52754.2 53871.1
5978.61 1685.86 -5781.77 9033.58
3373.6 -412.084 -3973.63 5229.9 1 2
-3768.61 3438.7 -20195.6 20830.3 1 1
2605.02 2097.94 -1808.14 3803.69 -1 2
-2130.69 5203.83 -32558.6 33040.8 -1 1
event 45
-8066.85 7839.83 15901.6 19722.8
4871.06 -3610.62 -8376.8 10794.7
-5068.16 5071.66 7469.1 10354.1 -1 1
-2998.69 2768.16 8432.5 9368.73 1 1
2172.7 -2251.66 -6557.14 7266.22 -1 2
2698.36 -1358.96 -1819.65 3528.49 1 2
event 46
3326.06 -6889.14 -26163.4 27434.3
-572.688 -8228.41 -5792.24 10543.9
459.472 -4486.36 -14378.2 15069.2 -1 1
2866.59 -2402.78 -11785.3 12365 1 1
928.795 -6043.4 -3556.23 7074.13 -1 2
-1501.48 -2185.02 -2236.01 3469.82 1 2
event 47
2532.05 7460.44 1064.43 8531.93
-1210.62 8881.19 -25470.9 27179
-2235.9 6570.56 -18052.4 19340.9 1 2
2267.52 2854.06 -450.624 3674.44 -1 1
1025.27 2310.63 -7418.46 7838.05 -1 2
264.534 4606.38 1515.05 4857.49 1 1
event 48
8413.57 -5046.24 -51517.3 52572.5
6936.68 4873.21 31334.1 32608
2940.99 3932.12 17725.5 18393.3 -1 2
2789.92 -3317.59 -16289.3 16856.5 -1 1
5623.66 -1728.65 -35228 35716 1 1
3995.69 941.091 13608.6 14214.7 1 2
event 49
10743.4 -11303.9 -11544.7 19648.7
-1720.63 -6962.16 24640.1 25848.7
4860.99 -6441.93 -4391.67 9188.34 -1 1
5882.44 -4861.98 -7152.99 10460.3 1 1
-1271.91 -4069.08 19220.9 19688.3 -1 2
-448.714 -2893.09 5419.22 6160.39 1 2
event 50
9913.91 10732.9 51031.3 53172.1
-4821.91 4153.93 -902.14 7135.16
-2786.32 3412.18 668.7 4457 -1 2
1199.07 3172.53 11052.1 11561.2 1 1
8714.84 7560.35 39979.3 41610.8 -1 1
-2035.59 741.744 -1570.84 2678.15 1 2
event 51
3429 8832.09 -7969.16 12761.8
-583.539 -6560.39 -26386.3 27371.6
1221.12 6071.69 -6355.39 8874.6 -1 1
2207.88 2760.41 -1613.78 3887.16 1 1
791.069 -2279.48 -5504.63 6011.15 -1 2
-1374.61 -4280.91 -20881.6 21360.5 1 2
event 52
-6348.22 -5148.06 -10810.9 13902.1
-2034.44 5546.24 -6436.34 9482.33
-3611.47 -3462.36 -4133.31 6490.46 -1 1
-2736.75 -1685.7 -6677.57 7411.65 1 1
910.228 1810.23 -2963.9 3591.84 -1 2
-2944.66 3736.01 -3472.44 5890.49 1 2
event 53
7541.27 9066.49 25907.3 28702.8
3058.06 5361.06 -5497.69 8826.56
2985.94 3132.56 -2230.93 4870.01 1 2
1674.72 4011.65 12297.8 13044 1 1
72.1146 2228.5 -3266.76 3956.55 -1 2
5866.56 5054.84 13609.5 15658.8 -1 1
event 54
3970.27 -4777.94 -16025.8 17464.5
10079.7 836.043 -10188.9 14686.9
3437.44 400.267 -1584.33 3807.55 -1 2
564.095 -2305.06 -3342.66 4100.74 -1 1
6642.26 435.775 -8604.6 10879.3 1 2
3406.18 -2472.88 -12683.2 13363.8 1 1
event 55
15059.8 6964.11 -17817.2 24542.6
5603.92 7604.55 -9986.14 14090.7
10225.6 3315.59 -12454.8 16452.7 1 1
4834.18 3648.52 -5362.4 8089.96 -1 1
4349.74 3983.66 -7412.61 9473.53 -1 2
1254.19 3620.89 -2573.53 4617.15 1 2
event 56
-1464.24 -7206.43 37223.9 38069.5
8396.65 -2030.13 -19175 21257.9
4090.47 -66.2483 -6040.49 7296.23 -1 2
970.669 -1967.08 9679.82 9925.81 -1 1
-2434.91 -5239.35 27544.1 28143.7 1 1
4306.19 -1963.88 -13134.5 13961.6 1 2
