event 0
-4307.29 -6472.51 -31469 32562.8
12055.3 -710.208 -486.576 12476.5
3963.5 -1596.66 -707.985 4332.56 -1 2
-111.723 -2740.11 -9674.25 10056 1 1
8091.84 886.456 221.409 8143.95 1 2
-4195.57 -3732.4 -21794.7 22506.8 -1 1
event 1
7668.63 4113.56 -2812 9655.43
5831.49 2682.39 2438.24 7532.38
4867.25 713.684 1883.96 5268.76 -1 2
3073.83 12.2873 -858.35 3193.2 1 1
4594.8 4101.27 -1953.65 6462.24 -1 1
964.244 1968.71 554.288 2263.62 1 2
event 2
4176.27 -4146.34 -3416.54 7476.41
-3726.15 5856.85 6479.62 9988.15
-2798.16 1733.81 2127.89 3921.08 -1 2
342.523 -2149.77 -430.005 2221.46 1 1
3833.75 -1996.57 -2986.53 5254.95 -1 1
-927.994 4123.04 4351.73 6067.07 1 2
event 3
2790.66 -4542.54 -14518.8 15773.7
11617.7 -5883.24 -33523.4 36097
3056.63 -2185.68 -9665.54 10370.8 -1 1
-265.971 -2356.87 -4853.27 5402.87 1 1
6901.69 -4322.32 -17136.6 18973.4 -1 2
4716.05 -1560.92 -16386.8 17123.6 1 2
event 4
7026.14 -3340.3 -2687.18 8794.08
6734.95 3641.74 4909.49 9608.09
4434.98 3854.77 2943.03 6572.74 1 2
3762.65 -94.9435 -1351.84 4000.65 -1 1
2299.97 -213.024 1966.46 3035.35 -1 2
3263.49 -3245.36 -1335.33 4793.43 1 1
event 5
-11876.5 -920.412 24684.6 27583
4511.63 -8511.94 39074.6 40363.6
-8095.51 -2024.7 17524.9 19410.6 1 1
-3781.03 1104.28 7159.71 8172.41 -1 1
2855.3 -2540.31 12273.5 12855.2 -1 2
1656.34 -5971.63 26801 27508.4 1 2
event 6
742.841 9392.16 -3057.15 10377.9
-6303.88 5138.2 1540.17 8837.81
-952.579 5560.78 -2415.52 6138.04 -1 1
1695.42 3831.38 -641.626 4239.9 1 1
-2129.02 3476.07 -26.7708 4077.71 -1 2
-4174.86 1662.13 1566.94 4760.1 1 2
event 7
-3390.39 6610.5 6623.87 10424
-6391.49 1848.45 -948.757 7399.99
-3700.17 2449.12 121.38 4440.19 1 2
-2437.07 2694.54 4741.87 5974.64 -1 1
-2691.33 -600.67 -1070.14 2959.8 -1 2
-953.311 3915.96 1882 4449.34 1 1
event 8
4092.88 6387.56 -11697.9 14282.3
2710.1 9147.78 17080.8 19808.3
455.879 3699.92 9488.48 10195.1 1 2
1669.7 1642.26 -1521.21 2794.67 -1 1
2254.22 5447.86 7592.27 9613.24 -1 2
2423.18 4745.3 -10176.7 11487.6 1 1
event 9
-6901.5 -8928.27 11152.7 16165.4
-2961.67 -17012.1 9059.52 19744.6
-3340.49 -6612.53 6404.08 9793.26 -1 1
-3561.01 -2315.73 4748.62 6372.13 1 1
-2182.18 -14290.3 8740.94 16893.5 -1 2
-779.497 -2721.85 318.583 2851.09 1 2
event 10
-1716.76 7508.14 -12810.1 15264.7
1219.72 9833.82 -10230.1 14575.3
-971.156 4359.7 -4822.76 6574.22 1 2
739.455 2032.48 -2282.66 3146.34 -1 1
-2456.22 5475.66 -10527.5 12118.4 1 1
2190.88 5474.11 -5407.38 8001.05 -1 2
event 11
-1284.88 -8541.79 -24659 26311.1
-2633.07 -3724.1 -8768.39 10357.5
-851.326 -4507.7 -17395.5 17990.5 1 1
-433.553 -4034.09 -7263.48 8320.53 -1 1
-2977.73 -1652.64 -5590.93 6547.35 -1 2
344.666 -2071.46 -3177.46 3810.14 1 2
event 12
-1249.64 -5418.05 14909.6 16211.2
-6613.16 6470.92 -22102.9 24160.6
723.015 -3426.03 9331.11 9967 1 1
-1972.66 -1992.03 5578.51 6244.23 -1 1
-2808.34 4413.8 -9647.32 10975 -1 2
-3804.82 2057.12 -12455.6 13185.6 1 2
event 13
4777.51 1907.57 -6918 9160.41
-2122.38 -9853.74 17990.9 20853.4
3292.37 -303.208 -4290.4 5417.6 1 1
1485.15 2210.78 -2627.59 3742.81 -1 1
-1621.78 -5414.57 7060.58 9044.93 1 2
-500.596 -4439.17 10930.3 11808.4 -1 2
event 14
15415.2 18554.3 30784.3 39232
10208.7 -12289.6 78308.6 79981.8
4170.92 -5380.28 40984.6 41546.3 1 2
3501.01 4612.74 9605.61 11216.7 -1 1
11914.2 13941.6 21178.7 28015.4 1 1
6037.81 -6909.28 37324 38435.5 -1 2
event 15
-3545.41 -7115.18 -727.544 8562.5
5851.59 4931.08 -1136.1 8332.96
3033.13 2980.5 895.668 4347.03 -1 2
-2801.13 -2254.54 -50.0234 3597.63 1 1
-744.285 -4860.64 -677.52 4964.87 -1 1
2818.45 1950.57 -2031.77 3985.93 1 2
event 16
12063.6 121.017 -26907.2 29650.2
-3235.47 3984.93 17841.2 18821.5
6867.67 -130.043 -11585.1 13468.7 -1 1
5195.96 251.06 -15322.1 16181.5 1 1
-1659.69 2652.49 5677.47 6483.45 -1 2
-1575.78 1332.44 12163.8 12338 1 2
event 17
-1316 7833.97 -37611.1 38565.4
4889.92 -5441.59 -21857.1 23256.1
-2126.29 4033.68 -22871.7 23322 1 1
810.299 3800.29 -14739.4 15243.3 -1 1
1407.56 -2917.54 -5926.86 6755.15 -1 2
3482.36 -2524.05 -15930.3 16501 1 2
event 18
-12723.5 7428.37 35683 38780.6
15075.2 -2887.18 -29602 33488.3
4332.93 -57.0326 -5994.47 7397.46 1 2
-2361.02 2694.91 6037.88 7021.69 1 1
-10362.4 4733.46 29645.1 31758.9 -1 1
10742.3 -2830.15 -23607.5 26090.9 -1 2
event 19
-8.50171 8754.04 -30141.2 31539.1
-4296.94 5733.1 -3185.94 8430.56
1471.16 5546.9 -17852.9 18752.9 1 1
-1479.67 3207.13 -12288.2 12786.2 -1 1
-1179.86 2570.8 211.66 2838.5 -1 2
-3117.07 3162.3 -3397.6 5592.06 1 2
event 20
7036.02 2697.8 15309.9 17342.7
-983.313 6876.4 -5199.67 9212.84
4179.73 1125.21 5471.16 6977.18 -1 1
2856.3 1572.59 9838.77 10365.5 1 1
423.269 5119.93 -2554.55 5738.44 -1 2
-1406.58 1756.47 -2645.12 3474.4 1 2
event 21
-968.726 -8229.42 -40395.4 41352.6
4541.49 1008.96 -9093.47 10673.6
3283.06 -703.127 -4539.96 5647.59 1 2
-1917.15 -3863.77 -17389.9 17917.1 -1 1
1258.43 1712.09 -4553.51 5025.98 -1 2
948.426 -4365.66 -23005.5 23435.5 1 1
event 22
3169.63 14256.9 -63866.8 65588.6
-440.453 -5724.82 -17658.1 18824.6
3475.91 10274.8 -49646.7 50817.9 -1 1
-306.275 3982.13 -14220.1 14770.7 1 1
-1582.9 -1724.57 -7063.21 7441.76 -1 2
1142.45 -4000.25 -10594.9 11382.9 1 2
event 23
3644.1 10528.9 -25193.8 27721
7766.97 -9483.51 7320.16 14609.5
2424.59 -5378.73 3226.83 6725.55 -1 2
760.425 4727.34 -7723.93 9088.25 1 1
5342.39 -4104.78 4093.33 7883.96 1 2
2883.68 5801.56 -17469.8 18632.8 -1 1
event 24
-14444.2 -1558.43 -8758.82 17244.5
-1534.47 -5804.26 -6493.95 9370.48
-10171.9 -1750.4 -4678.79 11332.9 1 1
-4272.26 191.966 -4080.03 5911.59 -1 1
-1949.74 -3168.36 -5222.05 6412.56 -1 2
415.263 -2635.9 -1271.91 2957.92 1 2
event 25
5852.64 7288.12 -2044.11 10056.8
5736.95 -1414.55 -2314.99 7061.44
3959.65 3435.54 127.759 5244.92 -1 1
1892.99 3852.57 -2171.87 4811.85 1 1
3224.19 -713.19 360.09 3323.38 -1 2
2512.76 -701.363 -2675.08 3738.06 1 2
event 26
-2927.23 -6580.06 17703.8 19361.8
-4672.66 -5828.7 -19942.8 21520.1
-1299.36 -3035.44 -12031.3 12476.6 1 2
-41.4427 -2948.09 9368.54 9822.1 1 1
-2885.79 -3631.96 8335.24 9539.72 -1 1
-3373.3 -2793.26 -7911.5 9043.47 -1 2
event 27
-15619.8 4028.5 -31766.2 35761.6
-421.743 -5184.33 29156.1 29778
-10045.6 1241.5 -18026.8 20674.4 1 1
-5574.19 2787 -13739.4 15087.1 -1 1
-1692.57 -3354.06 16120.5 16552.8 -1 2
1270.83 -1830.28 13035.6 13225.1 1 2
event 28
-5745.86 4665.92 -4258.88 9083.78
-9283.83 -2414.53 -2631.16 10418
-4947.94 294.227 -1514.54 5183.98 1 2
-973.984 2656.57 -1757.63 3332.63 -1 1
-4771.88 2009.35 -2501.25 5751.15 1 1
-4335.89 -2708.76 -1116.62 5234.05 -1 2
event 29
-2474.39 4251.53 -21092.5 21878.8
11454.6 -15311.8 58541.4 61663.2
-373.911 3554.55 -12091.4 12609 1 1
-2100.48 696.979 -9001.07 9269.74 -1 1
8445.39 -9277.02 40691.2 42581.4 -1 2
3009.16 -6034.82 17850.2 19081.8 1 2
event 30
-5009.45 -8440.63 -51937.7 52947.6
2439.72 7998.36 -48100.5 48920.1
-4223.55 -4134.13 -29283.7 29874.4 -1 1
-785.9 -4306.5 -22654 23073.3 1 1
3085.09 5419.24 -35166.1 35714.9 -1 2
-645.369 2579.12 -12934.4 13205.3 1 2
event 31
4214.03 -7893.13 20611.9 22682.7
3259.09 -5202.85 1331.98 7004.04
1410.99 -4639.92 7962.32 9323.6 -1 1
2803.04 -3253.21 12649.6 13359.1 1 1
570.173 -3502.82 1409.62 3820.08 -1 2
2688.91 -1700.03 -77.6445 3183.95 1 2
event 32
6611.83 5360.9 -10744.7 14053.3
2087.2 5061.02 -19868.5 20840.3
2089.36 2261.05 -14031.2 14365.3 1 2
3330.49 2589.28 -2936.62 5141.15 -1 1
-2.16239 2799.98 -5837.37 6475.02 -1 2
3281.34 2771.62 -7808.05 8912.12 1 1
event 33
-4751.09 -2480.73 9559.31 11388.5
-3558.95 18463.5 -6461.09 20122.2
-3104.49 -756.732 7781.63 8412.82 -1 1
-1646.6 -1724 1777.68 2975.7 1 1
-2633.81 14026.8 -3460.81 14685.9 1 2
-925.136 4436.65 -3000.27 5436.22 -1 2
event 34
-5961.94 2554.6 -14073.5 15802.7
1467.47 -11985.2 -44733.4 46437.8
-3964.24 1072.37 -5437.15 6814.62 -1 1
-1997.7 1482.23 -8636.4 8988.12 1 1
-14.2528 -7716.47 -23720.5 24944.3 -1 2
1481.73 -4268.69 -21012.9 21493.5 1 2
event 35
4751.75 -6327.42 -6942.11 10972.7
-4608.42 4980.13 -14738.5 16518.2
-2917.72 1293.99 -4615.07 5612.26 1 2
2339.71 -980.461 -2865.7 3828.7 -1 1
2412.04 -5346.96 -4076.42 7143.97 1 1
-1690.7 3686.13 -10123.4 10906 -1 2
event 36
14668.1 18708.3 19144.7 30680
1408.7 -5416.5 -5736.19 8591.72
1603.07 -2840.27 -1416.61 3557.37 1 2
3963.55 4606.33 6657.49 9014.51 -1 1
-194.372 -2576.23 -4319.58 5034.35 -1 2
10704.5 14102 12487.2 21665.5 1 1
event 37
-8111.12 1539.95 -46499.5 47328.2
11046 4193.11 -9854.48 15693.9
4601.85 159.883 -3945.46 6064.68 -1 2
-2043.43 -721.524 -8059.01 8345.96 -1 1
6444.16 4033.22 -5909.02 9629.22 1 2
-6067.69 2261.47 -38440.5 38982.2 1 1
event 38
-8085.1 -5343.93 633.594 10194.1
5458.93 31.5206 -20388.8 21333
3467.18 1304.37 -14936.8 15389.7 1 2
-3159.63 -3930.99 160.703 5047.07 -1 1
1991.76 -1272.85 -5452.02 5943.3 -1 2
-4925.47 -1412.94 472.891 5146.98 1 1
event 39
-6059.33 -15048.3 -4409.02 17093.8
-3197.29 -3325.2 19659.3 20429.3
-998.831 -3152.32 12960.7 13376.3 1 2
-2415.45 -5904.64 -3313.3 7189.46 1 1
-2198.46 -172.879 6698.59 7053.04 -1 2
-3643.88 -9143.63 -1095.73 9904.32 -1 1
event 40
-4022.94 -3430.48 635.091 6160.04
-10403.4 -1929.35 48879.6 50107.5
-1928.61 -3050.33 1432.98 3884.41 1 1
-2094.33 -380.151 -797.892 2275.64 -1 1
-5986.26 -2618.1 27586 28349.4 1 2
-4417.17 688.745 21293.5 21758 -1 2
event 41
4881.8 5453.03 17202.5 18949.5
-6255.54 -6843.59 13166.3 16398.5
-4105.64 -2236.64 6744.08 8206.86 1 2
2138.28 1424.12 9430.96 9775.2 1 1
-2149.9 -4606.94 6422.27 8191.62 -1 2
2743.52 4028.91 7771.55 9174.27 -1 1
event 42
-5597.68 10593.2 -45334.5 46993.1
2605.27 7901.79 -7400 11557.5
-4330.49 5633.28 -29843.3 30677.7 1 1
-1267.19 4959.9 -15491.2 16315.5 -1 1
533.665 2689.34 -4427.22 5208.53 -1 2
2071.6 5212.44 -2972.77 6348.99 1 2
event 43
-2972.14 4587.81 3347.37 7118.82
-6004.09 6539.66 7819.1 12228.9
-328.043 3230.54 1256.47 3483.37 1 1
-2644.1 1357.27 2090.9 3635.45 -1 1
-3402.05 3073.04 2078.24 5034.66 1 2
-2602.04 3466.62 5740.86 7194.21 -1 2
event 44
2071.56 5923.84 -24054.9 25052.2
6542.83 -1116.73 23262.3 24388.1
2587.56 -1747.5 7502.42 8126.91 -1 2
86.3147 2312.13 -13911.2 14102.7 1 1
1985.24 3611.71 -10143.7 10949.5 -1 1
3955.28 630.771 15759.9 16261.2 1 2
