event 0
-6130.18 -5772.04 -24009 25630.4
2916.47 5077.86 -8601.58 10856.7
2800.46 1843.9 -3844.56 5102.39 1 2
-3756.56 -2110.71 -8666.44 9679.11 -1 1
116.013 3233.96 -4757.01 5754.33 -1 2
-2373.62 -3661.33 -15342.5 15951.3 1 1
event 1
-278.899 -8700.74 -4634.74 10336.9
4123.95 1116.07 6985.01 8754.05
-1035.34 -4525.62 -3824.46 6015.88 -1 1
756.445 -4175.12 -810.278 4321.06 1 1
2958.08 -763.987 4236.2 5224.03 -1 2
1165.87 1880.06 2748.81 3530.02 1 2
event 2
-3398.73 -4061.46 3238.97 6937.45
-9371.37 -6617.58 -8657.18 14702.1
-3750.71 -1069.64 -3700.13 5377.18 -1 2
153.452 -2023.18 1223.82 2371.86 -1 1
-5620.66 -5547.94 -4957.05 9324.96 1 2
-3552.18 -2038.28 2015.15 4565.59 1 1
event 3
5323.29 3754.24 9752.15 12129.6
4590.5 10692.9 -16919.3 20862.9
849.623 3247.02 -2419.1 4138.62 -1 2
2511.19 165.825 2407.24 3484.19 -1 1
3740.88 7445.93 -14500.2 16724.3 1 2
2812.1 3588.42 7344.91 8645.43 1 1
event 4
-12599.2 235.286 11642.1 17433.4
5676.8 -5569.23 28463.5 29715.4
2927.19 -815.843 10400.1 10835.5 1 2
-1867.36 1111.43 1513.14 2650.11 -1 1
-10731.8 -876.143 10129 14783.3 1 1
2749.6 -4753.39 18063.4 18879.9 -1 2
event 5
-4258.8 -2294.13 -6686.41 8814.73
-2082.91 9318.33 46392.2 47465.7
-3352.34 -205.2 -4780.67 5843.48 1 1
-906.462 -2088.93 -1905.74 2971.25 -1 1
-2568.15 4584.1 25914.4 26442 1 2
485.239 4734.24 20477.8 21023.8 -1 2
event 6
-3210.84 -4562.92 10576 12352.1
21686.1 19520.9 23205.4 37409.1
-484.17 -3189.59 4348.15 5415.3 -1 1
-2726.67 -1373.33 6227.9 6936.76 1 1
12208.1 12943.5 13554.7 22367.7 1 2
9478.08 6577.46 9650.65 15041.4 -1 2
event 7
8882.88 8252.89 -1425.41 12595.2
4522.41 -6080.87 12371.4 14834.8
4298.25 6005.5 -1203.99 7483.43 1 1
4584.63 2247.39 -221.417 5111.73 -1 1
3562.46 -2239.14 6839.88 8031.19 -1 2
959.949 -3841.73 5531.5 6803.6 1 2
event 8
78.3935 8370.28 12662.8 15492.1
-10444.5 -1934.05 -2310.02 11302.9
-3896.66 745.422 -505.931 4000.84 -1 2
408.109 3045.49 7327.3 7946.19 1 1
-6547.85 -2679.47 -1804.09 7302.04 1 2
-329.715 5324.79 5335.54 7545.95 -1 1
event 9
-4845.66 3611.18 -11165.3 13068.2
-2503.32 -10420.3 -8368.3 13945.3
-2812.58 2794.61 -9559.57 10349.7 -1 1
-2033.08 816.577 -1605.77 2718.43 1 1
-1457.97 -5326.93 -2382.39 6015.72 -1 2
-1045.34 -5093.41 -5985.91 7929.55 1 2
