event 0
17931.1 -5533.43 12282.6 22640.6
-4595.99 1778.16 -4047.61 7089.4
10251.5 -1783.86 5798.32 11912.5 1 1
7679.62 -3749.57 6484.28 10728.1 -1 1
-2619.56 2090.92 -1107.8 3531.64 -1 2
-1976.43 -312.759 -2939.8 3557.77 1 2
event 1
-928.521 -5624.93 2544.87 6969.12
-7173.32 -1641.72 -3079.26 8557.34
-3327.11 -358.723 181.811 3352.99 -1 2
-1649.42 -1337.4 632.298 2218.15 -1 1
720.903 -4287.53 1912.57 4750.97 1 1
-3846.21 -1282.99 -3261.07 5204.34 1 2
event 2
5689.98 -652.191 11351.5 13086.2
-11746.8 3278.88 -5025.75 13549.4
3513.76 -32.1982 3688.77 5095.66 -1 1
2176.22 -619.992 7662.68 7990.51 1 1
-8241.8 1166.73 -4375.66 9404.58 1 2
-3504.99 2112.15 -650.093 4144.87 -1 2
event 3
9228.97 -5862.41 -48292 49611
-4364.51 -5040.2 -2549.37 7780.91
4453.06 -4633.1 -27971 28699.9 -1 1
4775.91 -1229.31 -20320.9 20911 1 1
-3536.14 -1769.52 -1087.48 4102.35 -1 2
-828.373 -3270.68 -1461.9 3678.57 1 2
event 4
7981.35 1156.96 -2575.28 9014.6
-7867.45 7894.96 2833.01 11909.8
-4053.18 1970.02 1379.6 4714.2 1 2
2184.9 1558.12 -70.6861 2686.57 1 1
-3814.28 5924.94 1453.41 7195.64 -1 2
5796.45 -401.155 -2504.59 6328.02 -1 1
event 5
-7118.43 2202.38 -2871.68 8565.08
-5639.23 6325.94 118.517 9023.45
-1641.93 3836.46 840.399 4258.14 -1 2
-1399.77 1727.19 -1436.52 2649.01 1 1
-5718.66 475.192 -1435.17 5916.06 -1 1
-3997.3 2489.48 -721.882 4765.31 1 2
