event 0
-3484.78 12680.5 8478.29 15950.2
-635.207 -5969.47 -7499.55 10093.2
-2341.38 9747.05 4822.91 11124.7 -1 1
-1143.4 2933.43 3655.39 4825.49 1 1
-1489.3 -1727.19 -1653.3 2818.82 -1 2
854.088 -4242.29 -5846.25 7274.36 1 2
event 1
11986.2 1147.17 60788.8 62047.2
-5052.53 5170.16 -18394.6 20005.4
7482.39 1914.7 42488.9 43185.3 -1 1
4503.77 -767.533 18299.9 18861.9 1 1
-3561 2387.22 -13628.7 14287.5 -1 2
-1491.53 2782.94 -4765.86 5717.86 1 2
event 2
5187.64 -3922.71 762.267 7243.67
-3210.01 6758.49 7424.52 11166.6
-2678.38 1786.61 2016.39 3800.35 1 2
2283.22 -250.406 -580.989 2371.61 1 1
-531.628 4971.88 5408.13 7366.23 -1 2
2904.42 -3672.31 1343.26 4872.06 -1 1
event 3
1670.4 -5154.85 33349.3 33928.3
-6909.2 6299.26 -40702 41876.7
2543.21 -3166.22 22325.7 22692.4 -1 1
-872.811 -1988.63 11023.5 11235.9 1 1
-3402.92 3803.71 -15766.2 16572 -1 2
-3506.28 2495.55 -24935.9 25304.7 1 2
event 4
-1014.64 12747.4 -22328.8 25917.1
5580.22 -2756.9 -427.242 6965.08
122.788 8719.17 -17297.5 19371.4 -1 1
-1137.43 4028.21 -5031.36 6545.68 1 1
2644.71 -2998.3 -112.564 4001.01 -1 2
2935.51 241.4 -314.678 2964.06 1 2
event 5
-3307.45 5775.19 -23658.6 24771.2
-7055.37 -9159.43 -49418.4 50847.2
-1693.96 -2494.53 -7895.71 8452.55 1 2
-2287.39 1087.04 -7677.96 8085.54 1 1
-5361.41 -6664.9 -41522.7 42394.7 -1 2
-1020.06 4688.15 -15980.6 16685.7 -1 1
