event 0
5305.04 4521.05 11604.4 13886.5
-7537.91 3532.78 2971.62 9366.03
-3579.98 18.2493 1373.36 3835.87 -1 2
1372.63 3188.72 5375.09 6399.6 1 1
-3957.93 3514.54 1598.27 5530.17 1 2
3932.41 1332.33 6229.3 7486.94 -1 1
event 1
1057.69 9064.71 -4073.77 10463
-6052.39 1642.6 23719.3 24729
1691.82 5421.21 -3619.93 6735.49 1 1
-634.125 3643.5 -453.841 3727.51 -1 1
-2009.58 -67.6846 3494.51 4033.09 -1 2
-4042.81 1710.29 20224.7 20695.9 1 2
event 2
-1559.88 -5342.17 3756.94 7394.53
-14991.9 6313.6 3231.2 16871.6
-2377.83 -3091.96 2850.4 4832.21 -1 1
817.947 -2250.21 906.537 2562.31 1 1
-9648.86 3772.03 3532.76 10946.2 1 2
-5343.01 2541.57 -301.563 5925.32 -1 2
event 3
-5812.11 10781.6 -4940.65 13565.6
3361.94 -8462.25 14899.5 17734.1
-2795.44 5654.92 -4179.34 7567.74 -1 1
-3016.67 5126.69 -761.311 5997.83 1 1
541.985 -4757.41 9216.48 10386.6 -1 2
2819.95 -3704.83 5683.07 7347.54 1 2
event 4
463.624 -10158.6 9932.73 14548.6
7186.21 -3953.9 3392.89 9400.94
-1054.94 -6722.87 7159.76 9878.42 1 1
1518.56 -3435.7 2772.97 4670.18 -1 1
2355.5 -158.411 -38.2867 2363.5 -1 2
4830.71 -3795.49 3431.18 7037.44 1 2
event 5
4150.69 -7001.05 -15865.4 18098.2
-6974.51 -457.074 -15978.4 17713
-3891.68 -1131.65 -5955.1 7204.18 -1 2
774.621 -3872.46 -5660.16 6902.51 -1 1
3376.07 -3128.58 -10205.2 11195.7 1 1
-3082.83 674.573 -10023.2 10508.8 1 2
event 6
-2360.53 5505.16 22031.5 23040.3
-8673.46 4597.25 34479.8 35983.4
-3811.37 475.17 15139.7 15619.7 1 2
-2134.69 1398.38 10158.4 10474.5 1 1
-4862.09 4122.08 19340.1 20363.7 -1 2
-225.835 4106.78 11873.1 12565.8 -1 1
event 7
-2378.49 -9214.29 -19329.8 21766.7
-7048.24 -1731.56 -17057.5 18794.3
-4238.02 437.613 -10597.3 11422.2 -1 2
-1321.76 -3530.9 -4636.41 5976.78 1 1
-1056.72 -5683.39 -14693.3 15790 -1 1
-2810.22 -2169.18 -6460.2 7372.11 1 2
