event 0
-5201.46 270.983 24154.5 24903.1
1029.1 11158.5 30725.6 32851.6
-3350.46 -644.398 19680.9 19974.8 1 1
-1851 915.382 4473.61 4928.34 -1 1
1482.2 6929.27 22515.6 23604.6 -1 2
-453.105 4229.25 8210.03 9247.03 1 2
event 1
-5869.06 -6060.8 1996.55 9206.31
-11492.9 -1825.27 -52201.4 53572.3
-3397.31 321.342 -20536.2 20818.1 1 2
-382.573 -2257.43 254.872 2306.18 -1 1
-8095.55 -2146.61 -31665.2 32754.3 -1 2
-5486.49 -3803.37 1741.67 6900.13 1 1
event 2
5931.78 -10537.7 -12432.9 17618.1
-4222.65 -1062.12 -19121 19853.5
2600 -7618.06 -8140.41 11448.7 -1 1
3331.78 -2919.65 -4292.5 6169.43 1 1
-2333.73 -2102.94 -10104.4 10582 -1 2
-1888.91 1040.82 -9016.62 9271.57 1 2
event 3
12333.7 -6217.8 74945.3 76270.4
-2814.16 -4421.33 11502.8 13014.4
7230.62 -4880.24 51952.8 52680.2 1 1
5103.06 -1337.56 22992.6 23590.2 -1 1
-175.9 -3106.06 5313.82 6158.44 -1 2
-2638.26 -1315.26 6188.96 6856 1 2
event 4
5847.33 -6895.85 13521.5 16557.9
-5240.56 -1069.19 20229.2 21152.3
-3078.72 912.189 11662.9 12097.3 1 2
1319.54 -3845.81 6417.99 7598.24 1 1
-2161.84 -1981.38 8566.32 9054.96 -1 2
4527.79 -3050.04 7103.54 8959.64 -1 1
event 5
-7831.12 -2982.77 12824.7 15629.7
6796.26 -6327.41 -40764.9 41923.7
3056.24 -2957.23 -12252.2 12969.7 -1 2
-1318.66 -1920.18 3182.33 3945.17 1 1
-6512.46 -1062.58 9642.36 11684.5 -1 1
3740.02 -3370.18 -28512.8 28954 1 2
event 6
10454.9 1161 5458.13 12248.8
1786.98 7376.73 5858.62 10272.2
2624.1 3057.14 2997.79 5022.94 -1 2
3569.97 1306.72 672.256 3862.03 1 1
6884.89 -145.718 4785.87 8386.82 -1 1
-837.123 4319.59 2860.84 5249.3 1 2
event 7
-11246 -4632.44 1608.54 12653.5
7235.3 -619.978 13907.9 15992.3
-6549.53 -3456.42 2314.65 7759.64 1 1
-4696.51 -1176.02 -706.117 4893.87 -1 1
3996.7 -1773.59 6632.42 7944.77 -1 2
3238.6 1153.61 7275.48 8047.55 1 2
event 8
11320.9 7630.04 -20725.5 25010.3
-5556.92 -2487.69 1990.07 7114.72
5995.23 5293.07 -9960.12 12774 1 1
5325.69 2336.97 -10765.3 12236.3 -1 1
-2810.5 -1438.42 2622.38 4105.6 -1 2
-2746.42 -1049.27 -632.31 3009.12 1 2
event 9
-6887.87 9059.16 -9865.74 15376.4
-5294.49 -5482.59 -579.027 8247.25
-3672.34 -1784.37 -941.268 4191.33 1 2
-4054.13 3285.24 -5615.73 7666.57 1 1
-1622.15 -3698.21 362.242 4055.93 -1 2
-2833.74 5773.92 -4250.01 7709.86 -1 1
