event 0
-5828.57 3089.43 2348.45 7656.48
11645.5 3761.31 -17540.6 21610.9
-4266.67 1011.08 396.99 4404.03 1 1
-1561.91 2078.35 1951.46 3252.45 -1 1
5988.26 3174.08 -7826.97 10354.1 -1 2
5657.29 587.237 -9713.67 11256.8 1 2
event 1
-4142.41 6037.2 -8105.7 11353.3
-8024.41 1002.37 -9552.77 13047.6
-3153.6 1371.96 -1798.57 3882.46 -1 2
-635.116 3130.85 -2139.31 3846.22 1 1
-4870.81 -369.585 -7754.2 9165.16 1 2
-3507.3 2906.35 -5966.39 7507.13 -1 1
event 2
5673.05 -9916.48 23639.7 26437.6
4947.09 931.813 12041.7 13414
2799.72 1827.56 8863.92 9474.1 1 2
1582.62 -4421.44 6869.68 8322.11 1 1
2147.37 -895.752 3177.74 3939.9 -1 2
4090.44 -5495.04 16770 18115.5 -1 1
event 3
-8110.85 6793.38 -5922.71 12514.2
3770.81 8972.41 -16615.6 19503.6
-5513.22 2716.53 -3851.62 7254.05 -1 1
-2597.64 4076.85 -2071.08 5260.13 1 1
318.161 4731.84 -7642.37 8994.92 -1 2
3452.65 4240.58 -8973.21 10508.7 1 2
event 4
-8352.06 -11363.4 -77873.3 79200.5
-8862.07 2279.69 15048.5 17882.4
-6060.96 -6282.88 -52621 53340.4 1 1
-2291.09 -5080.49 -25252.2 25860.1 -1 1
-5197.73 -143.431 9182.53 10553.1 -1 2
-3664.33 2423.12 5865.94 7329.34 1 2
event 5
147.39 11244.9 26144.9 28628.9
2483.12 -6383.91 -19829.8 21206.8
408.765 -4497.72 -14445.4 15135.3 -1 2
1460.29 3607.7 9569.85 10331.6 -1 1
-1312.9 7637.22 16575.1 18297.4 1 1
2074.35 -1886.19 -5384.39 6071.53 1 2
