event 0
3509.09 4276.18 1878.45 6612.03
-6749.63 -4933.46 2097.44 9158.98
-3867.78 -1068.83 347.002 4029.11 -1 2
88.9456 2033.05 1444.11 2497.56 -1 1
-2881.85 -3864.63 1750.44 5129.87 1 2
3420.14 2243.14 434.34 4114.47 1 1
event 1
-8052.91 2660.99 -25454.9 27008.7
10459.8 -2545.78 49984.9 51224.7
5051.48 242.394 20126.5 20752.5 1 2
-1137.38 1659.73 -4889.15 5288.04 -1 1
-6915.53 1001.26 -20565.8 21720.7 1 1
5408.31 -2788.17 29858.3 30472.2 -1 2
event 2
2456.82 5704.85 -6987.99 9849
-7256.95 -3524.88 -6209.74 10641.4
-3779.72 -134.852 -2786.1 4698.72 1 2
2094.94 1361.55 -3287.96 4130.91 1 1
-3477.23 -3390.03 -3423.63 5942.72 -1 2
361.884 4343.3 -3700.03 5718.09 -1 1
event 3
-3365.46 9566.61 -33267.2 34916.2
-4137.33 -5597.93 -7111.45 10422
-2960.63 -1752.24 -4328.33 5530.03 1 2
-2104.4 2253.14 -12037.2 12426.2 1 1
-1261.06 7313.47 -21229.9 22490 -1 1
-1176.7 -3845.69 -2783.12 4891.92 -1 2
event 4
1987.61 8308.16 140.065 9087.72
-6036.64 11123.9 -6380.4 14508
-2995.36 3217.86 -1126.48 4539.49 1 2
606.875 2824.11 -1419.8 3220.38 -1 1
-3041.28 7906.08 -5253.92 9968.47 -1 2
1380.74 5484.05 1559.86 5867.33 1 1
event 5
-2816.61 -4079.83 -3050.27 6593.42
616.098 19057.5 61092.8 64074
-2845.03 -1880.43 -929.854 3536.38 1 1
28.4249 -2199.4 -2120.42 3057.04 -1 1
-999.094 12023.3 40037 41815.4 -1 2
1615.19 7034.26 21055.8 22258.6 1 2
event 6
316.873 -5301.89 62.6968 6148.6
-6965.49 -5241.89 -5965.87 11008.1
-1250.55 -3460.69 407.971 3703.77 -1 1
1567.43 -1841.2 -345.274 2444.83 1 1
-3142.6 -4024.49 -2415.38 5649.57 -1 2
-3822.89 -1217.41 -3550.49 5358.52 1 2
event 7
-4707.23 -4176.87 7245.15 10084
-11330.7 -161.888 -9565.19 15149.1
-4205.2 -1408.99 -2812 5252.38 1 2
-1964.21 -420.232 869.822 2191.45 -1 1
-7125.45 1247.1 -6753.19 9896.67 -1 2
-2743.02 -3756.64 6375.33 7892.56 1 1
event 8
-11143.2 -7043.21 9511.13 16547.8
-2940.29 -13571.7 27619.3 31068.5
-2375.53 -5299.72 9381.38 11034.1 1 2
-3566.89 -1400.61 1351.81 4064.84 1 1
-7576.33 -5642.6 8159.32 12483 -1 1
-564.763 -8272.01 18237.9 20034.4 -1 2
event 9
12987.3 -8041.67 -16835 22942.2
6104.73 -14952.4 56270.1 58623.9
3853.7 -12505.1 46274.8 48089.5 1 2
3723.88 -4032.87 -5765.74 7961.55 -1 1
2251.03 -2447.35 9995.33 10534.4 -1 2
9263.45 -4008.8 -11069.2 14980.7 1 1
event 10
-6274.56 -5899.19 5504.96 10680.2
-43.2079 -6954.21 -1072.61 7687.95
-4645.98 -2601.95 2301.83 5802.14 1 1
-1628.58 -3297.24 3203.13 4878.04 -1 1
1429.23 -2536.9 -804.752 3022.81 -1 2
-1472.44 -4417.31 -267.861 4665.15 1 2
event 11
-1615 16603.8 43829 46998.6
7832.22 -2111.87 6131.27 10629.5
2396.07 -1926.7 3242.92 4470.01 1 2
559.924 2205.1 8147.79 8460.12 -1 1
-2174.92 14398.7 35681.2 38538.5 1 1
5436.15 -185.177 2888.35 6159.52 -1 2
event 12
15953.7 -17669.5 -21203.5 32029.9
-78.9556 16246.6 -12014.8 20442.7
-1508.15 10559.8 -7461.54 13018.1 1 2
8334.95 -6937.17 -9564 14459.5 -1 1
1429.19 5686.78 -4553.25 7424.64 -1 2
7618.76 -10732.4 -11639.5 17570.4 1 1
event 13
-6602.76 3983.16 -12634.8 15122.6
-8291.16 2039.61 -4407.47 10095.6
-4159.8 -407.867 -1314.59 4382.88 1 2
-2363.98 612.305 -6468.8 6915.19 1 1
-4238.78 3370.86 -6166.01 8207.36 -1 1
-4131.35 2447.47 -3092.88 5712.73 -1 2
event 14
-3643.95 -5857.85 -20883.3 22210.3
12607.2 117.46 4962.44 13898.6
-3158.34 -3101.49 -15773.9 16383.6 1 1
-485.604 -2756.36 -5109.4 5826.71 -1 1
7380.99 1174 4006.72 8480.69 -1 2
5226.17 -1056.54 955.722 5417.9 1 2
event 15
-4288.9 -2849.39 -6643.57 8957.77
-7267.41 -6677.55 42634.7 43871.5
-2055.33 -2217.19 -5693.59 6447.36 -1 1
-2233.57 -632.197 -949.978 2510.41 1 1
-3036.25 -4457.98 18612.2 19378.3 -1 2
-4231.16 -2219.58 24022.5 24493.3 1 2
event 16
-6637.9 2184.66 -305.035 7649.72
2010.21 -10929.2 43515.5 45018.6
-3852.18 2343.22 -1286.51 4690.01 -1 1
-2785.73 -158.554 981.472 2959.71 1 1
520.874 -6348.53 19165.9 20197 1 2
1489.34 -4580.66 24349.6 24821.6 -1 2
event 17
-1878.32 4995.99 -11091.6 12692.6
11780.3 1939.75 -9075.35 15313.1
281.598 3480.13 -6992.9 7816.8 1 1
-2159.92 1515.85 -4098.67 4875.79 -1 1
6210.35 139.211 -3084.06 6936.17 -1 2
5569.94 1800.54 -5991.3 8376.93 1 2
event 18
-7642.45 2970.9 280.694 8769.51
-6118.44 777.94 -13726.8 15364.1
-3553.09 2872.31 -521.364 4599.74 -1 1
-4089.36 98.5972 802.058 4169.78 1 1
-3751.83 425.068 -11459.7 12066.2 -1 2
-2366.62 352.873 -2267.03 3297.88 1 2
event 19
4240.95 -5369.72 11959.1 14122.1
13586.8 -19356.8 -87690.6 90876.4
2677.8 -2405 -10662.2 11253.8 1 2
671.82 -2181.36 1861.32 2947.09 1 1
10909 -16951.8 -77028.4 79622.6 -1 2
3569.13 -3188.36 10097.8 11175 -1 1
event 20
-4386.16 -4127.96 11627.3 13456
-12131.4 6013.26 -13419.8 19313.6
-3071.58 -1966.04 9400.82 10084 -1 1
-1314.57 -2161.92 2226.47 3371.99 1 1
-6402.47 4670.61 -8705.89 11773.3 -1 2
-5728.97 1342.65 -4713.91 7540.29 1 2
event 21
-650.928 -7354.82 -8235.84 11486.4
2424.5 -7521.68 15021 17253.3
2596.42 -3125.81 6586.7 7740.02 -1 2
1031.4 -2899.58 -4399.79 5370.35 -1 1
-1682.33 -4455.24 -3836.05 6116.03 1 1
-171.92 -4395.87 8434.29 9513.23 1 2
event 22
652.366 -6742.45 -1098.61 7528.85
-13138.5 2091.35 -49448.6 51300.6
1669.13 -4623.7 -1503.88 5141.73 -1 1
-1016.77 -2118.76 405.266 2387.12 1 1
-8516.75 15.2264 -33522.2 34587.4 1 2
-4621.73 2076.13 -15926.4 16713.2 -1 2
event 23
-8735.96 -384.37 -2959.58 9737.22
-5917.28 4190.32 -630.51 7909.58
-5444.63 -549.813 -3349.78 6417.05 1 1
-3291.32 165.443 390.191 3320.18 -1 1
-2141.56 396.568 -1261.34 2519.06 -1 2
-3775.72 3793.75 630.83 5390.52 1 2
event 24
-1845.1 3242.92 -15658 16513.1
11326.1 -330.005 7591.99 13986.4
-2818.65 1491.43 -8498.55 9077.76 1 1
973.557 1751.49 -7159.47 7435.37 -1 1
6740.03 -1615.31 5132.47 8625 1 2
4586.07 1285.3 2459.52 5361.38 -1 2
event 25
461.532 9283.94 15484.5 18323.9
8929.9 -1373.13 3070.18 10032.2
5733.12 -80.4056 3224.15 6578.86 1 2
-1035.38 3825.99 4741.57 6180.92 1 1
3196.79 -1292.72 -153.966 3453.32 -1 2
1496.91 5457.95 10743 12143 -1 1
event 26
-1960.1 7677.15 -10080.1 13190.1
1266.45 -10897.7 9938.13 15123.5
172.505 -5048.15 2621.77 5691.96 1 2
-1147.81 2040.96 -5145.61 5654.33 1 1
1093.94 -5849.59 7316.37 9431.58 -1 2
-812.284 5636.19 -4934.52 7535.72 -1 1
event 27
7579.59 3434.14 10644 13861.1
-7667.36 -774.722 2981.4 8824.32
4365.9 3522.67 7465.87 9339.2 -1 1
3213.69 -88.5225 3178.17 4521.9 1 1
-2680.69 -678.465 -402.296 2796.32 -1 2
-4986.67 -96.2571 3383.69 6028 1 2
event 28
6738.31 -3309.87 -21365.8 22857.1
330.788 -10412.8 9453.57 14404.7
3396.22 -2320.87 -7447.24 8508.43 -1 1
3342.09 -989.003 -13918.6 14348.7 1 1
1526.72 -7764.84 6301.15 10116.3 -1 2
-1195.93 -2647.95 3152.42 4288.45 1 2
event 29
13750.6 4470.58 9321.9 17480.1
2050.52 -4937.29 -20116.5 21043.9
311.548 -3502.26 -8314.77 9028.26 1 2
4588.92 2683.09 4540.81 6991.94 -1 1
1738.97 -1435.03 -11801.7 12015.6 -1 2
9161.71 1787.49 4781.1 10488.2 1 1
event 30
5047.68 886.587 106.472 5988.93
-5335.71 16617.9 -11306.6 21025.1
3029.59 570.286 -1459.88 3412.63 1 1
2018.09 316.301 1566.35 2576.31 -1 1
-5221.42 12129 -7904.56 15390.6 -1 2
-114.284 4488.9 -3402.03 5634.56 1 2
event 31
-6326.04 373.32 26526.9 27448.6
-5428.55 9005.62 -18720.5 21693.7
-4158.62 610.098 22283.2 22676.4 1 1
-2167.42 -236.778 4243.77 4772.26 -1 1
-3163.07 4355.38 -6615.27 8529.2 1 2
-2265.48 4650.24 -12105.2 13164.5 -1 2
event 32
-4016.5 -11810.3 34884.5 37177.1
2888.2 -4722.02 4629.22 7852.37
-3278.23 -5798.25 20921.7 21956.7 -1 1
-738.274 -6012.04 13962.7 15220.4 1 1
1301.11 -2980.33 792.828 3348.88 -1 2
1587.09 -1741.69 3836.4 4503.49 1 2
event 33
-2896.44 26801.5 103714 107224
1997.03 -7799.03 -26526 27893.2
-1407.95 16866.5 71677.5 73648.8 1 1
-1488.49 9935.05 32036.8 33575.1 -1 1
-107.662 -4756.92 -17559.9 18193.4 -1 2
2104.69 -3042.11 -8966.1 9699.81 1 2
event 34
16042.8 -35645 10811.3 40674.5
-4851.97 266.507 6083.09 8378.96
11553 -23530.5 6034.11 26899.4 1 1
4489.82 -12114.5 4777.18 13775.1 -1 1
-2985.94 -529.431 5473.03 6257.9 -1 2
-1866.03 795.938 610.063 2121.07 1 2
event 35
3556.03 -7294.42 -4218.12 9655.96
-6883.41 -21098.3 -19193.8 29504.5
879.42 -5088.57 -3029.52 5987.99 -1 1
2676.61 -2205.85 -1188.6 3667.97 1 1
-5459.92 -16092.3 -12890.4 21329.4 -1 2
-1423.49 -5006.06 -6303.39 8175.02 1 2
event 36
350.687 7142.24 7632.73 10908
-5671.32 4399.61 -7592.55 10897.6
-3236.17 1214.77 -5144.85 6199.12 1 2
-956.577 3064.49 1834.1 3698.81 -1 1
1307.26 4077.75 5798.63 7209.17 1 1
-2435.15 3184.84 -2447.7 4698.46 -1 2
event 37
2386.1 -6848.63 21162.1 22583.7
6742.98 2388.69 -894.125 7846.28
2666.53 -3026.81 10107.3 10883 1 1
-280.434 -3821.82 11054.9 11700.7 -1 1
3708.92 1750.23 985.186 4219.14 -1 2
3034.06 638.46 -1879.31 3627.14 1 2
event 38
7829.85 2114.21 5714.41 10393.4
9056.91 -10719.3 -69068.9 70548.1
4403.41 -182.441 1997.73 4839.98 1 1
3426.44 2296.65 3716.68 5553.38 -1 1
4625.46 -6825.11 -46216.6 46946.3 1 2
4431.46 -3894.16 -22852.4 23601.8 -1 2
event 39
7377.41 2394.71 27338.8 28586.1
-1704.34 -6021.51 -23532.3 24546.4
4469.69 693.79 20073.4 20577 -1 1
2907.72 1700.92 7265.45 8009.11 1 1
-937.752 -1982.31 -3787.71 4377.99 -1 2
-766.592 -4039.19 -19744.6 20168.4 1 2
event 40
2927.33 -6966.07 11069.7 13755.9
8866.44 733.588 3375.75 10006.9
3961.06 -784.411 370.465 4056.31 -1 2
-448.051 -2196.14 2267.05 3189.74 -1 1
3375.38 -4769.93 8802.63 10566.1 1 1
4905.39 1518 3005.28 5950.63 1 2
event 41
728.789 5266.67 -27224.6 27911.2
-4795.95 -9902.39 9578.86 14913.2
-785.091 3232.89 -19458.4 19741 1 1
1513.88 2033.78 -7766.19 8170.25 -1 1
-2141.26 -5761.22 3434.1 7041.37 1 2
-2654.69 -4141.17 6144.76 7871.84 -1 2
event 42
11735.2 -6299.42 36906.2 39358
4645.29 -130.385 15183.1 16177.5
6884.16 -2202.65 17315.8 18764.1 -1 1
4851 -4096.77 19590.4 20593.9 1 1
2866.93 1436.58 8444.73 9033.69 -1 2
1778.36 -1566.96 6738.34 7143.83 1 2
event 43
11991.4 -3822.16 12351.2 17903.7
-3135.25 7336.75 508.426 8573.62
7321.92 -3574.18 9056.43 12182.6 1 1
4669.44 -247.976 3294.73 5721.15 -1 1
-1755.64 3602.12 -1279.74 4207.9 -1 2
-1379.61 3734.63 1788.16 4365.72 1 2
event 44
4149.66 600.405 27869.3 28352.7
-9086.18 -5037 28727.9 30705.2
2841.54 -1113.59 16499.2 16779.4 -1 1
1308.12 1713.99 11370.1 11573.3 1 1
-5484.74 -1282.89 14537.4 15590.9 -1 2
-3601.44 -3754.11 14190.4 15114.3 1 2
event 45
-7426.15 2389.37 -3076.71 8939.44
-9868.88 -2603.67 -1893.94 10832.9
-3712.54 494.159 -302.63 3758.97 -1 2
-2350.36 2056.06 -2083.74 3755.63 1 1
-6156.34 -3097.83 -1591.31 7073.93 1 2
-5075.79 333.314 -992.968 5183.81 -1 1
event 46
4381.87 7738.11 13039.1 16083.8
16570 6181.34 10633 20866.8
4724.24 2747.58 4562.4 7119.99 1 2
2225.04 1314.8 2869.89 3863.54 -1 1
11845.8 3433.76 6070.57 13746.8 -1 2
2156.83 6423.31 10169.2 12220.2 1 1
event 47
4424.57 -5045.96 12479.8 14504.3
-9803.9 -2450.34 -49125.5 50249.6
-4552.42 -396.875 -15705.7 16357.4 1 2
1963.81 -1148.87 6900.9 7267.05 1 1
-5251.48 -2053.46 -33419.8 33892.3 -1 2
2460.76 -3897.09 5578.88 7237.24 -1 1
event 48
-2893.14 6542.11 6507.67 10154.3
1069.22 -7613.74 2827.97 8757.9
-885.215 -3049.01 1911.38 3707.38 1 2
-1871.18 2422.42 1046.08 3236.49 -1 1
1954.43 -4564.72 916.586 5050.53 -1 2
-1021.97 4119.69 5461.59 6917.83 1 1
event 49
1277.25 5477.92 5780.57 8639.72
-7698.19 3936.49 5112.62 10511.3
2050.16 2795.69 4137.31 5398.85 1 1
-772.913 2682.23 1643.26 3240.87 -1 1
-3572.2 3381.44 1994.5 5308.85 1 2
-4125.98 555.052 3118.12 5202.47 -1 2
event 50
-5488.77 -6333.17 -2495.35 9276.45
-221.816 11612.5 16476.3 20395.1
-340.046 3698.3 3040.91 4801.18 1 2
-1221.71 -3362.37 -179.037 3583.48 -1 1
118.23 7914.25 13435.4 15593.9 -1 2
-4267.06 -2970.8 -2316.32 5692.97 1 1
event 51
7288.73 -3578.31 7756.3 11648.2
-5680.64 4934.1 6959.28 10706.9
3546.38 -2411.19 5938.44 7325.76 1 1
3742.36 -1167.12 1817.86 4322.41 -1 1
-2454.04 4099.31 3697.16 6042.09 -1 2
-3226.59 834.793 3262.12 4664.8 1 2
event 52
12783 -1122.7 -20800.9 24636
2356.64 -4996.65 -28227.4 28929.2
7080.16 -2050.75 -12712.4 14695.2 -1 1
5702.83 928.043 -8088.52 9940.77 1 1
263.812 -3956.25 -19021 19430.1 -1 2
2092.83 -1040.4 -9206.41 9499.03 1 2
event 53
-6035.36 -6261.31 2180.34 9485.5
-7473.74 -3994.45 -15460.2 17900.3
-4123.27 -2423.58 -11620.3 12566.6 1 2
-4093.62 -2065.98 1403.84 4796.66 1 1
-3350.47 -1570.87 -3839.89 5333.78 -1 2
-1941.74 -4195.33 776.499 4688.85 -1 1
event 54
-2288.13 6969.09 16762.6 18557.5
-4979.8 -3661.91 4534.12 8267.84
-2826.27 3977.69 9401.89 10593.2 -1 1
538.144 2991.41 7360.75 7964.29 1 1
-2614.02 -328.897 2740.76 3803.18 -1 2
-2365.79 -3333.01 1793.37 4464.67 1 2
event 55
6348.3 285.004 11177.4 13225.3
5818.32 -9075.33 -12234.5 16597.8
3484.61 1536.72 4851.49 6168.64 -1 1
2863.69 -1251.71 6325.94 7056.64 1 1
3593.89 -5584.83 -5200.7 8435.92 1 2
2224.43 -3490.5 -7033.75 8161.89 -1 2
event 56
-8393.31 -938.823 -3177.32 9540.22
194.333 5862.06 17975.2 19159.8
-1372.34 3529.23 11240 11861.1 1 2
-4047.89 -1197.73 -3004.31 5182.38 -1 1
1566.67 2332.83 6735.2 7298.67 -1 2
-4345.42 258.907 -173.009 4357.84 1 1
event 57
-7846.17 9959.3 1925.85 13192.8
3003.47 10366.6 29249.2 31330.4
-4678.73 7195.31 2520.49 8945.78 -1 1
-3167.44 2764 -594.645 4247.02 1 1
2381.78 8431.97 26492.7 27904.2 -1 2
621.686 1934.62 2756.53 3426.21 1 2
event 58
-7031.59 3624.7 2713.46 8918.29
-7027.27 -4694.05 15405.8 17842.2
-3539.73 -645.676 5242.1 6359.04 1 2
-2644.83 1105.79 -517.665 2914.97 1 1
-3487.54 -4048.37 10163.7 11483.2 -1 2
-4386.76 2518.91 3231.12 6003.32 -1 1
event 59
-3029.92 4352.8 7668.74 9824.83
13169 -5862.38 -2168.95 14902.6
-845.931 3269.62 2837.46 4412.29 1 1
-2183.99 1083.19 4831.28 5412.53 -1 1
6155.72 -4402.07 -1400.12 7696.92 1 2
7013.3 -1460.32 -768.837 7205.63 -1 2
event 60
-6537.66 7663.72 -42669.9 43952
-2453.15 4187.54 -3075.71 6527.16
-3175.17 4756.56 -29571.4 30119.5 -1 1
-3362.49 2907.17 -13098.5 13832.6 1 1
-2592.96 1600 -2303.77 3821.25 -1 2
139.813 2587.54 -771.94 2705.91 1 2
event 61
7287.14 4743.7 -8514.02 12557.3
2714.66 4377.11 24618.8 25341.8
2795.22 1690.11 11835.5 12278.5 1 2
3083.45 2904 -5935.8 7292.86 -1 1
-80.557 2687 12783.3 13063.3 -1 2
4203.69 1839.7 -2578.22 5264.4 1 1
event 62
8606.52 3310.76 -6949.02 11954.6
1647.91 -5554.07 -14748.3 16145.2
-256.088 -4130.89 -8382.1 9348.83 -1 2
2791.27 2687.44 -2656.55 4699.14 1 1
5815.25 623.316 -4292.47 7255.49 -1 1
1904 -1423.17 -6366.22 6796.36 1 2
event 63
7163.71 -149.704 1394.49 7929.5
-10892 5863.64 19850.4 23593.4
3741.78 1437.92 1016.98 4136.9 -1 1
3421.92 -1587.62 377.516 3792.6 1 1
-9818.34 4162.68 17544.3 20531.4 -1 2
-1073.63 1700.96 2306.14 3061.92 1 2
