event 0
-5026.04 15889.1 -4535.34 17546.7
-22224.1 -545.422 17129 28234.8
-4894.87 -1208.13 4749.72 6927.5 -1 2
220.985 3241.13 -680.497 3320.85 1 1
-17329.3 662.707 12379.3 21307.3 1 2
-5247.03 12648 -3854.84 14225.8 -1 1
event 1
-1858.85 -6116.14 -2524.42 7538.31
11126 1613.52 14540.2 18638.6
4232.99 2114.92 6393.27 7954.63 1 2
824.2 -2037.55 -528.599 2263.07 1 1
6893 -501.397 8146.89 10684 -1 2
-2683.05 -4078.59 -1995.82 5275.23 -1 1
event 2
8264.5 -425.814 -31570.2 32783.4
-7917.85 -4170.77 36725.9 37927.2
-4141.95 -3886.96 21804.4 22532.3 1 2
4045.54 821.419 -19589 20019.5 -1 1
-3775.9 -283.809 14921.5 15394.9 -1 2
4218.96 -1247.23 -11981.3 12763.9 1 1
event 3
-1446.98 -5472.36 14159.9 15560.6
-3610.54 10336.8 -14996.9 18825.1
-251.401 -3673.71 5393.35 6531.37 -1 1
-1195.58 -1798.65 8766.51 9029.26 1 1
-1324.1 5348.51 -9923.29 11350.9 1 2
-2286.44 4988.28 -5073.61 7474.18 -1 2
event 4
-10778.6 9499.97 33082.5 36200.4
6755.42 -1747.24 -7764.61 10888.9
-5103.17 6522.58 19130.6 20846.5 -1 1
-5675.43 2977.39 13951.9 15353.9 1 1
4315.16 -2437.26 -6070.68 7837.42 -1 2
2440.27 690.023 -1693.92 3051.49 1 2
event 5
6703.42 10960 -23953 27356.7
-2370.32 3390.15 755.469 5591.93
-2797.09 1427.84 -556.109 3191.06 1 2
4604.36 4633.72 -12529 14130.1 -1 1
426.77 1962.31 1311.58 2400.87 -1 2
2099.06 6326.25 -11423.9 13226.7 1 1
event 6
-2979.34 -7947.72 520.185 9050.1
1158.16 -5397.2 12385.2 13908.9
-691.778 -4535.21 -948.502 4685.89 1 1
-2287.56 -3412.51 1468.69 4364.21 -1 1
1571.63 -3216.64 10123.1 10738 -1 2
-413.477 -2180.55 2262.1 3170.81 1 2
event 7
-5881.49 -7849.03 -11061.2 15104.3
-5748.92 -7877.97 -40961.9 42220.6
-1968.08 -3925.99 -23991 24389.8 -1 2
-874.208 -2649.54 -4776.56 5532.72 1 1
-5007.28 -5199.48 -6284.66 9571.61 -1 1
-3780.84 -3951.98 -16970.9 17830.8 1 2
event 8
-8303.41 8982.27 -51160.8 52731.7
-8053.53 2948.38 -2506.97 9456.65
-3997.79 227.071 -2180.09 4560.47 1 2
-2188 1304.4 -6049.02 6564.34 -1 1
-6115.42 7677.87 -45111.7 46167.4 1 1
-4055.74 2721.31 -326.883 4896.18 -1 2
