event 0
9398.59 -649.206 -12613.9 16045.5
-5061.49 2320.53 15574.9 16827.7
5468.52 699.236 -5387.71 7709.23 -1 1
3930.07 -1348.44 -7226.17 8336.22 1 1
-3961.06 323.243 11340.3 12017 -1 2
-1100.44 1997.29 4234.54 4810.68 1 2
event 1
7394.75 800.536 -1371.02 8172.7
14356.6 5418.97 -9927.87 18537.3
4543.78 -34.6727 -2251.7 5072.32 -1 1
2850.97 835.209 880.68 3100.38 1 1
8153.88 4508.04 -5087.04 10615.9 -1 2
6202.69 910.935 -4840.83 7921.36 1 2
event 2
-5820.34 -2325.6 -6169.5 9324.07
-7515.01 -212.143 27962.7 29120.9
-3296.17 -1233.2 16306.3 16682.1 1 2
-1426.18 -2094.52 -1713.58 3060.81 -1 1
-4394.16 -231.073 -4455.92 6263.26 1 1
-4218.85 1021.06 11656.4 12438.8 -1 2
