event 0
8651.87 -17244.1 12392.4 23138.2
-241.999 4692.92 -2338.88 6094.51
1206.83 2864.75 -2087.58 3745.98 1 2
4244.12 -6186.76 3499.53 8279.27 1 1
-1448.82 1828.17 -251.299 2348.54 -1 2
4407.76 -11057.4 8892.89 14859 -1 1
event 1
-7245.56 -4895.08 22667.9 24574
-4949.59 5068.94 -12052.4 14319.4
-3165.84 -4071.28 10215.4 11443.9 1 1
-4079.72 -823.793 12452.5 13130.1 -1 1
-677.051 2221.37 -5665.7 6124.06 -1 2
-4272.54 2847.57 -6386.69 8195.38 1 2
event 2
-6614.39 -1808.6 26071.3 27135.3
5568.68 -4711.79 -12962.9 15193.4
1428.85 -3217.17 -5835.05 6815.48 1 2
-2059.51 -1925.04 7502.27 8015.14 -1 1
-4554.89 116.439 18569 19120.1 1 1
4139.82 -1494.62 -7127.81 8377.88 -1 2
event 3
-35634.2 -4438.38 21812.2 42129.1
6425.4 2155.75 -2541.94 7873.09
3242.11 2197.83 -207.196 3923.75 1 2
-14645.5 -712.23 10114.8 17813.4 1 1
3183.3 -42.0826 -2334.74 3949.34 -1 2
-20988.7 -3726.15 11697.4 24315.6 -1 1
