event 0
-6065.17 2809.62 -6249.6 9660.68
-5217.67 3927.57 27745.4 28671.3
-3169.26 480.278 11612.3 12047.1 -1 2
-2272.61 776.159 -462.063 2447.82 -1 1
-3792.56 2033.46 -5787.54 7212.85 1 1
-2048.41 3447.3 16133.1 16624.3 1 2
event 1
9159.89 -7722.01 33727.3 35925.7
-505.955 7998.69 -6885.21 11010.5
7299.29 -5084.59 27616.3 29013.9 -1 1
1860.6 -2637.42 6110.99 6911.81 1 1
-751.408 2927.35 -4445.3 5376.42 -1 2
245.453 5071.34 -2439.9 5634.09 1 2
event 2
5915.31 -1188.02 5055.07 8458.55
3114.77 7394.15 8508.31 12097.8
100.875 3274.33 4692.27 5723.63 -1 2
1970.86 -506.898 36.2208 2038.06 1 1
3013.9 4119.82 3816.04 6374.16 1 2
3944.45 -681.126 5018.85 6420.48 -1 1
event 3
-7448.7 4394.38 8199.54 12313.3
6642.55 -475.86 13373 15257.1
-3225.06 3057.35 2521.1 5110.33 -1 1
-4223.65 1337.03 5678.44 7202.97 1 1
4754.71 -1497.64 10862.8 11952.5 -1 2
1887.84 1021.78 2510.21 3304.59 1 2
event 4
13966.1 738.109 -8628.77 16722.6
3987.19 -5056.95 4481.16 8434.56
9086.82 1774.96 -6413.93 11263.7 -1 1
4879.31 -1036.85 -2214.84 5458.88 1 1
2118.96 -3396.45 965.039 4119.26 -1 2
1868.23 -1660.5 3516.12 4315.3 1 2
event 5
485.581 -7138.24 13459.2 15682
-1079.44 7903.78 -772.162 8591.98
905.078 3667.13 -993.748 3907.13 -1 2
-1598.15 -2964.77 5212.19 6206.61 -1 1
-1984.52 4236.66 221.586 4684.85 1 2
2083.73 -4173.47 8247 9475.44 1 1
