event 0
4570.67 14947 -16690.9 23075.5
6228 941.134 -476.462 7035.06
4631.58 10489.9 -12341.3 16846.6 1 1
-60.9031 4457.08 -4349.53 6228.87 -1 1
3703.88 1955.56 310.36 4201.24 -1 2
2524.13 -1014.43 -786.822 2833.82 1 2
event 1
-3981.66 -5261.54 -5318.56 9023.04
-6785.59 2725.53 17136.9 18887.5
-2144.19 2454.56 6270.04 7067.32 -1 2
-2477.41 -1322.11 -3337.02 4362.62 1 1
-4641.39 270.972 10866.9 11820.1 1 2
-1504.25 -3939.43 -1981.54 4660.42 -1 1
event 2
6325.46 5395.25 11473.4 14503.5
7128.75 -6108.41 28513.7 30178.7
4493.55 -1829.61 14543.7 15332 -1 2
1979.28 1082.35 5514.07 5958.62 -1 1
4346.18 4312.9 5959.33 8544.89 1 1
2635.2 -4278.8 13970 14846.7 1 2
event 3
5615.51 -9014.4 -16895.2 20194.8
-4166.05 -6910.22 -3142.34 9196.32
-4284.16 -4899.79 -3020.13 7175.96 1 2
2708.72 -3749.88 -4691.04 6589.06 -1 1
118.109 -2010.43 -122.205 2020.36 -1 2
2906.79 -5264.52 -12204.1 13605.8 1 1
