event 0
5819.85 -286.306 11226.4 13022.1
-10636.5 4050.52 -20342.5 23514.9
3368.48 -113.296 9316.46 9907.93 -1 1
2451.37 -173.01 1909.92 3114.18 1 1
-7091.43 1891.7 -15400.2 17060.1 1 2
-3545.04 2158.82 -4942.29 6454.86 -1 2
event 1
-4488.4 7652.28 11690.4 14998.7
18728.4 -662.701 -55912.6 59050.9
-3589.76 5138.54 10105.9 11892.5 -1 1
-898.644 2513.75 1584.44 3106.14 1 1
11561.1 -1491.5 -37687.8 39449.6 1 2
7167.35 828.802 -18224.8 19601.3 -1 2
event 2
-1262.73 7126.43 7741.44 11041
2301.67 8424.42 -12357.4 15445.5
2525.37 3445.85 -5387.92 6876.94 1 2
-254.006 2498.41 801.867 2638.32 1 1
-223.708 4978.57 -6969.48 8568.6 -1 2
-1008.72 4628.02 6939.57 8402.67 -1 1
event 3
-8470.74 -5300.24 -28008.7 29898.6
-6261.47 4814.13 34733.2 35754.3
-1861.2 3331.43 14409.9 14907 -1 2
-1103.36 -1771.5 -3643.42 4200.15 -1 1
-7367.39 -3528.74 -24365.3 25698.4 1 1
-4400.27 1482.7 20323.3 20847.3 1 2
event 4
2975.37 9758.44 8397.67 13571.7
-8397.54 -2434.07 -3262 9832.34
-6431.12 -1934.53 -3818.1 7725.98 -1 2
1637.25 2717.24 4201.92 5266.05 1 1
1338.12 7041.19 4195.75 8305.69 -1 1
-1966.43 -499.539 556.1 2106.37 1 2
event 5
6092.38 -3436.21 4721.27 8989.22
-4120.28 -7176.61 26500.5 27934.7
-824.282 -3982.76 15255.5 15788.7 -1 2
1631.45 -1482.4 1.97215 2206.88 -1 1
4460.93 -1953.81 4719.29 6782.34 1 1
-3296 -3193.86 11244.9 12146 1 2
event 6
-8310.79 -602.78 -17693.9 19801.4
-7266.71 -11523.2 4847.24 14787.7
-3392.25 -4867.61 3720.36 7003.8 1 2
-2313.23 -1431.98 -7019.86 7529.35 -1 1
-3874.46 -6655.62 1126.87 7783.94 -1 2
-5997.56 829.204 -10674 12272.1 1 1
event 7
5999.22 -11000.2 -55345.9 56831
6708.98 -1010.34 446.166 7471.36
4438.99 -1408.89 -978.147 4759.99 -1 2
1326.66 -4283.42 -25102.2 25499.8 1 1
4672.57 -6716.78 -30243.8 31331.2 -1 1
2269.98 398.548 1424.31 2711.37 1 2
event 8
482.554 -10901.7 33030.4 34923.9
-14209.1 -17706.6 -75241.1 78652.6
-3066.6 -2172.95 -10805.6 11441 1 2
-925.675 -2795.02 11590.7 11959.3 1 1
-11142.5 -15533.7 -64435.6 67211.6 -1 2
1408.23 -8106.66 21439.7 22964.6 -1 1
event 9
7453.68 -585.46 10208.4 13027
6590.63 521.728 -13651.9 15481.5
4411.17 1437.45 -10932.2 11876.4 -1 2
3036.77 1279.47 4161.43 5309.21 -1 1
4416.91 -1864.93 6046.94 7717.75 1 1
2179.46 -915.719 -2719.67 3605.04 1 2
event 10
-1062.89 -7013.05 2221.38 8052.26
-2693.49 -5344.51 -15088.6 16525
-2014.87 -3880.48 659.093 4423.06 -1 1
951.975 -3132.56 1562.29 3629.21 1 1
-706.867 -4469.27 -10996.5 11891.5 -1 2
-1986.62 -875.239 -4092.06 4633.45 1 2
event 11
17732.4 4252.47 -10662.9 21349.7
4743.08 -1957.99 -18156.2 19119.9
3030.33 -178.21 -13610.8 13945.6 1 2
8507.49 2612.84 -6860.39 11237.5 -1 1
1712.75 -1779.78 -4545.45 5174.31 -1 2
9224.87 1639.63 -3802.51 10112.2 1 1
event 12
-6655.27 2631.48 2796.2 8522.3
11279.7 -32.775 2326.89 11926.4
-4137.51 -280.32 969.23 4260.06 -1 1
-2517.76 2911.8 1826.97 4262.24 1 1
6241.33 1398.03 669.666 6431.82 1 2
5038.4 -1430.81 1657.22 5494.57 -1 2
event 13
-6198.31 -311.872 10748.2 12791.8
3589.64 -9042.79 11849.1 15641.3
933.069 -3370.24 6592.75 7463.56 1 2
-1811.65 -989.686 1568.58 2594.84 -1 1
2656.57 -5672.55 5256.38 8177.76 -1 2
-4386.65 677.814 9179.61 10197 1 1
event 14
6028.74 -6666.75 -7003.14 11808
8979.99 2471.58 -11028.6 14763.8
3806.25 -3454.27 -5729.41 7697.85 1 1
2222.49 -3212.48 -1273.73 4110.11 -1 1
6469.63 3169.17 -8251.06 10954 -1 2
2510.36 -697.584 -2777.56 3809.79 1 2
event 15
-6049.39 3696.57 -13840.7 15856.1
-4917.66 -13740.1 34271.7 37378
-3276.96 1567.82 -3960.37 5375.15 -1 1
-2772.44 2128.75 -9880.36 10481 1 1
-3950.6 -7217.94 21097.5 22645.5 -1 2
-967.05 -6522.15 13174.2 14732.5 1 2
event 16
-5118.3 -441.738 -4533.02 7519.08
-9147.43 2458.31 22027.7 24177
-3154.71 -1337.4 -4047.92 5304.49 1 1
-1963.59 895.665 -485.103 2214.59 -1 1
-4489.72 1757.23 14650.1 15423.4 1 2
-4657.71 701.075 7377.65 8753.67 -1 2
event 17
-13878.6 -4027.14 -15903.8 21710.7
4577.82 -8119.16 3387.68 10389.6
2278.19 -5306.18 3499.46 6753.01 -1 2
-4355.65 -1627.28 -3165.7 5626.06 -1 1
-9522.99 -2399.86 -12738.1 16084.6 1 1
2299.63 -2812.97 -111.782 3636.59 1 2
event 18
-8963.59 5018.53 21524.4 24050.4
-5902.06 846.157 1344.45 6851.89
-3404.15 -623.406 1822.42 3912.7 1 2
-3017.03 3422.98 8715.02 9837.78 1 1
-2497.91 1469.56 -477.977 2939.18 -1 2
-5946.56 1595.55 12809.4 14212.7 -1 1
event 19
10652.8 -6079.08 21564.8 25001.3
-4249.57 -3684.8 -22859.7 23744.4
-1854.53 -3472.11 -15895.2 16375.7 1 2
4362.22 -1475.32 5732.93 7354.13 -1 1
-2395.03 -212.693 -6964.52 7368.65 -1 2
6290.56 -4603.76 15831.8 17647.2 1 1
event 20
5149.33 8434.82 -12412.2 16165.2
-4276.2 -4570.11 33213.1 33939.2
1640.92 5428.45 -5948.39 8219.19 1 1
3508.41 3006.37 -6463.84 7946.04 -1 1
-3929.73 -2046.13 21409.1 21862.9 -1 2
-346.47 -2523.98 11804 12076.3 1 2
event 21
-8452.2 8079.73 35680.7 37675.3
-490.447 -8283.41 11038.4 14152.5
-1653.41 -3289.53 3918.62 5377.87 1 2
-2259.48 1715.3 5166.75 5895.25 -1 1
-6192.72 6364.43 30514 31780 1 1
1162.96 -4993.88 7119.79 8774.61 -1 2
event 22
-1922.22 -7131.76 -6429.1 10270.4
-10102.2 1906.62 -13445.5 17206.3
-2967.17 1705.46 -2986.7 4543.59 -1 2
240.537 -2965.06 -1114.46 3178.46 -1 1
-7135 201.168 -10458.8 12662.8 1 2
-2162.76 -4166.7 -5314.64 7091.93 1 1
event 23
-2357.42 9999.23 -12913.6 16789.7
1280.52 -5711.94 4006.35 7740
2206.87 -3803.75 3309.57 5504.84 -1 2
-885.833 3470.35 -6974.88 7841.44 1 1
-1471.59 6528.89 -5938.67 8948.23 -1 1
-926.35 -1908.18 696.774 2235.16 1 2
event 24
-4093.79 6549.4 19088.4 20823.3
-7314.57 -4497.73 -3953.62 9947.61
-1459.3 3746.74 6352.57 7518.91 1 1
-2634.49 2802.66 12735.8 13304.4 -1 1
-3297.12 -3815.12 -2396.21 5583.83 1 2
-4017.46 -682.608 -1557.41 4363.78 -1 2
event 25
4672.62 -1619.94 -4253.72 7220.98
9245 -2165.49 11461.3 15202.4
2050.13 -2340.07 -2218.43 3822.51 1 1
2622.49 720.129 -2035.3 3398.48 -1 1
5093.01 385.087 5627.59 7600.53 -1 2
4151.99 -2550.58 5833.74 7601.85 1 2
event 26
1324.44 -4708.05 -9192.57 10863.4
-9569.66 -6253.55 18757.1 22183.4
2311.47 -2796.15 -5989.47 7003.3 -1 1
-987.031 -1911.9 -3203.1 3860.13 1 1
-6387.45 -3650.15 14524.4 16281.7 -1 2
-3182.21 -2603.39 4232.67 5901.76 1 2
event 27
4402.87 4936.31 31835.7 32662.8
-8577.3 814.203 -26536.5 28071.5
-3482.51 -237.569 -15228.9 15624.2 -1 2
2325.73 1468.93 7413.23 7907.84 1 1
-5094.79 1051.77 -11307.6 12447.3 1 2
2077.14 3467.39 24422.5 24754.9 -1 1
event 28
-930.518 -7716.62 -3836.38 9204.4
-7741.36 2458.06 -756.836 8725.52
-3281.73 1596.07 1106.6 3814.83 -1 2
-535.06 -2651.12 -3023.12 4057.73 1 1
-395.458 -5065.5 -813.263 5146.67 -1 1
-4459.63 861.994 -1863.43 4910.69 1 2
event 29
4362.42 -5605.97 6364.35 10027.6
2082.5 -11876.3 187.103 12450.1
-551.611 -3820.46 -710.853 3926.41 1 2
3177.13 -1643.44 2491.47 4360.46 -1 1
2634.11 -8055.85 897.956 8523.66 -1 2
1185.3 -3962.53 3872.88 5667.18 1 1
event 30
802.328 10540.3 50409.7 51599.1
6267.04 -22710.6 -20913.9 31654.8
1963.06 6850.07 34077.4 34814.6 1 1
-1160.73 3690.18 16332.2 16784.5 -1 1
5601.79 -15583.8 -13711.1 21499.8 -1 2
665.248 -7126.81 -7202.8 10155.1 1 2
event 31
6641.33 -2513.81 14919.9 16811.4
1742.25 7507.72 3196.52 8900
2924.89 -2754.38 7946.31 8904.87 1 1
3716.44 240.573 6973.63 7906.49 -1 1
1019.62 4714.89 337.081 4836.8 -1 2
722.625 2792.83 2859.44 4063.2 1 2
event 32
-679.672 4553.57 -5570.83 7862.69
-13110.9 -6726.56 -10701.8 18473.3
-1737.21 2794.72 -4406.94 5500.97 -1 1
1057.54 1758.85 -1163.89 2361.72 1 1
-7746.33 -3905.28 -8124.78 11886.1 1 2
-5364.55 -2821.28 -2577.04 6587.13 -1 2
event 33
12574.6 7182.66 43514.9 45965.7
12938.8 542.287 -17014.8 21605.6
6162.43 1767.15 -7663.91 9992.25 1 2
4739.52 3704.85 14175.6 15399.6 -1 1
7835.12 3477.81 29339.3 30566.1 1 1
6776.41 -1224.86 -9350.92 11613.4 -1 2
event 34
9279.1 631.186 40022.2 41205.2
-1306.53 -8871.45 23362.5 25215.2
4746.13 487.537 14013 14803.4 1 1
4532.97 143.65 26009.2 26401.8 -1 1
-61.2496 -6035.73 18395.7 19361 -1 2
-1245.28 -2835.72 4966.77 5854.23 1 2
event 35
7131.13 1262.61 10304.1 12969.7
9088.24 2744.7 9110.5 13517.5
3165.85 103.522 1464.37 3491.26 -1 2
2199.3 -798.248 1931.33 3035.67 1 1
5922.39 2641.18 7646.12 10026.2 1 2
4931.83 2060.86 8372.8 9934.03 -1 1
event 36
2355.36 -6171.97 7284.71 10310.1
4719.97 -9563.96 -42404.1 43834.3
2281.79 -3918.05 -12329.5 13137.2 1 2
1789 -1413.86 1246.23 2600.72 -1 1
2438.18 -5645.91 -30074.6 30697.1 -1 2
566.357 -4758.11 6038.48 7709.39 1 1
event 37
-6675.08 364.606 137.015 7368.78
-3184.44 6639.25 7419.59 10902.4
-683.216 3204.3 1475.17 3594.66 -1 2
-2671.87 -1167.04 -699.984 3000.33 -1 1
-4003.21 1531.64 836.999 4368.45 1 1
-2501.22 3434.95 5944.42 7307.69 1 2
event 38
9989.94 10385.4 -13404.4 19923
4044.23 1344.29 12650.1 13703.2
3098.87 -513.909 6781.64 7474.55 1 2
4114.49 4709 -7879.88 10060.2 -1 1
945.366 1858.2 5868.42 6228.66 -1 2
5875.45 5676.45 -5524.54 9862.79 1 1
event 39
-7939.81 -1965.28 6251.61 10750.6
5575.52 7155 -21064.7 23142.9
-3962.06 -1083.87 5031.84 6496.41 1 1
-3977.76 -881.409 1219.77 4254.22 -1 1
2873.11 4165.01 -7965.59 9437.37 -1 2
2702.42 2989.98 -13099.1 13705.5 1 2
event 40
3627.92 5392.72 -211.877 7202.7
2221.84 -11753.5 36142.6 38196.4
-775.03 -3107.11 9504.1 10029.7 -1 2
2073.45 602.954 -114.481 2164.96 1 1
2996.87 -8646.4 26638.5 28166.7 1 2
1554.46 4789.77 -97.3959 5037.74 -1 1
event 41
-649.452 -8186.57 12689.1 15428.7
9679.13 -2143.36 1962.15 10569.8
-1762.84 -4568.93 8244.25 9589.66 1 1
1113.39 -3617.64 4444.85 5839.07 -1 1
5910.21 -2237.68 2425.4 6769.9 -1 2
3768.92 94.324 -463.252 3799.93 1 2
event 42
-2194.01 7853.28 -31934.2 33103.9
-2139.06 -5742.48 -23972.9 24936.8
-2273.72 4288.8 -22500.9 23018.8 -1 1
79.7093 3564.48 -9433.22 10085.1 1 1
555.921 -2251.72 -6082.07 6510.14 -1 2
-2694.98 -3490.76 -17890.8 18426.6 1 2
event 43
-1777.15 -21655.3 42776.6 48078.5
8456.86 4745.88 -2388.26 10456.4
-907.807 -15954 34111 37668.7 -1 1
-869.339 -5701.36 8665.52 10409.8 1 1
4864.28 1904.68 -2667.34 5866.42 -1 2
3592.58 2841.2 279.079 4590 1 2
event 44
-10912.3 -477.795 -15742.4 19409.3
10212.3 -1214.45 2267.98 10977.3
8209.5 -480.408 561.15 8243.35 1 2
-3939.22 822.795 -7672.89 8664.8 1 1
2002.82 -734.04 1706.83 2733.96 -1 2
-6973.11 -1300.59 -8069.49 10744.5 -1 1
event 45
3551.1 5885.19 -6454.42 9924.5
4398.65 6163.22 3812.89 9025.64
387.936 2991 1893.13 3562.54 1 2
2061.04 811.635 -2338.29 3222.64 1 1
1490.05 5073.55 -4116.13 6701.86 -1 1
4010.71 3172.21 1919.76 5463.1 -1 2
event 46
-2701.25 8394.16 -28772.7 30252.5
5715.78 4114.89 -17179.6 18823.7
-2832.97 3914.73 -13713 14539.9 1 1
131.722 4479.43 -15059.6 15712.6 -1 1
2910.93 2569.45 -5644.17 6851.52 -1 2
2804.85 1545.44 -11535.4 11972.2 1 2
event 47
9327.82 4859.02 -12291.4 16470.8
7205.98 3703.83 -5880.68 10479.4
5692.19 1670.94 -5214.56 7899.1 -1 1
3635.63 3188.08 -7076.81 8571.7 1 1
2581.19 261.943 -3199.43 4120.52 -1 2
4624.79 3441.88 -2681.26 6358.89 1 2
event 48
7150.46 3865.42 9677.64 13012.3
10197.7 8890.85 36991.3 39509.3
5135.27 1145.47 5202.29 7399.86 -1 1
2015.19 2719.95 4475.36 5612.4 1 1
7411.85 8089.69 28764.6 30786.2 -1 2
2785.87 801.158 8226.68 8723.1 1 2
event 49
-7839.09 4236.97 -15422.5 18189.1
3188.6 4462.21 7124.87 9509.6
-4925 2072.04 -12257.2 13371.5 -1 1
-2914.09 2164.93 -3165.31 4817.59 1 1
2196.32 560.377 2675.92 3508.5 -1 2
992.274 3901.83 4448.95 6001.1 1 2
event 50
-5772.91 -1404.41 -6390.71 9259.2
-15063.5 4389.83 -2385.52 16169.7
-3833.41 -152.736 -5654.62 6834.05 -1 1
-1939.49 -1251.68 -736.096 2425.15 1 1
-11056.3 4473.07 -1193.69 11986.9 1 2
-4007.17 -83.2427 -1191.83 4182.82 -1 2
event 51
5616.27 1037.9 18394.4 19508
6490.64 6093.56 -2433.34 9735.09
2975.15 1213.14 14104 14465.7 1 1
2641.12 -175.239 4290.39 5042.3 -1 1
3843.92 2630.65 160.8 4661.87 -1 2
2646.72 3462.91 -2594.14 5073.22 1 2
event 52
-14145.1 -6474.45 25703.2 30203.4
-2358.59 5864.22 -3263.46 7758.41
-1383.02 3797.03 -3639.54 5439.45 -1 2
-2606.26 -1519.12 2984.74 4245.01 1 1
-11538.8 -4955.34 22718.5 25958.4 -1 1
-975.566 2067.19 376.08 2318.97 1 2
event 53
8013.96 3814.67 9359.42 13265.2
2587.57 -3742.79 4055.16 6836.67
4619.41 868.609 6149.99 7741.25 -1 1
3394.55 2946.06 3209.43 5523.94 1 1
2921.48 -1725.77 2021.61 3951.12 -1 2
-333.904 -2017.02 2033.55 2885.54 1 2
event 54
602.433 7181.83 10096.5 12785.6
-11402.1 -3944.02 -5584.09 13650.5
-3550.5 197.265 -1960.61 4062.04 1 2
642.236 2268.15 1262.1 2676.01 -1 1
-7851.55 -4141.29 -3623.48 9588.43 -1 2
-39.8033 4913.68 8834.43 10109.6 1 1
event 55
6333.82 2495.81 6376.02 9828.07
9004.74 5584.49 7350.44 13262.4
2619.57 2685.46 3390.78 5057.91 -1 1
3714.25 -189.651 2985.23 4770.16 1 1
5523.97 1882.44 4895.48 7618.06 -1 2
3480.77 3702.04 2454.96 5644.36 1 2
event 56
-8267.31 2437.86 -7979.23 12147
-9378.78 9528.64 -10847.7 17493.4
-8054.83 6620.4 -9155.63 13876.1 1 2
-3701.65 1869.67 -2009.84 4609.62 -1 1
-1323.96 2908.24 -1692.08 3617.32 -1 2
-4565.65 568.19 -5969.39 7537.42 1 1
event 57
-11103.8 -2111.07 -36876.5 38693.9
9781.08 -6682.18 -14420.6 18917.3
-6095.09 -210.192 -23633.3 24407.8 -1 1
-5008.76 -1900.88 -13243.2 14286.1 1 1
5635.16 -4898.51 -7023.47 10251.4 -1 2
4145.92 -1783.67 -7397.12 8665.95 1 2
event 58
5343.62 -3413.17 -18116.1 19441.9
-6259.48 10347.7 18726.7 22506.3
3149.13 -3586.71 -10973.6 11967.2 -1 1
2194.49 173.547 -7142.46 7474.74 1 1
-2059.85 6157.56 8712.15 10866.1 -1 2
-4199.63 4190.1 10014.5 11640.3 1 2
event 59
-5740.69 -3744.53 -5180.37 9132.6
14809.8 14822.3 23714.4 31796.2
1636 3246.66 4371.34 5686.57 1 2
-3030.73 -528.731 -3336.19 4539.41 1 1
13173.8 11575.6 19343.1 26109.6 -1 2
-2709.96 -3215.8 -1844.17 4593.19 -1 1
event 60
6751.74 -1638.72 653.991 7634.79
-6898.08 -2222.67 -24954 26169
-3458.87 114.106 -8092.31 8801.9 1 2
2196.76 570.615 1150.67 2546.87 1 1
4554.99 -2209.33 -496.677 5087.92 -1 1
-3439.2 -2336.78 -16861.7 17367.1 -1 2
event 61
2498.74 -12106.1 -29549.3 32180.1
-8906.3 2589.4 7909.9 12577.2
-4603.64 286.15 5351.79 7065.98 1 2
1703.74 -4211.11 -7784.49 9013.64 1 1
795.005 -7895.03 -21764.9 23166.4 -1 1
-4302.66 2303.25 2558.11 5511.17 -1 2
event 62
-33828.7 42608 -87427.6 103019
-7047.91 -2481.54 42720.4 43479.4
-19102.9 21634.6 -46913.8 55080.8 -1 1
-14725.7 20973.4 -40513.8 47938.6 1 1
-4044.34 182.011 23077.9 23430.5 -1 2
-3003.57 -2663.55 19642.5 20048.8 1 2
event 63
8281.68 937.441 23970.6 25566.5
1119.82 -8084.16 40814.9 41737.9
1773.93 -2964.54 13223.8 13668 1 2
2428.18 491.967 3635.11 4400.37 1 1
5853.5 445.474 20335.5 21166.1 -1 1
-654.112 -5119.62 27591.1 28069.9 -1 2
event 64
-4895.99 7565.51 -20041.2 22281.2
-5287.86 -82.8034 6748.01 9332.31
-3620.12 3582.48 -7548.67 9106.76 -1 1
-1275.87 3983.03 -12492.5 13174.4 1 1
-3081.91 799.891 1401.04 3480.24 -1 2
-2205.94 -882.694 5346.98 5852.06 1 2
event 65
-6098.1 11930 -24530.2 28121.7
-4339.97 6260.58 -32995.7 34005
-1900.03 6691.84 -14001.4 15634.6 1 1
-4198.07 5238.18 -10528.8 12487.2 -1 1
-1025.78 4183.79 -17634.3 18153.1 -1 2
-3314.19 2076.8 -15361.4 15851.9 1 2
event 66
-9879.15 -302.579 -48708.7 49797.7
6573.73 -4315.23 -10776.5 13695.2
-4898.14 -1560.57 -21326.2 21937.3 -1 1
-4981.01 1257.99 -27382.5 27860.5 1 1
2999.1 -3793.99 -6194.23 7859.3 -1 2
3574.63 -521.245 -4582.24 5835.9 1 2
event 67
-4620 13012.1 -64912.2 66436.8
3250.19 -4003.16 -11353.6 12848.5
3164.5 -1808.89 -5533.03 6626.59 1 2
-495.053 4615.85 -26345.1 26751.2 -1 1
85.6948 -2194.28 -5820.53 6221.89 -1 2
-4124.95 8396.26 -38567.2 39685.6 1 1
event 68
-6157.1 -2590.33 -3645.41 8215.81
10792.2 831.409 -2210.28 11473.5
3675.62 -204.155 -2183 4281.19 1 2
-2736.88 -6.77068 -2656.54 3815.61 1 1
7116.53 1035.56 -27.2825 7192.31 -1 2
-3420.22 -2583.56 -988.873 4400.2 -1 1
event 69
-9635.67 12115.1 -37608.2 40787.2
-6982.21 12322.4 43787 46124.7
-5863.86 7456.74 -26773 28404.1 -1 1
-3771.82 4658.35 -10835.3 12383.1 1 1
-5793.76 7988.26 27031.3 28776.4 -1 2
-1188.45 4334.17 16755.7 17348.2 1 2
event 70
-8063.14 -10410.1 1311.29 13590.3
-3671.22 -7706.08 -7890.5 12029.8
-3068 -6297.1 98.7164 7006.21 -1 1
-4995.14 -4113.03 1212.58 6584.07 1 1
-1543.43 -5004.89 -2957.76 6015.87 -1 2
-2127.79 -2701.19 -4932.74 6013.9 1 2
event 71
12213.1 1300.72 -28069.2 30794.9
4191.59 14227.1 -56954.9 58935.9
2317.16 3188.43 -15861.9 16344.6 1 2
3441.46 -675.748 -10275.8 10858.4 1 1
1874.43 11038.7 -41093 42591.2 -1 2
8771.68 1976.47 -17793.4 19936.5 -1 1
event 72
-8480 -1783.08 -19899.3 21924
-4454.83 1969.41 1951.36 6092.87
-3506.36 -67.2528 979.792 3642.84 1 2
-4431.04 645.795 -9595.15 10589.1 -1 1
-948.461 2036.66 971.569 2450.03 -1 2
-4048.95 -2428.87 -10304.1 11334.9 1 1
event 73
8901.66 -4028.27 -18874.4 21477.9
7840.42 -9973.18 -16717.8 21213.5
2110.35 -2864.56 -7154.08 7990.7 -1 2
3174.75 -668.211 -9095.19 9657.08 1 1
5730.07 -7108.62 -9563.71 13222.8 1 2
5726.91 -3360.06 -9779.18 11820.8 -1 1
event 74
8993.83 -3717.78 -32857.5 34408.1
6016.34 -2111.97 -6498.53 9616.55
4716.49 -3242.59 -21885.5 22621.8 -1 1
4277.34 -475.192 -10972 11786.4 1 1
2536.44 433.674 -3575.37 4406.36 -1 2
3479.91 -2545.64 -2923.16 5210.19 1 2
event 75
-21218.2 11194.8 -17031.6 29583.8
3304.94 12180.8 -21259.7 24917.1
1703.64 9707.66 -14395.9 17446.9 -1 2
-4360.19 1412.07 -4421.58 6369.2 1 1
-16858 9782.76 -12610 23214.6 -1 1
1601.3 2473.17 -6863.77 7470.16 1 2
event 76
-2924.79 -7299.16 800.555 8489.01
-8709.59 6241.54 -29167 31226.9
-6310.95 6045.16 -23241 24830 1 2
140.195 -3226.68 1012.98 3386.51 1 1
-2398.65 196.381 -5926.02 6396.95 -1 2
-3064.99 -4072.48 -212.421 5102.5 -1 1
event 77
-12928.8 3179.2 -42312.7 44465.9
4135.99 2882.28 13093.8 14368.5
1643.75 2801.49 5657.14 6524.16 1 2
-3983 2355.13 -12525.5 13353.2 -1 1
2492.24 80.7874 7436.67 7844.3 -1 2
-8945.81 824.068 -29787.2 31112.6 1 1
event 78
-4123.83 4651.13 9130.47 11471.4
-3106.58 -7926.77 -4354.51 10051.7
-2830.43 2695.16 3066.1 4968.64 -1 1
-1293.4 1955.97 6064.36 6502.8 1 1
-3060.2 -3592.01 -2403.37 5296.67 -1 2
-46.3729 -4334.76 -1951.14 4755.04 1 2
event 79
8632.26 2807.87 -12703.5 15917.6
-9990.21 3036.55 -39660.5 41128.7
-8419.5 1259.59 -31420.6 32553.6 1 2
2660.99 2345.67 -5546.58 6584.74 -1 1
-1570.71 1776.96 -8239.9 8575.07 -1 2
5971.27 462.197 -7156.97 9332.9 1 1
event 80
-4954.47 -8104.09 6095.53 11703.4
9401.52 3756.19 -4951.17 11687.8
2891.44 1987.44 -3121.11 4697.11 1 2
-678.746 -2597.36 433.452 2721.4 1 1
-4275.72 -5506.72 5662.08 8981.99 -1 1
6510.08 1768.75 -1830.06 6990.7 -1 2
event 81
-6790.95 1792.89 9424.05 12154.6
-3723.41 -5702.48 -3607.02 8305.32
-4271.5 -443.288 5587.2 7047.71 1 1
-2519.45 2236.18 3836.85 5106.93 -1 1
-3719.96 -3254.09 -2992.76 5778.84 -1 2
-3.44407 -2448.39 -614.262 2526.48 1 2
event 82
-3575.45 3496.94 -4455.67 7379.42
-10089.7 837.525 -17492 20446.7
-1475.38 3468.3 -2663.27 4616.27 1 1
-2100.07 28.6407 -1792.41 2763.15 -1 1
-5533.7 1198.54 -7013.76 9014.57 -1 2
-4556.05 -361.019 -10478.3 11432.1 1 2
event 83
4315.86 5336.41 -5873.41 9549.57
-8151.88 3505.87 45068.2 46037.8
-5962.21 3587.2 38169.8 38798.9 1 2
665.175 3242.72 -2367.52 4071.12 -1 1
-2189.67 -81.3298 6898.45 7238.86 -1 2
3650.68 2093.69 -3505.89 5478.45 1 1
event 84
1844.87 3886.75 17762.1 18536.3
17380.8 -15504.6 -7477.45 24657.4
-78.9555 3208.53 9617.54 10139.5 -1 1
1923.82 678.223 8144.53 8396.77 1 1
11718.4 -9656.91 -6266.11 16427.2 -1 2
5662.34 -5847.74 -1211.34 8230.23 1 2
event 85
109.052 -6798.54 4989.39 8984.28
5307.44 9019.42 -6343.75 12623.5
-878.103 -3626.3 1149.59 3905.61 -1 1
987.155 -3172.24 3839.8 5078.66 1 1
4199.43 4998 -5052.88 8255.79 -1 2
1108.01 4021.42 -1290.86 4367.72 1 2
event 86
1038.29 6018.83 -7136.18 9890.42
-11380.7 -2235.42 -53688.6 55014.4
1262.42 4010.88 -2655.93 4974.53 -1 1
-224.133 2007.96 -4480.25 4915.89 1 1
-6459.26 -2698.52 -34107.4 34818.5 1 2
-4921.47 463.103 -19581.3 20195.8 -1 2
event 87
-1474.14 6804.88 -37510.6 38276.9
7917.81 -310.786 -29268.4 30479.8
3385.64 -1660.34 -13521.5 14037.8 -1 2
833.727 2788.06 -17161.5 17406.8 1 1
4532.16 1349.55 -15746.9 16442 1 2
-2307.87 4016.83 -20349.1 20870 -1 1
event 88
-7056.08 9587.53 -14376.5 18920.5
6339.92 -3542.63 -11531.2 13975.2
1954.26 -2435.06 -3069.39 4379.61 1 2
-1425.51 2357.35 -5547.95 6195.16 1 1
-5630.57 7230.17 -8828.55 12725.3 -1 1
4385.66 -1107.56 -8461.84 9595.55 -1 2
event 89
-385.347 -9387.83 -14186.8 17295.5
7204.26 -3226.01 -321.41 8485.48
5949.33 -1290.65 -757.705 6135.6 -1 2
-1293.12 -3054.79 -6465.03 7267.17 -1 1
907.771 -6333.04 -7721.73 10028.3 1 1
1254.93 -1935.35 436.295 2349.88 1 2
event 90
-7644.3 10784 7969.76 15742.9
-2697 -4438.06 -14253.8 15483.3
-6351.53 6716.91 4736.37 10387.6 1 1
-1292.77 4067.1 3233.39 5355.23 -1 1
-394.589 -3404.02 -9504.24 10103.7 -1 2
-2302.42 -1034.04 -4749.61 5379.62 1 2
event 91
2159.7 9014.3 -1068.26 9831.26
5489.79 -3919.63 -4589.19 8726.63
-199.818 5332.99 -1134.06 5456.92 1 1
2359.52 3681.31 65.8013 4374.34 -1 1
3434.44 -1955.74 -4340.22 5871.03 -1 2
2055.36 -1963.89 -248.967 2855.61 1 2
event 92
9121.6 -1711.04 48120.7 49105.3
1956.21 -9402.16 -39510 40778.1
1996.53 -5930.36 -30190.6 30832.4 1 2
3666.1 -2242.4 21733.7 22154.8 1 1
-40.3169 -3471.8 -9319.41 9945.73 -1 2
5455.5 531.36 26386.9 26950.4 -1 1
event 93
3501.26 8618.31 -7753.32 12499.6
-7748.71 1959.03 -115.897 8572.32
-3298.96 489.246 -1537.76 3674.01 1 2
1702.95 1325.34 -933.652 2353.6 1 1
1798.31 7292.97 -6819.67 10146 -1 1
-4449.75 1469.78 1421.86 4898.31 -1 2
event 94
1878.53 -13007.2 1211.09 13556.3
-4194.9 -5290.97 14498.6 16290.8
-3515.89 -2552.86 6595.98 7899.16 -1 2
203.543 -3456.71 1675.82 3848.35 -1 1
1674.99 -9550.46 -464.728 9707.93 1 1
-679.011 -2738.11 7902.57 8391.67 1 2
event 95
-6337.19 -5193.73 25584.4 27042.3
2159.23 -13742.1 -30209.1 33401.9
-3931.72 -2767.31 10119 11203.6 1 1
-2405.47 -2426.43 15465.4 15838.7 -1 1
322.814 -7454.92 -13022.5 15009.2 1 2
1836.42 -6287.13 -17186.6 18392.7 -1 2
event 96
-9389.27 -6696.28 -39842.8 41593.7
-1576.08 -5399.13 -5392.05 8384.48
-5099.5 -4188.96 -17462 18667.7 -1 1
-4289.76 -2507.32 -22380.9 22926 1 1
-2377.96 -2689.85 -3105.1 4747.92 -1 2
801.884 -2709.28 -2286.96 3636.56 1 2
event 97
11611.4 -202.436 11762.7 16817.2
9320.88 -1479.26 -28073.4 29778.7
4318.78 -2245.7 -13452.2 14306.2 -1 2
1772.34 1044.71 2571.69 3295.05 1 1
9839.07 -1247.14 9191.04 13522.2 -1 1
5002.11 766.436 -14621.2 15472.6 1 2
event 98
-7949.77 -1256.94 19306.6 21145.1
-2050.66 -8913.69 -42604.9 43685.5
-1952.39 -3355.63 -13193.6 13753.3 1 2
-3737.6 745.572 6787.35 7784.91 -1 1
-98.2718 -5558.06 -29411.3 29932.2 -1 2
-4212.16 -2002.51 12519.2 13360.2 1 1
event 99
693.433 10305.8 -15947.1 19250.7
-3486.39 8048.49 20232.2 22268
1899.25 6335.74 -9255.34 11376.3 -1 1
-1205.81 3970.11 -6691.72 7874.39 1 1
-13.205 3601.75 6729.61 7633.58 -1 2
-3473.19 4446.75 13502.6 14634.5 1 2
event 100
1763.43 7888.46 16180.4 18350.3
-5310.26 -3034.11 -35082.4 35745.9
533.417 4455.49 5712.93 7265.3 1 1
1230.01 3432.97 10467.5 11085 -1 1
-3078.82 -3332.27 -25619.6 26018.4 -1 2
-2231.44 298.162 -9462.8 9727.49 1 2
event 101
997.505 8488.37 -464.51 9102.43
8758.89 13.5677 23753.2 25505.4
5449.26 -124.797 18565.3 19349.2 1 2
-21.4361 3489.95 1266.91 3714.35 1 1
3309.64 138.365 5187.93 6156.18 -1 2
1018.94 4998.42 -1731.42 5388.08 -1 1
event 102
-1840.03 7670.56 27948.6 29205.2
3199.28 11896.4 21155.7 24676.1
663.068 3990.63 4412.53 5987.18 -1 2
-1458.34 2395.08 5938.01 6567.67 -1 1
2536.21 7905.77 16743.1 18689 1 2
-381.693 5275.48 22010.6 22637.5 1 1
event 103
-10858.1 -5805.76 24604.5 27687.2
-3250.27 -7424.66 23666.9 25207.2
-994.617 -5748.93 14975 16071.8 -1 2
-4622.59 -898.366 7998.49 9282.37 -1 1
-6235.55 -4907.39 16606.1 18404.8 1 1
-2255.65 -1675.73 8691.85 9135.4 1 2
event 104
6482.92 9181.56 33192.7 35180.6
-7989.92 1221.78 -8598.94 12201
-4984.82 628.338 -7321.98 8880.64 1 2
3618.59 3864.59 11462.9 12626.9 1 1
-3005.1 593.437 -1276.96 3320.33 -1 2
2864.33 5316.97 21729.8 22553.7 -1 1
event 105
202.472 -8888.18 12637.6 15758.8
-1863.7 -7556.42 -2266.34 8677.56
-2098.74 -5232.86 -2775.31 6284.99 1 2
-154.672 -3323.99 2411.1 4110.64 1 1
235.047 -2323.57 508.973 2392.58 -1 2
357.144 -5564.19 10226.5 11648.2 -1 1
event 106
-2900.73 -3604.88 -5292.82 7682.07
-7103.38 -8034.03 265.523 11165.4
-737.561 -3082.03 -4006.6 5109.49 -1 1
-2163.17 -522.855 -1286.21 2572.58 1 1
-5571.2 -4079.27 -106.814 6906.61 1 2
-1532.17 -3954.76 372.337 4258.81 -1 2
event 107
1009.67 -4328.67 2610.41 6013.47
-6409.4 9945.28 58565.7 59829.1
-783.041 -3135.75 1860.86 3730.96 -1 1
1792.71 -1192.91 749.55 2282.51 1 1
-3943.88 5666.61 41201.3 41775.9 1 2
-2465.52 4278.67 17364.4 18053.2 -1 2
event 108
7364.69 1471.87 8270.53 11593.2
-6287.4 -2263.73 277.698 7370.46
-3130.52 490.015 -5.63503 3170.4 1 2
2312.9 99.5541 4745.72 5281.33 -1 1
5051.79 1372.32 3524.8 6311.83 1 1
-3156.88 -2753.75 283.333 4200.06 -1 2
event 109
-4610.53 -9426.4 5471.71 12233
6506.19 -1569.64 2053.22 7655.12
3683.55 -2407.57 1546.4 4665.56 -1 2
-2681.58 -2694.39 1031.08 3940.16 -1 1
-1928.95 -6732 4440.63 8292.83 1 1
2822.63 837.936 506.824 2989.55 1 2
event 110
13262 -14380 -11050.3 22679.6
-7288.69 -4562.13 11351.1 14573.2
-4259.51 -3011.23 9106.17 10495 -1 2
2638.46 -4221.38 -3947.82 6354.36 1 1
10623.5 -10158.6 -7102.53 16325.3 -1 1
-3029.18 -1550.9 2244.96 4078.26 1 2
event 111
-8838.14 -1078.81 -13499.4 16465.1
2616.66 6155.44 32274.8 33166.1
640.573 5520.47 23657.3 24301.6 1 2
-3716.73 -1842.45 -4842.44 6377.23 -1 1
1976.08 634.977 8617.46 8864.53 -1 2
-5121.41 763.641 -8656.95 10087.9 1 1
event 112
4669.33 10314 -15495.9 19439.6
-4192.43 1842.38 -17759.8 18600.4
-3243.3 -150.234 -9073.04 9637.05 1 2
1371.33 4522.3 -4198.3 6322.08 1 1
-949.13 1992.62 -8686.73 8963.36 -1 2
3297.99 5791.74 -11297.6 13117.5 -1 1
event 113
-2311.47 -7567.15 -15632.4 17792.3
-6809.02 -4309.63 16987.4 19055.1
-773.274 -4092.2 -11218.1 11966.7 1 1
-1538.2 -3474.96 -4414.26 5825.65 -1 1
-3912.87 -3785.19 13031 14122.9 -1 2
-2896.15 -524.447 3956.41 4932.25 1 2
event 114
10545 -2011.5 8527.22 14055.2
-1520.77 -7215.78 1787 8195.42
-2281.82 -4048.9 441.219 4669.71 1 2
5142.35 -451.704 2265.37 5638.34 1 1
761.059 -3166.88 1345.78 3525.71 -1 2
5402.7 -1559.79 6261.85 8416.89 -1 1
event 115
-889.445 9223.67 17431.1 19982.5
-3063.91 -5924.41 16711.3 18257.8
157.214 6410.19 14142.8 15528.8 -1 1
-1046.66 2813.48 3288.3 4453.68 1 1
54.2851 -2662.1 8219.73 8640.88 -1 2
-3118.2 -3262.32 8491.61 9616.88 1 2
event 116
2711.59 7920.87 9565.98 13084.1
-4265.33 -14382.8 11786.8 19328.2
-4588.85 -11427.2 9947.01 15830.1 1 2
949.791 3424.78 6361.37 7287.62 -1 1
323.524 -2955.61 1839.79 3498.04 -1 2
1761.8 4496.09 3204.6 5796.5 1 1
event 117
-6619.83 -2558.03 13462.3 15530.3
3396.75 -10698.6 26720.8 29147.8
-3885.66 -1007.37 10367.3 11117.7 -1 1
-2734.17 -1550.66 3095.06 4412.57 1 1
1390.52 -6358.93 11765.7 13446.7 -1 2
2006.23 -4339.67 14955.1 15701.1 1 2
event 118
-5739.17 -6820.11 -29447.9 30922.8
3126.91 -7539.14 5252.76 10188.1
1338.56 -3198.69 496.338 3504.41 1 2
-2313.17 -1585.64 -13558.7 13846.1 1 1
-3426 -5234.47 -15889.2 17076.8 -1 1
1788.35 -4340.44 4756.42 6683.74 -1 2
