event 0
6879.62 -2583.48 6090.77 10034.5
-3429.94 7418.64 -7929.19 11801
-2281.65 2347.28 -1713.08 3696.14 1 2
2848.25 192.113 3425.67 4460.47 -1 1
-1148.29 5071.35 -6216.11 8104.84 -1 2
4031.37 -2775.59 2665.1 5574.03 1 1
event 1
10663.7 855.667 2748.95 11471.4
-4364.05 -9750.03 36358.4 38021.4
7006.88 -742.731 1018.06 7120.09 -1 1
3656.8 1598.4 1730.88 4351.35 1 1
-2384.82 -8214.64 26349.9 27703.7 -1 2
-1979.23 -1535.39 10008.5 10317.7 1 2
event 2
8527.44 763.734 -1531.71 9232.43
-3633.36 6669.21 6493.28 10461
-2787.7 3712.13 5562.4 7245.87 -1 2
3795.44 277.568 -2247.27 4420.83 1 1
4732.01 486.166 715.559 4811.59 -1 1
-845.656 2957.08 930.883 3215.14 1 2
event 3
-2791.93 -4996.82 -22964.1 23868.5
8914.99 -2012.66 14341.2 17285.5
-3037.56 -2648.57 -12232.7 12879.9 1 1
245.628 -2348.25 -10731.4 10988.5 -1 1
5005.97 101.512 9311.82 10573.1 -1 2
3909.03 -2114.17 5029.39 6712.39 1 2
event 4
-1417.5 -5763.18 -4615.41 8131.2
-17431.1 9867.8 7858.16 21738.4
-71.0817 -3752.02 -4267.51 5683.79 1 1
-1346.42 -2011.16 -347.905 2447.41 -1 1
-10071.9 3985.7 4610.37 11772.7 1 2
-7359.17 5882.11 3247.8 9965.73 -1 2
event 5
4637.03 -5249.2 4711.56 8991.44
-13762.3 -6894.04 -22079.2 27092.6
2307.45 -3853.89 4343.12 6249.05 1 1
2329.57 -1395.31 368.439 2742.39 -1 1
-7429.4 -5394.2 -12435.6 15458 1 2
-6332.89 -1499.83 -9643.56 11634.6 -1 2
event 6
7233.99 -1727.15 -6224.04 10180.5
-6563.24 629.305 14952.6 16632.6
4318.75 -92.9184 -1915.11 4726.42 1 1
2915.24 -1634.23 -4308.94 5454.12 -1 1
-4498.85 -125.507 12740 13512 -1 2
-2064.39 754.812 2212.69 3120.67 1 2
event 7
5140.25 -2678.02 24600.6 25463.2
5167.67 -6217.68 36256.9 37276.3
3476.28 -107.992 11894.4 12392.9 1 1
1663.97 -2570.02 12706.1 13070.2 -1 1
1495.41 -4195.17 17825.7 18373.9 1 2
3672.26 -2022.51 18431.2 18902.3 -1 2
event 8
-8702.63 -4846.17 -602.84 10448.7
-1378.22 -8373.89 -32974 34189.1
-873.142 -4040.77 -21887.6 22274.9 1 2
-3492.03 -1322.79 1166.77 3913.63 1 1
-5210.6 -3523.38 -1769.61 6535.08 -1 1
-505.08 -4333.12 -11086.4 11914.3 -1 2
event 9
3953.09 2564.8 -10848.6 12226.5
17301.1 16054.3 -19286.5 30637
1936.72 2686.07 -4674.76 5729.78 1 1
2016.36 -121.276 -6173.81 6496.73 -1 1
10893.4 9950.66 -10095 17877.4 -1 2
6407.67 6103.6 -9191.52 12759.6 1 2
event 10
-4106.53 -8018.07 -11038.7 14580.7
-2144.91 3925.48 -3095.25 6259.44
-823.626 -4904.48 -5242.3 7226.69 -1 1
-3282.9 -3113.59 -5796.45 7354.04 1 1
-129.359 3300.82 -2164.51 3950.74 -1 2
-2015.55 624.662 -930.74 2308.7 1 2
