event 0
7129.19 2616.18 -4534.68 9371.45
6537.41 2046.15 -171.584 7519.57
4783.61 496.672 -3784.21 6120.55 1 1
2345.58 2119.5 -750.464 3250.91 -1 1
5171.18 180.018 176.207 5178.39 -1 2
1366.23 1866.13 -347.791 2341.18 1 2
event 1
-1919.18 -9338.94 -21632.8 23842.6
-6519.69 -2836.17 5352.64 9422.95
-2491.9 -4491.51 -10730.1 11896.6 1 1
572.714 -4847.43 -10902.7 11945.9 -1 1
-5493.34 -957.218 3458.71 6562.54 -1 2
-1026.35 -1878.95 1893.92 2860.41 1 2
event 2
7940.28 -2618.84 -4703.47 10080.7
6418.57 681.637 8483.53 11100.6
4586.77 -2982.44 -2291.68 5932.65 1 1
3353.51 363.602 -2411.79 4148.03 -1 1
2168.06 174.057 829.585 2330.27 -1 2
4250.51 507.58 7653.95 8770.32 1 2
event 3
324.666 -10921.6 -12592.5 16957.3
-3447.57 4013.3 7723.32 9860.68
1345.6 -5743.13 -5141.69 7825.75 1 1
-1020.93 -5178.49 -7450.8 9131.52 -1 1
-1198.75 3646.69 5106.95 6389.63 -1 2
-2248.82 366.61 2616.37 3471.05 1 2
event 4
-6879.04 7179.24 -13855.3 17332.7
2726.91 -10424.9 17077.1 20428.8
660.745 -7746.05 10959.3 13437.1 1 2
-3016.76 2233.94 -3053 4839.76 -1 1
2066.16 -2678.81 6117.83 6991.71 -1 2
-3862.28 4945.3 -10802.3 12492.9 1 1
event 5
6525 -10755.7 -34002.8 36387.4
-1438.3 -4510.74 14581.2 15640.2
454.77 -3404.7 9611.05 10207 1 2
1709.98 -4422.75 -9378.24 10509.4 1 1
-1893.07 -1106.03 4970.1 5433.24 -1 2
4815.02 -6332.93 -24624.6 25878 -1 1
