event 0
-1863.72 11700.1 66389.5 67509.4
2374.45 7697.53 25471.4 26893.8
1539.42 2975.47 6354.54 7184.33 -1 2
775.45 2924.64 13901.7 14227.5 1 1
-2639.17 8775.44 52487.9 53281.9 -1 1
835.028 4722.06 19116.9 19709.4 1 2
event 1
-11457.8 7624.36 11459.7 18175
7989.98 -2259.3 -9950.46 13324.7
4011.56 -2372.03 -3880 6065.04 1 2
-4522.61 2621.67 6299.87 8186.99 1 1
3978.43 112.727 -6070.47 7259.63 -1 2
-6935.21 5002.69 5159.86 9987.96 -1 1
event 2
-17270.3 1892.91 -5934.33 18618.6
4094.42 -3106.67 6309.72 8707.42
-12628.9 115.98 -4861.05 13533 -1 1
-4641.38 1776.93 -1073.28 5085.56 1 1
3288.93 -1272.49 5520.76 6551.81 -1 2
805.493 -1834.17 788.96 2155.6 1 2
event 3
-6639.05 -1813.8 -31832.2 32714.7
2125.92 7084.38 11723.9 14203.9
871.03 4670.38 9732.05 10830.3 1 2
-3348.43 530.022 -17386.9 17714.6 1 1
1254.89 2414 1991.9 3373.57 -1 2
-3290.61 -2343.82 -14445.4 15000 -1 1
event 4
-6664.18 6319.23 -6565.87 11876.1
-6562.83 -3234.93 -19773 21309.5
-3724.8 -3416.42 -13694.6 14597.9 -1 2
-2881.88 1153.95 -681.541 3180.02 1 1
-3782.29 5165.28 -5884.33 8696.11 -1 1
-2838.04 181.488 -6078.36 6711.56 1 2
event 5
2645.62 10957 34599.4 36520.8
15340.1 1728.06 -55558.3 57746.2
6621.49 402.963 -18525.8 19677.9 -1 2
899.737 4460.63 18903.3 19443.5 1 1
8718.66 1325.09 -37032.6 38068.3 1 2
1745.88 6496.37 15696.2 17077.2 -1 1
event 6
-17775 -757.388 8668.49 20130.9
7648.42 1301.08 13110.1 15545.3
4848.96 1567.97 5851.47 7760.27 -1 2
-3273.48 937.402 632.282 3464.87 1 1
-14501.5 -1694.79 8036.2 16666 -1 1
2799.46 -266.894 7258.6 7785.02 1 2
event 7
-3288.29 11188.9 13274.2 17938.7
2416.07 -6347.61 409.952 7475.86
2687.49 -4214.36 1268.63 5157.9 1 2
-431.16 5630.87 4822.45 7426.96 1 1
-271.413 -2133.26 -858.677 2317.96 -1 2
-2857.13 5558 8451.72 10511.8 -1 1
event 8
6708.36 -2285.16 17735.9 19348.8
7416.6 6259.44 -29336.3 31054.7
1437.55 2784.53 -11638.9 12053.9 1 2
1606.98 -2014.63 6970.24 7432.13 -1 1
5979.06 3474.91 -17697.4 19000.8 -1 2
5101.38 -270.532 10765.7 11916.7 1 1
event 9
-5625.1 3169.48 3744.68 8080.89
-5054.58 -4595.91 -1537.23 7656.72
-3061.2 -1005.23 121.98 3226.06 -1 2
-3101.41 22.0235 1942.47 3661.09 1 1
-1993.38 -3590.68 -1659.21 4430.65 1 2
-2523.69 3147.46 1802.2 4419.8 -1 1
event 10
-4584.55 -5417.36 9902.57 12570.5
-14538.4 -4962.47 25300.2 29760.4
-3797.67 -33.9718 5141.34 6392.81 1 2
-1794.49 -2277.72 6655.39 7260.41 1 1
-10740.7 -4928.5 20158.8 23367.6 -1 2
-2790.06 -3139.64 3247.18 5310.09 -1 1
event 11
6069.53 13077 50830 52925.7
17026 15238.7 -56927.4 61420
4890.11 7221.66 28003 29329.9 1 1
1179.42 5855.33 22827.1 23595.8 -1 1
14360.1 12504.1 -50098.1 53594.8 -1 2
2665.83 2734.58 -6829.24 7825.24 1 2
event 12
8725.47 -10514.7 -57620.3 59299.1
9100.17 -1927.36 41714.3 42850.9
6500.65 38.9276 29575 30281.2 -1 2
4119.95 -2864.69 -23456.6 23987.6 -1 1
4605.51 -7650.06 -34163.6 35311.5 1 1
2599.52 -1966.29 12139.2 12569.6 1 2
event 13
-3082.62 6229.64 1824.51 7825.01
10187.9 -15615.7 3609.43 19242.2
2647.45 -2052 228.342 3359.01 1 2
176.927 3025.7 590.941 3089.74 1 1
7540.45 -13563.7 3381.09 15883.2 -1 2
-3259.55 3203.94 1233.56 4735.26 -1 1
event 14
7215.69 5670.24 -9101.01 13290.5
-5814.74 -3854.24 -28272.8 29284.9
-3263.59 -3367.87 -22007.4 22501.8 -1 2
2519.93 3884.16 -3850.68 6022.93 1 1
4695.76 1786.07 -5250.34 7267.56 -1 1
-2551.15 -486.368 -6265.32 6783.09 1 2
event 15
-4044.04 6683.57 2345.03 8724.38
-933.954 -6899.77 -1094.16 7698.55
-682.27 -4277.98 -2176.28 4849.11 1 2
-1950.19 3160.49 -479.229 3746.03 -1 1
-251.683 -2621.8 1082.11 2849.44 -1 2
-2093.86 3523.08 2824.26 4978.35 1 1
event 16
7258.15 2035.23 -481.116 8163.64
7303.66 3605.99 -19237.7 21119.3
5558.38 1824.97 -10367.7 11904.9 1 2
3246.16 790.593 -1751.58 3773.83 -1 1
1745.28 1781.02 -8869.94 9214.4 -1 2
4011.99 1244.63 1270.47 4389.81 1 1
event 17
-949.471 4211.47 7615.25 9285.53
-7364.96 -3883.61 -6806.13 11368.2
782.595 3025.91 3723.14 4862.25 1 1
-1732.07 1185.57 3892.12 4423.28 -1 1
-3456.13 -2934.75 -5519.41 7143.71 1 2
-3908.83 -948.856 -1286.73 4224.47 -1 2
event 18
7239.29 -16045.2 -52668.8 55618.8
-3716.67 -10692.4 7344.68 13844.8
-2677.11 -3324.1 2250.96 4826.44 1 2
74.0755 -2883.88 -8674.36 9142.09 -1 1
7165.21 -13161.4 -43994.5 46476.7 1 1
-1039.56 -7368.32 5093.73 9018.32 -1 2
event 19
-532.32 8823.75 1104.06 9431.43
6353.69 797.681 38126.1 38784
619 5581.71 -489.909 5638.25 -1 1
-1151.32 3242.03 1593.97 3793.18 1 1
2398.97 1822.88 15104.6 15402.5 -1 2
3954.72 -1025.2 23021.5 23381.5 1 2
event 20
-9850.7 -4823.65 -40126.1 41713.3
-3535.67 -3976.67 -6613.71 9035.87
-5084.53 -2953.15 -26786.2 27424.1 -1 1
-4766.17 -1870.5 -13340 14289.2 1 1
-3146.33 -1592.25 -2730.05 4460.83 -1 2
-389.345 -2384.42 -3883.67 4575.05 1 2
event 21
-4799.38 6893.75 9683.07 13187.5
1118.23 -8758.73 -5295.25 10751.6
846.511 -3884.32 -4125.66 5730.34 -1 2
-2999.1 1702.62 3986.71 5272.43 -1 1
-1800.28 5191.13 5696.35 7915.08 1 1
271.716 -4874.41 -1169.59 5021.24 1 2
event 22
8326.69 16816.7 -25215.4 31583.9
5994.2 -4070.86 1870.42 8098.85
5341.84 -2027.52 1599.47 5934.27 1 2
4554.31 5825.64 -9540.63 12071.2 1 1
652.359 -2043.34 270.949 2164.58 -1 2
3772.37 10991 -15674.8 19512.7 -1 1
event 23
10478.6 2650.93 3479.34 11769.6
-3058.43 -4618.25 25585.5 26360.8
5224.92 2781.99 1201.84 6041.09 1 1
5253.67 -131.062 2277.5 5728.55 -1 1
-276.583 -3166.82 11684.2 12109.4 -1 2
-2781.85 -1451.43 13901.3 14251.4 1 2
event 24
3592.89 6865.35 -12702.9 15198.6
2865.56 -5384.04 -3050.84 7489.88
3347.11 3182.24 -7716.99 8994.05 1 1
245.784 3683.11 -4985.92 6204.53 -1 1
-233.241 -2180.8 -1854.33 2874.02 -1 2
3098.8 -3203.24 -1196.51 4615.86 1 2
event 25
9475.67 -24576.6 12372.1 29265.3
8448.12 -3353.44 1615.97 9737.67
2693.76 -2523.22 1298.5 3914.11 1 2
1161.3 -2597.86 2453.48 3758.75 -1 1
8314.37 -21978.8 9918.63 25506.6 1 1
5754.36 -830.222 317.469 5823.56 -1 2
event 26
8318.03 -16922.8 49302.8 52876.5
7164.63 4519.69 -50296.4 51098.7
5065.87 -10643.4 26534.1 29034.7 -1 1
3252.16 -6279.38 22768.7 23841.8 1 1
5474.79 1796.88 -34814.4 35288.2 -1 2
1689.84 2722.81 -15481.9 15810.5 1 2
event 27
6436.33 1211.23 5485.65 9087.15
1055.93 7770.86 -4921.53 9762.88
881.534 3391.83 -3933.26 5269.09 -1 2
2050.28 669.439 159.254 2165.26 -1 1
4386.05 541.788 5326.4 6921.89 1 1
174.396 4379.02 -988.265 4493.78 1 2
event 28
-328.537 -8337.38 -2677.84 9294.17
-7820.74 -1552.87 -27888.8 29171
-6060.09 -342.406 -23731.6 24495.7 1 2
-674.536 -3131.39 409.1 3230.96 -1 1
-1760.65 -1210.46 -4157.19 4675.31 -1 2
345.999 -5206 -3086.94 6063.21 1 1
event 29
9452.06 391.142 -19277.2 21695.5
-2358.43 4746.76 -24302 25065.4
-481.883 3313.01 -18491.4 18792.3 1 2
4089.47 1026.82 -5759.41 7138.64 1 1
-1876.54 1433.75 -5810.61 6273.07 -1 2
5362.59 -635.673 -13517.8 14556.9 -1 1
event 30
8936.13 1042.84 -51614.8 52484.5
2817.18 4423.57 -16664.6 17742.7
5346.33 -908.025 -30174 30657.6 1 1
3589.8 1950.87 -21440.8 21826.9 -1 1
560.062 3361.79 -11684.5 12171.8 -1 2
2257.12 1061.77 -4980.13 5570.89 1 2
event 31
-5932.61 -1648.45 14666.5 16205.3
-6771.74 4599.67 -11757 14657.1
-3378.67 365.052 5370.96 6356.65 -1 1
-2553.94 -2013.5 9295.55 9848.62 1 1
-2920.69 3356.59 -7890.62 9059.25 -1 2
-3851.06 1243.08 -3866.35 5597.83 1 2
event 32
6353.57 -2913.82 4145.63 8696.64
3639.83 17147.8 -30518.6 35330.9
4725.15 -721.278 3390.06 5860.97 -1 1
1628.42 -2192.54 755.568 2835.67 1 1
945.078 11407.9 -20253.4 23264.7 1 2
2694.76 5739.91 -10265.1 12066.2 -1 2
event 33
-8764.14 2163.18 12670.6 15862.7
-3384.7 -4635.02 2432.99 6960.6
-4454.02 2679.2 7089.45 8791.35 -1 1
-4310.12 -516.011 5581.16 7071.35 1 1
-3031.5 -1670.38 792.629 3552.41 -1 2
-353.2 -2964.64 1640.36 3408.19 1 2
event 34
5943.76 569.058 -23615.5 24554.8
350.501 -8566.89 -7702.09 12100.6
1521.06 -3787.45 -5101.04 6533.78 -1 2
1933.74 -1064.91 -10898.1 11120 1 1
-1170.56 -4779.44 -2601.05 5566.85 1 2
4010.02 1633.97 -12717.4 13434.8 -1 1
event 35
-3090.42 5491.96 32099.8 32858.8
7289.49 -8721.39 56049.2 57274
-2847.82 2181.67 19570.4 19896.8 1 1
-242.605 3310.29 12529.4 12962 -1 1
3327.36 -5732.86 26880.9 27686.3 1 2
3962.12 -2988.53 29168.3 29587.7 -1 2
event 36
-8787.9 -147.815 4757.34 10462.9
1134.39 5774.45 -2787.4 7210.66
-4584.01 1440.42 2137.43 5260.01 1 1
-4203.89 -1588.23 2619.91 5202.91 -1 1
2066.13 3135.64 -996.654 3886.59 -1 2
-931.736 2638.81 -1790.74 3324.06 1 2
event 37
-7571.37 -3801.58 717.65 9049
-7551.56 1223.3 -4621.34 9458.87
-3052.55 881.546 -3653.65 4843.09 1 2
-1778.12 -2031.64 -771.96 2810.05 1 1
-5793.25 -1769.94 1489.61 6238.95 -1 1
-4499 341.755 -967.69 4615.78 -1 2
event 38
-9582.19 1321.58 -6294.72 11949
2886.67 9263.14 5985.87 11813.6
1774.03 4465.53 1218.27 4958.17 1 2
-4133.58 -730.586 -1694.51 4528 -1 1
-5448.61 2052.16 -4600.21 7421.04 1 1
1112.65 4797.61 4767.6 6855.38 -1 2
event 39
-7877.5 -2799.22 16488.7 18744.5
9433.62 -10932.3 -5866.34 15890.7
7325.33 -10139.8 -4837.49 13412.2 1 2
-3392.2 -2427.85 5787.83 7135.24 -1 1
2108.29 -792.556 -1028.85 2478.45 -1 2
-4485.29 -371.365 10700.8 11609.3 1 1
event 40
-6949.68 -15953.6 -2082.9 17797.4
5833.29 -1764.62 -18361.3 19592.6
2903.86 -2271.05 -12294.3 12835.5 1 2
-685.404 -5061.49 -524.664 5135.65 -1 1
2929.43 506.425 -6067.02 6757.07 -1 2
-6264.27 -10892.1 -1558.23 12661.7 1 1
event 41
-3474.12 -3165.82 -5676.79 7994.32
-12861.7 399.047 1816.68 13359.4
-3055.57 -821.542 -3889.14 5014.78 1 1
-418.55 -2344.28 -1787.65 2979.54 -1 1
-8178.42 -1051.73 405.41 8256.4 -1 2
-4683.24 1450.78 1411.27 5102.97 1 2
event 42
1667.45 5573.39 -14794.9 16196.4
-6467.69 15087.4 43771.4 46850.6
73.3537 4044.38 -11793.2 12468.1 -1 1
1594.1 1529.01 -3001.69 3728.32 1 1
-3389.4 11289.4 32124.2 34218.6 1 2
-3078.3 3797.99 11647.2 12632 -1 2
event 43
3710.47 3790.1 -20915.4 21798.6
2886.8 12211.5 -40004.8 42040.8
3000.3 1111.58 -13689.5 14058.9 -1 1
710.164 2678.52 -7225.91 7739.75 1 1
2868.02 6862.52 -26202.4 27237.7 -1 2
18.7799 5349.02 -13802.4 14803.1 1 2
event 44
-9155.88 2234.34 -23102.9 25142.8
-5250.66 3883.82 8974.09 11523
-2896.02 3229.52 3673.77 5685.46 1 2
-4525.07 -6.10595 -13640.1 14371.5 1 1
-2354.64 654.307 5300.31 5837.54 -1 2
-4630.81 2240.44 -9462.78 10771.2 -1 1
event 45
-4692.3 -3482.48 -21361.7 22451.2
-7266.1 5202.85 -19278.5 21473.6
-3364.73 1812.91 -11626.8 12239.4 -1 2
-797.911 -1879.44 -3126.52 3735.67 -1 1
-3901.37 3389.95 -7651.66 9234.26 1 2
-3894.39 -1603.03 -18235.2 18715.5 1 1
event 46
7659.94 7255.24 -9614.53 14606.3
-9089.79 5166.19 25077.7 27345.9
-3867.67 2188.3 14644.1 15303.9 -1 2
804.632 2088.73 -1031.82 2466.99 1 1
6855.31 5166.51 -8582.71 12139.3 -1 1
-5222.12 2977.89 10433.6 12042 1 2
event 47
-6458.5 502.772 34500 35239.3
3116.73 -5655.68 35585.9 36299.5
3295.19 -3007.88 24178.8 24587.3 1 2
-2812.12 -1165.07 18194.3 18447.5 1 1
-178.46 -2647.8 11407.1 11712.2 -1 2
-3646.37 1667.85 16305.8 16791.9 -1 1
event 48
4483.03 -4694.22 11842.2 13855
5096.68 5511.49 -2656.68 8544.07
1174.89 3445.2 -1645.89 3996.23 1 2
246.052 -2082.85 2464.49 3237.85 -1 1
4236.98 -2611.37 9377.68 10617.1 1 1
3921.79 2066.29 -1010.79 4547.84 -1 2
event 49
-2847.67 9195.2 -12522 16095.2
4165.85 -5776.2 27336.7 28418.4
734.368 -3357.87 9797.92 10383.9 1 2
-1975.16 2157.14 -4694.96 5532.48 1 1
-872.507 7038.06 -7827.09 10562.7 -1 1
3431.48 -2418.33 17538.8 18034.5 -1 2
event 50
1593.06 -11139.3 -684.976 11860.6
-5190.93 -1108.9 -3996.9 7330.86
-3161.08 -1990.83 -3359.65 5025.35 1 2
1287.29 -5464.43 -2113.74 5999.68 1 1
-2029.85 881.925 -637.259 2305.5 -1 2
305.776 -5674.86 1428.77 5860.89 -1 1
event 51
-832.566 -14009.9 8226.7 16560.2
3104.36 8938.45 7926.1 12725.8
1740.75 7165.95 4520.59 8650.32 -1 2
543.53 -4608.1 4127.89 6211.33 -1 1
-1376.1 -9401.83 4098.8 10348.9 1 1
1363.6 1772.5 3405.51 4075.52 1 2
event 52
-98.1761 7386.38 -4826.51 9351.69
-7186.73 2563.81 -9874.55 12857.7
-3177.28 1407.77 -6918.12 7742.64 -1 2
1166.99 2049.23 -2355.58 3334.84 1 1
-1265.17 5337.15 -2470.92 6016.85 -1 1
-4009.45 1156.05 -2956.43 5115.06 1 2
event 53
5185.08 -5254.72 12359.1 14725.4
-641.95 -10785.4 589.522 11255
4103.86 -2602.38 5799.98 7567.36 -1 1
1081.22 -2652.34 6559.1 7158 1 1
-1881.03 -5656.26 295.08 5969.07 1 2
1239.08 -5129.09 294.443 5285.9 -1 2
event 54
-6474.2 2791.97 1132.43 7783.55
8810.08 -4419.5 -21581.3 23926.8
4693.53 -680.542 -10777.9 11775.7 1 2
-1142.44 1992.41 513.023 2355.68 1 1
4116.56 -3738.96 -10803.3 12151.1 -1 2
-5331.77 799.563 619.403 5427.88 -1 1
event 55
-1162.74 -5981.73 -5774.38 8948.06
13683 16872.2 -31005.9 37984.9
-2027.62 -3741.02 -2681.63 5030.78 -1 1
864.877 -2240.71 -3092.75 3917.27 1 1
11165.1 11619.5 -22536.5 27705.2 -1 2
2517.96 5252.71 -8469.42 10279.8 1 2
event 56
-10812.3 -12319.8 49253.9 52002.1
9800.55 -9296.22 -45156.6 47235.4
2839.92 -3955.48 -20283.6 20860.2 -1 2
-3016.34 -1939.76 8368.34 9105.02 -1 1
-7796.01 -10380 40885.6 42897.1 1 1
6960.63 -5340.74 -24873 26375.2 1 2
event 57
-3709.9 6746.63 13557.4 15895.7
-40009.7 13190.7 47569.3 63649
-949.728 4435.14 5984.14 7509.57 1 1
-2760.18 2311.49 7573.28 8386.14 -1 1
-36495.4 13034.7 44081.1 58693.9 -1 2
-3514.28 156.029 3488.21 4955.13 1 2
event 58
6691.55 1902.64 24855.1 25995.5
61669 -12356.7 68593.7 93115.2
3678.98 1203 8367.99 9220.44 -1 1
3012.57 699.639 16487.2 16775.1 1 1
31170.4 -7480.16 33514.7 46376.7 1 2
30498.6 -4876.52 35079 46738.6 -1 2
event 59
8199.67 -15024.4 -52896.2 55682.7
2630.86 -5844.05 -13233.1 15026
5897.49 -8547.89 -28362.4 30204 1 1
2302.18 -6476.53 -24533.8 25478.7 -1 1
1006.99 -4350.51 -6112.25 7570.45 -1 2
1623.87 -1493.54 -7120.84 7455.54 1 2
event 60
-8875.32 -1698.23 -7812.06 12340
4572.61 7010.87 13817 16448.7
1483.64 3824.73 4281.13 5930.34 1 2
-2832.12 -1739.58 -3966.63 5176.13 -1 1
-6043.2 41.344 -3845.43 7163.83 1 1
3088.97 3186.14 9535.84 10518.4 -1 2
event 61
-2732.21 7630.47 36847.3 37855
-462.658 -6801.45 -18281.6 19755.6
-494.098 -3673.44 -13797.8 14287.4 1 2
-2782.18 3189.89 17840 18335.6 -1 1
31.4402 -3128.01 -4483.84 5468.22 -1 2
49.9748 4440.58 19007.3 19519.5 1 1
event 62
3370.74 6438.27 3267.21 8548.62
-2914.96 7441.11 -22120.4 23722.8
-877.175 3914.88 -14913.2 15443.7 -1 2
35.7059 2992.94 1953.23 3575.64 1 1
3335.03 3445.34 1313.98 4972.98 -1 1
-2037.79 3526.23 -7207.24 8279.03 1 2
event 63
4019.96 -6129.86 17813 19509.7
1229.65 -13279.7 12770.4 18722.6
868.223 -4133.82 9546.1 10439.4 -1 1
3151.73 -1996.04 8266.91 9070.31 1 1
1280.88 -10311.2 8046.77 13142.5 -1 2
-51.2321 -2968.41 4723.64 5580.15 1 2
