event 0
-1544.42 -9710.86 -4809.11 11375.6
12946.3 9008.56 -19482.8 25257.3
397.146 -6611.23 -2707.44 7155.94 1 1
-1941.57 -3099.63 -2101.67 4219.66 -1 1
9750.23 7813.12 -16675.4 20837.3 -1 2
3196.08 1195.44 -2807.37 4420 1 2
event 1
-2910.51 -6394.34 -7769.41 10923
7041.01 8795.87 2097.08 11871.5
1205.26 3689.22 201.063 3887.75 -1 2
-1512.72 -1783.95 -4581.68 5145.27 1 1
5835.74 5106.65 1896.02 7983.72 1 2
-1397.79 -4610.39 -3187.73 5777.74 -1 1
event 2
3408.29 -4013.81 33675.3 34224.9
-7172.3 6951.54 -23221.8 25467.8
808.927 -3316.64 18895.6 19201.8 1 1
2599.36 -697.166 14779.7 15023.1 -1 1
-3304.59 5224.66 -14821.2 16059.1 1 2
-3867.71 1726.87 -8400.6 9408.64 -1 2
event 3
8335.58 -157.024 -5058.86 10231.8
860.458 6471.17 -9556.01 11980.2
1892.76 4357.53 -5316.74 7130.89 -1 2
3480.97 1446.01 -1916.47 4229.91 1 1
4854.61 -1603.04 -3142.39 6001.9 -1 1
-1032.31 2113.63 -4239.26 4849.29 1 2
