event 0
11040.1 4307.89 -5489.52 13422.7
-6060.94 667.015 7178.39 9914.78
-3754.35 -975.425 3195.75 5026.98 1 2
3986.44 3184.51 -2164.58 5543.41 1 1
-2306.59 1642.44 3982.64 4887.79 -1 2
7053.68 1123.39 -3324.94 7879.26 -1 1
event 1
-1771.65 5589.79 -10884.5 12745.5
12914.3 -1365.5 20121.5 24147.6
-2222.19 2372.96 -6694.01 7442.45 1 1
450.539 3216.82 -4190.53 5303.07 -1 1
8038.91 -1402.82 9959.72 12876.3 1 2
4875.42 37.324 10161.7 11271.3 -1 2
event 2
-22582.7 11930.7 57986 63437.3
6908.53 -2954.36 27090.2 28282.9
4117.64 -1115.84 10061.7 10929.3 1 2
-6515.07 3251.86 13290 15154.4 1 1
2790.89 -1838.52 17028.5 17353.6 -1 2
-16067.6 8678.82 44696.1 48282.9 -1 1
event 3
-7205.61 -8743.16 -25493.3 28068.9
2775.58 10969.8 53285.1 54561.3
-3664.79 -5048.22 -10363.2 12096.4 1 1
-3540.82 -3694.94 -15130.1 15972.5 -1 1
3010.98 6013.86 32930.9 33610.8 -1 2
-235.403 4955.94 20354.2 20950.4 1 2
event 4
-5576.8 -13861.6 -26405.2 30497.1
7813.46 -524.069 10491.7 13453.4
-1930.89 -8858.77 -15600 18043.7 -1 1
-3645.91 -5002.86 -10805.2 12453.3 1 1
4604.33 639.365 7897.46 9164.59 -1 2
3209.13 -1163.43 2594.28 4288.77 1 2
event 5
4779.03 -1488.17 16879.6 17876.4
10774 -2631.57 -2226.17 11728.1
2988.65 386.121 11715.7 12097.5 1 1
1790.38 -1874.3 5163.9 5778.88 -1 1
6193.53 -2952.35 -744.986 6902.35 1 2
4580.43 320.781 -1481.19 4825.8 -1 2
event 6
7041.25 -2983.39 9326.42 12452.2
6749.11 1998.5 -20601.5 21989.9
4684.71 -858.306 7191.23 8626.02 -1 1
2356.54 -2125.08 2135.2 3826.16 1 1
4633.22 1501.19 -17729.7 18386.7 -1 2
2115.9 497.302 -2871.8 3603.16 1 2
event 7
5656.38 2789.82 12777.3 14581.7
519.643 -10181.1 2983.33 11064.2
1641.44 -3595.15 789.618 4031.64 -1 2
2221.44 230.966 2061.89 3041.49 1 1
-1121.8 -6586 2193.71 7032.59 1 2
3434.95 2558.85 10715.4 11540.3 -1 1
