event 0
12528.7 -4753.73 14356.6 19881.3
-97.262 9094.62 -7098.88 11946.1
1313.08 6658.11 -5165.4 8529.19 -1 2
5936.48 -2797.98 4911.07 8197.58 1 1
6592.18 -1955.76 9445.49 11683.8 -1 1
-1410.34 2436.51 -1933.47 3416.89 1 2
event 1
7007.4 -1529.32 -26017.2 27164.8
-3323.1 -8952.37 13548.4 16862.3
4076.93 681.282 -14278.3 14864.9 -1 1
2930.47 -2210.6 -11738.9 12299.9 1 1
-1334.23 -7235.52 9199.73 11780.5 -1 2
-1988.87 -1716.85 4348.66 5081.85 1 2
event 2
-11780.2 6026.2 -12875.2 18720.3
4435.07 4589.98 -11900.8 13998.6
-8587.11 5728.06 -9056.25 13732.3 -1 1
-3193.08 298.136 -3818.94 4988 1 1
2438.83 1108.29 -7850.5 8295.64 -1 2
1996.24 3481.7 -4050.33 5702.94 1 2
event 3
2803.18 -7467.33 -19112.9 20940.7
-16083.2 -3481.64 18247 24765.6
-4191.41 -147.777 3072.26 5199.97 -1 2
2095.87 -1718.06 -5074.73 5753.99 -1 1
-11891.8 -3333.87 15174.7 19565.6 1 2
707.316 -5749.27 -14038.2 15186.7 1 1
event 4
-10674.2 5090.99 -30899 33229.4
-2355.04 4630.62 -7678.03 9774.05
-7776.18 2311.67 -18639.3 20328.4 -1 1
-2898.02 2779.32 -12259.7 12901 1 1
-317.694 3558.32 -3499.33 5001.9 -1 2
-2037.35 1072.3 -4178.7 4772.14 1 2
event 5
-19595.5 -836.647 15863.1 25414.8
3398.33 -4514.3 -2061.63 6765.5
-14045.9 783.994 11522.2 18184.4 1 1
-5549.55 -1620.64 4340.94 7230.42 -1 1
3590.65 -2445.66 -1157.14 4497.13 -1 2
-192.32 -2068.63 -904.491 2268.37 1 2
event 6
-4006.11 5335.51 9099.53 11700.8
-4342.91 -12533.2 9112.69 16388.2
-2006.32 4773.48 7299.15 8949.88 -1 1
-1999.79 562.027 1800.38 2750.92 1 1
-3587.52 -6441.17 3941.1 8360.76 1 2
-755.389 -6092.05 5171.6 8027.47 -1 2
