event 0
204.273 -8880.66 1684.38 9763.77
2562.77 9230.96 45850.2 46942.6
1018.59 6358.85 35840.2 36414.4 1 2
1850.02 -4131.36 1351.49 4725.3 -1 1
1544.18 2872.1 10009.9 10528.2 -1 2
-1645.75 -4749.29 332.889 5038.48 1 1
event 1
1626.03 -5219.02 -5810.82 8557.98
-5134.78 -8200.48 -11192.3 15115.3
2494.48 -3053.44 -3775.24 5459.81 1 1
-868.446 -2165.58 -2035.58 3098.18 -1 1
-1555.41 -5187.15 -5164.3 7483.78 -1 2
-3579.37 -3013.33 -6027.99 7631.5 1 2
event 2
-1458.28 19516.1 -66475.6 69365.7
-2017.62 -4214.49 -16638.6 17557.6
21.6405 -3252.86 -8196 8818.57 1 2
-2191.11 8970.49 -30035 31422.7 1 1
-2039.26 -961.626 -8442.56 8739.06 -1 2
732.825 10545.6 -36440.6 37943 -1 1
event 3
-1689.88 -5237.61 20285.6 21245.8
3578.99 -8977.17 -1065.85 10204.2
2529.21 -2753.99 277.184 3750.92 -1 2
678.555 -1919.42 4471.32 4914.11 1 1
1049.78 -6223.17 -1343.03 6453.28 1 2
-2368.43 -3318.19 15814.3 16331.6 -1 1
event 4
1914.01 -7538.81 8560.35 11973.6
2096.17 6707.44 3662.38 8508.11
-469.767 3385.88 1114.67 3597.01 1 2
-745.313 -1893.19 2924.18 3563.93 -1 1
2659.33 -5645.62 5636.18 8409.68 1 1
2565.94 3321.56 2547.71 4911.09 -1 2
event 5
4499.01 2519.84 -24173.5 24910.7
2921.53 14688.5 8133.97 17321.7
3444.5 307.144 -11823.3 12319.1 -1 1
1054.52 2212.69 -12350.2 12591.6 1 1
142.589 7825.87 4948.54 9260.88 1 2
2778.94 6862.67 3185.42 8060.82 -1 2
