event 0
5732.69 10383.1 14121.1 18699.4
-4162.89 -4613.45 -3641.27 7839.82
1966.4 5808.34 8853.1 10770 1 1
3766.29 4574.75 5268.01 7929.46 -1 1
-3473.77 -1560.5 -2085.43 4343.09 -1 2
-689.117 -3052.94 -1555.84 3496.73 1 2
event 1
-7471.88 1518.97 7429.39 11087.2
324.588 -8152.69 -1658.66 8883.35
1607.02 -3665.26 -1264.64 4198.47 1 2
-2595.43 -381.324 1031.79 2820.89 1 1
-4876.44 1900.29 6397.6 8266.27 -1 1
-1282.43 -4487.43 -394.022 4684.88 -1 2
event 2
-2193.53 6047.83 17817.1 19194.5
-2944.95 11760.5 -4268.81 13221
-2055.1 4024.87 15336.6 15988.9 -1 1
-138.435 2022.96 2480.48 3205.54 1 1
-565.045 6593.83 -1103.01 6710.12 1 2
-2379.9 5166.63 -3165.8 6510.88 -1 2
event 3
-2563.04 3914.84 1313.89 5762.98
-4594.33 -14032.5 47319.6 49666.4
-519.387 3119.08 1605.85 3548 -1 1
-2043.65 795.757 -291.951 2214.98 1 1
-1832.31 -9046.92 25688 27296.3 -1 2
-2762.01 -4985.54 21631.6 22370.1 1 2
event 4
-2796.75 5656.23 -1881.15 7276.33
-7561.99 4777.06 -144.59 9466.56
-4113.54 839.19 -441.328 4222.72 1 2
-245.88 2250.4 606.756 2346.08 1 1
-3448.45 3937.87 296.738 5243.84 -1 2
-2550.87 3405.82 -2487.9 4930.25 -1 1
event 5
4783.37 5226.51 -24734.9 25915.3
-4422.86 -8566.89 -27933.7 29712.5
-1695.37 -3385.17 -15683.6 16134.4 -1 2
3175.63 1324.88 -9420.74 10030 -1 1
-2727.49 -5181.71 -12250.1 13578.1 1 2
1607.74 3901.62 -15314.2 15885.3 1 1
event 6
6814.32 12584.4 8501.28 16931.1
-6911.96 6545.2 -9254.54 13632.8
5566.12 7170.63 5531.16 10630.4 -1 1
1248.2 5413.72 2970.12 6300.73 1 1
-786.913 2513.45 -3007.33 3998.98 -1 2
-6125.05 4031.75 -6247.21 9633.8 1 2
event 7
6885.11 -1701.85 1288.52 7845.73
6892.67 -736.681 1075.95 7668.13
4166.32 449.953 149.241 4194.54 1 1
2718.79 -2151.81 1139.27 3651.19 -1 1
4405.25 -846.915 2124.17 4964.55 -1 2
2487.42 110.234 -1048.22 2703.58 1 2
event 8
-4931.13 -2394.81 10261.2 12038.9
8452.8 5170.19 6899.82 12465.1
-3643.03 -534.446 4301.37 5663.06 1 1
-1288.1 -1860.37 5959.86 6375.84 -1 1
5005.89 3107.25 2220.84 6297.4 -1 2
3446.91 2062.93 4678.98 6167.73 1 2
event 9
7070.82 -14602.5 -38567.3 41955.4
-19204 4404.92 4438.24 20432.5
-6837.34 1037.2 2984.6 7532.86 -1 2
3836.64 -4906.31 -16461 17600.2 -1 1
-12366.7 3367.73 1453.64 12899.6 1 2
3234.18 -9696.23 -22106.3 24355.2 1 1
event 10
5196.68 -6416.79 -27211.3 28604.6
-396.768 -5979.32 14343.7 15850.6
1204.63 -3882.34 7852.79 8843.14 -1 2
3139.7 -1511.83 -10038.7 10626.9 1 1
2056.98 -4904.96 -17172.5 17977.7 -1 1
-1601.39 -2096.98 6490.9 7007.47 1 2
event 11
-5661.59 -4006.06 22037 23309.3
-4083.66 -5809.48 12482.3 14690.9
-2517.08 -1687.06 3169.34 4386.09 -1 2
-2646.97 -390.9 5534.85 6148.58 -1 1
-3014.62 -3615.16 16502.2 17160.7 1 1
-1566.57 -4122.42 9312.91 10304.8 1 2
event 12
-15291.2 29004.2 -36734.7 49336.6
3411.05 -4762.01 17389.1 18608.7
1958.53 -2903.88 5758.25 6740.7 1 2
-6132.4 14645.6 -18681.7 24517.7 -1 1
1452.53 -1858.13 11630.8 11868 -1 2
-9158.81 14358.7 -18053 24818.8 1 1
event 13
8939.26 184.185 -3427.79 10063.8
-6658.15 10791 -12523.9 18089.2
4991.91 1598.63 -2265.87 5711.4 -1 1
3947.35 -1414.44 -1161.93 4352.41 1 1
-4238.91 9096.97 -10375.1 14435.3 -1 2
-2419.24 1694.03 -2148.79 3653.89 1 2
event 14
7162.44 8782.95 34993.6 36913.2
4944.58 -1868.85 13815.4 15112.9
3034.19 5257.57 14667.2 15874.1 -1 1
4128.25 3525.38 20326.4 21039.1 1 1
3973.27 9.62806 8229.26 9138.86 -1 2
971.318 -1878.48 5586.18 5974 1 2
event 15
-5967.44 2057.8 2846.16 7585.29
1038.71 7300.56 -7310.51 10835.7
767.471 2901.84 -1055.98 3183.7 -1 2
-1379.32 1839.77 269.423 2317.55 -1 1
-4588.12 218.033 2576.74 5267.74 1 1
271.241 4398.73 -6254.53 7651.97 1 2
event 16
-2187.92 -6174.65 3548.97 8068.59
-6141.17 -6840.09 37751.1 38977.4
-99.442 -3653.04 689.731 3720.41 -1 1
-2088.47 -2521.62 2859.23 4348.18 1 1
-4274.43 -3260.43 16763 17604.3 1 2
-1866.74 -3579.66 20988.1 21373.1 -1 2
event 17
24165.5 14941.3 8061.9 29695.1
2386.74 -4371.71 -1172.25 5981.09
17566.2 10027.3 4460.53 20712.9 -1 1
6599.27 4914.02 3601.37 8982.15 1 1
436.994 -3803.01 -837.12 3919.92 -1 2
1949.74 -568.694 -335.13 2061.16 1 2
event 18
-2798.19 -9561.09 -28658 30497.8
7535.79 -5044.46 6305.03 11470.8
5998.03 -2427.31 3610.19 7410.32 -1 2
-2158.37 -2929.26 -12514.3 13033 -1 1
-639.825 -6631.83 -16143.7 17464.8 1 1
1537.76 -2617.15 2694.84 4060.48 1 2
event 19
-5360.12 1379.53 -1453.17 6506.65
-17613 -4880.95 40941.8 44942.9
-3274.77 1672.74 398.777 3700.32 -1 1
-2085.35 -293.215 -1851.94 2806.33 1 1
-13151.8 -3707.19 33588.8 36262 1 2
-4461.27 -1173.76 7352.94 8680.88 -1 2
event 20
-7586.07 -1163.45 10144.9 13092.4
3315.69 -4941.34 -12734.7 14393.6
1095.58 -4121.26 -7128.33 8307.19 -1 2
-3762.14 981.222 4872.07 6234.15 -1 1
-3823.93 -2144.68 5272.84 6858.29 1 1
2220.11 -820.076 -5606.41 6086.41 1 2
event 21
5833.26 728.047 -25502.3 26353.6
-4851.14 -15975.1 -25122.6 30322.8
-2103.8 -2727.13 -4836.45 5938.49 -1 2
1632.31 1447.61 -11901.3 12100.1 1 1
-2747.34 -13247.9 -20286.1 24384.3 1 2
4200.96 -719.567 -13600.9 14253.5 -1 1
event 22
-5384.95 -5520.81 21000.8 22585.4
1992.91 6456.94 -12161 14252.9
76.4243 4229.26 -5253.76 6745.78 -1 2
-1157.86 -3219.2 7277.92 8042.58 -1 1
-4227.09 -2301.61 13722.9 14542.8 1 1
1916.48 2227.68 -6907.26 7507.12 1 2
event 23
3087 11673.8 -10067.5 16023.5
-3861.93 34852.8 -10133.2 36632.1
1049.24 7309.61 -7650.43 10633.5 1 1
2037.76 4364.2 -2417.07 5390 -1 1
-787.438 19439 -6350.58 20465.5 -1 2
-3074.5 15413.9 -3782.65 16166.6 1 2
event 24
-4948.01 9756.43 16266.2 19845.7
6298.83 -4353.15 -28784.2 29945.8
3094.41 -578.307 -8475.88 9042.2 1 2
-1812.88 2025.89 6206.91 6776.99 1 1
-3135.12 7730.54 10059.3 13068.7 -1 1
3204.43 -3774.85 -20308.4 20903.6 -1 2
event 25
-6902.41 6019.32 -22980.3 24931.2
5245.72 131.884 -14228 15477.8
2857.03 1515.5 -9013.5 9576.73 1 2
-2730.69 3314.75 -14254.5 14887.8 1 1
2388.69 -1383.61 -5214.47 5901.02 -1 2
-4171.72 2704.57 -8725.85 10043.4 -1 1
event 26
508.503 -5742.5 -4004.42 7672.08
-8973.62 79.9963 -10626.5 14249.4
531.752 -3587.61 -4146.45 5509.8 1 1
-23.2495 -2154.89 142.035 2162.28 -1 1
-5181.32 -1450.25 -5564.36 7740.97 -1 2
-3792.3 1530.25 -5062.18 6508.46 1 2
event 27
6137.34 2851.1 -1537.57 7599.4
8356.29 -2831.04 -18696.5 20904.3
2726.65 -2435.87 -8409.12 9170.2 1 2
2443.32 401.871 778 2597.65 1 1
5629.64 -395.169 -10287.4 11734.1 -1 2
3694.02 2449.23 -2315.57 5001.76 -1 1
event 28
-11592.9 3709.48 -52494.7 53976.3
-10630.8 -4827.57 10590 16064.2
-2334.63 -1890.94 1325.09 3285.3 1 2
-2251.86 1759.37 -16057.5 16310.1 1 1
-9341.05 1950.11 -36437.2 37666.2 -1 1
-8296.17 -2936.63 9264.92 12778.9 -1 2
event 29
5545.92 -13115.8 35814.3 38665.7
6312.53 2887.5 -8099.64 11107.7
1798.37 -7478.67 16660.8 18350.9 -1 1
3747.55 -5637.15 19153.5 20314.8 1 1
3911.26 125.278 -4632.76 6065.25 -1 2
2401.27 2762.22 -3466.88 5042.46 1 2
event 30
-14447.3 4035.98 19084.4 24470.8
3983.43 1788.79 20856.6 21532.6
-9220.08 1202.92 10469.1 14002.5 -1 1
-5227.27 2833.06 8615.31 10468.3 1 1
1750.87 2457.26 11990 12364.2 -1 2
2232.56 -668.467 8866.66 9168.42 1 2
event 31
3755.4 5682.61 -31334.1 32215.1
-6228.87 -14920.7 3449.64 16820.2
-4019.29 -12726.7 2834.23 13644.3 1 2
2787.17 1657.28 -16372.8 16691.1 -1 1
-2209.59 -2194 615.406 3175.82 -1 2
968.234 4025.32 -14961.3 15523.9 1 1
event 32
1177.9 -8358.9 34266.1 35426.2
3446.23 6468.91 -3405.53 8655.15
-431.747 -4899.18 15016.4 15801.6 1 1
1609.65 -3459.72 19249.7 19624.6 -1 1
2639.33 4529.47 -3850.48 6505.34 -1 2
806.903 1939.44 444.949 2149.81 1 2
event 33
-8281.15 -3333.71 -31793.8 33168.1
-1201.92 -9243.08 -6851.75 11975.7
-5735.66 -734.138 -20681 21474.4 1 1
-2545.49 -2599.57 -11112.8 11693.7 -1 1
-2059.73 -5798.4 -3437.55 7049.24 -1 2
857.807 -3444.68 -3414.2 4926.42 1 2
event 34
6175.93 6860.37 7042.62 12016.5
-5581.58 8277.78 16289 19354.6
-3676.76 2767.19 7765.54 9027.22 -1 2
1645.21 3740.85 1990.11 4546.69 -1 1
-1904.82 5510.6 8523.46 10327.4 1 2
4530.72 3119.52 5052.51 7469.8 1 1
event 35
475.118 15432.8 69272.4 71039.8
-1596.95 5735.9 23176.1 24128.3
653.468 10009.9 51056.2 52032.4 -1 1
-178.35 5422.96 18216.2 19007.4 1 1
-44.947 3893.03 9969.25 10703 -1 2
-1552 1842.87 13206.9 13425.3 1 2
event 36
-4733.69 3603.64 -3683.96 7652.31
-8521.39 3962.25 12141.5 15789.7
-1733.7 3009.17 -2813.52 4470.79 1 1
-2999.98 594.464 -870.44 3181.53 -1 1
-5317.67 894.004 4845.15 7250.07 -1 2
-3203.72 3068.25 7296.36 8539.68 1 2
event 37
-10283.7 3611.18 -6948.07 13291.4
2116.04 -6930.83 -28207.5 29287.6
2479.33 -3780.09 -13349.2 14094.3 1 2
-4746.81 1541.34 -1401.78 5184.99 -1 1
-363.291 -3150.74 -14858.3 15193.4 -1 2
-5536.9 2069.84 -5546.29 8106.42 1 1
event 38
8053.29 8727.38 527.031 12283.8
-83.4449 -10469.9 4122.4 11671
1206.2 -4539.17 2763.61 5450.47 1 2
1557.99 1694.23 -1131.55 2566.97 -1 1
6495.3 7033.16 1658.58 9716.8 1 1
-1289.65 -5930.76 1358.79 6220.49 -1 2
event 39
-5849.38 -4744.25 -1045.47 8210.06
3205.2 -5927.48 4818.36 9067.2
-4575.5 -1998.73 -1330.1 5168.22 -1 1
-1273.88 -2745.52 284.628 3041.84 1 1
1520.46 -1302.3 -227.016 2017.54 -1 2
1684.74 -4625.18 5045.37 7049.65 1 2
event 40
9094.11 -4157.26 -9408.09 14074.4
2785.31 -9748.18 -20851.3 23391.3
-71.0236 -5243.2 -11069.2 12248.9 1 2
3897.19 -3399.33 -5300.72 7406.24 1 1
2856.33 -4504.98 -9782.03 11142.4 -1 2
5196.92 -757.935 -4107.37 6668.14 -1 1
event 41
7488.55 -4755.74 -1124.24 9463.1
-9819.69 -3609.61 11948.1 16180.3
-7056.38 -3784.98 9906.97 12738.8 1 2
1948.39 -2870.29 145.604 3473.78 1 1
-2763.3 175.372 2041.1 3441.49 -1 2
5540.16 -1885.45 -1269.85 5989.32 -1 1
event 42
5390.6 -13368.8 -18048.6 23305.1
4929.9 1015.02 12997.6 14278
2523.49 1944.9 8685.34 9251.86 1 2
2668.53 -3434.06 -4215.99 6058.01 -1 1
2406.41 -929.881 4312.23 5026.13 -1 2
2722.07 -9934.76 -13832.6 17247 1 1
event 43
11496.2 4966.66 -17689.3 21893.6
8480.6 2760.76 21177 23272.2
5073.63 3481.85 12955.5 14343 -1 2
2884.3 2745.08 -6084.86 7272.64 -1 1
8611.87 2221.58 -11604.4 14621 1 1
3406.97 -721.089 8221.45 8929.21 1 2
event 44
5438.42 -1057.99 2919.29 6986.34
-768 -12159.4 61092.5 62372.4
2931.36 -857.979 -96.9432 3057.7 1 1
2507.07 -200.011 3016.23 3928.64 -1 1
-1619.97 -7633.47 33416.4 34315.6 1 2
851.968 -4525.9 27676 28056.8 -1 2
event 45
4910.11 5235.5 14853.4 16785
4795.29 -5390.6 14815.6 16767.4
2741.49 -1914.33 9629.13 10193.7 -1 2
1535.93 1566.12 8087.02 8379.91 -1 1
3374.18 3669.39 6766.41 8405.06 1 1
2053.8 -3476.27 5186.5 6573.7 1 2
event 46
-6226 3660.89 -4891.76 9256.65
-4076.16 -9875.17 -28110.6 30231.3
-3428.28 2130.85 -883.221 4133.38 1 1
-2797.73 1530.04 -4008.54 5123.26 -1 1
-4356.21 -7103.64 -21303.3 22875.4 -1 2
280.047 -2771.53 -6807.26 7355.94 1 2
event 47
-10132.6 644.462 50910 52004.8
-2048.34 -4787.94 8754.06 10646.4
-5121.47 1637.39 30105.1 30581.6 -1 1
-5011.1 -992.933 20804.9 21423.2 1 1
214.178 -3332.32 5331.12 6291.44 -1 2
-2262.52 -1455.62 3422.94 4354.94 1 2
event 48
6061.33 -4856.38 11986.2 14614.5
-5615.44 -6872.31 -9402.14 13294.8
-2467.3 -1895.32 -1545.63 3475.62 1 2
2365.58 -1267.55 6766.29 7279.86 -1 1
-3148.15 -4976.99 -7856.52 9819.23 -1 2
3695.75 -3588.83 5219.89 7334.62 1 1
event 49
-3555.33 -7707.59 24530.5 26141.6
-9720.67 -2145.02 -386.761 10622.3
-7612.38 -2843.65 -1278.08 8226.74 1 2
-1080.25 -3799.11 7301.61 8302.11 1 1
-2108.3 698.629 891.318 2395.54 -1 2
-2475.08 -3908.48 17228.9 17839.5 -1 1
event 50
7778.86 -2956.83 -4529.1 9967.8
3496.56 -5576.09 8303.58 11039
4667.75 -1649.82 -4342.95 6586.51 -1 1
3111.11 -1307.01 -186.153 3381.29 1 1
725.082 -2039 834.676 2321.88 -1 2
2771.48 -3537.08 7468.9 8717.09 1 2
event 51
873.457 -10560.4 45687.6 47002.5
5479.92 -11750.6 35951.8 38343.6
1781.51 -7351.04 34906 35716.3 -1 1
-908.053 -3209.37 10781.6 11286.2 1 1
3208.39 -9816.94 27062.5 28966.5 -1 2
2271.53 -1933.61 8889.34 9377.11 1 2
event 52
7960.99 -7842.69 4454.82 12422.6
4492.42 2838.66 1925.9 6445.13
4008.7 -4195.07 3949.11 7019.61 -1 1
3952.28 -3647.62 505.714 5403.01 1 1
2216.9 2975.47 478.525 3742.76 -1 2
2275.52 -136.815 1447.38 2702.37 1 2
event 53
8401.25 -8987.56 -6381.95 14201.3
13009.7 -4371.23 -28912 32153.6
2451.27 -1838.35 -4614.05 5539.76 1 2
2316.61 -1078.59 -2228.28 3392.12 -1 1
10558.4 -2532.88 -24298 26613.9 -1 2
6084.64 -7908.97 -4153.67 10809.2 1 1
event 54
-10161.8 -6064.22 19138.4 22713.5
12245.6 4768.05 12199.5 18196.3
5062.07 2139.13 7196.68 9055.6 1 2
-5211.18 -1367.54 7824 9500.14 1 1
7183.48 2628.92 5002.79 9140.71 -1 2
-4950.63 -4696.68 11314.4 13213.4 -1 1
event 55
6369.32 5337.27 15601.1 17945.5
1544.66 -6375.81 -3294.71 7967.62
2160.9 -4222.77 -1188.12 4891.22 -1 2
3540.75 999.303 6856.1 7781.57 1 1
2828.57 4337.96 8745.02 10163.9 -1 1
-616.24 -2153.04 -2106.59 3076.4 1 2
event 56
-8267.35 -3676.51 30479.7 31944.8
-3860.42 10013.2 9121.13 14558.6
-1893.09 2745.89 4894.43 5923.71 -1 2
-2892.76 248.954 9532.85 9965.76 1 1
-1967.33 7267.34 4226.7 8634.86 1 2
-5374.58 -3925.46 20946.9 21979 -1 1
event 57
6655.39 2117.96 13041.7 15114.7
16420.5 2298.02 44763.8 47836.2
3666.59 2503.31 6089.54 7536.85 -1 1
2988.8 -385.346 6952.12 7577.9 1 1
9780.53 79.6023 23696.8 25636.2 -1 2
6639.94 2218.42 21067 22200 1 2
event 58
8799.84 -2310.62 26301.6 28002.6
3284.1 8805.02 -42141.8 43287.8
3466.33 5679.19 -31461.2 32157.2 1 2
3558.56 367.684 7689.89 8481.99 -1 1
-182.228 3125.83 -10680.6 11130.6 -1 2
5241.28 -2678.3 18611.7 19520.6 1 1
