event 0
1029.37 7629.55 5947.07 10209.2
9598.73 -4763 27245.2 29440
2360.11 -2160.76 5375 6256.26 -1 2
1600.43 2012.26 1234.99 2854.28 -1 1
7238.62 -2602.24 21870.2 23183.8 1 2
-571.055 5617.29 4712.09 7354.92 1 1
event 1
6990.71 4477.73 19171 21119.6
-7546.24 3126.07 -10002.2 13279.8
2749.3 3590.95 10037.8 11010.1 1 1
4241.41 886.774 9133.26 10109.6 -1 1
-3308.22 1709.63 -6892.06 7834.46 -1 2
-4238.02 1416.44 -3110.15 5445.3 1 2
event 2
-6692.45 -5086.98 -13431.6 16145.2
8843.99 -4533.45 -17542.8 20398.7
-3060.57 -3517.27 -5038.3 6865.41 -1 1
-3631.88 -1569.71 -8393.35 9279.76 1 1
6895.29 -2956.28 -10369.8 12799.5 -1 2
1948.7 -1577.17 -7173.03 7599.23 1 2
event 3
1806.17 -7791.53 -1212.82 8662.09
-7084.77 2612.13 12956.9 15313
2312.95 -4471.31 -1590.86 5280.57 1 1
-506.785 -3320.21 378.036 3381.53 -1 1
-2622.03 918.838 2204.32 3548.17 -1 2
-4462.75 1693.29 10752.6 11764.9 1 2
event 4
-419.603 -8209.9 -22548.6 24199.4
838.353 -8862.1 -4812.48 10582.5
1285.6 -5823.84 -4542.76 7497.85 1 2
-1617.07 -2773.87 -8637.25 9215.35 1 1
-447.247 -3038.26 -269.722 3084.63 -1 2
1197.46 -5436.03 -13911.4 14984 -1 1
event 5
3206.16 -9374.7 -38769.9 40135.5
-4411.01 -2223.97 8112.73 9990.53
-1903.56 -2666.55 4378.77 5469.81 1 2
3032.41 -4154.66 -20194.4 20839.4 -1 1
-2507.46 442.582 3733.97 4520.72 -1 2
173.756 -5220.04 -18575.5 19296.1 1 1
