event 0
13722.2 -4940.97 -24732.9 28879.3
-5464.54 -5131.24 -10459.3 13235.5
-3147.81 -4451.6 -5645.07 7848.78 1 2
6207.18 -3754.18 -13207 15068.5 1 1
-2316.73 -679.645 -4814.18 5386.71 -1 2
7514.97 -1186.79 -11525.8 13810.8 -1 1
event 1
-16495.1 1929.03 -50473.9 53226.1
-2458.46 4664.06 13637.8 14945.9
-1318.73 2765.94 11364.4 11770.7 1 2
-8117.91 1847.74 -21186.9 22764.2 1 1
-1139.73 1898.11 2273.43 3175.13 -1 2
-8377.24 81.2888 -29287 30461.9 -1 1
event 2
-7493.68 3357.41 38532.7 39519.4
258.856 7285.18 -20559.7 22032.5
1650.16 3386.12 -10371.2 11034.6 1 2
-2276.55 6.54579 6397.43 6791.25 1 1
-5217.13 3350.86 32135.2 32728.2 -1 1
-1391.31 3899.06 -10188.5 10997.9 -1 2
event 3
-2754.46 8352.11 -6799.33 11539.8
2169.2 6455.26 6830.04 10130
1236.71 3565.58 5802.54 6922.68 1 2
-349.936 4289.96 -1809.93 4670.46 1 1
932.49 2889.68 1027.5 3207.29 -1 2
-2404.53 4062.15 -4989.4 6869.36 -1 1
event 4
-5074.63 -8637.26 48578.2 49697
3852.33 5489.67 -3147.49 8029.54
-4330.8 -4995.13 34979.5 35598.9 1 1
-743.828 -3642.13 13598.7 14098.1 -1 1
1777.65 2051.98 303.722 2733.88 -1 2
2074.68 3437.69 -3451.21 5295.66 1 2
event 5
-1147.66 -4855.65 2807.59 6509.07
10034.5 -3267.06 6182.71 12774.1
573.097 -3439.47 2417.15 4244.08 -1 1
-1720.76 -1416.18 390.438 2264.99 1 1
4667.27 -3391.67 2675.82 6360.66 -1 2
5367.2 124.607 3506.89 6413.4 1 2
event 6
1070.91 12541.1 21093.3 24757.7
8609.65 3370.52 2943.75 10185.4
3103.98 1733.02 -332.195 3572.05 1 2
474.559 3464.03 3482.26 4935.79 1 1
596.353 9077.04 17611.1 19821.9 -1 1
5505.67 1637.5 3275.95 6613.38 -1 2
event 7
-5461.65 -2074.86 -7309.86 9856.82
5236.43 -8273.26 -25016.6 27042.4
-3286.28 -1358.83 -6528.07 7434.58 -1 1
-2175.37 -716.023 -781.786 2422.24 1 1
3873.97 -3933.24 -16296.1 17206.2 1 2
1362.46 -4340.02 -8720.48 9836.16 -1 2
event 8
3817.15 5915.64 -20510.8 21905.5
7277.99 -2092.89 13126.5 15467.6
2604.97 -2336.18 5535.93 6549.91 1 2
2978.37 1785.53 -9473.91 10090.8 -1 1
4673.03 243.294 7590.6 8917.67 -1 2
838.781 4130.11 -11036.9 11814.7 1 1
event 9
3912.75 -7121.38 -24496.9 25994.5
9201.53 828.871 9073.34 13314.3
7033.41 1064.83 8444.95 11042.2 1 2
167.347 -3428.03 -9832.85 10415.2 -1 1
2168.12 -235.956 628.39 2272.1 -1 2
3745.4 -3693.36 -14664.1 15579.3 1 1
event 10
283.141 9534.16 -8268.61 12997.7
9142.8 -9592.04 67558.3 68915.3
3219.51 -2254.47 14410.5 14937.2 -1 2
-512.637 3031.42 -4463.39 5420.82 -1 1
5923.28 -7337.57 53147.8 53978 1 2
795.778 6502.74 -3805.23 7576.92 1 1
event 11
-11958 1609.42 4573.48 13269.9
7360.24 -6424.08 -6364.39 12063.9
2937.3 -1358.49 -801.103 3335.59 1 2
-1989.56 1174.94 1747.83 2899.12 1 1
-9968.4 434.48 2825.65 10370.8 -1 1
4422.93 -5065.59 -5563.29 8728.34 -1 2
event 12
5296.55 -102.48 -9834.32 11591.7
5471.69 -8609.83 -39589.8 41000.1
3028.29 -730.945 -2860.39 4230.58 -1 1
2268.26 628.465 -6973.92 7361.16 1 1
2627.04 -5586.28 -28431.6 29094.2 1 2
2844.65 -3023.56 -11158.2 11905.9 -1 2
event 13
1807.06 -14123.7 26755.7 30466.4
-3783.11 -4595.4 -17976.8 19188.2
-2660.66 -1776.54 -12730.4 13126.6 1 2
2273.57 -5770.93 11159.8 12768.1 -1 1
-1122.45 -2818.85 -5246.42 6061.51 -1 2
-466.501 -8352.78 15595.9 17698.3 1 1
event 14
7236.92 5531.21 9482.01 13508
-1813.33 -21460.2 -22411.9 31236.4
4390.28 2664.55 7268.04 8900 -1 1
2846.64 2866.66 2213.96 4608.02 1 1
-2665.33 -17790.8 -18506.1 25809 -1 2
851.999 -3669.38 -3905.81 5427.41 1 2
event 15
4244.72 15860.7 -69434.3 71416.4
-5476.86 -2876.28 -1325.82 7043.99
-4415.24 -996.875 -37.0036 4527.76 1 2
2485.72 4004.44 -18650.1 19236.7 -1 1
-1061.61 -1879.4 -1288.81 2516.22 -1 2
1759.01 11856.3 -50784.2 52179.6 1 1
event 16
7551.68 -707.033 6092.86 10209.9
-4604.66 -11886.2 14492.7 19547.7
-887.671 -3647.18 6373.12 7397.14 1 2
1930.4 -679.16 3414.56 3982.22 1 1
-3716.99 -8239.04 8119.53 12150.5 -1 2
5621.28 -27.8736 2678.3 6227.68 -1 1
event 17
5528.22 -5889.72 6402.09 10762.3
-3073.8 -15268.5 1035.17 15913.5
-3664.9 -13036.8 1205.62 13596.1 1 2
3868.31 -1907.73 2824.15 5156.57 1 1
591.103 -2231.72 -170.442 2317.37 -1 2
1659.92 -3982 3577.93 5605.75 -1 1
event 18
9096.78 -2176.48 -5863.92 11465.8
8748.03 -2356.36 -31240.7 32675
6737.74 -2573.48 -20179.3 21429.8 1 2
3512.43 108.015 -842.156 3615.14 1 1
2010.3 217.123 -11061.4 11245.2 -1 2
5584.35 -2284.5 -5021.76 7850.68 -1 1
event 19
-2528.28 -7684.9 26957.7 28315.3
433.631 9534.31 -15356.1 18343.7
1400.38 4011.68 -8352.46 9371.73 1 2
-0.188459 -3105.33 6580.53 7277.2 1 1
-966.751 5522.63 -7003.6 8971.94 -1 2
-2528.09 -4579.57 20377.1 21038.1 -1 1
event 20
13205.2 -3941.62 23435.4 27362.8
5296.41 -5181.12 29927.6 30986.2
2348.35 -4376.29 19050 19687.1 -1 2
4316.65 -247.452 9354.5 10305.9 1 1
8888.55 -3694.17 14080.9 17056.8 -1 1
2948.05 -804.836 10877.6 11299.2 1 2
event 21
17117.8 6811.95 -85458.8 87477
-1409.16 -7210.72 -4561.69 9185.89
9922.55 3138.41 -41747.5 43025.3 1 1
7195.23 3673.54 -43711.3 44451.7 -1 1
-2211.32 -4075.13 -1972.27 5039.61 -1 2
802.155 -3135.59 -2589.42 4146.28 1 2
event 22
1108.65 -13797.7 10797.9 17826.7
9020.35 6461.34 48421.6 49773
5931.24 5900.85 36158.5 37114 -1 2
-564.128 -3746.69 1653.41 4135.32 1 1
1672.78 -10051 9144.53 13691.4 -1 1
3089.11 560.496 12263.1 12659 1 2
event 23
-1563.78 11313.6 1970.94 11996.6
-320.917 -4606.18 -4932.88 7432.6
-262.006 6689.91 2533.56 7159.16 -1 1
-1301.78 4623.69 -562.622 4837.44 1 1
-1617.35 -2568.76 -3451.06 4597.32 -1 2
1296.44 -2037.42 -1481.82 2835.28 1 2
event 24
-1793.43 -7569.34 461.762 8385.42
3021.89 6969.14 10705.1 13486.7
221.132 3862.15 6429.17 7504.03 -1 2
-1382.94 -2568.22 -1114.99 3124.52 -1 1
-410.484 -5001.12 1576.75 5260.89 1 1
2800.76 3106.99 4275.91 5982.66 1 2
event 25
7549.87 317.929 8254.34 11611.5
-7693.85 5123.13 -2075.22 9966.9
-2437.95 3394.29 -481.656 4208.08 -1 2
3424.6 -525.499 1803.59 3907.44 -1 1
-5255.9 1728.84 -1593.56 5758.82 1 2
4125.28 843.428 6450.74 7704.06 1 1
event 26
6570.06 4074.98 26903.2 28162.8
5194.54 -4384.05 -16939.2 18512.9
3412.39 3588.62 13392.4 14279 1 1
3157.67 486.359 13510.8 13883.8 -1 1
2296.95 -826.359 -3191.5 4019.41 -1 2
2897.59 -3557.69 -13747.7 14493.5 1 2
event 27
-6088.3 -6334.14 4584.42 10382.5
12725 2184.34 -6531.67 14797
4895.71 -596.247 -2958.84 5752.33 1 2
-3161.45 -1325.09 2384.52 4177.05 1 1
7829.33 2780.58 -3572.83 9044.68 -1 2
-2926.85 -5009.05 2199.89 6205.46 -1 1
event 28
-10249.1 1172.25 876.807 10806.4
2237.59 -7073.1 -7525.07 11011.5
710.298 -3274.37 -5503.72 6444.23 -1 2
-2460.87 -338.119 1403.24 2854.9 -1 1
-7788.22 1510.37 -526.438 7951.47 1 1
1527.29 -3798.73 -2021.35 4567.27 1 2
event 29
-1408.24 4456.77 1661.2 5847.81
-6433.91 -9421.33 -3277.85 12267.5
-2295.81 2524.68 590.071 3464.7 -1 1
887.572 1932.08 1071.12 2383.11 1 1
-2440.56 -5314.92 -2892.81 6525.66 1 2
-3993.35 -4106.41 -385.039 5741.85 -1 2
event 30
-5241.43 -7800.65 -6249.85 11703.6
13890.1 -2513.97 8927.78 16986.7
5260.51 -2375.46 2911.59 6465.63 -1 2
-704.415 -3550.1 -1707.88 4003.43 1 1
8629.54 -138.505 6016.19 10521.1 1 2
-4537.01 -4250.55 -4541.97 7700.15 -1 1
event 31
4953.74 4021.09 5314.49 8862.48
-4255.73 -7392.8 -25454.3 27023.7
-2543.53 -2431.8 -13795.3 14237.4 1 2
1003.16 2632.32 2818.63 3986.39 1 1
-1712.2 -4961 -11659.1 12786.2 -1 2
3950.59 1388.77 2495.86 4876.09 -1 1
event 32
1808.51 7214.22 -23606.1 24943
-8393.69 -2960.72 22899 24762.4
-3216.84 -1955.77 13141.3 13670.3 -1 2
1962.82 2980.51 -13917 14367.7 1 1
-5176.85 -1004.95 9757.79 11092.1 1 2
-154.305 4233.71 -9689.03 10575.3 -1 1
event 33
1421.39 -5552.05 18812.7 19908.7
-6462.75 6102.03 12904.7 15972.5
-1195.55 2757.94 5671.72 6419.9 1 2
-943.693 -2059.16 7468.15 7804.81 -1 1
-5267.19 3344.09 7232.93 9552.63 -1 2
2365.08 -3492.89 11344.6 12103.9 1 1
event 34
-5213.81 4786.56 5651.94 9572.24
2339.28 9060.86 2685.05 10216.3
1128.97 3071.91 -520.488 3315.61 -1 2
-1950.11 626.801 344.388 2079.8 1 1
1210.31 5988.96 3205.54 6900.66 1 2
-3263.7 4159.75 5307.55 7492.43 -1 1
event 35
6544.24 4223.66 -251.347 8385.75
7486.2 6860.59 3490.82 11175.3
3731.72 2978.44 3233.6 5767.51 1 2
2048.59 962.236 1307.65 2616.05 -1 1
4495.65 3261.42 -1559 5769.7 1 1
3754.48 3882.15 257.219 5407.82 -1 2
event 36
24344.7 -10734 -16321.2 31366.5
1177.9 4410.51 4061.74 6850.42
1999.8 2493.27 1463.92 3517.08 1 2
4225.29 -2954.58 -3982.04 6515.4 -1 1
-821.898 1917.24 2597.82 3333.34 -1 2
20119.4 -7779.46 -12339.2 24851.1 1 1
event 37
-6763.13 -6545.73 -37593.8 38877.7
4810.05 -5888.41 -9451.64 12519.4
-3089.29 -5028.24 -20963.5 21778.6 1 1
-3673.84 -1517.49 -16630.3 17099.1 -1 1
1720.25 -1879.13 -1153.27 2798.5 -1 2
3089.8 -4009.28 -8298.37 9720.86 1 2
event 38
6900 1343.28 -1160.38 7768.63
-6555.07 3124.8 -12813.9 15050.6
3482.99 2100.52 34.4727 4068.88 1 1
3417 -757.232 -1194.85 3699.75 -1 1
-4751.46 609.049 -8062.62 9378.93 -1 2
-1803.61 2515.75 -4751.24 5671.64 1 2
event 39
6034.08 -1773.07 -7700.28 10413.3
-9736.98 -807.102 -7219.21 12536.6
-3770.88 535.759 -1302.04 4026.54 1 2
2466.6 148.657 -4893.11 5482.69 -1 1
-5966.1 -1342.86 -5917.16 8510.09 -1 2
3567.48 -1921.73 -2807.17 4930.65 1 1
event 40
-5819.67 7783.18 -8680.45 13393.4
-5546.77 4335.42 -15956.6 17713.4
-3133.2 5915.99 -4428.19 8027.2 1 1
-2686.48 1867.19 -4252.26 5366.23 -1 1
-1875.38 1750.54 -9551.07 9890.18 -1 2
-3671.39 2584.88 -6405.53 7823.21 1 2
event 41
6821.78 -1540.67 -12759.8 14876.6
-5297.16 4106.55 7710.17 10675.3
-3148.05 542.939 3781.07 4951.03 -1 2
2092.2 -1273.13 -2165.07 3270.6 1 1
4729.59 -267.536 -10594.7 11606 -1 1
-2149.12 3563.61 3929.09 5724.24 1 2
event 42
-7916.89 -6759.3 14681.9 18262.4
4274.29 2066.51 -26321.5 26924.9
-5495.49 -3024.7 9971.07 11780.6 -1 1
-2421.4 -3734.6 4710.86 6481.8 1 1
3335.2 6.13957 -17609.9 17923.2 -1 2
939.086 2060.38 -8711.63 9001.71 1 2
event 43
-510.019 8150.63 -43861.8 44722.9
-5631.99 -3005.38 -3560.06 7938.13
-2895.75 -3209.66 -2499.15 4994.42 -1 2
-1684.51 3149.81 -16432 16816.1 1 1
1174.49 5000.83 -27429.8 27906.8 -1 1
-2736.24 204.281 -1060.91 2943.71 1 2
event 44
4437.96 5150.92 28385 29351.8
-11886 -7120.28 61069.6 62698.2
3347.52 1735 12007.5 12586 1 1
1090.45 3415.92 16377.6 16765.8 -1 1
-5994.36 -4786.12 38426.2 39184.4 1 2
-5891.64 -2334.17 22643.5 23513.8 -1 2
event 45
-9371.98 5208.36 23126.3 25678.4
-5113.28 -5591.46 -6382.34 10379.6
-4367.76 -2593.26 -4253.79 6626.33 1 2
-3843.92 3721.41 9610.91 11000.2 -1 1
-745.521 -2998.2 -2128.55 3753.25 -1 2
-5528.06 1486.95 13515.4 14678.1 1 1
event 46
-7299.72 -6841.18 -40837.7 42159.2
6263.3 -2116.74 -223.37 7304.13
-3293.34 -4566.31 -26771.9 27357.7 -1 1
-4006.38 -2274.87 -14065.8 14801.5 1 1
4266.82 -1022.7 1282.54 4572.5 -1 2
1996.48 -1094.04 -1505.91 2731.63 1 2
event 47
5558.13 -1587.28 18432.2 19564
2080.62 8452.25 -490.042 9252.02
3332.51 -467.511 14662.8 15044.4 -1 1
2225.62 -1119.77 3769.38 4519.59 1 1
-346.016 4974.72 -57.2197 4988.18 1 2
2426.63 3477.54 -432.823 4263.84 -1 2
event 48
4175.83 -7999.07 27463.6 29073.4
-5462.14 4977.88 7865.2 11227.9
-1679.61 2950.55 5078.94 6110.12 1 2
92.8504 -3118.6 7634.65 8248.23 -1 1
4082.98 -4880.47 19829 20825.2 1 1
-3782.53 2027.33 2786.26 5117.82 -1 2
event 49
6097.43 -927.615 -22606.6 23636.6
6993.02 5338.51 4625.47 10411
1941.45 2436.16 3081.31 4382.9 1 2
2171.89 1011.52 -5983.4 6446.12 -1 1
5051.56 2902.34 1544.16 6028.06 -1 2
3925.55 -1939.13 -16623.2 17190.5 1 1
event 50
8429.32 2880.82 32643.3 33978.3
8702.66 811.032 38328.8 39434.5
3368.74 -1190.52 14641.8 15071.8 1 2
2727.23 319.955 5819.51 6435.68 -1 1
5702.09 2560.87 26823.8 27542.6 1 1
5333.92 2001.55 23687 24362.8 -1 2
event 51
6449.18 -6411.3 -5410.73 11025.6
-5526.36 2135.73 -1935.03 6959.7
4216.23 -3170.7 -4613.24 7008.78 -1 1
2232.95 -3240.6 -797.492 4016.8 1 1
-2264.27 -471.344 -1502.75 2760.16 -1 2
-3262.09 2607.08 -432.281 4199.54 1 2
event 52
-1925.7 9843.59 30701.7 32446.7
-4347.88 -1105.57 -5292.99 7598.24
-2434.28 5536.89 20140.3 21029.1 -1 1
508.578 4306.71 10561.5 11417.6 1 1
-2130.79 -2121.08 -3026.85 4267.58 -1 2
-2217.08 1015.51 -2266.14 3330.66 1 2
event 53
-561.903 5233.16 -2386.47 6556.56
-3667.19 -10450.1 2422.15 11752.1
-170.236 3252.74 -3014.88 4439.59 -1 1
-391.667 1980.42 628.409 2116.96 1 1
-3737.44 -6150.05 1564.93 7365.58 -1 2
70.2536 -4300.1 857.213 4386.54 1 2
event 54
-18014.2 2662.5 -46814.1 50366
-4897.41 9265.18 32161.3 33967.2
-14076.4 1179.93 -39176.4 41645.4 1 1
-3937.73 1482.57 -7637.63 8720.57 -1 1
-2128.09 2009.46 5989.86 6667.55 -1 2
-2769.32 7255.72 26171.4 27299.6 1 2
event 55
-5117.15 16006.2 29176.2 33811.6
-21563.4 -8147.18 -80016.6 83328.3
-5528.5 -808.232 -21276.3 21998 1 2
-258.614 5441.77 8783.06 10336 -1 1
-16034.9 -7338.95 -58740.3 61330.3 -1 2
-4858.54 10564.4 20393.1 23475.6 1 1
event 56
10405.7 871.486 -9874.01 14701.2
-9994.54 3129.15 -2347.06 11170.6
-4233.76 1665.94 501.84 4578.55 -1 2
2411.31 -1087.8 -2104.83 3382.19 -1 1
7994.37 1959.29 -7769.18 11319 1 1
-5760.77 1463.21 -2848.9 6592.03 1 2
event 57
-1688.31 4674.86 28515.7 29110.8
-32815.6 -5096.46 18924.5 38348
441.668 3160.45 17497.8 17786.8 1 1
-2129.98 1514.41 11017.9 11324.1 -1 1
-22982.7 -2144.31 13346 26663.3 -1 2
-9832.89 -2952.14 5578.44 11684.6 1 2
event 58
7551.17 -5479.81 16962.1 19604.9
-6891.32 7753.43 16355.6 19613.8
-2294.68 4661.04 9169.26 10539.3 -1 2
2247.56 -1489 8064.35 8503.74 1 1
5303.6 -3990.81 8897.73 11101.1 -1 1
-4596.65 3092.39 7186.33 9074.5 1 2
event 59
8989.63 -7729.32 -42325.2 44063.2
2713.2 7455.26 -10054.2 13176.5
2732.4 3225.67 -5786.65 7167.11 -1 2
1679.98 -2007.4 -14371.6 14608.5 1 1
7309.64 -5721.92 -27953.5 29454.7 -1 1
-19.1964 4229.59 -4267.58 6009.43 1 2
event 60
4526.82 -6501.53 5119.1 9927.66
7785.64 -2403.95 -32935.1 34069.2
6492.73 -640.526 -25025.5 25862.2 1 2
323.027 -3019.47 2036.54 3657.9 1 1
1292.91 -1763.42 -7909.63 8206.99 -1 2
4203.8 -3482.06 3082.56 6269.76 -1 1
event 61
-6240.54 -2487.54 -25807.8 26847.1
650.726 10742.6 -28752.7 30856.7
-3755.35 -3055.91 -17272.4 17938.5 1 1
-2485.18 568.369 -8535.39 8908.61 -1 1
690.764 5388.95 -18610.9 19388 1 2
-40.0373 5353.68 -10141.8 11468.7 -1 2
