event 0
11820.6 16988.3 -93611.4 95921.9
6795.74 704.227 -5528.99 9318.65
6405.95 10842.3 -62021.9 63287.6 -1 1
5414.69 6145.99 -31589.5 32634.4 1 1
4059.62 651.462 -1362.6 4332.75 -1 2
2736.13 52.7646 -4166.39 4985.9 1 2
event 1
-7606.85 -1168.12 9385.51 12526.3
-3548.69 7116.41 44398.3 45211
-3029.47 2709.07 23103 23458 1 2
-3067.53 -1993.94 4591.59 5871.92 1 1
-4539.32 825.813 4793.91 6654.33 -1 1
-519.22 4407.34 21295.3 21753.1 -1 2
event 2
8719.31 -903.798 -3909.88 10085.7
8355.34 3139.9 -53068.6 53903
4509.87 -1120.54 -523.054 4677.53 1 1
4209.44 216.745 -3386.82 5408.15 -1 1
5572.33 502.138 -33011.3 33482.3 -1 2
2783.01 2637.76 -20057.3 20420.8 1 2
event 3
-4241.11 7883.1 35821.7 37052.9
5017.54 -5895.53 5434.77 9952.88
2057.17 -2961.54 755.741 3685.78 -1 2
-2403.6 2625.13 19057.2 19387 -1 1
-1837.51 5257.97 16764.5 17665.9 1 1
2960.37 -2933.99 4679.02 6267.1 1 2
event 4
2551.88 9729.05 -43110 44376
2529.26 -7733.47 44161.3 45011.3
124.668 -5186.32 25143.6 25673.4 -1 2
1936.53 3930.01 -23959.4 24356.9 -1 1
615.347 5799.04 -19150.6 20019.1 1 1
2404.59 -2547.14 19017.7 19337.9 1 2
event 5
1749.75 -9389.95 7230.76 12373.7
4370.36 -4848.9 -5438.07 9042.94
1925.49 -3589.54 -4644.6 6178.66 -1 2
1557.39 -2587.12 3456.05 4590.65 -1 1
192.354 -6802.83 3774.71 7783 1 1
2444.87 -1259.35 -793.467 2864.28 1 2
