event 0
-10126 -4671.05 -12636.2 17135.3
6500.95 5762.09 13682.3 16500.3
3421.05 4468.36 6636.44 8701.92 -1 2
-5052.77 -1214.72 -7530.35 9150.05 -1 1
-5073.21 -3456.33 -5105.88 7985.29 1 1
3079.9 1293.73 7045.85 7798.38 1 2
event 1
2601.09 5959.47 14705.2 16374.2
6838.94 4027.13 14320.8 16663.3
3442.85 1820.95 4037.82 5611.08 1 2
-379.387 2687.39 6634.38 7168.84 -1 1
2980.48 3272.08 8070.79 9205.36 1 1
3396.09 2206.17 10283 11052.2 -1 2
event 2
-9661.77 6551.47 21396.2 24569.5
-9030.52 -1039.07 24387.6 26210.2
-3595.7 1011.23 8187.41 8999.8 -1 2
-2025.89 27.6942 3343.56 3910.95 -1 1
-7635.89 6523.77 18052.6 20658.5 1 1
-5434.83 -2050.3 16200.1 17210.4 1 2
event 3
318.42 -12185.5 -23765.6 26888.3
-3692.12 -3787.46 32960.5 33525.5
-3631 -1661.19 22141 22498.4 1 2
-1353.42 -4854.5 -10212.9 11389.2 -1 1
-61.1221 -2126.27 10819.5 11027.1 -1 2
1671.84 -7331 -13552.7 15499.2 1 1
event 4
-3377.56 4215.4 -860.369 6285.52
7270.41 -2802.92 -48905.4 49619
-896.667 3033.79 521.402 3207.95 1 1
-2480.89 1181.61 -1381.77 3077.58 -1 1
3208.65 -2891.53 -25039 25409 1 2
4061.76 88.6088 -23866.4 24210 -1 2
event 5
-18587.1 12063.3 40226.5 46030
-3613.58 3146.59 22268.1 22987.4
-1492.21 3199.99 12410.2 12903.1 1 2
-5735.05 5477.46 14036 16121.9 -1 1
-2121.37 -53.4039 9857.95 10084.3 -1 2
-12852.1 6585.79 26190.4 29908.2 1 1
event 6
2500.84 -6987.93 20318.9 21852.6
9113.9 -1803.95 5753.5 11358.3
4107.3 497.345 3438.41 5380.63 -1 2
-429.886 -2093.51 7916.94 8201.02 -1 1
2930.73 -4894.43 12402 13651.6 1 1
5006.6 -2301.3 2315.09 5977.69 1 2
event 7
353.092 -5498.97 -17480.2 18587.9
11720 -538.241 -17841.3 21576.6
-490.477 -3068.72 -5354.24 6191.66 -1 1
843.568 -2430.25 -12125.9 12396.3 1 1
7514.9 -1359.1 -9417.26 12125 1 2
4205.07 820.863 -8424.05 9451.57 -1 2
event 8
-1913.74 6872.62 1664.44 7953.39
-13993.6 2306.62 -542.682 14526.8
-422.888 5319.69 2132.63 5747.8 1 1
-1490.85 1552.93 -468.189 2205.59 -1 1
-7850.37 915.782 -1791.03 8104.68 -1 2
-6143.25 1390.83 1248.35 6422.11 1 2
event 9
-10171.6 7932.12 20925.3 24775.8
5498.92 2464.65 -2189.51 7120.16
-5638.21 5431.44 10133.2 12805.6 1 1
-4533.41 2500.67 10792.1 11970.2 -1 1
3471.86 378.021 -2340.09 4205.22 -1 2
2027.07 2086.63 150.571 2914.94 1 2
event 10
8279.29 -2107.53 -3682.99 9805.29
-2864.68 5017.53 13945.5 15409.4
5174.41 -12.6115 -3043.6 6004.11 1 1
3104.89 -2094.92 -639.39 3801.19 -1 1
-1956.38 625.361 3952.88 4455.88 -1 2
-908.299 4392.17 9992.59 10953.5 1 2
event 11
1390.86 5509.81 6915.42 9471.35
14041.3 -8226.65 -7412.65 18148.7
2193.33 2584.35 3089.21 4587.37 1 1
-802.471 2925.46 3826.21 4883.99 -1 1
11204.7 -5307.12 -6399.03 13952.4 -1 2
2836.58 -2919.53 -1013.61 4196.24 1 2
event 12
9420.23 -1999.99 -4297.7 10991
-1310.93 10664.8 2541.84 11467.7
-60.7758 4040.89 2446.51 4725.37 1 2
3720.97 137.609 -363.864 3742.74 -1 1
-1250.16 6623.9 95.3273 6742.35 -1 2
5699.26 -2137.6 -3933.84 7248.25 1 1
event 13
2981.19 -11211 -12968.2 17673.1
-4703.45 -4279.42 -20561.4 21743.9
-4076.85 -1717.96 -12356.4 13124.9 1 2
1412.09 -4284.32 -2944.78 5388.16 -1 1
-626.594 -2561.46 -8205.02 8619 -1 2
1569.11 -6926.64 -10023.4 12285 1 1
event 14
-2647.77 -12158.6 -52866.6 54399.6
-4503.94 -4558.08 -774.637 7159.09
-3725 -2698.68 706.922 4655.04 -1 2
-322.391 -3597.36 -21534.7 21835.8 -1 1
-2325.38 -8561.28 -31331.9 32563.8 1 1
-778.932 -1859.4 -1481.56 2504.05 1 2
event 15
6200.53 -2716.79 -4891.18 8907.42
-7207.96 2019.92 -9362.99 12541.5
-3121.38 1475.79 -1724.53 3860.84 -1 2
2470.38 270.118 -791.443 2610.23 1 1
3730.15 -2986.91 -4099.74 6297.19 -1 1
-4086.58 544.131 -7638.46 8680.64 1 2
event 16
-2575.81 -9006.09 -6309.49 11710.9
9675.36 7849.6 2521.02 13083.4
4813.3 2692.48 2341.62 5992.63 1 2
569.973 -3248.37 -1949.53 3832.57 1 1
4862.07 5157.12 179.394 7090.77 -1 2
-3145.79 -5757.72 -4359.95 7878.3 -1 1
event 17
-1723.86 -6961.48 -27297.3 28393.1
4555.79 4052.59 -27633 28466.7
423.696 -4381.01 -17053.8 17612.9 1 1
-2147.56 -2580.46 -10243.6 10780.2 -1 1
2434.41 575.658 -6976.09 7411.79 -1 2
2121.39 3476.93 -20656.9 21054.9 1 2
event 18
-7328.68 -3117.93 12181.6 14880
5386.66 1176.1 -23895.6 24718.2
-3353.11 -2500.99 4133.88 5882.04 -1 1
-3975.57 -616.938 8047.73 8997.94 1 1
3120.92 2088.6 -12014.2 12587.9 -1 2
2265.74 -912.505 -11881.4 12130.3 1 2
event 19
-8107.63 -10224.6 5541.19 14511.1
-872.585 -14368 -4569.66 15416.8
-4039.63 -6079.52 1548.55 7462.46 -1 1
-4068 -4145.09 3992.64 7048.6 1 1
-1521.37 -8656.46 -3942.48 9633.44 -1 2
648.785 -5711.52 -627.183 5783.33 1 2
event 20
5247.36 236.105 3085.01 6833.65
4876.77 8205.2 40850.7 42065.2
3684.12 -1217.78 1453.98 4144.98 -1 1
1563.24 1453.88 1631.03 2688.67 1 1
3804.89 3535.74 23287.6 23860.1 1 2
1071.87 4669.46 17563.1 18205.1 -1 2
event 21
3202.39 -7514.29 35069 36140.6
13780.9 887.116 31797.5 34804.8
3554.35 -376.539 11470.3 12014.7 1 2
-186.144 -2287.78 13330.2 13526.8 -1 1
10226.6 1263.65 20327.3 22790.1 -1 2
3388.54 -5226.5 21738.8 22613.8 1 1
event 22
10390.3 -4203 18115 21526
-4815.02 -8081.67 -13706.2 16909.9
-3467.82 -2928.67 -7032.27 8370.6 -1 2
2820.95 -2707.18 6185.29 7318.16 1 1
7569.34 -1495.82 11929.7 14207.8 -1 1
-1347.2 -5153 -6673.91 8539.35 1 2
event 23
-14715 4017.84 -49325.5 51723
-2243.59 -5568.08 -16893.2 18193.7
-7366.24 2494.57 -20192.8 21639 1 1
-7348.71 1523.27 -29132.8 30084.1 -1 1
-2894.47 -3494.07 -12310.1 13120 -1 2
650.881 -2074 -4583.16 5073.62 1 2
event 24
-3503.36 7030.26 -17949 19835.7
-5578.02 -7595.88 1556.23 10041.1
-1420.61 -4279.28 41.4956 4510.35 -1 2
-1472.3 2362.03 -10121.1 10497.4 -1 1
-4157.41 -3316.6 1514.74 5530.77 1 2
-2031.06 4668.24 -7827.91 9338.36 1 1
event 25
-8070.24 -8668.03 40634.2 42438.1
-2076.28 5218.74 -192.851 6416.66
-3571.23 -5899.3 20885.9 21995.2 1 1
-4499.01 -2768.73 19748.3 20442.9 -1 1
-2753.34 2995.67 104.235 4071.48 -1 2
677.065 2223.07 -297.086 2345.18 1 2
event 26
-2954.02 -5663.25 17986.7 19439.9
-4909.8 -8830.04 21781 24209
-874.932 -2884.7 3843.91 4886.08 1 2
513.67 -2714.25 7998.8 8463.03 -1 1
-4034.86 -5945.34 17937 19322.9 -1 2
-3467.69 -2948.99 9987.94 10976.9 1 1
event 27
7021.95 -2203.75 2581.31 8391.58
10574.8 11196.8 -10362.2 18819.1
3163.58 -2502.23 730.279 4100.47 -1 1
3858.37 298.474 1851.03 4291.11 1 1
8579.31 7909.59 -9004.49 14739.7 -1 2
1995.46 3287.19 -1357.69 4079.45 1 2
event 28
-7172.6 -8150.94 4752.34 12249.9
-5144.74 -3713.04 -18479.9 19782.6
-4046.1 -1160.54 -12441.2 13134.4 1 2
-4012.7 -2527.32 2805.85 5511.18 1 1
-1098.65 -2552.5 -6038.64 6648.21 -1 2
-3159.9 -5623.62 1946.48 6738.7 -1 1
event 29
-2105.12 6482.58 -110.711 7487.21
-10592.3 -7411.77 -15711 20580.5
-629.768 4319.7 -1374.8 4577.95 1 1
-1475.35 2162.88 1264.09 2909.26 -1 1
-6406.11 -2702.76 -7459.45 10197.9 1 2
-4186.16 -4709.01 -8251.51 10382.5 -1 2
event 30
-11443 756.945 35761 37682.3
4951.25 -3699.48 14660.5 16208.6
-7046.25 -925.94 19587.5 20837.2 -1 1
-4396.72 1682.88 16173.5 16845.1 1 1
3316.8 -2241.84 5587.61 6874.55 -1 2
1634.46 -1457.64 9072.91 9334.08 1 2
event 31
6858.89 -4409.41 11266 14247.9
-6866.4 -1767.85 15350.8 17190.4
-4143.75 -2522.25 8657.18 9924.23 1 2
2391.1 -2854.05 3269.49 4956.18 -1 1
-2722.66 754.406 6693.6 7266.18 -1 2
4467.78 -1555.36 7996.53 9291.71 1 1
event 32
5471.48 2521.92 -12097.9 13865.3
8522.11 -2416.81 -47455.5 48374.4
4210.93 487.639 -9003.13 9951.75 -1 1
1260.55 2034.28 -3094.8 3913.6 1 1
4214.29 -2663.22 -22236.2 22788.4 1 2
4307.82 246.413 -25219.3 25586 -1 2
event 33
7403.04 -3921.17 18245.8 20314.6
3585.15 -4696.8 -17809.5 19018
1302.46 -3880.26 -13023.3 13651.8 1 2
4357.17 -559.876 8993.67 10009.8 1 1
2282.68 -816.543 -4786.2 5366.21 -1 2
3045.87 -3361.29 9252.11 10304.8 -1 1
event 34
6231.68 -18002.8 7450.58 20689
-7051.24 -3036.85 16950.2 18863.8
-3345.94 -2433.58 11686.2 12397.4 1 2
927.717 -6164.08 1477.81 6407.15 1 1
-3705.3 -603.272 5263.97 6466.36 -1 2
5303.97 -11838.7 5972.77 14281.9 -1 1
event 35
-7277.11 -6286.36 43099 44267.3
-4379.69 -2340.23 16509.5 17516
-3194.44 -4499.15 27248.6 27801.9 -1 1
-4082.66 -1787.2 15850.4 16465.4 1 1
-2311.37 -2203.79 13412.8 13788.2 -1 2
-2068.32 -136.441 3096.65 3727.86 1 2
event 36
3994.79 7923.39 -5350.18 10814.6
13865.8 5729.56 57182.7 59199.1
4431.89 346.874 15629.9 16250.2 1 2
2132.76 1261.83 -1367.8 2832.48 -1 1
9433.94 5382.69 41552.7 42949 -1 2
1862.03 6661.56 -3982.37 7982.11 1 1
event 37
2610.14 5701.37 5604.94 8962.46
-12836.9 -8802.55 34040.3 37558
-2470.29 -2073.64 4509.96 5545.56 1 2
-465.375 2492.45 1810.24 3117.21 1 1
-10366.6 -6728.9 29530.3 32012.5 -1 2
3075.52 3208.92 3794.7 5845.25 -1 1
event 38
1168.07 -7535.34 -30874.7 31952.8
4870.71 -11187.8 -56901.9 58277.8
2090.26 -4288.91 -20237.9 20792.9 -1 1
-922.198 -3246.42 -10636.8 11159.9 1 1
1286.5 -6267.9 -25456.2 26248.3 -1 2
3584.22 -4919.94 -31445.6 32029.5 1 2
event 39
-4084.91 -5512.92 -30375.3 31294.2
6931.19 2837.63 -6381.08 10315.1
2846.85 1129.85 -4631.67 5553.8 -1 2
-1031.78 -1949.75 -4694.17 5187.72 1 1
-3053.12 -3563.17 -25681.2 26106.5 -1 1
4084.34 1707.78 -1749.41 4761.29 1 2
event 40
7880.36 9079.26 -39146.7 41068.1
3376.88 -6075.38 21759.7 23051.9
3475.08 -4060.76 12878.6 13944 -1 2
4178.2 2896.75 -19095.7 19761.2 1 1
3702.16 6182.51 -20051 21306.9 -1 1
-98.2061 -2014.61 8881.07 9107.84 1 2
event 41
-4438.04 -17113.9 -7636.62 19506.2
-5291.85 532.242 17401.9 18458.2
-2861.05 1632.83 11811.1 12262.4 1 2
-737.091 -4756.96 -3524.28 5966.88 -1 1
-2430.8 -1100.59 5590.77 6195.8 -1 2
-3700.95 -12356.9 -4112.33 13539.3 1 1
event 42
-1488.09 8284.12 -8970.1 12684.4
-11030 -9527.84 22634.1 27098.6
431.126 5095.84 -4106.79 6559.75 1 1
-1919.22 3188.28 -4863.31 6124.66 -1 1
-9279.87 -7029.32 19586.6 22785.3 -1 2
-1750.14 -2498.51 3047.55 4313.27 1 2
event 43
6598.59 -4228.55 -2922.08 8919.18
-5072.79 8528.36 -2923.21 10798.3
-2161.49 2560.94 -2427.24 4139.22 1 2
2138.25 183.879 -853.31 2311.97 -1 1
-2911.29 5967.42 -495.971 6659.05 -1 2
4460.34 -4412.43 -2068.77 6607.2 1 1
event 44
1564.06 7567.39 13585.3 15933.1
6313.38 -3.87931 -38347.4 39038
68.4662 4843.57 10444.4 11513.5 1 1
1495.6 2723.83 3140.92 4419.57 -1 1
2272.08 1783.04 -15396.4 15665.3 -1 2
4041.3 -1786.92 -22950.9 23372.7 1 2
event 45
-50.1898 14126 5459.27 15457.7
-3925.71 -5217.64 -17083.6 18549.3
678.078 9412.52 4958.76 10660.9 -1 1
-728.268 4713.51 500.506 4796.79 1 1
-1949.81 -3277.5 -5889.24 7016.98 -1 2
-1975.9 -1940.14 -11194.4 11532.3 1 2
event 46
-1439.26 -9769.04 -27167 29071.4
4750.38 -7796.23 18286 20671.6
2668.6 -3341.7 11659 12419 1 2
860.845 -3746.39 -8731.32 9540.63 -1 1
-2300.1 -6022.65 -18435.7 19530.7 1 1
2081.78 -4454.53 6627.02 8252.59 -1 2
event 47
-5900.19 7367.97 -22305.8 24418
3660.54 -2289.35 -22052.2 22771.2
3215.22 -61.4011 -9956.59 10463.6 1 2
-1325.62 4043.58 -8786.39 9763.17 -1 1
445.317 -2227.95 -12095.7 12307.6 -1 2
-4574.57 3324.39 -13519.4 14654.9 1 1
event 48
8154.48 -4459.86 24904 26761.6
-1842.12 6515.09 -4527.36 8713.64
-2614.26 4179.17 -2523.61 5538.92 -1 2
3294.16 -748.722 12239.8 12697.9 1 1
4860.32 -3711.14 12664.1 14063.7 -1 1
772.138 2335.92 -2003.75 3174.72 1 2
event 49
-7294.98 1843.24 15286.7 17317.3
-5899.43 2090.72 -15364.7 16877.2
-3262.29 2741.02 -9613.43 10515.9 -1 2
-3265.56 55.2783 3791.5 5005.35 1 1
-4029.42 1787.97 11495.2 12311.9 -1 1
-2637.13 -650.3 -5751.3 6361.29 1 2
event 50
1050.7 -8928.04 -34391 35681.1
-9261.14 5552.43 9990.6 15033.3
30.6235 -4577.96 -22863.6 23317.7 1 1
1020.08 -4350.08 -11527.3 12363.4 -1 1
-5341.22 1846.86 3747.3 6781.81 1 2
-3919.92 3705.58 6243.3 8251.49 -1 2
