event 0
6741.18 -190.809 -598.07 7445.07
-4237.24 9808.16 26093.8 28366
-967.027 3570.52 12764.2 13289.8 -1 2
2099.52 -1280.55 -1004.89 2658.71 -1 1
-3270.21 6237.64 13329.6 15076.2 1 2
4641.66 1089.74 406.818 4786.36 1 1
event 1
5373.28 -2729.34 -13843.7 15413
-8297.17 4676.91 14230.2 17401.3
3644.95 -176.255 -6660.47 7595.38 -1 1
1728.33 -2553.08 -7183.18 7817.59 1 1
-4094.88 4033.68 8630.27 10369.7 -1 2
-4202.29 643.225 5599.91 7031.58 1 2
event 2
-2944.63 -5741.5 2771.6 7675.18
-7615.37 -331.663 -15539.6 17583.4
-3738.11 -1685.64 -7191.04 8278.71 1 2
30.0243 -2814.62 1935.88 3417.86 -1 1
-2974.65 -2926.88 835.721 4257.32 1 1
-3877.25 1353.98 -8348.59 9304.65 -1 2
event 3
-7646.17 -8086.64 -48029.3 49399
1227.33 5254.02 -11354.1 12946.7
-2922.66 -4904.92 -27948.7 28526.2 -1 1
-4723.51 -3181.72 -20080.5 20872.8 1 1
-2.76994 3612.61 -4391.22 5687.26 -1 2
1230.1 1641.41 -6962.87 7259.49 1 2
event 4
-12741.7 10048.8 -4482.64 17117.7
1583.48 5564.57 -25608.3 26435.7
-6850.38 7205.62 -3247.68 10459.8 -1 1
-5891.28 2843.2 -1234.97 6657.87 1 1
1566.58 3217.14 -20534.3 20844 -1 2
16.9026 2347.43 -5074.06 5591.77 1 2
