event 0
8552.87 2177.85 32094.3 33429.5
-8011.29 -1213.02 -12678.5 15361.9
4622.91 2742.2 19028 19772.9 1 1
3929.96 -564.348 13066.4 13656.7 -1 1
-3274.18 619.243 -3272.46 4671.6 -1 2
-4737.11 -1832.26 -9406 10690.3 1 2
event 1
-4981.54 -184.029 18870.5 19762
2105.32 -8523.68 -48119.2 49011.6
-2963.87 1398.2 9698.37 10237.6 -1 1
-2017.66 -1582.23 9172.18 9524.41 1 1
2506.41 -3917.52 -26200 26609.8 1 2
-401.086 -4606.16 -21919.2 22401.8 -1 2
event 2
4894.63 910.259 -12486.9 13794.9
-4329.77 7992.95 -3620.21 10263.1
3108.19 -169.092 -4084.47 5136.49 -1 1
1786.44 1079.35 -8402.39 8658.39 1 1
-1599.32 4928.17 -710.728 5230.77 -1 2
-2730.46 3064.78 -2909.48 5032.35 1 2
event 3
6293.75 -1848.51 14333.4 16064.4
-9293.26 5733.63 -37822.9 39489.3
3068.33 -2292.31 6023.51 7138.85 -1 1
3225.43 443.805 8309.86 8925.54 1 1
-5816.89 2205.45 -17566.1 18635.4 1 2
-3476.37 3528.18 -20256.8 20853.9 -1 2
event 4
8652.38 15953 604.988 18420.6
-8891.66 5594.23 -29049.6 31045.6
5107.5 8708.19 1833.93 10261.3 1 1
3544.88 7244.81 -1228.94 8159.34 -1 1
-6177.89 2260.98 -19278.7 20370.5 -1 2
-2713.77 3333.25 -9770.89 10675 1 2
event 5
-845.869 -5603.9 -19979.5 20997.4
7014.38 3694.16 -34854.7 35878.8
1027.52 -3367.58 -10169.2 10761.9 -1 1
-1873.39 -2236.33 -9810.37 10235.5 1 1
4054.22 892.322 -13002.9 13649.9 -1 2
2960.16 2801.83 -21851.8 22229 1 2
event 6
-6514.03 -3251.64 2428.64 8276.19
-12025.4 2197.87 -35965.2 38112.1
-4163.35 -3441.92 936.644 5483.5 1 1
-2350.67 190.281 1492 2792.69 -1 1
-6342.81 2653.46 -21018.4 22114.6 -1 2
-5682.57 -455.588 -14946.9 15997.5 1 2
event 7
-1212.72 12439.4 18484.4 22527.2
4953.29 -3807.8 -27204.8 28084.3
791.396 7224.84 9825.13 12221.7 -1 1
-2004.12 5214.59 8659.31 10305.5 1 1
1974.25 -2914.79 -18683.3 19012.4 -1 2
2979.05 -893.003 -8521.49 9071.89 1 2
event 8
-2498.48 8602.16 29656.2 31133.9
-2182.4 3972.33 4097.8 6850.14
-1933.71 4635.65 11650.5 12687.5 1 1
-564.773 3966.51 18005.7 18446.4 -1 1
-2733.04 1965.16 2136.59 3988.43 -1 2
550.635 2007.16 1961.21 2861.71 1 2
event 9
-6382.28 599.909 -25840.3 26803.1
14078.9 -6053.88 -9283.15 18183.3
-3948.23 -648.137 -19341.9 19751.7 1 1
-2434.04 1248.05 -6498.42 7051.44 -1 1
10584.1 -3044.97 -6269.35 12673.2 1 2
3494.83 -3008.9 -3013.8 5510.13 -1 2
event 10
-1811.41 4214.15 2462.06 6057.48
-7528.37 6703.92 -8796.08 13732.5
-2542.43 2188.24 1232.94 3575.42 1 1
731.016 2025.91 1229.12 2482.06 -1 1
-4711.34 2709.69 -6017.17 8109.05 -1 2
-2817.03 3994.23 -2778.91 5623.44 1 2
event 11
6961.78 263.241 17651 19227.2
-1105.02 -6529.23 -3974.24 8320.91
-1980.04 -2616.2 -2069.1 3880.39 -1 2
2888.51 -1352.83 6376.56 7130.59 1 1
4073.27 1616.07 11274.5 12096.6 -1 1
875.021 -3913.04 -1905.14 4440.52 1 2
event 12
8196.91 1245.12 -28275.3 29628
7189.51 1884.62 19054.6 20685.9
3985.86 2575 10433.8 11462.7 1 2
3744.95 800.497 -8071.2 8934.25 -1 1
3203.65 -690.387 8620.79 9223.29 -1 2
4451.96 444.625 -20204.1 20693.8 1 1
event 13
-6240.65 3019.32 -9958.85 12523.2
-3569.36 8932.98 -3383.48 10657.3
-2663.85 2962.65 -4703.17 6164.77 1 1
-3576.8 56.6694 -5255.68 6358.47 -1 1
-776.536 5247.3 -818.715 5368.3 -1 2
-2792.83 3685.68 -2564.77 5288.98 1 2
event 14
7316.7 646.441 -3503.05 8707.14
2283.95 -6118.53 -12951.1 14831.6
2482.99 -3836.31 -6209.1 7710.16 1 2
3227.23 -40.3986 73.5126 3230.04 -1 1
-199.041 -2282.22 -6742.05 7121.41 -1 2
4089.48 686.839 -3576.56 5477.09 1 1
event 15
3209.19 -9065.85 -8756.47 13370
-976.983 5180.09 -5812.25 8435.8
-2076.84 2779.8 -3306.12 4793.97 1 2
697.322 -4307.82 -5705.54 7183.87 -1 1
1099.85 2400.28 -2506.13 3641.83 -1 2
2511.87 -4758.03 -3050.93 6186.09 1 1
event 16
631.692 -5667.78 1957.06 6778.18
-538.174 -9726.47 -7740.26 12821.7
859.533 -3886.05 -4458.28 5977.25 1 2
1244.95 -1637.34 1736.62 2694.03 1 1
-1397.71 -5840.42 -3281.98 6844.47 -1 2
-613.26 -4030.43 220.435 4084.15 -1 1
event 17
-1444.35 18597.3 9985.04 21383.1
-6712.65 1834.25 10292 12804
-3712.44 638.881 7997.31 8840.73 1 2
21.1256 4721.97 4044.39 6218.18 1 1
-3000.21 1195.37 2294.74 3963.22 -1 2
-1465.48 13875.4 5940.65 15164.9 -1 1
event 18
-7667.85 -2577.98 2161.86 8927.89
4247.72 -5148.36 4745.7 8755.63
-4424.25 -108.645 1970.09 4845.43 -1 1
-3243.59 -2469.34 191.776 4082.46 1 1
1753.44 -4066.61 3912.21 5910.03 -1 2
2494.28 -1081.75 833.495 2845.61 1 2
event 19
12269.7 3636.03 -2455.76 13393.6
9658.83 4017.94 -18260 21271
4673.72 2079.42 -5941.36 7840.83 -1 2
2865.57 1880.74 -1612.27 3789.36 1 1
9404.1 1755.29 -843.486 9604.21 -1 1
4985.1 1938.52 -12318.7 13430.2 1 2
event 20
7498.59 7174.56 -27170.3 29249.3
-7366.32 -4448.72 20074 22059.2
-3102.5 -503.057 5029.73 5931.95 -1 2
2281.95 1794.01 -11753.9 12107.5 -1 1
5216.64 5380.54 -15416.4 17141.8 1 1
-4263.82 -3945.67 15044.2 16127.3 1 2
event 21
6423.65 -1188.04 3302.73 7948.23
5813.32 13561.7 5768.56 16142.5
3954.29 -1121.84 393.848 4130.52 -1 1
2469.37 -66.1935 2908.88 3817.71 1 1
5298.71 9397.27 4931.86 11862.5 -1 2
514.609 4164.41 836.707 4279.99 1 2
event 22
-637.141 6650.81 10248.3 12777.1
-2567.8 11667.1 -3108.43 12726.6
1407.55 3895.44 4838.51 6370.09 1 1
-2044.69 2755.37 5409.83 6407.04 -1 1
-2663.67 9056.14 -3528.54 10078.2 -1 2
95.8659 2610.91 420.109 2648.34 1 2
event 23
-1616.48 -10158.5 7729.59 13234.2
6771.2 2525.91 28656.8 29715.9
42.4844 -6711.39 6116.46 9081.13 -1 1
-1658.97 -3447.13 1613.12 4153.09 1 1
2672.4 2315.96 16797.4 17166 -1 2
4098.8 209.947 11859.4 12549.9 1 2
event 24
-9532.12 18649.3 28342.3 35377
482.844 5096.5 23047.5 23811.5
-944.749 3349.91 17071 17422.5 1 2
-1540.23 4655.24 8513.55 9825.24 -1 1
1427.59 1746.59 5976.51 6388.93 -1 2
-7991.9 13994 19828.8 25551.8 1 1
event 25
5660.45 2989.58 36185.1 36877.3
-6972.35 -1514.24 -5329.38 9428.66
-2968.13 846.334 -1662.93 3507.5 -1 2
3051.83 -94.3811 16797 17072.5 1 1
-4004.22 -2360.57 -3666.46 5921.16 1 2
2608.62 3083.96 19388.2 19804.8 -1 1
event 26
12877 -59.2647 5701.68 14419.4
10434.5 -5902.76 11359.2 16803.1
4361.51 -2199.93 2651.69 5559.23 1 2
2706.82 -1221.98 1732.65 3439.97 1 1
10170.2 1162.72 3969.03 10979.5 -1 1
6073.01 -3702.83 8707.52 11243.9 -1 2
event 27
-8107.17 -3907.03 -5469.65 10977.2
-2087.28 -5606.44 12741.2 14412.4
-3893.4 -3021.06 -4229.51 6495.02 -1 1
-4213.77 -885.97 -1240.14 4482.17 1 1
-17.3821 -3351.3 4437.41 5561.77 -1 2
-2069.89 -2255.14 8303.81 8850.68 1 2
event 28
-4812.87 -578.867 6188.06 8448.75
6025.14 -14673.3 -36061.9 39568.4
-3011.68 430.834 5469.99 6260.02 1 1
-1801.19 -1009.7 718.07 2188.74 -1 1
3517.78 -10155.3 -28002.6 29994.4 1 2
2507.37 -4518 -8059.28 9574.05 -1 2
event 29
67.5367 -8721.5 16967.9 19327.9
-8030.18 883.15 -18200.7 20152.5
-3932.31 -969.444 -7095.16 8170.39 -1 2
-994.785 -3740.44 5022.62 6341.8 -1 1
1062.32 -4981.06 11945.3 12986.2 1 1
-4097.87 1852.59 -11105.6 11982.1 1 2
event 30
4357.35 -5753.84 7544.92 10890.7
7329.2 803.942 15509.7 17450.1
3034.7 -1189.22 6243.76 7044.1 1 2
1638.52 -2587.31 1190.34 3287.4 1 1
4294.5 1993.17 9265.97 10406 -1 2
2718.82 -3166.53 6354.58 7603.34 -1 1
event 31
4790.38 -10037.5 -705.048 11566.7
6694.86 -11886.8 -948.883 14021.8
3115.95 -5423.84 1068.87 6346.72 -1 1
1674.43 -4613.68 -1773.91 5219.94 1 1
2485.94 -7010.17 360.566 7447.38 -1 2
4208.91 -4876.67 -1309.45 6574.4 1 2
event 32
5315.78 9690.31 -14970.4 18864.3
1184.77 11892.2 1471.71 12433.2
1172.53 2916.74 -645.201 3210.86 1 2
2371.31 1874.85 -5147.92 5970.79 -1 1
12.2429 8975.51 2116.91 9222.39 -1 2
2944.47 7815.46 -9822.48 12893.5 1 1
event 33
4884.1 -3563.96 2079.44 7104.3
-10230 867.063 -19815.4 22531
-2988.66 1403.43 -8095.94 8743.98 -1 2
994.807 -2590.66 990.67 2948.51 1 1
-7241.38 -536.372 -11719.5 13787 1 2
3889.3 -973.301 1088.77 4155.78 -1 1
event 34
6321.72 -5879.53 -6300.12 11127.2
17249.1 -12552.1 80349.8 83191.1
4795.22 -2561.11 -3036.24 6227.62 1 1
1526.51 -3318.42 -3263.88 4899.61 -1 1
11763.9 -6767.58 51940.8 53684.7 -1 2
5485.15 -5784.52 28408.9 29506.4 1 2
event 35
1861.3 -7502.47 12725.6 15208.1
-14273.4 4663.84 -40966.9 43741.9
-114.217 -5129.27 6730.74 8463.84 -1 1
1975.51 -2373.2 5994.89 6744.23 1 1
-8551.37 4329.25 -24724.2 26517.3 -1 2
-5722.06 334.592 -16242.6 17224.6 1 2
event 36
8096.23 3303.92 -832.871 9313.86
5160.57 -3023.1 11934.9 13704.2
3013.7 -2024.69 10017.4 10655.5 1 2
4139.5 65.8984 -59.1791 4141.79 1 1
2146.87 -998.416 1917.56 3048.62 -1 2
3956.73 3238.02 -773.692 5172.06 -1 1
event 37
12193.2 -13152.4 67050.6 69476.8
939.909 6194.99 -7409.07 10185.6
1167.53 3199.67 -5921.07 6831.63 1 2
4903.74 -6704.15 35512.8 36471.4 -1 1
-227.617 2995.32 -1488 3353.96 -1 2
7289.43 -6448.28 31537.8 33005.5 1 1
event 38
-7061.66 7956.65 36997.7 38621.2
-17877.5 -878.753 17424.6 25171
-3556.93 4812.34 15540.3 16653 -1 1
-3504.73 3144.3 21457.4 21968.2 1 1
-8957.02 -1375.87 7068.41 11493.2 -1 2
-8920.44 497.114 10356.1 13677.8 1 2
event 39
-7980.34 -87.8438 -24830.5 26264.8
-7768.12 3468.34 -6616.38 11213.4
-4469.7 -1481.39 -12064.1 12950.9 -1 1
-3510.64 1393.55 -12766.4 13313.8 1 1
-5282.74 1207.83 -2709.62 6059.66 -1 2
-2485.38 2260.51 -3906.77 5153.74 1 2
event 40
-298.138 6695.02 -1964.43 7896.74
7231.72 2752.25 18336.5 20141.8
3302.82 -164.618 9200.13 9776.98 1 2
1582.89 2626.05 -188.265 3073.8 1 1
3928.9 2916.87 9136.38 10364.8 -1 2
-1881.03 4068.97 -1776.16 4822.94 -1 1
event 41
-6544.05 1289.6 4645.19 8698.09
-14047 4387.26 2056.09 15178.4
-3443.64 -272.326 481.783 3489.43 1 2
-2548.96 -34.8955 175.062 2557.39 -1 1
-10603.4 4659.58 1574.3 11689 -1 2
-3995.09 1324.5 4470.13 6140.71 1 1
event 42
3189.63 -6948.19 10964.7 13721
5783.9 -1433.34 4583 8130.38
647.838 -4863.98 7305.56 8801.16 -1 1
2541.8 -2084.2 3659.11 4919.85 1 1
1826.74 846.94 2176.57 2966.97 -1 2
3957.16 -2280.28 2406.43 5163.41 1 2
event 43
-12793.2 -7044.84 -11208 18775.2
3408.52 -7363.91 -2700.54 9095.5
3641.96 -5257.12 -1229.92 6513.46 -1 2
-2125.68 -2864.44 -3230.93 4813.9 1 1
-10667.6 -4180.4 -7977.1 13961.3 -1 1
-233.446 -2106.79 -1470.62 2582.04 1 2
event 44
623.357 -9197.3 7653.06 12374.8
7109.98 7193.17 33149 34795.7
4979.71 5230.16 18443.5 19807.2 1 2
-1256.39 -4159.43 3434.71 5539.66 -1 1
2130.27 1963.01 14705.6 14988.5 -1 2
1879.75 -5037.86 4218.35 6835.14 1 1
event 45
-5515.94 1666.55 -16593.1 17836
8230.86 10459.7 -13161.4 18972.7
-3481.7 2539.9 -11507.9 12288.9 1 1
-2034.25 -873.346 -5085.13 5547.13 -1 1
3132.65 6050.5 -7816.72 10369.9 -1 2
5098.21 4409.19 -5344.65 8602.86 1 2
event 46
-6953.13 -1948.15 -22000.2 23361.1
9034.48 2206.14 24494.4 26382.8
3237.3 2224.22 8334.97 9214.67 1 2
-2070 -809.431 -3160.15 3864.94 1 1
5797.19 -18.0795 16159.4 17168.2 -1 2
-4883.13 -1138.72 -18840 19496.2 -1 1
event 47
9211.55 -1554.35 1177.63 9911.93
3691.99 5937.18 -1040.92 7717.25
4672.3 -2350.03 695.533 5277.12 1 1
4539.25 795.681 482.101 4634.81 -1 1
1898.88 1183.96 698.308 2346.55 -1 2
1793.11 4753.22 -1739.23 5370.7 1 2
event 48
9000.6 14543.7 -22725.2 28610.4
4851.69 -56.8572 -6135.8 8413.15
5336.89 10812.5 -17161.3 20974.2 1 1
3663.71 3731.22 -5563.83 7636.24 -1 1
2834.11 1216.61 -2130.87 3750.21 -1 2
2017.59 -1273.46 -4004.93 4662.94 1 2
event 49
-5403.11 5789.59 10709.7 13674.9
-5720.52 -4593.66 2397.48 8553.47
-2040.76 -3985.78 1266.67 4654.75 1 2
-1496.07 3667.19 6062.61 7242.44 1 1
-3679.75 -607.881 1130.81 3898.72 -1 2
-3907.04 2122.4 4647.09 6432.43 -1 1
event 50
-11791.4 -6299.1 -15202.1 20479.5
-13531.9 2670.4 8825.34 16665
-2996.51 949.791 3596.28 4777.61 -1 2
-2802.04 -112.507 -3290.31 4324.51 1 1
-8989.41 -6186.59 -11911.8 16155 -1 1
-10535.4 1720.61 5229.06 11887.3 1 2
event 51
7374.6 -3908.49 -33459.1 34623.2
2693.12 -5240.53 1978.84 6944.28
4170.47 -1655.6 -23425.6 23851.7 1 1
3204.13 -2252.89 -10033.5 10771.4 -1 1
1942.89 -908.847 65.3182 2148.54 -1 2
750.233 -4331.69 1913.52 4795.74 1 2
event 52
-1837.03 -6914.55 -15321.9 17191.2
-10523.3 6918.6 35305.1 37611.8
-2572.37 2913.08 13781.8 14319.7 1 2
-1824.24 -2474.76 -4125.51 5146.19 -1 1
-7950.91 4005.52 21523.3 23292.1 -1 2
-12.7895 -4439.79 -11196.4 12045.1 1 1
event 53
700.357 9002.23 15133.9 17892.8
6717.53 3068.02 -4985.3 9432.94
1409.1 4488.06 9782.19 10855 1 1
-708.742 4514.17 5351.66 7037.86 -1 1
4045.19 3095.44 -4312.9 6675.15 -1 2
2672.34 -27.4211 -672.399 2757.8 1 2
event 54
6843 1226.67 -23951 25131
-1815.68 -7389.65 -33321.4 34319.2
3756.46 1795.11 -10029.8 10860.1 1 1
3086.54 -568.437 -13921.2 14271 -1 1
-349.554 -4770.8 -25419.3 25865.7 -1 2
-1466.13 -2618.84 -7902.1 8453.53 1 2
event 55
-8290.61 6572.31 17273.2 20491.1
7662.01 -2951.61 -17973.5 20001.4
3993.6 103.484 -8490.26 9383.78 -1 2
-2237.78 266.735 2995.05 3749.7 1 1
-6052.84 6305.58 14278.1 16741.4 -1 1
3668.41 -3055.1 -9483.19 10617.6 1 2
event 56
-2610.85 11040.9 12197.8 16943.9
6492.47 9932.8 24564.5 27455.7
-1082.93 6920.62 9436.97 11753.1 1 1
-1527.93 4120.27 2760.85 5190.83 -1 1
3580.93 8004.21 17688.1 19742.6 -1 2
2911.53 1928.59 6876.36 7713.1 1 2
event 57
254.935 8068.88 -46743.3 47536.3
1858.1 6726.77 -8520.95 11441.1
-519.635 3419.47 -4841.74 5951.17 1 2
-1384.11 3079.89 -16909.5 17243.6 -1 1
1639.04 4988.99 -29833.9 30292.7 1 1
2377.73 3307.3 -3679.21 5489.95 -1 2
event 58
-48.082 -6793.41 7449.65 10547
-7895.81 -4844.86 2370.81 10051.1
-3652.93 -1920.47 -488.163 4157.11 -1 2
827.036 -1841.46 3893.69 4387.14 1 1
-4242.87 -2924.4 2858.97 5893.98 1 2
-875.118 -4951.96 3555.95 6159.84 -1 1
event 59
4895.59 9931.86 -17100.1 20606.1
-1291.16 -7337.95 2335.73 8399.91
-1944.86 -3311.56 1929.71 4299.29 -1 2
1810.97 1175.48 -2510.38 3312.79 -1 1
3084.62 8756.37 -14589.7 17293.3 1 1
653.702 -4026.38 406.016 4100.62 1 2
event 60
-8522.09 2581.54 -2447.59 9740.32
-1436.02 -5651.09 1390.5 6746.99
-4996.19 1755.52 122.95 5298.11 -1 1
-3525.91 826.022 -2570.55 4442.21 1 1
945.384 -2288.43 603.019 2550.58 -1 2
-2381.4 -3362.65 787.481 4196.4 1 2
event 61
-10172.2 -2196.43 -18988.8 21873.8
5246.91 -11617.2 4535.64 13879.9
2935.01 -5094.7 3602.69 6896.43 1 2
-3264.88 -1683.91 -8967.64 9691.48 -1 1
-6907.32 -512.52 -10021.2 12182.3 1 1
2311.89 -6522.47 932.949 6983.48 -1 2
event 62
5313.26 -19744.6 -34009.2 39803.2
3497.66 -4647.19 7955.92 10330.5
3653 -15796.4 -24574.2 29441 -1 1
1660.26 -3948.14 -9434.97 10362.1 1 1
-151.504 -2146.63 2876.32 3593.79 -1 2
3649.16 -2500.57 5079.6 6736.67 1 2
event 63
-6151.76 -312.091 -24206.9 25169.5
-7307.91 4908.04 5190.29 10678.2
-2961.94 2480.56 609.762 3912.7 1 2
-1880.11 -1447.87 -6547.94 6965.47 -1 1
-4345.97 2427.47 4580.53 6765.54 -1 2
-4271.65 1135.78 -17658.9 18204 1 1
event 64
7954.81 791.18 7436.43 11348.8
-9019.51 -4677.33 38406.6 39848.4
-2610.21 -2546.96 9858.91 10512.3 -1 2
3445.47 -217.157 1354.58 3710.05 1 1
-6409.29 -2130.37 28547.7 29336 1 2
4509.34 1008.34 6081.85 7638.78 -1 1
event 65
-5090.28 241.954 3738.39 7038.16
-2869.18 -10761 -32918.9 34889.5
-3096.19 -1288.7 2737.34 4330.28 -1 1
-1994.1 1530.66 1001.05 2707.88 1 1
-2093.1 -6737.4 -24944.8 25923.5 -1 2
-776.072 -4023.58 -7974.09 8965.98 1 2
event 66
-11288.3 -3824.12 62282.6 63488.3
-22318.6 498.087 -21219.7 30955.3
-6003.26 1504.46 -5671.96 8395.52 -1 2
-4105.76 -464.27 15672.1 16208 1 1
-16315.3 -1006.37 -15547.7 22559.8 1 2
-7182.59 -3359.85 46610.5 47280.3 -1 1
event 67
6280.01 -1646.9 22444.6 23569.1
5215.2 8464.16 -34143.5 35696.1
4395.52 49.2833 10994.7 11841.4 -1 1
1884.49 -1696.18 11449.9 11727.7 1 1
2765.37 4303.55 -22804.5 23371.4 -1 2
2449.83 4160.61 -11339 12324.6 1 2
event 68
-1791.19 -3776.55 20599.3 21246
-6443.22 7918.59 -2539.49 10966.3
-2454.42 -1815.82 10456.4 10893.5 -1 1
663.226 -1960.73 10142.9 10352.5 1 1
-3182.49 5001.38 -2850.69 6578.73 1 2
-3260.73 2917.21 311.203 4387.53 -1 2
event 69
-7607.57 -6440.79 19878.6 22452.3
7086.94 1735.98 -26860.3 28005.4
2388.43 1983.46 -8442.51 8995.88 -1 2
-2452.52 -880.587 7448.05 7891.45 1 1
-5155.06 -5560.2 12430.5 14560.9 -1 1
4698.51 -247.476 -18417.8 19009.6 1 2
event 70
-4783.48 5301.93 -10685.2 13219.6
3726.59 -4568.53 -6276.05 9150.79
3399.38 -2127.06 -2811.79 4898.73 -1 2
-1190.53 3338.22 -3718.75 5138.22 1 1
-3592.95 1963.71 -6966.44 8081.33 -1 1
327.208 -2441.47 -3464.26 4252.07 1 2
event 71
8440.82 6169.24 -54738.7 55814.2
-2919.9 -7031.2 -15270.1 17341.6
-2454.19 -2445.56 -8182.23 8886.17 1 2
3122.43 967.574 -12254.5 12683.4 1 1
5318.39 5201.66 -42484.2 43130.8 -1 1
-465.706 -4585.64 -7087.89 8455.43 -1 2
event 72
-3468.94 5842.18 -107.773 7467.7
7716 957.406 11009.7 13829.6
3736.55 175.234 2805.15 4676.81 1 2
-2063.57 1295.19 904.283 2600.91 1 1
-1405.37 4546.99 -1012.06 4866.79 -1 1
3979.45 782.172 8204.56 9152.8 -1 2
event 73
-7211.2 -874.647 4828.78 9256.07
18814 12808.1 74051 77531.6
-3685.96 -927.695 771.353 3879.83 1 1
-3525.24 53.0479 4057.43 5376.24 -1 1
14452.2 9512.08 51564.4 54389.7 1 2
4361.78 3296.04 22486.6 23141.9 -1 2
event 74
-7618.74 4802.32 19876.7 22040.4
3095.27 6958.82 -11536.3 14166.2
2898.36 4771.47 -5934.58 8148.49 1 2
-2422.95 2899.93 10405.4 11070.8 1 1
196.909 2187.35 -5601.69 6017.76 -1 2
-5195.79 1902.38 9471.35 10969.6 -1 1
event 75
5623.8 5274.29 -10677 13529
3770.42 -5633.08 20577.8 21885.6
3805.8 -3345.34 12471.3 13461.8 -1 2
2892.17 810.447 -4756.06 5626.08 -1 1
2731.63 4463.84 -5920.98 7902.96 1 1
-35.3772 -2287.73 8106.44 8423.8 1 2
event 76
-3901.27 3481.03 368.242 6088.01
-11049.5 -2069.29 29853.9 32050.3
-987.146 2846.31 671.352 3088.33 -1 1
-2914.13 634.717 -303.11 2999.67 1 1
-6896.65 -1840.42 14795.5 16427.7 -1 2
-4152.84 -228.87 15058.4 15622.6 1 2
event 77
-8136.75 -8459.98 -9060.77 15148.1
-688.827 5274.15 -25153.1 25895.2
-5050.15 -5487.28 -7524.58 10594.6 1 1
-3086.6 -2972.7 -1536.19 4553.58 -1 1
790.626 3097.27 -17786.9 18072.2 -1 2
-1479.45 2176.89 -7366.14 7822.96 1 2
event 78
-4690.24 -7492.68 -2436.72 9678.18
2881.51 8363.08 937.732 9418.84
-201.547 3518.88 -316.553 3540.42 1 2
-1881.84 -1731.68 531.843 2614.2 1 1
-2808.4 -5761 -2968.56 7063.98 -1 1
3083.06 4844.19 1254.28 5878.42 -1 2
event 79
-5173.41 -3790.95 -14295 15971.1
2683.45 7715.08 5587.51 10369.9
1593.1 3206.78 4215.05 5531.65 1 2
-1359.02 -2156.54 -8268.84 8653.47 1 1
1090.35 4508.3 1372.46 4838.23 -1 2
-3814.38 -1634.4 -6026.2 7317.58 -1 1
event 80
96.6425 -20227.1 26045.5 33122.6
5974.86 1112.14 593.729 6846.8
839.636 -16140.6 19014.4 24955.6 -1 1
-742.994 -4086.53 7031.18 8167.03 1 1
3559.48 1172.04 1783.47 4151.57 -1 2
2415.38 -59.9066 -1189.74 2695.23 1 2
event 81
-5965.23 -1345.05 -18711.8 19927.8
-8.36181 8626.07 -16224.1 18633.9
-2954.75 -2243 -10130.2 10788.6 1 1
-3010.48 897.952 -8581.57 9139.14 -1 1
1210.89 4505.97 -10366.3 11368.5 1 2
-1219.25 4120.11 -5857.8 7265.45 -1 2
event 82
16012.7 -2455.23 -67212.4 69206.4
-2408.97 -5525.23 -2673.72 7284.96
-2800.76 -2717.05 -1914.66 4347.84 1 2
4269.38 499.541 -20837.9 21276.9 1 1
391.786 -2808.18 -759.062 2937.12 -1 2
11743.3 -2954.77 -46374.5 47929.6 -1 1
event 83
-11544.5 1093.41 19107.4 22564.4
9484.19 5582.61 -10311.6 15395.9
2869.08 2972.2 -2491.95 4825.61 1 2
-3446.54 -277.139 3462.28 4894.29 -1 1
-8097.94 1370.55 15645.1 17670.2 1 1
6615.11 2610.42 -7819.63 10570.3 -1 2
event 84
6744.25 -2468.07 10897.7 13413.7
-2303.22 10294.8 8488.23 13889.8
-464.396 4418.53 1790.17 4791.13 -1 2
1938.08 600.889 3793.09 4303.01 1 1
-1838.82 5876.23 6698.06 9098.71 1 2
4806.17 -3068.96 7104.61 9110.67 -1 1
event 85
21.4111 11006 -2493.9 11702.3
-5464.84 -1591.2 17810.5 18952.7
744.012 5842.51 70.3505 5891.06 -1 1
-722.601 5163.47 -2564.25 5811.2 1 1
-3621.27 -697.985 15152.6 15595.3 -1 2
-1843.57 -893.211 2657.9 3357.41 1 2
event 86
-6164.78 -1155.91 -8454.52 10973.2
-2934.03 -13964.1 15901 21587.9
-2151.82 -3801.05 5504.74 7027.92 -1 2
-1824.53 963.978 -1741.3 2702.12 -1 1
-782.202 -10163 10396.2 14559.9 1 2
-4340.25 -2119.88 -6713.22 8271.05 1 1
event 87
6111.16 213.57 -12475.4 14234.5
6882.62 9466.02 39219.9 41045.9
3904.21 865.99 -4951.14 6365.35 1 1
2206.96 -652.421 -7524.31 7869.1 -1 1
5765.51 5443.05 25542.5 26745.1 1 2
1117.11 4022.97 13677.4 14300.8 -1 2
event 88
642.921 -6489.69 18434.7 19797.9
9695.48 178.678 -3065.25 10631.1
3527.55 -1405.38 -896.362 3902.99 -1 2
-781.701 -2237.7 9611.27 9899.8 1 1
6167.93 1584.06 -2168.88 6728.14 1 2
1424.62 -4251.99 8823.44 9898.14 -1 1
event 89
893.887 8338.34 -21123.3 22937.1
4148.13 9768.65 25831.5 28097.8
1995.1 4159.07 15206.8 15891.4 -1 2
-1091.56 3574.76 -9939.52 10619.6 -1 1
2153.03 5609.57 10624.6 12206.4 1 2
1985.45 4763.58 -11183.7 12317.5 1 1
event 90
7046.78 -2189.61 -8860.49 11939.4
5240.08 6199.44 10464.5 13601
1323.27 2858.71 2129.57 3803.88 1 2
2897.3 -204.969 -1529.61 3284.39 1 1
3916.82 3340.73 8334.89 9797.12 -1 2
4149.48 -1984.64 -7330.88 8655.05 -1 1
event 91
-354.257 -9519.66 16302.1 19133.8
-84.0109 5377.83 -9650.19 11473.7
-1587.02 2701.71 -4911.14 5826.52 1 2
-783.918 -4735.53 10862.2 11876 1 1
1503.01 2676.12 -4739.05 5647.16 -1 2
429.661 -4784.13 5439.89 7257.83 -1 1
event 92
16769.4 2286.6 37915.3 41636.5
-5906.06 -2067.06 -19324.3 20546.9
-4133.25 154.186 -11559.8 12277.9 1 2
3967.36 1891.95 9571.46 10533 1 1
-1772.81 -2221.24 -7764.52 8268.96 -1 2
12802 394.646 28343.8 31103.6 -1 1
event 93
-4764.43 -161.753 -3409.47 6628.83
-4484.95 9631.03 -36688.1 38320.7
-2961.23 905.971 -3301.51 4527.78 -1 1
-1803.2 -1067.72 -107.956 2101.05 1 1
-3276.59 5082.46 -24979 25700.8 -1 2
-1208.36 4548.57 -11709.1 12620 1 2
event 94
2566.67 6211.27 -25402.5 26458.4
-7728.25 13346 11200.2 19310
-430.881 3199.41 2199.94 3908.04 1 2
827.519 2473.01 -4968.29 5612.1 1 1
-7297.36 10146.6 9000.22 15401.9 -1 2
1739.16 3738.26 -20434.2 20846.3 -1 1
event 95
18516.4 7524.94 6193.27 21152.5
7962.8 -3179.34 2637.05 9489.99
4533.37 -1720.86 -122.38 4851.69 1 2
8754.18 3218.41 1315.17 9419.91 -1 1
3429.43 -1458.48 2759.43 4638.3 -1 2
9762.23 4306.53 4878.1 11732.6 1 1
event 96
-6461.45 -2270.49 -3045.66 8110.03
5231.91 -8827.69 -3421.4 11251.5
-3508.36 -2573.2 -2694.91 5118.95 -1 1
-2953.09 302.707 -350.757 2991.08 1 1
2795.38 -4479.28 -139.92 5282.88 -1 2
2436.53 -4348.42 -3281.48 5968.64 1 2
event 97
9126.62 7528.66 59905 61140.6
-8390.04 2822.53 39119.2 40227.7
-3551.69 -32.6472 11258.2 11805.7 -1 2
2417.61 1137.14 8621.14 9026.25 1 1
6709.02 6391.52 51283.8 52114.3 -1 1
-4838.35 2855.17 27861 28422 1 2
event 98
-5791.99 631.26 2319.04 6993.89
7699.79 8636.5 19675 23034.2
-3412.19 1373.78 142.217 3682.62 1 1
-2379.8 -742.523 2176.82 3311.27 -1 1
4922.56 3867.83 8360.03 10444.8 1 2
2777.23 4768.67 11315 12589.4 -1 2
event 99
-5371.88 -4848.36 19646.9 21164.9
-206.54 7749.47 11589.1 14282.7
-383.762 5025.59 4784.72 6950.43 1 2
-1509.53 -2977.2 6104.24 6958.11 1 1
177.222 2723.88 6804.4 7332.25 -1 2
-3862.35 -1871.17 13542.6 14206.8 -1 1
event 100
13708.8 -6335.09 36770.9 39871.7
-5019.56 -2544.44 2308.56 6825.87
7986.67 -5309.68 23604.3 25478.5 -1 1
5722.15 -1025.4 13166.6 14393.2 1 1
-3638.8 -267.18 711.731 3718.87 -1 2
-1380.76 -2277.26 1596.83 3107 1 2
event 101
-6447.16 3554.73 11047.3 13632.1
269.962 -7391.69 -23147.3 24496.9
-1187.89 -5501.67 -16203.9 17153.9 1 2
-1968.02 2420.7 6158.86 6904.75 -1 1
1457.85 -1890.03 -6943.45 7343.03 -1 2
-4479.14 1134.03 4888.46 6727.33 1 1
event 102
5642.52 -5565.85 -3578.58 9231.11
-6418.51 -4504.47 5818.82 10243.9
-2951.84 -575.069 1138.95 3217.52 -1 2
1471.06 -2538.96 33.7168 2936.43 -1 1
-3466.67 -3929.4 4679.88 7026.41 1 2
4171.46 -3026.89 -3612.29 6294.68 1 1
event 103
-9557.54 4384.04 -13011.5 17013.4
-1871.41 -5108.98 1267.3 6387.55
257.148 -3231.99 1425.35 3543.25 1 2
-3915.09 3158.63 -7493.73 9026.19 -1 1
-2128.56 -1876.99 -158.05 2844.29 -1 2
-5642.44 1225.41 -5517.74 7987.2 1 1
event 104
5438.59 5131.71 -35271.3 36188
491.596 -11524.6 17278.4 21004.6
-837.42 -8325.15 10857.6 13708 1 2
1383.71 3420 -16147.7 16564.2 -1 1
1329.02 -3199.48 6420.76 7296.59 -1 2
4054.88 1711.71 -19123.6 19623.8 1 1
event 105
1911.82 -7221.12 -24763.2 26050
7935.83 6061.15 -36064 37548.9
3834.32 1691.95 -10837.3 11619.9 -1 2
1613.02 -2345.97 -13077.6 13384.3 1 1
4101.51 4369.2 -25226.8 25929 1 2
298.804 -4875.15 -11685.6 12665.7 -1 1
event 106
14262.9 42.2722 -20644.4 25282.7
-528.027 -6783.29 5954.67 9557.24
-831.488 -4049.36 5309.62 6729.93 1 2
4936.7 -1220.88 -8671.68 10053.4 1 1
303.461 -2733.93 645.053 2827.31 -1 2
9326.19 1263.16 -11972.7 15229.3 -1 1
event 107
2809.46 7688.3 965.251 8804.83
-4652.36 -389.362 11805.2 13067.2
44.5969 4615 517.376 4645.33 -1 1
2764.87 3073.3 447.875 4159.5 1 1
-3116.09 980.587 5145.72 6096 -1 2
-1536.26 -1369.95 6659.53 6971.18 1 2
event 108
-8175.62 -6414.35 -7425.87 13142.3
-6595.82 2394.93 -25092.8 26238.9
-2458.04 2421.55 -13303.1 13743.7 -1 2
-2978.08 -620.784 -2405.67 3879.79 1 1
-5197.54 -5793.56 -5020.2 9262.47 -1 1
-4137.78 -26.6267 -11789.7 12495.2 1 2
