event 0
1898.02 7606.31 34548.9 35562.3
10594.9 2090.47 50733.5 51962.5
1977.09 4311.5 25352.2 25792.3 1 1
-79.0729 3294.81 9196.69 9769.97 -1 1
5126.46 2111.67 20422.4 21161.9 -1 2
5468.46 -21.1921 30311.2 30800.7 1 2
event 1
-731.672 6288.86 3712.05 7965.85
-4266.11 8693.75 -38104.7 39437.8
-343.732 3353.07 -16433.3 16775.7 -1 2
-1622.3 1636.56 1101.5 2556.3 1 1
-3922.38 5340.68 -21671.5 22662.1 1 2
890.633 4652.3 2610.55 5409.55 -1 1
event 2
3284.91 4406.02 1312.64 6443.51
1252.67 11477.9 10120.6 15663
744.398 3474.27 1127.15 3729.12 -1 1
2540.51 931.756 185.489 2714.39 1 1
174.02 7314.69 4520.47 8601.21 1 2
1078.65 4163.18 5600.16 7061.76 -1 2
event 3
-8618.74 -6270.82 24382.8 26790.3
-2783.38 -4951.27 -10818.4 12605.2
-2816.49 -1886.19 -5313.83 6303.83 1 2
-2305.55 -3519.39 8937.18 9878.57 -1 1
33.1169 -3065.08 -5504.53 6301.34 -1 2
-6313.19 -2751.42 15445.6 16911.7 1 1
event 4
-8648.87 -897.073 -10735.7 14158.2
5232.52 -2514.58 13401 14929.1
-5549.35 -1979.51 -7600.74 9617.5 1 1
-3099.52 1082.44 -3134.96 4540.69 -1 1
2003.23 -105.292 1991.42 2828.6 -1 2
3229.29 -2409.29 11409.6 12100.5 1 2
event 5
7875.81 9283.99 -51688.5 53193.2
-1469.59 -7237.35 7192.75 10764.1
-89.3329 -5378.23 3547.52 6444.33 -1 2
3506.02 3947.53 -16151.7 16993 -1 1
4369.79 5336.46 -35536.8 36200.1 1 1
-1380.25 -1859.11 3645.23 4319.76 1 2
event 6
446.808 7061.62 16315 18051
-6286.34 -2818.48 11823.7 14030.4
-1174.98 4095.31 10360.8 11203.1 1 1
1621.79 2966.31 5954.22 6847.85 -1 1
-3505.29 -2704.39 9169.59 10183 -1 2
-2781.05 -114.088 2654.14 3847.45 1 2
event 7
-2756.43 -5137.91 12018.7 13712.7
-5136.58 8046.6 -5702.2 11542.9
-1018.91 3136.22 -605.885 3354.45 -1 2
-29.1548 -2153.87 6651.94 6992.82 -1 1
-4117.67 4910.38 -5096.32 8188.45 1 2
-2727.28 -2984.03 5366.81 6719.84 1 1
event 8
6909.1 -4194.37 12455.8 15167.9
-9291.17 -4095.01 950.905 10657.9
-4170.55 -3033.15 1567.85 5390.99 1 2
1556.52 -1262.74 1133.15 2304.88 -1 1
5352.58 -2931.62 11322.6 12863 1 1
-5120.61 -1061.86 -616.945 5266.88 -1 2
event 9
-8705.51 1632.67 40814.5 41879.2
-9174.69 -1292.09 30936.7 32442.5
-4383.51 734.97 16807.1 17385.2 1 2
-3927.01 1768.04 14219.4 14857.6 1 1
-4791.18 -2027.06 14129.7 15057.3 -1 2
-4778.5 -135.371 26595.1 27021.6 -1 1
event 10
3874.26 -5796.58 -5100.94 9177.07
654.872 7032.74 5445.7 9441.13
-321.695 3006.91 635.191 3091.86 -1 2
249.881 -2901.36 -2603.51 3907.66 1 1
3624.38 -2895.22 -2497.43 5269.41 -1 1
976.567 4025.83 4810.51 6349.27 1 2
event 11
8283.47 1611.64 26505 27987.9
-2666.64 6792.84 13959.9 16053.8
-3147.41 4432.88 8573.51 10152.5 1 2
3317.24 1455.93 7298.97 8149.23 1 1
480.776 2359.95 5386.4 5901.27 -1 2
4966.23 155.717 19206.1 19838.6 -1 1
event 12
-1440.75 6610.49 -3195.55 8097.95
-10329.8 -13757.1 26005.1 31334
-1337.04 -3521.63 4421.19 5809.27 -1 2
-1672.98 1304.77 -1043.59 2366.76 1 1
-8992.77 -10235.5 21583.9 25524.7 1 2
232.228 5305.72 -2151.95 5731.2 -1 1
event 13
-4836.41 -6411.53 24365.6 25841.3
971.248 -5382.28 -3038.75 6981.2
-687.829 -4137.77 -1822.59 4574.63 -1 2
-1365.94 -3120.22 14244.6 14646.5 1 1
-3470.47 -3291.32 10121 11194.8 -1 1
1659.08 -1244.52 -1216.17 2406.57 1 2
event 14
5722.21 -3460.72 4902.34 8851.22
-5205.2 -10986.2 -9551.46 15767.4
2667.66 -2767.06 1260.27 4046.3 1 1
3054.55 -693.653 3642.07 4804.92 -1 1
-2869.96 -5406.16 -2892.47 6770.58 -1 2
-2335.24 -5580.02 -6658.99 8996.85 1 2
event 15
3702.31 9802.24 7505.48 13255.7
7514.5 -4766.25 -17974.4 20294.2
3385.8 5237.77 5252.28 8154.48 -1 1
316.511 4564.47 2253.2 5101.24 1 1
3328.49 -2009.39 -4675.88 6082.07 -1 2
4186.01 -2756.86 -13298.5 14212.2 1 2
event 16
-7659.94 -517.522 -32201 33248.1
3836.55 2533.31 -5324.57 7686.28
3103.77 489.09 -2041.33 3748.44 1 2
-3826.63 1208.42 -13752.2 14326.1 -1 1
732.778 2044.22 -3283.23 3937.84 -1 2
-3833.31 -1725.94 -18448.8 18922 1 1
event 17
-2836.32 -5537.82 -25328.1 26264.3
8291.12 4258.53 -33369.4 34784.8
2286.03 2171.21 -7322.52 7973.12 -1 2
359.219 -2340.7 -7167.19 7549.02 -1 1
6005.08 2087.32 -26046.9 26811.7 1 2
-3195.53 -3197.12 -18160.9 18715.3 1 1
event 18
3999.58 -20209.7 -334.023 20835.8
1181.4 4924.98 17969.5 18924.7
-446.033 3241.59 13338.2 13734.1 1 2
2404.25 -9738.21 1309.4 10116.3 1 1
1627.43 1683.39 4631.26 5190.57 -1 2
1595.33 -10471.5 -1643.42 10719.5 -1 1
event 19
4466.01 9505.79 36947.8 38536.2
-6464.57 2508.33 34227.6 35060
1981.59 7178.83 27600.8 28588.1 -1 1
2484.42 2326.96 9346.99 9948.09 1 1
-1433.3 1923.36 14197.9 14399.5 -1 2
-5031.27 584.976 20029.7 20660.5 1 2
event 20
4230.59 6079.17 27960.1 29089.7
-12292.2 -996.577 11291.5 17005.3
1193.36 4325.86 14423.6 15105.9 1 1
3037.24 1753.31 13536.5 13983.8 -1 1
-7840.4 -1737.12 8518.13 11707.2 1 2
-4451.78 740.542 2773.37 5298.06 -1 2
event 21
-3140.18 6445.18 -9181.36 12053.6
-5447.28 8741.84 21569.9 24102.8
-2992.4 3577.08 6639.98 8114.83 -1 2
-2116.5 1159.42 -2576.9 3532.06 -1 1
-2454.88 5164.76 14930 15988 1 2
-1023.68 5285.76 -6604.45 8521.57 1 1
event 22
5655.46 -3694.85 -3183.08 8084.51
11899.3 8279.74 62822.6 64547.7
3450.51 3689.74 17414.8 18133 1 2
786.352 -2068.75 -1521.55 2687.82 -1 1
8448.74 4590 45407.8 46414.7 -1 2
4869.11 -1626.1 -1661.52 5396.69 1 1
event 23
393.484 -6322.58 -21187.1 22329.6
-3972.76 -7343.07 -6348.08 10935.8
-2640.6 -2775.12 -1425.55 4088.69 -1 2
1400.79 -1634.57 -4946.33 5395.5 -1 1
-1007.31 -4688.01 -16240.7 16934.1 1 1
-1332.16 -4567.96 -4922.53 6847.14 1 2
event 24
-357.718 9945.12 -24714.7 26822.4
4595.93 -7747.57 42715.7 43765
2857.52 -1980 14203.3 14622.9 1 2
-1008.32 2342.01 -8964.31 9320.51 1 1
650.604 7603.11 -15750.4 17501.9 -1 1
1738.42 -5767.57 28512.5 29142.1 -1 2
event 25
579.121 6004.91 -19089.3 20258
-5452.92 -4708.55 22449.3 23779.5
-2977.87 -614.481 8038.49 8594.99 -1 2
1438.19 2052.37 -4923.18 5525.35 1 1
-2475.05 -4094.07 14410.8 15184.5 1 2
-859.072 3952.54 -14166.2 14732.7 -1 1
event 26
-7132.33 -6760.34 -37190.7 38591.6
-9824.14 16654.8 37354.4 42176.3
-4219.49 4838.83 14185.2 15570.8 -1 2
-2308.5 -1320.76 -5988.41 6553.3 1 1
-5604.65 11815.9 23169.2 26605.5 1 2
-4823.83 -5439.57 -31202.3 32038.3 -1 1
event 27
4385.86 9624.25 3377.27 11526.4
-5738.32 25.1692 -2156.1 6867.96
3583.66 4179.8 1449.16 5694.26 1 1
802.203 5444.45 1928.12 5832.18 -1 1
-4169.12 -1322.97 -1937.22 4784.96 -1 2
-1569.2 1348.13 -218.879 2083.01 1 2
event 28
-5930.02 -6956.16 -11034.1 14659.3
-11375.7 4321.01 55858.2 57252.2
-3483.94 -3515.47 -3641.43 6145.53 -1 1
-2446.09 -3440.68 -7392.67 8513.78 1 1
-6520.68 1778.02 37042 37653.7 1 2
-4855.01 2542.99 18816.3 19598.5 -1 2
event 29
4511.61 -552.727 14772.4 15763.1
-7292.2 -4660.14 21900.9 23751.5
2758.65 1207.52 8191.8 8728.4 1 1
1752.96 -1760.24 6580.6 7034.69 -1 1
-2875.3 -3666.34 10835.6 11795.4 1 2
-4416.9 -993.804 11065.3 11956.1 -1 2
event 30
-9583.7 -4665.06 -1280.57 11173.2
-4813.3 -1561.07 -6435.25 8752.62
-4933.53 -2722.72 852.077 5700.01 1 1
-4650.17 -1942.34 -2132.64 5473.22 -1 1
-2851.57 -2203.17 -2776.11 4550.1 -1 2
-1961.73 642.101 -3659.15 4202.52 1 2
event 31
4553.01 -1722.88 -5936.36 8278.34
18799.3 -2856.65 11798.8 22591.5
2629.21 -2438.54 -4571.5 5811.11 1 1
1923.8 715.666 -1364.86 2467.23 -1 1
14215.6 -2606.73 10349.7 17776.5 -1 2
4583.72 -249.921 1449.11 4814.98 1 2
event 32
-11729.1 2534.84 54373.5 55767.9
-1938.37 -4147.29 -9773.82 11228.3
-2383.41 -2023.61 -4131.92 5182.62 1 2
-4399.15 2502.51 22227.6 22796.8 1 1
445.045 -2123.68 -5641.9 6045.68 -1 2
-7329.92 32.3365 32145.8 32971.1 -1 1
event 33
-2327.43 7566.51 -26234.7 27577.6
-5684.08 5882.53 4746.83 9951.72
-4615.27 3717.08 4648.77 7532.57 1 2
190.956 3421.41 -14057.9 14469.9 -1 1
-1068.8 2165.45 98.0601 2419.15 -1 2
-2518.38 4145.1 -12176.9 13107.7 1 1
event 34
4344.3 -9300.29 40178.5 41584.5
-3801.72 7093.31 32780.6 33895.9
-1687.52 5548.3 18900.3 19770.3 -1 2
928.917 -3561.53 19797.5 20137 -1 1
3415.38 -5738.76 20381 21447.4 1 1
-2114.2 1545 13880.4 14125.6 1 2
event 35
5841.88 1398.72 -19279.7 20429.9
-5170.8 6837.45 6392.04 11132.7
3054.23 1008.51 -14740.9 15088.1 -1 1
2787.65 390.212 -4538.8 5341.83 1 1
-1851.69 4009.67 1719.2 4740.57 1 2
-3319.11 2827.78 4672.84 6392.13 -1 2
event 36
-5869.59 3258.97 -5546.82 9242.85
-4136.61 -7593.36 -3259.88 9746.2
-3936 1911.21 -1630.18 4670.49 -1 1
-1933.59 1347.76 -3916.64 4572.36 1 1
-1004.63 -4397.49 -2639.8 5227.51 1 2
-3131.97 -3195.87 -620.085 4518.69 -1 2
event 37
-15082.5 8277.72 -13750.6 22241.3
-3518.62 2740.72 3029.12 6217.61
-8601.83 3131.76 -8063.68 12199.7 1 1
-6480.72 5145.96 -5686.96 10041.6 -1 1
-3183.8 661.052 1352.75 3523.45 -1 2
-334.823 2079.67 1676.37 2694.16 1 2
event 38
-8097.71 -2472.13 -42.1863 9015.35
-3832.76 4086.86 12605.5 14137.9
-3790.97 -2753.18 206.69 4690.98 -1 1
-4306.74 281.05 -248.876 4324.36 1 1
-1526.13 3773.2 7995.21 8972.22 -1 2
-2306.62 313.656 4610.24 5165.69 1 2
event 39
14450.3 -14897.9 21887.2 30321.6
7163.54 699.804 -13206 15355.6
10818 -12812.3 18097 24671.7 1 1
3632.35 -2085.58 3790.22 5649.83 -1 1
2456.75 591.811 -2082.01 3275.94 -1 2
4706.79 107.993 -11124 12079.7 1 2
event 40
-3965.95 11477.3 -36305.9 38407.9
-7548.93 -2342.76 32219 33318.6
-5214.67 -3033.14 21908.7 22724.3 -1 2
-1413.01 4349.4 -18533.5 19089.6 -1 1
-2552.94 7127.87 -17772.5 19318.3 1 1
-2334.25 690.378 10310.3 10594.3 1 2
event 41
11495.5 -8642.25 -19661.7 24556.2
4065.1 -4136.58 -2012.91 6875.98
2493.4 -1736.94 -2534.62 3958.47 1 2
4819.03 -1897.68 -6089.88 7995.13 1 1
1571.7 -2399.65 521.709 2917.51 -1 2
6676.47 -6744.57 -13571.8 16561.1 -1 1
event 42
3882.87 -7712.87 -11683.8 14854.9
-4576.45 9314.51 28034.1 30053.4
-4743.99 7012.64 20728.5 22391.1 1 2
459.901 -4324.98 -5808.23 7256.97 -1 1
167.539 2301.87 7305.64 7662.26 -1 2
3422.97 -3387.89 -5875.56 7597.89 1 1
event 43
-104.914 7726.86 -12273.6 14830.7
-8346.17 490.619 39248.3 40248.3
-4065.28 1747.17 21106 21565.1 1 2
1239.15 2020.33 -4572.49 5151.32 -1 1
-1344.06 5706.53 -7701.14 9679.34 1 1
-4280.89 -1256.55 18142.3 18683.1 -1 2
event 44
-6283.53 -7764.61 19737.9 22337.1
12399.9 -6871.37 -2470.93 14719.8
-3470.09 -4578.62 7974.73 9829.18 1 1
-2813.45 -3185.98 11763.1 12507.9 -1 1
9486.55 -6305.66 -1086.37 11443.2 -1 2
2913.38 -565.71 -1384.56 3276.58 1 2
event 45
7017.96 -2224.08 24934.6 26182.5
9097.3 -6163.32 -11407.8 16139.3
2371.12 -3166.52 -3024.79 4980.92 1 2
3419.27 -443.014 16277.3 16638.7 1 1
6726.19 -2996.8 -8383.03 11158.4 -1 2
3598.69 -1781.07 8657.35 9543.77 -1 1
event 46
-2377.9 -4319.63 -14252.5 15396
4416.94 10078.2 43654.1 45125.9
-711.372 -3158.28 -11656.1 12097.8 1 1
-1666.53 -1161.35 -2596.4 3298.26 -1 1
2602.2 5340.28 29428.8 30022.6 1 2
1814.74 4737.96 14225.3 15103.4 -1 2
event 47
-1517.45 -5438.27 8217.53 10440
10855.3 -1226.42 -9431.56 14761
-1353.51 -3347.69 7307.44 8151.61 -1 1
-163.942 -2090.59 910.094 2288.42 1 1
5592.41 -1719.02 -3513.84 6825.56 1 2
5262.85 492.609 -5917.73 7935.42 -1 2
event 48
4519.83 3307.9 15669.7 16926.4
-242.175 -8556.42 -43435.2 44378.8
2362.25 2888.38 6493.09 7489.62 1 1
2157.57 419.528 9176.58 9436.74 -1 1
1360.89 -4791.05 -22118.8 22672.9 -1 2
-1603.06 -3765.37 -21316.4 21705.9 1 2
event 49
-6081.97 6310.8 -19990.9 22046.4
-1910.28 -5794.38 -4144.35 7999.42
-2699.25 -3876.84 -2467.44 5330.6 -1 2
-2417 2759.16 -4942.87 6156.13 1 1
-3664.96 3551.64 -15048 15890.2 -1 1
788.978 -1917.53 -1676.91 2668.82 1 2
event 50
-8296.26 -2270.06 -615.395 9162.44
9893.08 5848.32 14424.9 18701.5
-4090.67 -1800.22 1085.53 4600.43 -1 1
-4205.59 -469.845 -1700.92 4562.02 1 1
5918.24 1723.69 7129.51 9425.38 1 2
3974.84 4124.63 7295.39 9276.09 -1 2
event 51
14976 5426.97 -37006.1 40407.6
-4441.11 6763.92 18889.3 20781.5
-3500.5 4193.58 9080.75 10597.7 -1 2
5435.71 520.756 -11217.8 12476.7 -1 1
9540.31 4906.21 -25788.3 27930.9 1 1
-940.616 2570.34 9808.56 10183.8 1 2
event 52
609.467 -10160.5 26400.8 28464
6949.05 -404.404 1151.19 7705.14
-743.076 -5666.94 17365.9 18282.6 -1 1
1352.54 -4493.55 9034.92 10181.5 1 1
4187.66 -1496.82 1541.96 4708.05 -1 2
2761.39 1092.42 -390.771 2997.08 1 2
event 53
-8393.54 -5013.93 4111.52 11049.3
6765.66 3381.57 -9393.27 12451.3
-5983.38 -2220.86 1585.99 6577.2 -1 1
-2410.16 -2793.06 2525.53 4472.08 1 1
2214 502.133 -1011.47 2487.61 -1 2
4551.66 2879.43 -8381.79 9963.65 1 2
event 54
697.077 7892.46 38282.8 39216.6
-7360.4 398.271 10603.3 13279.9
-4557.29 -1067.73 5038.69 6878.12 -1 2
1774.39 3276.73 15030.1 15485.5 1 1
-1077.32 4615.73 23252.7 23731.1 -1 1
-2803.11 1466 5564.6 6401.76 1 2
event 55
-13296.4 4346.6 -18625 23498.3
-3439.8 -3249.58 -25594.3 26211.7
-6710.81 3466.71 -8331.33 11246.1 -1 1
-6585.55 879.893 -10293.7 12252.1 1 1
-1362.66 -3076.58 -18968.3 19264.8 -1 2
-2077.15 -172.999 -6626 6946.9 1 2
event 56
3449.06 5009.99 -18737.9 19942.3
7643.75 10621.8 -10555.9 17095.8
1751.37 3246.24 -15181.3 15623.4 -1 1
1697.7 1763.75 -3556.53 4318.92 1 1
5077.21 5508.65 -4389.27 8683.33 1 2
2566.53 5113.17 -6166.6 8412.47 -1 2
event 57
-8137.04 -6684.76 -18899.8 21856.2
-7688.35 2665.1 261.217 8710.45
-6625.15 962.707 143.364 6697.1 -1 2
-3673.41 -1124.45 -6844.13 7849.31 -1 1
-4463.63 -5560.31 -12055.7 14006.9 1 1
-1063.19 1702.39 117.853 2013.35 1 2
event 58
-420.584 6605.53 10209.7 12555.4
3756.42 -6921.06 -24981.2 26375.4
2766.83 -2035.32 -8965.04 9601.09 1 2
418.971 2522.64 1681.11 3062.11 1 1
989.582 -4885.74 -16016.2 16774.3 -1 2
-839.556 4082.9 8528.61 9493.32 -1 1
event 59
3042.16 14850.4 -73294.1 74909.3
2112.04 4656.52 1204.25 6097.91
2967.05 7396.48 -34954.7 35851.9 -1 1
75.1097 7453.93 -38339.4 39057.5 1 1
1637.4 2686.99 -797.626 3247.82 -1 2
474.648 1969.53 2001.87 2850.09 1 2
event 60
625.365 -5340.82 20341.7 21267.1
-8936.67 38426.2 9805.05 40769.7
-649.055 -3529.53 15930.5 16330.1 1 1
1274.42 -1811.29 4411.2 4937.08 -1 1
-7530.4 26179.8 6474.1 28000.2 -1 2
-1406.27 12246.4 3330.94 12769.4 1 2
event 61
1763.58 8711.28 -8564.87 12725.7
4377.63 -5398.75 -12483.7 14620
1685.32 4569.98 -6422.3 8061.15 1 1
78.2569 4141.3 -2142.58 4664.58 -1 1
2032.08 -4645.17 -7415.4 8983.66 -1 2
2345.55 -753.58 -5068.31 5636.35 1 2
event 62
7404.52 3523.41 21085.7 22835
-4098.22 9547.67 -4062.87 11578.1
-4111.8 5897.97 -2695.42 7679.15 1 2
3070.86 2195.06 6060.58 7140.75 1 1
13.5838 3649.7 -1367.45 3898.92 -1 2
4333.66 1328.35 15025.1 15694.3 -1 1
event 63
7087.68 5052.35 -10966.8 14339.5
4550.37 7549.14 3040.61 9825.05
3901.95 2289.93 -3341.65 5625.55 -1 1
3185.72 2762.43 -7625.12 8713.98 1 1
2221.1 6318.09 1996.91 6989.31 -1 2
2329.26 1231.04 1043.7 2835.74 1 2
event 64
1347 6148.45 -3971.62 8061.16
-4425.39 -7936.49 5780.14 11205.8
2299.01 3749.49 -2870.73 5253.23 1 1
-952.012 2398.97 -1100.89 2807.93 -1 1
-2359.64 -3889.08 1098.95 4680.99 -1 2
-2065.75 -4047.41 4681.19 6524.84 1 2
event 65
9537.61 917.98 52318 53278.2
6651.65 2060.17 -9614.45 12268.6
6251.17 -795.4 30065.1 30718.6 1 1
3286.44 1713.38 22252.8 22559.6 -1 1
2432.56 2342.65 -3924.71 5178.79 -1 2
4219.09 -282.481 -5689.74 7089.76 1 2
event 66
4839.84 8717.81 -34081.4 35644.8
-1309.72 -5990.15 11328.9 13248.8
-2320.14 -4229.98 7615.66 9015.83 -1 2
442.015 3701.84 -13746.6 14243.6 -1 1
4397.82 5015.97 -20334.7 21401.2 1 1
1010.42 -1760.17 3713.22 4233 1 2
event 67
-8320.8 2430.89 -14224.7 16943.3
-1086.48 -26377.8 139357 141870
-5259.58 1191.08 -11338 12555.6 1 1
-3061.22 1239.82 -2886.68 4387.74 -1 1
-2080.42 -17410.5 89134.2 90842.6 -1 2
993.943 -8967.37 50222.8 51026.9 1 2
event 68
-1076.03 5603.77 33850 34467
2282.02 -14740.8 17070.6 22880
955.974 3156.71 18182.3 18479.3 1 1
-2032.01 2447.07 15667.7 15987.7 -1 1
2630.33 -10494 13631.8 17403.5 -1 2
-348.311 -4246.75 3438.86 5476.6 1 2
event 69
-11554.3 19330.6 -93482.5 96206.8
3068.32 -5288.09 27981.5 28808.5
1086.94 -3453.81 21223 21529.9 1 2
-6003.59 8239.38 -47422.8 48506.3 1 1
1981.38 -1834.29 6758.49 7278.65 -1 2
-5550.75 11091.2 -46059.7 47700.5 -1 1
event 70
-1584.16 -7264.81 13098.1 15376.6
-2813.81 -7409.83 -9743.82 12936.6
-198.721 -3409.22 -5833.67 6760.56 -1 2
-976.295 -2569.77 7798.78 8269.76 -1 1
-2615.09 -4000.61 -3910.15 6176.09 1 2
-607.863 -4695.04 5299.36 7106.85 1 1
event 71
-5567.17 5261.59 6245.21 10357.2
-5246.45 4320.21 -21888.6 23127.8
-3674.34 2794.21 5455.04 7146.82 -1 1
-1892.82 2467.38 790.174 3210.34 1 1
-2756.11 925.018 -12557.4 12890 -1 2
-2490.33 3395.19 -9331.23 10237.8 1 2
event 72
-8104.8 -6670.79 38846.7 40358.9
-6888.97 1208.96 -3144.36 8270.28
-6833.89 -3870.18 27020.5 28139 1 1
-1270.91 -2800.61 11826.1 12219.9 -1 1
-2406.94 116.378 408.622 2446.43 -1 2
-4482.03 1092.58 -3552.99 5823.85 1 2
event 73
-629.289 -6441.47 -2091.12 7473.45
-6540.55 -4254.94 14200.2 16496
-2990.84 -1928.08 3535.53 5017.35 -1 2
-477.294 -1987.35 -2212.4 3013.84 -1 1
-151.995 -4454.12 121.273 4459.61 1 1
-3549.7 -2326.86 10664.6 11478.7 1 2
event 74
5919.92 3478.7 22513.1 23739.8
3909.7 -6414.68 -32210.3 33219.4
658.371 -3549.44 -18157.4 18513.1 1 2
1293.31 2320.35 6263.02 6803.92 -1 1
4626.62 1158.35 16250.1 16935.9 1 1
3251.32 -2865.24 -14052.9 14706.3 -1 2
event 75
-9870.56 -1423.84 -11857.9 15800.5
7862.11 4765.49 32815.3 34219.3
4976.95 4543.55 21038.5 22091.7 1 2
-4866.89 -998.96 -3605.19 6139.47 1 1
2885.16 221.936 11776.8 12127.5 -1 2
-5003.66 -424.88 -8252.67 9661 -1 1
event 76
973.257 8561.15 -9594.15 13261.8
8459.38 -158.858 -27391 28834.8
3314.85 -1557.39 -10386.1 11013.4 -1 2
-1127.12 2761.28 -3259.23 4419.15 1 1
2100.38 5799.86 -6334.92 8842.64 -1 1
5144.52 1398.53 -17004.9 17821.3 1 2
event 77
-8664.24 -12630.5 73502.9 75145.6
1186.86 5775.12 -26027.7 26866.2
-315.406 4209.56 -20428.7 20860.5 -1 2
-2793.37 -1915.73 17562.1 17886 1 1
-5870.87 -10714.8 55940.8 57259.5 -1 1
1502.27 1565.56 -5599 6005.64 1 2
event 78
120.921 10502.4 -9345.62 14396
7013.39 5559.49 -15155.9 17871.4
3667.97 4769.84 -9183.18 10979.4 1 2
-62.8759 4655.4 -2171.14 5138.26 1 1
3345.42 789.65 -5972.7 6892.01 -1 2
183.797 5847.05 -7174.48 9257.76 -1 1
event 79
-6275.91 -3034.62 2531.37 8037.11
9648.53 -255.117 6859.73 12239.5
4081.44 -1401.19 1986 4751.51 -1 2
-1347.29 -1922.55 1735.06 2921.13 1 1
5567.09 1146.07 4873.73 7488.02 1 2
-4928.63 -1112.07 796.313 5115.99 -1 1
event 80
-6561.01 9818.81 -12366.2 17377.3
-4004.89 -7462.89 11215.6 14391.5
-3494.98 6364.41 -5535.63 9130.99 -1 1
-3066.03 3454.4 -6830.57 8246.29 1 1
-1808.27 -2016.5 1670.64 3184.07 -1 2
-2196.61 -5446.39 9544.95 11207.4 1 2
event 81
6379.37 1852.77 -8219.76 11012.9
-5923.64 3885.18 1936.42 7970.25
-3081.06 319.808 1315.81 3367.15 -1 2
1874.44 1058.24 -806.167 2300.97 1 1
4504.93 794.533 -7413.6 8711.96 -1 1
-2842.58 3565.38 620.609 4603.1 1 2
event 82
-6407.54 1987.23 -6309.27 9716.13
-9134.55 8615.58 34800.6 37126
-4113.16 615.023 -5547.81 6934.39 -1 1
-2294.38 1372.21 -761.457 2781.75 1 1
-6781.34 4525.41 23712.8 25075.3 1 2
-2353.21 4090.18 11087.8 12050.6 -1 2
event 83
1601.01 7466.77 7893.51 11411.2
9113.64 8460.93 -17328 21552.2
174.875 5271 6711.9 8536.67 -1 1
1426.13 2195.78 1181.61 2874.48 1 1
4453.68 4355.7 -11260.5 12869.2 -1 2
4659.96 4105.24 -6067.54 8682.99 1 2
event 84
-14221.7 232.835 25966.4 29768.4
2284.27 -4567.29 -2249.6 6382.01
-9321.68 737.16 19613.9 21729.1 1 1
-4900.06 -504.325 6352.53 8039.33 -1 1
2643.87 -2371.85 -584.51 3601.18 -1 2
-359.601 -2195.45 -1665.09 2780.82 1 2
event 85
6133.5 -4891 -4960.59 9784.69
2277.47 8361.49 17521.4 19891.9
515.057 6007.83 14350.2 15565.9 1 2
3117.46 -776.482 -2723.94 4213.37 1 1
1762.42 2353.65 3171.25 4325.94 -1 2
3016.04 -4114.52 -2236.64 5571.31 -1 1
event 86
-7930.64 2377.92 23599.2 25200.5
-4423.01 1761.51 19338 20154.8
-2470.18 2565.26 12410.9 12912.1 1 2
-4287.48 -283.047 12531.7 13248.3 -1 1
-1952.83 -803.752 6927.16 7242.67 -1 2
-3643.16 2660.96 11067.5 11952.2 1 1
event 87
-5668.78 -257.894 -5139.22 8258.55
9634.02 8449.9 -14682.9 19733.1
-3590.86 339.165 -1270.64 3825.57 1 1
-2077.93 -597.059 -3868.58 4432.98 -1 1
7672.51 4908.44 -10713.4 14062.3 1 2
1961.51 3541.46 -3969.47 5670.75 -1 2
event 88
-8746.88 -9053.06 -29839 32533.4
-4965.13 -3399.4 7258.91 9924.26
-4555.94 -4429.9 -18892.3 19932.6 1 1
-4190.94 -4623.17 -10946.7 12600.8 -1 1
-4013.07 -1339.76 5953.24 7304.24 -1 2
-952.054 -2059.64 1305.67 2620.01 1 2
event 89
2168.1 8079.56 -3781.31 9688.61
-5001.42 5471.51 -22977.7 24341.7
-2645.29 4721.45 -13465.6 14512.9 1 2
284.717 4037.84 -3259.11 5197.9 1 1
-2356.13 750.06 -9512.09 9828.79 -1 2
1883.39 4041.72 -522.207 4490.71 -1 1
event 90
1600.27 13687.3 36218.3 38874.9
-12214.7 -7928.17 -58082.4 59960
-3877.02 -4055.93 -19037.4 19847.3 -1 2
1734.77 4010.62 13195.2 13900.4 1 1
-134.494 9676.68 23023.1 24974.6 -1 1
-8337.64 -3872.24 -39044.9 40112.7 1 2
event 91
3858.02 -4543.5 -18792.9 19957.2
7711.34 -7076.57 -18303.1 21310.5
1651.39 -3197.51 -7648.32 8453.35 1 2
2101.26 -768.388 -9707.84 9962.88 -1 1
6059.96 -3879.06 -10654.8 12857.1 -1 2
1756.76 -3775.11 -9085.04 9994.34 1 1
event 92
1064.34 -11170.5 -17592.9 21095.4
4441.78 -1235.56 5131.16 7561.48
789.015 -6629.92 -7609.52 10123.9 1 1
275.329 -4540.58 -9983.4 10971.4 -1 1
3120.33 443.731 4138.18 5202.79 -1 2
1321.45 -1679.29 992.978 2358.69 1 2
event 93
-4069.39 -9750.54 -27264.2 29403.4
11432.9 5227.23 11252.6 17153.6
6089.44 1499.2 4183.44 7539.31 -1 2
-1430.41 -2260.48 -10755.1 11083.3 -1 1
-2638.98 -7490.07 -16509.1 18320.1 1 1
5343.41 3728.03 7069.19 9614.3 1 2
event 94
3502.79 8035.36 61.5516 9296.8
-7070.15 -2550.53 17252.5 19071.7
3208.19 4247.24 -841.755 5389.92 -1 1
294.599 3788.11 903.307 3906.88 1 1
-2413.27 -1258.38 3152.71 4166.32 -1 2
-4656.88 -1292.15 14099.8 14905.4 1 2
event 95
-7594.26 -5905.02 -37876.6 39201.7
-1441.13 5658.32 3762.3 7605.24
-1127.35 3254.16 3862.97 5176.31 1 2
-2227.26 -3546.17 -17807.5 18293.6 -1 1
-313.781 2404.16 -100.664 2428.94 -1 2
-5367 -2358.85 -20069.1 20908.1 1 1
event 96
6613.05 -4612.55 6598.56 10869.2
-3173.41 -5283.12 5926.27 9093.59
-3219.98 -2446.43 3754.69 5519.25 -1 2
3132.17 -2219.7 5103.77 6387.26 -1 1
3480.88 -2392.86 1494.79 4481.95 1 1
46.5678 -2836.69 2171.58 3574.34 1 2
event 97
-2452.15 12787.9 -4910.05 14395.7
-11213.9 611.772 21161 24155.8
-6628.36 56.9785 9251.56 11381.6 -1 2
-2592.52 4610.16 -1256.84 5437.42 -1 1
140.369 8177.7 -3653.21 8958.32 1 1
-4585.51 554.793 11909.5 12774.2 1 2
event 98
-4683.51 1537.79 -16403.7 17406.2
-13422.9 -1938.38 -9820.21 17028.2
-2116.23 2313.39 -8970.26 9502.99 1 1
-2567.28 -775.591 -7433.46 7903.16 -1 1
-8652.05 -2704.1 -6054.74 10901.4 1 2
-4770.81 765.718 -3765.47 6126.73 -1 2
event 99
-2603.12 4080.47 -22543 23263.8
-8028.25 3960.53 -961.721 9521.26
-2824.03 2086.36 -11000.1 11547.4 -1 1
220.908 1994.12 -11542.9 11716.5 1 1
-4625.48 1684.64 -1970.93 5303.65 1 2
-3402.77 2275.89 1009.21 4217.6 -1 2
event 100
-4926.4 -1873.25 -2635.19 6656.84
-9334.71 1367.28 -5825.74 11512.5
-2409.27 -2536.81 -1674.55 3880.11 1 1
-2517.13 663.559 -960.632 2776.73 -1 1
-5483.48 -604.428 -4000.86 6815.57 1 2
-3851.22 1971.71 -1824.87 4696.9 -1 2
event 101
9103.24 11.0245 36731.9 37969.7
-3229.91 8733.92 2665 10169.2
-621.204 5964.37 1853.76 6277.51 1 2
4039.25 1069.8 12146.3 12845.4 -1 1
-2608.71 2769.55 811.233 3891.66 -1 2
5063.99 -1058.77 24585.6 25124.3 1 1
event 102
4519.85 -4174.94 32692.1 33409.9
-9907.34 -1054.21 -14942.1 18224.3
-3019.55 601.549 -6572.16 7258.38 -1 2
2698.23 -451.938 13587.7 13860.8 1 1
-6887.78 -1655.76 -8369.96 10965.9 1 2
1821.61 -3723 19104.4 19549.1 -1 1
event 103
-7645.29 -4141.11 -12898.4 15860.7
-9069.6 3830.6 -13068 16652.2
-7448.25 2101.85 -11286.1 13685.1 1 2
-3174.99 -1256.52 -2688.34 4347.16 1 1
-1621.35 1728.75 -1781.96 2967.13 -1 2
-4470.3 -2884.59 -10210.1 11513.5 -1 1
event 104
-11158.3 11671.9 -27047.9 31653.1
-3927.72 -10347.9 -2897.47 11853
-2276.43 -6021.52 -94.7453 6439.02 1 2
-3794.81 6108.99 -12627.2 14531.9 -1 1
-1651.29 -4326.38 -2802.72 5413.94 -1 2
-7363.47 5562.94 -14420.7 17121.2 1 1
event 105
9053.77 3873.33 -5174.48 11547.3
-3420.37 9543.62 21815 24254.2
-2263.28 7215.3 12760.9 14833.6 1 2
4363.36 1648.2 -4172.19 6258.9 1 1
-1157.08 2328.33 9054.1 9420.61 -1 2
4690.41 2225.13 -1002.3 5288.37 -1 1
event 106
7266.76 -178.897 -9623.36 12451.4
7138.45 3794.81 12342.2 15075.7
3996.64 -704.045 -7463.02 8495.69 -1 1
3270.12 525.148 -2160.33 3955.72 1 1
4795.67 2575.43 10580.8 11899.4 -1 2
2342.78 1219.38 1761.34 3176.32 1 2
event 107
-7376.22 -4235.67 2618.41 9423.19
-3386.74 7063.37 -19162.8 20932.3
-261.976 3799.75 -7234.22 8176.3 1 2
-2034.83 223.981 216.825 2061.28 -1 1
-5341.39 -4459.65 2401.58 7361.91 1 1
-3124.77 3263.62 -11928.5 12756 -1 2
event 108
3882.32 -2652.54 8615.26 10291.8
10063.8 6875.5 -39757.7 41699.1
3176.24 -750.433 3494.21 4782.5 -1 1
706.082 -1902.11 5121.05 5509.35 1 1
5381.92 3172.21 -15374.1 16595.2 -1 2
4681.86 3703.29 -24383.6 25103.9 1 2
event 109
74.107 10797.5 2956.28 11615.6
390.999 -6551.4 -5746.25 9256.58
1528.32 6987.16 1914.75 7404.97 1 1
-1454.21 3810.3 1041.53 4210.59 -1 1
1279.72 -1815.73 -2916.82 3667.91 -1 2
-888.718 -4735.68 -2829.43 5588.67 1 2
event 110
1706.61 -6096.48 -8471.57 11019.9
2038.2 -9651.5 -15734.8 18827.7
-770.842 -2971.1 -4158.93 5170.06 -1 2
1674.42 -1722.58 -1651.7 2917.23 1 1
2809.04 -6680.4 -11575.9 13657.6 1 2
32.1909 -4373.9 -6819.87 8102.71 -1 1
event 111
-10578.8 -5279.58 19451.4 22972.4
-8518.32 1873.51 -19652.9 21723.2
-6836.78 -1790.19 10400.1 12574.5 -1 1
-3741.98 -3489.39 9051.34 10397.9 1 1
-2161.68 -760.712 -3762.57 4406.78 -1 2
-6356.64 2634.22 -15890.3 17316.5 1 2
event 112
6282.72 8473.7 5525.44 12304.4
3337.76 4336.88 -13800 15165
2289.77 5138.34 1810.28 5910.49 1 1
3992.95 3335.36 3715.16 6393.89 -1 1
2095.61 2192.48 -11061.4 11470.1 -1 2
1242.15 2144.4 -2738.61 3694.93 1 2
event 113
3616.5 -4088.08 24891.3 25670.2
-2251.81 -9580.25 -32760.9 34347.1
2911.42 -1563.57 9548.3 10104.6 -1 1
705.078 -2524.51 15343 15565.6 1 1
39.4353 -6300.5 -20878.9 21809.1 -1 2
-2291.25 -3279.75 -11882.1 12538 1 2
event 114
-3622.32 -25948.4 78718.5 83021.9
-12123.9 -5633.81 -3496.55 14161.4
-6948.8 -2124.9 -3083.69 7894.39 1 2
-2913.59 -11944.8 33883.5 36045.4 -1 1
-5175.13 -3508.91 -412.856 6267.06 -1 2
-708.736 -14003.6 44835 46976.5 1 1
event 115
18156.9 -31400.5 114320 119977
-5457.75 -1848.03 -1330.8 6675.83
13217.2 -19956.1 75803.4 79492.8 1 1
4939.73 -11444.4 38516.8 40483.7 -1 1
-3581.74 40.6763 225.13 3590.59 -1 2
-1876.01 -1888.7 -1555.93 3085.24 1 2
event 116
6077.02 224.989 -2970.25 7442.69
-5943.73 8277.59 -21592.7 24076.6
3384.81 -264.805 8.02697 3396.8 1 1
2692.21 489.794 -2978.28 4045.89 -1 1
-3420.76 3818.05 -7536.92 9115.67 -1 2
-2522.97 4459.54 -14055.8 14960.9 1 2
event 117
399.157 9203.75 28870.3 30462.3
5238.07 -8138.28 25953.9 27872.3
3265.89 -2693.15 13251.6 13911.7 1 2
544.032 4106.63 8403.98 9370.08 1 1
1972.17 -5445.13 12702.3 13960.6 -1 2
-144.874 5097.12 20466.3 21092.2 -1 1
event 118
-8642.12 4300.24 -4555.82 11114.3
-6108.88 -3212.6 -7944.06 10969.9
-6092.7 2307.85 -4420.86 7874.15 -1 1
-2549.42 1992.4 -134.964 3240.15 1 1
-2598.7 -1270.13 -1223.76 3142.49 -1 2
-3510.18 -1942.47 -6720.3 7827.39 1 2
event 119
-144.27 9106.53 6935.6 11859.3
-4950.38 -4677.69 6126.24 9669.97
-4209 -2013.21 4360.31 6386.87 -1 2
895.814 4242.87 4729.13 6417.18 -1 1
-1040.08 4863.67 2206.47 5442.12 1 1
-741.379 -2664.48 1765.93 3283.1 1 2
event 120
-53.51 -8877.18 33409.9 34707.6
-1698.01 18560 -47332.1 50963.5
-464.286 -4437.89 11242.2 12095.8 1 1
410.776 -4439.29 22167.7 22611.8 -1 1
-374.046 13995.6 -32480.7 35369.8 -1 2
-1323.96 4564.4 -14851.5 15593.7 1 2
