event 0
12719.9 664.866 -20334.3 24193.2
-10061.8 11216.8 -38062.5 41053.7
-3893.17 6162.86 -20722.2 21967.2 1 2
4243.14 -1078.87 -8083.14 9193.28 1 1
8476.72 1743.74 -12251.2 14999.9 -1 1
-6168.67 5053.9 -17340.4 19086.5 -1 2
event 1
6173.6 -505.829 -449.532 6939.92
-15023.1 -4708.48 -7126.38 17556.7
3473.14 1217.46 123.262 3683.92 1 1
2700.46 -1723.29 -572.794 3255.99 -1 1
-10113.9 -2453.37 -6078.17 12052.6 1 2
-4909.19 -2255.11 -1048.21 5504.14 -1 2
event 2
-2126.55 6350.54 -1376.01 7505.72
5733.33 -5517.81 -3535.57 9241.66
2405.79 -1863.8 191.02 3051.1 1 2
-244.705 2467.88 882.62 2634.48 -1 1
3327.55 -3654.01 -3726.59 6190.56 -1 2
-1881.85 3882.66 -2258.63 4871.24 1 1
event 3
181.496 10847.8 -3929.03 12113.3
-5030.93 -4810.19 -7744.06 10863.2
-1145.79 6986.51 -1150.71 7173.52 1 1
1327.29 3861.26 -2778.32 4939.76 -1 1
-2566.07 -552.834 -3421.42 4313.65 -1 2
-2464.87 -4257.35 -4322.64 6549.58 1 2
