event 0
9394.84 15.2004 -36762.9 38070.5
8138.16 3186 -10051.9 13675.3
5795.57 -1214.1 -18869.1 19776.7 1 1
3599.26 1229.3 -17893.8 18293.9 -1 1
6265.35 1912.85 -9107.8 11219.5 -1 2
1872.81 1273.15 -944.149 2455.79 1 2
event 1
7677.54 -2096.53 -8720.17 12205.4
-3570.45 -4209.58 -1349.52 6773.43
-3920.11 -2141.94 -1369.99 4673.67 1 2
3992.32 393.553 -3317.47 5206.75 -1 1
349.664 -2067.64 20.4626 2099.76 -1 2
3685.23 -2490.08 -5402.69 6998.69 1 1
event 2
-4989.02 -1771.04 5544.4 8267.92
-6877.45 -7994.37 42899.1 44284.7
-2368.16 -2250.44 4073.25 5222.56 1 1
-2620.86 479.399 1471.15 3045.35 -1 1
-4595.21 -3342.91 19088.8 19917 -1 2
-2282.23 -4651.46 23810.3 24367.7 1 2
event 3
-8779 840.712 -33193.4 34484.3
-850.549 -8700.25 42274 43279.4
607.727 -3096.32 9895.69 10387.1 1 2
-2172.84 1423 -7091.11 7552.56 1 1
-6606.16 -582.288 -26102.3 26931.8 -1 1
-1458.28 -5603.93 32378.3 32892.2 -1 2
event 4
7099.78 729.94 5780.4 9692.55
-8558.71 7140.2 6607.2 13322.2
-2168.16 3744.26 2611.75 5054.98 1 2
2761.43 827.086 4153.62 5057 1 1
-6390.55 3395.94 3995.45 8267.18 -1 2
4338.36 -97.1458 1626.78 4635.55 -1 1
