event 0
-6808.5 -5236.44 -4086.51 10003.3
1676.59 8906.77 38694.1 39861.8
1923.83 5412.11 28743.5 29312 1 2
-3682.52 -992.791 -2199 4403.79 -1 1
-247.245 3494.66 9950.54 10549.8 -1 2
-3125.98 -4243.65 -1887.51 5599.48 1 1
event 1
8321.39 -9037.35 -6784.26 14371.4
-4448.4 6499.59 9392.51 12643
6393.42 -5034.87 -5177.71 9646.01 -1 1
1927.97 -4002.49 -1606.55 4725.37 1 1
-1921.36 1353.65 4612.91 5178.23 -1 2
-2527.04 5145.94 4779.6 7464.74 1 2
event 2
-5762.91 2165.67 8184.83 10699.7
2513.9 -10073.7 19021.5 21890.8
-3466.78 2433.09 3582.39 5548.26 1 1
-2296.13 -267.421 4602.43 5151.43 -1 1
317.304 -5360.58 12051.9 13194.6 1 2
2196.6 -4713.13 6969.58 8696.25 -1 2
event 3
-4965.37 6956.36 -5700.7 10730.1
2108.05 8265.47 36699 37804.4
-99.9476 4000.64 12237.6 12875.8 -1 2
-1671.8 2350.74 -295.722 2901.65 -1 1
-3293.57 4605.61 -5404.98 7828.43 1 1
2208 4264.83 24461.4 24928.6 1 2
event 4
-7348.09 -3274.1 9141.49 12564.7
5617.52 27767.7 9906.52 30171.7
-5064.73 -3717.09 6418.79 8982.22 -1 1
-2283.36 442.995 2722.7 3582.48 1 1
4664.24 16538.8 5151.11 17939.7 1 2
953.276 11228.9 4755.41 12232 -1 2
event 5
-3243.67 -6168.5 17235 18847
-9419.76 -2261.09 5160.73 11404.8
-3607.64 -1898.74 3429.63 5328.59 1 2
-2037.59 -2075.54 10303.7 10706.9 1 1
-5812.12 -362.349 1731.1 6076.17 -1 2
-1206.07 -4092.96 6931.3 8140.08 -1 1
