event 0
-16091.6 7706.82 -23438.7 29619.2
-4639.6 -1557.9 1612.89 6012.01
-12021.4 6994.46 -19091.4 23620.6 -1 1
-4070.19 712.359 -4347.29 5998.67 1 1
-3465.46 98.0858 1906.94 3958.11 -1 2
-1174.14 -1655.98 -294.053 2053.91 1 2
event 1
-7373.01 5501.63 28109.3 29738.2
8176.92 2091.07 -5651.3 10619
6495.65 558.164 -5093.45 8274.02 1 2
-2380.76 2028.04 14461.9 14796.5 -1 1
1681.27 1532.91 -557.843 2344.96 -1 2
-4992.26 3473.59 13647.5 14941.7 1 1
event 2
10234.1 1959.54 -9876.23 14687
1652.31 -4351.09 15830.6 16788.7
2452.96 -2419.16 10897.6 11429.7 1 2
4596.8 2436.04 -5023.94 7232.98 -1 1
-800.647 -1931.94 4932.93 5358.96 -1 2
5637.31 -476.505 -4852.3 7454.01 1 1
event 3
6711.53 -1711.06 6029.79 9895.36
-10238 -4598.89 3249.45 12087.9
-3607.7 -190.954 1617.89 3959.89 -1 2
1838.4 1171.19 1607.17 2710.27 -1 1
-6630.32 -4407.93 1631.56 8127.99 1 2
4873.13 -2882.25 4422.61 7185.09 1 1
event 4
22222.1 14938.6 39330.2 47680.6
4405.7 6588.52 3137.73 9069.43
3460.66 3305.73 2999.11 5648.88 1 2
9309.15 4699.38 16617.9 19619.1 -1 1
945.038 3282.79 138.618 3420.55 -1 2
12912.9 10239.2 22712.4 28061.5 1 1
event 5
-2557.91 5774.45 -10261.1 12440.5
-4047.37 -12630.7 18172.4 22710
-1606.77 -2847.86 2699.3 4241.39 -1 2
-1502.05 1909.71 -6516.96 6955.94 1 1
-2440.6 -9782.83 15473.1 18468.6 1 2
-1055.87 3864.74 -3744.1 5484.57 -1 1
event 6
5341.22 8472.07 27886.3 29791.7
-3734.35 -5326.66 -26552.9 27513
-1519.6 -3066.22 -19266.9 19568.8 1 2
1610.64 4473.49 16291.9 16971.8 -1 1
-2214.75 -2260.44 -7285.92 7944.21 -1 2
3730.58 3998.58 11594.4 12819.8 1 1
event 7
5731.71 -2610.73 -7817.22 10505.6
-3515.42 8815.85 26576.7 28389.9
-2363.72 2656.73 7311.62 8131.2 -1 2
1234.32 -2022.54 -3601.98 4312.73 -1 1
-1151.7 6159.12 19265.1 20258.7 1 2
4497.4 -588.191 -4215.25 6192.9 1 1
event 8
2248.04 -5116.94 7359.03 9745.93
-5319.01 -13641.4 55760.3 57733.6
1447.27 -2796.97 6352.73 7091.26 1 1
800.765 -2319.96 1006.3 2654.67 -1 1
-3096.54 -6892.05 34472.9 35291.4 -1 2
-2222.47 -6749.33 21287.3 22442.2 1 2
