event 0
-2234.44 6722.3 -7418.72 10714.8
-2834.6 -9529.9 14983.4 18246.9
-1799.93 -3805.14 8804.63 9759.69 -1 2
-1953.01 1459.45 -2002.74 3156.96 -1 1
-1034.67 -5724.76 6178.81 8487.18 1 2
-281.429 5262.85 -5415.98 7557.83 1 1
event 1
-3052.15 -9035.15 -13881.5 17124.1
-2396.09 -4880.29 2034.28 6579.33
-295.224 -5291.37 -8435.74 9962.86 -1 1
-2756.93 -3743.77 -5445.72 7161.25 1 1
-2174.73 -2800.88 -153.654 3550.94 -1 2
-221.367 -2079.41 2187.94 3028.39 1 2
event 2
-4483.86 -33.8159 -871.357 5518.77
2920.13 9959.74 -2143.84 11041.3
-2712.69 1480.74 -237.81 3101.45 -1 1
-1771.17 -1514.55 -633.547 2417.32 1 1
425.893 6663.49 -1011.05 6754.02 -1 2
2494.24 3296.26 -1132.79 4287.3 1 2
event 3
-4590.3 -5103.54 876.862 7581.35
-2680.72 9335.71 9213.22 13741
364.184 3573.6 4133.93 5477.57 -1 2
-2137.35 -588.602 1014.19 2440.18 -1 1
-3044.91 5762.11 5079.3 8263.4 1 2
-2452.95 -4514.93 -137.328 5141.17 1 1
