event 0
6771.99 1825.95 20010.9 21429.4
7107.4 2815.9 -12029.4 14585.7
3268.64 -210.601 -5855.11 6709.83 1 2
2062.6 1509.08 4096.54 4829.54 -1 1
3838.75 3026.5 -6174.28 7875.83 -1 2
4709.39 316.875 15914.4 16599.9 1 1
event 1
-2417.85 -9141.23 20026.4 22361.9
-6513.41 -247.961 14768.2 16437
-4086.37 -819.347 12031.4 12733.2 -1 2
-2187.03 -3260.2 9875 10627.3 -1 1
-230.819 -5881.03 10151.4 11734.6 1 1
-2427.04 571.386 2736.8 3703.81 1 2
event 2
6961.05 -6617.34 27617.9 29403.9
-8444.93 4686.6 1743.58 10291.4
-4159.32 1261.88 -473.383 4373.51 -1 2
1730.8 -3516.89 8974.24 9793.49 1 1
5230.25 -3100.45 18643.7 19610.4 -1 1
-4285.61 3424.72 2216.96 5917.88 1 2
event 3
6779.87 -6000.15 -18259.8 20615.1
3201.35 4432.37 -19602.9 20585.5
523.614 3321.32 -9729.31 10294.5 1 2
4186.08 -1781.5 -9943.36 10935.2 -1 1
2677.74 1111.05 -9873.64 10291 -1 2
2593.79 -4218.65 -8316.49 9679.87 1 1
event 4
-5797.61 -1709.13 -176.717 6793.8
12285.4 9169.62 50810.4 53163
-3296.31 16.3605 1127.33 3485.39 -1 1
-2501.3 -1725.49 -1304.04 3308.4 1 1
9632.7 6038.32 33667 35534.9 1 2
2652.67 3131.3 17143.4 17628.1 -1 2
event 5
10524 1419.47 -1641.05 11182.7
-5715.84 4155.57 -998.173 7779.9
-4388.2 1406.63 -1039.23 4725.04 1 2
4293.75 1849.38 170.427 4679.39 -1 1
-1327.65 2748.94 41.0526 3054.86 -1 2
6230.2 -429.916 -1811.48 6503.29 1 1
event 6
3347.19 -4712.61 4374.65 7882.95
4173.28 -5667.7 -8974.9 11818.6
1047.05 -2995.25 -5836.32 6643.92 -1 2
168.294 -2016.75 291.87 2047.43 1 1
3178.89 -2695.86 4082.78 5835.52 -1 1
3126.23 -2672.44 -3138.58 5174.66 1 2
event 7
6196.02 -6496.01 -37756.7 38932.6
7053.03 4740.24 8137.22 12166.4
3001.79 2398.07 5738.61 6906.83 -1 2
3221.48 -1578.05 -11202.4 11763.2 -1 1
2974.54 -4917.95 -26554.3 27169.4 1 1
4051.24 2342.17 2398.61 5259.54 1 2
event 8
9200.07 -2242.92 -10534.2 14499.4
-3103.13 -3306.15 -6310.13 8364.71
5005.15 -1596.29 -7948.08 9528 -1 1
4194.92 -646.627 -2586.09 4971.37 1 1
-1051.93 -2933.74 -2410.18 3941.26 -1 2
-2051.2 -372.414 -3899.96 4423.45 1 2
event 9
3207.05 -5462.5 -3741.75 7982.24
2508.78 -15978.3 42788.9 45848.5
679.564 -3611.77 -3038.91 4769.99 -1 1
2527.48 -1850.73 -702.842 3212.25 1 1
290.25 -9602.4 22487.5 24453.8 -1 2
2218.53 -6375.86 20301.5 21394.7 1 2
