event 0
30602.8 904.888 39843.9 50343.6
2843.27 5905.23 -2134.37 7556.59
154.103 3614.25 -1690.77 3994.55 1 2
8027 -1053.95 9806.48 12717 -1 1
2689.17 2290.98 -443.596 3562.04 -1 2
22575.8 1958.84 30037.5 37626.6 1 1
event 1
10847 1789.18 12822 17171.2
-10860.3 -3124.65 -18348.6 21862.7
-4297.84 -2075.06 -10780.9 11790.5 -1 2
2405.14 1306.24 4736.77 5471.67 1 1
8441.82 482.933 8085.25 11699.6 -1 1
-6562.45 -1049.59 -7567.76 10072.2 1 2
event 2
-7024.73 -3014.32 6579.39 10550.5
-8160.71 -4062.99 11144.3 14727.3
-4182.36 -372.345 4858.57 6422.44 1 2
-2297.99 427.709 2473.73 3405.03 1 1
-4726.73 -3442.03 4105.66 7145.43 -1 1
-3978.35 -3690.65 6285.76 8304.82 -1 2
event 3
-5149.38 -2849.96 26558.4 27378.4
-9300.45 5065.5 37964.5 39535.5
-3389.67 243.036 12243.9 12707.2 -1 2
-2239.48 329.957 7318.3 7661.13 1 1
-5910.78 4822.46 25720.6 26828.2 1 2
-2909.9 -3179.92 19240.1 19717.3 -1 1
