event 0
8450.18 -1054.24 8413.45 12365
11395.9 -16051.3 7918.82 21443.2
5047.16 -328.393 2862.01 5812.39 -1 1
3403.02 -725.847 5551.44 6552.64 1 1
8456.46 -9341.83 4953.32 13539.9 1 2
2939.42 -6709.44 2965.5 7903.3 -1 2
event 1
1126.58 5867.37 -27174.8 27995.6
-11345.7 325.523 -887.06 11798.7
-610.424 3908.13 -19125.8 19530.9 -1 1
1737.01 1959.24 -8048.95 8464.79 1 1
-7255.68 1109.11 -1745.56 7545.41 -1 2
-4090.03 -783.583 858.505 4253.3 1 2
event 2
-11998.6 3890.79 -37379.1 39571.4
6503.08 -6468.65 40391.8 41535.8
-7401.65 3871.3 -25496.6 26830.2 -1 1
-4596.92 19.4925 -11882.5 12741.1 1 1
3472.75 -2531.05 24842.1 25211.2 -1 2
3030.33 -3937.6 15549.7 16324.6 1 2
event 3
5348.7 8760.83 940.643 10762.8
3233.88 5421.26 -2387.79 7425.68
1586.99 3821.39 -2921.13 5066.14 1 2
1202.38 4463.1 -402.304 4640.91 -1 1
1646.89 1599.86 533.341 2359.54 -1 2
4146.31 4297.73 1342.95 6121.85 1 1
event 4
5375.53 -3405.97 700.251 7111.84
-2197.82 -8192.94 -14538.1 17114.4
3988.99 -808.105 -48.1172 4071.68 -1 1
1386.54 -2597.86 748.368 3040.17 1 1
-2422.09 -4113 -9451.95 10589.3 1 2
224.265 -4079.94 -5086.16 6525.06 -1 2
event 5
-8346.8 2635.22 38764 39860.4
6614.35 -616.433 14120.2 15909.1
3249.92 -1250.49 9768.26 10370.9 1 2
-3410.38 2284.79 13289.8 13909.7 1 1
3364.43 634.052 4351.95 5538.23 -1 2
-4936.42 350.433 25474.2 25950.6 -1 1
event 6
10578.5 5103.59 -39401.3 41231.1
7423.62 -417.393 -3090.02 8626.92
4212.57 1110.14 -2491.01 5019.41 -1 2
3305.79 1334.69 -7658.2 8448.01 1 1
7272.75 3768.9 -31743.1 32783.1 -1 1
3211.05 -1527.54 -599.011 3607.52 1 2
