event 0
4475.84 6605.07 -7794.72 11576.2
-3201.95 6104.94 4341.91 8715.82
-1009.33 4276.12 1394.37 4610.79 -1 2
1699.24 3067.86 -1444.51 3794.33 1 1
2776.6 3537.21 -6350.22 7781.89 -1 1
-2192.62 1828.82 2947.54 4105.04 1 2
event 1
-6613.6 3290.23 -39731.2 40530.6
-8786.52 -3260.15 1252.91 9949.34
-2969.41 3000.12 -17616.7 18115.7 -1 1
-3644.2 290.105 -22114.5 22414.9 1 1
-6152.86 -3626.96 397.791 7154.16 -1 2
-2633.65 366.808 855.115 2795.19 1 2
event 2
5050.78 640.337 -17878.5 18845.5
17939.3 3331.54 15805.8 24337.8
2469.71 1704.89 -11426.2 11814.2 1 1
2581.07 -1064.55 -6452.35 7031.3 -1 1
12792.5 1572.85 9513.23 16019.8 1 2
5146.81 1758.69 6292.52 8318.03 -1 2
event 3
-6767.94 6466.59 16018.8 18810
7249.43 7656.98 -13924.2 17738.6
-3096.3 4315.76 6588.85 8463.86 1 1
-3671.63 2150.83 9429.97 10346.1 -1 1
5506.93 4386.61 -10789.4 12883.8 -1 2
1742.5 3270.37 -3134.77 4854.85 1 2
event 4
-4391.01 -6711.92 -29205.6 30444.8
-6361.51 5450.39 -11217.8 14339
-3990.22 1763.7 -4153.72 6024.7 1 2
-1486.51 -2335.91 -15902.4 16142 -1 1
-2904.5 -4376.01 -13303.2 14302.9 1 1
-2371.29 3686.7 -7064.09 8314.28 -1 2
event 5
7471.22 -936.316 13057.4 15387.7
2660.28 7283.35 -11895.6 14533.4
3306.5 5295.74 -8552.11 10589 1 2
2902.25 -766.294 2594.49 3968.98 -1 1
-646.22 1987.61 -3343.47 3944.38 -1 2
4568.97 -170.022 10462.9 11418.7 1 1
