event 0
7412.86 1035.54 -1105.6 8175.34
-11517.6 4647.24 32226.9 34675.9
-3689.38 2424.36 8281.92 9385.65 -1 2
3172.07 -627.392 -1568.63 3595.48 1 1
-7828.25 2222.87 23945 25290.3 1 2
4240.79 1662.93 463.032 4579.87 -1 1
event 1
6216.65 -5504.01 -11348.6 14536.9
7264.03 1195.35 183.668 7988.73
3885.82 2117.41 -369.578 4441.94 -1 2
3927.64 -1273.35 -6536.4 7731.98 1 1
2289.01 -4230.65 -4812.24 6804.91 -1 1
3378.21 -922.056 553.247 3546.79 1 2
event 2
1500.43 -5815.26 -10946.3 12863.9
-3815.6 -6798.4 -15526.9 17648
-1734.73 -3223.28 -4111.87 5506.13 1 2
-714.631 -2003.68 -5209.81 5628.38 1 1
2215.06 -3811.58 -5736.46 7235.52 -1 1
-2080.87 -3575.12 -11415.1 12141.9 -1 2
event 3
-5537.04 -13601.6 -43640.9 46149.6
9904.09 6198.75 6887.09 13911.8
8623.12 4536.86 6650.67 11797.6 -1 2
-1638.42 -4018.03 -8923.71 9923.35 -1 1
-3898.62 -9583.6 -34717.2 36226.2 1 1
1280.97 1661.88 236.42 2114.19 1 2
event 4
-4603.26 -2864.58 -21589.2 22474
-8569.43 -1934.75 12061.4 15239.6
-3229.54 246.77 2585.96 4145.99 -1 2
-2091.93 330.022 -6005.22 6368.59 1 1
-5339.89 -2181.52 9475.41 11093.6 1 2
-2511.33 -3194.61 -15584 16105.4 -1 1
event 5
9702.32 -2467.47 49964.7 51051.8
3419.68 3190.88 -6408.11 8516.48
5518.51 -2705.44 25489.3 26220 -1 1
4183.82 237.974 24475.4 24831.8 1 1
1127.09 2862.21 -4773.29 5679.62 -1 2
2292.59 328.668 -1634.82 2836.86 1 2
event 6
6351.7 2558.96 1112.59 7597.5
4930.8 4437.33 25523.7 26552.9
3986.31 486.078 1758.07 4385.08 -1 1
2365.39 2072.88 -645.476 3212.43 1 1
2867.1 4398.06 17973.1 18724.5 -1 2
2063.7 39.2726 7550.65 7828.4 1 2
event 7
10948.1 5133.35 26411.2 29280.6
-3445.79 6729.23 -13488.9 15770.2
-2226.26 2695.9 -8775.98 9447.38 -1 2
2748.62 602.086 3272.78 4317.37 1 1
8199.52 4531.27 23138.5 24963.2 -1 1
-1219.53 4033.33 -4712.93 6322.81 1 2
