event 0
5031.33 -5652.74 -3038.79 8723.13
-11059.2 10724.8 11459.3 19448.3
1482.52 -3986.59 -1610.98 4549.41 1 1
3548.81 -1666.15 -1427.81 4173.72 -1 1
-8689.3 8218.55 10368 15828.9 -1 2
-2369.86 2506.26 1091.28 3619.34 1 2
event 1
4347.72 7990.05 27588.9 29214.4
3539.54 -3762.6 4644.1 7605.53
3563.96 3339.58 14576.8 15373.7 -1 1
783.764 4650.46 13012.1 13840.7 1 1
2723.32 -1477.75 1060.6 3276.62 -1 2
816.221 -2284.84 3583.5 4328.9 1 2
event 2
8337.86 -23539.7 27507.7 37281.4
4445.55 2153.06 5237.1 7836.85
3444.31 -5.49132 2988.71 4561.45 1 2
3214.34 -5253.63 6217.71 8752.35 -1 1
1001.24 2158.55 2248.39 3275.4 -1 2
5123.52 -18286.1 21290 28529.1 1 1
event 3
6634.93 -4076.71 -2333.48 8699.29
-6995.49 -3429.01 -9842.58 12929.1
-3602.02 -134.238 -4938.76 6115.16 1 2
2195.6 -681.898 -2082.91 3104.08 1 1
4439.34 -3394.81 -250.569 5595.21 -1 1
-3393.46 -3294.77 -4903.81 6813.93 -1 2
event 4
2497.22 6129.09 9387.1 11895.8
8072.32 3274.33 16420.8 18844.6
3096.82 2588.57 5492.32 6816.72 1 2
1872.17 1363.63 1897.24 2995.86 1 1
4975.5 685.761 10928.5 12027.9 -1 2
625.047 4765.46 7489.86 8899.97 -1 1
event 5
4241.67 -4005.66 -28085.8 28852.1
-28.7402 -14000.9 26052.4 29738
3904.14 -1978.02 -21884.4 22318 1 1
337.537 -2027.65 -6201.36 6534.02 -1 1
-1544.61 -7600.15 13725.3 15765.3 1 2
1515.87 -6400.79 12327.1 13972.7 -1 2
event 6
9107.3 4536.72 27011.7 29030.1
20927.7 5769.01 34242.8 40662.1
6970.45 4652.23 23045.5 24522.2 -1 1
2136.86 -115.507 3966.19 4507.92 1 1
12558 2509.45 22336.9 25747.8 -1 2
8369.62 3259.56 11905.9 14914.3 1 2
event 7
-5395.55 -1453.44 9318.05 11297.9
-1499.2 -9447 3660.1 10699.5
-3577.14 -2330.25 5358 6851.66 1 1
-1818.41 876.808 3960.05 4446.19 -1 1
746.596 -4982.19 1533.98 5267.25 -1 2
-2245.8 -4464.81 2126.12 5432.28 1 2
event 8
9119 -10821.9 -55643.9 57498.7
-5037.16 10023.5 -27264.6 29644.5
4780.65 -6033.97 -36183.4 36993.4 1 1
4338.35 -4787.97 -19460.5 20505.3 -1 1
-4088.09 7677.71 -23894.9 25429 -1 2
-949.063 2345.81 -3369.79 4215.47 1 2
