event 0
6263.41 -6891.59 3752.11 10506.9
4089.93 6527.73 -1567.75 8449.09
2196.9 2884.94 -2274.88 4282 -1 2
1655.06 -1467.41 2392.36 3259.92 -1 1
4608.35 -5424.18 1359.75 7246.98 1 1
1893.03 3642.79 707.125 4167.09 1 2
event 1
1587.32 -8923.72 22363.1 24328
2696.15 3303.89 12536.8 13599.6
2951.47 1287.59 8146.74 8760.69 1 2
261.37 -4482.39 7332.97 8599.05 1 1
-255.318 2016.3 4390.08 4838.87 -1 2
1325.95 -4441.33 15030.1 15728.9 -1 1
event 2
2056.38 8279.66 3508.45 9730.45
6201.68 -6057.66 -2066.21 9434.83
3096.23 -4352.56 -2435.17 5871.34 1 2
-270.747 4016.93 2585.22 4785.77 -1 1
3105.45 -1705.11 368.961 3563.49 -1 2
2327.12 4262.73 923.223 4944.68 1 1
event 3
-11586.2 -4514.49 10188.8 16371.4
4473.3 -3320.4 -232.662 6378.13
-5872.78 -2080.78 3144.18 6979.7 1 1
-5713.41 -2433.71 7044.66 9391.72 -1 1
1950.37 -2363.89 -1478.6 3404.31 -1 2
2522.94 -956.514 1245.93 2973.83 1 2
event 4
-10317.7 -1558.78 2375.72 11140.9
5521.38 -5957.49 -5413.94 10241
-5421.07 -144.314 2647.64 6035.73 1 1
-4896.6 -1414.47 -271.923 5105.15 -1 1
2708.52 -4849.32 -4269.81 7006.74 -1 2
2812.86 -1108.17 -1144.13 3234.26 1 2
event 5
6900.04 11806.2 -16528.8 21674.7
853.028 -5323.24 3402.59 7087.57
-721.286 -4025.97 1708.6 4433.86 1 2
3812.54 3866.85 -5395.09 7655.47 1 1
1574.31 -1297.27 1694 2653.71 -1 2
3087.5 7939.37 -11133.7 14019.2 -1 1
event 6
-12552.5 -3041.8 33616.7 36145.4
6035.97 1843.13 -1657.87 7222.85
3479.04 2306.14 -70.2578 4175.9 1 2
-3712.85 -2379.61 11671.8 12477.6 1 1
2556.93 -463.007 -1587.61 3046.95 -1 2
-8839.69 -662.188 21944.9 23667.9 -1 1
event 7
13349.4 1867.19 -2591.82 14071.4
7242.4 -1268.07 691.011 8008.02
4886.74 -2029.55 1313.59 5453.07 -1 2
3588.77 1022.85 569.413 3776.36 1 1
9760.65 844.347 -3161.23 10295 -1 1
2355.66 761.476 -622.579 2554.95 1 2
event 8
4061.69 -3793.69 2167.84 6721.59
-35708.6 3458.09 132820 137614
2606.31 -1707.81 -354.604 3137.89 -1 1
1455.38 -2085.87 2522.45 3583.7 1 1
-28870.4 2151.28 110824 114543 1 2
-6838.24 1306.81 21995.3 23071.1 -1 2
event 9
-6223.51 -2367.32 7528.86 10517.2
-4369.15 6540.52 -38205.7 39129.7
-2754.92 1458.01 -14360.1 14694.8 1 2
-2246.45 606.323 2977.17 3780.07 1 1
-1614.23 5082.51 -23845.6 24434.8 -1 2
-3977.06 -2973.64 4551.69 6737.1 -1 1
