event 0
8820.25 3815.9 5447.46 11645.6
-557.964 -6384.51 22252.1 23362.8
4846.68 3345.63 4784.09 7588.3 -1 1
3973.57 470.267 663.373 4057.3 1 1
-1439.49 -1488.45 8110.48 8371.3 -1 2
881.525 -4896.06 14141.7 14991.5 1 2
event 1
-2082.43 -19548.6 -16174 25645.2
-2183.5 6164.23 10697.2 12914.6
-1744.18 -15498.2 -14332 21181.5 1 1
-338.258 -4050.47 -1841.95 4463.71 -1 1
-1482.33 1576.95 1573.2 2677.72 -1 2
-701.164 4587.28 9124.02 10236.9 1 2
event 2
-5226.14 -4298.89 -3589.81 8262.61
-1624.58 12572.3 -640.27 13065.4
-1805.77 -3456.73 -1610.91 4220.9 1 1
-3420.37 -842.168 -1978.9 4041.71 -1 1
-2107.89 8127.55 617.047 8419.75 -1 2
483.303 4444.77 -1257.32 4645.6 1 2
event 3
7716.33 3910.95 -11329.3 14587
220.01 -8744.12 4882.35 10485.1
-55.1095 -6520.33 1977.01 6814.5 1 2
3094.48 4.49916 -3208.73 4459.03 1 1
275.119 -2223.8 2905.34 3670.57 -1 2
4621.86 3906.45 -8120.56 10128 -1 1
