event 0
6649.06 -906.489 -21688.6 22913.3
-7153.56 -777.547 30918.2 31895.2
-3085 760.325 8886.73 9438.24 1 2
2065.91 -1735.47 -9007.2 9403.23 1 1
4583.15 828.976 -12681.4 13510.1 -1 1
-4068.56 -1537.87 22031.5 22457 -1 2
event 1
4154.68 3095.16 965.975 6112.75
-75.8756 9708.08 52588.3 53566.5
2625.33 1686.19 2079.9 3751.37 -1 1
1529.35 1408.97 -1113.93 2361.38 1 1
1502.67 4963.98 26287.2 26794.1 1 2
-1578.54 4744.1 26301.1 26772.4 -1 2
event 2
-3458.81 16244.5 -50604.9 53350.6
-3347.52 6578.18 -19989.8 21532.7
-4017.69 13250.1 -41664.4 43904.9 -1 1
558.874 2994.46 -8940.5 9445.78 1 1
-2297.92 1356.53 -7093.74 7579.77 -1 2
-1049.6 5221.64 -12896 13953 1 2
event 3
-7345.94 2421.85 2152.09 8605.27
-3672.9 -7089.82 27504.5 28807
-4287.91 675.555 -236.931 4348.55 1 1
-3058.03 1746.3 2389.02 4256.72 -1 1
-1321.97 -5064.91 13914.5 14866.9 -1 2
-2350.93 -2024.91 13590 13940.1 1 2
event 4
3831.26 3726.7 -2625.48 6712
3421.5 -13764.2 6136.82 15761.1
2910 1632.13 -2877.97 4407.48 1 1
921.256 2094.56 252.489 2304.52 -1 1
1582.86 -7883.32 5071.87 9507.22 1 2
1838.64 -5880.89 1064.95 6253.85 -1 2
event 5
-8562.21 5424.5 23413.5 25700.6
-839.367 6405.6 3521.29 7982.9
-5171.76 3646.74 17912.5 18997.8 1 1
-3390.46 1777.75 5501.01 6702.83 -1 1
-1585.83 1500.02 1323.04 2554.7 -1 2
746.459 4905.58 2198.26 5428.2 1 2
event 6
9980.99 53.7877 -3052.81 10887.3
6709.27 -3091.95 10878.1 13509.2
2819.6 -1216.83 2087.67 3714.88 1 2
2350.95 170.842 588.021 2431.69 1 1
7630.03 -117.055 -3640.83 8455.65 -1 1
3889.67 -1875.12 8790.44 9794.32 -1 2
event 7
-4326.04 -10329.5 16923.9 20528.5
794.332 -6855.79 5785.25 9523.29
200.981 -4056.71 5202.95 6601.45 1 2
-1915.5 -4359.13 4587.8 6612.88 -1 1
593.35 -2799.09 582.304 2921.85 -1 2
-2410.53 -5970.35 12336.1 13915.7 1 1
event 8
10708.6 -944.304 -23297.2 25844.1
5076.15 -2642.71 5593.82 8580.97
6637.55 379.729 -11371.3 13172.6 1 1
4071.08 -1324.03 -11925.9 12671.5 -1 1
2601.28 -1914.1 1128.26 3422.66 -1 2
2474.87 -728.613 4465.56 5158.31 1 2
event 9
1622.24 -7753.8 -4993.83 9863.17
6612.45 714.605 -4150.38 8429.21
607.648 -4886.96 -1333.19 5102.96 1 1
1014.59 -2866.84 -3660.63 4760.2 -1 1
4901.79 -751.189 -3536.91 6092.02 -1 2
1710.66 1465.79 -613.478 2337.18 1 2
event 10
-7108.2 1668.32 -9292.55 12217
-6613.96 -1493.4 136.663 7455.48
-4228.35 -343.477 -6327.82 7619.02 -1 1
-2879.85 2011.8 -2964.72 4598 1 1
-3871.52 -2188.33 866.022 4531.96 -1 2
-2742.44 694.933 -729.358 2923.53 1 2
event 11
12827.6 162.823 -17876.5 22309.8
-8568.2 -2801.38 2840.45 9946.01
6522.13 -468.506 -12002.6 13668.6 -1 1
6305.46 631.329 -5873.84 8641.21 1 1
-7326.39 -1079.96 2176.5 7719.5 -1 2
-1241.82 -1721.42 663.951 2226.52 1 2
event 12
-5862.93 3819.47 18056.4 19610.9
-6958.63 2229.11 -3706.7 8759.02
-4539.39 -2.00655 -2834.71 5352.83 1 2
-3577.77 529.991 7751.01 8553.99 1 1
-2419.24 2231.12 -871.99 3406.19 -1 2
-2285.15 3289.48 10305.4 11056.9 -1 1
event 13
3118.35 -8959.13 -32025.4 33544.1
-5085.61 5134.68 -25830.2 27000.3
1219.26 -6207.29 -24589.7 25390.6 -1 1
1899.09 -2751.84 -7435.68 8153.5 1 1
-3045.37 1121.4 -8638.08 9228.19 -1 2
-2040.24 4013.28 -17192.1 17772.1 1 2
event 14
-10721.1 -4674.58 69982 71020.1
1778.38 -6112.99 -19399 20650.5
-6076.72 -974.982 34608.1 35151.3 -1 1
-4644.34 -3699.6 35373.8 35868.9 1 1
2330.98 -3737.03 -9781.61 10728 -1 2
-552.605 -2375.96 -9617.4 9922.51 1 2
event 15
-5601.04 4299.2 9200.04 12003.6
-91.9178 -8097.24 -161.201 8671.21
485.168 -3619.07 -1517.32 3955.57 1 2
-2682.63 1189.86 5969.31 6652.52 1 1
-577.086 -4478.17 1356.12 4715.64 -1 2
-2918.41 3109.35 3230.73 5351.07 -1 1
event 16
-3410.77 -15138.4 19581.9 25176.3
4505.13 1775.04 -7686.4 9597.94
-1319.11 -11615.9 15210.5 19184.3 -1 1
-2091.66 -3522.49 4371.38 5991.92 1 1
3069.19 -432.923 -4445.48 5420.4 -1 2
1435.94 2207.97 -3240.92 4177.53 1 2
event 17
8478.84 -2984.43 11722.2 15093
6341.55 -1856.36 12311.5 14311.7
4387.71 -2598.75 7560.54 9120.23 -1 2
3741.27 -490.214 2849.46 4729.49 -1 1
4737.56 -2494.21 8872.79 10363.5 1 1
1953.84 742.386 4750.99 5191.5 1 2
event 18
3680.51 -4558.11 1336.5 6760.15
6851.67 8564.22 -6616.09 13177.8
3082.62 -2051.58 -282.345 3715.16 1 1
597.888 -2506.53 1618.84 3044.99 -1 1
4886.13 3911.6 -4454.05 7682.75 1 2
1965.54 4652.62 -2162.04 5495.07 -1 2
event 19
-1519.26 7486.64 -30135.4 31242.5
6098.83 4850.43 -11437.6 14182
3690.19 1114.19 -4330.76 5798.76 -1 2
-1369.61 1920.81 -5500.85 5986.3 -1 1
-149.649 5565.82 -24634.6 25256.2 1 1
2408.64 3736.23 -7106.8 8383.24 1 2
event 20
4617.35 22076.5 47695.2 52849.9
10274.3 -5604.15 6100.32 13556.2
7918.94 -4612.32 3243.99 9722.02 -1 2
169.941 3169.21 9187.86 9721.15 1 1
4447.41 18907.3 38507.3 43128.8 -1 1
2355.35 -991.828 2856.33 3834.21 1 2
event 21
7691.57 -1887.44 -12822.8 15386.3
-5061.16 -4960.2 -32982.9 33877.4
-1832.37 -3570.44 -21366.3 21740.2 -1 2
3003.3 -1983.04 -7306.47 8145.42 1 1
4688.27 95.5913 -5516.36 7240.89 -1 1
-3228.8 -1389.76 -11616.6 12137.2 1 2
event 22
3426.81 -10109.6 -20459.1 23283.3
3059.07 -3906.75 22953.4 23687
3225.07 -1730.63 14708.7 15157.6 1 2
1020.89 -4442.91 -5757.95 7344.85 -1 1
-165.999 -2176.12 8244.7 8529.32 -1 2
2405.91 -5666.72 -14701.1 15938.5 1 1
event 23
14312.7 883.535 -7419.67 16440.1
-3907.57 -4772.5 3001.65 7526.34
8479.22 -939.979 -4802.71 9790.7 -1 1
5833.52 1823.51 -2616.96 6649.42 1 1
-1158.13 -3741.18 2140.36 4464.3 -1 2
-2749.45 -1031.32 861.292 3062.04 1 2
event 24
-5531.57 6336.24 -12069.7 15033.7
7114.55 2623.92 -2909.65 8692.44
3322.5 -139.194 -2087.74 3927.87 -1 2
-338.547 2265.08 -3985.89 4598.23 1 1
-5193.02 4071.16 -8083.76 10435.5 -1 1
3792.05 2763.11 -821.916 4764.57 1 2
event 25
-9927.84 12153.9 -49831.9 52336.3
-5696.51 -993.434 12312.4 13950.8
-5196.69 6832.95 -32093.4 33221.8 -1 1
-4731.15 5321 -17738.6 19114.5 1 1
-3273.06 -659.341 3645.34 4944.42 -1 2
-2423.45 -334.094 8667.1 9006.36 1 2
event 26
-2800.6 10163.5 12860.7 16915.3
-9484.16 962.698 15115.2 18136.6
-7840.06 -409.605 12402.8 14679 1 2
-2385.61 4030.68 4182.99 6280.61 -1 1
-1644.1 1372.3 2712.44 3457.57 -1 2
-414.997 6132.77 8677.7 10634.7 1 1
event 27
6855.84 -3978.67 18781.8 20619.9
-6422.85 -6831.37 -17926.5 20466.3
-2924.28 -3599.3 -5729.47 7371.86 1 2
2480.53 -1621.89 10944.2 11338.9 1 1
4375.32 -2356.78 7837.61 9281.01 -1 1
-3498.58 -3232.07 -12197 13094.4 -1 2
event 28
-5784.34 3369.43 11832.8 13943.3
-7957.2 259.396 -15130 17374.9
-3125.48 -491.375 -3295.25 4569.45 1 2
-2333.72 593.694 1905.52 3072.6 -1 1
-4831.72 750.771 -11834.7 12805.5 -1 2
-3450.63 2775.74 9927.26 10870.7 1 1
event 29
5643.78 6789.79 -37182.1 38393.3
5372.94 4023.63 -8399.28 11189.1
2263.2 5494.7 -23529.1 24268.1 1 1
3380.58 1295.1 -13653 14125.2 -1 1
1352.69 1940.21 -1127.95 2622.52 -1 2
4020.25 2083.41 -7271.33 8566.59 1 2
event 30
-1596.09 25507.8 25329.8 36116.2
4301.81 3810.87 -13177.7 14706.2
2267.78 3478.93 -10721.2 11497.9 1 2
-1540.55 8386.34 6988.14 11024.9 -1 1
2034.04 331.938 -2456.51 3208.28 -1 2
-55.5468 17121.5 18341.6 25091.3 1 1
event 31
-923.889 -6808.87 -1289.39 7646.44
-4689.22 3475.99 -10238.2 12185.4
823.905 -4237.76 -1382.59 4534.33 1 1
-1747.79 -2571.1 93.2022 3112.11 -1 1
-2589.39 3673.44 -6897.82 8233.48 -1 2
-2099.83 -197.454 -3340.38 3951.91 1 2
event 32
4075.79 -12530.5 -36512.3 38940.5
10215.3 -8048.6 -64598.2 65967.1
3925.22 -4813.74 -33885.1 34449.8 -1 2
1811.41 -2672.92 -11901.7 12332.4 -1 1
2264.38 -9857.61 -24610.6 26608.1 1 1
6290.08 -3234.87 -30713.2 31517.3 1 2
event 33
4834.23 8697.82 -3039.25 10855.8
-7100.18 1721.01 6525.32 10273.5
2992.34 4292.73 -74.0546 5234.33 1 1
1841.89 4405.09 -2965.19 5621.47 -1 1
-4556.51 -408.434 4285.55 6269.43 -1 2
-2543.67 2129.44 2239.76 4004.06 1 2
event 34
10798.1 -11182.3 -2339.79 16022.1
1051.61 8516.42 -11112.9 14377.8
1812.74 3789.1 -3989 5793.67 -1 2
1969.81 -2606.44 702.391 3343.38 1 1
8828.31 -8575.85 -3042.18 12678.7 -1 1
-761.13 4727.33 -7123.89 8584.17 1 2
event 35
-676.062 -6742.17 -5851.68 9473.47
-3004.57 -13898 -9895.78 17598.3
210.741 -3825.86 -5012.49 6310.14 -1 1
-886.803 -2916.3 -839.185 3163.33 1 1
-913.502 -7197.1 -6732.98 9898.33 1 2
-2091.07 -6700.94 -3162.79 7699.98 -1 2
event 36
19907.6 -7550.92 88990.4 91554.4
5484.01 6467.2 2192.38 9289.58
1419.43 3798.99 289.142 4067.17 1 2
2757.64 9.82738 12525.3 12825.7 -1 1
17150 -7560.74 76465.1 78728.7 1 1
4064.58 2668.22 1903.24 5222.42 -1 2
event 37
-5596.83 2385.15 4278 8056.27
-9906.03 2059.53 23979.7 26210.4
-3232.22 886.775 557.987 3399.43 1 1
-2364.62 1498.37 3720.01 4656.84 -1 1
-5019.7 1101.69 8339.32 9796.24 -1 2
-4886.34 957.841 15640.4 16414.2 1 2
event 38
-5885.23 13413.1 -477.568 14978.7
-9701.76 994.216 -2512.95 10536.5
-7403.51 -283.626 -2728.18 7895.99 -1 2
-2609.81 5711.37 -1733.46 6515.13 1 1
-3275.41 7701.68 1255.89 8463.61 -1 1
-2298.25 1277.84 215.24 2640.51 1 2
event 39
2458.79 7418.99 16191.7 18244.2
9379.14 -2065.89 -3348.85 10632.1
2927.32 688.134 -1571.71 3394.73 -1 2
-265.066 2755.25 3597.8 4540.6 1 1
6451.82 -2754.03 -1777.14 7237.41 1 2
2723.85 4663.73 12593.9 13703.6 -1 1
event 40
6256.2 -5139.89 -855.318 8710.97
-6577.07 -3958.78 -21833.4 23349.9
-2580.69 -3228.77 -12619.5 13279.6 1 2
2168.24 -3675.87 71.9237 4269.61 -1 1
-3996.38 -730.014 -9213.93 10070.3 -1 2
4087.96 -1464.02 -927.242 4441.36 1 1
event 41
-2048.32 -9181.89 671.094 9927.13
7122.11 -3788.24 19675.9 21489.7
2323.75 -2428.11 10759.5 11272.7 1 2
-912.143 -2070.82 1439.91 2684.18 -1 1
-1136.17 -7111.07 -768.818 7242.95 1 1
4798.36 -1360.14 8916.38 10217 -1 2
event 42
-9409.28 8298.67 25094.7 28226.6
-4259.59 5331.74 -6782.44 10107.6
-2590.99 3116.78 -5968.84 7215.66 1 2
-5071.12 3442.73 9263.8 11108.5 -1 1
-1668.59 2214.96 -813.601 2891.95 -1 2
-4338.16 4855.94 15830.9 17118.1 1 1
event 43
8530.4 -7366.46 -15346 19290.5
-2308.38 -6098.37 -26139.8 27118.2
-947.686 -3960.16 -20942 21334.5 -1 2
2950.38 -2780.89 -8102.83 9061.19 -1 1
5580.02 -4585.57 -7243.14 10229.3 1 1
-1360.69 -2138.2 -5197.77 5783.71 1 2
event 44
-8084.58 2707.93 -2272.96 9351.5
-7726 454.493 3832.77 9174.91
-2881.21 1441.48 634.102 3285.2 -1 2
-3180.55 -397.983 -1319.47 3467.91 -1 1
-4904.03 3105.92 -953.49 5883.58 1 1
-4844.78 -986.99 3198.67 5889.71 1 2
event 45
-5808.12 -2.07484 50.6827 6582.39
184.991 -8907.12 -28011.7 29557
-4080.2 -1242.8 -700.997 4323.79 -1 1
-1727.91 1240.73 751.679 2258.6 1 1
1135.2 -4696.67 -11171.8 12172.4 -1 2
-950.206 -4210.45 -16839.9 17384.6 1 2
event 46
5017.55 -3788.17 23218.8 24253.4
-4229.68 -14377.9 34739.6 37961.1
2346.42 -2604.15 17300.5 17652.4 1 1
2671.14 -1184.02 5918.24 6601.03 -1 1
-1928.86 -10716.9 26622.4 28763.4 1 2
-2300.82 -3661.01 8117.2 9197.65 -1 2
event 47
7928.02 -3204.48 1123.22 9163.73
-3472.92 -14672.3 -46416.6 48902.2
144.014 -5729.6 -18284.5 19162.1 -1 2
1495.59 -1702.72 -579.462 2341.58 -1 1
-3616.93 -8942.73 -28132 29740.2 1 2
6432.43 -1501.76 1702.68 6822.15 1 1
event 48
-1653.56 -7003.06 -9827.37 12567.6
7463.96 -406.42 2292.44 8409.62
-2495.45 -4026.79 -5881.04 7552.49 1 1
841.896 -2976.26 -3946.33 5015.14 -1 1
4827.04 -1231.94 281.978 4990.86 -1 2
2636.92 825.519 2010.46 3418.76 1 2
event 49
-2313.33 -5047.71 -4619.85 7859.07
-23391.2 4154.78 45703.4 51602.4
74.5929 -3252.66 -1666.78 3657.14 1 1
-2387.93 -1795.05 -2953.07 4201.93 -1 1
-12361.8 685.156 22739.5 25891.7 1 2
-11029.4 3469.63 22963.9 25710.6 -1 2
event 50
8388.76 -7407.48 -12954.5 17396.9
1402.86 9632.23 18463 21100.2
1060.41 7636.95 16774.7 18462.1 1 2
2595.9 -2955.29 -6740.54 7805.03 -1 1
342.451 1995.27 1688.3 2638.16 -1 2
5792.86 -4452.19 -6213.97 9591.86 1 1
event 51
739.473 5625.36 -3266.23 7242.31
8353.69 -2658.36 -341.508 9303.68
-363.509 3050.79 -189.096 3080 -1 1
1102.98 2574.57 -3077.13 4162.32 1 1
3889.37 -2451.88 -1197.16 4752.19 -1 2
4464.32 -206.475 855.657 4551.49 1 2
event 52
-1925.07 -6422.09 -1542.15 7544.41
3798.1 -7709.52 14695.4 17303.4
-1411.39 -3947.51 591.628 4235.1 -1 1
-513.681 -2474.57 -2133.77 3309.31 1 1
3295.04 -3329.82 8374.7 9596.45 1 2
503.055 -4379.7 6320.66 7706.93 -1 2
event 53
-8019.71 84.47 -45576.1 46379.9
-6737.76 8084.37 18620.9 21612.1
-4026.16 1526.56 -20632.1 21076.8 -1 1
-3993.55 -1442.09 -24944.1 25303.1 1 1
-3045.22 5434.14 8716.53 10714.1 1 2
-3692.54 2650.23 9904.34 10898 -1 2
event 54
3799.77 3233.83 4085.48 7427.95
8467.73 -9827.78 12615.6 18358.4
1135.49 3100.46 3240.92 4627.84 -1 1
2664.28 133.378 844.555 2800.11 1 1
5623.43 -6296.3 10127.8 13185.2 -1 2
2844.3 -3531.48 2487.81 5173.18 1 2
event 55
-4384.82 -4183.84 -7429.79 10075.9
-5523.88 8160.24 -14544 17838.8
-3115.25 -2584.23 -6838.38 7947.18 1 1
-1269.57 -1599.61 -591.416 2128.73 -1 1
-2006.24 5621.13 -7864.79 9873.61 -1 2
-3517.64 2539.11 -6679.25 7965.2 1 2
event 56
-6749.11 4692.94 -14545.3 16992
-11172 -1710.49 -7826.92 14092.3
-3660.44 -1877.16 -1954.48 4555.62 1 2
-1797.64 1072.8 -1503.63 2579.63 1 1
-7511.54 166.668 -5872.44 9536.65 -1 2
-4951.47 3620.14 -13041.6 14412.4 -1 1
event 57
-12669.7 -1919.93 16857.2 21400.1
-1015.69 12055.5 11315.9 16852.5
-19.793 8393.02 9391.19 12595.6 -1 2
-3561.45 -1851.7 6116.73 7316.98 -1 1
-9108.25 -68.2312 10740.5 14083.1 1 1
-995.898 3662.47 1924.67 4256.88 1 2
event 58
1237.55 -14126.9 46594.5 48803.1
-2013.65 4618.6 -10460.4 12016.6
-563.55 -9796.55 32390.3 33844.2 -1 1
1801.1 -4330.39 14204.2 14958.8 1 1
218.677 3109.76 -4508.69 5482.51 -1 2
-2232.33 1508.84 -5951.7 6534.05 1 2
event 59
7662.33 2790.82 -23758.9 25309.6
-4673.9 -14369.4 65839.4 67622
-2335.71 -3479.35 21508.2 21912.9 1 2
2444.29 -574.218 -6797.13 7246.82 1 1
-2338.19 -10890.1 44331.2 45709.1 -1 2
5218.04 3365.04 -16961.8 18062.8 -1 1
event 60
5297.95 -2444.83 -58.5753 6606.11
33699.9 -21263.3 27815.2 48693.9
2232.71 -2703.05 -290.211 3519.5 1 1
3065.24 258.218 231.636 3086.61 -1 1
24738.8 -16107.7 22132.3 36896 -1 2
8961.16 -5155.64 5682.94 11797.9 1 2
event 61
7144.22 -422.862 15660 17494.1
8754.14 2404.44 -17326.4 19804.3
3574.15 1907.96 -5086.31 6503.58 -1 2
3087.46 -385.861 10367 10824.4 1 1
5179.99 496.476 -12240.1 13300.7 1 2
4056.77 -37.0015 5292.95 6669.72 -1 1
event 62
5802.93 11449.3 -13608.9 18961.9
-4192.8 5149.81 -12879.3 14817.8
-1812.95 4041.42 -6037.26 7488.62 1 2
757.213 4372.72 -3680.42 5766.34 -1 1
-2379.85 1108.39 -6842.02 7329.17 -1 2
5045.72 7076.62 -9928.46 13195.6 1 1
event 63
8886.54 -395.116 -3211.14 9951.27
-1784.96 6466.61 25305 26361.6
4748.57 -1523.22 -2576.99 5614.37 -1 1
4137.97 1128.11 -634.154 4336.9 1 1
-1805.4 2099.97 6695.31 7246.22 -1 2
20.4431 4366.64 18609.6 19115.4 1 2
event 64
5563.8 -1215.83 8565.63 10742.2
-5108.91 6792.6 -9831.49 13360
-2295.7 3393.47 -2494.65 4797.95 -1 2
1787.9 1015.34 3286.61 3878.21 -1 1
-2813.21 3399.13 -7336.84 8562.04 1 2
3775.9 -2231.16 5279.02 6864.02 1 1
event 65
6218.25 -486.158 -28986.7 29811.4
-4181.26 12010.2 -9176.33 15985.2
4072.59 -1560.09 -15057.9 15677.1 -1 1
2145.66 1073.93 -13928.8 14134.4 1 1
-3254.53 6966.71 -7050.5 10433 -1 2
-926.727 5043.53 -2125.83 5552.15 1 2
event 66
6637.11 5586.97 -25380.6 27074.5
1480.18 -15060.5 -21100.4 26150.1
5132.38 2249.11 -12839.1 14009 1 1
1504.73 3337.86 -12541.5 13065.5 -1 1
2335.46 -9194.33 -12174 15434 1 2
-855.278 -5866.17 -8926.44 10716.1 -1 2
event 67
-8821.01 9663.79 9210.2 16297.8
4102.68 5207.37 -4431.84 8554.63
3355.58 2705.31 -4046.47 5913.01 1 2
-3047.45 3226.15 4977.65 6669.57 1 1
747.098 2502.06 -385.367 2641.62 -1 2
-5773.56 6437.65 4232.55 9628.24 -1 1
event 68
-4500.34 3940.11 1406.73 6880.93
-8102.63 -6851.94 -45708.1 47025.8
-2193.38 3573.97 86.1604 4195.56 -1 1
-2306.96 366.144 1320.57 2685.37 1 1
-5694.91 -2828.38 -25642.5 26419.4 1 2
-2407.71 -4023.56 -20065.6 20606.4 -1 2
event 69
6911.14 -10591.3 26421.9 29455.9
-6669.37 2558.39 1542.48 7936.99
-2994.63 2573.48 -0.807842 3949.91 1 2
2168.4 -3947.97 6337.01 7775.43 1 1
-3674.73 -15.0938 1543.29 3987.08 -1 2
4742.74 -6643.37 20084.9 21680.4 -1 1
event 70
6263.9 -3380.07 76.7017 7762.58
7.81188 -7822.9 -652.421 8438.85
-1184.29 -3119.51 -1215.99 3552.98 -1 2
2107.1 -545.185 1360.43 2568.85 1 1
4156.81 -2834.89 -1283.73 5193.72 -1 1
1192.1 -4703.39 563.567 4885.87 1 2
event 71
3033.42 -6618.04 19125.2 20793.3
494.187 7559.51 13965.9 16187.3
-338.24 3326.9 3380.73 4756.38 1 2
2512.81 -1572.75 8850.97 9334.81 1 1
520.604 -5045.28 10274.2 11458.4 -1 1
832.427 4232.62 10585.2 11430.9 -1 2
event 72
-17876.7 10099.5 -22832.5 30862.5
4096.2 4422.65 1273.01 6895.63
-12003.7 6931.07 -17469 22300.4 -1 1
-5873.03 3168.41 -5363.43 8562.06 1 1
3335.62 2250.85 -404.967 4045.72 -1 2
760.579 2171.8 1677.98 2849.91 1 2
event 73
-5328.85 9302.67 -33208.4 35033.2
-1413.42 -8370.33 10374.3 13757.8
-712.538 -4020.51 7363.15 8420.18 -1 2
-1025.01 2053.2 -3803.98 4443.83 -1 1
-4303.84 7249.47 -29404.4 30589.3 1 1
-700.883 -4349.81 3011.17 5337.64 1 2
event 74
5598.09 -2757.94 3475.98 7785.8
-1331.88 -10756.4 935.393 11311.1
3942.72 -340.551 2559.45 4714.12 -1 1
1655.37 -2417.39 916.526 3071.68 1 1
-565.492 -6082.37 2049.68 6444.17 -1 2
-766.391 -4674.07 -1114.28 4866.94 1 2
event 75
839.752 -5212.44 33419.3 33975.2
-10248.4 3248.03 5206.34 12340.1
1975.8 -2712.48 17169.5 17494.7 1 1
-1136.05 -2499.96 16249.8 16480.5 -1 1
-5738.34 274.156 2169.36 6141.75 1 2
-4510.1 2973.88 3036.98 6198.33 -1 2
event 76
-6101.4 5011.11 -10256.5 13308.8
572.279 10679.8 -23982.1 26440.8
-2919.48 3129.65 -7709.72 8818.68 1 1
-3181.92 1881.45 -2546.74 4490.16 -1 1
1847.18 5695.11 -12962 14278.4 -1 2
-1274.9 4984.72 -11020 12162.5 1 2
event 77
-5466.67 2997.22 10324 12451.5
9415.56 1097.08 -30874.3 32444.9
-2888.49 2281.21 3338.44 4970.28 1 1
-2578.18 716.011 6985.55 7481.22 -1 1
4898.28 1991.7 -18496.9 19238.1 1 2
4517.28 -894.618 -12377.4 13206.7 -1 2
event 78
-4426.78 -2179.17 1330.13 5975.35
-10172.5 2964.33 10716.1 15384.8
-3173.97 -9.83742 1391.62 3467.27 1 1
-1252.81 -2169.33 -61.4867 2508.08 -1 1
-5529.86 528.895 3914.63 6796.66 -1 2
-4642.6 2435.44 6801.43 8588.12 1 2
event 79
3722.49 -5328.67 -32996 33772.5
-1403.82 12587.9 -47852.1 49596.7
3193.1 -1902.53 -16041.5 16466.8 1 1
529.389 -3426.13 -16954.5 17305.6 -1 1
-2201.49 8297.89 -34349.4 35406.2 1 2
797.666 4290.01 -13502.6 14190.6 -1 2
event 80
-10077.7 -36367.3 67110.4 77055.4
6376.43 4229.52 -10905 13676.9
-9587.89 -30796 56358.8 64935.7 1 1
-489.831 -5571.36 10751.6 12119.7 -1 1
3057.11 3819.87 -6873.41 8437.54 -1 2
3319.32 409.648 -4031.56 5239.31 1 2
event 81
8571.18 145.673 -7162.98 11592.5
-19114.1 -2052.98 -28908.5 34854.9
5475.99 1559.21 -4809.3 7453.74 1 1
3095.19 -1413.53 -2353.68 4138.75 -1 1
-11130.9 -2100.33 -19113.3 22218 -1 2
-7983.27 47.3482 -9795.18 12636.9 1 2
event 82
-8049.84 1420.83 -20993.4 22740.5
-2809.76 5227.46 300.686 6701.02
-746.369 4389.12 17.5298 4453.41 -1 2
-3003.88 1868.82 -6730.65 7604.51 1 1
-5045.96 -447.981 -14262.7 15136 -1 1
-2063.39 838.346 283.156 2247.61 1 2
event 83
7956.49 3055.4 -37310.8 38397
4794.15 4339.16 13123.3 14954.1
4280.9 1027.84 -25124.3 25507.3 -1 1
3675.59 2027.56 -12186.5 12889.6 1 1
2218.57 2944.05 4343.61 5698.03 -1 2
2575.58 1395.1 8779.68 9256.02 1 2
event 84
10791.5 2014.21 -47515 48864.9
5524.53 3473.32 7524.94 10430.7
6209.71 -203.792 -29301 29952.7 -1 1
4581.76 2218.01 -18214 18912.2 1 1
3743.84 558.478 3575.2 5207.83 -1 2
1780.69 2914.85 3949.74 5222.91 1 2
event 85
-6559.82 -3114.27 3115.65 8486.95
-188.349 -8030.32 -34352.8 35415.1
-1575.02 -3117.31 -14740.5 15149 -1 2
-1440.31 -1406.3 2248.53 3019.8 1 1
-5119.52 -1707.97 867.123 5467.15 -1 1
1386.67 -4913.01 -19612.3 20266.1 1 2
event 86
-6038.62 -820.001 -3945.71 7892.86
3320.09 6759.03 -9424.96 12455.1
335.642 3856.16 -3546.76 5251.03 1 2
-1962.39 812.877 -2469.51 3259.05 -1 1
-4076.23 -1632.88 -1476.2 4633.82 1 1
2984.45 2902.87 -5878.2 7204.02 -1 2
event 87
69.7564 -7297.48 -2677.6 8367.54
8266.35 5512.32 1770.94 10556.8
873.421 -4068.93 -2832.48 5035.19 -1 1
-803.665 -3228.55 154.876 3332.36 1 1
5718.92 3599.32 2635.94 7254 -1 2
2547.43 1912.99 -864.996 3302.78 1 2
event 88
592.497 -11209.9 42193.9 43771.3
-1375.97 -7336.41 523.423 8098.19
846.816 -3736.5 506.078 3865.99 -1 2
471.491 -3351.61 18511.8 18818.9 -1 1
121.006 -7858.27 23682.1 24952.4 1 1
-2222.79 -3599.91 17.3448 4232.21 1 2
event 89
-2522.98 8646 -15297.4 18020
3666.79 -5525.69 -4875.39 8794.26
1466.39 -3986.37 -1559.36 4525.95 1 2
-1014.35 4272.72 -4578.88 6345.26 -1 1
2200.4 -1539.32 -3316.04 4268.32 -1 2
-1508.63 4373.28 -10718.6 11674.8 1 1
event 90
10456 201.111 29424.1 31380.5
6025.03 3901.36 15534.4 17390.5
5282.15 1901.89 12209.7 13439 -1 2
4498.07 -1424.53 12057.8 12948.5 1 1
5957.95 1625.64 17366.3 18432.1 -1 1
742.879 1999.47 3324.67 3951.5 1 2
event 91
5265.15 5133.58 -22625.9 23991.6
12088.3 6430.1 14768.2 20375.6
3937.57 1891.43 -14446.2 15092.5 -1 1
1327.57 3242.15 -8179.7 8899.03 1 1
10090.6 6542.78 12889.2 17628.7 -1 2
1997.75 -112.678 1879.08 2746.96 1 2
event 92
1235.14 9691.57 -7123.44 12481.4
5289.93 -10139.3 -19718.1 23004
2269.74 -4595.71 -5929.17 7838.27 1 2
-1017.34 2292.98 -1890.2 3142.73 1 1
2252.49 7398.59 -5233.25 9338.68 -1 1
3020.18 -5543.56 -13788.9 15165.7 -1 2
event 93
-6518.43 -5992.89 -28479.4 29984.5
-178.423 8463.59 33875.1 35053.9
-736.003 5317.97 26114.5 26660.9 1 2
-2662.14 -3508.09 -9713.05 10665.3 -1 1
557.579 3145.63 7760.54 8393.03 -1 2
-3856.3 -2484.8 -18766.4 19319.2 1 1
event 94
12963.3 13826.1 -69275.6 71888.2
-6025.39 4329.64 6900.89 10595.5
6993.23 8817.53 -45328.2 46704.5 1 1
5970.02 5008.58 -23947.5 25183.7 -1 1
-5029.11 2271.22 5952.54 8117.53 -1 2
-996.282 2058.42 948.352 2477.94 1 2
event 95
-5026.41 3598.27 -1136.31 7006.76
7795.6 -4403.56 -9506.93 13421.6
2135.2 -2909.03 -3905.11 5318.14 1 2
-1305.96 1567.96 -1790.59 2716.88 -1 1
5660.4 -1494.53 -5601.82 8103.41 -1 2
-3720.44 2030.31 654.286 4289.88 1 1
event 96
8489.78 -4982.13 22045.2 24340.9
-2965.6 4629.56 1121.55 6409.1
5233.03 -1289.46 11857.2 13025 -1 1
3256.75 -3692.67 10188 11315.9 1 1
-2347.26 2292.21 -729.091 3362.53 -1 2
-618.338 2337.35 1850.64 3046.57 1 2
event 97
3010.9 -6011.71 -5288.7 9097.75
-5135.72 7546.79 17040.5 19578
-684.027 3567.52 7253.59 8113.01 -1 2
-155.368 -2872.04 -2667.96 3924.53 -1 1
-4451.69 3979.26 9786.9 11465 1 2
3166.27 -3139.67 -2620.74 5173.22 1 1
event 98
4858.75 10864.4 14462.1 18983.8
-4019.09 5931.96 -17772.7 19411.4
-573.622 3593.47 -8277.31 9042.52 1 2
2095.68 2655.29 2467.3 4188.22 1 1
2763.07 8209.11 11994.7 14795.6 -1 1
-3445.46 2338.49 -9495.36 10368.8 -1 2
event 99
-2251.1 5650.59 7396.58 10261.3
-15092 -4036.32 -8343.39 17979.5
-98.3372 4687.44 5536.52 7255.76 1 1
-2152.76 963.151 1860.06 3005.5 -1 1
-9217.18 -3564.49 -4020 10669.3 -1 2
-5874.84 -471.835 -4323.38 7310.21 1 2
