event 0
3328.7 -3249.47 -428.597 5950.68
3078.01 -6858.61 -37949.4 38810.6
3092.59 -531.601 210.323 3146.77 1 1
236.106 -2717.87 -638.92 2803.92 -1 1
2890.61 -2832.84 -21171.3 21554.9 -1 2
187.398 -4025.77 -16778.1 17255.7 1 2
event 1
-6262.43 9732.73 47749.9 49229.9
9593.43 4711.05 4383.86 12125.6
5709.65 4696.8 3262.67 8081.85 -1 2
-1267.9 4268.02 14647 15309.2 -1 1
-4994.53 5464.71 33102.8 33920.7 1 1
3883.77 14.2465 1121.18 4043.78 1 2
event 2
11802.9 15838.7 -47420.2 51463
-438.027 -11685.3 9379.16 15306.8
736.236 -7757.25 7425.31 10764 -1 2
4094.1 4471.11 -11386.5 12900.3 1 1
7708.77 11367.6 -36033.7 38562.7 -1 1
-1174.26 -3928.08 1953.85 4542.84 1 2
event 3
-7267.56 7439.33 -13461.5 17290.6
-5579.31 -4407.15 572.136 7776.26
-2636.2 4866.91 -7353.72 9204.6 1 1
-4631.36 2572.42 -6107.81 8085.99 -1 1
-1966.03 -388.53 1194.35 2335.36 -1 2
-3613.28 -4018.62 -622.217 5440.9 1 2
event 4
-5357.45 -4175.59 730.364 7500.8
-16344.4 -89.6064 -17664.9 24264.9
-3698.7 -1341.72 -551.172 3974.36 1 1
-1658.75 -2833.88 1281.54 3526.45 -1 1
-9678.8 103.8 -8199.36 12685.8 -1 2
-6665.55 -193.407 -9465.56 11579.1 1 2
event 5
596.997 6529.74 4101.28 8331
11440.8 -4974.58 -3537.54 13332.1
3079 -1235.9 434.498 3347.78 1 2
-1071.89 1855.83 514.05 2206.46 1 1
8361.85 -3738.68 -3972.04 9984.31 -1 2
1668.89 4673.91 3587.23 6124.54 -1 1
