event 0
-6365.53 957.774 -35619.7 36328.9
-14224.1 2468.93 35480.4 38430
-3612.68 896.658 6035.64 7091.94 1 2
-1972.79 -1006.4 -8441.21 8727.54 1 1
-10611.4 1572.27 29444.7 31338.1 -1 2
-4392.74 1964.17 -27178.4 27601.3 -1 1
event 1
-8197.17 11166.9 11693.7 18391
2877.25 -6562.67 -3908.91 8730.23
-4692.93 8733.45 7825.75 12631.3 1 1
-3504.24 2433.44 3867.96 5759.65 -1 1
-501.104 -1998.63 -1549.68 2580.36 -1 2
3378.35 -4564.04 -2359.23 6149.87 1 2
event 2
4638.99 6416.5 23975 25437.8
-4582.83 -9240.42 46632.7 47860.1
-3304.82 -3664.25 25065.6 25546.9 -1 2
1686.64 1915.14 12555.6 12812.8 -1 1
-1278.01 -5576.17 21567.1 22313.1 1 2
2952.35 4501.36 11419.4 12625 1 1
event 3
-4144.39 4223.84 5757.35 8817.87
6946.65 -10838 -2687.27 13510.4
-2753.84 1590.43 1258.65 3421.76 1 1
-1390.55 2633.41 4498.7 5396.11 -1 1
4176.64 -7635.85 -438.663 8715.16 1 2
2770.01 -3202.13 -2248.61 4795.2 -1 2
