event 0
-888.856 -6634.49 -16997.2 18528.4
10356.9 3110.06 -45288.9 46664.9
749.847 -4099.25 -11831.7 12544.6 1 1
-1638.7 -2535.23 -5165.54 5983.87 -1 1
5387.36 3152.52 -23374.5 24193.8 1 2
4969.53 -42.4584 -21914.3 22471 -1 2
event 1
-7653.17 -6619.09 1823.61 10737.8
7751.26 1376.34 2605.82 8851.95
5277.37 1848.88 589.338 5623.83 1 2
-3883.55 -2562.99 2276.1 5180.99 -1 1
2473.89 -472.541 2016.48 3228.12 -1 2
-3769.62 -4056.1 -452.494 5556.79 1 1
event 2
1395.47 5162.86 -93.237 6180.76
-8233 -10149.2 -16532.4 21300.3
-88.6109 3044.74 1214.25 3280.83 -1 1
1484.08 2118.12 -1307.49 2899.93 1 1
-6412.81 -6073.98 -9516.58 12984.4 -1 2
-1820.19 -4075.24 -7015.87 8315.9 1 2
