event 0
10557.1 -13069.3 -31202.6 35573.2
11040.1 4838.64 8077.18 14836.7
5515.36 2160.06 2150.6 6302.48 -1 2
3048.04 -1803.13 -6325.79 7250.42 1 1
7509.02 -11266.1 -24876.8 28322.7 -1 1
5524.77 2678.58 5926.58 8534.25 1 2
event 1
8973.82 4372.27 -23932.9 26115.5
1172.23 -10964.8 -8329.23 14162.2
786.757 -5092.48 -5790.91 7752.3 1 2
2538.16 966.407 -3550.95 4471.76 -1 1
6435.66 3405.86 -20382 21643.8 1 1
385.474 -5872.32 -2538.32 6409.92 -1 2
event 2
1405.31 6550.86 -2358.11 7748.46
-7250.92 1446.47 -61.8491 8016.46
-4181.74 1176.87 -1523.36 4604.75 1 2
-864.689 3074.82 -668.72 3265.05 -1 1
-3069.19 269.601 1461.51 3411.71 -1 2
2269.99 3476.04 -1689.39 4483.41 1 1
event 3
5926.21 3967.25 8708.05 11673.9
6720.49 2918.96 25160.7 26388.1
2001.89 2291.65 7437.85 8036.91 -1 2
933.73 1989.77 1413.47 2615.36 -1 1
4992.48 1977.48 7294.58 9058.55 1 1
4718.6 627.312 17722.8 18351.2 1 2
event 4
2061.55 5676.82 16402 17750.9
-137.362 9724.68 -25998.9 27930.6
1452.39 2819.57 4574.2 5567.21 1 1
609.16 2857.26 11827.8 12183.7 -1 1
-1210.49 5236.25 -16791.3 17630.8 -1 2
1073.12 4488.43 -9207.55 10299.9 1 2
event 5
-5283.89 -948.396 7515.74 9741.45
2518.83 -13738.7 -29067.1 32397.3
-3411.12 933.503 4424.88 5665.5 1 1
-1872.76 -1881.9 3090.86 4075.95 -1 1
1657.02 -8476.1 -21205.9 22897.5 -1 2
861.81 -5262.61 -7861.13 9499.81 1 2
event 6
7605.07 -4782.77 -3209.95 10030.3
-1067.91 -6095.86 -7336.85 10085.8
-577.128 -3465.68 -6300.22 7214.43 1 2
4498.56 -1150.39 -943.041 4739.3 -1 1
-490.784 -2630.18 -1036.63 2871.32 -1 2
3106.51 -3632.38 -2266.91 5290.99 1 1
event 7
4468.18 -451.369 -12077.2 13252.1
5866.01 14715 2923.84 16403.7
2653.64 -1504.44 -9175.4 9669.76 -1 1
1814.54 1053.07 -2901.78 3582.32 1 1
3942.65 7900.23 2987.21 9321.63 -1 2
1923.36 6814.81 -63.3727 7082.1 1 2
event 8
7616.85 -4117.52 -28708.3 30145.1
5945.55 7950.69 2491.21 10693.9
3777.18 2755.65 1841.21 5026.12 -1 2
1844.65 -1760.57 -12926.3 13175.8 1 1
5772.2 -2356.95 -15782 16969.3 -1 1
2168.37 5195.04 650 5667.8 1 2
event 9
-9956.63 -9877.05 -50306.6 52316.6
1475.34 5464.36 -25568.6 26370.1
2316.11 3501.43 -19138.8 19594.1 1 2
-2584.31 -3690.4 -20699.3 21184.2 -1 1
-840.774 1962.93 -6429.83 6775.98 -1 2
-7372.32 -6186.65 -29607.2 31132.4 1 1
event 10
7755.23 -1727.72 -30634.4 31799.2
-2241.66 6540.49 11854.2 14068.2
4074.75 -120.253 -20417.1 20820.3 1 1
3680.48 -1607.47 -10217.4 10978.9 -1 1
-2350.93 4535.33 6013.62 7891.19 -1 2
109.272 2005.15 5840.55 6177.04 1 2
event 11
-5998.45 7649.87 33674.2 35185.9
-4353.03 10251.9 9414.92 14909.1
-1225.16 6753.86 5717.91 8934.27 1 2
-2778.84 3800.35 21645.9 22152.2 1 1
-3127.87 3498.06 3697.01 5974.87 -1 2
-3219.61 3849.51 12028.4 13033.7 -1 1
event 12
103.21 -8008.92 -22086.9 23697.6
6428.86 -1078.93 4361.79 8432.72
4063.61 -1634.43 4075.99 5984.07 -1 2
1539.96 -3784.93 -9465.59 10310.5 1 1
-1436.75 -4223.99 -12621.3 13387.1 -1 1
2365.26 555.5 285.804 2448.65 1 2
event 13
-12577.9 6349.39 5404.62 15405.2
-7474.52 1129.37 31582.6 32622
-3792.25 636.659 22187.5 22518.5 1 2
-5338.68 1471.68 1004.54 5629.17 -1 1
-3682.27 492.715 9395.13 10103.5 -1 2
-7239.25 4877.71 4400.08 9776.03 1 1
event 14
8154.32 -5504.42 -42864.1 44087.6
-10795.4 2400.61 -4557.13 12355.7
-4970.59 293.709 -3459.82 6064.2 -1 2
2948.46 -510.006 -15614.5 15899 -1 1
5205.86 -4994.41 -27249.6 28188.6 1 1
-5824.8 2106.91 -1097.31 6291.47 1 2
event 15
5342.11 -3210.96 -32143.1 32888
10112 75.9418 -13497.1 17147.1
3462.32 -289.082 -16857.2 17211.8 1 1
1879.79 -2921.87 -15286 15676.2 -1 1
5194.13 -1494.81 -6609.81 8538.98 -1 2
4917.89 1570.76 -6887.34 8608.1 1 2
event 16
8806.03 4943.83 -17057.8 20063.6
936.775 6044.19 -23609 24665.4
1942.04 3396.35 -9501.35 10275.9 1 2
3056.95 3465.07 -7739.58 9014.65 1 1
-1005.27 2647.84 -14107.6 14389.5 -1 2
5749.08 1478.76 -9318.25 11049 -1 1
event 17
7296.08 2607.44 2594.97 8738.23
4873.61 2528.91 22923.6 23774.5
3217.74 2788.65 1257.03 4440.91 -1 1
4078.34 -181.211 1337.94 4297.32 1 1
2059.51 2742.85 11100.9 11619.2 -1 2
2814.1 -213.938 11822.7 12155.3 1 2
event 18
-7966.43 1242.42 -15599.3 17942.5
267.21 7862.68 20894.5 22540.2
1605 3272 8171.62 8948.1 1 2
-2025.53 -1204.28 -3181.36 3960.46 1 1
-5940.89 2446.71 -12418 13982 -1 1
-1337.79 4590.68 12722.8 13592.1 -1 2
event 19
-6188.25 4525.89 -8831.15 12097.9
-399.7 -12286.7 6864.47 14416.4
-4271.21 3363.67 -8063.94 9726.04 -1 1
-1917.04 1162.22 -767.207 2371.83 1 1
-556.856 -6412.07 5289.16 8331.33 1 2
157.156 -5874.63 1575.31 6085.12 -1 2
event 20
2638.92 -9398.32 38493.2 39832.3
7477.56 2036.54 -8237.62 11726.5
3186.34 1977.18 -5419.47 6591.19 -1 2
2138.73 -2630.62 14974.5 15353.8 1 1
500.191 -6767.71 23518.7 24478.4 -1 1
4291.22 59.3535 -2818.16 5135.29 1 2
event 21
-10070.4 -1028.91 -2986.06 10999
4744.48 3156.56 11726.1 13400.3
2259.97 2432.42 3728.53 4993.72 1 2
-4628.79 -968.789 120.78 4731.8 1 1
2484.52 724.14 7997.6 8406.55 -1 2
-5441.58 -60.1207 -3106.84 6267.22 -1 1
event 22
9639.59 -384.846 -23804.5 25871.1
3712.06 -5355.45 -1413.1 7351.73
1504.22 -3966.99 259.005 4251.82 -1 2
3146.02 -451.485 -11815.3 12235.8 -1 1
6493.58 66.6387 -11989.2 13635.3 1 1
2207.83 -1388.45 -1672.1 3099.91 1 2
event 23
7057.31 2142.09 -7941.6 11271.8
2572.17 -6726.36 -2528.35 8236.63
2022.84 -2650.84 130.027 3338.69 -1 2
3005.77 -625.173 -2677.83 4075.22 -1 1
4051.55 2767.27 -5263.76 7196.61 1 1
549.335 -4075.52 -2658.38 4897.94 1 2
event 24
-4060.03 -4683.14 -31327.3 32146.5
9142.91 9605.93 -36066.1 38551.6
3236.33 2391.13 -7646.99 8641.7 -1 2
-318.004 -2828.09 -16409.5 16654.8 1 1
5906.58 7214.8 -28419.2 29909.9 1 2
-3742.03 -1855.05 -14917.8 15491.8 -1 1
event 25
-7355.31 -2076.91 -1331.15 8353.26
-515.804 -8536.72 8089.16 12172.4
-1115.53 -3308.85 4901.78 6019.26 -1 2
-2079.76 -1192.19 -1774.86 2984.63 -1 1
-5275.55 -884.72 443.71 5368.63 1 1
599.727 -5227.87 3187.39 6153.12 1 2
event 26
2720.52 6255.88 -18147.3 19633
9106.9 483.311 -8704 12981.5
3700.33 -801.355 -2033.63 4299 -1 2
2096.67 1254.26 -6264.58 6724.98 1 1
5406.57 1284.67 -6670.37 8682.53 1 2
623.856 5001.62 -11882.8 12908 -1 1
event 27
-1526.89 8425.03 -16460.3 18810.7
11941.5 -6984.86 34815.5 37591.2
4561.59 -4245.18 17279.4 18368.9 -1 2
840.539 1859.17 -2751.94 3427.44 -1 1
7379.87 -2739.67 17536.2 19222.3 1 2
-2367.42 6565.86 -13708.3 15383.3 1 1
event 28
1901.45 -7632.13 -2572.27 8835.88
-8920.01 590.603 46728.3 47676.4
-4454.92 -1051.64 19086.6 19628.1 -1 2
-487.282 -1974.86 294.394 2057.99 1 1
2388.73 -5657.27 -2866.67 6777.88 -1 1
-4465.09 1642.24 27641.7 28048.4 1 2
event 29
-9563.9 3629.52 -16205.4 19412.6
4065.04 -10152.1 15245.5 19016
4165.72 -6628.13 10144.9 12814.6 1 2
-3523.51 -164.467 -6002.92 6963.36 -1 1
-100.677 -3524.01 5100.64 6201.33 -1 2
-6040.39 3793.98 -10202.5 12449.2 1 1
event 30
6278.96 661.406 6037.42 9268.47
1353.52 10050.9 -15481.1 18764.6
4397.15 -627.059 5193 6834.21 1 1
1881.82 1288.47 844.421 2434.25 -1 1
2205.95 5530.9 -7844.96 9849.44 1 2
-852.428 4519.99 -7636.19 8915.13 -1 2
event 31
7145.79 -2090.18 -26272 27481.7
-4411.5 -9114.39 -11943.3 15961.4
-1151.84 -3465.78 -6540.5 7491.85 1 2
3395.97 596.051 -11139 11660.9 1 1
-3259.66 -5648.6 -5402.8 8469.57 -1 2
3749.82 -2686.23 -15133 15820.7 -1 1
event 32
3336.44 -4368.85 -27944.3 28647.8
-8269.78 -10702.7 56823.3 58492.8
2838.9 -1572.81 -11093.5 11558.9 -1 1
497.541 -2796.03 -16850.9 17088.8 1 1
-5457.48 -6633.46 41873.8 42745.9 1 2
-2812.31 -4069.21 14949.4 15746.9 -1 2
event 33
-12092.8 8542.12 -8463.59 17332.8
-10188.6 -10830.1 5886.35 16289.2
-4815.07 -6795.92 2159.82 8604.96 1 2
-6295.28 3903.37 -5922.49 9484.4 -1 1
-5373.56 -4034.17 3726.53 7684.26 -1 2
-5797.5 4638.76 -2541.1 7848.4 1 1
event 34
-662.345 -6665.16 1744.8 7582.85
-2702.63 6099.49 -4651.3 8702.49
-1884.98 -3874.21 740.672 4372.92 -1 1
1222.64 -2790.95 1004.13 3209.93 1 1
110.421 2839.8 -2874 4043.23 -1 2
-2813.05 3259.68 -1777.29 4659.26 1 2
event 35
-5279.1 11235.6 61433.6 62751.8
-10438.4 6378.68 -9638.5 15878.9
-1935.99 2723.95 -2962.19 4466.95 1 2
-1377.76 2863.14 9934.63 10430.9 1 1
-8502.42 3654.73 -6676.31 11411.9 -1 2
-3901.34 8372.5 51499 52320.9 -1 1
event 36
5545.66 2585.93 5612.45 8861.83
-531.507 -8218.38 40213.6 41164.9
1269.53 -3854.42 17322.6 17791.9 -1 2
1960.56 -579.966 2048.95 2896.46 1 1
3585.11 3165.9 3563.5 5965.37 -1 1
-1801.04 -4363.96 22891 23373 1 2
event 37
18967.4 1598.64 3235.93 19554.6
2128.8 -7177.9 16763.8 18619.1
14243.4 -131.703 2645.27 14488 1 1
4724.01 1730.34 590.655 5066.59 -1 1
405.222 -3802.41 5240.9 6488.51 -1 2
1723.58 -3375.49 11522.9 12130.6 1 2
event 38
12305.2 -1778.55 20055.9 23799.4
-9024.34 -2222.58 18854.3 21247.4
-6030.45 -2941.47 13239 14842.6 -1 2
3549.17 -251.527 3412.91 4931.43 1 1
8756.04 -1527.03 16643 18868 -1 1
-2993.89 718.888 5615.24 6404.86 1 2
event 39
2423.59 7725.48 372.658 8676.84
6176.71 -3970.22 3173.21 8577.56
4378.87 -1075.55 2277.52 5052.68 -1 2
1844.86 2883.36 -1073.94 3589.12 1 1
578.732 4842.12 1446.6 5087.72 -1 1
1797.84 -2894.68 895.693 3524.88 1 2
event 40
-218.321 7941.52 19631.3 21403.1
-4506.64 2222.3 10541.2 12081.2
-1538.73 4115.48 11697.3 12495.7 -1 1
1320.4 3826.04 7934.02 8907.41 1 1
-2309.61 2315.14 8380.3 8996.37 -1 2
-2197.03 -92.8377 2160.93 3084.85 1 2
event 41
-7204.87 -1405.63 -5305.2 9571.95
3886.26 7251.2 -15910.6 18177.5
2517.36 1947.19 -7397.21 8053.48 -1 2
-2427.7 733.835 -2762.73 3751.82 1 1
1368.9 5304.01 -8513.37 10124 1 2
-4777.16 -2139.47 -2542.47 5820.13 -1 1
event 42
2064.98 -4779.61 5836.76 8412.34
1977.14 9637.7 -42814.5 44039.4
2573.4 -2088.83 3287.78 4669.72 -1 1
-508.414 -2690.77 2548.98 3742.62 1 1
-325.415 5815.02 -25757.4 26407.9 1 2
2302.55 3822.69 -17057.1 17631.5 -1 2
event 43
8916.69 -38.3227 -9243.87 13211.7
8720.67 1920.55 22134.2 24067.7
4083.72 -153.466 7033.96 8135.61 1 2
2018.68 -1051.03 -1230.57 2589.44 1 1
6898.02 1012.7 -8013.3 10622.3 -1 1
4636.95 2074.01 15100.2 15932.1 -1 2
event 44
-9368.7 593.018 -4666.54 10931.2
-5411.13 -4755.82 -17165.7 18872
-3214 -891.456 -6244.2 7079.95 1 2
-2320.32 682.01 97.425 2422.74 -1 1
-7048.38 -88.9916 -4763.97 8508.48 1 1
-2197.13 -3864.36 -10921.5 11792 -1 2
event 45
-8571.09 1808.76 -5291.91 10692.5
7453.9 3085.11 -12401.6 15115.2
2030.72 2364.27 -3734.64 4865.42 1 2
-2026.25 -305.175 -64.127 2052.83 -1 1
-6544.83 2113.93 -5227.79 8639.7 1 1
5423.18 720.834 -8666.96 10249.8 -1 2
event 46
-2085.1 -13067.5 35971.1 38452.8
-4365.31 4841.08 -18133.4 19516.7
-982.549 -7487.26 24676.7 25806.4 -1 1
-1102.55 -5580.21 11294.5 12646.4 1 1
-1431.81 3629.44 -11853.6 12479.6 -1 2
-2933.49 1211.63 -6279.81 7037.09 1 2
event 47
6365.1 -1366.89 -7214.04 10198.8
10126.1 -5452.47 9449.51 15203.7
4222.61 -896.118 -6654.3 7932.48 1 1
2142.48 -470.772 -559.748 2266.35 -1 1
5533.08 -2231.04 3078.99 6714.45 -1 2
4593 -3221.43 6370.52 8489.28 1 2
event 48
-346.012 7679.76 -3756.71 9099.56
-6450.2 6930.26 9556.95 13804.3
-1502.09 2837.96 4948.41 5899.85 -1 2
-1415.48 2851.19 -627.512 3246.2 -1 1
-4948.12 4092.3 4608.55 7904.47 1 2
1069.47 4828.57 -3129.2 5853.36 1 1
event 49
-1441.96 6164.1 -12883.6 14685.3
6466.37 8192.19 21685.6 24264.8
-2234.41 3765.19 -6697.06 8001.94 -1 1
792.446 2398.91 -6186.57 6683.38 1 1
4670.29 3919.59 10273 11946.6 1 2
1796.08 4272.6 11412.6 12318.2 -1 2
event 50
1046.59 11447.9 -44450.1 46016.8
-7835.91 4809.73 25313.2 27108.7
-3738.01 2051.14 7552.97 8674 1 2
1305.26 3304.78 -9895.71 10514.8 -1 1
-258.677 8143.09 -34554.3 35502 1 1
-4097.91 2758.59 17760.2 18434.7 -1 2
event 51
2881.7 11041.5 18069.7 21594.5
-1324.75 4133.65 -3704.53 6492.8
1158.65 5933.79 6787.7 9090.45 1 1
1723.05 5107.73 11282 12504.1 -1 1
-2197.26 2247.09 -1581.91 3520.08 -1 2
872.506 1886.56 -2122.62 2972.72 1 2
event 52
19906.7 14028 67348.7 71683.3
4546.9 -3964.34 30517.8 31262.1
10106.6 8818.5 38784.6 41038.6 -1 1
9800.19 5209.48 28564.1 30644.7 1 1
2316.44 -3899.75 21232 21711.3 -1 2
2230.46 -64.5865 9285.82 9550.75 1 2
event 53
5720.83 -6788.72 -639.201 9424.14
-4604.86 -5984.69 -20291.6 21871.5
-1822.39 -2848.57 -5166.57 6175.76 1 2
2264.63 -835.865 -778.142 2538.48 -1 1
3456.2 -5952.85 138.942 6885.66 1 1
-2782.47 -3136.13 -15125.1 15695.7 -1 2
event 54
5283.5 -3269.88 36274.7 36933.1
-249.942 8776.13 1366.76 9409.62
1395.85 3419.2 758.048 3771.62 -1 2
636.339 -2015.06 12100.4 12284 -1 1
-1645.79 5356.93 608.71 5638 1 2
4647.17 -1254.83 24174.3 24649.1 1 1
event 55
-5343.61 -1407.74 -2352.56 6757.32
9659.92 4206.41 -21916.8 24595.5
-3391.92 -316.664 -2874.72 4458.77 1 1
-1951.69 -1091.08 522.167 2298.55 -1 1
4717.06 3236.12 -14871.5 15934.1 1 2
4942.86 970.29 -7045.26 8661.42 -1 2
event 56
5521.35 5970.88 -3081.32 9446.04
-5789.09 -1392.62 -30177.9 30915.2
-3938.33 -2388.37 -20650.5 21158.2 -1 2
3429.98 1143.47 -766.832 3697.5 1 1
2091.37 4827.4 -2314.49 5748.54 -1 1
-1850.77 995.751 -9527.32 9756.94 1 2
event 57
-8510.47 1424.54 10309.5 13796.2
7922.16 -1776.25 -825.114 8728.47
-4972.78 2058.84 7505.7 9236.56 -1 1
-3537.69 -634.302 2803.83 4559.63 1 1
2692.3 -1269.2 1035.76 3153.3 -1 2
5229.86 -507.057 -1860.87 5575.17 1 2
event 58
4301.42 4324.76 -35890.3 36536.4
-7529.6 -2169.36 23452 24919.7
-3457.77 44.3942 6733.55 7570.34 1 2
257.206 2278.86 -13087.2 13287 -1 1
-4071.83 -2213.76 16718.5 17349.3 -1 2
4044.21 2045.9 -22803.1 23249.4 1 1
event 59
-7120.82 -1730.02 -29235 30298.1
-4095.24 9884.52 -29694.2 31714.5
-4301.97 263.429 -19427.2 19899.9 -1 1
-2818.85 -1993.45 -9807.81 10398.3 1 1
-3825.75 7250.15 -18933.2 20632 -1 2
-269.491 2634.36 -10760.9 11082.5 1 2
event 60
-6748.99 -3765.65 -26980.8 28236.2
-8001.12 -1479.27 -749.103 8738.33
-5189.63 -1846.53 -1667.28 5756.12 1 2
-3821.51 -1029.17 -9317.59 10123.8 -1 1
-2811.5 367.263 918.173 2982.21 -1 2
-2927.48 -2736.48 -17663.2 18112.4 1 1
event 61
781.284 9040.37 6187.04 11410.9
4314.05 6654.32 20376.2 22083.3
-847.928 5351.86 4477.16 7029.76 1 1
1629.21 3688.5 1709.88 4381.12 -1 1
958.123 2766.28 11095.3 11475.5 -1 2
3355.93 3888.04 9280.92 10607.8 1 2
event 62
-5919.08 -6937.35 -1578.26 9759.33
6871.66 -2730.96 -741.368 8050.92
4084 -3088.3 -1029.45 5223.75 1 2
-2432.81 -3210.78 -2243.2 4612.02 -1 1
2787.66 357.344 288.086 2827.17 -1 2
-3486.27 -3726.58 664.939 5147.31 1 1
event 63
718.725 -10109.8 -11695.5 15782.9
-6651.31 1125.33 20962.6 22238
-827.983 -5812.16 -5211.31 7850.84 -1 1
1546.71 -4297.64 -6484.15 7932.05 1 1
-3845.54 -892.376 10444.9 11166.5 -1 2
-2805.77 2017.7 10517.7 11071.4 1 2
event 64
275.394 6845.52 10500 12914.3
-4091.21 -7513.88 -3.17988 9098.77
-1779.59 -2644.7 1467.27 3510.76 -1 2
-1307.19 2882.06 3541.87 4750.9 -1 1
-2311.62 -4869.18 -1470.45 5588.01 1 2
1582.59 3963.46 6958.18 8163.39 1 1
event 65
-1383.07 -5886.25 26469.3 27327.2
-3938.52 -8519.2 -4718.47 10951.9
-2238.61 -3221.7 13492.7 14051.9 -1 1
855.535 -2664.55 12976.6 13275.3 1 1
-1076.24 -4925.71 -1253.09 5196.38 -1 2
-2862.28 -3593.49 -3465.39 5755.51 1 2
event 66
3693.6 7290.21 -28809.2 30105.7
684.089 -13438.8 -30442 33427.2
824.993 4682.39 -13511.7 14324.2 -1 1
2868.61 2607.82 -15297.5 15781.5 1 1
-895.407 -7052.55 -13617.5 15361.9 1 2
1579.5 -6386.22 -16824.5 18065.3 -1 2
event 67
-816.081 -6210.69 11674.8 13606.2
13781.3 -5471.56 18512.2 23919.7
-1646.22 -3038.53 7781.58 8515.09 -1 1
830.135 -3172.15 3893.19 5091.15 1 1
8052.16 -4040.31 13164.1 15952 1 2
5729.19 -1431.25 5348.07 7967.75 -1 2
event 68
-7161.67 -8268.77 49761 51043.2
-4118.28 -3845.25 -10816.5 12583.1
-1500.53 -2935.57 -3763.63 5004.52 1 2
-2950.79 -4228.42 29931.4 30372.5 1 1
-2617.75 -909.68 -7052.89 7578.56 -1 2
-4210.88 -4040.36 19829.6 20670.7 -1 1
event 69
4884.59 8888.07 10363.3 14961.4
-5806.88 -1328.44 10117.2 12142.2
-4131.89 496.655 7168.46 8289.58 1 2
782.685 4391.64 5975.09 7457.34 1 1
-1674.99 -1825.09 2948.78 3852.67 -1 2
4101.91 4496.43 4388.22 7504.08 -1 1
event 70
-5904.75 4443.91 -31112 32127.3
7118.94 -4791.87 9459.65 13142.2
-2753.74 3943.89 -19455.4 20041.5 1 1
-3151.01 500.023 -11656.6 12085.8 -1 1
4178.93 -3662.14 4032.23 6866.21 -1 2
2940.01 -1129.73 5427.41 6275.98 1 2
event 71
-9375.3 4262.64 13372.5 17160.5
-1870.6 -5697.55 -16295 17637.4
-2026.77 -2493.23 -10855 11321.1 1 2
-3566.89 3308.47 5932.99 7673.35 -1 1
156.17 -3204.32 -5440 6316.39 -1 2
-5808.41 954.168 7439.55 9487.15 1 1
event 72
14948.9 -8831.21 -49760.1 52793.2
4588.84 -5351.4 -15095.4 16945.7
11364 -7726.05 -41610.8 43821.3 -1 1
3584.94 -1105.17 -8149.26 8971.89 1 1
2116.91 -623.635 -6086.43 6475.03 -1 2
2471.93 -4727.76 -9008.95 10470.7 1 2
event 73
-7446.49 -2232.72 28591 29857.4
2570.94 10075.3 28572.6 30628.4
-4290.26 445.605 11822 12584.7 1 1
-3156.23 -2678.33 16769.1 17272.8 -1 1
1752.79 7235.94 15110.2 16845.2 -1 2
818.156 2839.33 13462.4 13783.2 1 2
event 74
-1982.42 -5814.78 20464.5 21590
-2490.05 12045.3 -18169.4 22158.7
-491.876 -3576 7196.6 8051.83 1 1
-1490.54 -2238.77 13267.9 13538.2 -1 1
-334.515 6502.38 -11551.3 13260.3 1 2
-2155.54 5542.94 -6618.12 8898.38 -1 2
event 75
9176.24 1790.76 -2747.57 10418.3
-7673.09 8822.45 -16003.7 20060.4
-4693.78 3180.94 -6683.45 8765.25 -1 2
3651.94 -796.203 -29.756 3739.34 -1 1
-2979.3 5641.51 -9320.21 11295.1 1 2
5524.3 2586.96 -2717.81 6678.91 1 1
event 76
-1622.63 -7329.55 -6888.28 10648.7
-11918.8 372.689 9086.32 15308.4
-35.7926 -4027.91 -1889.49 4450.47 1 1
-1586.83 -3301.65 -4998.79 6198.22 -1 1
-8355.17 903.677 4694.33 9626.7 -1 2
-3563.62 -530.988 4391.99 5681.73 1 2
event 77
1151.18 4972.88 6235.54 8632.93
-14468.9 -5131.8 72452.9 74126.2
1579.79 2684.18 1740.44 3569.44 1 1
-428.605 2288.7 4495.1 5063.49 -1 1
-7850.05 -3606.26 46700.7 47493.1 1 2
-6618.84 -1525.55 25752.2 26633.1 -1 2
event 78
5603.4 -8992.6 7677.17 13446
-3196.96 10831.9 18880.2 22217.2
-627.013 3848.94 4042.08 5617.57 -1 2
2642.49 -1823.78 1582.44 3581.09 1 1
2960.9 -7168.82 6094.73 9864.88 -1 1
-2569.95 6982.96 14838.1 16599.6 1 2
event 79
-9599.57 3361.47 31779.1 33510.5
4824.55 -3130.16 -3687.06 7500.64
3845.48 -707.536 -2061.27 4421.34 1 2
-4039.82 1785.48 18638.5 19155 -1 1
979.078 -2422.62 -1625.8 3079.3 -1 2
-5559.75 1575.99 13140.6 14355.5 1 1
event 80
-4848.91 9980.02 -1587.84 11628.6
-19067.5 -396.033 -35458.2 40380.8
-14889 -1511.37 -26546.5 30474.5 1 2
-716.152 4632.53 -1289.64 4862.87 -1 1
-4178.55 1115.34 -8911.69 9906.24 -1 2
-4132.76 5347.49 -298.204 6765.76 1 1
event 81
-4351.48 -2564.86 -28420.4 29031.4
-1003.28 -16328.2 16569.1 23489.2
-1527.44 -2653.37 -16326.7 16611.6 -1 1
-2824.04 88.5094 -12093.6 12419.8 1 1
800.695 -10644.1 11025.1 15346 -1 2
-1803.97 -5684.18 5544.05 8143.21 1 2
event 82
11231.9 18639.2 48516.2 53263.4
-1466.85 -3734.59 -3640.59 6240.58
9475.28 14992.3 36452.2 40537.9 -1 1
1756.63 3646.91 12064 12725.4 1 1
411.213 -2976.99 -1817.48 3513.68 -1 2
-1878.06 -757.601 -1823.11 2726.9 1 2
event 83
-3388.23 7353.39 -6144.38 10625.3
8482.25 -8430.19 -19318.2 22930.4
4211.09 -3304.64 -6050.76 8079.41 -1 2
-2366.37 1756.18 -2516.1 3876.31 -1 1
4271.16 -5125.55 -13267.5 14851 1 2
-1021.86 5597.21 -3628.29 6748.97 1 1
event 84
7128.47 -3679.28 19213.9 21050.3
-5295.85 6622.7 8917.72 12689.4
-4680.65 3584.14 6319.24 8642.83 1 2
3956.83 -989.393 12530.4 13177.9 1 1
-615.2 3038.55 2598.48 4046.55 -1 2
3171.64 -2689.89 6683.48 7872.41 -1 1
event 85
-7414.76 -7452.83 3677.16 11560.1
-5245.03 -6664.83 7895.65 11994.3
-4158.6 -2889.21 3927.52 6409.22 -1 2
-1829.76 -3871.08 1932.81 4698.96 1 1
-5585 -3581.74 1744.35 6861.13 -1 1
-1086.43 -3775.62 3968.13 5585.06 1 2
event 86
-1759.56 5630.51 -18491.6 19655.3
3891.27 -10077.3 40202.7 41743.7
-1334.21 3450.13 -15451.7 15888.7 -1 1
-425.351 2180.38 -3039.89 3766.57 1 1
3329.2 -5350.91 19194.8 20203.2 -1 2
562.071 -4726.35 21007.9 21540.6 1 2
event 87
6672.15 320.079 -8099.9 10946.2
15472.6 -25919.2 -17812.7 35186.5
4878.24 1529.21 -4899.76 7081.99 -1 1
1793.91 -1209.13 -3200.13 3864.21 1 1
9823.52 -13880.2 -9089.04 19281.7 -1 2
5649.04 -12038.9 -8723.67 15904.8 1 2
event 88
-4424.19 3615.5 11655.1 13344.6
-2962.32 -12666.3 24031 27500.8
-2983.24 1127.16 8475.87 9056.59 -1 1
-1440.95 2488.34 3179.26 4288.01 1 1
-2348.95 -6560.2 15466.5 16964 -1 2
-613.37 -6106.13 8564.47 10536.7 1 2
event 89
-5816.68 -1985.75 -5212.54 8633.58
-6825.85 -2675.77 32795.7 33747.6
-2199.19 -2290.03 10350.6 10827.1 1 2
-2005.89 666.932 -2417.35 3212.97 -1 1
-3810.79 -2652.68 -2795.18 5420.61 1 1
-4626.66 -385.741 22445.2 22920.5 -1 2
event 90
-6773.6 7366.18 37679.4 39108.5
277.442 -4949.71 2747.59 6458.79
-3032.54 4624.63 25063.4 25666.5 1 1
-3741.06 2741.55 12616.1 13442 -1 1
-1128.21 -3292.75 2461.97 4264.69 -1 2
1405.66 -1656.95 285.619 2194.11 1 2
event 91
-10039.9 2563.98 9095.85 14131.5
2018.4 5727.69 -4743.1 8304.72
-6882.26 2720.94 7679.68 10665.7 1 1
-3157.59 -156.965 1416.17 3465.79 -1 1
-322.458 1993.5 -297.642 2043.97 -1 2
2340.86 3734.19 -4445.46 6260.76 1 2
event 92
8394.34 10409.3 3348.85 14128.8
8992.23 1203.06 10920.5 14531.2
4847.43 87.1183 3581.92 6028.8 1 2
4178.87 4868.62 33.61 6417.06 1 1
4144.8 1115.94 7338.61 8502.41 -1 2
4215.47 5540.67 3315.24 7711.75 -1 1
event 93
-11211.3 -6491.42 57144.7 58676.6
-5238.68 2435.16 -23047.2 23961.2
-9019.09 -4022.41 46220.2 47263.6 -1 1
-2192.2 -2469.01 10924.5 11413.1 1 1
-796.318 1916.38 -7653.83 7930.89 -1 2
-4442.36 518.776 -15393.4 16030.3 1 2
event 94
6052.37 10696.8 8754.46 15404.1
-9571.57 -8023.38 380.894 12873.4
-8176.68 -5438.91 -412.011 9829.59 1 2
2738.88 2787.65 1556.83 4208.01 -1 1
-1394.88 -2584.47 792.905 3043.85 -1 2
3313.49 7909.18 7197.64 11196 1 1
event 95
15077.5 8282.71 -9378.79 19836.5
-4096.53 -3921.23 -6380.07 9080.41
-2027.64 -3839.02 -3800.69 5771.11 -1 2
2954.97 1518.07 -3292.03 4678.14 1 1
12122.6 6764.64 -6086.76 15158.4 -1 1
-2068.89 -82.2179 -2579.38 3309.3 1 2
event 96
-6150.12 -6819.31 32793.3 34195.3
-8473.34 11789.5 -73407.2 74893.2
-2909.24 -5425.54 20342.3 21253.7 -1 1
-3240.88 -1393.77 12451 12941.6 1 1
-5625.22 5923.76 -46082.5 46801.1 -1 2
-2848.11 5865.74 -27324.7 28092.1 1 2
event 97
-2515.7 3747.56 -7342.08 9158.08
-1520.89 -20100.4 -6793.36 21496.1
-2866.23 1591.36 -4627.06 5671.74 -1 1
350.536 2156.2 -2715.02 3486.34 1 1
-465.155 -14974.7 -3762.46 15447.5 -1 2
-1055.74 -5125.75 -3030.9 6048.59 1 2
event 98
677.249 -7050.62 -26201.5 27318.1
472.092 -10687.6 -2366.27 11385.8
-1267.24 -3528.25 -489.302 3782.2 -1 2
1573.26 -2199.93 -7380.13 7860.81 -1 1
1739.33 -7159.33 -1876.97 7603.65 1 2
-896.009 -4850.7 -18821.4 19457.3 1 1
event 99
-11014.8 1707.41 -14106 18243.1
-3715.64 6320.9 20933.8 22395.9
-165.611 3091.41 6889.98 7554.28 1 2
-2611.37 1512.07 -5073.62 5904.1 -1 1
-8403.47 195.337 -9032.4 12339 1 1
-3550.03 3229.49 14043.9 14841.6 -1 2
event 100
-8176.21 2145.92 6622.25 11175.9
2521.56 -3658.38 19285.2 20031.3
-3720.53 2569.88 3461.34 5695.49 1 1
-4455.69 -423.963 3160.91 5480.46 -1 1
478.325 -3091.43 13777.1 14128.2 -1 2
2043.23 -566.956 5508.1 5903.1 1 2
event 101
5615.4 9302.16 24470.3 26952.7
-4066.05 -4373.9 -28570.1 29351.4
2523.83 6736.85 14066.8 15800 -1 1
3091.57 2565.32 10403.5 11152.7 1 1
-999.271 -3338.45 -14439 14853.9 -1 2
-3066.78 -1035.45 -14131.1 14497.5 1 2
event 102
1201.21 6521.83 11617.2 13730.5
2809.39 13287 17730.9 22548
1279.15 3428.4 8852.61 9579.67 1 1
-77.9494 3093.43 2764.6 4150.85 -1 1
3086.32 8996.96 10802.9 14393.9 1 2
-276.931 4290.05 6927.97 8154.09 -1 2
event 103
3290.98 -3753.56 -15016.7 16124.9
-10162 220.815 478.338 10636.4
2743.2 -1520.07 -11509.7 11929.8 1 1
547.778 -2233.48 -3506.99 4195.07 -1 1
-5748.02 -1405.17 155.713 5920.28 1 2
-4413.94 1625.98 322.625 4716.13 -1 2
event 104
3212.64 6280.69 2112.72 7988.85
277.908 7169.07 3111.19 8410.9
-1368.21 2880.15 1631.71 3583.42 1 2
2026.56 1295.71 1476.3 2824.25 -1 1
1186.08 4984.99 636.417 5164.6 1 1
1646.12 4288.92 1479.48 4827.48 -1 2
event 105
-15869.3 -3252.13 55217.8 57628.2
-4542.38 2852.97 18177.1 19203.3
-11835.8 -1155.34 37803.9 39630.4 1 1
-4033.44 -2096.79 17414 17997.8 -1 1
-2036.59 2902.12 8589.23 9292.8 -1 2
-2505.78 -49.1581 9587.83 9910.55 1 2
event 106
7342.53 1966.6 16369.5 18312
-9539.84 -785.776 -35478.2 36877.1
3794.61 2521.92 10217.1 11187.4 -1 1
3547.91 -555.319 6152.44 7124.59 1 1
-6619.23 793.62 -21531.2 22539.9 -1 2
-2920.61 -1579.4 -13947 14337.2 1 2
event 107
-4127.69 -9869.31 -8691.97 14127.3
1493.16 6115.51 -21173.6 22305.6
661.313 3120.71 -15599.2 15922.4 1 2
-637.541 -5481.54 -4014.77 6825.2 1 1
831.846 2994.8 -5574.41 6383.26 -1 2
-3490.15 -4387.77 -4677.2 7302.12 -1 1
event 108
3689.48 9847.95 -1487.67 11063.4
4339.17 4349.51 -15873.6 17300.6
3469 5477.58 -149.644 6486.25 -1 1
220.479 4370.37 -1338.03 4577.14 1 1
2121.39 2992.25 -5545.1 6649.3 -1 2
2217.78 1357.25 -10328.5 10651.3 1 2
event 109
7722.13 -1691.28 -4127.82 9440.46
-4609.71 -10375.2 -17024.1 20695.5
-2732.34 -4663.07 -5588.46 7775.08 1 2
2152.98 -1853.29 -813.638 2956.89 1 1
-1877.37 -5712.13 -11435.6 12920.4 -1 2
5569.15 162.003 -3314.19 6483.57 -1 1
event 110
6541.57 -6712.58 9146.55 13457.4
7282.49 4237.34 -7749.25 11858.8
3673.58 703.703 -2142.57 4311.87 1 2
3448.76 -1446.17 3045.75 4824.23 1 1
3092.81 -5266.41 6100.8 8633.16 -1 1
3608.91 3533.64 -5606.68 7546.98 -1 2
event 111
-4741.18 7194.26 29142.6 30547
-2717.99 12666 5467.11 14397.9
-121.617 4929.22 800.468 4996.39 -1 2
-278.079 1980.78 10305.9 10498.8 1 1
-2596.38 7736.8 4666.64 9401.49 1 2
-4463.1 5213.48 18836.7 20048.3 -1 1
event 112
465.126 -10716.8 -2723.19 11492.3
-3432.7 -8819.04 22528.2 24630.7
-2724.69 -3958.52 8472.29 9740.88 1 2
-66.1711 -3218.53 593.836 3275.23 1 1
531.297 -7498.24 -3317.03 8217.04 -1 1
-708.008 -4860.51 14055.9 14889.8 -1 2
event 113
11314.3 13561.4 -25534.2 31201.2
4477.73 3584.99 -6563.49 9250.54
5573 7079.56 -10362.9 13732.4 1 1
5741.27 6481.88 -15171.3 17468.8 -1 1
1559.34 2786.55 -1984.12 3760.89 -1 2
2918.39 798.442 -4579.37 5489.66 1 2
event 114
127.644 -7475.76 19440.6 21057.8
-7417.37 -1656.39 1296.78 8308.65
-3123.71 605.72 1340.09 3454.2 -1 2
-1086.7 -2570.86 9559.02 9958.72 1 1
1214.34 -4904.91 9881.61 11099.1 -1 1
-4293.66 -2262.11 -43.3062 4854.45 1 2
event 115
6916.93 1856.95 8689.66 11678.7
-10462.1 -10956.3 -26268.5 30481.4
-2361.86 -2997.76 -4292.44 5744.67 1 2
3647.71 -571.23 4687.93 5968.24 1 1
-8100.21 -7958.51 -21976 24736.8 -1 2
3269.22 2428.18 4001.74 5710.42 -1 1
event 116
-4007.09 -7502.44 -30262.8 31587.5
-2718.94 3924.81 -3047.46 6455.69
-696.36 3482.95 -1447.02 3836.78 1 2
-2961.66 -2970.77 -11059.5 11828.8 -1 1
-2022.58 441.859 -1600.45 2618.91 -1 2
-1045.43 -4531.67 -19203.3 19758.7 1 1
event 117
-5457.53 -6280.14 -11926.7 15001.9
8111.46 2246.22 -27829.9 29239.3
2439.86 2212.03 -10408.5 10917.6 -1 2
-1401.84 -2796.63 -7254.38 7900.86 1 1
5671.6 34.1869 -17421.4 18321.7 1 2
-4055.69 -3483.52 -4672.33 7101.08 -1 1
event 118
-1572.25 -15437.2 -17714.8 23836.6
-3752.93 4499.35 11975.9 13687.3
-2108.65 2386.49 9569.05 10085.6 1 2
872.76 -5541.18 -7866.79 9662.5 -1 1
-1644.28 2112.86 2406.83 3601.64 -1 2
-2445.01 -9896.01 -9848.03 14174.1 1 1
event 119
-8812.83 -3674.68 -5542.42 11466.4
6638.07 5025.55 8511.64 12302.9
4198.42 1966.1 6248.59 7781.29 -1 2
-4076 -1168.3 -814.113 4318.87 -1 1
-4736.83 -2506.38 -4728.31 7147.55 1 1
2439.65 3059.45 2263.05 4521.58 1 2
event 120
-2503.82 -10457.2 -15892.5 19436.7
-5452.14 357.002 -26544.6 27277.5
-2191.06 -5277.32 -6134.57 8384.21 1 1
-312.766 -5179.92 -9757.91 11052.5 -1 1
-3702.54 -1208.12 -17905.4 18324.4 -1 2
-1749.6 1565.13 -8639.22 8953.1 1 2
