event 0
-6023.51 5213.61 -156.715 8548.68
-7337.2 -4252.17 1099.22 9094.8
-3154.77 -2657.87 1906.05 4545.44 -1 2
-3534.97 1067.46 193.693 3699.21 1 1
-2488.54 4146.16 -350.408 4849.47 -1 1
-4182.43 -1594.3 -806.823 4549.36 1 2
event 1
3445.6 5429.77 -14837.3 16464.9
-8544.43 1682.72 37555.3 38676
-3508.17 -623.648 18074.3 18422.5 -1 2
59.3881 2157.88 -6950.15 7278.44 -1 1
-5036.26 2306.37 19481 20253.5 1 2
3386.22 3271.89 -7887.17 9186.42 1 1
event 2
-15862.2 -1612.77 -2136.99 16382
4546.76 8432.75 -11593.3 15355
-9275.02 -2439.1 -1563.8 9717.6 1 1
-6587.19 826.334 -573.19 6664.36 -1 1
1673.32 6186.84 -7058.14 9534.44 -1 2
2873.44 2245.9 -4535.16 5820.61 1 2
event 3
11712.1 -853.252 -12288.5 17277.3
11018.3 2939.38 13028.6 17589.1
8045.72 -1836.73 -7383.32 11073.9 1 1
3666.33 983.473 -4905.22 6203.35 -1 1
3655.92 340.48 2351.29 4361.35 -1 2
7362.35 2598.9 10677.3 13227.8 1 2
event 4
-5219.62 -4132.49 11524.1 13664.5
-6134.12 -5500.62 33713.1 34843.2
-2899.75 -1444.63 8398.8 9002.58 1 2
-2955.75 -427.836 4329.85 5261.01 1 1
-3234.37 -4055.99 25314.3 25840.6 -1 2
-2263.87 -3704.66 7194.26 8403.46 -1 1
event 5
4290.94 4650.13 -7655.34 10403.4
-6844.66 -6889.45 -902.598 10233.2
-2637.47 -3364.71 -1855.23 4661.61 -1 2
199.24 1998.82 -1309.73 2400.32 -1 1
-4207.18 -3524.73 952.632 5571.61 1 2
4091.7 2651.3 -6345.6 8003.08 1 1
