event 0
-4708.73 3519.92 12838.4 14456
6461.34 4234.17 3392.76 8987.71
-2156.22 3320.66 6399.7 7526.18 -1 1
-2552.51 199.253 6438.69 6929.86 1 1
2476.63 3456.3 1933.74 4672.28 1 2
3984.71 777.875 1459.01 4315.43 -1 2
event 1
6421.81 7618.26 10575.8 14856.5
-2866.86 11087.9 -13645.2 18081.5
-1046.53 8841.81 -11085.1 14218.5 1 2
2372.01 2922.34 1972.08 4250.5 1 1
-1820.33 2246.09 -2560.02 3863.08 -1 2
4049.81 4695.92 8603.75 10606 -1 1
event 2
-1064.17 11377 27279.3 29737.5
-4252.51 9685.48 -5145.32 12163.8
-3293.46 3680.97 -2317.79 5457.08 -1 2
-1317.04 1823.06 4417.3 4958 1 1
252.867 9553.93 22862 24779.5 -1 1
-959.045 6004.52 -2827.53 6706.72 1 2
event 3
-9633.73 2567.43 5800.86 11943.2
-9842.16 19198.6 -14892.8 26397.7
-8020.18 947.454 5088.71 9546.05 1 1
-1613.55 1619.97 712.152 2397.12 -1 1
-5224.28 9788.4 -5796.73 12518.7 -1 2
-4617.88 9410.18 -9096.08 13879 1 2
event 4
-2129.54 -7599.33 -8286.95 11855.4
4553.34 -6705.39 44131.7 44976.6
1816.59 -5272.73 27460.2 28021 1 2
-2393.24 -3021.11 -4325.91 5794.77 -1 1
2736.75 -1432.67 16671.6 16955.7 -1 2
263.701 -4578.22 -3961.04 6060.58 1 1
event 5
4281.27 4842.34 8887.85 11417.6
-19860.9 -11843.6 -14714.9 27583.4
4218.02 2810.8 5630.3 7576.53 -1 1
63.2487 2031.55 3257.55 3841.09 1 1
-11812.8 -5977.43 -9833.58 16491.9 1 2
-8048.08 -5866.19 -4881.31 11091.5 -1 2
