event 0
4473.38 9344.31 -31337.3 33150.3
4212.97 -7572.34 42441.6 43427.8
1073.55 -4143.78 15176.4 15768.8 -1 2
2837.22 3153.71 -9756.25 10639.1 -1 1
1636.16 6190.6 -21581 22511.2 1 1
3139.42 -3428.56 27265.3 27658.9 1 2
event 1
11589.9 14276.4 82519.5 84600.2
-6874.1 4443.93 -1167.62 8829.24
8007.21 11792.8 61006.2 62649.5 1 1
3582.65 2483.59 21513.3 21950.7 -1 1
-3979.08 849.978 -10.3217 4070.23 -1 2
-2895.03 3593.95 -1157.3 4759.01 1 2
event 2
8038.59 1407.35 1183.27 8808.58
4271.27 -6111.9 -24575.6 25867.9
4761.98 2358.33 686.564 5359.17 -1 1
3276.61 -950.98 496.705 3449.41 1 1
925.4 -2508.96 -4860.47 5548.56 -1 2
3345.87 -3602.95 -19715.2 20319.3 1 2
event 3
-160.796 5298.34 7951.82 10046.1
-23922.5 -2066.06 516.796 24216
-1426.3 2745.7 2882.51 4230.04 -1 1
1265.5 2552.64 5069.31 5816.06 1 1
-15736.4 -2091.44 1609.64 15956.5 1 2
-8186.09 25.3796 -1092.85 8259.43 -1 2
event 4
3544.06 -4691.11 7918.23 10337.1
4645.45 -9034.41 26358.1 28417.3
1551.37 -3207.1 2435.7 4316.95 -1 1
1992.69 -1484.01 5482.53 6020.16 1 1
3612.11 -4453.62 11795.7 13116.1 -1 2
1033.33 -4580.79 14562.4 15301.2 1 2
event 5
-5507.21 3830.48 -22397.2 23584.5
-10739.8 -7422.55 -23657.7 27197.7
-4533.18 2022.48 -12012.7 12998.3 1 1
-974.032 1807.99 -10384.5 10586.1 -1 1
-7572.09 -3415.1 -14796.1 16968.7 -1 2
-3167.75 -4007.45 -8861.61 10229.1 1 2
event 6
4189.05 -15530.7 45102 47984.7
-5216.38 4595.83 -13704.6 15676.1
-3531.69 3298.07 -12038.3 12972.4 -1 2
1241.93 -4630.53 9615.56 10745 1 1
2947.12 -10900.1 35486.5 37239.7 -1 1
-1684.69 1297.77 -1666.27 2703.7 1 2
event 7
8042.98 -5213.81 6778.19 12141.2
338.36 -7068.23 -660.432 7752.71
160.27 -4719.19 -1897.24 5089.9 -1 2
4209.29 -1180.82 2011.41 4813.46 -1 1
3833.68 -4033 4766.78 7327.73 1 1
178.09 -2349.04 1236.8 2662.81 1 2
event 8
949.801 4566.84 1437.18 5780.55
3503.24 10694.5 7569.11 13911.3
2082.06 2672.48 889.226 3504.14 -1 1
-1132.26 1894.36 547.954 2276.41 1 1
608.701 5881.98 4956.08 7716.35 1 2
2894.54 4812.48 2613.03 6194.95 -1 2
event 9
10680.6 -31.1638 -12943.9 17064.9
-6521.55 3574.09 -23823.8 25149
6784.24 1430.71 -7545.78 10248.1 1 1
3896.35 -1461.88 -5398.13 6816.86 -1 1
-1697.19 2403.81 -11284.1 11662 -1 2
-4824.36 1170.28 -12539.7 13487 1 2
