event 0
2705.96 7338.28 -7405.14 11207.1
-11230.4 -1858.5 5215.77 12898.5
451.801 4117.78 -2224.86 4703.34 -1 1
2254.16 3220.5 -5180.28 6503.79 1 1
-6243.25 -964.203 4552.53 7787.46 -1 2
-4987.15 -894.298 663.24 5111.01 1 2
event 1
-8916.85 -3536.72 25634.5 27545.2
1650.43 9477.44 26011.8 27906.1
1630.02 3508.95 7263.35 8230.26 -1 2
-2309.09 -593.663 3330.42 4097.22 1 1
-6607.76 -2943.06 22304.1 23448 -1 1
20.4192 5968.48 18748.5 19675.9 1 2
event 2
128.183 5208.16 8849.85 10726.2
6052.43 7313.68 -26590.6 28403.8
1594.86 2924.25 5206.69 6181.88 1 1
-1466.68 2283.92 3643.16 4544.36 -1 1
4759.09 3464.71 -16904.8 17900.8 -1 2
1293.34 3848.96 -9685.79 10503 1 2
event 3
-4853.26 -3227.75 -23777.7 24676.6
1174.09 10953.5 -23042.2 25727.2
-1606.79 -2923.21 -11966.5 12423.2 -1 1
-3246.46 -304.533 -11811.1 12253.4 1 1
-844.362 6351.44 -13411.5 14863.9 1 2
2018.46 4602.02 -9630.63 10863.4 -1 2
event 4
2296.77 -8695.8 -530.137 9526.97
-12290.4 -281.296 -3758.98 13223.1
-3873.51 -476.223 220.32 3910.32 -1 2
1926.78 -3210.85 -1320.52 3972.02 -1 1
-8416.93 194.926 -3979.3 9312.83 1 2
369.995 -5484.95 790.386 5554.94 1 1
event 5
2349.73 17968.2 -30388.1 35516.2
-2757.67 -5953.69 -823.009 7302.06
-878.08 -4950.35 -37.7451 5028.87 -1 2
-443.5 4657.27 -9503.76 10593.4 1 1
2793.23 13311 -20884.3 24922.9 -1 1
-1879.59 -1003.35 -785.264 2273.19 1 2
