event 0
-5919.87 11185.2 -5010.06 13958.7
4316.24 -3612.5 22131.4 23045
-3338.3 9012.1 -4188.17 10484 -1 1
-2581.57 2173.11 -821.885 3474.7 1 1
2180.81 48.293 7713.26 8016.47 -1 2
2135.43 -3660.79 14418.1 15028.5 1 2
event 1
-231.275 -7786.78 -7742.5 11411.6
-907.468 -6557.48 8870.1 11493
-1494.02 -4589.79 -3569.83 6004.43 1 1
1262.74 -3196.99 -4172.67 5407.18 -1 1
-1804.08 -2467.82 3021.55 4299.51 -1 2
896.614 -4089.66 5848.55 7193.46 1 2
event 2
-4990.53 978.038 15894.2 16972.8
3793.38 8663.7 -5686 11461.7
-3746.31 -682.656 9017.77 9789.39 -1 1
-1244.23 1660.69 6876.39 7183.44 1 1
2121.38 4264.78 -1099.75 4889.71 1 2
1672 4398.91 -4586.25 6571.98 -1 2
event 3
-4085.62 -1682.58 23171.6 23875.4
-19341.3 17512.7 52512.3 58718.9
-1557.34 -2575.49 10534.3 10956.3 1 1
-2528.28 892.904 12637.3 12919 -1 1
-10703.6 9211.29 25034.3 28742.7 -1 2
-8637.68 8301.4 27478 29976.2 1 2
event 4
9512.23 -1372.5 1156.51 10163.4
3318.75 -6186.07 -3826.33 8573.93
6185.8 -1804.12 1914.72 6722.82 1 1
3326.43 431.621 -758.208 3440.57 -1 1
1999.82 -980.419 -1671.3 2786.56 -1 2
1318.93 -5205.65 -2155.03 5787.37 1 2
