event 0
9367.81 -698.95 -0.235168 9891.16
10481.2 -369.891 31624.5 33461.8
4411.78 -1043.27 17406.9 17987.9 -1 2
3432.47 1203.57 -292.234 3650.62 1 1
5935.35 -1902.52 291.999 6240.54 -1 1
6069.41 673.378 14217.5 15473.9 1 2
event 1
-1345.11 4626.69 457.27 5745.95
-3967.83 8089.58 -5406.44 10954.7
-2222.75 2504.57 -196.027 3356.05 -1 1
877.643 2122.12 653.296 2389.9 1 1
-3570.7 3908.07 -3452.58 6320.95 1 2
-397.124 4181.51 -1953.85 4633.73 -1 2
event 2
-990.772 -6181.47 12204.1 14061.4
-7060.02 -12598.5 22379.5 26814.2
-614.057 -4160.29 4828.95 6404.3 -1 1
-376.715 -2021.18 7375.13 7657.07 1 1
-4365.09 -9181.17 17778 20479.6 -1 2
-2694.93 -3417.38 4601.52 6334.53 1 2
event 3
2790.17 6398.59 -697.059 7668.34
-7849.68 -10903.5 -15276 20577.9
1267.63 5083.87 596.42 5274.42 -1 1
1522.54 1314.72 -1293.48 2393.92 1 1
-4529.89 -5549.39 -10313.3 12557.5 -1 2
-3319.79 -5354.14 -4962.69 8020.43 1 2
event 4
8302.94 -2157.49 -8885.69 12733.4
-3960.42 6579.44 5306.49 9834.81
-411.23 3565.86 1883.79 4055.16 -1 2
3210.54 627.435 -3804.54 5018.66 1 1
5092.4 -2784.92 -5081.15 7714.76 -1 1
-3549.19 3013.58 3422.7 5779.66 1 2
event 5
-3467.35 -5653.31 34917.6 35676.5
-695.813 -12977.7 -29043.9 31969.4
-3321.34 -2596.97 18354.3 18832.6 1 1
-146.003 -3056.34 16563.3 16843.9 -1 1
716.892 -8609.7 -16775.3 18869.6 -1 2
-1412.71 -4367.98 -12268.5 13099.7 1 2
event 6
10088.1 1945.58 13666.8 17376.1
-3765.87 8624.17 -25419 27281.4
-1710.55 7135.29 -19754.4 21073.3 1 2
3129.01 1451.46 6585.02 7434.45 1 1
-2055.31 1488.89 -5664.64 6208.1 -1 2
6959.07 494.125 7081.82 9941.63 -1 1
event 7
-5865.93 10788 3218.37 13066.8
-9432.21 219.437 -22572.2 24659.9
-7161.62 1066.81 -19078.7 20406.7 -1 2
-1323.74 4289.42 -49.5533 4490.55 -1 1
-4542.18 6498.53 3267.92 8576.29 1 1
-2270.59 -847.372 -3493.54 4253.19 1 2
event 8
11004.1 5452.63 11586.1 17165.4
5176.43 -4893.04 13809.3 15843.7
4069.96 -2032.11 6687.8 8089 1 2
4670.64 714.632 3778.92 6051.2 1 1
1106.46 -2860.93 7121.51 7754.75 -1 2
6333.49 4738 7807.19 11114.2 -1 1
event 9
-5334.33 -4232.65 29828.9 30752.6
4020.08 6723.95 -12360.2 14957.9
1358.63 3071.67 -8001.05 8678.08 1 2
-895.153 -1899.15 5032.09 5453.54 -1 1
-4439.17 -2333.5 24796.8 25299.1 1 1
2661.45 3652.28 -4359.14 6279.79 -1 2
event 10
1985.41 7521.22 14907.2 17097.6
-5465.54 2978.42 -64.7518 6952.55
-2914.79 3269.81 -100.269 4382.79 -1 2
1666.83 2897.08 3801.89 5063.29 -1 1
318.578 4624.14 11105.4 12034.3 1 1
-2550.75 -291.388 35.5177 2569.76 1 2
event 11
4728.88 4079.53 -21340.2 22449.9
-5333.6 7201.23 -15866.9 18483.9
-1547.04 2785.51 -3066.82 4423.68 1 2
1852.62 1154.88 -3366.38 4013.68 1 1
-3786.56 4415.72 -12800.1 14060.2 -1 2
2876.26 2924.66 -17973.8 18436.2 -1 1
