event 0
-5395.39 6450.62 -10302.3 13654.6
1347.1 8397.34 -33677.6 34872.6
-255.369 6344.09 -21446.2 22366.5 1 2
-3003.94 1374.22 -4485.15 5571.34 -1 1
1602.47 2053.24 -12231.4 12506.1 -1 2
-2391.45 5076.4 -5817.13 8083.26 1 1
event 1
-3064.37 5666.93 4715.08 8563.15
-14986.4 -442.259 4310.84 15904.8
-2876.77 3020.31 4073.92 5831.47 -1 1
-187.597 2646.62 641.161 2731.67 1 1
-8575.87 -1757.29 2748.29 9175.94 1 2
-6410.57 1315.03 1562.55 6728.85 -1 2
event 2
14152.9 16248.9 2185.55 21879.3
3456.36 3652.28 -27475.5 28174.1
1368.72 3860.65 -19558.8 19983.4 -1 2
3057.56 2279.44 1249.97 4014.74 1 1
11095.4 13969.5 935.58 17864.5 -1 1
2087.64 -208.373 -7916.73 8190.69 1 2
event 3
-5109.84 8656.77 -15036.7 18350.5
7940.36 2385.45 16565.8 18781.9
4378.71 2895.58 9734.21 11060 -1 2
-2713.13 2854.18 -8015.31 8931.06 -1 1
-2396.71 5802.59 -7021.4 9419.42 1 1
3561.65 -510.128 6831.59 7721.88 1 2
event 4
4797.82 5713.99 -3162.93 8675.5
11852.8 4928.88 -57668.6 59194.9
3442.53 3171.3 -427.808 4701.31 1 1
1355.29 2542.69 -2735.12 3974.18 -1 1
6426.11 3890.07 -26683.9 27721.3 1 2
5426.72 1038.8 -30984.7 31473.6 -1 2
event 5
2117.84 4104.94 14152.7 15206.1
-6992.42 -8981.24 52599.9 53906.4
2609.14 1737.95 7679.16 8295.11 1 1
-491.3 2366.99 6473.51 6910.97 -1 1
-3003.58 -6137.71 33318.2 34011.8 1 2
-3988.84 -2843.53 19281.7 19894.5 -1 2
event 6
10745.7 2684.75 28907 31110.8
-2766.85 -8896.76 5082.33 11055.7
431.178 -3554.56 2084.06 4144.31 1 2
3280.62 -578.998 9240.06 9822.81 -1 1
7465.07 3263.75 19666.9 21288 1 1
-3198.03 -5342.2 2998.27 6911.39 -1 2
event 7
6263.21 -6823.77 -166.567 9767.67
-4531.13 2841.89 -16845 17943
-2440.41 2351.32 -13832.2 14241.7 1 2
3442.29 -2258.88 -1225.32 4297.03 1 1
-2090.72 490.561 -3012.78 3701.32 -1 2
2820.92 -4564.89 1058.75 5470.64 -1 1
event 8
-3407.41 5378.18 -7290.9 10357.6
132.611 -7297.38 4178.78 8962.36
-1326.88 -3070.24 1063.79 3511.38 1 2
-1897.48 979.62 -4369.72 4864.74 -1 1
-1509.93 4398.56 -2921.18 5492.88 1 1
1459.49 -4227.14 3114.99 5450.98 -1 2
event 9
-3988.89 5539.54 16659.1 18267.8
7632.53 -3077.26 -11351.7 14358.8
2224.7 -2502.85 -4519.89 5626.2 -1 2
-619.096 2116.43 8657.81 8934.84 -1 1
5407.83 -574.411 -6831.76 8732.62 1 2
-3369.79 3423.11 8001.25 9332.98 1 1
event 10
5943.05 4396.65 -2632.54 8436.39
15100.1 1731.24 39254.6 42208.1
4182.9 1268.51 -966.531 4477.84 1 1
1760.15 3128.14 -1666.01 3958.55 -1 1
8087.96 -232.897 17852.5 19600.8 1 2
7012.11 1964.13 21402.2 22607.3 -1 2
