event 0
-6097.19 999.797 -1505.11 7073.32
-2558.77 15844.7 33253.9 37054.3
-4104.54 1504.56 233.347 4379.1 -1 1
-1992.65 -504.762 -1738.46 2694.22 1 1
-2004.82 10591.6 18891.5 21750.9 -1 2
-553.948 5253.14 14362.5 15303.4 1 2
event 1
-5669.44 -4722.51 -20656.9 22152.7
2698.47 6127.89 -21589.4 22815
756.481 4343.42 -16534.3 17112.3 -1 2
-2730.08 -1268.77 -12081.1 12451 1 1
-2939.36 -3453.75 -8575.74 9701.68 -1 1
1941.99 1784.46 -5055.07 5702.68 1 2
event 2
-5755.94 2484.56 -4848.26 8508.85
-2701.57 -12848.1 -37433.8 39790.1
-2515.36 2723.99 -2988.7 4763.47 1 1
-3240.58 -239.438 -1859.56 3745.37 -1 1
-3215.8 -8174.28 -24105.2 25656 1 2
514.224 -4673.83 -13328.6 14134.1 -1 2
event 3
-3539.09 3393.89 10275.8 11799.4
13027.5 1422.25 -35100.1 37594.5
-1029.34 3092.85 5473.32 6371.31 -1 1
-2509.75 301.035 4802.44 5428.08 1 1
9060.99 569.123 -20109.5 22064.2 -1 2
3966.47 853.131 -14990.6 15530.3 1 2
event 4
2317.65 -5347.75 -16497 17768.3
10827.4 -5317.55 9391.45 15598.1
2359.59 -3062.16 -13200.6 13755.4 -1 1
-41.9405 -2285.6 -3296.42 4012.89 1 1
6336.13 -2080.28 3575.66 7567.74 -1 2
4491.28 -3237.27 5815.79 8030.32 1 2
event 5
-14.6066 13340.7 -554.946 13706.6
4617.28 -5534.94 -8611.67 11649.3
-437.211 7353.27 -1781.45 7579.34 -1 1
422.604 5987.43 1226.51 6127.27 1 1
2478.6 -5028.34 -5652.79 7961.96 -1 2
2138.68 -506.604 -2958.87 3687.37 1 2
