event 0
-3800.24 13218.8 -39770.6 42195.7
-2307.95 5546.15 -9584.78 11728
-2124.96 7299.85 -26480.7 27550.7 1 1
-1675.28 5919 -13290 14645 -1 1
-2643.22 2393.94 -5511.43 6565.41 -1 2
335.264 3152.2 -4073.34 5162.56 1 2
event 1
-4803.65 -3800.4 3510.88 7709.42
-12646.7 -16628.3 15116.7 25972
-3733.44 -1041.02 1664.58 4219.51 1 1
-1070.21 -2759.38 1846.3 3489.91 -1 1
-6575.65 -8142.14 9432.12 14089.3 1 2
-6071.04 -8486.18 5684.59 11882.7 -1 2
event 2
3552.73 10217.8 -260.911 11255.4
-3498.07 5050.24 19797.2 20958.6
1310.29 7943.81 -339.864 8059.01 1 1
2242.45 2273.98 78.9535 3196.39 -1 1
-346.41 2500.91 4821.47 5443.55 -1 2
-3151.66 2549.33 14975.8 15515 1 2
