event 0
-5055.89 1135.82 20093.6 20980.9
7423.19 3557.89 3932.06 9634.03
-3518.79 -692.587 13440.8 13911.4 -1 1
-1537.1 1828.4 6652.87 7069.48 1 1
3604.25 2075.4 3636.07 5525.41 1 2
3818.94 1482.49 295.982 4108.63 -1 2
event 1
8186.99 -3208.26 -4167.18 10405.4
11105.9 7679.3 -27428.5 30728.3
4906.24 -191.883 -3144.96 5831.81 -1 1
3280.75 -3016.38 -1022.22 4573.62 1 1
7420.99 5582 -15510.2 18077.8 -1 2
3684.93 2097.3 -11918.3 12650.5 1 2
event 2
5922.52 -10987.2 12168.2 17817
4892.26 2656.51 5143.68 8428.38
4591.47 -4665.27 6409.89 9162.11 1 1
1331.05 -6321.92 5758.27 8654.89 -1 1
3981.7 826.229 1671.92 4398.08 -1 2
910.556 1830.28 3471.76 4030.3 1 2
event 3
9412.1 -2305.18 2783.55 10547.1
3774.18 -6266.04 1145.21 8025.57
2561.08 -3733.86 2186.35 5029.13 -1 2
2622.19 -2114.37 1139.53 3557.55 -1 1
6789.91 -190.811 1644.02 6989.51 1 1
1213.1 -2532.18 -1041.14 2996.44 1 2
