event 0
284.778 5945.69 -2002.81 7002.44
8645.92 7070.69 -16707.6 20334.2
2743.72 1788.71 -7522.21 8205.01 -1 2
-1359.93 2177.91 -463.149 2611.2 1 1
5902.2 5281.99 -9185.34 12129.2 1 2
1644.71 3767.78 -1539.66 4391.23 -1 1
event 1
3601.53 6620.53 -28790.5 29921.3
-6422.02 -4881.94 17041.4 19107
-1780.95 -3059.17 5600.03 6625.85 1 2
1557.77 1794.7 -4706.59 5273.59 1 1
2043.76 4825.83 -24083.9 24647.7 -1 1
-4641.07 -1822.77 11441.4 12481.1 -1 2
event 2
-12583.2 2399.78 8765.8 15828
-1662.93 -6539.69 -8560.5 11331.6
-7401.53 1152.02 6886.28 10175.6 -1 1
-5181.7 1247.76 1879.52 5652.49 1 1
378.058 -4562.09 -5397.97 7078.48 -1 2
-2040.99 -1977.6 -3162.53 4253.15 1 2
event 3
-5422.6 -5434.15 24852 26194.4
-7701.43 4970.91 9200.08 13351.2
-2036.41 2783.03 4505.02 5674.38 -1 2
-1606.82 -1428.83 12155.7 12344.8 1 1
-5665.02 2187.88 4695.06 7676.85 1 2
-3815.78 -4005.32 12696.3 13849.6 -1 1
event 4
-5203.32 -7329.18 2552.19 9843.56
6922.61 14763.6 -31926.5 35983
-3016.31 -4804.8 3086.83 6459.4 -1 1
-2187.01 -2524.38 -534.632 3384.16 1 1
4344.25 9112.89 -22886.2 25014.1 1 2
2578.36 5650.74 -9040.32 10968.9 -1 2
event 5
7209.54 4266.69 4163.98 9854.53
35.5046 6575.07 -2968.6 7850.9
212.298 4449.28 -3481.44 5654.45 -1 2
2149.65 2636.33 2686.74 4336.01 -1 1
5059.9 1630.36 1477.24 5518.52 1 1
-176.793 2125.79 512.846 2196.45 1 2
