event 0
-10959.3 -8237.48 -28696.9 31954.1
-4686.47 5584.85 5084.58 9412.57
-3787.69 2842.18 4353.41 6433.35 1 2
-5868.83 -2531.33 -12320.8 13880.4 -1 1
-898.772 2742.66 731.173 2979.22 -1 2
-5090.48 -5706.15 -16376.1 18073.7 1 1
event 1
-12388.9 -3517.85 -14005.1 19276.7
398.628 -5724.91 7486.58 9928.41
-8590.71 -1734.25 -7503.01 11537.5 -1 1
-3798.18 -1783.6 -6502.08 7739.22 1 1
1640.4 -3305.62 5180.34 6361.22 -1 2
-1241.78 -2419.29 2306.24 3567.19 1 2
event 2
12472.3 -5036.99 -50662.9 52509.5
-770.385 8101.19 -23011.9 24604.1
-670.224 3502.82 -14455 14888.8 1 2
3402.07 -555.32 -17541.1 17876.9 1 1
9070.19 -4481.67 -33121.7 34632.6 -1 1
-100.162 4598.36 -8556.92 9715.3 -1 2
