event 0
-9729.18 -7012.44 13773.3 18523.7
-5983.17 7218.43 36252.6 37573.2
-3323.55 1998.06 11509.3 12145.5 -1 2
-2830.56 -2077.68 6325.47 7235.43 1 1
-6898.62 -4934.76 7447.87 11288.3 -1 1
-2659.62 5220.37 24743.2 25427.6 1 2
event 1
-6488.31 1077.82 4329.64 8694.43
10235.6 13760 -84904.9 86674.9
-4559.15 2322.38 2233.3 5583.74 1 1
-1929.16 -1244.56 2096.34 3110.69 -1 1
5100.71 9028.53 -46771.3 47907.1 1 2
5134.84 4731.42 -38133.7 38767.8 -1 2
event 2
5741.02 15831.5 -14131.8 22201.2
5299.61 1508.05 7233.66 9606.08
3129.51 8180.54 -5348.01 10262.9 1 1
2611.51 7650.96 -8783.78 11938.3 -1 1
3000.76 1553.59 2099.57 3979.64 -1 2
2298.85 -45.5458 5134.09 5626.44 1 2
event 3
13373.4 -1122.93 15487.8 20726.1
6290.67 2445.88 -25168.1 26240.8
8731.24 -1858.42 8670.41 12444.9 1 1
4642.2 735.486 6817.34 8281.2 -1 1
4507.83 466.368 -12536.7 13331.1 -1 2
1782.85 1979.51 -12631.4 12909.7 1 2
event 4
5835.27 17696 2450.41 19047.1
4314.15 -4615.62 14719.9 16315
1577.01 9599.16 929.66 9772.73 1 1
4258.26 8096.79 1520.75 9274.4 -1 1
2200.65 -3830.26 7053.8 8323.52 -1 2
2113.5 -785.358 7666.09 7991.48 1 2
event 5
-334.651 10794.3 10384.8 15299.1
2032.75 5576.69 -8089.47 10500.6
2007.31 2886.33 -6454.08 7350.28 1 2
-1556.18 5094.79 5852.88 7914.92 1 1
25.4381 2690.36 -1635.38 3150.29 -1 2
1221.52 5699.51 4531.93 7384.18 -1 1
event 6
-4582.04 10291.2 -19226 22497.4
-3879.18 7667.57 2822.66 9560.23
-1758.4 6803.09 -13519.7 15237.1 -1 1
-2823.64 3488.09 -5706.32 7260.37 1 1
-3173.62 3046.83 1905.98 4795.72 -1 2
-705.56 4620.74 916.679 4764.51 1 2
event 7
-6549.45 -5266.61 -12413.6 15307.6
4522.72 5907.38 -1500.28 8197.21
1123.93 3571.36 162.857 3749.07 1 2
-1623.85 -2457.56 -2406.41 3805.06 1 1
-4925.61 -2809.05 -10007.2 11502.5 -1 1
3398.79 2336.02 -1663.14 4448.14 -1 2
event 8
-12299.5 4280.08 -17465.8 22005.5
4536 -1453.44 -12172.6 13433.2
2314.71 -1910.79 -4337.69 5275.95 1 2
-5490.8 568.892 -5901.15 8081.29 -1 1
2221.3 457.348 -7834.92 8157.24 -1 2
-6808.69 3711.18 -11564.7 13924.2 1 1
event 9
849.049 -7149.38 23373.4 24652.5
7218.6 1084.43 -11090.5 13633.5
2969.37 1714.59 -6473.91 7326.65 1 2
644.212 -2796.21 4970.85 5740.58 -1 1
204.837 -4353.17 18402.6 18911.9 1 1
4249.22 -630.166 -4616.54 6306.87 -1 2
event 10
8582.48 306.187 -4554.32 10202.2
3408.78 -8364.68 926.004 9593.54
2162.95 -2820.09 -817.384 3648.36 1 2
1673.62 1315.59 -822.633 2284.66 -1 1
6908.87 -1009.4 -3731.68 7917.57 1 1
1245.83 -5544.59 1743.39 5945.18 -1 2
event 11
-289.266 8566.42 -6033.69 10930
-2042.92 4614.23 -9923.97 11556
-2035.01 2248.81 -3122.98 4354.61 1 2
1343.91 3832.19 -2182.58 4611.58 -1 1
-7.91437 2365.42 -6800.98 7201.37 -1 2
-1633.18 4734.22 -3851.11 6318.41 1 1
event 12
-4439.48 -5021.32 -6088.92 9570.18
4265.71 6847.37 39926.2 40850.6
319.596 3343.93 15047.9 15418.6 -1 2
-2292.37 -710.993 -3019.62 3858.72 1 1
3946.12 3503.44 24878.3 25432 1 2
-2147.11 -4310.33 -3069.3 5711.46 -1 1
event 13
8702.13 22664 42822.9 49323.1
6486.67 -4309.7 -5859.73 10226.3
4848.07 16047.5 30851.3 35111.8 -1 1
3854.06 6616.52 11971.5 14211.3 1 1
4126.3 -2340.32 -1673.22 5031.33 -1 2
2360.37 -1969.38 -4186.51 5194.98 1 2
event 14
2683.72 7919.5 -6382.37 10965.7
-512.584 6168.29 12538.2 14321.6
-1342.69 3639.64 9605.77 10360.1 1 2
2709.21 3225.57 -2786.5 5051.72 1 1
830.105 2528.64 2932.4 3961.47 -1 2
-25.4952 4693.93 -3595.86 5913.97 -1 1
event 15
7191.85 -6340.86 -7487.87 12553.4
-12139.6 2807.77 43402.1 45261.3
-8848.18 590.434 30212.1 31486.8 1 2
2398.98 -3668.85 -4586.73 6345.46 1 1
-3291.37 2217.33 13190 13774.5 -1 2
4792.87 -2672.01 -2901.14 6207.98 -1 1
event 16
-5676.48 8308.72 51535.2 52637.6
-4459.7 -5162.51 15301.5 17037.2
-3872.25 -2432.34 7942.6 9165.52 -1 2
-3128.66 2227.78 13544.4 14078.9 1 1
-2547.83 6080.94 37990.8 38558.8 -1 1
-587.447 -2730.16 7358.93 7871.72 1 2
event 17
13303 -17222.6 -455.481 21986.1
5814.36 -700.804 14882.4 16290.3
3545.69 -947.664 5354.88 6492.76 1 2
5277.12 -4911.67 702.364 7244.1 -1 1
2268.66 246.86 9527.48 9797.55 -1 2
8025.92 -12310.9 -1157.84 14742 1 1
event 18
1573.41 -8245.39 -937.726 8996.32
4824.3 2527 -24464.3 25253.8
2002.26 2405.94 -8902.38 9437.22 1 2
-206.994 -4053.05 -1655.29 4384.2 -1 1
2822.04 121.058 -15562 15816.6 -1 2
1780.41 -4192.34 717.569 4612.11 1 1
event 19
-8972.14 11438.2 -8028.93 16893.4
-2633.46 5076.84 -5169.68 8308.17
-4606.7 7988.92 -5825.35 10908.3 -1 1
-4365.45 3449.3 -2203.58 5985.13 1 1
-1010.46 3093.21 -987.977 3402.39 -1 2
-1623.01 1983.63 -4181.7 4905.78 1 2
event 20
-2750.68 -7380.8 391.26 8472.72
-9817.97 2559.26 -41487.5 42822.3
-3851.19 705.135 -22342.2 22682.9 -1 2
-537.615 -2315.46 -1273.56 2698.79 -1 1
-5966.77 1854.13 -19145.4 20139.4 1 2
-2213.06 -5065.35 1664.82 5773.92 1 1
event 21
-3213.44 8325.29 -40586.4 41671.1
2989.68 -13768.4 49814 51860.7
-1964.32 4377.73 -28334.4 28738 -1 1
-1249.12 3947.57 -12252 12933.1 1 1
2862.68 -7664.12 31985.7 33015.6 1 2
126.999 -6104.31 17828.3 18845.1 -1 2
event 22
-4407.18 6480.48 -16779.1 18776.3
-7679.67 3392.35 -24180.7 25783.3
-1251.31 4395.56 -10382.3 11344.2 -1 1
-3155.87 2084.93 -6396.8 7432.14 1 1
-6132.38 1425.54 -15021.5 16287.8 -1 2
-1547.3 1966.81 -9159.2 9495.5 1 2
event 23
15973 2178.12 -13376.4 21175.5
-3794.41 -3692.5 13778.7 15082.3
-3682.68 -1575.13 8744.31 9618.59 1 2
5894.21 -605.168 -5489.87 8078.23 -1 1
-111.733 -2117.37 5034.36 5463.67 -1 2
10078.8 2783.29 -7886.55 13097.2 1 1
event 24
10516.8 3397.81 17973.8 21326
8322.22 2989.98 -27764.5 29302.8
4938.02 3064.97 10379 11895.9 1 1
5578.82 332.84 7594.83 9430.09 -1 1
5990.18 1810.67 -23326.2 24151.2 -1 2
2332.04 1179.31 -4438.28 5151.57 1 2
event 25
-171.364 -5899.15 5879.68 8887.96
4563.44 -11557.1 6583.93 14399
-1310.52 -3822.13 4820.73 6291.01 1 1
1139.15 -2077.01 1058.95 2596.96 -1 1
2790.18 -6223.66 5285.64 8629.5 -1 2
1773.26 -5333.47 1298.3 5769.5 1 2
event 26
-19463.6 16599.8 17302.5 31037.9
-2981.52 4670.06 -19794.7 20787.5
-3234.5 2621.96 -14977 15545.4 1 2
-5847 5711.8 7164.72 10870 1 1
252.976 2048.1 -4817.68 5242.13 -1 2
-13616.6 10888 10137.8 20167.9 -1 1
event 27
-6771.93 -4066.3 -6704.57 10813.7
7097.28 2674.78 6502.15 10459.2
-3333.93 -2801.18 -5367.46 6912.49 -1 1
-3438 -1265.13 -1337.11 3901.2 1 1
2960.59 1988.14 1348.11 3813.97 -1 2
4136.69 686.64 5154.04 6645.22 1 2
event 28
3302.57 7196.63 6983.03 11002.4
116.841 -9467.3 3513.56 10563.1
1087.63 -3445.58 2460.14 4372.46 1 2
989.74 2344.3 526.984 2600.81 -1 1
-970.788 -6021.72 1053.43 6190.67 -1 2
2312.83 4852.32 6456.05 8401.54 1 1
event 29
5982.89 3377.17 -33658.5 34491.8
12475.6 3086.07 -44687.7 46602
4059.81 1653.39 -20147.6 20619.2 1 2
1680.68 2281.53 -8984.13 9421.04 -1 1
8415.82 1432.67 -24540.1 25982.8 -1 2
4302.21 1095.64 -24674.3 25070.8 1 1
event 30
-3462.84 3057.53 -13087 14219.7
-3817.09 7058.93 10060.8 13236.5
-3293.71 1018.67 -7134.74 7924.77 1 1
-169.138 2038.86 -5952.24 6294.92 -1 1
-976.434 4238.87 6798.46 8071.66 -1 2
-2840.66 2820.06 3262.31 5164.87 1 2
event 31
-6309.04 8689.11 -1975.99 11349
-7842.17 -6059.04 -17388.5 20252.5
-3843.64 -1484.59 -8952.7 9855.94 1 2
-197.084 2261.19 -757.889 2395.28 1 1
-6111.95 6427.92 -1218.11 8953.71 -1 1
-3998.53 -4574.46 -8435.79 10396.5 -1 2
event 32
999.73 6041.58 -13187.8 14866.4
-932.812 9376.19 -4127.55 10742.9
-699.425 4124.77 -9435.04 10321.5 1 1
1699.16 1916.8 -3752.77 4544.86 -1 1
-1078.19 5095.4 -3795.82 6445.54 1 2
145.382 4280.8 -331.721 4297.39 -1 2
event 33
-2461.76 11097.9 45501.5 47002.1
-383.16 -10038.4 3927.98 11222.3
-911.083 -6980.4 1310.65 7161.36 -1 2
594.164 3878.35 16375.3 16839.1 1 1
-3055.92 7219.56 29126.1 30163 -1 1
527.922 -3057.96 2617.33 4060.97 1 2
event 34
-6701.28 -2798.35 1215.95 7987.98
-4695.81 4755.43 -6392.18 9752.72
-969.272 3119.6 -2439.94 4078.71 -1 2
-1750.69 -2321.58 248.757 2920.22 -1 1
-4950.58 -476.778 967.189 5067.76 1 1
-3726.54 1635.82 -3952.24 5674.01 1 2
event 35
5434.97 2774.29 -7469.73 10130.3
10402.7 8678.18 17298.1 22188.8
2673.16 1733.58 -1616.54 3574.28 1 1
2761.81 1040.7 -5853.19 6556.04 -1 1
5784.12 4229.93 6754.84 9848.22 -1 2
4618.62 4448.25 10543.2 12340.6 1 2
event 36
18749.1 6898.44 -21477.1 29495.3
-5951.09 -159.209 -12445.8 14139.6
15144.1 5100.3 -15326.2 22141.9 -1 1
3605.01 1798.14 -6150.85 7353.47 1 1
-2223.96 1396.79 -5693.7 6271.07 -1 2
-3727.14 -1556 -6752.07 7868.56 1 2
event 37
650.599 7749.54 -6155.48 10390.4
-8647.06 -5878.63 -9783.96 14650.8
-3726.68 -1318.06 -5165.33 6505.17 1 2
-277.971 3393.66 -4485.82 5632.76 1 1
-4920.38 -4560.57 -4618.62 8145.66 -1 2
928.57 4355.88 -1669.66 4757.61 -1 1
event 38
-8926.71 2749.35 22491.9 24550.4
-7212.96 4462.55 -15509.8 17946.7
-5096.03 145.296 13585.5 14511 1 1
-3830.68 2604.06 8906.35 10039.4 -1 1
-4133.49 4187.03 -9229.59 10945.9 -1 2
-3079.48 275.525 -6280.18 7000.78 1 2
event 39
5660.17 5165.48 -5506.2 9931.23
15458 -6407.52 -727.322 17150
5080.27 2804.97 -4244.52 7190.56 -1 1
579.897 2360.51 -1261.68 2740.67 1 1
8746.99 -3121.72 -2172.26 9538.59 -1 2
6711.06 -3285.8 1444.94 7611.43 1 2
event 40
-3321.95 18643 -608.846 19197.8
-6668.49 1027.5 19392.3 20764.8
-5155.69 -609.222 13605.9 14563.1 1 2
-2664.3 6952.7 -781.417 7487.34 -1 1
-1512.8 1636.72 5786.41 6201.71 -1 2
-657.653 11690.3 172.571 11710.5 1 1
event 41
11279.4 -9671.93 7508.6 16933.4
-4245.87 6171.46 4105.8 9086.43
7334.69 -7601.95 6363.42 12332.5 1 1
3944.7 -2069.98 1145.19 4600.88 -1 1
-3001.29 1853.19 2449.46 4295.71 -1 2
-1244.58 4318.26 1656.33 4790.72 1 2
event 42
-20.475 -7322.8 17054.2 18816.5
-6421.46 1371.21 -16895.7 18389.4
1164.59 -4375.06 12206.8 13019.8 1 1
-1185.06 -2947.74 4847.4 5796.72 -1 1
-2419.54 1464.25 -4101.05 4982.77 -1 2
-4001.92 -93.0397 -12794.6 13406.6 1 2
event 43
2001.52 8264.83 17707.9 19886.6
-1162.42 -12572.3 -44582.5 46439.3
-249.506 -3452.9 -17743.1 18078 -1 2
-797.632 2735.68 5501.67 6196.75 1 1
-912.909 -9119.4 -26839.5 28361.3 1 2
2799.15 5529.15 12206.3 13689.8 -1 1
event 44
-6482.67 -3226.1 3597.83 8658.39
10249.8 -3644.73 -23744.5 26300.9
-4018.63 -3467.51 3042.27 6118.79 1 1
-2464.04 241.404 555.554 2539.6 -1 1
4726.68 -3065.31 -13879 14979.2 1 2
5523.12 -579.42 -9865.49 11321.6 -1 2
event 45
-4627.13 5843.73 8508.35 11727.9
-12012.6 -715.701 4633.53 13261.8
-3670.78 1205.46 1418.66 4117.22 1 2
-957.587 2467.99 1270.68 2938.32 1 1
-8341.84 -1921.16 3214.87 9144.6 -1 2
-3669.55 3375.74 7237.68 8789.56 -1 1
event 46
5277.61 -5459.31 -19115.3 20800.1
7951.07 -1439.85 -1094.48 8722.47
3432.88 -2171.4 -6813.77 7933.37 1 1
1844.72 -3287.9 -12301.6 12866.7 -1 1
5964.9 71.6322 -1592.59 6175.17 -1 2
1986.17 -1511.48 498.114 2547.3 1 2
event 47
-5166.3 -8122.3 -9024.9 13553.7
928.745 -5746.23 7726.63 10157.5
1545.28 -3072.44 5991.64 6909.32 1 2
-2654.25 -3147.39 -5800.97 7114.32 -1 1
-616.538 -2673.79 1734.99 3248.17 -1 2
-2512.06 -4974.91 -3223.93 6439.34 1 1
event 48
-386.032 4902.55 -22138.8 22888.9
10688.1 9651.12 66590.2 68199.8
1168.89 3579.87 -14428.7 14912.5 1 1
-1554.93 1322.68 -7710.09 7976.46 -1 1
6336.04 5272.83 44785.5 45537.9 -1 2
4352.03 4378.29 21804.7 22662 1 2
event 49
-6053.09 -940.031 4797.73 8374.52
-5446.55 -4344.16 -10970 13359.2
-1400.15 -2864.71 -5880.23 6689.94 1 2
-1734.8 -1309.86 2940.02 3657.89 1 1
-4318.29 369.832 1857.71 4716.64 -1 1
-4046.4 -1479.44 -5089.77 6669.26 -1 2
event 50
4775.22 -2118.58 29565 30182.3
2826.04 8732.04 2852.48 10097.7
3118.59 298.66 15945.5 16250.6 1 1
1656.63 -2417.24 13619.6 13931.7 -1 1
2162.25 4148.31 2822.99 5464.82 -1 2
663.794 4583.73 29.4916 4632.84 1 2
event 51
5873.49 4563.22 4374.57 9167.88
2456.35 -7536.86 38055.3 38995.3
-434.916 -3197.81 16984.8 17289 -1 2
2109.62 559.6 69.1539 2186.23 -1 1
3763.88 4003.62 4305.41 6981.65 1 1
2891.27 -4339.04 21070.5 21706.3 1 2
event 52
3631.59 -2654.46 13402.3 14472.3
-11956 -9399.08 66011.7 67811.7
3145.38 -637.106 6282.88 7055.85 -1 1
486.212 -2017.36 7119.42 7416.43 1 1
-8483.95 -6427.79 39515.6 40924.2 1 2
-3472.05 -2971.29 26496.1 26887.5 -1 2
event 53
6075.28 -6575.69 19440 21625.3
3026.9 4135.06 -19001.1 19922.2
2711.68 1509.68 -12960.9 13327.7 1 2
3477 -2457.8 11995.4 12729.2 -1 1
315.217 2625.39 -6040.18 6594.47 -1 2
2598.29 -4117.9 7444.55 8896.1 1 1
event 54
9714.2 4587.63 7361.15 13386.1
6142.89 1274.91 -1583.93 7173.59
3401.17 1436.41 -2277.03 4339.04 1 2
3986.32 3539.02 3074.12 6154.41 -1 1
2741.73 -161.497 693.097 2834.55 -1 2
5727.87 1048.62 4287.03 7231.73 1 1
event 55
-12068.2 41.0062 23982.2 27025.5
-2749.43 -6806.21 -27004.9 28155.6
-8198.37 -1105.13 14061.6 16314.9 -1 1
-3869.81 1146.14 9920.61 10710.7 1 1
-1288.2 -2982.82 -17606.1 17903.7 -1 2
-1461.23 -3823.39 -9398.81 10251.9 1 2
event 56
-17470.3 -13922.8 -7560.37 23786.7
-3972.13 3446.24 113.072 6104.03
-9941.6 -9596.23 -3858 14346.4 1 1
-7528.72 -4326.56 -3702.37 9440.31 -1 1
-1243.57 2830.76 -733.981 3179.55 -1 2
-2728.57 615.488 847.053 2924.48 1 2
event 57
-5837.56 6283 -4319.61 10089.7
6338.18 -5770.05 -26020.2 27570
3486.72 -1148.22 -11115.3 11706.2 -1 2
-1479.87 3202.14 -590.225 3578.16 1 1
2851.45 -4621.83 -14904.9 15863.8 1 2
-4357.69 3080.86 -3729.38 6511.57 -1 1
event 58
7232.81 -183.9 12897.5 15109.1
9857.12 6724.82 -10556.8 16230.3
2434.71 3284.14 -2801.99 4957.39 -1 2
2351.68 -1106.37 2611.37 3685.77 1 1
7422.42 3440.69 -7754.81 11272.9 1 2
4881.13 922.473 10286.2 11423.3 -1 1
event 59
-4497.72 3312.87 -9453.73 11409.1
6860.08 9315.66 67340.7 68397.4
-2298.32 2190.01 -2540.78 4067.57 -1 1
-2199.4 1122.86 -6912.95 7341.54 1 1
2539.73 6031.01 37610.3 38175.5 -1 2
4320.35 3284.65 29730.3 30221.8 1 2
event 60
6274.1 -4528.7 23409.6 24849
5594.73 -3691.08 -1433.72 7521.38
4159.45 -969.503 -484.167 4299.6 -1 2
3443.32 -879.232 12636.1 13126.8 -1 1
2830.78 -3649.46 10773.5 11722.3 1 1
1435.28 -2721.58 -949.556 3221.77 1 2
event 61
5834.5 -8435.68 53195.2 54263.5
5444.6 -4631.09 15096.1 16987.5
4315.89 -2493.72 7422.48 8941.47 -1 2
1417.26 -4707.82 25912.8 26375.3 1 1
4417.24 -3727.87 27282.4 27888.2 -1 1
1128.71 -2137.37 7673.65 8046.02 1 2
event 62
9468.92 3433.82 -8649.9 13633.2
-7525.84 -3887.4 4336.25 10007.2
5498.53 1734.43 -6847.65 8952.29 -1 1
3970.39 1699.39 -1802.25 4680.93 1 1
-2413.6 -2691.52 885.646 3723.61 -1 2
-5112.24 -1195.88 3450.61 6283.55 1 2
event 63
4298.04 -1999.31 -3281.16 6544.34
7471.11 -5445.07 7290.2 12173.9
2251.74 -2330.43 -3057.81 4456.75 1 1
2046.3 331.116 -223.345 2087.59 -1 1
5041.33 -2042.21 5079.26 7442.83 1 2
2429.78 -3402.86 2210.94 4731.04 -1 2
event 64
-3443.16 6828.01 16803.9 18720
-13207.1 -208.922 -27644.9 30794.5
-636.156 4411.55 7814.24 8996.67 -1 1
-2807 2416.46 8989.65 9723.35 1 1
-10485.6 -1106.82 -23466.9 25727 -1 2
-2721.49 897.893 -4178.06 5067.55 1 2
event 65
-7090.17 -4225.33 21525.7 23260.9
-5988.38 18810.2 7064.67 21194.1
-4243.6 -1271.63 14060.6 14742.3 1 1
-2846.57 -2953.7 7465.06 8518.55 -1 1
-5343.57 14415.7 4312.8 15968 -1 2
-644.81 4394.54 2751.87 5226.06 1 2
event 66
-5210.04 1993.47 6306.95 8971.45
12501.6 6071.11 16817.7 22035.8
-3870.99 402.923 5500.3 6738.8 -1 1
-1339.05 1590.55 806.647 2232.66 1 1
8034.09 3078.92 8253.71 11923.1 1 2
4467.53 2992.19 8564.01 10112.6 -1 2
event 67
-449.83 11326.6 -3586.68 12286.1
-2048.47 -8024.21 -40086.4 41049.9
-279.359 -4713.41 -27936.3 28332.7 -1 2
-1297.75 4492.81 -391.478 4694.03 -1 1
847.92 6833.76 -3195.2 7592.09 1 1
-1769.11 -3310.8 -12150 12717.1 1 2
