event 0
10959.2 4480.52 -9387.36 15423.8
-4229.14 -2798.95 1064.2 6036.78
6173.99 4039.32 -4977.11 8900.4 1 1
4785.22 441.194 -4410.25 6523.38 -1 1
-3089.81 -194.96 578.65 3151.34 -1 2
-1139.33 -2603.99 485.553 2885.44 1 2
event 1
-10552.9 -653.57 22341.8 24910.6
5799.23 -6639.6 -27103.3 28668.7
916.489 -3209.84 -8545.82 9175.25 1 2
-2175.64 -476.44 2380.1 3261.35 -1 1
-8377.27 -177.13 19961.7 21649.2 1 1
4882.74 -3429.75 -18557.5 19493.5 -1 2
event 2
-1591.5 7070.34 -6060.05 9941.76
12972.5 731.941 -11452.4 17594.6
167.206 4352.26 -4756.22 6450.03 1 1
-1758.71 2718.09 -1303.83 3491.73 -1 1
10735.1 354.688 -7729.44 13233.4 -1 2
2237.41 377.253 -3722.92 4361.15 1 2
event 3
-6611.89 -8265.31 -16014.5 19444.5
-4229.1 7966.68 21256.4 23297.6
-3150.34 -6248.2 -9579.95 11863.9 -1 1
-3461.54 -2017.11 -6434.57 7580.62 1 1
-320.474 3389.91 6051.85 6944.8 -1 2
-3908.63 4576.77 15204.6 16352.8 1 2
event 4
3541.11 5984.57 8125.13 11133.9
1534.33 8442.04 120.303 9122.93
1819.61 3642.66 1091.28 4216.87 1 2
207.697 2053.69 890.604 2250.58 -1 1
3333.41 3930.88 7234.52 8883.29 1 1
-285.286 4799.38 -970.982 4906.06 -1 2
event 5
-732.168 -5882.22 -16278.8 17599.1
7114.68 -6877.07 -26130.3 28112.2
1981.65 -3784.3 -12854.7 13546.3 1 2
1137.59 -1786.79 -6398.84 6741.15 1 1
5133.03 -3092.77 -13275.6 14565.9 -1 2
-1869.76 -4095.43 -9880 10857.9 -1 1
event 6
-11322.3 6951.17 -51162.4 52949.9
6304.51 -863.465 -18388 19702.8
-6937.55 2959.32 -24450.8 25587.9 1 1
-4384.77 3991.85 -26711.6 27362.1 -1 1
3422.94 1001.21 -10797.3 11371.6 -1 2
2881.57 -1864.68 -7590.61 8331.21 1 2
event 7
8404.79 603.455 15747.9 18127.1
-11047.6 -8493.41 -25444.9 29175.7
-3452.58 -1280.15 -5084.89 6279.04 -1 2
3427.68 21.9407 9605.36 10199.2 1 1
-7595.01 -7213.26 -20360 22896.7 1 2
4977.11 581.514 6142.53 7927.9 -1 1
event 8
7238.62 6162.85 -1721.74 10145.6
12549.6 19.0646 1963.53 13074.4
8906.98 -1390.27 1230.34 9099.02 1 2
3738.94 1297.46 -215.167 3964.91 -1 1
3642.63 1409.34 733.192 3975.39 -1 2
3499.68 4865.39 -1506.57 6180.68 1 1
event 9
87.2678 -10075.7 -9068.18 13905.1
-2919.94 5513.77 -4077.81 8071.39
-2125.03 2583.59 -3733.42 5014.01 1 2
64.6489 -4482.79 -2051.66 4931.53 1 1
-794.912 2930.18 -344.386 3057.38 -1 2
22.6188 -5592.95 -7016.51 8973.53 -1 1
event 10
-6577.29 3497.7 -2174.51 8355.48
7158.58 -5631.25 -37245.6 38468
2161.06 -2274.63 -7705.57 8320.52 -1 2
-2992 255.897 -1808.15 3506.87 -1 1
4997.52 -3356.63 -29540 30147.4 1 2
-3585.29 3241.8 -366.352 4848.6 1 1
event 11
-9372.24 -5941.89 -11932 16586.4
4901.41 -1781.08 3098.12 6810.57
3153.54 229.42 2607.37 4099.63 1 2
-4943.41 -1616.81 -4232.91 6706.72 1 1
1747.88 -2010.5 490.75 2710.94 -1 2
-4428.83 -4325.09 -7699.11 9879.7 -1 1
event 12
2348.86 -8702.25 32021.7 33409.9
-6235.34 -663.676 -20228.3 21403.1
757.015 -4991.04 12628.3 13600.3 1 1
1591.84 -3711.22 19393.4 19809.6 -1 1
-1820.44 -1482.42 -9198.1 9493.57 -1 2
-4414.9 818.744 -11030.2 11909.6 1 2
event 13
7586.79 4218.06 -8997.61 12880.2
8047.43 1573.78 8343.52 12101.3
4095.31 3684.64 -4232.73 6948.05 -1 1
3491.47 533.417 -4764.88 5932.13 1 1
6587.07 20.827 5766.4 8755.14 -1 2
1460.35 1552.95 2577.12 3346.19 1 2
event 14
15628.3 -671.006 16017.9 22602.2
6798.45 2505.52 12725.4 14967.4
9285.35 -118.978 11564.3 14831.6 1 1
6342.91 -552.028 4453.62 7770.66 -1 1
3558.95 2264.09 4740.23 6346.11 -1 2
3239.5 241.434 7985.2 8621.33 1 2
event 15
17973.5 14199.6 110390 112784
-2634.11 5972.58 -3247.12 7921.19
-1296.77 3715.07 -3520.54 5280.97 1 2
5468.02 3841.47 39178 39744 -1 1
-1337.33 2257.52 273.417 2640.22 -1 2
12505.4 10358.1 71212.2 73040.1 1 1
event 16
36.7472 5103.67 -6216.47 8618.83
3803.84 7206.13 35019.9 36088.5
1046.95 2899.38 -5070.23 5934.72 1 1
-1010.21 2204.29 -1146.24 2684.1 -1 1
3275.46 2904.62 17140.2 17690.7 -1 2
528.373 4301.51 17879.7 18397.8 1 2
event 17
-7217.94 1366.72 -14695.7 16718.9
5659.07 8914.9 29347.5 31342.7
2988.29 2095.03 10842.1 11440.4 -1 2
-2721.26 -853.151 -6667.36 7252.45 1 1
2670.78 6819.87 18505.3 19902.3 1 2
-4496.68 2219.87 -8028.34 9466.44 -1 1
event 18
6027.62 -6168.2 -43007.6 43973
-4843.37 -5905.55 29961.5 31074.4
4356.51 -2673.72 -28600.7 29054 1 1
1671.11 -3494.48 -14407 14919 -1 1
-1502.78 -3188.73 18437.3 18771.6 -1 2
-3340.59 -2716.81 11524.2 12302.8 1 2
event 19
-8841.72 2858.95 -46862.3 47875
4663.45 -11718.4 39385.5 41471.5
1928.31 -2952.04 7473.34 8264.07 1 2
-1773.22 1899.92 -14997.1 15221 -1 1
2735.14 -8766.41 31912.2 33207.4 -1 2
-7068.51 959.036 -31865.2 32654.1 1 1
event 20
4596.16 5699.35 12635.9 14928.6
10185.6 -1035.11 -13698 17379.4
4275.31 140.027 -3475.55 5512.58 -1 2
1614.74 1763.75 7185.23 7573.43 -1 1
5910.25 -1175.14 -10222.4 11866.8 1 2
2981.41 3935.6 5450.62 7355.15 1 1
event 21
345.297 11406.6 16009.1 19902.5
-7402.71 -2769.07 -5590.82 10164.4
-1332.03 6308.48 9103.02 11155.6 1 1
1677.33 5098.09 6906.05 8746.93 -1 1
-2124.73 -1082.49 -139.833 2391.02 -1 2
-5277.98 -1686.58 -5450.99 7773.42 1 2
event 22
-358.977 10354.2 36057.3 37643.8
166.927 4112.59 360.139 5163.47
661.817 6066.54 25132.1 25862.6 -1 1
-1020.79 4287.64 10925.2 11781.2 1 1
-1397.34 2672.72 106.119 3019.67 -1 2
1564.27 1439.87 254.02 2143.8 1 2
event 23
6113.19 -485.038 2337.34 7256.75
5556.89 -16536.9 141.702 17718.9
3148.22 -430.792 2820.79 4250.28 -1 1
2964.97 -54.2457 -483.446 3006.47 1 1
3724.67 -10579.2 -1382.97 11301.2 -1 2
1832.22 -5957.69 1524.68 6417.7 1 2
event 24
253.314 -9598.7 -5442.42 11463.5
6051.3 -1199.86 3209.69 7612.55
1616.48 -5266.66 -2497.66 6049.81 -1 1
-1363.17 -4332.04 -2944.76 5413.65 1 1
3607.74 -365.769 3463.91 5015.91 -1 2
2443.56 -834.087 -254.226 2596.63 1 2
event 25
4588.11 -2581.93 8877.4 10775.7
-3644.36 18250.4 8942.21 20878.5
3882.99 -541.212 6173.32 7313.79 -1 1
705.12 -2040.71 2704.07 3461.92 1 1
-3156.62 9941.62 3840.96 11115.9 1 2
-487.74 8308.79 5101.25 9762.57 -1 2
event 26
-8497.22 -4162.88 -19081.6 21522.8
6988.06 6900.78 23204.6 25386.9
3389.64 1931.05 11908.3 12531.4 -1 2
-2724.53 151.549 -5831.08 6438.85 -1 1
-5772.68 -4314.43 -13250.5 15083.9 1 1
3598.42 4969.73 11296.3 12855.5 1 2
event 27
-6431.72 -6123.75 2564.87 9748.71
-1769.21 -5260.15 -18337.5 19407.6
-4296.41 -2702.85 217.937 5081.65 -1 1
-2135.31 -3420.9 2346.93 4667.05 1 1
15.9031 -3864.29 -8937.55 9737.76 -1 2
-1785.11 -1395.86 -9399.96 9669.82 1 2
event 28
3472.56 -7105.58 4920.95 9816.01
4095.02 -8978.84 -8960.17 13684.5
232.153 -3407.33 -4126.55 5357.56 1 2
-440.813 -2023.97 1342.8 2470.84 -1 1
3862.87 -5571.51 -4833.62 8326.97 -1 2
3913.38 -5081.61 3578.14 7345.17 1 1
event 29
5024.58 10901 -2536.2 12653.2
10143.6 -472.017 22156.8 24568.9
7959.22 23.9132 13950.3 16061.5 -1 2
1281.56 2793.04 -2076.73 3710.45 1 1
3743.02 8108 -459.47 8942.71 -1 1
2184.35 -495.93 8206.52 8507.38 1 2
event 30
-5242.08 7253.37 -5119.62 10949.4
-2693.83 -8139.65 3214.02 9665.76
-1133.61 -3791.18 3125.81 5043.8 -1 2
-2451.72 1294.6 -2877.62 3997.35 -1 1
-2790.36 5958.77 -2242 6952.03 1 1
-1560.22 -4348.48 88.2102 4621.96 1 2
event 31
-5963.49 -5195.4 11034 13924.7
123.323 -10808 -33130.3 34986.2
-621.676 -5242.92 -20398.6 21071.1 1 2
-2695.26 -839.488 2353.6 3676.92 1 1
744.999 -5565.04 -12731.6 13915.1 -1 2
-3268.23 -4355.91 8680.42 10247.7 -1 1
event 32
4154.25 6066.57 -21580.5 23008
-3256.32 5138.51 -5415.93 8713.93
-3335.72 2560.64 -2899.53 5109.05 -1 2
613.582 3151.8 -11354.2 11800 1 1
3540.67 2914.77 -10226.3 11208 -1 1
79.4033 2577.87 -2516.39 3604.88 1 2
event 33
-6469.07 523.424 34745.9 35482.2
-1580.96 -7268.8 3879.63 8942.99
-871.01 -2884.15 3287.87 4460.75 1 2
-1570.43 1289.28 6731.51 7032.28 1 1
-4898.64 -765.856 28014.4 28449.9 -1 1
-709.951 -4384.64 591.754 4482.24 -1 2
event 34
-6497.4 -8713.57 -59557.3 60620.2
2520.94 4934.47 18600.2 19653.6
2394.36 1995.13 6632 7328.58 1 2
-1696.47 -4643.28 -23087.5 23611 -1 1
126.581 2939.34 11968.2 12325 -1 2
-4800.93 -4070.29 -36469.9 37009.2 1 1
event 35
-2662.45 -8510.7 9720.59 13550
4286.07 5063.41 1848.51 7550.94
-580.696 -4688.64 6898.15 8361.59 1 1
-2081.76 -3822.06 2822.45 5188.37 -1 1
2190.55 4519.4 1931.11 5381.8 -1 2
2095.52 544.013 -82.6057 2169.14 1 2
event 36
-1535.58 -6129.8 -3277.88 7763.23
-8084.3 448.993 -30201.2 31420.7
-2260.77 -3226.77 -1204.45 4121.28 1 1
725.19 -2903.03 -2073.43 3641.95 -1 1
-4318.15 -929.401 -19446.1 19941.7 -1 2
-3766.15 1378.39 -10755.1 11479 1 2
event 37
-8576.11 1715.43 -6861.31 11539.5
-12015.8 -8320.1 -11583.5 18904.2
-4833.89 -1697.06 -4694.7 6949.67 -1 2
-3101.18 -212.158 -944.808 3250.56 -1 1
-7181.9 -6623.04 -6888.77 11954.5 1 2
-5474.92 1927.59 -5916.5 8288.94 1 1
event 38
-7567.05 6266.76 -7383.64 12674.4
9372.43 -5838.95 8019.81 13994.4
3449.74 -2646.49 1435.93 4580.14 1 2
-1427.56 2560.66 -1080.77 3126.36 1 1
-6139.49 3706.09 -6302.86 9548.07 -1 1
5922.69 -3192.46 6583.88 9414.28 -1 2
event 39
-816.532 6983.72 5070.6 9205.48
-386.882 5868.74 -9876.38 11904.8
-1599.18 3840.11 4051.57 5807.78 -1 1
782.651 3143.61 1019.03 3397.71 1 1
1023.13 1962.92 -5185.17 5638.88 -1 2
-1410.01 3905.82 -4691.21 6265.95 1 2
event 40
10153.1 1901.09 -16365.3 19598.8
1182.66 -5369.5 -2819.26 6911.52
-730.135 -3356.76 -960.87 3568.67 1 2
4376.37 1022.82 -9963.27 10930.5 -1 1
1912.8 -2012.74 -1858.39 3342.86 -1 2
5776.68 878.268 -6402.03 8668.25 1 1
event 41
12028.5 5561.99 -22551.6 26339.8
-6742.19 -4673.78 12312.6 15115.9
8369.85 3789.3 -18174.1 20364.7 1 1
3658.61 1772.7 -4377.56 5975.12 -1 1
-2085.67 -287.935 1632.6 2666.36 -1 2
-4656.53 -4385.84 10680 12449.6 1 2
event 42
-6820.15 -5173.96 -12173.5 15200.9
-2335.22 -10791.6 9854.93 15120.3
-873.908 -4556.19 2189.65 5131.11 -1 2
-2694.1 -2123.89 -2486 4237.98 1 1
-1461.32 -6235.44 7665.28 9989.19 1 2
-4126.04 -3050.07 -9687.49 10962.9 -1 1
event 43
2379.84 6482.02 -20936.9 22262.7
15433.7 1735.18 39086.7 42173.1
2943.06 3817.73 -12564.3 13457.7 1 1
-563.22 2664.29 -8372.59 8804.95 -1 1
9781.41 2590.03 24911.6 26888.4 -1 2
5652.32 -854.857 14175 15284.7 1 2
event 44
9917.88 -5161.98 43363.6 44888.8
-2175.22 -12970.2 -58643 60179.4
-873.355 -2964.48 -8864.15 9388.04 -1 2
1228.74 -1945.61 10044.8 10305.5 -1 1
-1301.87 -10005.7 -49778.9 50791.3 1 2
8689.14 -3216.37 33318.8 34583.2 1 1
event 45
-13109.4 18793 17736.3 29141.1
5798.93 -2140.38 -1664.1 7111.2
2786.7 -1388.3 -2383.59 3922.47 1 2
-4462.55 8995.68 8171.24 12946.7 -1 1
3012.23 -752.081 719.486 3188.73 -1 2
-8646.85 9797.35 9565.06 16194.4 1 1
event 46
4432.91 -1152.27 3045.53 6312.25
6822.67 -19601.1 -23709.7 31662.2
2503.61 -2071.38 2508.08 4106.13 1 1
1929.29 919.111 537.455 2206.12 -1 1
6557.12 -14965.5 -18359.6 24577.4 1 2
265.551 -4635.64 -5350.07 7084.78 -1 2
event 47
-2062.36 -7590.03 25715.1 27068.8
3421.39 5171.59 -2285.99 7298.5
-1956.37 -3863.49 17792.5 18312.3 1 1
-105.99 -3726.54 7922.62 8756.57 -1 1
1465.92 4313.96 -643.788 4602.69 -1 2
1955.46 857.637 -1642.2 2695.81 1 2
event 48
10020.4 -3488.57 13645.6 17560.5
6906.76 -3242.4 35875 36808
5650.39 -1113.35 24995.4 25650.5 -1 2
4313.16 -2638.97 8147.82 9589.88 -1 1
5707.26 -849.597 5497.78 7970.66 1 1
1256.37 -2129.04 10879.7 11157.5 1 2
event 49
8440.48 766.329 550.675 9040.08
-1798.82 -7223.5 -276.142 8067.34
-2278.15 -2829.65 -293.504 3646.12 -1 2
2096.3 -0.73506 -1194.23 2414.92 1 1
6344.18 767.064 1744.91 6625.17 -1 1
479.338 -4393.85 17.3621 4421.22 1 2
event 50
13762.3 6221.25 9363.73 18038.2
3586.91 3460.21 -17302.1 18270.1
2749.08 1444.87 -13773 14119.2 1 2
5777.55 1370.5 4819.97 7648.64 -1 1
837.829 2015.34 -3529.11 4150.82 -1 2
7984.72 4850.74 4543.76 10389.5 1 1
event 51
-5203.18 454.863 1141.48 6178.53
-322.644 18134.1 -32882.7 37680.4
-3230.91 1090.53 1975.49 3942.31 1 1
-1972.27 -635.669 -834.016 2236.22 -1 1
-412.022 13672.6 -21847.4 25776.5 -1 2
89.3781 4461.57 -11035.3 11903.9 1 2
event 52
-4743.86 5993.85 7585.88 11205.7
7943.66 -3459.47 37703.2 38809.7
2910.71 -2938.98 17408.1 17893.1 1 2
-1303.3 3197.34 4983.08 6063.32 -1 1
5032.95 -520.491 20295.1 20916.6 -1 2
-3440.56 2796.5 2602.8 5142.33 1 1
event 53
9094.56 -5459.11 -9310.88 14449.8
-5198.05 5029.83 9380.4 12243.4
-3160.22 3491.87 8135.84 9401.23 -1 2
2976.24 -1013.54 -4483.12 5476.75 -1 1
6118.33 -4445.57 -4827.76 8973.04 1 1
-2037.83 1537.95 1244.56 2842.21 1 2
event 54
-3739.79 9420.92 9659.35 14339.9
859.038 -5847.15 2220.02 7031.83
302.965 -3141.92 -448.565 3189.95 1 2
-54.8936 4151.25 3426.24 5383.89 1 1
556.073 -2705.23 2668.59 3841.88 -1 2
-3684.9 5269.66 6233.11 8956.04 -1 1
event 55
1679.77 7794.75 34821.7 35856.9
-4261.49 3919.3 6565.28 9285.13
-351.515 5051.11 23049.8 23599.6 1 1
2031.28 2743.65 11771.9 12257.3 -1 1
-2479.92 285.726 2853.96 3793.13 -1 2
-1781.58 3633.58 3711.32 5491.99 1 2
event 56
-1111.13 10658.2 -343.488 11159.8
8099.1 22.9458 -37637.9 38623.8
5426.53 -1201.99 -20758.2 21489.7 -1 2
743.305 4984.4 732.266 5093.53 1 1
-1854.43 5673.8 -1075.75 6066.25 -1 1
2672.57 1224.94 -16879.7 17134.1 1 2
event 57
-1170.87 11765.9 1244.75 12286.1
-6869.81 4654.47 -5775.82 10574
-4932.77 3424.01 -2349.52 6448.84 -1 2
-1310.3 4613.12 1767.6 5112.08 1 1
139.431 7152.83 -522.849 7174.05 -1 1
-1937.04 1230.46 -3426.3 4125.14 1 2
event 58
10296 -2223.4 -10935.6 15496.1
-7445.76 2328.33 -15147.5 17317.6
-2832.8 2465.21 -7403.24 8301.88 1 2
3344.31 721.154 -3651.16 5004.65 -1 1
6951.67 -2944.56 -7284.4 10491.4 1 1
-4612.96 -136.879 -7744.23 9015.68 -1 2
event 59
1762.5 6609.11 9954.56 12468.8
-4478.01 12191.8 -17935.8 22360.2
-401.368 3891.93 6368.99 7475.52 1 1
2163.87 2717.18 3585.57 4993.28 -1 1
-1852.79 8797.64 -13168.8 15945.5 -1 2
-2625.22 3394.18 -4767.06 6414.69 1 2
event 60
5130.06 -3749.3 3263.57 7785.66
1678.9 -12295 -22460.6 25846.7
4300.51 -1606.51 2965.3 5466.2 1 1
829.554 -2142.8 298.274 2319.45 -1 1
730.374 -6876.92 -9362.07 11639.8 1 2
948.525 -5418.11 -13098.5 14206.9 -1 2
event 61
-7680.59 -3403.36 37619.9 38670.7
-6545.4 3898.57 -44919 45665.6
-4029.76 3987.91 -32944.6 33429 1 2
-4207.67 -323.07 15218.5 15793.1 -1 1
-2515.65 -89.3387 -11974.5 12236.7 -1 2
-3472.92 -3080.29 22401.5 22877.6 1 1
event 62
-6527.9 3269.76 -3690.53 8747.28
4652.59 -7600.19 -6486.97 11448.9
2481.7 -2776.55 -4390.15 5757.83 1 2
-2660 2088.97 -3225.96 4675.19 1 1
2170.89 -4823.63 -2096.83 5691.05 -1 2
-3867.9 1180.8 -464.567 4072.09 -1 1
event 63
7146.31 622.9 -8241.23 11356.4
-3446.39 -6468.11 -3108.12 8541.98
-319.264 -3780.55 -1897.06 4243.17 -1 2
1992.39 -1142.04 -1801.04 2920.41 1 1
5153.93 1764.94 -6440.19 8435.95 -1 1
-3127.13 -2687.56 -1211.06 4298.81 1 2
event 64
6279.38 867.6 20988.9 22142.9
4681.42 7573.45 5200.63 10766.2
777.984 3449.79 3122.24 4718.67 -1 2
2045.62 -709.931 10505.7 10727 1 1
3903.44 4123.66 2078.4 6047.5 1 2
4233.76 1577.53 10483.2 11415.9 -1 1
event 65
-3752.54 2386.62 15745.7 16652.2
-2774.41 24293.1 12764.6 27755.7
-3175.57 319.25 7996.43 8610.47 -1 1
-576.972 2067.37 7749.28 8041.73 1 1
-2927.48 12018.6 6390.64 13923.6 1 2
153.069 12274.5 6373.97 13832 -1 2
event 66
2467.43 -8830.55 -11845.9 15296.6
-3975.08 8710.69 5590.89 11512
-504.58 4795.28 2898.55 5626.9 -1 2
-606.117 -2849.11 -2983.08 4170.7 1 1
3073.55 -5981.44 -8862.85 11125.9 -1 1
-3470.5 3915.41 2692.34 5885.12 1 2
event 67
-6911.79 -3402.5 -3541.68 9026.86
-6776.83 -319.712 3676.19 8314.69
-3733.31 -1847.96 -3569.66 5486.91 1 1
-3178.48 -1554.54 27.9805 3539.95 -1 1
-2885.85 1063.23 530.924 3122.76 -1 2
-3890.98 -1382.94 3145.26 5191.92 1 2
event 68
71.545 -7429.27 4396.02 9386.98
-1560.55 -8481.82 25899.3 27472.6
786.961 -4017.98 10642.7 11403.6 1 2
-82.3647 -3116.49 -143.445 3122.66 -1 1
-2347.51 -4463.84 15256.7 16069 -1 2
153.91 -4312.78 4539.47 6264.32 1 1
event 69
-168.3 -7228.97 -28533.4 29597.9
9821.35 -745.806 30048.2 31772.7
-1596.84 -4531.79 -18013.8 18644 1 1
1428.55 -2697.18 -10519.6 10953.9 -1 1
7382.48 782.834 22513.6 23706.3 -1 2
2438.88 -1528.64 7534.58 8066.35 1 2
event 70
8489.31 1282.99 -29990.2 31348.3
7014.8 6722.09 -3415.62 10754.1
2214.79 2625.4 267.136 3446.82 1 2
2908.13 1659.58 -14401.2 14785.7 -1 1
4800.02 4096.68 -3682.75 7307.31 -1 2
5581.18 -376.594 -15589 16562.6 1 1
event 71
-4964.44 10848 -30886.7 33255.2
2995.97 9301.26 -21707.8 24006.4
-1679.87 6926.9 -19823.9 21066.6 1 1
-3284.56 3921.15 -11062.8 12188.6 -1 1
646.001 4641.04 -7230.69 8616.88 -1 2
2349.97 4660.22 -14477.1 15389.5 1 2
event 72
-3804.46 -6986.57 -6639.6 10814.9
11044.2 1101.22 -15828.8 19578.8
3106.93 1552.53 -3696.42 5073.26 -1 2
-1503.29 -2317.41 -577.801 2824.05 -1 1
7937.24 -451.309 -12132.4 14505.5 1 2
-2301.17 -4669.16 -6061.8 7990.81 1 1
event 73
38.7476 5335.79 589.049 6197.6
-9150.52 5022.75 31886.5 33694.2
-1022.45 3374.88 -733.052 3603.3 1 1
1061.2 1960.9 1322.1 2594.3 -1 1
-5773.57 1639.7 20024 20904.4 -1 2
-3376.95 3383.05 11862.5 12789.8 1 2
event 74
13562 6318.42 -74806 76350.4
-11099.7 1876.83 50731.8 52058
-4303.6 -642.809 21947.3 22374.8 -1 2
3998.73 677.735 -16080 16583.9 -1 1
9563.26 5640.69 -58726 59766.4 1 1
-6796.09 2519.64 28784.5 29683.2 1 2
event 75
13588.9 -5069.5 52890.2 54930.2
-4856.21 -14195.3 -5908.74 16419.3
-814.787 -3231.54 -2729.7 4309.2 1 2
2947.55 164.144 11650.2 12018.9 -1 1
10641.3 -5233.65 41240 42911.3 1 1
-4041.43 -10963.8 -3179.04 12110.1 -1 2
event 76
-11789.8 -6461.4 3148.84 14151.1
1632.29 -7044.94 7402.54 10802.1
18.5021 -3148.99 1357.47 3430.8 -1 2
-2418.99 -936.038 1865.52 3196.72 -1 1
-9370.79 -5525.37 1283.32 10954.4 1 1
1613.79 -3895.94 6045.07 7371.34 1 2
event 77
-3809.02 -9082.73 -12794.8 16440.8
618.016 -7963.98 17380 19376.8
-160.469 -4810.28 13399.3 14237.8 -1 2
-443.121 -3903.61 -6669.04 7740.92 1 1
-3365.9 -5179.12 -6125.77 8699.93 -1 1
778.485 -3153.7 3980.7 5138.97 1 2
event 78
8290.66 -8314.04 -5133.61 13183.5
-5801.27 -1522.37 2244.34 7113.41
4663.32 -5381.41 -1520.03 7282.02 1 1
3627.33 -2932.63 -3613.58 5901.44 -1 1
-3896.33 544.828 1379.31 4170.36 -1 2
-1904.94 -2067.2 865.035 2943.06 1 2
event 79
9071.13 7925.1 -29707.2 32205.6
1780.79 -4940.24 -9607.3 11378.5
2210.74 -2097.67 -6271.52 6973.57 1 2
1922.97 3520.38 -8631.34 9518.51 1 1
-429.95 -2842.57 -3335.79 4404.96 -1 2
7148.17 4404.72 -21075.9 22687.1 -1 1
event 80
-3638.41 9981.68 -19688 22673.3
-6896.07 8370.79 1578.38 11388.9
-6001.13 5178.8 702.824 7958.56 1 2
-3241 3969.61 -10517.2 11699.8 1 1
-894.94 3192 875.553 3430.38 -1 2
-397.41 6012.07 -9170.8 10973.5 -1 1
event 81
2916.41 4636.71 20595.8 21535.6
-2208.94 -11386.8 55877.2 57152.4
-2055.02 -3290.29 19903 20277.8 1 2
-215.495 1996.92 4546.12 4971.17 1 1
-153.918 -8096.5 35974.2 36874.6 -1 2
3131.91 2639.79 16049.7 16564.4 -1 1
event 82
5449.13 965.629 7555.92 9864.5
-7559.49 15882.1 67075 69440.9
3029.17 1882.93 3180.79 4780.15 1 1
2419.97 -917.304 4375.13 5084.35 -1 1
-2958.1 8991.58 41106 42181.9 -1 2
-4601.39 6890.5 25969 27259 1 2
event 83
-3683.35 11969.8 -6565.7 14475.5
-16230.3 5906.17 -5771.25 18471.7
-7293.5 1036.63 -2542.64 7793.96 -1 2
-2253.6 4718.84 -4220.87 6721.09 -1 1
-8936.77 4869.53 -3228.62 10677.7 1 2
-1429.74 7251 -2344.83 7754.39 1 1
event 84
-5542.09 5094.2 -8717.99 12093.8
-10074.7 -11739.8 -36958.6 40185.2
-3474.51 2189.9 -7042.37 8153.16 1 1
-2067.58 2904.3 -1675.62 3940.65 -1 1
-5837.09 -6266.92 -24179.1 25651.2 1 2
-4237.61 -5472.91 -12779.5 14534 -1 2
event 85
-453.42 -7949.61 28433.3 29689.1
2496.88 5335.76 4624.93 8104.65
2868.2 3250.55 3985.61 5889.73 -1 2
1315.13 -2855.38 10007 10489.7 -1 1
-1768.55 -5094.22 18426.3 19199.4 1 1
-371.323 2085.22 639.315 2214.93 1 2
event 86
4669.34 6978.52 30530.3 31815
11869.3 -10436.4 -32810.2 36550
3165.17 -1333.31 -5677.36 6636.23 -1 2
2282.61 989.561 7800.67 8188.48 1 1
8704.12 -9103.1 -27132.9 29913.7 1 2
2386.73 5988.96 22729.6 23626.5 -1 1
event 87
-6155.26 2752.05 -22977.2 24145.4
2734.18 -8266.05 26211.1 27792.4
-3222.27 3003.49 -15326.6 15947.4 -1 1
-2932.99 -251.433 -7650.57 8198.05 1 1
2858.64 -3733.63 13050.6 13872.4 -1 2
-124.46 -4532.42 13160.4 13920 1 2
event 88
8357.76 762.095 -29581.8 30904.8
-6408.25 3760.73 14949 16978.6
5374.34 -1007.35 -17524.8 18358.3 1 1
2983.42 1769.45 -12057 12546.5 -1 1
-3240.25 256.323 5001.47 5965.8 -1 2
-3168 3504.41 9947.58 11012.8 1 2
event 89
-517.077 -6343.34 27752 28640.3
6710.54 -5168.05 -12517.4 15427.7
2925.04 -2808.47 -3462.6 5333.3 1 2
770.73 -2043.04 5119.58 5566.81 -1 1
-1287.81 -4300.3 22632.4 23073.5 1 1
3785.5 -2359.59 -9054.78 10094.4 -1 2
event 90
-2703.21 4955.72 -12766.8 14298.5
-7869.53 -7502.67 14004.6 17998.3
-2328.41 2957.58 -4941.67 6212.9 -1 1
-374.806 1998.13 -7825.17 8085.63 1 1
-4015.2 -4550.92 5430.24 8144.41 -1 2
-3854.33 -2951.75 8574.4 9853.94 1 2
event 91
-7035.58 -3304.71 2101.55 8627.12
-6994.44 2060.88 23230.2 24625.1
-3751.74 -790.307 11688.7 12301.9 1 2
-1223.22 -2057.39 912.421 2563.75 -1 1
-5812.35 -1247.32 1189.13 6063.37 1 1
-3242.7 2851.19 11541.5 12323.2 -1 2
event 92
2566.55 -10937 44163.4 45675
-2251.9 6856.9 -2926.1 8380.94
-2647.44 4507.07 -1017.9 5326.34 -1 2
1205.39 -4776.9 13553.3 14421.3 -1 1
1361.16 -6160.11 30610.1 31253.7 1 1
395.542 2349.83 -1908.21 3054.6 1 2
event 93
951.194 -8708.3 -11698.5 14939.4
-325.877 -8037.55 -16031.6 18201.9
1167.63 -3980.86 -9521.96 10387 -1 2
1670.36 -2314.78 -3639.68 4626.74 1 1
-719.163 -6393.52 -8058.84 10312.6 -1 1
-1493.51 -4056.69 -6509.59 7814.94 1 2
event 94
-2433.93 -10671.9 34781.3 36594.3
4866.01 -2416.61 5082.25 8058.42
-2895.36 -7337.26 21807.3 23190.3 -1 1
461.426 -3334.61 12974 13404 1 1
835.068 -2022.28 2021.37 2980.62 -1 2
4030.94 -394.335 3060.88 5077.8 1 2
event 95
-5784.31 10346.8 -15735.3 19942.5
-4539.32 -7654.77 -30519.7 31941.3
-3392.6 -2707.82 -14371.3 15012.9 1 2
-3079.93 3000.08 -6965.61 8186.41 -1 1
-2704.38 7346.69 -8769.64 11756.1 1 1
-1146.72 -4946.95 -16148.4 16928.4 -1 2
event 96
846.193 -7754.12 -17720.4 19607.3
-19039.7 6500.21 21971.2 29951.4
-16166.6 6447.35 17898.4 24965.8 1 2
-192.041 -3076.29 -3854.78 4936.69 -1 1
-2873.15 52.8588 4072.72 4985.58 -1 2
1038.23 -4677.84 -13865.6 14670.6 1 1
event 97
-2999.27 11339.7 52829.6 54204.7
15220.3 9730.95 -2330.41 18476.2
-185.805 6707.21 29229.1 29989.6 1 1
-2813.46 4632.5 23600.5 24215.1 -1 1
8392.73 6838.51 -2261.03 11060.1 -1 2
6827.62 2892.44 -69.382 7416.11 1 2
event 98
-7201.11 700.488 -18858.9 20435.1
8203.09 -1001.73 -3977.9 9680.32
3438.84 -334.426 -31.0673 3456.82 1 2
-2010.32 -1177.95 -5013.98 5529.92 -1 1
-5190.8 1878.44 -13844.9 14905.2 1 1
4764.24 -667.303 -3946.83 6223.5 -1 2
event 99
-11547.4 -10602 -387.98 15984
-4070.19 -6896.09 8816.53 12467.5
-3862.54 -4370.07 4159.71 7164.57 -1 2
-1836.6 -3447.68 139.615 3910.27 -1 1
-9710.82 -7154.33 -527.595 12073.7 1 1
-207.641 -2526.02 4656.82 5302.93 1 2
event 100
402.519 -7120.87 -2578.49 8191.96
6667.29 -2200.72 9634.53 12317.1
2621.09 -2485.85 4685.6 5917.4 -1 2
1180.3 -1930.45 160.684 2270.84 -1 1
-777.781 -5190.42 -2739.18 5921.12 1 1
4046.2 285.134 4948.93 6399.7 1 2
event 101
-6023.97 10734.1 -10274.6 16330
4212.73 4043.21 1077.43 6696.74
1952.8 3571.98 -159.79 4075.43 1 2
-1209.88 4473.67 -5077.79 6875.51 -1 1
2259.94 471.233 1237.22 2621.31 -1 2
-4814.09 6260.43 -5196.83 9454.45 1 1
event 102
-1896.42 -8252.4 -8957.23 12709.1
7536.49 1309.62 -6215.72 10331.5
-416.641 -5164.56 -3458.26 6230.33 -1 1
-1479.78 -3087.84 -5498.97 6478.76 1 1
3246.56 461.168 -4638.44 5681.47 -1 2
4289.93 848.45 -1577.28 4649.98 1 2
event 103
-9986.24 -653.928 48063 49191.4
-476.384 9553.58 -284.052 10058.3
-5692.54 -1245.52 33252 33758.9 -1 1
-4293.7 591.59 14811 15432.5 1 1
-1383.69 7690.39 522.377 7832.04 -1 2
907.309 1863.19 -806.43 2226.25 1 2
event 104
1443.6 11739.7 30881.9 33214.2
4169.2 6042.38 16769.8 18566.4
-567.908 7159.05 19512.2 20792.1 -1 1
2011.51 4580.66 11369.7 12422.2 1 1
988.973 4016.22 9881.53 10712.8 -1 2
3180.23 2026.16 6888.28 7853.58 1 2
event 105
4505.51 -6417.04 -5025.56 9814.54
5302.3 -12864.8 -66283.5 67799.1
3781.85 -2769.57 -3148.35 5647.67 1 1
723.657 -3647.47 -1877.21 4166.87 -1 1
2216.28 -7044.14 -41641.5 42291.4 -1 2
3086.03 -5820.7 -24642 25507.7 1 2
event 106
-8152.12 -1385.13 -1667.37 9205.59
6051.1 -2708.26 6320.94 9669.3
2863.49 -2359.85 4932.9 6173.58 1 2
-3874.81 -1787.51 -2320.86 4858.69 1 1
3187.61 -348.411 1388.04 3495.72 -1 2
-4277.31 402.381 653.49 4346.9 -1 1
event 107
5550.74 6756.47 -17003.2 19369
-4086.33 -4691.62 -569.709 6973.16
3071.87 5066.48 -8585.26 10431.9 1 1
2478.88 1689.99 -8417.92 8937.19 -1 1
-1888.95 -714.181 875.558 2203.62 -1 2
-2197.38 -3977.44 -1445.27 4769.54 1 2
event 108
-7190.63 -351.783 29927.4 30936.6
-5522.94 -4635.74 2338.58 8188.58
-3068.61 -631.107 690.15 3209.69 1 2
-1954.9 635.573 4383.87 4843.04 -1 1
-5235.73 -987.356 25543.5 26093.5 1 1
-2454.33 -4004.64 1648.43 4978.89 -1 2
event 109
4351.67 3206.77 -1663.31 6448.07
11896 -2114.21 19690.4 23308.6
3178.11 621.977 -184.181 3245.35 1 1
1173.56 2584.79 -1479.13 3202.72 -1 1
8041.31 -406.782 14817.8 16864.3 1 2
3854.73 -1707.43 4872.64 6444.22 -1 2
event 110
4944.06 8280.62 -37115.8 38473.1
884.449 -4878.47 28902.4 29487.7
2025.98 -3158.48 17303.6 17706.1 1 2
694.583 4052.5 -16329.4 16839.4 -1 1
-1141.53 -1719.99 11598.9 11781.6 -1 2
4249.48 4228.12 -20786.3 21633.7 1 1
event 111
5677.46 -2312.33 -13973.1 15569.9
2125.44 -8148.76 -30359.6 31657.8
2081.45 -2917.79 -15320.7 15734.7 1 2
1131.05 -1993.53 -4202.06 4787.68 1 1
43.9935 -5230.96 -15038.9 15923 -1 2
4546.4 -318.807 -9771.06 10782.2 -1 1
event 112
12167.4 1009.35 -15675 20108.7
5494.24 2218.25 -12728.5 14377.5
8042.86 2043.48 -11134.9 13887.4 -1 1
4124.49 -1034.12 -4540.05 6221.26 1 1
2753.15 2691.11 -6500.84 7556.06 -1 2
2741.1 -472.865 -6227.66 6821.45 1 2
event 113
35.5819 -6134.25 -16969.3 18307.9
-10892.3 7666.13 29705.3 32701.8
1467.64 -4264.23 -11402.6 12262.5 1 1
-1432.06 -1870.01 -5566.7 6045.42 -1 1
-6728.56 5618.72 16180 18402.3 1 2
-4163.77 2047.4 13525.3 14299.4 -1 2
event 114
4804.06 -5019.73 5249.3 9456.06
16150.9 5676.24 9257.94 19707.2
3406.98 -3068.54 5356.31 7051.57 1 1
1397.08 -1951.19 -107.009 2404.49 -1 1
9635.92 3456.18 7222.56 12528.9 -1 2
6515.02 2220.06 2035.39 7178.31 1 2
event 115
370.019 -8163.15 7001.74 11197.7
785.134 -4971.84 -10200.9 11789.2
-579.236 -2997.58 -7869.72 8441.83 1 2
-816.628 -3994.2 4912.79 6384.92 1 1
1364.37 -1974.26 -2331.2 3347.37 -1 2
1186.65 -4168.95 2088.95 4812.81 -1 1
event 116
-268.982 10506 43770 45120.4
1068.33 11938.3 -30901.1 33288.7
-131.323 7319.72 35687.3 36430.6 1 1
-137.659 3186.31 8082.72 8689.82 -1 1
2075.74 9590.78 -23971.2 25902.2 -1 2
-1007.41 2347.57 -6929.93 7386.54 1 2
event 117
-7655.91 -7898.71 -26192.5 28576.9
19733.1 2979.43 -6512.18 21219.6
3915.73 1077.38 -152.504 4065.48 -1 2
-1516.92 -3611.6 -9826.66 10579.2 1 1
15817.3 1902.05 -6359.68 17154.1 1 2
-6138.98 -4287.11 -16365.8 17997.7 -1 1
event 118
-391.319 -11790 -7678.94 14412.3
5605 -1460.84 7696.36 10118.1
3222.89 -512.347 6526.78 7297.91 1 2
-1231.36 -5480.81 -4943.75 7483.81 1 1
2382.11 -948.492 1169.58 2820.14 -1 2
840.041 -6309.16 -2735.19 6928.46 -1 1
event 119
-6831.57 6204.35 5312.33 11089.5
428.572 4869.45 5978.96 8320.7
-3071.6 4795.56 2748.76 6324.47 1 1
-3759.97 1408.79 2563.57 4764.99 -1 1
1742.57 2859.68 3911.95 5150.61 -1 2
-1314 2009.77 2067.01 3170.09 1 2
event 120
-5067.74 1333.94 19137.8 20082.5
2398.45 14617.2 -44473.9 46978
-3207.43 441.23 16006.6 16331.1 -1 1
-1860.3 892.706 3131.24 3751.46 1 1
144.164 8458.77 -22163.4 23723.4 1 2
2254.28 6158.41 -22310.6 23254.7 -1 2
event 121
-6733.21 2429.49 30505.3 31486.5
10636.5 1745.95 468.007 11224.8
-3747.33 2804.94 21003 21518.5 -1 1
-2985.88 -375.454 9502.29 9968.01 1 1
5811.06 2302.5 1022.66 6334.58 1 2
4825.48 -556.552 -554.65 4890.18 -1 2
event 122
-2815.6 3910.7 2973.6 6454.04
3775.36 -9541.78 30058.3 31912.2
-491.395 2983.73 779.879 3124.66 -1 1
-2324.21 926.968 2193.72 3329.38 1 1
724.15 -5510.04 13520.9 14618.8 1 2
3051.21 -4031.74 16537.4 17293.4 -1 2
event 123
-8069.05 -882.607 -4775.31 9913.82
9661.99 -2088.56 3812.89 11038.4
4396.49 -455.625 3267.3 5497.56 -1 2
-2568.17 568.803 -251.432 2644.51 -1 1
-5500.88 -1451.41 -4523.88 7269.31 1 1
5265.5 -1632.93 545.59 5540.83 1 2
event 124
-622.549 -6145.85 -31275.4 32029.7
7386.44 -4408.91 -13834.9 16582.9
2904.08 -2261.51 -3345.6 4975.17 -1 2
-1525.33 -2145.48 -15881.5 16098.6 -1 1
4482.36 -2147.4 -10489.3 11607.7 1 2
902.779 -4000.37 -15393.9 15931.1 1 1
event 125
-421.503 -5360.6 -5690.91 8419.67
2992.31 -10759.4 37254.5 39015.5
986.82 -3342.4 -4474.18 5672.29 1 1
-1408.32 -2018.2 -1216.73 2747.38 -1 1
691.685 -6852.3 25574.9 26486.2 -1 2
2300.63 -3907.11 11679.6 12529.3 1 2
event 126
-9726.94 -1458.75 -23167.4 25358.6
9203.44 -3453.28 34601.4 36103.6
-6408.52 -659.912 -11280.6 12991.1 -1 1
-3318.42 -798.833 -11886.8 12367.6 1 1
7448.64 -1675.82 28615.7 29616.9 -1 2
1754.8 -1777.47 5985.68 6486.78 1 2
event 127
-7856.28 4775 -40597.7 41740.7
-4905.77 9668.3 -14683.1 18512.9
-1918.22 3953.35 -8545.58 9609.72 1 2
-806.058 1928.31 -9296.6 9529.22 -1 1
-7050.23 2846.69 -31301.1 32211.5 1 1
-2987.55 5714.95 -6137.51 8903.16 -1 2
event 128
3775.38 4242.49 7638.03 10009.1
-11733.3 -8672.86 -21394.4 26157.2
3457.6 1720.86 3918.52 5502.94 -1 1
317.783 2521.64 3719.51 4506.16 1 1
-7688.93 -6574.53 -17245.6 19994.1 1 2
-4044.38 -2098.33 -4148.8 6163.09 -1 2
event 129
2462.49 5604.53 -4587 8252.64
-4335.05 -8711.47 -145.17 10212.5
2889.53 3106.73 -3466.68 5479.98 -1 1
-427.041 2497.79 -1120.33 2772.66 1 1
-3559.38 -4516.08 893.445 5820.1 1 2
-775.668 -4195.39 -1038.62 4392.36 -1 2
event 130
-4133.62 3670.13 13186 14629.4
-15996.9 -7405.49 1121.14 17932.9
-3456.49 1469.54 5968.06 7052.36 1 1
-677.133 2200.59 7217.98 7577.03 -1 1
-8003.81 -3767.35 -984.311 8901.35 1 2
-7993.09 -3638.14 2105.45 9031.59 -1 2
event 131
152.272 -10505.1 26279.7 28541
-5690.2 -3531.12 -5160.85 9003.98
-2282.91 -2893.17 -3752.99 5261 1 2
-882.727 -4491.31 15402.6 16068.7 1 1
-3407.29 -637.951 -1407.87 3742.97 -1 2
1035 -6013.79 10877.1 12472.3 -1 1
event 132
-5487.53 4882.71 6500.63 10286.1
-6717.89 -5856.32 5489.53 10915.7
-2046.39 -3600.74 1643.41 4457.02 1 2
-2575.46 1278.26 896.646 3013.65 1 1
-4671.51 -2255.58 3846.12 6458.67 -1 2
-2912.07 3604.45 5603.98 7272.42 -1 1
event 133
-3554.79 6811.04 -7898.7 11445.8
1474.26 8089.74 -29158.7 30453.8
-718.845 4081.29 -11951.2 12649.7 -1 2
-1551.17 1308.02 -664.625 2137.74 1 1
-2003.62 5503.02 -7234.07 9308.1 -1 1
2193.11 4008.45 -17207.5 17804.1 1 2
event 134
6096.47 3119.96 -24510.4 25636.9
9741.98 -365.958 4430.35 11147.1
2836.28 1282.17 1084.34 3297.79 1 2
2222.29 1281.67 -14803.2 15024.2 -1 1
6905.7 -1648.13 3346 7849.32 -1 2
3874.18 1838.29 -9707.25 10612.7 1 1
event 135
3301.97 5197.28 -24566.8 25515.4
-5151.79 6941.78 12306.9 15355.1
-1383.5 2782.71 2251.38 3838.93 -1 2
-95.7939 2565.67 -8186.4 8580.22 -1 1
-3768.28 4159.08 10055.5 11516.2 1 2
3397.77 2631.6 -16380.4 16935.2 1 1
event 136
10197.8 247.046 12083.1 16113.7
-4116.05 -4425.83 -11781.4 13598.6
-3404.61 -1490.03 -7314.58 8205.23 1 2
4971.65 -1264.86 4834.77 7050.06 1 1
-711.435 -2935.8 -4466.77 5393.35 -1 2
5226.19 1511.9 7248.38 9063.62 -1 1
event 137
-7226.85 702.407 8160.56 11353.7
6632.08 -5403.66 -78.2334 9098.42
-4074.95 -1117.76 3925.44 5768.44 -1 1
-3151.9 1820.16 4235.12 5585.24 1 1
5131.31 -2260.15 99.7092 5608.9 -1 2
1500.77 -3143.5 -177.943 3489.52 1 2
event 138
-4060.48 7150.27 -22221 23895.1
-5761.62 -4536.66 33770.2 34695.7
-832.526 4560.65 -12299.5 13144.6 1 1
-3227.95 2589.61 -9921.51 10750.5 -1 1
-3853.82 -1104.16 18334.8 18768.3 -1 2
-1907.81 -3432.51 15435.3 15927.4 1 2
event 139
6912.58 262.595 15734.3 17464.5
-6651.45 17361.5 -60900.1 63750.1
-2763.05 3915.23 -13456 14284.3 -1 2
1990.02 -1217.37 3664.13 4345.02 1 1
-3888.4 13446.3 -47444.1 49465.9 1 2
4922.56 1479.97 12070.1 13119.5 -1 1
event 140
1429.19 6194.17 -10774.9 12888
4471.81 12557.8 -10857.9 17469.3
2088.59 3455.63 -7836.16 8815.91 -1 1
-659.397 2738.54 -2938.71 4072.05 1 1
3906.26 7764.35 -8240.89 11977.8 -1 2
565.547 4793.49 -2616.97 5491.55 1 2
event 141
-16331.3 11442.2 -72844.8 75588.3
7472.06 -505.329 -33377.5 34347.2
-9269.25 8280.75 -43624 45360.3 -1 1
-7062.08 3161.48 -29220.8 30228 1 1
3748.88 -1389.7 -21473.5 21842.8 -1 2
3723.18 884.368 -11904 12504.4 1 2
event 142
-5350.36 4145.12 -25176.4 26253.6
-6370.58 950.505 4555.21 8475.17
-2255.56 3670.42 -14374.7 15006.7 1 1
-3094.81 474.695 -10801.7 11246.8 -1 1
-4453.88 -77.4354 1456.37 4687.77 -1 2
-1916.7 1027.94 3098.85 3787.4 1 2
event 143
-621.998 10812 -20825.8 23676.8
-7830.2 1976.36 4656.85 9823.2
1103.39 6695.12 -13105 14757.9 1 1
-1725.39 4116.84 -7720.76 8918.9 -1 1
-2415.74 526.6 -91.4167 2476.41 -1 2
-5414.46 1449.76 4748.26 7346.79 1 2
event 144
4350.07 -9128.66 41807.5 43124.4
-5988.06 -1317.3 -2165.1 7202.12
4028.72 -5057.59 24193.9 25043.2 1 1
321.345 -4071.07 17613.6 18081.1 -1 1
-3208.22 -1100.69 393.745 3416.19 -1 2
-2779.84 -216.617 -2558.84 3785.93 1 2
event 145
-8389.49 1722.93 31663.7 32947.4
-6434.21 10012.2 16630.5 20683.6
-3919.26 8448.22 12089.4 15261 1 2
-3670.09 -198.511 9089.98 9805.5 -1 1
-2514.95 1564.02 4541.15 5422.57 -1 2
-4719.4 1921.45 22573.7 23141.9 1 1
event 146
-645.34 -16027.9 -15186.1 22305.1
-6943.85 -1037.32 -4789.28 9045.49
-4730.17 -325.316 -1420.45 4950.67 1 2
-1698.55 -5748.66 -5236.39 7960.09 -1 1
-2213.68 -712.004 -3368.83 4094.82 -1 2
1053.21 -10279.2 -9949.73 14345.1 1 1
event 147
-12278.7 -2680.58 19554.1 23450.1
-5600.69 351.031 -17343.4 18489.9
-3245.95 335.962 -5354.34 6271.3 1 2
-6212.93 187.002 10003.5 11777.8 -1 1
-2354.74 15.0692 -11989.1 12218.6 -1 2
-6065.81 -2867.58 9550.56 11672.3 1 1
event 148
-6174.7 1989.06 -27795.5 28710
-4111.35 -10962 7435 14210.5
-3588.93 2711.63 -17059.6 17643 1 1
-2585.77 -722.565 -10735.9 11067 -1 1
-1642.66 -7167.06 5903.26 9430 1 2
-2468.68 -3794.97 1531.74 4780.54 -1 2
event 149
3800.08 -4848.68 -16308 17705.8
-11811.4 -2662.76 -23901.9 26972
1137.05 -3902.28 -9468.1 10304.2 -1 1
2663.02 -946.401 -6839.94 7401.57 1 1
-6652.02 -333.758 -10653.3 12564.4 -1 2
-5159.37 -2329 -13248.5 14407.6 1 2
event 150
11913.2 4623.11 3180.37 13527.9
1451.14 -10495.2 50896.9 52080.1
703.844 -4479.53 14860.6 15537.4 -1 2
4297.88 1142.76 -302.725 4458.75 1 1
7615.36 3480.35 3483.09 9069.16 -1 1
747.294 -6015.66 36036.3 36542.7 1 2
event 151
-4611.87 -10355.8 -41321.8 42960.4
7179.08 7737.47 -53837.8 54950
2347.12 4587.95 -22194.3 22785 -1 2
-1174.82 -3046.7 -7383.05 8073.61 1 1
-3437.05 -7309.06 -33938.7 34886.7 -1 1
4831.96 3149.52 -31643.4 32164.9 1 2
event 152
10271.3 -8389.27 -1427.35 13693.3
-2693.96 6907.43 15508 17466
-1026.2 5507.21 12916.1 14079 -1 2
1855.5 -3012.32 321.034 3554.03 -1 1
8415.82 -5376.95 -1748.38 10139.3 1 1
-1667.75 1400.22 2591.93 3386.92 1 2
event 153
4420.53 -3952.21 394.731 6701.36
-2169.06 12076.9 -7932.48 14935.6
2730.68 -2534.79 1742.39 4114.47 -1 1
1689.86 -1417.41 -1347.66 2586.9 1 1
-56.2315 8458.84 -5124.83 9890.92 -1 2
-2112.83 3618.11 -2807.65 5044.68 1 2
event 154
-5354 -2656.23 20962.4 22016.7
2738.64 -9479.39 -13926.7 17346.6
-3133.89 -3152.91 14338.6 15012.3 1 1
-2220.12 496.677 6623.79 7004.38 -1 1
164.082 -5398.11 -6067.49 8123.56 1 2
2574.56 -4081.28 -7859.23 9223.01 -1 2
event 155
4532.34 8448.46 10079.9 14251.8
-2337.87 -11999.7 14018.2 18856.3
3513.81 3881.77 4058.7 6625.65 -1 1
1018.53 4566.7 6021.17 7626.13 1 1
-3070.86 -8640.98 10085.9 13632.1 -1 2
732.985 -3358.77 3932.28 5224.23 1 2
event 156
3233.29 11664.3 8353.09 15029.1
-6041.07 9160.37 -3534.15 11936.8
3403.73 6727.06 4711.21 8890.75 1 1
-170.444 4937.24 3641.88 6138.39 -1 1
-3290.49 2578.83 -607.432 4225.85 -1 2
-2750.58 6581.54 -2926.71 7710.98 1 2
event 157
-6237.25 -5288.97 -1743.37 8916.66
-2418 -7401.86 -1644.38 8539.9
-883.553 -3310.87 -2288.66 4122.09 1 2
-1094.65 -1937.03 660.567 2323.33 -1 1
-5142.61 -3351.93 -2403.93 6593.32 1 1
-1534.45 -4090.99 644.284 4417.81 -1 2
event 158
7342.77 -1217.82 -3017.78 8607.96
4050.83 8623.52 51957.4 52952.1
-14.5491 4175.99 22530.2 22914.2 1 2
2051.23 906.805 -1520.31 2711.52 1 1
4065.38 4447.52 29427.2 30038 -1 2
5291.53 -2124.62 -1497.47 5896.43 -1 1
event 159
-15886.1 6367.6 43208.3 46577.5
-843.975 7633.6 2430.91 8630.44
-8718.8 4628.06 21708.1 23847.2 -1 1
-7167.3 1739.54 21500.2 22730.3 1 1
664.677 5555.48 2319.77 6057.86 -1 2
-1508.65 2078.12 111.136 2572.57 1 2
event 160
13771.5 -5580.64 -28305.9 32118.7
-8694.45 -1213.01 -11792.8 15024.2
9339.52 -5280.56 -19612.2 22355.3 1 1
4431.98 -300.082 -8693.65 9763.36 -1 1
-1969.33 1021.91 -2852.21 3615.08 -1 2
-6725.12 -2234.91 -8940.61 11409.1 1 2
event 161
-7428.07 1134.12 -17160 18987.3
-860.295 12008.4 -1110.43 12480.7
-4294.61 580.814 -13272.6 13962.6 -1 1
-3133.45 553.302 -3887.41 5024.72 1 1
-238.257 9916.61 220.257 9922.48 -1 2
-622.038 2091.76 -1330.69 2558.18 1 2
event 162
2327.47 -5110.04 -12594.1 14132.7
-9479.97 -9640.44 -82395.2 83554.5
2518.3 -2640.04 -5354.54 6480.27 1 1
-190.83 -2470 -7239.57 7652.44 -1 1
-5913.22 -3810.57 -41956.5 42542.3 1 2
-3566.75 -5829.87 -40438.6 41012.2 -1 2
event 163
9895.48 -279.86 3046.73 10810.8
5794.63 5620.85 -33778.3 34867.4
4972.71 -1014.43 209.253 5080.53 -1 1
4922.78 734.567 2837.48 5730.25 1 1
2182.9 4253.01 -18990.8 19583.5 -1 2
3611.73 1367.84 -14787.5 15283.9 1 2
event 164
-6201.33 4889.54 15471.3 17644.1
3275.51 6821.47 6938.36 10723.5
-2554.99 3380.71 5682.67 7089.51 -1 1
-3646.34 1508.83 9788.6 10554.6 1 1
1192.46 4884.53 5749.98 7638.98 -1 2
2083.05 1936.94 1188.38 3084.52 1 2
event 165
-3151.89 4787.57 -24373.9 25229.6
-5858.88 -10794.6 9931.49 16095.9
-1129.69 3935.52 -18743.2 19185.5 1 1
-2022.2 852.056 -5630.68 6044.08 -1 1
-3577.98 -5326.95 3348.33 7238.84 1 2
-2280.91 -5467.68 6583.17 8857.05 -1 2
event 166
-8980.84 2654.78 6200.68 11650.9
3679.58 -6298.42 30468.1 31481.8
-5583.56 1583.5 1994.16 6137.71 -1 1
-3397.28 1071.28 4206.51 5513.17 1 1
2439.86 -1320.83 9720.69 10109.4 -1 2
1239.72 -4977.59 20747.4 21372.4 1 2
event 167
-1442.97 -5001 3876.18 7190.81
-11289.2 6613.61 -10609.9 17127.4
-958.472 -2998.01 4038.16 5121 1 1
-484.5 -2002.99 -161.981 2069.81 -1 1
-5535.52 3503.84 -3362.27 7364.44 1 2
-5753.67 3109.77 -7247.65 9762.94 -1 2
event 168
5657.56 -2039.87 5.19532 6764.62
2412.88 -6853.51 -622.802 7922.85
1706.1 -2617.58 -1607.92 3515.55 -1 2
1697.84 -1375.4 1299.85 2544.63 1 1
706.782 -4235.93 985.118 4407.3 1 2
3959.72 -664.472 -1294.66 4219.98 -1 1
event 169
4657.22 -5457.69 -17470.8 19138.8
-5365.99 -7364.54 -5409.55 11040.1
-1729.41 -2745.38 -317.57 3261.9 -1 2
1967.34 -1145.96 -8776.96 9068.07 1 1
-3636.58 -4619.16 -5091.98 7778.22 1 2
2689.88 -4311.74 -8693.82 10070.8 -1 1
event 170
-3961.15 4326.75 -11338 13135.9
-9242.14 -8170.94 -1404.91 12796.3
-3560.76 1845.33 -8064.6 9007.4 1 1
-400.388 2481.42 -3273.44 4128.48 -1 1
-6010.82 -5289.29 588.012 8028.91 -1 2
-3231.31 -2881.66 -1992.92 4767.41 1 2
event 171
-7435.52 10436.6 8940.93 15929.2
-4239.95 2622.8 9279.34 10979.7
-3410.57 7324.77 5125.54 9569.04 -1 1
-4024.95 3111.82 3815.39 6360.19 1 1
-3111.87 282.931 6245.4 6984.27 -1 2
-1128.08 2339.87 3033.94 3995.43 1 2
event 172
-14655.8 -537.443 -19404.4 24519.4
-3610.26 -3011.28 1997.42 5973.5
-9478.15 671.405 -14141.3 17037.4 -1 1
-5177.61 -1208.85 -5263.16 7482.04 1 1
-3190.99 -873.623 548.804 3355.29 -1 2
-419.264 -2137.66 1448.62 2618.21 1 2
event 173
4524.09 5405.08 27994.2 29033.5
7219.61 -3434.92 20452.9 22177.3
2793.84 -1657.03 12386.2 12805.5 1 2
96.3037 2235.03 8933.11 9209.57 -1 1
4427.79 3170.04 19061.1 19824 1 1
4425.76 -1777.89 8066.62 9371.75 -1 2
event 174
-7802.77 2877.56 -757.89 8906.68
7543.84 -5213.71 -17416.1 19924.9
2516.47 -3581.19 -8423.96 9493.77 -1 2
-3340.96 925.375 1180.63 3663.8 1 1
5027.37 -1632.52 -8992.13 10431.2 1 2
-4461.81 1952.18 -1938.52 5242.88 -1 1
event 175
5950.62 6743.9 -12313.2 15559.4
-13827.8 -11988.1 -6984.71 19831.8
4376.45 2907.36 -5700.26 7753.08 -1 1
1574.17 3836.54 -6612.93 7806.34 1 1
-9343.08 -6427.28 -5149.26 12455.1 1 2
-4484.76 -5560.86 -1835.45 7376.74 -1 2
event 176
-6735.25 -6634.88 10277.2 14303.7
-7102.53 1740.54 -23947.5 25229.9
-4400.22 2020.62 -18736 19351.9 -1 2
-2966.44 -3036.55 2457.13 4906.02 -1 1
-3768.81 -3598.33 7820.07 9397.69 1 1
-2702.31 -280.079 -5211.44 5878.03 1 2
event 177
6112.91 -2576.08 -17315.4 18799.4
-5446.8 4802.13 -36512.8 37356.4
-3473.93 1091.22 -19008 19353.9 1 2
2298.22 432.385 -4133.53 4750.37 1 1
3814.69 -3008.47 -13181.8 14049 -1 1
-1972.87 3710.91 -17504.7 18002.5 -1 2
event 178
-10187.5 5994.64 -30519.3 32874.5
9106.67 1668.34 -7243.68 12156.4
-6019.27 3375.35 -13567.8 15222.3 1 1
-4168.22 2619.3 -16951.5 17652.2 -1 1
3292.84 1354.2 -4443.36 5694.84 -1 2
5813.83 314.139 -2800.32 6461.6 1 2
event 179
-7499.96 17031.4 -14372.9 23716.8
-4917.31 3596.74 -1527.84 7002.97
-4059.13 1550.69 -1912.47 4748.67 -1 2
-1339.91 2737.39 -3924.02 4969.68 -1 1
-6160.04 14294 -10448.9 18747.2 1 1
-858.184 2046.05 384.628 2254.31 1 2
event 180
-8240.31 -5456.59 -23018.6 25241.3
-9286.24 9815.83 -48374.4 50321.5
-4052.59 -3679.61 -15659.1 16588.6 1 1
-4187.72 -1776.98 -7359.57 8652.7 -1 1
-6776.68 7865.52 -40930.1 42226.5 -1 2
-2509.55 1950.31 -7444.26 8095.04 1 2
event 181
3066.82 -7115.72 -15780.6 17851
6529.89 9743.58 -3241.76 12556.9
2787.18 -3082.07 -6349.42 7589.06 1 1
279.643 -4033.65 -9431.22 10262 -1 1
2898.99 6595.52 -1077.45 7285.41 -1 2
3630.89 3148.06 -2164.31 5271.54 1 2
event 182
804.019 -19551.2 -23171.3 30486
-6374.37 90.0167 6726.95 9771.55
-3738.27 -1281.82 4841.85 6250.8 1 2
838.448 -5511.39 -4754.41 7327.62 -1 1
-2636.1 1371.84 1885.1 3520.75 -1 2
-34.429 -14039.8 -18416.8 23158.4 1 1
event 183
5179.15 -2393.9 15981.2 17249.5
-6380.82 8101.15 27059.3 29122.8
2788.86 -2272.11 12611.9 13115.3 -1 1
2390.29 -121.791 3369.31 4134.21 1 1
-5107.17 4146.66 17658.5 18844.4 1 2
-1273.65 3954.49 9400.81 10278.5 -1 2
event 184
7167.04 14450.5 -4745.9 17096.7
-4318.87 2358.43 1798.48 6086.06
-1851.85 2708.17 676.946 3351.56 1 2
2395.1 7755.08 -3226.41 8734.91 1 1
-2467.02 -349.734 1121.54 2734.5 -1 2
4771.94 6695.4 -1519.49 8361.81 -1 1
event 185
2778.77 5747.1 11297.9 13341
5715.75 6649.88 -9797.16 13508
2373.89 2454.99 7820.41 8534.18 -1 1
404.88 3292.11 3477.44 4806.84 1 1
3351.95 3169.79 -2968.91 5487.15 -1 2
2363.8 3480.08 -6828.25 8020.89 1 2
event 186
-17769.2 1474.93 30176.6 35187.2
-3493.84 -5574.57 -27884.8 28817.3
-854.265 -3812.94 -12079.9 12696.6 1 2
-6366.59 -230.432 8360.8 10511.9 -1 1
-2639.58 -1761.63 -15804.9 16120.7 -1 2
-11402.6 1705.36 21815.8 24675.2 1 1
event 187
-6646.04 -2370.17 6924.11 10359.6
3192.33 8548.41 -36879.5 38117.7
2429.03 2445.49 -11697.9 12195.6 -1 2
-1190.36 -1868.76 2209.54 3130.88 1 1
763.305 6102.92 -25181.6 25922.1 1 2
-5455.67 -501.414 4714.57 7228.7 -1 1
event 188
4245.33 -6361.64 -1834.18 8452.73
3370.63 -9248.82 26408.9 28353.5
919.832 -4158.91 7583.15 8698.16 -1 2
2035.95 -945.325 206.08 2256.63 1 1
2209.37 -5416.32 -2040.26 6196.1 -1 1
2450.8 -5089.91 18825.7 19655.3 1 2
event 189
3019.54 -5887.1 7822.54 10703.2
1434.31 -6658.63 -36241.5 37005.8
1963.8 -2322.55 -12464.8 12830.9 1 2
2509.66 -1600.28 3448.45 4556.56 1 1
-529.489 -4336.08 -23776.7 24174.9 -1 2
509.877 -4286.82 4374.09 6146.59 -1 1
event 190
-5668.88 6964.95 -2676.97 9869.31
-7947.13 -10578.5 15521.7 20629.5
-3724.04 2983.16 -167.578 4775.66 -1 1
-1944.84 3981.78 -2509.39 5093.64 1 1
-4698.58 -5482.14 10644.4 12862.5 1 2
-3248.55 -5096.4 4877.28 7766.95 -1 2
event 191
4277.78 -4269.37 1306.78 6915.63
-7963.03 -8975.84 3299.3 12823.9
2968.79 -1829.15 2050.21 4046.48 -1 1
1308.99 -2440.22 -743.432 2869.15 1 1
-6218.26 -4822.85 1780.42 8068.93 -1 2
-1744.76 -4153 1518.88 4754.97 1 2
event 192
2438.51 8483.62 1727.7 9512.83
-5943.5 -5202.42 -36235.5 37215.5
-4692.99 -2361.55 -25702.8 26234.4 -1 2
2247.01 2490.53 537.882 3398.87 1 1
191.504 5993.08 1189.82 6113.97 -1 1
-1250.51 -2840.87 -10532.7 10981 1 2
event 193
-9994.18 1637.38 -19428.5 22127.4
13139 5024.15 17614.2 22753.6
10145.5 2781.91 11507.5 15591.8 1 2
-4719.61 41.0661 -6170.59 7769.42 1 1
2993.46 2242.25 6106.71 7161.81 -1 2
-5274.57 1596.31 -13257.9 14358 -1 1
event 194
-6627.62 -3274.18 -19344.9 20939.5
4482.1 10794.5 -44052.8 45682.1
-20.6453 3491.74 -13905.5 14337.6 -1 2
-1469.03 -1572.16 -9004.3 9258.42 1 1
4502.74 7302.75 -30147.2 31344.4 1 2
-5158.59 -1702.01 -10340.6 11681.1 -1 1
event 195
-1558.47 -8884.91 1513.96 9656.81
-5465.5 -7502.68 -4316.93 10695.3
-1569.68 -3087.55 -3167.93 4695.08 1 2
-1098.81 -1861.46 1472.16 2617.41 1 1
-459.659 -7023.46 41.8012 7039.4 -1 1
-3895.82 -4415.13 -1149 6000.18 -1 2
event 196
-9175.58 5545.9 -6226.74 12779.3
-5942.29 -5065.45 5489.14 10034.5
-3591.45 -1272.62 1675.86 4163.86 -1 2
-2418.05 2830.97 -3129.69 4864.93 1 1
-6757.53 2714.92 -3097.05 7914.41 -1 1
-2350.84 -3792.84 3813.28 5870.64 1 2
event 197
-8749.33 -5979.14 -9301.79 14436.5
1098.89 6644.03 -9305.25 11896.6
-4605.01 -4867.57 -5014.57 8369.97 -1 1
-4144.32 -1111.58 -4287.22 6066.5 1 1
1999.07 3465.31 -6076.29 7275.79 -1 2
-900.177 3178.72 -3228.95 4620.81 1 2
event 198
5271.63 7399.97 3606.65 10254.2
4250.78 3579.84 -15091.8 16378
3774.92 1390.36 -10978.2 11692.5 1 2
1331.87 4125.01 791.795 4407.68 -1 1
475.86 2189.49 -4113.64 4685.45 -1 2
3939.77 3274.96 2814.85 5846.51 1 1
event 199
-3724.62 -10720.9 -6687.96 13532.6
2417.13 -5661.33 -12577.7 14341.7
-1524.38 -8451.72 -5168.56 10024 -1 1
-2200.24 -2269.18 -1519.39 3508.56 1 1
-441.052 -2687.07 -4266.97 5062.91 -1 2
2858.19 -2974.26 -8310.75 9278.75 1 2
event 200
-5283.64 -8728.48 -3294.39 11160
-9406.96 1745.73 20191.9 22557.6
-4040.04 2025.9 7253.37 8546.85 1 2
-279.531 -3106.25 -1234.35 3355.84 1 1
-5004.11 -5622.23 -2060.04 7804.2 -1 1
-5366.93 -280.167 12938.6 14010.7 -1 2
event 201
-3725.92 -9668.86 15952.9 19273.2
-813.636 -7795.81 5281.32 9945.8
567.546 -5654.67 2616.5 6257.36 -1 2
26.0763 -3794.27 6508.44 7534.46 -1 1
-3751.99 -5874.59 9444.45 11738.7 1 1
-1381.18 -2141.14 2664.82 3688.44 1 2
event 202
8435.5 -2055.74 -21264.9 23176.9
4992.28 -6111.23 -29919.9 31097.6
4732.61 421.481 -11493 12436.9 1 1
3702.89 -2477.22 -9771.86 10740 -1 1
4133.08 -2653.75 -17398.7 18079 -1 2
859.198 -3457.48 -12521.2 13018.6 1 2
event 203
-7701.95 -1028.32 33366.5 34399
-5212.03 -16771.3 18636.4 25794.3
-1853.93 -2571.58 2499.55 4038.44 1 2
-2364.42 -195.733 5168.23 5687.76 -1 1
-3358.1 -14199.7 16136.8 21755.8 -1 2
-5337.53 -832.584 28198.3 28711.3 1 1
event 204
537.224 -12655.4 -48519.5 50241.2
-203.593 -4675.92 191.587 5615.46
-1601.46 -2823.48 -224.088 3255.47 1 2
-1299.18 -5271.77 -20273.1 20987.8 -1 1
1397.87 -1852.44 415.675 2359.99 -1 2
1836.41 -7383.59 -28246.5 29253.4 1 1
event 205
-5282.46 9532.75 -49651.5 50927.7
-7797.66 3028.81 -10868.3 14060.2
-5524.54 580.162 -7250.78 9134.67 -1 2
-3753.02 3638.49 -21803.2 22421.3 1 1
-1529.44 5894.26 -27848.3 28506.5 -1 1
-2273.12 2448.64 -3617.53 4925.5 1 2
event 206
-2259.69 11935.6 25912.1 28785.3
-7357.44 9722.09 -17201.3 21310.3
-3676.18 7025.98 -9695.71 12525.8 1 2
-2032.6 4638.69 8356.59 9772.04 -1 1
-3681.27 2696.11 -7505.63 8784.44 -1 2
-227.084 7296.88 17555.5 19013.2 1 1
event 207
-7652.66 5061.54 115.39 9684.37
-10253.2 15067.3 205.455 18487.5
-3617.57 4746.3 -1347.8 6118.98 -1 2
-3401.92 603.757 585.563 3505.94 -1 1
-6635.67 10321 1553.26 12368.5 1 2
-4250.74 4457.79 -470.173 6178.42 1 1
event 208
-273.324 -5957.21 -3122.14 7409.56
-3889.35 9960.97 28736.9 30818
-803.631 -3308.96 -175.917 3411.33 -1 1
530.307 -2648.25 -2946.22 3998.23 1 1
-939.551 6511.95 17729.3 18911 1 2
-2949.8 3449.02 11007.6 11907 -1 2
event 209
-9080.86 -5809.38 7915.16 13727.8
-12160 -898.872 7837.05 14821.7
-5006.17 -1277.64 4754.44 7022.1 -1 2
-2917.27 -305.745 2414.17 3800.44 -1 1
-6163.59 -5503.64 5500.99 9927.33 1 1
-7153.83 378.771 3082.61 7799.64 1 2
event 210
-5156.74 -5283.87 2379.46 8352.46
9224.75 -9465.82 -9167.71 16381
-2746.16 -4759.74 2028.2 5858.44 -1 1
-2410.58 -524.122 351.253 2494.02 1 1
4875.73 -5556.8 -3300.4 8096.58 -1 2
4349.02 -3909.02 -5867.31 8284.38 1 2
event 211
4153.47 -1120.95 -3537.47 6372.84
-7501.23 -11818 -10541.1 17794.4
2937.56 743.23 -1645.14 3449.54 1 1
1215.91 -1864.18 -1892.33 2923.3 -1 1
-2543.61 -6847.85 -5050.4 8881.48 1 2
-4957.62 -4970.14 -5490.73 8912.89 -1 2
event 212
-115.748 -6858.48 32769.6 33622.8
8975.08 1160.45 -1931.22 9758.06
-1588.49 -4082.64 19093.8 19590.2 1 1
1472.74 -2775.84 13675.9 14032.6 -1 1
4859.8 -485.719 88.8737 4885.97 -1 2
4115.27 1646.17 -2020.1 4872.09 1 2
event 213
8189.89 -16406.7 11285.5 21753.3
4463.95 4302.28 13193.4 14902.8
1454.42 3430.47 8190.72 8999.03 1 2
2065.37 -4416.63 4667.99 6750.83 1 1
3009.53 871.811 5002.64 5903.81 -1 2
6124.52 -11990 6617.49 15002.4 -1 1
event 214
-660.465 -6104.78 2189.78 7217.2
9152.44 -941.525 -31048 32530.3
3242.25 -1374.5 -8174.18 8901.12 1 2
-1149.31 -2053.84 -390.884 2388.12 -1 1
5910.19 432.97 -22873.8 23629.2 -1 2
488.841 -4050.94 2580.66 4829.08 1 1
event 215
-6216.25 -5677.76 -12571.2 15443.6
-4054.02 -15757 -56531.5 58907.7
-87.4496 -4665.87 -13086 13893.6 -1 2
-2315.48 -557.354 -4741.32 5306.91 -1 1
-3966.57 -11091.1 -43445.5 45014.1 1 2
-3900.77 -5120.4 -7829.9 10136.7 1 1
event 216
-3847.44 -3506.89 -6569.1 8935.56
-7924.86 -5965.3 -9819.43 14296.9
-2906.02 -1262.4 -1973.72 3734.34 -1 1
-941.419 -2244.49 -4595.38 5201.22 1 1
-4283.41 -3818.64 -3595.97 6772.87 -1 2
-3641.45 -2146.66 -6223.45 7524.02 1 2
event 217
-13060.3 11490.3 -4474.2 18226.6
4387.36 4147.26 18573.1 19773.7
-7720.5 6877.18 -4210.67 11164.3 1 1
-5339.81 4613.13 -263.529 7062.24 -1 1
2228.22 2743.57 14714.5 15133.4 -1 2
2159.14 1403.69 3858.65 4640.32 1 2
event 218
-6569.08 5582.39 -20843.5 22767.5
-7856.01 -4913.25 -11812.3 15328.9
-3430.51 -597.142 -3223.29 4746.13 -1 2
-2306.21 404.002 -7049 7428.42 -1 1
-4262.87 5178.38 -13794.5 15339.1 1 1
-4425.5 -4316.11 -8588.99 10582.8 1 2
event 219
9391.86 3063.37 42204.8 43456
-7351.29 -309.211 9792.79 12634.3
5488.58 1494.34 17681.1 18573.9 1 1
3903.29 1569.03 24523.7 24882.1 -1 1
-2200.31 -1499.01 2770.05 3843.53 -1 2
-5150.98 1189.8 7022.73 8790.8 1 2
event 220
10518.5 2482.77 45440.4 46810.5
-2377.9 4151.97 -3824.54 6863.77
-265.431 3026.5 -3143.45 4372.94 1 2
4662.72 1870.64 26628.3 27098.3 -1 1
-2112.47 1125.47 -681.094 2490.83 -1 2
5855.74 612.129 18812.1 19712.2 1 1
event 221
-11419.6 -1775.91 -3469.1 12457.4
-8503.67 -3105.53 5617.73 11095.3
-6636.09 -645.138 -3520.83 7540.64 -1 1
-4783.51 -1130.77 51.7309 4916.75 1 1
-3723.25 -1763.99 4302.47 5957.91 -1 2
-4780.42 -1341.55 1315.26 5137.43 1 2
event 222
3136.91 8782.63 22130 24213.7
-10904.9 -10242.6 53803.4 55930.6
2495.12 5163.3 16684.7 17643 -1 1
641.793 3619.33 5445.35 6570.73 1 1
-5767.12 -5509.3 22970.7 24316.2 -1 2
-5137.76 -4733.27 30832.7 31614.4 1 2
event 223
-11938.4 -8262.23 18993.5 24106.7
5021.08 -1860.43 -2259.05 6585.32
-8612.78 -4235.6 12935.2 16107.5 -1 1
-3325.63 -4026.63 6058.27 7999.21 1 1
2938.07 -1920.17 -2728.12 4446.69 -1 2
2083.02 59.7334 469.061 2138.63 1 2
event 224
597.667 8151.59 24042.5 25582
4373.61 6647.83 -25854.8 27228.4
1649 4862.56 -13290.2 14248 -1 2
1415.59 2963.48 6718.29 7478.82 -1 1
-817.925 5188.12 17324.2 18103.2 1 1
2724.61 1785.27 -12564.6 12980.5 1 2
event 225
-2522.37 10674.9 -15033 18865.3
6557.51 -492.689 5422.77 9068.73
2671.04 -1540.66 1438.96 3404.39 1 2
-1330.33 1613.3 -1684.26 2687.08 1 1
-1192.04 9061.61 -13348.8 16178.2 -1 1
3886.47 1047.98 3983.81 5664.34 -1 2
