event 0
-5236.25 1211.43 25897.7 26630.2
4011.3 9407.16 80.9342 10685.6
-2558.71 1885.34 9978.17 10472.7 -1 1
-2677.54 -673.908 15919.5 16157.5 1 1
2692.58 4990.19 1491.05 5863.99 -1 2
1318.72 4416.98 -1410.11 4821.65 1 2
event 1
-5561.95 9910.91 22884.5 25738.1
-1360.8 -21203.8 -20562.4 29729.7
-1629.49 -6373.53 -7360.71 9872.61 -1 2
-1816.31 1493.5 6872.87 7264.78 -1 1
268.692 -14830.3 -13201.7 19857.1 1 2
-3745.63 8417.42 16011.6 18473.4 1 1
event 2
-3457.37 -3641.8 2027.33 6238.35
-10241.8 -854.562 -22713.7 25122.2
-3033.5 -1217.16 421.035 3297.28 1 1
-423.863 -2424.64 1606.3 2941.07 -1 1
-6229.31 -428.31 -17126.2 18229.3 -1 2
-4012.47 -426.252 -5587.44 6892.92 1 2
event 3
1704.66 -6136.75 3465.3 7884.47
-565.888 -9923.26 -57961 58888.6
-1701.27 -3596.28 -22735.5 23081.2 -1 2
838.461 -1851.73 2799.28 3461.07 1 1
1135.38 -6326.98 -35225.5 35807.4 1 2
866.197 -4285.02 666.021 4423.4 -1 1
event 4
80.4398 7227.35 -9261.31 12149.2
-8581.83 1168.42 1965.21 9405.62
-3745.87 963.54 -617.723 3918.26 -1 2
986.547 2754.66 -5514.83 6243.87 1 1
-4835.95 204.884 2582.94 5487.36 1 2
-906.108 4472.69 -3746.48 5905.36 -1 1
event 5
5392.14 -2925.4 15493.3 16949
5597.66 -10257.3 -15677.7 19797.1
3408.36 -388.734 10092.1 10659.8 1 1
1983.78 -2536.67 5401.21 6289.22 -1 1
3436.56 -6614.53 -7431.64 10526.3 1 2
2161.1 -3642.77 -8246.05 9270.85 -1 2
event 6
4292.23 924.361 2069.97 5757.87
-9468.75 -5522.36 4242.63 12155
3232.55 -811.965 1348.47 3596.97 1 1
1059.68 1736.33 721.507 2160.9 -1 1
-5033.56 -3910.84 1061.21 6462.87 -1 2
-4435.19 -1611.52 3181.42 5692.15 1 2
event 7
10195.2 -5837.78 -5915.39 13513.1
-220.126 -5611.35 12561.4 14103.8
6946.67 -3081.57 -5156.94 9184.63 1 1
3248.49 -2756.21 -758.449 4328.49 -1 1
703.207 -3099.22 3868.93 5007.94 -1 2
-923.333 -2512.13 8692.51 9095.83 1 2
event 8
-841.269 -4483.85 -8568.75 10189.6
-12966.3 -10258.4 -21197.5 27060.8
-1939.85 -2384.13 -5606.2 6394.35 1 1
1098.58 -2099.72 -2962.55 3795.2 -1 1
-8389.07 -6100.65 -10887.4 15038 1 2
-4577.24 -4157.78 -10310.1 12022.8 -1 2
event 9
-5488.78 1051.57 -17335.1 18475.1
10155.1 8629.69 -39606 41902.6
-3029.42 -332.324 -12582.9 12947.2 -1 1
-2459.36 1383.9 -4752.2 5527.94 1 1
5410.11 4689.85 -16488.1 17975.9 1 2
4744.98 3939.84 -23117.9 23926.7 -1 2
event 10
-8098.94 -848.59 3822.65 9514
1938.09 -7560.94 15570.1 17690.2
521.246 -3567.91 4094.15 5456.64 -1 2
-2852.9 -1805.5 1542.81 3713.53 1 1
-5246.04 956.912 2279.84 5800.47 -1 1
1416.85 -3993.03 11475.9 12233.5 1 2
event 11
14333.6 -2843.56 4130.22 15498
7396.19 3194.78 -1396.56 8743.72
4809.21 3586.69 -755.014 6047.65 -1 2
4976.14 -2206.71 606.367 5478.17 -1 1
9357.47 -636.853 3523.85 10019.8 1 1
2586.98 -391.907 -641.548 2696.07 1 2
event 12
-437.173 -7247.38 -10202.6 12899.6
894.234 -17341.9 -59711.6 62262.4
1450.27 -14264.8 -51988.8 53929.9 1 2
1338.57 -2927.02 -4067.21 5187.73 1 1
-556.038 -3077.12 -7722.78 8332.48 -1 2
-1775.74 -4320.36 -6135.41 7711.89 -1 1
event 13
13661.1 -15490.9 -22526.8 30718.8
4909.65 4323.74 -4380 8460.16
4411.12 1993.04 -3148.22 5775.18 1 2
5306.08 -4265.11 -8682.63 11033.8 -1 1
498.525 2330.7 -1231.77 2684.98 -1 2
8355.06 -11225.8 -13844.2 19685 1 1
event 14
5646.73 3255 -2088.65 7512.26
8110.09 5806.2 -13810.1 17314.6
4265.56 1417.58 -4772.9 6557.16 -1 2
2055.69 -163.526 151.892 2070.47 -1 1
3844.52 4388.61 -9037.22 10757.4 1 2
3591.04 3418.52 -2240.54 5441.79 1 1
event 15
-1092.89 10143.6 -32343.4 34055.4
-2987.68 -9735.78 -2411.27 10914.1
-2636.29 -4473.21 -209.141 5197.55 1 2
-1147.5 2477.92 -12202.3 12504.5 -1 1
54.6089 7665.68 -20141.1 21550.9 1 1
-351.391 -5262.57 -2202.13 5716.52 -1 2
event 16
-4565.14 8633.33 -41353.1 42603.3
4992.17 -6741.21 38038.7 39075.5
3554.08 -2437.9 15742.9 16322.6 1 2
-159.224 3349.98 -14438.6 14823.3 -1 1
-4405.92 5283.35 -26914.5 27780 1 1
1438.09 -4303.31 22295.7 22753 -1 2
event 17
9454.08 10993.5 -5194.74 15710.3
3363.14 -6527.43 7163.66 10715.8
7187.55 6870.83 -4635.72 10971.3 1 1
2266.53 4122.69 -559.02 4738.93 -1 1
1550.89 -1629.73 4052.1 4635.94 -1 2
1812.24 -4897.69 3111.56 6079.85 1 2
event 18
4461.52 11576.7 5212.4 13808.9
-153.203 10983.8 2283.17 11639.2
-988.835 7531.11 2697.47 8061.2 -1 2
413.303 4965.38 2643.56 5641.4 -1 1
4048.22 6611.35 2568.84 8167.51 1 1
835.633 3452.71 -414.306 3578.03 1 2
event 19
4424.68 7396.24 -13357.6 16318.2
-8182.33 -1983.84 -19927.9 21854.1
3180.99 3945.14 -4690.55 6906.17 1 1
1243.69 3451.1 -8667.08 9412.03 -1 1
-6912.41 -381.711 -15406.6 16890.9 -1 2
-1269.92 -1602.13 -4521.31 4963.16 1 2
event 20
6319.36 -12815.6 29011.3 32487.2
8697.15 -2446.7 8973.04 13104.7
3537.54 -7531.2 13414 15785.5 -1 1
2781.82 -5284.36 15597.3 16701.8 1 1
2714.08 -1766.06 4747.43 5747.56 -1 2
5983.07 -680.637 4225.61 7357.13 1 2
event 21
-2375.83 5648.95 -49.0883 6866.38
5496.12 -6172.15 1078.3 8891.37
-418.661 3364.52 1212.99 3602.47 -1 1
-1957.17 2284.43 -1262.08 3263.92 1 1
3893.37 -2220.54 1137.5 4625.38 1 2
1602.75 -3951.61 -59.1984 4265.99 -1 2
event 22
-6508.67 3792.07 8243.26 11588.1
-956.383 6396.99 8651.2 11237
896.96 4175.7 4967.42 6551.9 -1 2
-1635.73 2670.26 2900.57 4269.71 1 1
-4872.94 1121.81 5342.69 7318.43 -1 1
-1853.34 2221.29 3683.78 4685.12 1 2
event 23
-1362.77 11251 20059.1 23246.5
729.672 7386.29 15353.6 17332.3
1857.9 5332.43 11676.9 12971 -1 2
325.068 4459.08 10374.7 11297.5 1 1
-1687.84 6791.97 9684.4 11949 -1 1
-1128.22 2053.86 3676.74 4361.29 1 2
event 24
-6651.91 13376.1 -53457.8 55592.3
-3218.86 5373.11 2988.94 7599.73
-5583.73 7904.08 -34360.3 35697.2 -1 1
-1068.18 5472.02 -19097.6 19895 1 1
-397.6 3638.74 1790.72 4076.32 -1 2
-2821.26 1734.37 1198.22 3523.42 1 2
event 25
-9458.88 5812.72 11160.7 16044
-460.159 9514.69 -13077.1 16472.4
976.821 4583.96 -4650.36 6603.32 -1 2
-2808.08 1777.42 5483.59 6412.91 1 1
-6650.8 4035.3 5677.11 9631.07 -1 1
-1436.98 4930.73 -8426.72 9869.03 1 2
event 26
-8108.56 -4615.04 -35342.6 36684.3
-1999.94 6199.11 -10763.1 12956.3
-5958.59 -2194.53 -26952.9 27691 1 1
-2149.97 -2420.51 -8389.7 8993.3 -1 1
-470.954 2129.78 -6538.67 6893.7 -1 2
-1528.99 4069.33 -4224.47 6062.56 1 2
event 27
3977.15 5292.32 22124.3 23300.3
9124.3 -1755.99 -20456.1 22680
3450.19 -2034.9 -6862.67 7946.83 1 2
141.666 2237.89 9380.37 9645.24 -1 1
5674.11 278.91 -13593.4 14733.2 -1 2
3835.48 3054.42 12743.9 13655 1 1
event 28
-314.356 -9830.04 16422.2 19390.9
2395.8 7388.31 20673.2 22300.2
2287.79 2726.13 10983.5 11546.2 1 2
-726.005 -1909.67 5683.92 6040.87 1 1
411.65 -7920.37 10738.3 13350 -1 1
108.011 4662.18 9689.64 10754 -1 2
event 29
8537.28 -12024.6 15530.1 21639.1
10806.5 -4269.12 12057.3 17028.7
5884.64 -1875.57 8472.51 10485.3 1 2
4768.63 -4292.75 7510.89 9878.87 -1 1
4921.91 -2393.56 3584.82 6543.42 -1 2
3768.65 -7731.82 8019.19 11760.2 1 1
event 30
-2898.2 6478.51 7708.15 10926
1873.67 -5712.49 2708.47 7284.9
89.2462 -4113.7 2631.74 4885.46 -1 2
-1887.12 2458.37 5272.83 6117.08 1 1
-1011.09 4020.14 2435.32 4808.93 -1 1
1784.42 -1598.79 76.7302 2399.44 1 2
event 31
5125.63 1841.86 18067.3 19122.8
-29542 -9385.49 110717 115016
2852.42 1853.83 14479.9 14874.5 1 1
2273.21 -11.9625 3587.39 4248.31 -1 1
-22503.3 -5827.93 84338.5 87483.5 -1 2
-7038.69 -3557.56 26378.1 27532.1 1 2
event 32
1560.68 -4704.02 318.929 5852.85
-8285.28 6038.48 -883.75 10746.2
-567.838 -3160.29 178.251 3217.58 1 1
2128.52 -1543.73 140.677 2635.27 -1 1
-3796.95 4624.92 -183.631 5987.62 1 2
-4488.32 1413.56 -700.12 4758.63 -1 2
event 33
8409.59 -1280.4 839.466 9091.55
7109.18 2470.44 -729.5 8171.09
2787.27 2436.55 334.669 3718.71 -1 2
2247.31 -1780.72 258.086 2880.83 1 1
6162.27 500.326 581.38 6210.73 -1 1
4321.91 33.8891 -1064.17 4452.38 1 2
event 34
-4059.95 3664.98 20095 21055
-10250.1 -2761.05 6700.92 12929.9
-1988.39 2799.32 7348.22 8111.56 1 1
-2071.57 865.661 12746.8 12943.4 -1 1
-5913.04 -912.567 2100.68 6341.99 -1 2
-4337.03 -1848.48 4600.24 6587.87 1 2
event 35
3525.77 -5898.26 -5012.34 9051.76
-3520.81 -10430 37262 38977.2
-291.38 -4563.06 18452 19010.3 -1 2
1323.99 -1832.65 -3533.69 4196.39 -1 1
-3229.43 -5866.97 18810 19966.9 1 2
2201.78 -4065.61 -1478.65 4855.36 1 1
event 36
-2868.82 -8820.19 5473.49 11206.1
-9514.2 -2979.87 -2838.28 10818.8
-4540.35 -1489.71 -2963.68 5623.93 1 2
-530.632 -3438.81 3689.51 5072.54 -1 1
-2338.19 -5381.39 1783.98 6133.53 1 1
-4973.85 -1490.16 125.409 5194.87 -1 2
event 37
4623.33 4976.67 -27266.7 28270.2
4187.07 -9489.94 -37900.6 39416.2
1485.62 3827.42 -15923.8 16444.9 1 1
3137.71 1149.25 -11342.8 11825.3 -1 1
1052.18 -5649.1 -23220.6 23921.2 1 2
3134.89 -3840.84 -14680 15495 -1 2
event 38
8406.75 -2656.29 9243.86 13144.2
12400.2 -1685.12 3057.27 13249.2
4792.3 -3066.64 5996.18 8266.54 -1 1
3614.45 410.347 3247.68 4877.63 1 1
6094 -1737.04 2821.99 6937.5 1 2
6306.2 51.9149 235.277 6311.69 -1 2
event 39
-9623.63 -6219.74 -44963.5 46503.8
4863.93 6186.76 31640.8 32751.6
2013.91 2441.33 19010.7 19272.7 -1 2
-2036.31 -406.165 -12139.5 12316.3 -1 1
-7587.32 -5813.57 -32824 34187.5 1 1
2850.03 3745.43 12630.1 13478.9 1 2
event 40
-6268.61 7739.87 -22599.2 24890
-10473.5 1646.97 34908.4 36614.1
-4878.91 3637.06 -12634.6 14024.1 -1 1
-1389.7 4102.81 -9964.56 10865.9 1 1
-7858.88 1772.01 21676.9 23125.8 -1 2
-2614.65 -125.04 13231.5 13488.3 1 2
event 41
1059 -8492.99 34179.8 35370.9
-4264.85 5882.06 -40792.3 41549.9
-3798.16 2834.41 -27379.9 27787.2 -1 2
264.277 -3713.43 9198.28 9923.65 1 1
794.721 -4779.56 24981.5 25447.3 -1 1
-466.686 3047.65 -13412.4 13762.6 1 2
event 42
-6242.29 6199.38 -9554.22 13351.9
-14740.9 -7812.41 -3366 17298.7
-5474.25 -1312.82 -740.608 5678.96 1 2
-2867.96 889.766 -3600.75 4689.72 -1 1
-9266.64 -6499.6 -2625.4 11619.8 -1 2
-3374.33 5309.61 -5953.46 8662.16 1 1
event 43
2820.7 4591.06 5315.02 8177.59
-10880.3 1429.71 13436.1 17622.3
456.671 3505.27 2426.64 4288.96 -1 1
2364.03 1085.8 2888.38 3888.63 1 1
-6979.14 213.645 10414.6 12539.1 -1 2
-3901.2 1216.07 3021.47 5083.17 1 2
event 44
4228.57 -10893.1 5023.77 13090.8
-1452.69 -5251.93 4904.28 7958.4
3293.65 -5599.55 1517.81 6672.18 -1 1
934.924 -5293.55 3505.96 6418.62 1 1
582.485 -3307.48 3334.47 4733.77 -1 2
-2035.17 -1944.45 1569.81 3224.64 1 2
event 45
-4747.24 2755 -14897.3 16175.5
6133.45 -7448.59 -2988.42 10565.1
-3689.65 395.48 -8575.96 9344.95 1 1
-1057.58 2359.52 -6321.37 6830.57 -1 1
3335.88 -3580.41 -3091.07 5789.07 1 2
2797.56 -3868.18 102.649 4776.07 -1 2
event 46
-7580.21 -3386.86 -4815.28 10085
-10960.2 -3308.74 8705.17 14712
-4168.93 -2597.21 2634.58 5574.73 1 2
-1398.74 -1470.1 -24.3473 2032.1 -1 1
-6791.24 -711.526 6070.58 9137.3 -1 2
-6181.47 -1916.76 -4790.94 8052.87 1 1
event 47
-10450.3 2082.77 8465.3 14099.5
-2697.47 -8575.97 6628.9 11591.2
-2928.28 -5729.8 3396.43 7276.83 1 2
-5458.41 -430.151 2838.81 6168.41 -1 1
230.806 -2846.17 3232.47 4314.39 -1 2
-4991.93 2512.92 5626.49 7931.12 1 1
event 48
-570.211 -6551.84 -3204.99 7944.48
5446.77 5845.15 23528.2 25039.9
2982.45 4794.65 18484.5 19328 1 2
1060.14 -2846.84 -2256.44 3785.64 1 1
2464.32 1050.49 5043.63 5711.9 -1 2
-1630.35 -3705 -948.556 4158.84 -1 1
event 49
-5446.47 -3216.18 5992.15 9246.88
7090.32 -9896.2 21816.7 25174.7
-3825.61 -475.523 3324.92 5091.92 -1 1
-1620.86 -2740.66 2667.22 4154.95 1 1
3305.05 -6206.07 9957.51 12190.2 -1 2
3785.27 -3690.13 11859.2 12984.5 1 2
event 50
-6163.9 -4372.43 2098.28 8432.42
-518.493 -6408.97 20736.7 21930.5
-4213.24 -1108.11 1269.93 4539.07 1 1
-1950.65 -3264.32 828.352 3893.35 -1 1
-1745.26 -4812.37 14767 15629.5 -1 2
1226.77 -1596.6 5969.7 6300.99 1 2
event 51
1857.67 -5693.18 -11303.9 13161.7
6856.26 -7196.24 9831.65 14319.4
2887.65 -1717.77 4920.46 5959.14 1 2
-772.384 -2381.43 -4470.45 5124.83 1 1
3968.61 -5478.47 4911.19 8360.29 -1 2
2630.05 -3311.75 -6833.44 8036.91 -1 1
event 52
-8027.86 -1384.78 -1587.63 8858.65
-1166.54 -5476.34 -6549.75 9156.49
209.955 -3030.83 -5239.65 6057.64 1 2
-4127.18 414.34 311.132 4160.92 -1 1
-1376.5 -2445.52 -1310.11 3098.85 -1 2
-3900.68 -1799.12 -1898.77 4697.73 1 1
event 53
-4132.09 4224.14 4075.1 7817.6
-11567 6415.98 380.253 13590.3
-3482 2013.12 1342.83 4241.62 1 1
-650.082 2211.02 2732.26 3575.98 -1 1
-7773.67 3018.67 -748.419 8373.38 -1 2
-3793.33 3397.31 1128.67 5216.91 1 2
event 54
-6312.99 1403.49 -3416.39 7942.68
13460.5 2894.31 -41211.5 43560.8
-4450.49 -374.82 -2864.5 5306.96 -1 1
-1862.5 1778.31 -551.892 2635.72 1 1
8067.74 2279.48 -29192 30372.2 -1 2
5392.75 614.824 -12019.5 13188.6 1 2
event 55
-3727.95 6097.46 9176.35 12036.3
8163.96 -2457.78 -6908.29 11402
3418.67 -33.5967 -4221.85 5433.56 -1 2
-1993.58 2015.5 1600.86 3257.38 1 1
4745.29 -2424.18 -2686.44 5968.47 1 2
-1734.38 4081.96 7575.49 8778.93 -1 1
event 56
6089.54 -2710.66 12990.2 14925.3
-15171.6 3183.77 11034.5 19278.7
-3741.5 897.414 4475.8 5903.23 -1 2
2119.23 -409.787 7308.12 7620.95 -1 1
-11430.1 2286.35 6558.71 13375.5 1 2
3970.31 -2300.88 5682.03 7304.38 1 1
event 57
3375.06 5378.89 -10946.1 13028.2
-7394.97 -23070.7 -17661.2 30140.5
2379.01 2955.8 -3612.72 5240.16 1 1
996.054 2423.1 -7333.36 7788 -1 1
-3090.2 -12714.9 -11010.7 17101.6 -1 2
-4304.78 -10355.8 -6650.49 13038.9 1 2
event 58
6877.95 5762.35 17538 19942
-4833.27 11010.2 -3445.35 12885.9
-648.053 3705.8 -2243.51 4381.49 1 2
1908.48 2628.42 3800.8 5000.81 1 1
-4185.22 7304.38 -1201.83 8504.44 -1 2
4969.46 3133.93 13737.2 14941.1 -1 1
event 59
12697.2 4962.8 20768.4 25035.2
5017.96 2243.95 -19206.5 20216.2
7989.6 4125.99 11430.6 14544 -1 1
4707.59 836.812 9337.73 10491.2 1 1
3051.16 493.407 -14462.8 14789.8 -1 2
1966.8 1750.54 -4743.64 5426.41 1 2
event 60
-8865.17 -1491.88 -2474.34 9824.87
-2293.96 -7467.97 29619.5 30788.6
-5693.5 -1429.58 -3023.03 6603.75 -1 1
-3171.67 -62.2975 548.697 3221.12 1 1
539.574 -3076.06 9482.27 9983.88 -1 2
-2833.53 -4391.91 20137.2 20804.7 1 2
event 61
4607.99 7513.14 -6262.16 11246.6
5427.96 6235.42 1011.31 8885.76
4295.55 3690.05 1876.61 5966.66 1 2
3241.15 2396.07 -2420.89 4702.99 -1 1
1132.41 2545.37 -865.298 2919.1 -1 2
1366.84 5117.07 -3841.27 6543.64 1 1
event 62
-5211.46 -3228.54 26884.8 27748.2
-9488.16 9105.62 -9423.58 16472.2
-4378.77 -1070.86 16221.8 16836.8 -1 1
-832.69 -2157.68 10663 10911.4 1 1
-6878.03 5192.13 -7363.56 11335.7 1 2
-2610.13 3913.49 -2060.02 5136.44 -1 2
event 63
9557.55 -2270.62 -525.959 10313.6
8190.83 3206.49 -4033.86 10355.4
3119.08 3086.01 -1230.55 4558.24 -1 2
3179.93 568.661 -788.01 3326.78 1 1
6377.61 -2839.28 262.051 6986.8 -1 1
5071.75 120.474 -2803.31 5797.15 1 2
event 64
7710.35 1379.73 42531.5 43357.5
5682.2 3135.42 -22711.4 23822.6
5303.41 -439.01 29921.2 30390.9 1 1
2406.93 1818.74 12610.3 12966.6 -1 1
676.909 1920.09 -6328.88 6649.13 -1 2
5005.29 1215.33 -16382.5 17173.4 1 2
event 65
-7627.56 2640.15 -4722.06 9850.86
-1467.19 8283.09 -19316.5 21295.1
-918.043 3115.5 -4203.07 5312.82 1 2
-3214.96 -430.843 -2126.86 3880.24 1 1
-4412.61 3070.99 -2595.2 5970.62 -1 1
-549.144 5167.59 -15113.4 15982.3 -1 2
event 66
-5632.49 4260.03 -36346.9 37155.9
-9059.96 109.598 7299.14 12040.1
-3846.12 1267.94 2008.93 4521.86 1 2
-1274.67 2804.65 -16309.5 16598.3 -1 1
-5213.84 -1158.35 5290.21 7518.2 -1 2
-4357.82 1455.38 -20037.4 20557.6 1 1
event 67
-6084.91 1028.17 27736.5 28583
5562.24 -4635.11 -10331.9 12990.9
3494.23 -992.062 -5537.63 6623.46 1 2
-1434.87 1510.3 11451.2 11639.6 -1 1
-4650.04 -482.138 16285.3 16943.4 1 1
2068.01 -3643.05 -4794.25 6367.45 -1 2
event 68
-7847.25 -1024.43 -12583.5 15184.4
-1879.18 5618.7 -8096.58 10499.9
-3996.36 -1843.07 -8082.5 9203.58 1 1
-3850.89 818.646 -4501.02 5980.79 -1 1
472.021 2297.6 -4465.69 5045.33 -1 2
-2351.2 3321.1 -3630.89 5454.58 1 2
event 69
1192.52 -9776.77 -32005.3 33629.3
3170.71 -6234.91 -14793 16653.8
2754.41 -3911.5 -6772.02 8292.05 -1 2
1737.31 -2684.1 -10661.9 11131.5 -1 1
-544.793 -7092.67 -21343.4 22497.9 1 1
416.296 -2323.41 -8020.97 8361.74 1 2
event 70
8388.14 3340.13 19978.4 22141.4
226.039 -6476.77 -10859.1 13019.6
-249.956 -4084.49 -3936.64 5679.25 -1 2
2840.99 2676.21 7091.75 8095.52 1 1
5547.15 663.915 12886.6 14045.9 -1 1
475.995 -2392.28 -6922.45 7340.37 1 2
event 71
-6958.85 -4272.79 2089.04 8979.84
-9723.76 -3734.93 3814.24 11516.9
-7788.77 -2647.71 4238.46 9254.78 1 2
-2187.38 -3118.04 671.384 3868.95 -1 1
-1934.99 -1087.23 -424.224 2262.16 -1 2
-4771.47 -1154.75 1417.66 5110.9 1 1
event 72
-3400.87 6989.3 25305.6 26652.9
-6190.92 5168.48 -23877.6 25392.3
-3878.36 2781.49 -9459.98 10596.3 1 2
-571.69 3984.28 15482.4 15997.4 1 1
-2312.57 2387 -14417.6 14796.1 -1 2
-2829.18 3005.02 9823.12 10655.5 -1 1
event 73
5391.5 -8917.43 26042.8 28220.7
6729.73 -6217.76 19125.4 21431.8
2615.22 -3118 5339.04 6714 1 2
1651.3 -1141.58 7560.06 7822.77 1 1
3740.19 -7775.85 18482.7 20397.9 -1 1
4114.51 -3099.76 13786.4 14717.8 -1 2
event 74
105.95 30109.4 15468.1 33991.8
-4640.31 -6424.03 6.62892 8508.33
660.539 24204.3 13605.6 27774.2 -1 1
-554.589 5905.14 1862.53 6217.59 1 1
-1995.95 -5106.77 -508.889 5507.55 -1 2
-2644.36 -1317.25 515.518 3000.78 1 2
event 75
-4562.19 9110.23 496.844 10660.6
3106.38 -6682.45 24881.2 26133.7
-3806.82 4173.02 404.841 5664.01 -1 1
-755.372 4937.21 92.0034 4996.62 1 1
2885 -3275.86 10915.7 11756.6 -1 2
221.38 -3406.59 13965.5 14377.1 1 2
event 76
-8238.1 -3949.31 34924.9 36232.7
13067.9 -13649.1 -25679.7 32032.9
4100.9 -3506.11 -9597.55 11010.6 1 2
-2952.94 -279.561 7569.85 8130.92 -1 1
8967.04 -10143 -16082.2 21022.2 -1 2
-5285.16 -3669.75 27355 28101.8 1 1
event 77
7297.76 408.549 -2305.48 8266.22
-6448.37 -1269.74 7300.44 10299.7
-4226.53 183.509 2802.68 5075.76 -1 2
3051.55 66.9337 594.985 3111.53 -1 1
4246.2 341.615 -2900.47 5154.69 1 1
-2221.84 -1453.25 4497.76 5223.94 1 2
event 78
3925.44 -3866.21 4482.98 7748.86
5721.55 8975.35 9211.12 14412.8
1768.49 -3597.08 2117.12 4534.31 -1 1
2156.95 -269.13 2365.86 3214.55 1 1
4329.35 3980.19 4498.02 7404.63 -1 2
1392.2 4995.16 4713.1 7008.16 1 2
event 79
5030.44 -17652.1 61370.9 64131.8
-9.90619 6960.43 15460.8 17235.8
-1406.23 4091.13 7503.25 8661.68 1 2
640.281 -5271.18 14015.6 14988.1 -1 1
1396.33 2869.3 7957.53 8574.15 -1 2
4390.16 -12380.9 47355.3 49143.6 1 1
event 80
-2621.44 -11766.4 3931.93 13052.6
-6437.11 -11231.3 -19746.7 23813.8
-3012.64 -4517.64 -10999.5 12267.3 1 2
-50.2093 -2842.11 2219.96 3608.25 -1 1
-2571.24 -8924.29 1711.97 9444.38 1 1
-3424.46 -6713.64 -8747.12 11546.6 -1 2
event 81
-4449.03 -8956.3 194.545 10470.8
4208.01 -2370.35 5362.72 7853.39
3173.92 -358.46 1906.35 3721.23 1 2
-1190.34 -4551.39 1296.16 4880.91 1 1
1034.1 -2011.89 3456.37 4132.15 -1 2
-3258.69 -4404.91 -1101.61 5589.9 -1 1
event 82
-6517.78 -1689.97 3990.42 8417.36
-6218.8 -1365.77 -14564.1 16193.9
-3361.91 -2445.58 2407.48 4805.25 -1 1
-3155.87 755.607 1582.94 3612.11 1 1
-2293.31 -64.6349 -8826.9 9120.79 -1 2
-3925.5 -1301.14 -5737.18 7073.11 1 2
event 83
3762.42 8683.36 -12016.6 15606
-4555.21 2502.43 21531 22364.8
3173.18 4438.89 -8295.18 9929.45 -1 1
589.239 4244.47 -3721.44 5676.53 1 1
-3542.66 247.855 11712.8 12239.8 -1 2
-1012.55 2254.57 9818.11 10125 1 2
event 84
-3925.71 -2872.52 14471.5 15578.1
259.766 -8249.27 -36934.8 37972.2
-3281.78 -680.457 10136.9 10677.1 1 1
-643.935 -2192.07 4334.6 4900.99 -1 1
-1314.43 -4320.8 -21345.5 21818.3 -1 2
1574.2 -3928.47 -15589.4 16154 1 2
event 85
-15132 13967.8 32965.8 38992.4
-5307.5 -7171.61 15939.3 18527.2
-1634.97 -3962.69 9713.94 10618.3 1 2
-3595.06 2273.82 8759.21 9738.05 1 1
-11536.9 11694 24206.6 29254.4 -1 1
-3672.52 -3208.92 6225.39 7908.93 -1 2
event 86
-10379.5 -8450.43 -18588.1 23113.9
-6130.52 9728.22 30434.3 32681.2
-5921.57 -6429.18 -10534.2 13688.7 1 1
-4457.97 -2021.25 -8053.89 9425.25 -1 1
-679.833 3771.01 9784.8 10508.9 -1 2
-5450.68 5957.21 20649.5 22172.3 1 2
event 87
10621.9 2486.22 10130.9 15206.3
-3469.98 -3654.02 -2740.06 6518.5
6232.07 3002.91 6160.35 9263.76 1 1
4389.87 -516.689 3970.52 5942.57 -1 1
-1425.54 -3497.17 -1242.16 3977 -1 2
-2044.44 -156.848 -1497.9 2541.5 1 2
event 88
5860.11 -815.925 34282.5 34926.9
-7274.63 -6374.21 21999.5 24230.6
3062.3 -1959.88 19928 20257.3 1 1
2797.82 1143.95 14354.5 14669.6 -1 1
-3588.2 -3813.29 15248.8 16123 1 2
-3686.43 -2560.92 6750.75 8107.52 -1 2
event 89
11010.9 -2544.11 3243 12158.2
-7129.11 -5928.56 -12798.3 16104.7
5941.38 -2067.42 351.257 6301.49 -1 1
5069.56 -476.694 2891.75 5856.71 1 1
-1553.77 -3213.65 -4848.4 6021.62 -1 2
-5575.34 -2714.91 -7949.92 10083 1 2
event 90
6010.23 -4870.77 -1363.42 8443.74
323.78 8103.02 6100.41 10609.9
4061.84 -1507.55 -1402.91 4555.28 1 1
1948.39 -3363.21 39.4972 3888.47 -1 1
1467.08 6394.57 5156.93 8345.53 -1 2
-1143.3 1708.45 943.485 2264.35 1 2
event 91
7819.49 -1972.77 -5031.08 9997.13
831.276 11487.4 33983.5 36015.6
541.104 4541.13 18242.3 18807.1 1 2
1644.26 -1142.26 -2656.91 3328.47 -1 1
290.172 6946.31 15741.2 17208.5 -1 2
6175.23 -830.518 -2374.17 6668.66 1 1
event 92
-458.147 -7848.7 18643.4 20469
1390.97 -6492.85 1024.23 7398.09
390.274 -4659.67 14079.4 14836 -1 1
-848.421 -3189.03 4563.96 5632.99 1 1
-172.617 -4984.2 -12.5785 4988.33 -1 2
1563.58 -1508.65 1036.81 2409.76 1 2
event 93
-21535.2 2889.49 -38877.6 44645
-7599.12 4864.14 -13969.5 16915.8
-5829.41 3887.24 -8117.88 10724 -1 2
-4642.66 -515.796 -7194.95 8578.98 1 1
-16892.5 3405.29 -31682.7 36066 -1 1
-1769.71 976.902 -5851.58 6191.79 1 2
event 94
7980.42 1631.51 14726.9 17112
-8338.91 8546.33 7585.72 14481.4
4974.03 2166.95 7425.64 9197.17 1 1
3006.39 -535.441 7301.28 7914.85 -1 1
-3511.47 5775.92 3894.55 7801.95 -1 2
-4827.44 2770.41 3691.17 6679.46 1 2
event 95
9356.76 -1809.38 -5035.05 11214.5
-4659.31 -3880.13 -3835.53 7814.51
4850.72 -2233.67 -1748.81 5620.35 -1 1
4506.04 424.292 -3286.24 5594.19 1 1
-3853.66 -1453.47 -3086.98 5148.19 -1 2
-805.65 -2426.66 -748.546 2666.32 1 2
event 96
4768.92 -8746.84 18315.3 21078.2
3704.76 -7137.96 33985 35060.6
3648.7 -5061.14 28910.2 29576 1 2
1496.12 -3622.39 4407.13 5898.65 -1 1
56.0585 -2076.82 5074.79 5484.61 -1 2
3272.8 -5124.46 13908.1 15179.5 1 1
event 97
-4309.15 -6490.9 21434.3 23015.7
-6514.49 -2563.97 -5257.87 9287.05
-1593.5 -4714.69 15074.5 15875.1 -1 1
-2715.65 -1776.22 6359.79 7140.57 1 1
-2112.68 -1710.69 -532.482 2772.11 -1 2
-4401.81 -853.284 -4725.38 6514.94 1 2
event 98
5068.88 -1492.41 17668.9 18700.3
8363.68 -13178 -19338.4 25043.5
3621.88 416.469 9141.34 9842.09 -1 1
1447 -1908.88 8527.57 8858.23 1 1
6217.32 -7439.6 -13111.9 16307.6 -1 2
2146.37 -5738.38 -6226.5 8735.92 1 2
event 99
4801.89 -5181.34 -9823.04 12489.5
-8564.89 -10396.3 27776.6 31025.3
-2041.39 -3605.59 5923.6 7229.65 1 2
2151.53 -1556.72 -6106.25 6659.58 -1 1
-6523.5 -6790.67 21853 23795.7 -1 2
2650.36 -3624.63 -3716.79 5829.92 1 1
event 100
-3559.9 -8714.31 1500.46 10022.8
9609.71 -2837.55 97.946 10488
6492.39 -2962.79 1073.43 7217.53 1 2
-1217.68 -3793.84 2158.27 4532.69 1 1
3117.32 125.247 -975.485 3270.49 -1 2
-2342.22 -4920.47 -657.807 5490.07 -1 1
event 101
14310 -140.129 -5576.86 15668.1
1303.35 10527.4 31307.9 33200.9
806.022 4156.34 17184.5 17698.7 -1 2
3282.25 181.61 36.6492 3289.18 -1 1
11027.7 -321.739 -5613.51 12378.9 1 1
497.323 6371.05 14123.4 15502.2 1 2
event 102
-7215.85 -2427.8 2991.48 8746.58
11977.7 6626.73 -1569.95 14122.1
-4894.77 -938.987 467.787 5007.04 -1 1
-2321.08 -1488.81 2523.69 3739.54 1 1
7593.86 2996.57 -2023.33 8411.37 1 2
4383.86 3630.16 453.38 5710.78 -1 2
event 103
-2458.21 -6696.29 5590.14 9577.25
3535.93 6506.27 6343.02 10230.3
262.722 3396.66 3544.71 4917.57 -1 2
-2368.97 -2202.55 1841.77 3723.77 -1 1
3273.21 3109.61 2798.31 5312.74 1 2
-89.2422 -4493.74 3748.38 5853.48 1 1
event 104
4186 4249.18 -4767.07 8239.78
6965.04 7698.14 -9012.06 14233.4
2735.38 2714.03 -1103.45 4009.62 -1 1
1450.62 1535.15 -3663.62 4230.16 1 1
3536.04 4583.96 -2662.38 6373.04 1 2
3429 3114.19 -6349.68 7860.39 -1 2
