event 0
11435.6 6177.7 23197.4 26770.3
-3302.5 -5152.84 -6272.14 9294.54
-1641.29 -3044.83 -1404.04 3734.61 1 2
4258.42 3441.43 12008 13197.7 1 1
-1661.21 -2108.01 -4868.1 5559.93 -1 2
7177.21 2736.27 11189.4 13572.5 -1 1
event 1
-2453.01 -3852.77 -628.291 5554.04
-11426.8 3575.93 -22798.1 25936.6
-2771.35 -1877.2 266.448 3359.52 1 1
318.335 -1975.56 -894.738 2194.52 -1 1
-8150.11 1029.69 -15016.2 17116.7 -1 2
-3276.66 2546.24 -7781.92 8819.82 1 2
event 2
9788.49 1082.83 22591.2 24838.2
-10192.4 8183.35 11570.3 17728.9
5908.98 837.589 9855.69 11522.3 1 1
3879.51 245.24 12735.5 13315.9 -1 1
-7686.66 7584.07 8673.85 13851 -1 2
-2505.74 599.28 2896.43 3877.93 1 2
event 3
390.054 -7392.84 2056.62 8284.13
5846.92 6278.67 21494.2 23349.5
1739.93 -3755.46 1179.68 4305.07 1 1
-1349.88 -3637.39 876.943 3979.06 -1 1
3540.52 5696.19 16693.4 17990.6 -1 2
2306.4 582.482 4800.81 5358.89 1 2
event 4
-5583.79 -870.204 -713.979 6483.55
-8502.75 -5906.61 3149.64 11255.9
-2811.7 -1968.64 -674.565 3499.63 -1 1
-2772.09 1098.44 -39.4146 2983.92 1 1
-3693.19 -4230.47 905.955 5689.32 -1 2
-4809.57 -1676.14 2243.68 5566.56 1 2
event 5
-2121.01 6132.92 -14636.6 16307.4
6493.5 1568.56 12736.8 14712
4611.77 306.684 5819.73 7432.56 1 2
473.048 3058.27 -7507.62 8121.1 -1 1
1881.72 1261.87 6917.11 7279.48 -1 2
-2594.06 3074.65 -7128.96 8186.32 1 1
