event 0
573.756 -6978.54 -26868.7 27938.2
-8309.57 4426.77 328.69 9916.86
1627.55 -3674.51 -11489.1 12172.1 -1 1
-1053.8 -3304.03 -15379.6 15766.1 1 1
-4098.19 3026.03 -1175.94 5229.34 -1 2
-4211.38 1400.74 1504.63 4687.53 1 2
event 1
-10331.3 -11492.6 20327.7 25722
-4325.75 -2621.53 16562 17591.9
-2233.38 -2045.98 13508.7 13844.5 1 2
-5799.4 -4154.6 9335.22 11749.5 -1 1
-2092.37 -575.551 3053.29 3747.4 -1 2
-4531.89 -7338.03 10992.5 13972.5 1 1
event 2
-11911.1 -10757.9 77315.1 79024.2
5219.64 8453.85 29942.1 31699
687.201 3960.81 11905.3 12566.1 1 2
-1449.22 -2948.49 16219.4 16549.2 1 1
-10461.9 -7809.37 61095.7 62475.1 -1 1
4532.44 4493.03 18036.8 19132.9 -1 2
event 3
-2573.95 8289.15 34152.6 35374.1
5501.17 4152.22 14376.6 16241.3
-2836.15 4206.32 17079.8 17817.6 1 1
262.201 4082.83 17072.8 17556.5 -1 1
2920.03 495.874 4384.97 5292.59 -1 2
2581.14 3656.35 9991.59 10948.7 1 2
event 4
10664.4 4833.24 -12630.4 17498.8
-449.246 -6449.82 -13231.5 15048.8
-1502.65 -3480.36 -9046.67 9809.4 1 2
5628.52 945.781 -5264.66 7765.47 1 1
1053.41 -2969.46 -4184.84 5239.41 -1 2
5035.91 3887.46 -7365.77 9733.37 -1 1
event 5
-4477.97 671.621 1109.49 5596.88
8716.66 -2580.6 -41471.2 42568.7
-2511.09 1729.5 1372.97 3345.59 1 1
-1966.88 -1057.88 -263.477 2251.29 -1 1
5507.19 -38.8541 -23795.7 24424.9 -1 2
3209.47 -2541.75 -17675.5 18143.8 1 2
event 6
7508.09 8419.6 26150.9 28648.3
5309.06 7930.87 -10280.8 14365.6
5882.8 4763.75 15026.7 16826 1 1
1625.3 3655.85 11124.3 11822.3 -1 1
1941.73 3456.82 -2205.48 4538.19 -1 2
3367.33 4474.05 -8075.34 9827.43 1 2
event 7
1824.24 -9115.69 23703.7 25649.2
-6008.63 -7752.25 -1376.77 10377.2
1782.99 -5430.84 10682.1 12115.7 -1 1
41.2504 -3684.85 13021.6 13533.4 1 1
-5139.71 -5740.16 144.88 7707.02 -1 2
-868.924 -2012.09 -1521.65 2670.23 1 2
event 8
-4644.28 7654.73 -24891.7 26633.7
5545.47 3810.84 3124.03 8038.84
-4308.97 4259.92 -16090.8 17194.2 1 1
-335.312 3394.81 -8800.88 9439.48 -1 1
2562.06 536.187 2392.31 3547.67 -1 2
2983.41 3274.65 731.717 4491.17 1 2
event 9
-6385.68 -6093.62 13903.9 16757.6
-5472.59 1617.54 -6118 8921.09
-3718.75 -3573.1 10727.2 11902.9 -1 1
-2666.93 -2520.52 3176.76 4854.74 1 1
-2284.87 -853.325 -1998.82 3155.19 -1 2
-3187.72 2470.86 -4119.18 5765.9 1 2
event 10
-4925.77 -5166.41 -2112.43 8062.75
-6767.27 2940.54 -1346.06 8114.51
-3722.17 39.309 -94.5969 3725.08 1 2
-1494.47 -2123.57 687.686 2688.32 1 1
-3431.3 -3042.83 -2800.11 5374.43 -1 1
-3045.1 2901.23 -1251.47 4389.43 -1 2
event 11
3983.8 5068.44 9057.68 11540.9
1459.44 7928.69 1884.44 8839.46
-272.728 3637.95 2091.4 4206.45 1 2
2418.86 715.48 3141.73 4030.44 -1 1
1732.16 4290.73 -206.958 4633.01 -1 2
1564.94 4352.96 5915.94 7510.45 1 1
event 12
6253.15 -6961.15 -45288.9 46349.1
177.955 6960.22 -5859.17 9612.34
4002.55 -3154.46 -30122.7 30550.9 1 1
2250.6 -3806.69 -15166.2 15798.2 -1 1
911.613 3599.37 -4678.62 5973.87 -1 2
-733.658 3360.86 -1180.56 3638.47 1 2
event 13
-9144.92 -576.904 48851.1 49799.5
-3095.04 8654.77 21205.1 23318.1
-3561.38 5825.26 15086.4 16559.8 1 2
-3125.3 -1592.53 15296.2 15693.6 1 1
466.337 2829.51 6118.79 6758.28 -1 2
-6019.62 1015.62 33554.9 34105.9 -1 1
event 14
-10391 6730.27 -21127.5 24682.6
7418.82 1456.36 35300.5 36233.6
5257.94 2326.66 27358.4 27956.2 -1 2
-3035.32 2791.98 -9628.19 10474.8 1 1
-7355.67 3938.28 -11499.3 14207.8 -1 1
2160.88 -870.299 7942.12 8277.39 1 2
event 15
-7214.63 -6040.35 -3000.77 10350.5
-5226.76 -2541.87 -6137.91 9002.49
-3145.54 -3053.54 -3559.41 5647.93 -1 2
-3514.17 -1434.26 -2196.55 4386.62 1 1
-3700.46 -4606.09 -804.222 5963.84 -1 1
-2081.22 511.677 -2578.49 3354.56 1 2
event 16
-5819.12 3847.88 -16382 18072.9
-2000.86 -7329.99 -2148.42 8481.81
-2480.5 3268.43 -7240.01 8322.52 1 1
-3338.62 579.452 -9142.03 9750.38 -1 1
-2186.77 -4365.69 -2504.4 5488.57 -1 2
185.904 -2964.29 355.982 2993.24 1 2
event 17
1099.5 8062.07 49144.9 49910.1
-1021.19 -12605.3 18694.4 22781.7
-42.4686 -4765.63 9711.51 10818.4 -1 2
-1088.32 2551.11 15479.9 15726.7 -1 1
-978.717 -7839.63 8982.88 11963.3 1 2
2187.82 5510.96 33665 34183.3 1 1
event 18
-7823.47 -3251 -21120.5 22966.1
3729.11 8287.03 13429.9 16508.6
570.724 4624.26 7795.08 9082.06 1 2
-2326.14 412.16 -6672.74 7079.37 -1 1
-5497.32 -3663.16 -14447.7 15886.7 1 1
3158.39 3662.78 5634.79 7426.53 -1 2
event 19
1784.76 -6214.75 35210.4 35932.9
7234.23 -11316.3 -58689.6 60286.4
-315.141 -3961.2 16623.3 17092 -1 1
2099.9 -2253.55 18587.1 18840.9 1 1
4134.4 -8737.78 -38255.4 39457.9 1 2
3099.83 -2578.51 -20434.2 20828.5 -1 2
event 20
-12241.4 -2881.78 -854.923 12980
-111.408 -7718.38 9688.25 12768.7
-8304.07 -2678.91 -1832.87 8916.55 1 1
-3937.33 -202.877 977.95 4063.41 -1 1
1236.31 -2357.91 4234.29 5002.86 -1 2
-1347.72 -5360.46 5453.96 7765.81 1 2
event 21
8392.94 1859.24 -33630.7 34849.9
-1880.93 9368.34 -8818.75 13366.6
15.2997 6704.5 -6634.86 9433.08 1 2
4164.68 -465.668 -18457.6 18927.6 1 1
-1896.23 2663.83 -2183.9 3933.48 -1 2
4228.25 2324.91 -15173.1 15922.2 -1 1
event 22
-6292.02 -7549.26 -5777.7 11813.3
-3647.81 -4251.35 13604.8 15035.3
-4103.25 -4177.12 -5036.13 7723.91 -1 1
-2188.76 -3372.14 -741.572 4089.39 1 1
-2062.01 -470.694 3062.15 3723.09 -1 2
-1585.8 -3780.66 10542.6 11312.2 1 2
event 23
5637.95 -11620 47.2411 13281.8
3233.04 -3692.97 -17474.5 18413.1
817.081 -2969.76 -7177.71 7811.39 1 2
2914.72 -2992.93 578.236 4218.86 1 1
2415.96 -723.208 -10296.8 10601.7 -1 2
2723.23 -8627.1 -530.995 9062.89 -1 1
event 24
-1403.19 -10053.8 -11513.2 15658.6
-7252.29 -2390.35 -31135 32207
-5098.67 -2916.53 -19647.6 20507.1 -1 2
-1853.74 -3102.75 -4510.63 5781.03 -1 1
450.547 -6951.09 -7002.54 9877.62 1 1
-2153.62 526.184 -11487.4 11699.8 1 2
event 25
-7462.35 4684.69 16153.4 18659
840.554 -5547.96 -10206.2 12051.7
-3274.29 3871.86 8751.72 10115.1 1 1
-4188.06 812.823 7401.7 8543.82 -1 1
-25.3499 -3341.97 -8487.24 9122.17 -1 2
865.904 -2205.99 -1718.91 2929.5 1 2
event 26
-8278.92 -2855.58 9534.98 13461
-6377.28 -170.381 4325.65 8306.67
-4414.68 -1064.52 7430.84 8709.26 -1 1
-3864.23 -1791.06 2104.15 4751.72 1 1
-3707.12 1167.36 1421.88 4139.85 -1 2
-2670.17 -1337.74 2903.78 4166.82 1 2
event 27
5072.78 11450.1 -18218.1 22323.3
2174.89 -7037.1 -27082.5 28236.5
-88.467 -4746.45 -15149.2 15875.9 1 2
1442.87 4729.81 -9655.29 10848.5 -1 1
2263.36 -2290.66 -11933.3 12360.6 -1 2
3629.91 6720.32 -8562.8 11474.8 1 1
event 28
-2198.67 -9153.53 22613.2 24689.4
-5381.23 -1363.01 -18530.6 19590.6
-2924.05 -1955.67 -7665.53 8434.82 1 2
354.011 -4338.17 8285.07 9359.41 -1 1
-2457.18 592.662 -10865.1 11155.7 -1 2
-2552.68 -4815.35 14328.1 15330 1 1
event 29
-3137.16 -11299.7 -1249.23 12193.3
7744.43 -3611.22 27859 29304.1
3078.34 -2481.5 16582.9 17048.1 1 2
-1452.96 -1622.39 443.576 2225.12 1 1
-1684.2 -9677.36 -1692.81 9968.18 -1 1
4666.1 -1129.71 11276.1 12256 -1 2
event 30
-10083.3 -2246.7 18963 21815.3
5254.53 2341.91 14661 16175
-5616.1 -2224.96 8410.01 10355.2 1 1
-4467.17 -21.7392 10553 11460.1 -1 1
3727.45 -125.717 6275.43 7300.82 -1 2
1527.07 2467.63 8385.61 8874.17 1 2
event 31
9252.71 -6664.27 10182.9 15598.3
-4981.03 -3092.71 2116.67 6960.39
6657.6 -3419.03 5223.56 9127.44 1 1
2595.11 -3245.24 4959.35 6470.9 -1 1
-1830.34 -2945.95 1243.44 3685.93 -1 2
-3150.69 -146.755 873.233 3274.46 1 2
event 32
4982.19 -4327.34 8523.44 11215.5
617.982 13205.3 17761.4 22356.6
2200.96 -3845.49 4678.28 6444.34 -1 1
2781.23 -481.856 3845.15 4771.14 1 1
1581.3 7365.18 8430.35 11306.1 1 2
-963.319 5840.11 9331.01 11050.5 -1 2
event 33
8345.23 -4950.79 19667.8 22148.7
-2237.81 7404.5 -13965.9 16262.6
-476.68 5896.23 -11064.3 12546.8 -1 2
2753.04 -2669.32 10412 11096.2 -1 1
5592.19 -2281.47 9255.79 11052.5 1 1
-1761.13 1508.27 -2901.63 3715.79 1 2
event 34
-7221.74 -2036.36 15681.1 17657.5
2057.75 -6752.75 5704.19 9589.68
1182.77 -4463.55 5418.76 7120.13 -1 2
-2236.21 -2145.58 6744.77 7423.42 -1 1
-4985.53 109.222 8936.29 10234.1 1 1
874.975 -2289.2 285.434 2469.55 1 2
event 35
10252.4 152.399 15799.5 19088
-764.548 7217.73 -13934.7 16014.1
5372.08 414.382 5569.29 7749.78 -1 1
4880.36 -261.983 10230.2 11338.2 1 1
642.088 3725.37 -4644.73 5989.6 -1 2
-1406.64 3492.37 -9289.99 10024.5 1 2
event 36
15436.1 -3355.15 -4764.72 16906.2
-2628.43 3689.27 -3996.42 6788.34
10164 -3174.06 -1640.15 10774.2 1 1
5272.04 -181.094 -3124.57 6131.99 -1 1
-731.004 2997.97 -1145.93 3293.4 -1 2
-1897.43 691.308 -2850.5 3494.94 1 2
event 37
7743.74 5630.47 52933.4 53881.3
-5938.82 -3774.31 23910.6 25116.2
-4860.44 -1439.05 14552.4 15410.3 -1 2
2020.76 3288.07 18832.9 19224.6 1 1
5722.98 2342.39 34100.4 34656.7 -1 1
-1078.38 -2335.26 9358.21 9705.86 1 2
event 38
12291.7 2960.32 -22165.4 25704.9
4789.33 -2392.23 -4579.83 7695.88
6008.6 2738.26 -13125.9 14693.6 -1 1
6283.09 222.053 -9039.5 11011.4 1 1
2831.8 -1739.97 -4542.42 5629.5 -1 2
1957.53 -652.26 -37.4109 2066.38 1 2
event 39
-5113.98 -8324.57 -29771.6 31486.4
-3018.43 5114.66 -5447.18 8861.69
-3426.86 -4012.86 -11782.2 12910.4 -1 1
-1687.12 -4311.71 -17989.4 18576 1 1
-3508.25 2513.24 -3016.96 5266.63 -1 2
489.825 2601.42 -2430.22 3595.06 1 2
event 40
-629.554 11915.1 -39795 41660.5
938.316 10353.3 -36201 37791.2
-881.25 5247.22 -15327.3 16224.9 -1 2
1220.57 3445.99 -11672.9 12232.4 -1 1
-1850.13 8469.07 -28122.1 29428.1 1 1
1819.57 5106.09 -20873.7 21566.3 1 2
event 41
-2231.26 5709.86 3611.45 7759.82
-5693.28 14441.7 -5867.06 16881.6
-2350.29 2537.39 2875.79 4499.29 1 1
119.028 3172.47 735.655 3260.53 -1 1
-5156.79 10209.5 -3313.91 11908.8 1 2
-536.486 4232.14 -2553.15 4972.78 -1 2
event 42
1204.61 9346.79 -618.279 9939.14
2969.58 6351.16 -8023.97 11096.6
-90.0389 5528.43 951.007 5611.35 1 1
1294.65 3818.35 -1569.29 4327.79 -1 1
2291.89 1447.16 -2775.7 3881.07 -1 2
677.684 4904 -5248.27 7215.54 1 2
event 43
-1257.03 -5172.17 -17357 18417.1
-98.6557 -14384.7 2938.62 15005.2
-477.491 -2963.34 -14023.4 14341.5 -1 1
-779.537 -2208.83 -3333.61 4075.63 1 1
336.992 -10195.5 678.497 10224.1 1 2
-435.648 -4189.18 2260.12 4781.04 -1 2
event 44
-5821.24 1857.92 -4991.94 8476.39
3954.69 8324.34 1212.58 9797.74
1298.35 3943.01 2006.27 4611.87 1 2
-2015.58 -534.481 -2747.78 3451.05 1 1
2656.35 4381.33 -793.689 5185.88 -1 2
-3805.66 2392.4 -2244.16 5025.34 -1 1
event 45
-10281.3 9277.67 -6160.9 15598.9
-9505.4 -2217.28 -3325.56 10766.6
-5871.52 -736.04 -3428.25 6839.63 -1 2
-2848.66 4456.88 -3517.46 6353.13 -1 1
-7432.68 4820.79 -2643.44 9245.74 1 1
-3633.88 -1481.24 102.697 3926.94 1 2
event 46
-15895.6 -291.021 -15862 22670.5
2351.78 -7340.29 -3455.98 8996.96
-12702.2 1019.58 -12446.2 17813.1 -1 1
-3193.42 -1310.6 -3415.76 4857.38 1 1
1125.96 -1690.71 364.895 2066.54 -1 2
1225.81 -5649.59 -3820.88 6930.42 1 2
event 47
-7867.75 -3054.01 10401.1 13747.8
7617.72 -9531.61 7356.97 14580.7
3043.6 -2968.06 1017.09 4372.48 -1 2
-2183.54 -2432.13 3706.5 4942.91 -1 1
4574.12 -6563.54 6339.88 10208.2 1 2
-5684.21 -621.879 6694.63 8804.9 1 1
event 48
1963.11 6238.04 -10570.3 12809.8
5730.27 4757.36 -26923.8 28106.1
3131.47 1010.45 -14565 14932.5 -1 2
1177.41 1973.13 -1473.71 2731.76 1 1
2598.81 3746.91 -12358.8 13173.6 1 2
785.7 4264.9 -9096.61 10078 -1 1
event 49
9482.8 753.879 -10479.5 14488
2625.76 4866.37 -4452.15 7745.23
695.771 3583.39 -1398.92 3910.61 1 2
4250.04 1870.48 -4582.95 6525.04 -1 1
1929.98 1282.98 -3053.23 3834.62 -1 2
5232.76 -1116.6 -5896.5 7962.94 1 1
event 50
-2631.47 6134.23 -5214.21 9018.31
-5334.61 5262.2 20302.1 21861.3
-1574.07 3241.43 11932.8 12465.4 -1 2
-2154.08 2048.7 -1024.83 3146.21 -1 1
-3760.55 2020.77 8369.37 9395.89 1 2
-477.388 4085.54 -4189.38 5872.1 1 1
event 51
1765.94 -4796.7 1801.24 6241.97
-6028.45 5223.61 -7324.81 11263.8
2131.93 -2530.6 -18.6862 3310.68 1 1
-365.991 -2266.1 1819.92 2931.29 -1 1
-3689.96 1850.6 -2142.26 4651.99 -1 2
-2338.49 3373.01 -5182.54 6611.78 1 2
event 52
-6277.66 -5569.42 -12851.9 15658.5
-5137.94 -2502.34 -2894.83 7115.56
-3463.98 -487.493 -2817.29 4492.78 1 2
-3612.32 -2023.17 -4006.11 5762.13 1 1
-1673.97 -2014.85 -77.5453 2622.77 -1 2
-2665.34 -3546.25 -8845.77 9896.4 -1 1
event 53
6998.44 2648.49 23289 24656.9
-9457.76 -3967.75 -6238.7 12397.8
-3897.55 -2227.6 -1087.62 4620.3 1 2
3109.9 327.064 13685 14038.2 -1 1
-5560.21 -1740.15 -5151.08 7777.45 -1 2
3888.54 2321.43 9603.96 10618.7 1 1
event 54
-8251.09 5286.17 -24216.2 26306.6
5803.2 -4248.99 7598.66 10911.5
-4981.37 2156.34 -9891.27 11283.3 1 1
-3269.72 3129.83 -14324.9 15023.3 -1 1
1339.75 -2801.08 3502.88 4682.13 -1 2
4463.45 -1447.91 4095.78 6229.4 1 2
event 55
640.344 -10516.8 6091.53 12558.3
6476.21 1776.59 -7192.43 10316
4879.47 -105.918 -5284.64 7194.37 -1 2
715.158 -3209.52 3501.27 4804.43 1 1
-74.8146 -7307.26 2590.26 7753.85 -1 1
1596.75 1882.5 -1907.79 3121.58 1 2
event 56
-6657.34 94.4481 29614.1 30510.9
-3468.31 -9233.98 -4704.94 11358.8
138.353 -3162.62 -2235.77 3877 -1 2
-2406.17 939.339 6528.75 7021.95 -1 1
-3606.67 -6071.36 -2469.17 7481.81 1 2
-4251.17 -844.891 23085.4 23489 1 1
event 57
583.83 7694.33 10641.3 13504.5
5695.03 2918.18 -11771.1 13751.4
-1222.12 4078.19 5086.23 6633.71 1 1
1805.95 3616.14 5555.09 6870.82 -1 1
3527.58 556.889 -4108.61 5444.79 -1 2
2167.45 2361.29 -7662.52 8306.56 1 2
event 58
-7439.95 337.943 25431.9 26680.3
3891.08 7713.19 21288.9 23182.8
282.41 3157.56 5382.43 6247.53 1 2
-3074.07 -643.102 15051.4 15375.9 -1 1
3608.67 4555.62 15906.5 16935.3 -1 2
-4365.88 981.045 10380.5 11304.4 1 1
