event 0
-8296.39 6216.05 59996.9 60964.7
-5774.27 327.587 8175.47 10482.4
-5149.43 5512.12 44572.6 45206.5 1 1
-3146.96 703.928 15424.3 15758.2 -1 1
-1789.46 -1294.39 3380.85 4039.66 -1 2
-3984.81 1621.97 4794.62 6442.76 1 2
event 1
2160.11 -3929.59 11810.2 13006.9
11694.6 699.778 -14287.3 18734.2
2752.13 -1945.77 7568.9 8286.11 -1 1
-592.021 -1983.83 4241.32 4720.81 1 1
5826.71 727.729 -4830.44 7604.24 1 2
5867.92 -27.951 -9456.85 11130 -1 2
event 2
-7208.9 -1562.24 -21294.1 22747.3
8280.03 -26.0844 -18984.1 20941.5
2738.81 1245.03 -8458 8977.75 -1 2
-2401.78 -905.637 -11895.5 12169.7 1 1
5541.23 -1271.11 -10526.1 11963.7 1 2
-4807.12 -656.601 -9398.65 10577.6 -1 1
event 3
-5234.73 2590.32 10569.6 12466.9
-18948.8 -2194.94 -8557.91 21135.4
-2772.85 3028.61 6479.4 7671.7 -1 1
-2461.89 -438.284 4090.2 4795.19 1 1
-10222.3 -1849.75 -3121.56 10847.7 1 2
-8726.46 -345.186 -5436.35 10287.6 -1 2
event 4
-10158.7 1785.58 -23196.9 25574.9
-6770.6 3494.69 -12619.3 15063
-3456.37 778.172 -8060.49 8805.38 1 2
-3064.94 -168.731 -4205.8 5207.9 1 1
-7093.78 1954.31 -18991.1 20367 -1 1
-3314.23 2716.52 -4558.78 6257.57 -1 2
event 5
-4186.25 5589.35 1738.83 7834.51
6607.86 -2754.72 23778.1 25024.8
4894.32 -1005.27 19105.7 19748.6 1 2
-761.076 3093.1 -155.588 3190.9 -1 1
1713.54 -1749.45 4672.33 5276.24 -1 2
-3425.18 2496.25 1894.42 4643.61 1 1
