event 0
-8694.7 934.223 31736.2 33064.3
6279.51 -17532.4 30713.9 36107.4
-4755.74 852.536 22655.2 23165 -1 1
-3938.96 81.6873 9080.93 9899.32 1 1
4698.68 -9975.92 20792.3 23535.7 1 2
1580.82 -7556.44 9921.6 12571.7 -1 2
event 1
-8108.58 1127.47 11877 14753.8
7096.68 2626.68 23681 25052.8
2994.1 1667.23 15205.4 15587.2 -1 2
-2262.32 197.91 1264.41 2601.38 1 1
-5846.26 929.564 10612.6 12152.4 -1 1
4102.57 959.447 8475.58 9465.63 1 2
event 2
-9911.54 -4105.06 7692.21 13559.2
4010.22 2718.37 -13682.2 14841.3
2962.46 657.938 -4944.66 5802.58 1 2
-4964.57 -400.576 3591.36 6141.37 -1 1
1047.76 2060.43 -8737.51 9038.72 -1 2
-4946.97 -3704.49 4100.85 7417.81 1 1
event 3
-4206.36 -5442.56 37845.6 38590.1
312.22 7445.8 -29508.1 30591.8
-3494.08 -2008.26 19676.9 20085.7 -1 1
-712.285 -3434.3 18168.7 18504.5 1 1
1459.58 5769.14 -19917.8 20788.1 -1 2
-1147.36 1676.66 -9590.28 9803.69 1 2
event 4
2472.14 -8541.85 -1141.34 9485.16
-1204.82 -8508.97 12904.2 15810.3
-1881.33 -3793.85 4736.24 6354.2 1 2
2346.71 -2830.94 -115.079 3680.44 1 1
125.422 -5710.92 -1026.26 5804.71 -1 1
676.508 -4715.12 8167.97 9456.05 -1 2
event 5
14427.5 13495.4 -69988.8 72789.4
-6744.03 -4330.38 -7246.5 11239.9
-3499.97 -3310.43 -5806.32 7545.42 1 2
7255.55 6282.52 -39459.9 40610.4 -1 1
-3244.06 -1019.95 -1440.17 3694.52 -1 2
7171.98 7212.88 -30528.9 32179 1 1
event 6
-8187.69 -2063.36 -12837.9 15801.8
-3570.24 9556.64 6385.72 12427.6
-4606.21 -2657.5 -9401.2 10801.5 1 1
-3581.48 594.138 -3436.74 5000.23 -1 1
-3152.16 6609.81 2989.25 7910.27 -1 2
-418.085 2946.84 3396.47 4517.28 1 2
event 7
-1377.8 -6600.32 -8380.06 11192.8
9795.98 1501.69 657.621 10404
4674.03 -38.6627 -1043.54 4790.43 -1 2
-1420.2 -1566.44 -3970.95 4500.03 1 1
5121.94 1540.35 1701.16 5613.56 1 2
42.3979 -5033.89 -4409.11 6692.78 -1 1
event 8
6650.44 -1713.32 11365.8 13635.9
7712.79 -4315.96 17022.1 19428.3
3353.58 -437.314 7963.84 8652.84 1 2
2142.28 -255.662 1328.28 2535.78 -1 1
4359.21 -3878.65 9058.26 10775.4 -1 2
4508.16 -1457.65 10037.6 11100.1 1 1
event 9
-12106.2 6057.5 -7776.93 15916.2
5478.7 -1068.58 -29637.8 30317.5
3307.08 -2138.1 -19522.8 19916.3 1 2
-3330.02 3271.71 -2347.05 5226.18 1 1
2171.62 1069.52 -10115.1 10401.2 -1 2
-8776.2 2785.78 -5429.88 10690 -1 1
event 10
8300.41 3260.34 -50916 51783.8
-6418.55 4978.22 -6617.77 10925.4
3642.75 3014.64 -28164.2 28558.6 -1 1
4657.66 245.7 -22751.8 23225.2 1 1
-3247.78 4356.89 -3743.5 6599.66 -1 2
-3170.77 621.331 -2874.27 4325.78 1 2
event 11
13255.2 4175.49 282.066 14240.9
919.961 -4864.23 -4074.13 7120.13
7944.31 1084.54 876.766 8066.49 -1 1
5310.85 3090.95 -594.7 6174.45 1 1
-646.74 -3246.24 -3446.46 4779.71 -1 2
1566.7 -1617.99 -627.667 2340.42 1 2
event 12
-8224.35 1228.44 14551.8 17043.9
13998.2 3401.33 -5738.7 15812.7
-5673.79 2204.3 10869.7 12458.4 1 1
-2550.57 -975.858 3682.13 4585.51 -1 1
7086.33 2315.34 -4494.02 8705.42 1 2
6911.9 1085.99 -1244.68 7107.32 -1 2
event 13
14477.3 -1031.57 -5726.64 15907.3
-3811.4 4103.19 18861.1 19917.1
-1746.94 3381.18 8301.32 9132.76 1 2
4933.44 1012.99 -1385.68 5224.58 1 1
-2064.46 722.009 10559.7 10784.4 -1 2
9543.89 -2044.56 -4340.96 10682.8 -1 1
event 14
600.613 -9665.88 -30411 32065.7
6636.26 2242.95 1254.11 7761.08
4537.33 177.456 1550.84 4799.49 -1 2
970.935 -4331.67 -9579.07 10558.2 -1 1
-370.322 -5334.21 -20831.9 21507.4 1 1
2098.93 2065.49 -296.731 2961.59 1 2
event 15
14535.6 3444.11 -568.173 15266.4
-6252.5 -1846.98 37613.4 38351.8
7343.08 1685.6 -1831.77 7754.26 -1 1
7192.5 1758.51 1263.6 7512.14 1 1
-4045.95 -2782.37 28891.2 29305.7 -1 2
-2206.55 935.387 8722.18 9046.08 1 2
event 16
3579.08 -6557.49 -14054.8 16215.4
-12516.6 3349.18 -25946.6 29166.7
3101.44 -2593.35 -6181.99 7387.32 1 1
477.64 -3964.14 -7872.81 8828.07 -1 1
-6058.1 2636.58 -15690.5 17025.1 1 2
-6458.52 712.605 -10256 12141.6 -1 2
event 17
-1922.82 6481.08 -32546.2 33384.9
6463.77 -3327.95 69.8382 7902.61
3403.75 -35.4872 78.1851 3406.47 1 2
90.6077 2908.41 -8343.69 8837.16 -1 1
3060.03 -3292.46 -8.34689 4496.14 -1 2
-2013.42 3572.67 -24202.5 24547.7 1 1
event 18
6141.59 -4115.18 21393.4 22932.9
-8758.68 1210.28 19917.2 22010.6
2484.37 -3167.47 7250.47 8293.7 1 1
3657.23 -947.715 14142.9 14639.2 -1 1
-6124.77 615.969 16759.2 17854.3 -1 2
-2633.91 594.311 3157.98 4156.28 1 2
event 19
-8801.55 -2718.65 1508.33 9834.85
9965.21 5586.1 14527 18738.6
-5150.11 -132.831 1472.41 5359.14 1 1
-3651.44 -2585.82 35.9267 4475.71 -1 1
6737 4857.13 8644.67 11988.3 -1 2
3228.21 728.964 5882.36 6750.26 1 2
event 20
-2544.11 7876.54 2300.96 9132.2
12836.9 2539.96 -20634.4 24629.4
3940.79 2135.98 -5863.13 7381.03 1 2
-2095.65 1885.31 914.517 2965.41 1 1
8896.07 403.982 -14771.3 17248.4 -1 2
-448.46 5991.23 1386.44 6166.79 -1 1
event 21
-1981.16 -6507.84 6598.03 9970
-8490.83 -2766.48 14896.8 17642.4
-2597.54 -3332.23 3461.86 5463.21 1 1
616.388 -3175.61 3136.16 4506.79 -1 1
-6552.48 -2107.47 8573.94 10995.5 -1 2
-1938.35 -659.013 6322.89 6646.92 1 2
event 22
2171.61 6797.85 -19724.1 21202.8
-10612.7 -6499.79 -32246 34702.6
-277.467 4099.57 -9628.12 10468.8 1 1
2449.07 2698.29 -10096 10734 -1 1
-8117.74 -4086.32 -19897 21874.6 -1 2
-2494.97 -2413.47 -12348.9 12828 1 2
event 23
-2969.93 5827 -24546 25590.5
10102.8 -5768.03 5620.72 13286.1
-2941.4 3547.39 -12337.2 13170.2 1 1
-28.5311 2279.61 -12208.8 12420.3 -1 1
5154.2 -3145.48 1216.49 6160.42 -1 2
4948.6 -2622.55 4404.23 7125.65 1 2
event 24
2246.07 13760.9 62389.1 64003.1
2853.41 5375.33 -24764.3 25688.5
365.097 10294 47073.6 48187.5 1 1
1880.97 3466.96 15315.5 15815.6 -1 1
-423.619 2242.64 -7689.01 8021.28 -1 2
3277.03 3132.69 -17075.3 17667.2 1 2
event 25
10022.5 -17592.3 -19855.1 28526.4
-3427.39 -8142.38 73.6917 9361.72
-2332.91 -5339.03 1518.13 6021.92 -1 2
2337.76 -2224.83 -4059.16 5186.8 1 1
7684.74 -15367.5 -15795.9 23339.6 -1 1
-1094.49 -2803.35 -1444.44 3339.8 1 2
event 26
6319.63 -4787.9 24363.8 25807.8
-2774.61 -11238.2 5391.06 13139.7
157.526 -3932.98 773.012 4012.72 -1 2
3303.13 -621.872 10045.2 10593.2 1 1
-2932.14 -7305.23 4618.05 9126.96 1 2
3016.49 -4166.03 14318.5 15214.7 -1 1
event 27
5856.8 5843.06 1425.7 8948.04
5597.04 -4795.12 29102.1 30180.2
3448.79 -995.137 11704.2 12242.7 -1 2
1107.83 2880.76 -266.557 3099.72 1 1
4748.97 2962.3 1692.26 5848.32 -1 1
2148.25 -3799.98 17397.8 17937.4 1 2
event 28
10979.4 8302.13 -29730.9 32908.8
8041.45 -19.3058 5973.12 10484.9
4554.54 1481.32 2902.25 5601.1 -1 2
3722.02 1633.37 -6414.36 7594.5 1 1
7257.39 6668.77 -23316.6 25314.3 -1 1
3486.91 -1500.63 3070.88 4883.84 1 2
event 29
-4739.48 1409.05 -7900.41 9821.17
-10749.8 -8174.41 18437.7 23063.4
-2984.3 -698.008 -3730.27 4829.01 -1 1
-1755.18 2107.06 -4170.14 4992.15 1 1
-4887.52 -5649.96 9858.87 12370.1 -1 2
-5862.25 -2524.45 8578.87 10693.3 1 2
event 30
2722.92 8033.5 24858.3 26447.7
-2349.07 -7385.56 -10748.5 13608.3
2020.43 5038.87 19759.2 20491.7 -1 1
702.496 2994.63 5099.17 5956 1 1
-1289.37 -5514.25 -9654.26 11193.1 -1 2
-1059.7 -1871.31 -1094.27 2415.24 1 2
event 31
-3844.85 -7851.86 24365.2 26070.9
-5631.48 475.149 -14865.1 16201.9
-3973.37 -1013.93 -8118.63 9096.1 -1 2
-845.462 -3749.18 14117.5 14631.7 1 1
-2999.39 -4102.68 10247.7 11439.2 -1 1
-1658.11 1489.08 -6746.47 7105.82 1 2
event 32
-4133.32 3261.57 -737.29 6152.77
5885.99 10022.3 -17789.8 21474.6
-1923.95 3366.15 -679.219 3937.64 -1 1
-2209.37 -104.583 -58.0709 2215.13 1 1
5056.98 5837.07 -10638.2 13146.4 1 2
829.011 4185.21 -7151.57 8328.23 -1 2
event 33
2049.28 -11639.1 13032.8 17863.7
-3513.86 -5025.74 3744.73 7824.25
2432.46 -7025.53 9356.72 11951.3 -1 1
-383.177 -4613.55 3676.05 5912.37 1 1
-1146.71 -4030.91 2978.64 5142.63 -1 2
-2367.14 -994.829 766.088 2681.62 1 2
event 34
3172.69 5365.96 -1178.63 7337.25
-4716.78 8085.5 -31612.3 33114.3
-882.306 4522.36 -13878.8 14624 -1 2
2081.55 574.935 349.895 2190.2 1 1
-3834.48 3563.14 -17733.5 18490.2 1 2
1091.14 4791.02 -1528.52 5147.04 -1 1
event 35
-8560.49 1120.37 -30603.6 31948.5
-6251.42 -2731.23 -8712.57 11490.8
-3673.92 -328.085 -5994.19 7038.95 1 2
-3791.7 1417.04 -18448 18887.1 -1 1
-2577.5 -2403.14 -2718.38 4451.89 -1 2
-4768.79 -296.672 -12155.6 13061.4 1 1
event 36
212.267 -9605.1 21874.6 24091.3
821.246 -9798.32 19088 21693.9
-1105.29 -4834.87 9928.57 11098.9 1 2
-1156.48 -3158.37 9369.28 9955.27 -1 1
1368.74 -6446.73 12505.3 14136 1 1
1926.54 -4963.45 9159.43 10595 -1 2
event 37
-9949.94 5584.99 -28697.4 31037.5
9234.09 -5952.88 13218.1 17464.6
3754.7 -4256.29 6690.68 8774.4 1 2
-3558.56 858.767 -6517.64 7476.07 1 1
-6391.38 4726.23 -22179.8 23561.4 -1 1
5479.38 -1696.59 6527.37 8690.21 -1 2
event 38
8718.54 -754.281 824.609 9319.55
6630.44 5987.26 4657.13 10539.9
1701.6 3585.79 1879.94 4393.02 1 2
1959.12 -1265.2 -558.429 2400.4 1 1
6759.42 510.918 1383.04 6919.16 -1 1
4928.84 2401.47 2777.18 6146.91 -1 2
event 39
8213.21 4613.39 40178.1 41383.7
734.895 4842.29 13712.6 14886.7
3663.51 3116.7 14959.6 15714.1 -1 1
4549.7 1496.69 25218.6 25669.6 1 1
1928.14 2859.25 7479.2 8236.67 -1 2
-1193.24 1983.03 6233.43 6650.04 1 2
event 40
408.147 -9675.82 15700.9 18705.6
178.547 -7551.13 -2110.92 8432
-1222.23 -4969.44 9027.29 10377.5 1 1
1630.38 -4706.37 6673.63 8328.06 -1 1
1340.67 -3771.48 -1997.56 4474.69 -1 2
-1162.13 -3779.65 -113.36 3957.31 1 2
event 41
-1561.33 -7470.97 -24013.5 25386.8
7509.18 -1228.9 -38386.2 39255.4
-2247.32 -4078.52 -11622.6 12521.3 -1 1
685.991 -3392.45 -12390.8 12865.6 1 1
4526.96 -1840.65 -28309.3 28728.2 -1 2
2982.22 611.752 -10076.8 10527.2 1 2
event 42
-774.996 6314.3 16810.8 18239.1
16762 -8370.99 653.222 19001.5
-664.859 3993.6 6415.95 7587.26 1 1
-110.137 2320.69 10394.8 10651.8 -1 1
12809.2 -4862.24 337.26 13705.5 -1 2
3952.84 -3508.74 315.961 5295.96 1 2
event 43
11273.6 -2180.38 849.727 11923.1
-1170.38 -9325.17 5100.38 11132.5
6157.19 376.451 317.866 6177.77 1 1
5116.43 -2556.83 531.86 5745.37 -1 1
-1878.39 -3384.07 1522.78 4160.56 -1 2
708.006 -5941.1 3577.6 6971.97 1 2
event 44
7492.72 -3779.78 -20050.1 21955
2950.3 -6313.22 -20762.1 22118.2
724.465 -4437.02 -9921.89 10893.4 -1 2
2496.61 -1822.51 -4164.35 5187.25 -1 1
4996.11 -1957.27 -15885.7 16767.8 1 1
2225.83 -1876.2 -10840.2 11224.8 1 2
event 45
-9542.42 -1630.54 35930.7 37340.6
2971.34 -5028.48 18243.9 19404.7
1663.33 -3504.79 15642.6 16116.8 1 2
-3718.57 -2131.28 16642.7 17186 1 1
1308.01 -1523.69 2601.28 3287.91 -1 2
-5823.85 500.747 19288 20154.5 -1 1
event 46
-8366.47 -2639.2 42583.5 43588
7734.18 3249.38 14678.6 17188
5814.06 1354.68 11900.3 13314.2 1 2
-3248.53 -2263.62 23237 23572.2 1 1
1920.12 1894.7 2778.29 3873.86 -1 2
-5117.94 -375.579 19346.5 20015.8 -1 1
event 47
5502.57 -4623.77 5552.51 9595.77
9026.9 1931.59 -32926 34335.5
3090.05 -713.862 -12707.3 13097.5 -1 2
2509.4 -1503.84 4091.3 5030.76 1 1
5936.85 2645.45 -20218.7 21238 1 2
2993.17 -3119.93 1461.21 4565.01 -1 1
event 48
-11329.8 -5657.35 6833.56 14719.3
-1423.93 -3918.25 -8388.92 9866.37
-7615.68 -2392.48 5122.72 9485.56 -1 1
-3714.14 -3264.87 1710.84 5233.77 1 1
-2260.91 -2082.35 -4099.72 5125.11 -1 2
836.981 -1835.9 -4289.21 4741.26 1 2
event 49
-4844.45 3758.55 8969.02 11297.3
-7572.2 379.394 1410.04 8310.31
-3185.26 900.141 -744.044 3394.25 -1 2
-2378.42 423.844 5007.84 5561.13 1 1
-4386.94 -520.747 2154.08 4916.06 1 2
-2466.04 3334.7 3961.18 5736.17 -1 1
event 50
4845.23 4356.93 -21936.9 23092.8
-6015.45 -9267.3 -32318.6 34295.1
-2252.81 -2199.59 -13130.1 13502.7 1 2
1166.81 2397.06 -12409.4 12693 1 1
-3762.64 -7067.71 -19188.6 20792.4 -1 2
3678.42 1959.87 -9527.44 10399.8 -1 1
event 51
-5732.87 -1781.97 -19734.1 20858.2
6804.49 5962.38 -35760.1 37016.6
1889.4 3150.46 -10354.8 10987.7 1 2
-2219.06 169.367 -11264.7 11482.9 -1 1
4915.09 2811.92 -25405.3 26028.9 -1 2
-3513.81 -1951.33 -8469.37 9375.29 1 1
event 52
-6547.75 -4572.93 -5418.98 10136.3
1481.94 9182.29 6562.01 11796.7
2101.64 3792.26 3444.15 5538.18 1 2
-2147.24 -971.86 -3322.64 4075.08 -1 1
-4400.51 -3601.07 -2096.34 6061.18 1 1
-619.7 5390.03 3117.86 6258.49 -1 2
event 53
12179.4 4090.65 -72889.1 74077.5
4183.08 2745.95 13223.6 14473.9
3279.93 329.786 7124.02 7850.45 1 2
5598.69 3386.1 -32925.6 33569.6 -1 1
903.145 2416.16 6099.61 6623.44 -1 2
6580.69 704.554 -39963.4 40507.9 1 1
event 54
4699.93 -7096.77 23895.3 25554.5
-5525.92 17399.6 -17601.5 25547.7
2580.18 -3723.61 16967.2 17561.8 -1 1
2119.74 -3373.16 6928.16 7992.63 1 1
-4415.95 8895.65 -9821.1 13967.8 1 2
-1109.98 8503.96 -7780.37 11579.9 -1 2
event 55
4216.15 -8359.97 -18490.8 20956.3
4009.83 4092.61 -3904.84 7593.84
3259.22 2235.87 -3948.59 5587.85 1 2
2515.5 -3636.28 -5697.18 7212.44 -1 1
750.62 1856.74 43.7465 2005.99 -1 2
1700.64 -4723.69 -12793.6 13743.8 1 1
event 56
9216.81 3770.13 -26536.8 28512.4
-286.636 5198.25 -15642.3 16774.3
-1674.19 2876.06 -7930.56 8601.14 1 2
4021.74 504.469 -13638.5 14228.5 1 1
1387.55 2322.2 -7711.73 8173.12 -1 2
5195.07 3265.66 -12898.3 14284 -1 1
event 57
-4338.77 -3574.43 5511.41 8459.77
-6867.8 -14929.7 -12154.3 20673.2
-2609.05 -2086.68 1146.99 3533.86 -1 1
-1729.72 -1487.75 4364.42 4925.91 1 1
-2265.6 -8613.32 -6483.3 11016.7 -1 2
-4602.2 -6316.35 -5671.04 9656.52 1 2
event 58
-7032.69 5645.6 47973.7 48912.2
68.784 -6353.1 -10572.8 12717.8
-5754.08 2828.91 34047.8 34646.4 1 1
-1278.61 2816.69 13925.9 14265.8 -1 1
-1221.75 -2352.85 -2658.7 3756.12 -1 2
1290.53 -4000.25 -7914.12 8961.69 1 2
event 59
-9375.1 -12581.8 -14906.9 21863.2
-6169.8 6124.29 -34738.9 35943.8
-3969.14 3705.39 -15388.8 16319 -1 2
-2503.41 -4769.26 -3504.97 6427.2 -1 1
-6871.69 -7812.51 -11401.9 15436 1 1
-2200.67 2418.9 -19350.1 19624.8 1 2
event 60
8388.71 -9462.88 23157.4 26566.4
-3864.24 -3395.33 10008.9 11671.7
5842.96 -5783.27 12016 14559.6 -1 1
2545.75 -3679.61 11141.5 12006.8 1 1
-1019.54 -2851.38 4187.72 5168.94 -1 2
-2844.7 -543.946 5821.21 6502.76 1 2
event 61
2498.82 8169.45 15950.5 18357.4
7406.16 7835.97 3194.74 11664.1
35.7675 4795.72 7080.75 8552.69 -1 1
2463.05 3373.73 8869.76 9804.71 1 1
4248.49 3601.6 163.485 5573.07 -1 2
3157.67 4234.37 3031.26 6091.01 1 2
event 62
5686.94 -4191.32 2185.58 8017.07
5524.32 -5418.86 -36863.8 37794.3
2219.43 -3536.82 1023.78 4300.49 -1 1
3467.51 -654.508 1161.8 3716.58 1 1
4572.21 -2564.39 -25850.1 26376.5 -1 2
952.109 -2854.47 -11013.7 11417.8 1 2
event 63
7174.24 1555.28 12809 15084.8
-2333.87 5511.21 -8582.85 10912.2
4076.93 52.9704 9363.02 10212.8 -1 1
3097.31 1502.31 3445.98 4871.98 1 1
-2176.79 3505.85 -3387.33 5339.9 -1 2
-157.081 2005.36 -5195.52 5572.32 1 2
event 64
1258.75 -5345.8 9872.85 11714.4
-5026.5 10062.4 8812.56 14620.9
-672.603 -3659.43 6257.5 7280.89 -1 1
1931.35 -1686.37 3615.35 4433.49 1 1
-3636.59 5864.22 3597.7 7782.58 -1 2
-1389.92 4198.18 5214.86 6838.31 1 2
event 65
-10210.7 -8202.63 -17248.7 21878.1
-6018.24 -6616.95 13998.2 16898
-1489.18 -2888.85 2959 4396.58 1 2
-2710.19 -1361.68 -2300.2 3808.07 -1 1
-7500.55 -6840.95 -14948.5 18070 1 1
-4529.07 -3728.1 11039.2 12501.4 -1 2
event 66
5905.59 -16104.4 -4172.77 17922.9
1029.89 8233.94 -32148.8 33346.6
199.624 5463.63 -25743.4 26317.7 1 2
4047.27 -7296.63 -1132.61 8421.11 -1 1
830.268 2770.31 -6405.47 7028.88 -1 2
1858.33 -8807.82 -3040.17 9501.83 1 1
event 67
1717.55 -6389.33 -1174.87 7398.97
10733.5 1909.58 27444.8 29692.8
1931.33 -2978 -1703.89 3938.65 -1 1
-213.779 -3411.32 529.021 3460.33 1 1
5927.24 1997.45 18625.4 19647.8 1 2
4806.24 -87.8713 8819.47 10045 -1 2
event 68
6098.94 -4181.83 -4342.07 9117.52
-8411.5 4980.02 -1881.76 10425.3
-4612.8 942.436 -845.073 4784.5 -1 2
2405.85 -20.5831 -881.399 2564.48 -1 1
3693.09 -4161.25 -3460.67 6553.04 1 1
-3798.7 4037.59 -1036.69 5640.75 1 2
event 69
-6985.01 -2055.96 19511.2 21054.5
-389.971 7285.43 -6609.74 10320.3
1320.76 3534.23 -2732.22 4659.55 -1 2
-3596.56 544.933 8853.22 9571.99 1 1
-3388.45 -2600.89 10657.9 11482.6 -1 1
-1710.73 3751.2 -3877.52 5660.78 1 2
event 70
-138.15 9432.3 4751.21 11006.9
1729.14 5476.07 -9080.55 11181.5
322.722 5051.03 4176.53 6562.9 1 1
-460.872 4381.27 574.678 4444.03 -1 1
2199.96 2541.67 -6131.9 6993.65 -1 2
-470.822 2934.4 -2948.66 4187.85 1 2
event 71
-8621.75 2700.24 -39964.9 41090.3
5404.35 -4329.73 -2625.49 8027.3
-6265.57 516.336 -24417.7 25214.3 1 1
-2356.18 2183.91 -15547.2 15876 -1 1
1044.76 -2372.73 -44.4467 2595.09 -1 2
4359.59 -1957 -2581.04 5432.21 1 2
event 72
-7000.81 1554.13 1606.63 7974.85
10300.6 7935.76 5648.76 14511.3
-4359.48 -592.758 1047.8 4523.88 1 1
-2641.34 2146.89 558.829 3450.97 -1 1
6154.46 6290.58 2880.74 9260.6 -1 2
4146.12 1645.18 2768.02 5250.71 1 2
event 73
2639.72 -8957.5 -2167.09 10074.3
7684.56 7788.12 47847.5 49180.1
1285.68 3151.82 16883.5 17223.5 -1 2
-217.615 -3087.44 -1688.81 3527.45 1 1
6398.88 4636.3 30964.1 31956.6 1 2
2857.33 -5870.06 -478.277 6546.9 -1 1
event 74
-7721.48 3742.65 3577.35 9798.81
-17556.3 28021.3 -25261.8 41727.3
-3720.4 2783.17 3247.71 5669.76 1 1
-4001.08 959.476 329.638 4129.05 -1 1
-13838.1 22643.8 -21707.9 34285.3 -1 2
-3718.23 5377.47 -3553.95 7442.05 1 2
event 75
6193.01 9181.34 30950.8 33018
-4695.09 -7290.65 39219.6 40286.1
3878.82 4724.52 20993.5 21865.6 -1 1
2314.19 4456.83 9957.28 11152.5 1 1
-1709 -4190.69 25754.3 26149.1 -1 2
-2986.09 -3099.96 13465.3 14136.9 1 2
event 76
5040.34 5058.8 4319.27 8901.88
6748.23 5320.15 23794.8 25487.8
3631.52 2147.29 15628.5 16188.2 -1 2
950.724 2544.46 494.552 2762.95 1 1
4089.61 2514.34 3824.72 6138.93 -1 1
3116.7 3172.86 8166.32 9299.5 1 2
event 77
-6033.2 6356.93 2616.13 9656.37
613.038 -6125.91 -13903.6 15517.8
-4028.37 2647.28 268.45 4828.98 1 1
-2004.84 3709.65 2347.68 4827.39 -1 1
23.1543 -4121.41 -5595.53 6950.37 -1 2
589.883 -2004.5 -8308.05 8567.43 1 2
event 78
-1128.81 -7095.43 30599.8 31584.1
8698.02 -800.548 2849.67 9695.84
4155.35 1066.47 1896.51 4691.72 -1 2
-1790.06 -2012.86 10836.8 11167 -1 1
661.243 -5082.57 19763 20417.1 1 1
4542.66 -1867.02 953.166 5004.12 1 2
event 79
5618.24 -5572.37 -680.897 8524.69
-9045.27 -5829.51 19429.4 22425.2
-5061.18 -1558.4 10395.2 11666.9 1 2
1388.59 -1598.92 1183.58 2428.33 -1 1
-3984.09 -4271.11 9034.16 10758.4 -1 2
4229.65 -3973.44 -1864.48 6096.36 1 1
event 80
-55.4858 -7370.68 -7320.92 10840.5
7801.19 4181.59 27041.8 28621.5
3003.82 2922.23 9338.17 10236 1 2
-1509.58 -2965.03 -2634.45 4245.21 -1 1
4797.37 1259.35 17703.6 18385.6 -1 2
1454.1 -4405.65 -4686.46 6595.32 1 1
event 81
-1774.38 4096.48 8395.44 10000.2
3585.21 -9247.2 -9697.59 14212.6
-2400.16 1965.6 5833.62 6608.07 1 1
625.776 2130.88 2561.82 3392.1 -1 1
2562.26 -4835.92 -7185.99 9033.32 -1 2
1022.96 -4411.28 -2511.6 5179.3 1 2
event 82
7004.68 2182.61 22621.6 23982.5
-6529.54 -4538.27 4654.15 9720.22
-3861.39 -1209.5 3360.75 5261.09 -1 2
3269.69 -129.561 6573.94 7344.08 1 1
3734.99 2312.17 16047.7 16638.4 -1 1
-2668.15 -3328.78 1293.4 4459.13 1 2
event 83
1676.8 8645.18 12321.6 15458.5
-3237.93 -6237.64 -11294.2 13658
-877.021 -4726.98 -7973.01 9310.94 -1 2
-352.672 3840.05 7081.15 8063.76 1 1
2029.47 4805.13 5240.47 7394.7 -1 1
-2360.91 -1510.66 -3321.16 4347.09 1 2
event 84
1239.14 4472.98 20316.4 21068.7
-7779.17 -24352.2 -45483.6 52267.5
-594.505 3323.67 13500.8 13917 -1 1
1833.64 1149.31 6815.59 7151.69 1 1
-5187.27 -20129.6 -36199.5 41743.5 -1 2
-2591.9 -4222.53 -9284.13 10524 1 2
event 85
9027.67 8408.54 52142.7 53671.8
-9614.77 1240.18 -2427.95 10462.7
-4203.1 994.377 -2598.64 5041.72 -1 2
3168.53 1628.88 19409.2 19733.7 -1 1
5859.14 6779.66 32733.6 33938.1 1 1
-5411.67 245.807 170.699 5420.97 1 2
event 86
8239.21 -6055.93 33168.2 34846.5
-4802.84 6602.11 -13727 16268.9
-2858.27 2012.71 -3826.48 5183.99 1 2
1595.5 -2349.13 12590.3 12907 1 1
6643.71 -3706.8 20577.9 21939.5 -1 1
-1944.57 4589.4 -9900.54 11084.9 -1 2
event 87
-4822.11 7307.29 45906.5 46836.4
-9446.55 674.426 13055.9 16423.7
-3940.78 3451.69 22867.2 23459.8 -1 1
-881.323 3855.6 23039.3 23376.6 1 1
-5943.67 156.649 5596.96 8166.33 -1 2
-3502.88 517.777 7458.9 8257.4 1 2
event 88
8905.93 -5058.65 -6611.33 12578
4873.66 -3307.08 2020.39 6954.29
6129.62 -3246.16 -2686.23 7438.87 -1 1
2776.31 -1812.5 -3925.1 5139.13 1 1
2379.91 -93.4247 -58.703 2384.81 -1 2
2493.75 -3213.66 2079.09 4569.48 1 2
event 89
7538.09 6719.26 12831 16619.1
-5050.2 3153.2 11832.3 13603
-2597.93 3079.26 8955.98 9820.99 1 2
2255.39 3727.63 4093.9 5979.4 1 1
-2452.27 73.9389 2876.36 3782.03 -1 2
5282.7 2991.63 8737.06 10639.7 -1 1
event 90
5598.36 -7288.93 -10474.4 14274.9
4457.02 -6176.85 24622.4 25959
2071.71 -4023.69 18475.7 19022.2 -1 2
3158.52 -1900.24 -3077.59 4803.11 1 1
2439.84 -5388.68 -7396.8 9471.78 -1 1
2385.31 -2153.17 6146.68 6936.76 1 2
event 91
4978.18 -4370.37 870.235 7363.96
-1987.84 -6896.32 -4622.64 9081.35
2070.86 -3506.37 1349.94 4291.45 -1 1
2907.32 -863.995 -479.702 3072.51 1 1
-771.613 -5200.83 -4607.96 6992.03 -1 2
-1216.22 -1695.49 -14.6857 2089.32 1 2
event 92
5782.47 -11096.1 49067.8 50732.6
6309.61 12947.3 24474.6 28566.4
1236.84 5944.44 9540.76 11309.4 1 2
1307.21 -2744.3 17887.7 18144.4 1 1
4475.26 -8351.77 31180.1 32588.2 -1 1
5072.77 7002.87 14933.8 17257 -1 2
event 93
6885.72 -5166.59 -15146.9 17695.4
5584.24 -10314.2 -5061.08 13144.2
3247.11 -8570.04 -4326.85 10135.2 1 2
2299.45 -1930.82 -2693.15 4034.81 -1 1
2337.13 -1744.12 -734.229 3009.05 -1 2
4586.27 -3235.77 -12453.8 13660.6 1 1
event 94
10242.1 -2401.47 -50495.1 51672.2
8862.98 3603.45 -40215.9 41454.1
2258.5 2207.22 -9751.79 10250.9 -1 2
1822.72 -937.69 -5453.83 5827.26 -1 1
8419.43 -1463.78 -45041.3 45844.9 1 1
6604.48 1396.23 -30464.1 31203.2 1 2
event 95
-5982.13 -4480.57 -17988.2 19723.8
-9421.78 4456.78 -21602.2 24184.3
-3351.57 1321.97 -4485.64 5754.37 1 2
-3068.09 -915.715 -10028 10527.3 1 1
-6070.21 3134.81 -17116.6 18429.9 -1 2
-2914.04 -3564.86 -7960.21 9196.52 -1 1
event 96
-11178.8 -3150.54 -31221.9 33455.8
-7668.39 -3376.36 32926.6 34116.8
-5539.47 -2182.62 -19867.3 20740.6 -1 1
-5639.38 -967.912 -11354.6 12715.2 1 1
-3480.38 -2743.63 12707.1 13458.1 -1 2
-4188.01 -632.724 20219.6 20658.7 1 2
event 97
17038 -15565.3 12202.5 26288.1
-1302.89 -5328.82 12524.6 14019.6
505.668 -4022.98 7687.01 8691.46 1 2
3242.84 -2579.65 949.873 4252.53 1 1
-1808.55 -1305.84 4837.58 5328.17 -1 2
13795.2 -12985.7 11252.6 22035.6 -1 1
event 98
5201.1 3268.07 5779.75 8984.89
132.011 -15157.1 21133.9 26191.4
1971.95 2853.67 2040.25 4025.64 1 1
3229.14 414.399 3739.5 4959.24 -1 1
-1277.77 -10175.6 14876.7 18069.4 1 2
1409.78 -4981.48 6257.18 8121.95 -1 2
event 99
-7137.9 2286.77 -14625.6 16723.5
-501.569 -5798.65 19726.8 20799.4
-3209.75 2464.21 -5933.51 7182.79 1 1
-3928.15 -177.437 -8692.1 9540.73 -1 1
-1416.68 -3965.37 15999.6 16544.8 -1 2
915.111 -1833.28 3727.19 4254.58 1 2
event 100
2389.94 -9518.73 -43660.8 44857.3
-1790.17 5173.01 3521.4 7208.04
2805.88 -5171.45 -26945.3 27580.4 1 1
-415.938 -4347.27 -16715.5 17276.9 -1 1
-834.095 3275.27 364.403 3401.04 -1 2
-956.078 1897.73 3157 3807 1 2
event 101
-2999.01 -7609.06 -408.951 8755
-10819.9 6494.41 10012.5 16403.9
-8361 6360.29 8483.5 13503.4 1 2
-2654.32 -2670.33 -517.234 3801.94 -1 1
-2458.89 134.127 1528.97 2900.52 -1 2
-344.692 -4938.73 108.283 4953.06 1 1
event 102
2417.28 -7127.54 3680.07 8931.91
3069.46 -4618.17 6668.69 9209.03
668.61 -4608.72 805.001 4727.21 1 1
1748.67 -2518.82 2875.07 4204.7 -1 1
2075.08 -708.911 1532.5 2677.36 -1 2
994.38 -3909.26 5136.19 6531.67 1 2
event 103
22320.9 3206.46 34117.8 41013.6
-4856.44 4761.9 -3536.17 8267.77
-2563.45 2467.39 -128.59 3561.89 1 2
5302.82 -553.063 8082.69 9683.33 -1 1
-2292.99 2294.51 -3407.58 4705.88 -1 2
17018.1 3759.53 26035.1 31330.3 1 1
event 104
8644.73 4768.31 29235.6 31012.6
6230.99 3999.54 -6119.4 10092.6
5256.84 3445.02 22443.8 23307.4 1 1
3387.89 1323.29 6791.82 7705.12 -1 1
1384.82 2637.73 -2517.77 3902.01 -1 2
4846.18 1361.81 -3601.63 6190.54 1 2
event 105
1209.57 -8868.66 24384.6 26159.4
8050.64 -3628.16 5838.71 11029.9
-422.723 -5597.02 17271.5 18161 -1 1
1632.29 -3271.63 7113.06 7998.42 1 1
3534.48 -875.252 811.564 3732.08 -1 2
4516.16 -2752.91 5027.15 7297.78 1 2
event 106
3718.11 2275.32 55.2131 5347.49
7025.45 -9503.63 -22017.3 25179.9
1713.47 2789.08 36.5593 3275.28 1 1
2004.64 -513.757 18.6538 2072.21 -1 1
5276.31 -5042.09 -11482.8 13606.2 -1 2
1749.14 -4461.54 -10534.4 11573.7 1 2
event 107
-270.043 -5481.47 20692.2 21630.5
12891.4 4500.39 44081.1 46251.2
-1524.72 -2905.81 13364.3 13761.7 1 1
1254.68 -2575.66 7327.98 7868.84 -1 1
7266.98 4039.21 27990.7 29199.5 -1 2
5624.45 461.178 16090.5 17051.7 1 2
event 108
-1470.77 -7533.03 1503.18 8411.92
6237.5 -1037.71 -5704.02 9061.44
4704.91 640.325 -3562.84 5937.28 1 2
-2154.3 -3217.48 335.746 3888.07 -1 1
1532.58 -1678.03 -2141.18 3124.17 -1 2
683.538 -4315.55 1167.44 4523.85 1 1
event 109
-1374.01 -12913.9 3475.93 13796
872.914 5353.47 6396.55 8940.3
-1861.71 -8673.12 1184.62 8950.05 -1 1
487.701 -4240.82 2291.31 4845.99 1 1
1570.98 3171.84 5359.41 6423.63 -1 2
-698.063 2181.63 1037.14 2516.67 1 2
event 110
28366.5 2600.38 -78403.6 83475.4
1669.66 5787.35 -33419.7 34099.1
2462.7 3153.31 -18590.1 19016 1 2
4698.77 1292.69 -11236.7 12248.4 -1 1
-793.045 2634.04 -14829.7 15083 -1 2
23667.8 1307.7 -67166.9 71226.9 1 1
event 111
7337.71 -3823.31 -3845.38 9635.22
4938.81 8266.74 4007.25 10880.3
3174.47 3103.59 2922.6 5316.22 1 2
3653.36 -434.57 -2504.34 4451.83 -1 1
1764.34 5163.15 1084.65 5564.05 -1 2
3684.35 -3388.74 -1341.04 5183.39 1 1
event 112
-4729.07 -6072.22 9584.73 12676.5
4256.37 4177.73 -3741.29 7691.46
2050.95 3813.99 -1670.8 4642.81 -1 2
-2783.86 -1214.28 3984.85 5011.44 1 1
-1945.2 -4857.94 5599.88 7665.07 -1 1
2205.42 363.734 -2070.49 3048.65 1 2
event 113
5482.23 -10597.8 -16770.2 20813.4
-5933.23 -784.459 -14453.5 15947.2
-3558.41 -1808.53 -10373.1 11115.1 1 2
3726.3 -3906.24 -6964.48 8812.44 1 1
-2374.82 1024.07 -4080.43 4832.13 -1 2
1755.92 -6691.53 -9805.75 12001 -1 1
