event 0
-8053.84 3824.4 -1635.42 9578.97
4506.4 -2653.03 18836.8 19792.9
1734.55 -2789.9 9549.25 10099.1 1 2
-3673.88 2562.13 -2188.24 4986.12 1 1
2771.85 136.874 9287.51 9693.85 -1 2
-4379.97 1262.27 552.817 4592.84 -1 1
event 1
6604.53 1003.93 -11605 13743.9
-6570.69 724.641 3474.99 8084.88
-2666.52 1682.54 798.411 3254.22 -1 2
1712.52 1660.73 -4461.95 5060.72 1 1
4892.02 -656.801 -7143.01 8683.14 -1 1
-3904.16 -957.901 2676.58 4830.66 1 2
event 2
5867.82 3575.1 -10405.3 12848.1
1882.87 -19671.9 -62036 65181.1
959.879 -3352 -8015.09 8741.29 -1 2
2420.44 -187.764 -3205.01 4022.07 -1 1
922.988 -16319.9 -54020.9 56439.9 1 2
3447.38 3762.87 -7200.3 8826.05 1 1
event 3
43.2682 -5872.72 -15958.6 17284.7
-4849.65 -7057.14 -9230.61 12966
-3291.04 -2295.13 -4967.49 6386.37 -1 2
1457.79 -2086.86 -7214.12 7650.81 1 1
-1558.61 -4762.01 -4263.12 6579.62 1 2
-1414.52 -3785.86 -8744.51 9633.86 -1 1
event 4
-3644.25 -4018.31 -5596.51 8386.86
-16183.4 -15277.4 17316 28367.8
-1326.66 -3570.97 -4060.58 5568.78 -1 1
-2317.59 -447.339 -1535.93 2818.08 1 1
-13074.7 -10575.2 13418.5 21514 1 2
-3108.68 -4702.12 3897.47 6853.85 -1 2
