event 0
8053.75 -799.517 -11893.9 14715.8
-8230.68 -397.307 349.691 8809.94
-5107.99 -705.271 -1219.91 5299.84 1 2
3626.78 -1751.21 -4454.76 6006.36 1 1
-3122.69 307.964 1569.6 3510.11 -1 2
4426.97 951.688 -7439.1 8709.49 -1 1
event 1
6222.9 3070.67 11096.1 13448.7
1424.14 7201.44 -23357.8 24679.3
-471.315 3335.15 -13632.4 14042.8 -1 2
968.127 1998.05 2913.2 3664.34 1 1
5254.77 1072.62 8182.86 9784.35 -1 1
1895.46 3866.29 -9725.36 10636.5 1 2
event 2
-3344.72 -14121.3 -30447.8 33871.2
2194.72 -8506.18 8588.84 12826.8
-3146.1 -7296.22 -14802.7 16800.7 -1 1
-198.626 -6825.09 -15645.1 17070.5 1 1
2317.35 -5040.08 7198.88 9088.87 -1 2
-122.635 -3466.11 1389.96 3737.93 1 2
event 3
1193.35 -9686.73 1936.51 10421
-6547.71 -4204.04 12038.4 14664.8
13.8318 -6410.44 -48.3927 6411.51 -1 1
1179.52 -3276.29 1984.91 4009.53 1 1
-1106.88 -1869.98 1741.42 2786.7 -1 2
-5440.83 -2334.06 10297 11878.1 1 2
event 4
4744.69 -1224.27 -955.112 5874.9
-4813.13 7977.02 11964.1 15476.8
3064.64 794.803 -498.66 3206.79 -1 1
1680.06 -2019.08 -456.452 2668.1 1 1
-1467.79 5382.5 6989.27 8943.53 1 2
-3345.34 2594.52 4974.85 6533.23 -1 2
