event 0
-4535.28 -3083.58 764.949 6344.54
12607 3695.78 37270 39638.9
-3872.27 -1065.86 1159.77 4181.72 -1 1
-663.012 -2017.71 -394.824 2162.82 1 1
6271.23 2588.82 15099.9 16554.5 1 2
6335.77 1106.96 22170.1 23084.4 -1 2
event 1
4368.46 3055.1 -3984.43 7340.61
-15438.8 -2790.95 3469.63 16363.8
1836.79 3114.15 -2101.86 4183.39 1 1
2531.67 -59.0501 -1882.57 3157.22 -1 1
-10495.6 -2699.46 3591.06 11417.2 -1 2
-4943.17 -91.4912 -121.436 4946.63 1 2
event 2
5689.04 -5369.28 -19519.3 21255.4
6882.79 5921.15 -13627.1 16665
2301.08 3453.36 -7911.74 8934.62 1 2
2804.93 -762.641 -8145.78 8649.51 -1 1
2884.11 -4606.64 -11373.6 12605.9 1 1
4581.71 2467.79 -5715.38 7730.38 -1 2
