event 0
-8435.76 -3512.87 2749.28 10032.5
-18046.2 -2442.42 51540.4 54750.6
-5113.41 570.293 16195.1 16993.1 1 2
-2455.53 -1799.89 2257.2 3791.48 -1 1
-12932.8 -3012.71 35345.3 37757.5 -1 2
-5980.24 -1712.98 492.079 6241.06 1 1
event 1
-4792.09 4136.78 -16818.9 18235.7
-6704.96 -10138.3 21316 24732.6
-2734.58 2918.22 -13882.1 14447.1 -1 1
-2057.51 1218.56 -2936.76 3788.66 1 1
-2538.18 -6112.01 9585.61 11648.8 1 2
-4166.78 -4026.26 11730.4 13083.8 -1 2
event 2
-5045.79 3024.99 -19253.2 20368.8
7870.12 11513.5 -31846.3 34903.8
-2352.14 2749.1 -7792.97 8592.54 1 1
-2693.65 275.893 -11460.2 11776.2 -1 1
5617.22 5916.48 -20238.5 21821.3 1 2
2252.9 5596.99 -11607.7 13082.5 -1 2
event 3
1930.21 -8309.44 21379.7 23226.2
-6317.75 6883.6 39696.4 40898.6
-1404.21 3702.14 17544.9 17986.4 1 2
1459.79 -1868.96 3623.35 4331.72 -1 1
470.421 -6440.49 17756.4 18894.5 1 1
-4913.54 3181.45 22151.5 22912.1 -1 2
event 4
16399.9 2777.98 25668.5 30743
5146.02 -14947.8 -67248.4 69151
11169.4 1246.23 19533.5 22536.1 1 1
5230.49 1531.75 6134.92 8206.87 -1 1
4675.08 -10498 -44032.7 45507.7 -1 2
470.942 -4449.79 -23215.8 23643.3 1 2
