event 0
10897.6 2003.8 29472.2 31638.2
11620.9 -17265 51123.1 55283.7
3485.26 -5890 13303 14960.6 1 2
3284.35 -355.338 6010.01 6858.9 -1 1
8135.66 -11375 37820.1 40323.1 -1 2
7613.28 2359.13 23462.2 24779.3 1 1
event 1
1724.34 -15767 44263.2 47121
-761.863 6525.52 -3000.3 7858.46
1063.42 3696.93 -1154.2 4017.65 1 2
-487.104 -5958.52 19434.1 20333.1 1 1
-1825.28 2828.59 -1846.1 3840.81 -1 2
2211.44 -9808.44 24829.1 26787.9 -1 1
event 2
-1104.91 -10632.1 -60196.5 61216.5
-1221.6 -8040.52 -41029 41941.7
-2141.63 -5755.16 -33431.5 33990.9 1 1
1036.72 -4876.9 -26765 27225.6 -1 1
-1418.98 -2834.1 -10406 10878.5 -1 2
197.382 -5206.42 -30623 31063.2 1 2
event 3
7132.33 -2850.18 8193.7 11649.9
-1372.46 4406.32 -9105.3 10667.6
3086.21 -2755 3262.92 5269.96 -1 1
4046.12 -95.1822 4930.78 6379.96 1 1
407.593 3180.94 -4037.36 5157.13 -1 2
-1780.05 1225.39 -5067.94 5510.47 1 2
event 4
-10518.2 -2468.39 33927.8 35740.9
-3640.89 3624.44 16051.8 17136.1
-1368.03 2915.22 6052.91 6857.03 1 2
-4899.11 -1762.46 11770 12870.5 -1 1
-2272.86 709.224 9998.93 10279 -1 2
-5619.05 -705.928 22157.9 22870.4 1 1
event 5
3048.5 -7035.11 9420.71 12535
-4950.53 6829.24 -20237 22142.1
-968.909 3742.13 -7356.69 8311.1 -1 2
1952.92 -1653.21 1756.37 3105.32 1 1
1095.58 -5381.91 7664.34 9429.66 -1 1
-3981.62 3087.11 -12880.3 13831 1 2
event 6
-5710.24 661.828 -18388.6 19615.7
-6639.26 -6376 -2257.19 9970.87
-2885.34 994.059 -14371.9 14692.7 1 1
-2824.9 -332.232 -4016.75 4923 -1 1
-4261.46 -2324.35 -251.841 4861.81 -1 2
-2377.8 -4051.65 -2005.35 5109.05 1 2
event 7
-3092.5 6824.67 20357.1 21912.2
6655.97 -1621.75 17509.6 19055.3
2256.09 -1984.94 8616.38 9125.95 1 2
322.222 2076.68 7450.06 7741.51 -1 1
-3414.72 4748 12907.1 14170.7 1 1
4399.88 363.194 8893.27 9929.36 -1 2
event 8
4255.52 -5903.13 25577.6 26772.4
7318.22 3193.32 20646.7 22352.5
3219.94 2444 13354.7 13953.5 1 2
933.585 -2754.57 6027.06 6692.97 1 1
3321.94 -3148.55 19550.5 20079.4 -1 1
4098.28 749.317 7292 8398.92 -1 2
event 9
6308.7 6568.48 12300.2 15615
1521.53 -9743.62 3609.87 10948.8
-871.006 -2907.42 553.815 3087.01 -1 2
2432.69 809.042 4434.7 5123.5 1 1
2392.53 -6836.2 3056.05 7861.84 1 2
3876.01 5759.43 7865.54 10491.5 -1 1
event 10
-17426.3 655.86 -12767 21833.3
-4203.99 -6462.12 14788.8 16962.6
-10580.4 384.106 -5848.05 12095.6 1 1
-6845.83 271.754 -6918.96 9737.68 -1 1
-3563.03 -3444.88 11074.8 12133.7 -1 2
-640.959 -3017.24 3713.93 4828.97 1 2
event 11
195.255 -5712.39 -494.402 6519.56
11597.3 -937.171 -24202.9 27032.3
-1246.79 -3182.62 466.386 3451.41 -1 1
1442.05 -2529.77 -960.788 3068.15 1 1
7261.25 -1994.04 -14041.5 15933.5 1 2
4336.03 1056.87 -10161.4 11098.8 -1 2
event 12
2731.34 -6423.16 17391.6 18994.1
11152 11741 -41305.1 44473.8
2571.4 -3333.33 12639.4 13322.5 1 1
159.942 -3089.83 4752.19 5671.61 -1 1
6797.89 6957.6 -20595.7 22777.5 1 2
4354.11 4783.42 -20709.4 21696.3 -1 2
