event 0
976.963 -9455.44 35012.8 36412.2
-4989.22 -4260.98 -2919.39 7820.64
-3111.99 -2533.84 -98.1183 4015.68 -1 2
-1124 -3148.32 11222.5 11710.3 -1 1
2100.96 -6307.12 23790.3 24701.9 1 1
-1877.23 -1727.14 -2821.27 3804.96 1 2
event 1
-3776.54 -5388.07 -1430.22 7411.55
-10683.1 -19689.9 -48310.3 53341.3
-2986.56 -3354.44 -2316.18 5054.47 1 1
-789.978 -2033.63 885.965 2357.08 -1 1
-7151.26 -10162.2 -27843.1 30490.4 -1 2
-3531.87 -9527.72 -20467.1 22851 1 2
event 2
-543.641 -17830.9 -34373.1 38850.2
-3165.46 -4451.27 2619.66 6803.5
1146.08 -11325.3 -21540.4 24363.4 -1 1
-1689.72 -6505.61 -12832.7 14486.8 1 1
-2560.36 -1750.63 2576.47 4033.55 -1 2
-605.106 -2700.64 43.1973 2769.95 1 2
event 3
-2547.55 5722.7 10912.8 12958.4
-1128.53 -21568.4 -1337.87 21859.8
-835.162 3611.49 3651.96 5204.65 -1 1
-1712.39 2111.21 7260.85 7753.74 1 1
-1885.5 -13194 -1736.67 13441.1 -1 2
756.969 -8374.44 398.796 8418.7 1 2
event 4
2279.46 -7802.23 19479.8 21333.7
-7741.3 -1588.01 -7985.16 11653.5
1055.57 -4345.13 6843.67 8175.66 1 1
1223.89 -3457.09 12636.2 13158 -1 1
-5765.73 -2031.86 -4393.47 7529 -1 2
-1975.57 443.854 -3591.68 4124.47 1 2
event 5
-2187.15 -11395.2 -11489.3 16620.1
-5393.83 3213.2 -1283.82 7117.39
-3265.82 2256.41 -2279.21 4578.53 1 2
-2473.62 -4989.11 -4793.07 7348.11 -1 1
-2128.01 956.793 995.39 2538.87 -1 2
286.475 -6406.07 -6696.25 9272.04 1 1
event 6
4245.98 -6255.92 -7377.45 11188.3
16572 -7174.22 -65658.5 68166.9
13898.5 -6952.21 -58231.3 60269.3 1 2
922.621 -3102.66 -1108.57 3423.13 1 1
2673.54 -222.018 -7427.22 7897.59 -1 2
3323.36 -3153.26 -6268.88 7765.17 -1 1
event 7
7639.4 604.978 -28609.5 29779.6
-7074.03 -8107.09 49764.5 51008.5
-2051.56 -4691.78 22679.9 23251 -1 2
1608.48 1419.82 -8641.73 8904.7 1 1
6030.92 -814.844 -19967.8 20874.9 -1 1
-5022.48 -3415.31 27084.6 27757.5 1 2
