event 0
-6209.96 4607.66 -6307.83 10448.6
-257.846 -6306.27 -15920.4 17403.6
-2762.05 3872.91 -3082.61 5669.39 -1 1
-3447.9 734.749 -3225.22 4779.24 1 1
-722.354 -2168.4 -9336.87 9613.12 -1 2
464.508 -4137.87 -6583.49 7790.45 1 2
event 1
-26231.2 -4355.3 3548.95 27004.3
7455.62 -523.229 10110.9 12949.2
-18280.7 -2864.03 1035.43 18533 -1 1
-7950.5 -1491.28 2513.52 8471.33 1 1
3950.08 -1813.78 5205.1 6782.12 -1 2
3505.55 1290.55 4905.78 6167.03 1 2
event 2
-4615.91 -3373.51 6293.38 9048.97
913.828 -13402.3 -35649.6 38222.2
-3252.71 -558.349 2565.09 4181.24 1 1
-1363.2 -2815.16 3728.29 4867.73 -1 1
-207.689 -8967.73 -26771.6 28234.6 -1 2
1121.52 -4434.58 -8878 9987.66 1 2
event 3
9092.39 3622.47 32881.8 34447
2387.72 -4617.86 -9580.67 11331.6
-62.7623 -3132.8 -5716.95 6520.2 1 2
4982.56 363.082 14907.6 15722.8 1 1
2450.48 -1485.06 -3863.72 4811.42 -1 2
4109.83 3259.39 17974.2 18724.2 -1 1
event 4
5970.91 7563.79 -9821.08 14103.4
3632.39 -7740.05 -2699.95 9694.23
1821.65 -6838.62 -1211.84 7180.87 1 2
1982.61 4426.64 -6181.43 7857.93 -1 1
1810.74 -901.43 -1488.11 2513.36 -1 2
3988.3 3137.15 -3639.65 6245.52 1 1
