event 0
907.033 5965.01 8958.9 11236.4
8392.37 4351.42 -23466.3 25487.8
3305.58 1606.4 -13233.6 13734.9 -1 2
-989.489 2183.3 2162.08 3229.8 1 1
5086.8 2745.02 -10232.7 11752.9 1 2
1896.52 3781.71 6796.82 8006.62 -1 1
event 1
359.01 13721.7 -6984.93 15709.7
5312 -572.585 -6389.49 8885.93
-1046.94 8764.2 -3541.21 9510.98 -1 1
1405.95 4957.49 -3443.72 6198.7 1 1
3324.58 372.029 -1812.25 3806.13 -1 2
1987.42 -944.614 -4577.24 5079.8 1 2
event 2
10195.9 -2812.34 -23680.8 26119.7
6590.27 1769.28 2890.31 8031.61
3638.72 1906.13 2976.27 5073.75 -1 2
2910.88 -901.189 -10551.1 10982.8 1 1
7285.02 -1911.15 -13129.7 15136.8 -1 1
2951.55 -136.855 -85.9613 2957.86 1 2
event 3
5978.73 2729.42 17010.8 18497.4
7480.69 2718.97 -30098.9 31287.2
2168.38 2368.75 -10941.9 11404 -1 2
2827.92 -326.249 5938.26 6586.18 -1 1
5312.31 350.22 -19157 19883.3 1 2
3150.82 3055.66 11072.5 11911.2 1 1
event 4
-5587.11 -3500.13 -5595.36 9185.14
16346.4 -19992.9 94089 97617.9
-4286.12 -1375.92 -4768.33 6558.37 -1 1
-1300.98 -2124.2 -827.022 2626.77 1 1
11735.9 -12024.9 61077 63346.2 -1 2
4610.53 -7967.93 33012 34271.7 1 2
event 5
4922.09 2326.21 15595.8 16806.5
-19234.9 10591.8 1271.34 22212
2150.86 2467.25 10556.2 11052.5 -1 1
2771.23 -141.041 5039.62 5754 1 1
-10672 4304 -36.6942 11507.7 1 2
-8562.91 6287.76 1308.03 10704.3 -1 2
event 6
-9598.8 9686.98 -38029.8 40519.5
-2430.61 -4095.92 4993.84 7564.02
-2650.28 -1870.08 3894.79 5069.69 1 2
-3760.18 2570.36 -16189.5 16818.3 1 1
219.668 -2225.84 1099.05 2494.33 -1 2
-5838.62 7116.62 -21840.3 23701.2 -1 1
event 7
-4168.68 3677.31 -4505.89 7797.12
15339.7 -215.601 -6277.98 16862.9
-1447.24 3024.09 -3428.26 4796.23 1 1
-2721.44 653.213 -1077.63 3000.9 -1 1
8976.45 -164.077 -2012.49 9201.35 1 2
6363.23 -51.5243 -4265.49 7661.52 -1 2
event 8
-8997.91 1857.29 -4231.94 10578.8
-6727.23 7394.73 -7281.32 12749.4
-4728.18 6292.91 -4227.43 8935.25 1 2
-3715.1 2081.48 -2807.47 5101.73 -1 1
-1999.05 1101.82 -3053.89 3814.14 -1 2
-5282.81 -224.189 -1424.47 5477.1 1 1
event 9
2258.51 15381.6 1282.87 15903.8
-6839.12 11639.6 -69257.3 70628.7
-6046.15 8743.46 -58576.8 59533.7 1 2
1445.58 5594.3 1844.39 6066.2 1 1
-792.971 2896.14 -10680.4 11095 -1 2
812.932 9787.27 -561.523 9837.58 -1 1
event 10
8673.21 5733.24 -8371.92 13703.1
-4160.63 -6945.7 18553.7 20478.9
5775.07 1981.97 -4680.89 7694.25 1 1
2898.15 3751.27 -3691.03 6008.84 -1 1
-2142.33 -1968.85 3865.97 4839.71 -1 2
-2018.3 -4976.85 14687.7 15639.2 1 2
event 11
4398.25 -3359.04 -5726.62 8544.82
15160.2 7213.17 -1171.55 17112.1
3323.83 -1344.68 -1828.76 4026.36 -1 1
1074.42 -2014.37 -3897.86 4518.46 1 1
10514 5336.6 572.994 11805.2 -1 2
4646.18 1876.58 -1744.54 5306.89 1 2
