event 0
-9485.94 -10429.8 49077.7 51156.4
-6213.15 -1086.57 21041.7 22183.9
-5198.18 -6166.09 33206.1 34171.6 -1 1
-4287.76 -4263.66 15871.6 16984.8 1 1
-4063.13 818.333 12881.3 13532.1 -1 2
-2150.03 -1904.9 8160.34 8651.8 1 2
event 1
3146.18 8891.66 6156.06 11681.1
2139.5 5615.13 -15339.4 16762.9
2491.71 3249.53 -7255.21 8331.7 -1 2
1231.92 3827.91 873.2 4116.33 1 1
1914.27 5063.76 5282.86 7564.78 -1 1
-352.203 2365.6 -8084.18 8431.21 1 2
event 2
-5427.77 -306.206 -5299.34 8199.32
-22765.9 10526.1 -5267.73 25815.2
-3046.21 1264.74 -3569.26 4861.04 1 1
-2381.57 -1570.95 -1730.08 3338.27 -1 1
-18799.5 9444.54 -5325.05 21702.3 1 2
-3966.39 1081.55 57.3173 4112.96 -1 2
event 3
-1049.86 -6074.59 1074.73 6982.03
12703.2 2765.73 -9229.52 16241.8
149.153 -3542.32 1946.28 4045.92 -1 1
-1199.02 -2532.27 -871.55 2936.12 1 1
7105.87 -25.3546 -5060.51 8724.33 -1 2
5597.36 2791.09 -4169.01 7517.47 1 2
event 4
811.303 9230.24 1438.33 9875.06
4887.38 7834.28 -19310.8 21627.8
1961.24 4796.49 605.05 5218.24 -1 1
-1149.94 4433.74 833.283 4656.82 1 1
2642.53 6226.24 -11493.8 13336.7 -1 2
2244.85 1608.04 -7817.02 8291.08 1 2
event 5
-8130.53 3212.22 -26711.8 28276
-2103.7 -4341.47 -8375.98 10345
-3013.8 -2173.84 -5054.15 6274.08 1 2
-3526.48 2023.96 -8069.49 9036.61 1 1
910.093 -2167.62 -3321.83 4070.94 -1 2
-4604.05 1188.26 -18642.3 19239.4 -1 1
event 6
-3051.84 5291.04 -18571.7 19794.1
18490.9 -22792 -19967.3 35632.5
-2857.88 2643.84 -8055.19 8947.33 -1 1
-193.956 2647.19 -10516.5 10846.8 1 1
9453.83 -11873.8 -8465.06 17379 1 2
9037.08 -10918.3 -11502.3 18253.5 -1 2
event 7
-6187.59 606.452 -6731.42 9672.49
6427.55 7857.73 16694.4 19782.6
2654.93 1974.7 3300.84 4674.91 1 2
-2465.16 -1129.75 -1812.93 3263.63 1 1
3772.62 5883.03 13393.6 15107.7 -1 2
-3722.43 1736.2 -4918.49 6408.87 -1 1
