event 0
-11901.7 -2639.31 55762.2 57163.2
-5084.43 1064.09 -21221 22065.9
-2887.81 -897.252 -9014.16 9508.45 1 2
-5715.77 -229.173 20608.2 21387.6 -1 1
-2196.62 1961.34 -12206.8 12557.4 -1 2
-6185.95 -2410.13 35154 35775.5 1 1
event 1
-6969.4 -9001.49 -966.333 11837.4
-6093.99 -1717.99 -20655.5 21916
-5155.59 -4307.32 -1065.7 6802.94 1 1
-1813.81 -4694.17 99.3703 5034.5 -1 1
-4439.35 574.782 -11894.1 12709 -1 2
-1654.64 -2292.77 -8761.43 9206.98 1 2
event 2
8184.67 6008.32 57032.3 58011.7
-4828.56 -4150.73 -18552 19857.3
5680.26 2332.3 31110.6 31711 -1 1
2504.41 3676.02 25921.6 26300.7 1 1
-2455.5 -352.335 -4973.58 5558.89 -1 2
-2373.07 -3798.39 -13578.4 14298.4 1 2
event 3
-11425.3 490.703 -14651.9 18842.7
1818.18 5107.04 680.449 6280.22
2467.64 2358.49 294.424 3427.77 1 2
-4642.03 1521.32 -7317.16 8798.57 -1 1
-649.462 2748.55 386.025 2852.45 -1 2
-6783.31 -1030.62 -7334.73 10044.2 1 1
event 4
6547.27 -1957.61 31281.7 32168.9
-7061.16 -960.095 10887.9 13376.1
-4904.26 240.009 9050.41 10297.1 1 2
2451.41 -2095.12 10417.4 10905.6 -1 1
-2156.89 -1200.1 1837.53 3078.98 -1 2
4095.86 137.506 20864.3 21263.3 1 1
event 5
-378.801 -9218.98 17529.8 20050.4
4726.18 -2195.56 -5510.53 8192.33
-1675.3 -4679.13 8091.89 9496.88 -1 1
1296.5 -4539.85 9437.9 10553.5 1 1
3278.17 22.3282 -3878.2 5079.22 -1 2
1448.01 -2217.89 -1632.33 3113.11 1 2
