event 0
-2513.67 4273.79 -11622.1 13009.5
-891.216 -12966.8 -33959.7 36493.6
-150.913 3087.55 -5012.65 5890.12 -1 1
-2362.76 1186.24 -6609.43 7119.37 1 1
-1217.23 -8531.95 -18545.8 20450.8 1 2
326.015 -4434.86 -15413.9 16042.8 -1 2
event 1
-7195.57 -3233.89 -11004.8 13890
-6817.34 975.73 3244.21 8218.51
-4657.29 -641.06 -7445.36 8806.02 1 1
-2538.28 -2592.83 -3559.45 5083.94 -1 1
-4527.67 1851.22 3031.51 5755.69 -1 2
-2289.67 -875.491 212.691 2462.82 1 2
event 2
-846.74 8211.87 40453.5 41403.3
-1083.16 7802.59 13179.1 15663.2
-1988.24 3190.35 6040.55 7115.54 -1 2
-1400.85 2755.96 10281.3 10736.6 1 1
554.11 5455.91 30172.2 30666.7 -1 1
905.08 4612.24 7138.6 8547.67 1 2
event 3
811.571 -6750.02 11505.5 13718.2
8229.95 6014.56 20754.6 23329.2
3537.52 1218.09 5381.07 6554.76 1 2
1344.91 -2145 6044.13 6553.82 1 1
4692.44 4796.47 15373.6 16774.5 -1 2
-533.336 -4605.02 5461.38 7164.39 -1 1
event 4
-2759.38 7912.93 3731.83 9682.28
6475.13 -5094.64 -45755.1 46594
3528.09 -862.112 -20009 20336.2 -1 2
206.649 2604.66 139.013 2618.67 1 1
-2966.02 5308.27 3592.82 7063.6 -1 1
2947.04 -4232.53 -25746.1 26257.8 1 2
event 5
-1576.27 -4407.3 -8253.9 9981.33
9044.94 1614.04 24567.7 26411.7
343.217 -3440.93 -4986.03 6068.73 -1 1
-1919.49 -966.374 -3267.87 3912.6 1 1
5034.6 891.73 17714.1 18437.5 1 2
4010.34 722.314 6853.59 7974.17 -1 2
