event 0
7172.25 12787.9 -3252.17 15334.2
3109.09 -7903.41 -4761.89 10217.5
2646.82 -2604.1 -2123.73 4278.83 1 2
272.299 2303.9 -1207.5 2617.5 1 1
6899.96 10484 -2044.67 12716.7 -1 1
462.266 -5299.31 -2638.17 5938.64 -1 2
event 1
4552.92 -1974.73 18775.1 19665.3
23109.1 9299.56 -16001.5 29768.3
2213.52 -2041.21 6443.23 7112.85 -1 1
2339.41 66.4758 12331.9 12552.5 1 1
17362.5 8051.38 -11194.5 22172.3 1 2
5746.59 1248.18 -4806.99 7596.02 -1 2
event 2
2124.7 -6768.84 2760.44 8218.42
5429.92 3409.86 18314.7 19650.1
4424.38 1111.55 12853.2 13639.2 1 2
1784.11 -2709.52 -87.2477 3247.05 1 1
1005.54 2298.31 5461.42 6010.96 -1 2
340.589 -4059.32 2847.69 4971.38 -1 1
event 3
8492 8840.77 9739.1 15959.8
-6078.83 -10253.3 11633.9 16941.7
5567.65 5047.78 7678.72 10744.9 1 1
2924.35 3792.99 2060.38 5214.88 -1 1
-4245.55 -7206.23 6059.37 10328.7 -1 2
-1833.28 -3047.09 5574.54 6613.04 1 2
event 4
-5933.33 2939.8 -3085.4 7934.56
-7286.56 -259.332 20052.2 21560.2
-2921.71 -1445.15 10418.7 10917.2 -1 2
-2769.33 15.9583 -264.508 2783.99 -1 1
-4364.85 1185.82 9633.55 10643.1 1 2
-3164 2923.84 -2820.9 5150.57 1 1
event 5
11191 -7824.12 30069.5 33169.6
4890.66 894.278 -16539 17545.6
6681.79 -6447.09 19885.3 21946.5 -1 1
4509.18 -1377.03 10184.2 11223.1 1 1
3116.18 1877.04 -12581.2 13097 -1 2
1774.48 -982.762 -3957.81 4448.6 1 2
event 6
8505.01 8520.61 14166.6 18847.3
-5560.63 3222.35 -25334.4 26319.7
-3122.24 2669.97 -10497 11272.8 -1 2
2760.15 2264.5 6441.63 7365.6 -1 1
5744.86 6256.11 7724.99 11481.7 1 1
-2438.38 552.387 -14837.3 15046.9 1 2
