event 0
-9199.56 274.667 23456.1 25386.8
-3328.12 11640.5 -24205.8 27241.3
211.162 4093.52 -9275.25 10141.1 -1 2
-2073.2 592.301 9140.58 9392.03 -1 1
-3539.28 7546.94 -14930.5 17100.1 1 2
-7126.36 -317.635 14315.5 15994.7 1 1
event 1
7835.15 2082.89 -9099.44 12574.5
-7725.96 -1119.1 8983.51 12297.7
-5609.66 -2190.67 6505.33 8865.53 1 2
2585.6 2145.71 -4322.1 5475.5 -1 1
-2116.31 1071.57 2478.19 3432.14 -1 2
5249.55 -62.8128 -4777.34 7099 1 1
event 2
-5252.88 -12341.9 24736.7 28309.2
-2456.43 4298.15 24383.2 25072.6
-2026.36 -6522.75 9681.42 11848.8 1 1
-3226.52 -5819.14 15055.3 16460.4 -1 1
-2679.92 1793.52 15898.5 16222.6 -1 2
223.491 2504.64 8484.63 8850.05 1 2
event 3
-8831.46 7516.7 9668.35 15413.1
7495.39 -8829.4 15345 19473.1
5568.81 -5682.63 12478.4 14799.5 1 2
-3073.67 4442.68 5225.5 7516.77 1 1
1926.57 -3146.76 2866.62 4673.59 -1 2
-5757.79 3074.02 4442.86 7896.32 -1 1
event 4
5852.65 10221.6 -31065.9 33367.8
-6764.2 1773.42 -5990.86 9714.98
3205.48 6629.61 -22988.4 24139.2 -1 1
2647.17 3591.97 -8077.5 9228.59 1 1
-2860.92 -707.108 -1691.54 3399.61 -1 2
-3903.27 2480.53 -4299.32 6315.37 1 2
event 5
1644.62 7731.5 -30373.7 31537.8
7008.09 -2794.94 34770.3 35713.9
195.284 4385.86 -21495.6 21939.6 -1 1
1449.34 3345.63 -8878.13 9598.23 1 1
5453.07 -761.241 26013 26589.5 -1 2
1555.02 -2033.7 8757.25 9124.39 1 2
