event 0
-4270.82 -4658.9 34110.3 34828.9
-7284.27 -2892.41 10774 13678.3
-3883.83 -325.462 3457.56 5211.14 1 2
-354.181 -2033.07 6560.98 6878.69 -1 1
-3916.64 -2625.83 27549.4 27950.2 1 1
-3400.44 -2566.95 7316.42 8467.2 -1 2
event 1
8722.84 -809.878 36348.4 37517.2
3639.48 -8304.97 -843.161 9618.78
5364.62 852.78 18601.2 19378.4 1 1
3358.22 -1662.66 17747.2 18138.8 -1 1
1591.55 -5196.24 895.398 5508.8 -1 2
2047.92 -3108.73 -1738.56 4109.98 1 2
event 2
5626.95 -3855.51 -17941.8 19442.9
11346.2 8133.89 15600.7 21162.9
2566.02 -2996.61 -12820.1 13413.8 1 1
3060.92 -858.9 -5121.7 6029.09 -1 1
7065.21 3203.15 8054.71 11183.3 -1 2
4280.97 4930.74 7546.02 9979.6 1 2
event 3
2810.42 6855.28 5980.74 10012.7
9333.9 -558.087 -27863.8 29553.6
3835.18 1270.21 -10708 11445.3 -1 2
2362.39 2046.79 3016.58 4345.24 1 1
5498.72 -1828.3 -17155.7 18108.3 1 2
448.029 4808.49 2964.16 5667.42 -1 1
