event 0
-6596.64 1702.04 17440.8 18978.5
7132.74 2032.28 3240.55 8665.9
2588.74 2240.62 864.137 3532.69 -1 2
-2337.5 1317.45 10391 10732.4 -1 1
4544 -208.344 2376.42 5133.21 1 2
-4259.14 384.592 7049.78 8246.14 1 1
event 1
-3001.47 -8087.74 -4042.13 10017.5
8935.47 5165.94 -24102.2 26401.5
3367.9 719.469 -5608.16 6582.02 -1 2
226.968 -3296.07 -839.131 3410.41 -1 1
5567.57 4446.47 -18494.1 19819.5 1 2
-3228.44 -4791.67 -3203 6607.06 1 1
event 2
-4806.19 -3601.45 -22412.9 23409.4
4742.51 -6318.66 -23409 24899.5
-3968.98 -1228.51 -12118.4 12811.3 -1 1
-837.205 -2372.94 -10294.6 10598.2 1 1
1149.15 -4078.22 -11062.8 11846.9 -1 2
3593.35 -2240.45 -12346.2 13052.7 1 2
event 3
5194.66 4033.6 -10834.8 13047.5
-3342.53 6998.41 2820.04 8814.38
-2638.94 2306.71 533.664 3546.96 -1 2
701.941 2336.26 -4163.12 4826.34 1 1
4492.72 1697.34 -6671.7 8221.21 -1 1
-703.59 4691.7 2286.38 5267.42 1 2
event 4
-2417.62 -5791.82 4986.03 8593.13
-912.247 -9899.31 9095.11 13825.4
1143.87 -3059.68 2748.23 4270.13 1 2
-1863.05 -917.6 1721.68 2699.69 1 1
-2056.11 -6839.63 6346.89 9555.22 -1 2
-554.568 -4874.22 3264.34 5893.44 -1 1
event 5
10455.4 -3806.71 15482.4 19315.9
-8628.33 -4227.48 -2310.82 10356.2
-2934.64 -1967.81 579.354 3582.07 1 2
1592.03 -1567.05 1854.32 2905.15 1 1
8863.32 -2239.67 13628.1 16410.7 -1 1
-5693.69 -2259.67 -2890.17 6774.11 -1 2
event 6
-1206.87 4469.04 -18805.6 19613
11575.6 -6506.79 -26234.4 29566.4
576.316 3360.48 -12938.9 13381 -1 1
-1783.18 1108.56 -5866.77 6232.08 1 1
5723.92 -4329.9 -16598.6 18084.1 1 2
5851.66 -2176.89 -9635.88 11482.2 -1 2
