event 0
-3060.33 6589.85 -3498.41 8638.39
-5228.88 5604.7 -16265.8 18246.1
-3360.29 1686.6 -9374.6 10101 -1 2
45.9314 2146.95 63.485 2150.98 -1 1
-3106.26 4442.9 -3561.9 6487.41 1 1
-1868.59 3918.1 -6891.21 8145.12 1 2
event 1
3689.05 -3900.78 10297.9 12019.3
-9099.38 4836.17 11842.7 16000.8
2960.78 -1559.32 3753.02 5029.32 -1 1
728.268 -2341.45 6544.88 6989.95 1 1
-6266.03 1704.02 7845.25 10184.6 1 2
-2833.35 3132.15 3997.43 5816.26 -1 2
event 2
-10211.5 -10018.3 11507.2 18618.5
-4716.82 111.812 -23456.7 24126.2
-5570.84 -5288.14 4205.45 8757.61 -1 1
-4640.71 -4730.14 7301.73 9860.88 1 1
-2921.26 1364.68 -10470.2 10955.9 -1 2
-1795.56 -1252.87 -12986.5 13170.2 1 2
event 3
6285.38 -7207.94 -5688.55 11550.3
7337.78 -413.479 -3426.46 8680.18
5024.29 1074.79 -2817.6 5860.78 -1 2
1277.54 -3534.48 -2865.87 4727.47 1 1
5007.84 -3673.47 -2822.68 6822.87 -1 1
2313.49 -1488.27 -608.861 2819.4 1 2
event 4
7083.51 -2629.04 -24835.4 26143.3
-9170.75 -6008.1 -25616.2 28035.4
4445.51 -20.6778 -12985.1 13725.4 -1 1
2638 -2608.37 -11850.4 12417.9 1 1
-4141.9 -3996.5 -15914.4 16923.6 -1 2
-5028.85 -2011.6 -9701.79 11111.8 1 2
