event 0
3728.51 7577.18 25268.4 26821.5
-5833.01 -7039.08 209.67 9654.43
-2231.36 -3112.42 1592.06 4148.73 1 2
1649.43 3209.69 6455 7396.01 1 1
-3601.64 -3926.66 -1382.39 5505.69 -1 2
2079.08 4367.49 18813.4 19425.5 -1 1
event 1
-9667.37 1182.53 -47281 48372.9
3418.39 3573.42 3210.26 6659.68
1182.83 3344.47 2320.74 4240.47 1 2
-4657.7 -363.505 -16522.3 17170.4 -1 1
2235.56 228.944 889.523 2419.21 -1 2
-5009.67 1546.04 -30758.7 31202.5 1 1
event 2
-4530.64 -2967.3 6360.5 8909.46
-9280.72 -633.461 -22331.5 24388.9
-3542.9 -1536.08 -10933 11595.4 -1 2
-571.229 -1958.29 1373.47 2461.46 -1 1
-5737.82 902.624 -11398.5 12793.5 1 2
-3959.41 -1009.02 4987.03 6448 1 1
event 3
-108.373 11324.7 -1767.1 11873.1
-3432.8 2113.1 -1538.75 5311.1
169.881 6698.19 485.512 6718.74 1 1
-278.254 4626.54 -2252.62 5154.39 -1 1
-3064.82 136.467 -955.614 3214.98 -1 2
-367.982 1976.64 -583.138 2096.12 1 2
