event 0
-8216.83 -1249.08 -4737.74 10055.5
-7308.28 -6335.95 5597.91 11596.7
-5359.35 -4827.87 2495.95 7633.6 1 2
-2920.63 -1300.21 -3234.08 4548.74 -1 1
-1948.93 -1508.08 3101.95 3963.07 -1 2
-5296.2 51.1229 -1503.66 5506.77 1 1
event 1
5037.14 -13362.8 50919.1 52974.4
1715.2 5648.32 22876.3 23827.8
331.722 4159.94 18962.8 19416.9 1 2
3303.15 -4827.29 22681 23423.3 -1 1
1383.47 1488.38 3913.51 4410.89 -1 2
1734 -8535.55 28238.1 29551.1 1 1
event 2
-3026.77 -5179.47 10474.4 12461.6
5394.39 -9636.49 -2555.01 11750.8
1132.31 -3722.79 -2155.43 4449.54 -1 2
44.0229 -2459.32 5406 5940.21 1 1
4262.08 -5913.7 -399.574 7301.23 1 2
-3070.79 -2720.15 5068.42 6521.43 -1 1
event 3
-823.03 5301.27 -16352.1 17486.1
7647.24 -12347.4 -32327.8 35575.5
-1533.53 2666.42 -5572.99 6366.38 -1 1
710.503 2634.85 -10779.1 11119.7 1 1
4884.99 -9053.47 -25611.9 27600.8 -1 2
2762.25 -3293.89 -6715.9 7974.6 1 2
event 4
8266.81 8451.7 -36284.1 38287
-6192.71 -6870.17 40733.3 41884.9
-5390.91 -4296.1 25554.6 26468.2 -1 2
2850.86 1244.02 -7382.67 8011.87 -1 1
5415.95 7207.67 -28901.4 30275.2 1 1
-801.797 -2574.07 15178.7 15416.6 1 2
event 5
2932.53 -3929.02 10921.1 12365.2
-10632.6 2518.13 6301.82 12988.4
773.107 -3417.05 5705.44 6696.05 -1 1
2159.42 -511.968 5215.64 5669.15 1 1
-5847.09 965.89 5088.98 7812.19 1 2
-4785.53 1552.24 1212.85 5176.18 -1 2
event 6
9117.92 8.06106 8634.43 13087.3
-6396.19 3316.68 -20027.2 21508
6510.66 -1659.81 5534.57 8705.53 -1 1
2607.27 1667.87 3099.86 4381.77 1 1
-1655.42 2516.35 -6990.68 7612.7 -1 2
-4740.77 800.328 -13036.6 13895.3 1 2
event 7
1238.68 -11498 -10712.6 16065.1
-13001.4 -9773.21 36891 40436.2
-4414.09 -2961.79 8786.86 10270.2 -1 2
-1041.03 -3282.08 -3123.04 4649.77 -1 1
-8587.34 -6811.41 28104.1 30166.1 1 2
2279.71 -8215.88 -7589.55 11415.3 1 1
event 8
7504.45 7758.33 23759.3 26279.4
-4631.16 -4727.37 -5306.02 9029.97
-2248.71 -4093.84 -2519.71 5308.14 -1 2
2908.21 1064 7063.37 7713.12 -1 1
4596.24 6694.33 16696 18566.3 1 1
-2382.44 -633.534 -2786.31 3721.84 1 2
event 9
-12106 -7599.04 -26718.2 30459.1
-120.739 -6560.21 -16156.4 17710.7
-8646.14 -6407.3 -17549.9 20586.9 1 1
-3459.85 -1191.74 -9168.32 9872.18 -1 1
-1016.52 -2042.8 -8248.84 8559.26 -1 2
895.784 -4517.41 -7907.51 9151.47 1 2
event 10
-6128.08 -6217.3 8831.92 12798.5
-6727.56 -3425.21 5830.83 10029
-3953.55 -2644.29 6347.3 7932.36 1 1
-2174.52 -3573.01 2484.62 4866.16 -1 1
-3888.5 -3420.66 4619.22 6940.44 -1 2
-2839.06 -4.55243 1211.61 3088.6 1 2
event 11
17081 892.371 17426.9 24613.9
-4078.08 3206.5 -892.823 6107.44
11771.1 -95.3019 10100.5 15511.3 1 1
5309.83 987.673 7326.43 9102.61 -1 1
-1886.45 2953.27 431.033 3532.35 -1 2
-2191.63 253.227 -1323.86 2575.1 1 2
event 12
5094.52 -2808.33 -9986.75 11965.2
-10173.9 -9614.95 -13589.2 19854.7
2665.12 -3153.84 -6455.1 7663.49 -1 1
2429.4 345.507 -3531.64 4301.75 1 1
-6685.1 -6389.91 -11233.1 14550.4 -1 2
-3488.8 -3225.04 -2356.05 5304.22 1 2
event 13
3837.88 -6078.11 22808.6 24114.2
-5036.31 -5429.95 -4470.25 9188.17
1085.82 -4017.08 15282.7 15839.4 -1 1
2752.05 -2061.03 7525.91 8274.79 1 1
-3913.32 -2390.12 -3600.82 5831.27 -1 2
-1123 -3039.83 -869.429 3356.9 1 2
event 14
-4010.04 3293.09 -3909.58 7197.26
-11463.4 845.186 -9923.7 15498.2
-3334.67 1192.99 -3441.88 4939.73 -1 1
-675.372 2100.1 -467.698 2257.53 1 1
-6078.44 1965.37 -4956.87 8086.53 -1 2
-5384.95 -1120.18 -4966.82 7411.68 1 2
event 15
2422.41 10914.4 31870.1 33915.9
-4320.39 -2246.28 23209.1 23915.8
-2153.79 -2703.08 11935.5 12426.3 1 2
2400.58 4119.11 14475 15240.3 -1 1
-2166.6 456.8 11273.7 11489.5 -1 2
21.8316 6795.29 17395.1 18675.6 1 1
event 16
902.02 8399.13 -1641.51 9145.75
-4584.57 -1053.24 6172.13 8355.48
-3247.14 732.129 3043.38 4511.46 1 2
672.323 4134.43 739.544 4254.84 1 1
-1337.43 -1785.37 3128.75 3844.02 -1 2
229.697 4264.7 -2381.06 4890.91 -1 1
event 17
-6615.72 1243.12 -9735.68 12234.7
-5146.59 4292.94 11122.2 13349.6
-4284.43 -730.829 -5482.37 6996.99 -1 1
-2331.29 1973.95 -4253.31 5237.67 1 1
-2302.98 3872.03 6784.21 8144.51 -1 2
-2843.61 420.915 4338.04 5205.1 1 2
event 18
-12380.2 4885.37 -22164.3 26038.1
9590.02 2430.97 -9154.65 13830.3
2543.41 1615.41 -4228.47 5193.23 1 2
-2824.4 660.182 -7414.46 7962.32 1 1
-9555.84 4225.19 -14749.8 18075.8 -1 1
7046.61 815.56 -4926.17 8637.03 -1 2
event 19
-8440.74 -2406.75 -35919.4 37105.7
-7136.78 -955.559 5949.43 9840.39
-3164.86 -1980.11 2867.77 4708.76 1 2
-2054.81 -1594.66 -6757.61 7241.66 -1 1
-6385.93 -812.091 -29161.8 29864 1 1
-3971.91 1024.55 3081.66 5131.63 -1 2
event 20
-1501.78 6290.54 16862.4 18323.6
-30395.3 8931.17 -63372.6 70917.7
688.154 3616.06 9526.67 10213.6 1 1
-2189.94 2674.48 7335.69 8110.01 -1 1
-19730.3 7267.29 -42724.6 47618.3 1 2
-10665 1663.88 -20648 23299.4 -1 2
event 21
9360.13 4982.76 27074.9 29241.8
1231.16 8630.68 22919.2 24716.1
621.553 5294.22 17743 18526.8 -1 2
2951.56 3149.37 9155.48 10122.5 1 1
6408.57 1833.39 17919.5 19119.3 -1 1
609.604 3336.46 5176.13 6189.27 1 2
event 22
-11037.3 -10738 56102.8 58260.2
-8856.39 -231.113 -17446 19810.2
-6735.01 1170.11 -12962.1 14654.5 1 2
-6247.91 -4454.74 31416.6 32340.3 -1 1
-2121.38 -1401.23 -4483.95 5155.65 -1 2
-4789.39 -6283.3 24686.2 25919.8 1 1
event 23
149.867 -5431.14 -2818.27 6859.55
8586.35 11643.1 72465.7 73960.5
1246.39 -3142.41 -496.879 3418.52 1 1
-1096.53 -2288.73 -2321.39 3441.03 -1 1
5865.15 6913.58 51732.7 52521.3 -1 2
2721.2 4729.54 20732.9 21439.2 1 2
event 24
-4843.72 -3350.26 7208.53 9810.19
4534.44 10776.6 -9489.88 15373.5
2267.11 2383.44 -1722.71 3714.76 -1 2
-1018.11 -1872.63 4238.7 4745.63 -1 1
2267.33 8393.18 -7767.17 11658.8 1 2
-3825.61 -1477.64 2969.83 5064.56 1 1
event 25
-1531.51 -7855.63 26993.5 28324.8
-7990.19 2929.03 24782.9 26385.7
-3542.06 -302.247 9878.52 10499.2 -1 2
111.016 -2672.96 5029.5 5697.73 1 1
-4448.13 3231.27 14904.4 15886.4 1 2
-1642.52 -5182.67 21964 22627.1 -1 1
event 26
3329.12 5185.09 5725.51 8963.32
2456.52 -7780.95 39675 40623.6
-14.8022 -3870.83 22765.1 23092.1 1 2
2189.59 1269.57 1007.37 2726.18 -1 1
2471.32 -3910.12 16909.9 17531.5 -1 2
1139.53 3915.52 4718.14 6237.13 1 1
event 27
7422.05 -9042.8 -1982.93 12263
7537.85 -6300.39 -47213.4 48324
3643.69 -4828.86 -2566.81 6572.21 1 1
3778.36 -4213.95 583.871 5690.82 -1 1
4598.53 -5602.06 -34923.2 35667.5 -1 2
2939.32 -698.329 -12290.2 12656.5 1 2
event 28
-6963.47 1288.49 -9700.31 12403.1
6453.73 -2470.04 -5334.57 9262.83
-4248.17 -255.768 -7344.78 8489.36 1 1
-2715.3 1544.25 -2355.53 3913.72 -1 1
4904.69 -394.531 -2933.35 5729.51 -1 2
1549.05 -2075.51 -2401.22 3533.32 1 2
event 29
2827.17 4970.4 7625.81 10022
6307.43 -4060.43 2445.24 8476.05
2171.4 -2221.54 2434.86 3948.4 -1 2
-146.617 2045.26 1255.03 2406.42 -1 1
4136.03 -1838.89 10.3774 4527.64 1 2
2973.79 2925.14 6370.78 7615.63 1 1
event 30
11941.3 840.527 -1500.8 12455.7
-2576.26 5206.77 -14081.6 15544.4
-836.266 4091.48 -11503.5 12238.5 1 2
4770.07 1129.34 -1920.12 5265.64 1 1
-1739.99 1115.29 -2578.09 3305.93 -1 2
7171.24 -288.812 419.323 7190.07 -1 1
event 31
-12613.3 -4323.57 -7190.59 15462.3
180.683 -6770.08 3883.09 8398.56
-411.935 -4368.32 3974.07 5920.83 -1 2
-3965.84 -77.6468 -1326.6 4183.89 -1 1
-8647.44 -4245.92 -5863.99 11278.5 1 1
592.618 -2401.77 -90.9802 2477.73 1 2
event 32
5635.13 11396.7 14183.4 19297.7
-7883.93 -977.136 -477.014 8539.88
3497.96 9007.72 9019.23 13218.6 -1 1
2137.17 2389.02 5164.22 6079.08 1 1
-1815.39 -1352.51 644.757 2356.22 -1 2
-6068.54 375.37 -1121.77 6183.66 1 2
event 33
5455.45 -2737.19 -8894.77 11223.3
-9210.67 -1687.43 -28499.4 30157.8
-3308.87 -394.702 -15025.2 15390.6 -1 2
2117.93 224.75 -4396.17 4886.06 -1 1
-5901.8 -1292.73 -13474.2 14767.1 1 2
3337.52 -2961.94 -4498.6 6337.25 1 1
event 34
18834.8 -1840.79 17782.5 26152.4
159.514 4335.34 4727.82 7125.01
1582.62 2901.54 2875.56 4382.2 1 2
9141.17 -1563.1 10597 14082.3 1 1
-1423.1 1433.79 1852.26 2742.81 -1 2
9693.64 -277.689 7185.52 12070.1 -1 1
event 35
-3977.37 -8428.43 -2307.73 10088.3
3505.68 4398.69 3819.07 7470.95
-2810.15 -3932.33 -2490.91 5438.38 1 1
-1167.22 -4496.1 183.177 4649.95 -1 1
2279.71 1998.49 3681.38 4770.2 -1 2
1225.97 2400.19 137.69 2700.75 1 2
event 36
1052.05 -7395.53 2692.13 8522.86
9805.14 -3299.99 23672.6 26019.5
-182.491 -4446.7 179.339 4455.3 -1 1
1234.54 -2948.84 2512.8 4067.56 1 1
5067.94 -1361.22 15609.9 16468.7 -1 2
4737.2 -1938.77 8062.72 9550.84 1 2
event 37
5693.34 1577.42 23068.5 24013.5
-6640.69 7658.27 -7090.44 12752
3352.89 2255.41 11472.7 12164 1 1
2340.45 -677.988 11595.8 11849.5 -1 1
-4742.9 3854.29 -2841.53 6740.63 1 2
-1897.79 3803.97 -4248.91 6011.34 -1 2
event 38
-9415.83 4671.85 -27053 29188
-15426.4 1563.58 67393.5 69223.5
-6914.4 -612.714 33303.8 34019.7 1 2
-3538.19 175.734 -9432.85 10076.7 -1 1
-8512 2176.3 34089.6 35203.8 -1 2
-5877.64 4496.12 -17620.2 19111.4 1 1
event 39
6145.81 -5321.55 27712.3 29045.7
3524.39 9690.67 -45876.1 47122.6
2320.21 4376.2 -15864.4 16620 -1 2
3445.2 -977.009 11523.5 12067.5 1 1
1204.18 5314.47 -30011.7 30502.6 1 2
2700.61 -4344.54 16188.8 16978.1 -1 1
event 40
-10633.3 -2681.13 -19230.2 22352.8
-5665.31 -4507.01 -318.255 7880.46
-5418.39 -2706.1 -8694.15 10596.3 -1 1
-5214.88 24.9693 -10536.1 11756.5 1 1
-3615.8 -1332.52 -1123.91 4015.46 -1 2
-2049.52 -3174.49 805.656 3865 1 2
event 41
-5033.8 7707.84 -14709.6 17627.1
12571.6 -6721.56 -50997.6 53043.1
-3694.31 3248.73 -6087.48 7827.57 -1 1
-1339.49 4459.11 -8622.14 9799.51 1 1
7668.48 -2423.37 -26641.6 27829.2 1 2
4903.09 -4298.19 -24356 25213.9 -1 2
event 42
-5348.38 -2376.14 -15294.6 16666.4
4063.89 -7738.12 -2125.58 9513.29
1094.66 -4160.47 211.537 4308.56 1 2
-2096.74 537.416 -3869.93 4435.39 -1 1
2969.23 -3577.65 -2337.12 5204.73 -1 2
-3251.64 -2913.55 -11424.7 12231 1 1
event 43
-14666.8 -2332.22 4786.13 15907.6
5581.66 4902.31 -1441.6 8176.62
3499.67 1779.79 483.625 3957.32 1 2
-4625.68 129.874 303.757 4638.66 1 1
2081.99 3122.52 -1925.22 4219.3 -1 2
-10041.1 -2462.1 4482.37 11268.9 -1 1
event 44
5362.71 4781.83 25276.5 26459.7
-20242.6 -774.631 -30846.7 37033.4
3310.87 2162.18 18390.6 18811.2 -1 1
2051.84 2619.65 6885.89 7648.48 1 1
-12942.2 215.965 -17225 21546.6 1 2
-7300.46 -990.596 -13621.7 15486.8 -1 2
event 45
3618.81 4599.33 -8623.39 10872.1
139.194 -13544.9 -577.226 13907.1
3227.85 2374.46 -3703.94 5457.78 1 1
390.958 2224.87 -4919.45 5414.34 -1 1
247.37 -8840.51 -1839.7 9033.91 -1 2
-108.176 -4704.39 1262.48 4873.19 1 2
event 46
3965.97 -12627.3 11564.8 17847
1501.17 -6814.32 1144.06 7719.36
1177.44 -3925.09 2165.43 4636.04 -1 2
171.642 -3519.35 1773.26 3946 1 1
3794.33 -9107.99 9791.56 13901 -1 1
323.732 -2889.24 -1021.36 3083.32 1 2
event 47
-11505.9 -6915.11 -27350.4 30689.3
-3687.34 7048.98 -9249.83 12587.1
-2357.17 3314.29 -2550.07 4801.54 1 2
-4300 -615.7 -8200.07 9280.16 -1 1
-1330.17 3734.69 -6699.76 7785.58 -1 2
-7205.86 -6299.41 -19150.3 21409.2 1 1
event 48
10964 -2648.88 -23445.1 26201
9349.28 517.889 34415.5 35800.7
7054.78 -3110.49 -14362.6 16301.6 -1 1
3909.27 461.61 -9082.47 9899.38 1 1
3169.59 1621.23 13636.4 14093.9 -1 2
6179.7 -1103.34 20779 21706.8 1 2
event 49
5667 1041.72 2038.33 6851.69
677.118 -7151.07 3419.73 8537.1
-878.621 -3306.69 489.162 3457.83 1 2
2225.48 -1093.35 942.249 2654.65 -1 1
1555.74 -3844.38 2930.56 5079.27 -1 2
3441.52 2135.07 1096.08 4197.04 1 1
event 50
-11265.2 3731.55 7771.08 14519.3
-353.791 19085.2 29217.6 35037.5
-1649.37 7972.9 12793.4 15164.8 -1 2
-2054.86 -411.053 791.27 2242.47 1 1
1295.58 11112.3 16424.2 19872.8 1 2
-9210.34 4142.6 6979.81 12276.8 -1 1
event 51
-7209.07 3121.13 7051.27 11001.1
-13219.6 11095 -21713 27908.8
-4748.56 674.742 5169.17 7052.34 1 1
-2460.51 2446.39 1882.1 3948.72 -1 1
-6624.35 7182.54 -10722.1 14506.7 1 2
-6595.22 3912.51 -10990.9 13402.1 -1 2
event 52
-5232.16 -2313.4 -4690.57 8019.85
10712.7 632.295 -21395 24135
-3805.03 -538.026 -1564.55 4150.51 1 1
-1427.13 -1775.37 -3126.02 3869.34 -1 1
6683.99 1041.12 -16135 17496 -1 2
4028.69 -408.823 -5260.03 6639.02 1 2
event 53
-7266.16 1799.77 6174.48 10185.9
5921.67 -4779.1 14090.8 16311
4734.19 -2841.29 12047.9 13253.2 1 2
-3125.18 2341.62 2654.79 4723.24 -1 1
1187.48 -1937.8 2042.94 3057.77 -1 2
-4140.98 -541.848 3519.69 5462.66 1 1
event 54
14660.3 6357.08 15577.9 22530
-6971.03 3261.16 33661.3 34668.5
-5039.26 2229.78 28977.2 29496.7 -1 2
4756.71 570.448 4170.63 6352.72 1 1
9903.61 5786.63 11407.3 16177.3 -1 1
-1931.77 1031.38 4684.1 5171.8 1 2
event 55
1190.17 14168.5 5729.91 15639.2
-5315.88 -7076.38 -3792.3 10114.6
1239.68 7391.75 4523.67 8754.97 1 1
-49.5068 6776.75 1206.24 6884.25 -1 1
-3883.87 -2873.54 -1227.73 4986 -1 2
-1432.01 -4202.84 -2564.56 5128.61 1 2
event 56
7308.87 -2695.44 -36632.9 37579.9
-5586.29 -9981.56 9722.52 15328.3
3794.87 -2869.4 -18064.9 18681.1 -1 1
3514.01 173.963 -18568 18898.7 1 1
-4267.43 -4881.75 4383.77 7827.58 1 2
-1318.86 -5099.8 5338.74 7500.72 -1 2
event 57
-319.136 -4796.72 19636.6 20452.3
-8588.97 3523.36 -8856.45 13198.9
1012.07 -3253.55 9048.88 9669.71 1 1
-1331.2 -1543.16 10587.7 10782.6 -1 1
-4099.42 3047.12 -3500.08 6192.89 -1 2
-4489.55 476.245 -5356.37 7006.04 1 2
event 58
-12074.8 2641.58 -10935.1 16791.3
536.142 7975.98 3048.09 9098.66
1032.47 5188.47 547.185 5319.47 -1 2
-3942.57 2304.44 -4533.19 6435.48 -1 1
-8132.19 337.139 -6401.93 10355.8 1 1
-496.33 2787.51 2500.91 3779.19 1 2
event 59
-1782.62 -9129.44 -1258.32 9884.27
1834.58 -4781.54 11050.6 12567.2
-1931.28 -4404.94 -1775.48 5128.04 1 1
148.66 -4724.51 517.162 4756.23 -1 1
2280.51 -2712.78 4801.72 5968.88 -1 2
-445.935 -2068.77 6248.86 6598.34 1 2
event 60
9442 -651.086 4335.82 11043.6
4803.51 -819.699 -6317.08 8558.17
5021.34 1478.18 1953.3 5587.97 1 1
4420.66 -2129.27 2382.52 5455.6 -1 1
3190.59 621.427 -2263.46 3962.38 -1 2
1612.91 -1441.13 -4053.62 4595.79 1 2
event 61
6362.82 -911.077 -3899.07 8130.78
-10998 2523.03 1998.26 11870.4
3897.67 605.611 -1084.47 4092.17 -1 1
2465.15 -1516.69 -2814.6 4038.62 1 1
-6285.04 1392.3 2681.9 6974.52 -1 2
-4712.99 1130.72 -683.641 4895.85 1 2
