event 0
866.862 -8752.63 -7679.87 12080.2
-10075.2 -1005.37 13659.6 17282.8
-4664.7 -742.765 8876.86 10055.9 -1 2
-909.868 -3502.1 -4154.24 5510.12 -1 1
1776.73 -5250.53 -3525.63 6570.09 1 1
-5410.54 -262.607 4782.77 7226.96 1 2
event 1
8978.2 4355.47 -17918.3 20742.1
8058.62 7198.88 22624.6 25263.2
3858.51 3551.75 -9646.03 10980 1 1
5119.69 803.721 -8272.24 9762.08 -1 1
4845.77 2965.96 9061.76 10696 1 2
3212.86 4232.93 13562.9 14567.2 -1 2
event 2
7988.47 -1277.89 5634.26 10333.6
3092.24 5459.54 13508 15212.7
4871.89 -822.95 1559.11 5182.14 -1 1
3116.57 -454.945 4075.15 5151.5 1 1
-201.603 2646.35 5490.53 6099.26 -1 2
3293.85 2813.19 8017.45 9113.4 1 2
event 3
617.045 -4571.15 17219.9 18094
13141 -960.952 6971.6 15225.2
-1036.4 -3216.16 9534.55 10116.2 -1 1
1653.45 -1355 7685.39 7977.86 1 1
9132.21 -1837.74 5727.87 10935.9 1 2
4008.84 876.783 1243.74 4289.24 -1 2
event 4
12532.5 5372.3 -3965.04 14533.9
-5944.18 -6814 8911.92 13068.2
-3532.11 -1752.4 3902.86 5548.89 -1 2
2341.07 49.8323 -1474.5 2769.19 -1 1
10191.5 5322.47 -2490.55 11764.7 1 1
-2412.08 -5061.59 5009.06 7519.28 1 2
event 5
18556.6 7852.15 7195.24 21618.7
-2779.54 -10401.2 -6408.2 12906
83.2203 -5045.05 -3687.51 6250.47 1 2
4209.75 1139.47 393.864 4380.26 1 1
14346.9 6712.67 6801.38 17238.4 -1 1
-2862.76 -5356.11 -2720.69 6655.57 -1 2
event 6
-4729.93 -6036.36 -874.244 8316.56
-825.359 6534.26 -3451.53 8054.93
889.09 4522.79 -1886.95 4981.75 -1 2
-3181.84 -1585.3 -344.373 3573.1 1 1
-1548.08 -4451.06 -529.871 4743.46 -1 1
-1714.45 2011.47 -1564.58 3073.18 1 2
