event 0
4558.99 4468.91 35951.1 36644.6
-9196.67 5058.45 14057.8 17815.1
3798.8 1664.44 19210.9 19653.7 1 1
760.194 2804.47 16740.2 16990.9 -1 1
-4614.85 2751.67 9674.59 11067 1 2
-4581.83 2306.78 4383.18 6748.17 -1 2
event 1
-5329.17 7336.86 -713.255 9608.81
-2206.42 -5496.45 30153.5 30885.3
-1472.01 4624.79 -127.704 4856.23 -1 1
-3857.15 2712.07 -585.551 4752.58 1 1
-2423.5 -2954.53 22354 22678.5 -1 2
217.08 -2541.91 7799.53 8206.84 1 2
event 2
-8388.85 -569.303 -34393.8 35541.8
-5498.31 -6110.53 -3205.89 9350.92
-2731.66 -2514.85 132.94 3716.89 -1 2
-3323.14 1263.57 -14707.1 15131.1 -1 1
-5065.71 -1832.88 -19686.7 20410.7 1 1
-2766.65 -3595.68 -3338.83 5634.03 1 2
event 3
-10503.2 -7403.89 10279.4 16744.9
-4774.72 3257.97 2842.83 7147.38
-2655.51 1476.85 -181.765 3045.82 1 2
-2637.25 -3557.79 4011.05 5976.01 -1 1
-2119.2 1781.12 3024.6 4101.56 -1 2
-7865.92 -3846.1 6268.33 10768.9 1 1
event 4
4994.17 -3236.02 -18193.6 19391
-7855.15 -2094.51 35794.4 36890.5
-2239.16 -2350.02 11188.3 11650.2 -1 2
849.578 -2027.35 -4136.02 4685.05 1 1
-5615.99 255.507 24606.1 25240.4 1 2
4144.59 -1208.66 -14057.6 14705.9 -1 1
event 5
-20069.6 -7855.05 -26835 34557.2
-6788.8 -1429.51 2028.41 7863.63
-4975.33 96.0998 414.764 4994.63 1 2
-4903.4 -1707.19 -4521.66 6885.81 -1 1
-1813.47 -1525.61 1613.64 2869 -1 2
-15166.2 -6147.86 -22313.4 27671.4 1 1
event 6
6662.68 1771.35 -1283.34 7666.02
13854.1 288.566 1903.33 14326
3455.04 2151.38 -1690.88 4408.62 -1 1
3207.64 -380.035 407.54 3257.4 1 1
10898.5 772.268 307.298 10930.7 -1 2
2955.62 -483.703 1596.04 3395.31 1 2
event 7
11932.1 -13509.4 -19343.4 26620.2
6320 3393.63 5100.28 9330.62
6324.26 -6698.08 -12078.2 15190.6 1 1
5607.85 -6811.33 -7265.17 11429.6 -1 1
4031.63 759.083 3836.09 5617.56 -1 2
2288.37 2634.55 1264.19 3713.06 1 2
