event 0
-3534.16 -6625.96 -6865.51 10822
10579.5 -10709 -31706.9 35235.3
2653.46 -3989.26 -12683.1 13558.3 1 2
-2554.5 -1153.67 -2342.05 3654.14 -1 1
7926.02 -6719.71 -19023.8 21677 -1 2
-979.662 -5472.29 -4523.46 7167.88 1 1
event 1
-7718.44 -7071.18 -39556.1 41034.7
8013.06 3976.72 -8803.67 12927.5
5988.17 1817.58 -7266.54 9590.38 -1 2
-2484.09 -3575.12 -20779 21230.4 1 1
-5234.35 -3496.06 -18777.1 19804.3 -1 1
2024.9 2159.14 -1537.13 3337.07 1 2
event 2
-8487.89 -4791.49 -16413.7 19339.2
-5355.89 4437.49 -2665.91 8066.79
-5002.58 -4485.06 -10444.8 12419.6 1 1
-3485.32 -306.427 -5968.88 6919.54 -1 1
-2303.18 211.927 -1384.36 2697.62 -1 2
-3052.71 4225.56 -1281.55 5369.16 1 2
event 3
2637.28 -6517.42 12816.7 14942.9
7361.12 -1373.89 33732.7 34692.4
3219.35 -1716 11208.2 11787.4 1 2
1220.54 -2214.75 7714.88 8119.44 1 1
1416.75 -4302.67 5101.82 6823.48 -1 1
4141.77 342.106 22524.5 22905 -1 2
event 4
4738.18 -14651.2 9859.46 18544.7
1589.37 -4488.19 -428.808 5696.04
3501.07 -9478.95 8070.99 12932.9 -1 1
1237.1 -5172.21 1788.46 5611.76 1 1
-209.212 -3474.33 320.797 3496.97 -1 2
1798.59 -1013.86 -749.605 2199.06 1 2
event 5
-7872.5 153.754 -22041.5 23609.7
-53.8383 6394.12 -2008.66 7383.29
870.201 4104.59 2.44526 4197.15 -1 2
-3257.52 -1430.49 -8477.88 9194.74 -1 1
-4614.98 1584.24 -13563.6 14414.9 1 1
-924.039 2289.52 -2011.11 3186.14 1 2
event 6
-5294.87 1749.25 -9408.58 11541.5
6573.61 4611.48 -4330.25 9634.32
1793.72 2974.17 -2407.17 4227.15 1 2
-1053.61 2125.84 -2709.46 3603 -1 1
4779.89 1637.32 -1923.08 5407.17 -1 2
-4241.27 -376.593 -6699.12 7938.49 1 1
event 7
-6417.9 -7916.76 -31494.4 33246.8
-7435.15 648.063 -23725 25063.3
-3124.82 1627.47 -12827.5 13303 -1 2
-2029.9 -739.621 -4972.17 5422.28 -1 1
-4388 -7177.14 -26522.2 27824.6 1 1
-4310.32 -979.407 -10897.5 11760.3 1 2
event 8
-15184.3 -646.904 13215 20474.5
1640.36 -5725.9 18330.9 19521.5
981.34 -3612.49 6647.68 7629.94 1 2
-6276.09 -1509.95 3834.47 7508.9 -1 1
659.016 -2113.41 11683.2 11891.6 -1 2
-8908.19 863.043 9380.5 12965.6 1 1
