event 0
6759.48 -5898.29 49941.3 50835
-20989.7 -15351.2 -68665.4 73489.8
-3540.16 -2457.58 -14919 15529.4 1 2
825.689 -2208.15 9146.32 9445.85 -1 1
-17449.6 -12893.6 -53746.4 57960.5 -1 2
5933.79 -3690.14 40794.9 41389.2 1 1
event 1
-11484.4 3573.17 -6966.82 14240.3
-9721.67 -9288.67 -5994.8 15043.9
-4525.65 -4510.77 -1179.8 6498.58 -1 2
-3358.82 191.505 -706.707 3439.33 1 1
-8125.58 3381.67 -6260.12 10801 -1 1
-5196.03 -4777.91 -4815 8545.32 1 2
event 2
6831.01 2480.21 -21219.4 22642.2
14758.4 -106.654 -16284 22194.1
3387.06 2014.94 -7316.38 8311.01 -1 1
3443.95 465.267 -13903.1 14331.2 1 1
7710.18 -1260.7 -7081.87 10545.1 1 2
7048.19 1154.04 -9202.09 11649 -1 2
event 3
-485.947 9977.25 9777.31 14316.7
2240.49 -6750.11 -33573.8 34458.3
2298 -4344.08 -27277.8 27717.1 -1 2
1280.23 3384.5 3717.93 5189.22 1 1
-1766.17 6592.75 6059.39 9127.49 -1 1
-57.5102 -2406.02 -6296.03 6741.17 1 2
event 4
-2060.36 5262.81 8051.93 10313.4
-7674.81 3898.71 -2815.52 9571.85
113.708 3356.31 3065.1 4547.94 -1 1
-2174.07 1906.5 4986.83 5765.5 1 1
-3486.35 3099.2 -432.509 4685.92 -1 2
-4188.46 799.511 -2383.01 4885.93 1 2
event 5
4438.38 -4370.45 24207.7 25187.3
-5732.09 6451.28 503.138 9182.62
-2414.89 2940.44 -1305.24 4024.01 -1 2
192.055 -2118 8317.47 8585.71 1 1
-3317.2 3510.83 1808.38 5158.6 1 2
4246.33 -2252.45 15890.2 16601.6 -1 1
event 6
6672.61 -3169.44 4301.65 9091.83
-4002.86 9998.43 6052.99 12736.8
3578.1 -1144.15 3823.56 5361.22 -1 1
3094.5 -2025.29 478.091 3730.61 1 1
-2731.62 5431.81 1734.52 6323.45 1 2
-1271.24 4566.62 4318.47 6413.31 -1 2
event 7
-2373.77 -13847.6 17842 22919.8
7236.52 153.424 70.7182 7873.16
-1659.64 -10272.6 10850 15033.8 -1 1
-714.127 -3575.03 6992.02 7886.08 1 1
2271.53 1480.35 285.359 2728.35 -1 2
4964.99 -1326.93 -214.641 5144.81 1 2
event 8
-3119.04 7964.3 -345.903 9103.28
6968.42 5712.77 748.918 9557.57
1851.78 3266.83 -374.249 3775.25 1 2
-1712.29 2113.9 1062.77 2922.52 -1 1
-1406.76 5850.41 -1408.67 6180.76 1 1
5116.64 2445.94 1123.17 5782.33 -1 2
event 9
3892.08 5715.6 16156.7 17845.1
-7707.27 1622.43 -3731.08 9249.13
-3605.45 1071.07 -134.582 3765.07 1 2
87.6351 2671.07 6480.15 7010.41 -1 1
3804.45 3044.53 9676.56 10834.7 1 1
-4101.82 551.358 -3596.5 5484.06 -1 2
event 10
-4747.34 -4406.73 -29018.8 29893.8
-1111.92 7493.88 29447.4 30563.6
-1107.02 2929.41 7195.33 7847.99 -1 2
-804.804 -2786.01 -12671.3 12999.3 -1 1
-4.90216 4564.48 22252 22715.6 1 2
-3942.53 -1620.72 -16347.5 16894.5 1 1
event 11
3726.01 5534.34 4405.16 8573.69
4784.28 -5665.86 -28170 29293.9
2932.38 -4713.7 -15749.3 16699.4 1 2
2826.32 1562.01 1455.16 3543.54 1 1
1851.89 -952.157 -12420.7 12594.4 -1 2
899.688 3972.33 2949.99 5030.15 -1 1
event 12
3986.73 -4248.88 9138.44 11271.6
-3875.57 5836.25 5005.65 9366.3
-129.287 3377.54 2690.56 4321.43 -1 2
2043.07 -442.65 4503.03 4965.73 -1 1
-3746.28 2458.72 2315.09 5044.87 1 2
1943.66 -3806.23 4635.42 6305.83 1 1
event 13
-4380.82 5330.64 -28884.3 29924.8
4397.1 -5661.94 13529.3 15621.3
785.546 -3059.6 3959.16 5066 -1 2
-1443.98 2094.13 -4669.1 5318.09 -1 1
3611.56 -2602.34 9570.17 10555.3 1 2
-2936.84 3236.5 -24215.2 24606.7 1 1
event 14
-11874.3 10332.4 4374.1 16627.7
-517.075 -9474.88 4692.55 11029.6
-8403.15 8675.21 2444.55 12323.1 -1 1
-3471.17 1657.16 1929.56 4304.59 1 1
1135.06 -1821.48 1109.73 2418.43 -1 2
-1652.13 -7653.41 3582.82 8611.15 1 2
event 15
-8429.46 5303.58 10679 14927
9949.05 556.519 -13137.8 16777.6
4562.4 -309.053 -8337.92 9510.16 1 2
-1872.86 2648.25 2395.91 4033.91 -1 1
-6556.59 2655.33 8283.08 10893.1 1 1
5386.65 865.571 -4799.87 7267.4 -1 2
event 16
-2386.09 -7728.95 18100.1 20065.7
-2880.53 4267.79 -6357.36 8747.48
-3014.31 2256.68 -5199.47 6420.62 1 2
340.508 -4126.94 8740.97 9672.81 -1 1
133.784 2011.1 -1157.89 2326.86 -1 2
-2726.6 -3602.01 9359.11 10392.9 1 1
event 17
5940.79 5133.28 6315.59 10541.4
-10657.5 -2822.24 1310.36 11526.3
-8609.07 -1534.18 -55.7826 8745.52 1 2
2488.76 2361.43 905.23 3549.78 -1 1
-2048.47 -1288.06 1366.15 2780.8 -1 2
3452.03 2771.84 5410.36 6991.62 1 1
event 18
8723.98 921.566 -8384.57 12524
6189.89 4283.8 -7658.25 11176.1
4872.21 2737.26 -3634.42 6667.17 1 2
4405.07 -25.7581 -2212.17 4930.54 -1 1
1317.68 1546.54 -4023.83 4508.93 -1 2
4318.91 947.324 -6172.4 7593.42 1 1
event 19
-533.503 12452.9 -19704 23520.3
-4098.41 3669.46 -2266.6 6707.46
-488.612 7330.39 -14276.8 16056.5 -1 1
-44.8911 5122.47 -5427.2 7463.73 1 1
-1971.15 3333.27 -472.888 3902.68 -1 2
-2127.25 336.189 -1793.72 2804.78 1 2
event 20
-5666.71 -3935.87 -2663.99 8018.12
-3956.39 13473.4 61926.2 63573.8
-2404.19 3279.21 17513.8 17980 1 2
-1846.58 -1418.1 588.283 2403.77 1 1
-1552.2 10194.2 44412.4 45593.9 -1 2
-3820.13 -2517.76 -3252.27 5614.35 -1 1
event 21
-11641.8 -68.4545 -14732.7 19031
3192.05 -3525.74 25127.8 25760.8
-7517.05 103.757 -11699.6 13907.2 1 1
-4124.76 -172.212 -3033.11 5123.89 -1 1
843.755 -3189.42 14648.7 15016 -1 2
2348.29 -336.318 10479.1 10744.8 1 2
event 22
-3675.03 4000.98 10313.4 12061.1
8732.24 4112.48 -2653.5 10478.4
-3052.78 1813.49 8274.79 9005.08 -1 1
-622.251 2187.49 2038.65 3056.07 1 1
5032.98 2497.62 -3096.66 6416.34 1 2
3699.27 1614.86 443.163 4062.01 -1 2
event 23
2967.78 5902.21 16493.1 18034.9
-6632.59 4117.45 -10693.7 13597.5
-3565.04 1510.03 -2948.39 4867.64 1 2
1903.66 1006.75 6631.8 6973.48 1 1
1064.12 4895.46 9861.3 11061.4 -1 1
-3067.55 2607.42 -7745.33 8729.82 -1 2
event 24
5888.76 -4044.32 2336.06 8129.08
-5582.29 -2814.44 5058.88 8617.8
-4240.18 -755.361 2171.7 4824.64 1 2
3167.67 -1083.41 -230.336 3357.4 1 1
-1342.11 -2059.08 2887.18 3793.16 -1 2
2721.09 -2960.91 2566.39 4771.67 -1 1
event 25
-8308.92 -251.563 2717.03 9277.62
4708.48 -4651.92 -3136.73 7952.39
1515.46 -3592.12 -2104.49 4431.71 1 2
-3906.8 995.049 2393.65 4689.77 1 1
3193.02 -1059.8 -1032.24 3520.69 -1 2
-4402.11 -1246.61 323.378 4587.85 -1 1
event 26
-5672.04 -1410.86 -5732.65 8753.08
8985.45 7020.48 -41239.6 42898.9
2015.4 2403.14 -7326.25 7970.07 1 2
-1598.14 -1914.61 -2427.04 3481.59 -1 1
6970.04 4617.34 -33913.3 34928.9 -1 2
-4073.9 503.748 -3305.62 5271.5 1 1
event 27
-1105.79 -8748.07 5666.16 10929.2
-955.258 8335.69 4573.66 10045.2
-1982.87 3846.57 2432.61 4965.55 1 2
-1296.77 -1918.69 2464.38 3383.38 -1 1
190.981 -6829.39 3201.78 7545.83 1 1
1027.61 4489.11 2141.04 5079.7 -1 2
event 28
7289.54 347.854 -10322.8 13015.7
7085.93 -4187.85 -3973.16 9650.17
4739.29 -1266.83 -6468.7 8119.17 1 1
2550.25 1614.69 -3854.11 4896.56 -1 1
4786.76 -2464.57 -4106.05 6771.86 -1 2
2299.17 -1723.28 132.891 2878.32 1 2
event 29
-821.377 7400.42 2538.94 8454.46
-7419.4 6237.17 5027.98 11350
-1347.54 4380.41 184.9 4587.94 1 1
526.162 3020.01 2354.04 3866.52 -1 1
-5357.15 6029.56 4362.75 9170.57 -1 2
-2062.26 207.605 665.239 2179.38 1 2
event 30
-2563.98 9026.54 -5813.24 11464.6
-6295.66 -2049.34 -10907.2 13129.8
136.848 5129.21 -2813.9 5852.92 -1 1
-2700.82 3897.33 -2999.34 5611.67 1 1
-2130.37 763.227 -2985.91 3748.04 -1 2
-4165.29 -2812.57 -7921.3 9381.81 1 2
event 31
900.143 16033.3 40959.4 44103.7
4150.22 -6893.21 -12456.1 15148.8
1841.68 -3788.88 -9091.35 10020.5 1 2
-1016.9 5901.52 16793.8 17829.8 1 1
2308.54 -3104.33 -3364.75 5128.25 -1 2
1917.05 10131.8 24165.6 26273.9 -1 1
event 32
-453.172 -5595.66 2706.68 6959.41
-13405.8 -20716.8 -33410.4 41650.3
-1665.42 -3137.29 870.622 3658.6 -1 1
1212.24 -2458.37 1836.06 3300.82 1 1
-11206.7 -16274.3 -24743 31665 -1 2
-2199.03 -4442.46 -8667.39 9985.29 1 2
event 33
7713.87 5731.14 3927.07 10833.4
1624.84 8328.97 9469.7 13087.3
2357.13 6114.86 5879.83 8805.17 1 2
3387.36 991.798 2293.94 4210.84 -1 1
-732.288 2214.11 3589.86 4282.15 -1 2
4326.51 4739.34 1633.13 6622.56 1 1
event 34
-3275.47 -10624.4 -16633.4 20245.2
5000.05 5746.54 -7822.77 11349.5
-1662.66 -6512.47 -12510.4 14202.1 1 1
-1612.81 -4111.96 -4122.97 6043.13 -1 1
3089.94 2487.52 -2094.74 4487.16 -1 2
1910.11 3259.02 -5728.03 6862.31 1 2
event 35
4198.78 2253.12 -9251.19 10857.4
-6142.83 -8450.79 38885.7 40383.7
3244.17 126.489 -6364.05 7145.13 1 1
954.617 2126.63 -2887.15 3712.23 -1 1
-2794.59 -4834.8 15280.9 16269.7 1 2
-3348.24 -3615.99 23604.9 24114 -1 2
event 36
-4554.79 -7610.61 8279.35 12522.2
-7982.36 -10010.4 49114.3 50850.1
-1129.74 -4514.24 3151.61 5621.26 1 1
-3425.05 -3096.36 5127.74 6900.96 -1 1
-4077.44 -5495.89 20263.7 21388.3 1 2
-3904.92 -4514.53 28850.6 29461.8 -1 2
event 37
-1863.01 -7541.07 -8921.42 12228
6451.15 4079.64 5540.65 9927.22
-2020.64 -4119.13 -3331.04 5670.74 1 1
157.637 -3421.93 -5590.38 6557.28 -1 1
4668.93 1201.3 2849.18 5600.98 -1 2
1782.22 2878.34 2691.46 4326.23 1 2
event 38
4841.9 5714.8 -487.262 8119.81
-3053.78 6507.95 -1273.87 7930.35
-2383.98 4263.03 -2264.29 5384.69 1 2
2460.04 2476.02 -1748.14 3905.08 -1 1
-669.798 2244.92 990.417 2545.66 -1 2
2381.86 3238.78 1260.88 4214.73 1 1
event 39
5607.95 365.99 -2499.05 6886.13
9710.77 -2284.42 -13028.5 16698.7
3283.26 -200.105 175.856 3295.74 -1 1
2324.69 566.095 -2674.9 3590.39 1 1
5746.23 -1389.68 -10044.1 11655.3 1 2
3964.54 -894.746 -2984.38 5043.39 -1 2
event 40
2332.55 -13089.2 8569.54 16118.2
-5228.43 -3106.79 -4280.93 8056.37
2958.46 -8545.06 6090.68 10903.1 1 1
-625.903 -4544.16 2478.86 5215.08 -1 1
-2618.22 -3096.54 -1745.97 4416.25 -1 2
-2610.21 -10.2421 -2534.95 3640.12 1 2
event 41
-11859.9 -5688.13 21889.6 25724.6
-19908.7 -6344.2 -26347.5 33769.6
-7692.64 -2286.65 11488.1 14014.1 -1 1
-4167.26 -3401.47 10401.4 11710.5 1 1
-11063.9 -2596.95 -12249.3 16709.6 1 2
-8844.8 -3747.26 -14098.2 17060 -1 2
event 42
-6697.01 3809.73 15523.9 17605.3
-6973.19 -8169.89 -17889.9 21095.3
-1724.44 -4072.03 -8518.79 9598.75 1 2
-2927.77 302.57 3861.1 4856.2 -1 1
-5248.75 -4097.86 -9371.12 11496.6 -1 2
-3769.24 3507.16 11662.8 12749.1 1 1
event 43
-9865.86 4764.81 920.229 11596.2
-5260.28 -1626.62 -820.523 6676.61
-4862.8 3341.8 2095.94 6262.47 -1 1
-5003.06 1423.01 -1175.71 5333.76 1 1
-3506.35 -2788.03 -893.272 4569.1 -1 2
-1753.94 1161.4 72.7483 2107.51 1 2
event 44
-6992.23 -4212.3 -12813.7 15505.4
-4651.18 4925.55 -1702.6 7640.97
-3369.18 2978.24 -2534.93 5163.17 -1 2
-3172.65 -1302.49 -2912.01 4500.34 1 1
-3819.58 -2909.81 -9901.73 11005.1 -1 1
-1282 1947.31 832.338 2477.8 1 2
event 45
-9102.45 -238.199 -34851.2 36153.9
-4471.36 -5103.26 458.345 7472.42
-2769.68 -3254.8 -1224.06 4446.83 -1 2
-4060.18 747.122 -20464.3 20876.8 -1 1
-5042.27 -985.321 -14387 15277.1 1 1
-1701.69 -1848.46 1682.41 3025.59 1 2
event 46
2623.4 5155.55 19000.6 20101.7
10523.9 24022.5 143499 145908
2855.39 2959.77 14718.3 15282.4 1 1
-231.988 2195.78 4282.39 4819.26 -1 1
6434.77 11653.1 67268.9 68573.5 1 2
4089.11 12369.4 76229.6 77334.9 -1 2
event 47
52.6664 19207.5 -27662 33818.7
679.628 -7019.59 10248.5 12820.3
-1248.54 14386.9 -19869.3 24563.1 1 1
1301.21 4820.57 -7792.61 9255.65 -1 1
1204.35 -1630.55 4422 4865.63 -1 2
-524.724 -5389.04 5826.47 7954.62 1 2
event 48
3471.39 -6886.43 37125.7 38044.5
-4950.99 -5258.44 -3431.98 8575.12
-2121.17 -4422.04 -2155.77 5358.38 1 2
771.677 -3093.64 9303.5 9835.27 -1 1
-2829.83 -836.403 -1276.22 3216.73 -1 2
2699.71 -3792.8 27822.2 28209.3 1 1
event 49
-712.949 -7973.93 -21522.6 23171.2
198.613 7418.89 -702.862 8072.44
1378.63 4601.14 -1256.55 4966 -1 2
-1720.79 -3138.04 -7690.11 8482.77 1 1
1007.84 -4835.89 -13832.5 14688.5 -1 1
-1180.02 2817.76 553.693 3106.43 1 2
event 50
3059 -5029.88 -9728.43 11785.2
-10649.9 5464.02 13150.5 18050
1094.78 -3441 -3361.76 4934.74 -1 1
1964.22 -1588.88 -6366.67 6850.42 1 1
-6201.52 2264.13 9061.82 11212.2 -1 2
-4448.37 3199.89 4088.69 6837.82 1 2
event 51
5627.21 668.361 -13305.2 14789.6
24987.1 789.534 -118682 121326
2973.87 721.17 -3592.5 4720.3 -1 1
2653.34 -52.8089 -9712.66 10069.3 1 1
15149.9 -466.07 -65948.1 67667.6 1 2
9837.27 1255.6 -52734.1 53658.6 -1 2
event 52
-2459.63 7526.48 403.272 8511.85
-3288.61 9270.5 -39353.1 40681.9
-2623.23 3599.31 -483.144 4481.18 1 1
163.598 3927.17 886.416 4030.67 -1 1
-3122 5383.37 -27888.6 28574.7 -1 2
-166.612 3887.12 -11464.5 12107.2 1 2
event 53
4172.98 8857.65 -4459.41 11196
-6283.97 8398.17 -9870.86 14732.4
-3530.69 6944.43 -6544.92 10175.4 1 2
2232.72 2499.57 -329.758 3369.39 1 1
-2753.28 1453.74 -3325.93 4557.07 -1 2
1940.26 6358.09 -4129.65 7826.56 -1 1
event 54
-6947.69 -7378.84 15482.7 18762.3
1593.87 -10748.9 -3589.8 11855.7
1460.54 -7260.77 -3861.09 8352.91 1 2
-3015.79 -3383.11 4278.91 6233.83 1 1
133.33 -3488.14 271.286 3502.81 -1 2
-3931.9 -3995.73 11203.8 12528.5 -1 1
event 55
3378.96 7206.67 29217.2 30439.9
-5175.23 1267.23 -25120.1 25865.1
-2279.58 2141.24 -13383.1 13744.1 1 2
343.391 4049.95 11823.5 12503.1 1 1
-2895.65 -874.012 -11737 12120.9 -1 2
3035.57 3156.72 17393.6 17936.8 -1 1
event 56
-7528.69 4244.33 15017.7 17601.6
-6324.64 -2563.86 34568.9 35371.9
-3879.1 -3036.39 25188.6 25666 -1 2
-3070.28 302.577 6665.13 7345.3 1 1
-4458.41 3941.75 8352.59 10256.3 -1 1
-2445.53 472.528 9380.27 9705.91 1 2
event 57
-607 7979.47 -1925.06 8794.17
8706.64 280.879 -1888.42 9436.18
3531.76 448.526 726.074 3634.95 1 2
1128.27 2791.23 -59.3463 3013.08 1 1
-1735.27 5188.23 -1865.71 5781.09 -1 1
5174.88 -167.647 -2614.49 5801.23 -1 2
event 58
7813.31 -3814.32 -17223.7 19540.8
2564.23 -7278.92 -3333.36 8958.77
42.4821 -3844.61 -592.909 3891.72 -1 2
1621.39 -2357.2 -5641.55 6326.42 1 1
6191.92 -1457.12 -11582.2 13214.4 -1 1
2521.75 -3434.32 -2740.45 5067.05 1 2
event 59
9447.37 9307.64 60833.4 62339.3
4832.16 -3783.39 459.128 6889.6
6068.4 5597.21 44217.2 44981.4 1 1
3378.97 3710.43 16616.3 17357.9 -1 1
3362.86 -910.917 977.377 3620.09 -1 2
1469.3 -2872.48 -518.249 3269.51 1 2
