event 0
4251.21 -1701.01 10989.6 12301.5
-4890.97 8016.67 23281.2 25294.2
3111.34 330.789 5348.62 6197.48 -1 1
1139.86 -2031.8 5640.97 6104.03 1 1
-3799.54 3404.9 10861.7 12000.7 1 2
-1091.43 4611.77 12419.6 13293.5 -1 2
event 1
-4476.42 6041.86 20015.9 21604.9
6290.3 9246.47 2450.49 11860
2731.9 1848.95 1394.07 3582.8 1 2
-1880.66 1116.14 8985.7 9248.6 1 1
3558.4 7397.52 1056.42 8277.24 -1 2
-2595.76 4925.72 11030.2 12356.3 -1 1
event 2
4887.5 -3764.77 1440.14 7051.63
-319.462 9416.24 -2196.89 10158
3180.66 -2468.38 2413.47 4695.26 1 1
1706.84 -1296.39 -973.331 2356.37 -1 1
-954.213 5025.31 -2530.18 5707.65 -1 2
634.751 4390.93 333.291 4450.33 1 2
event 3
6082.85 -1139.45 -6445.77 9457.2
4533.91 7694.06 14755.1 17523.1
328.202 3482.17 5467.74 6491.58 -1 2
2697.02 1039.33 -2645.78 3919.88 -1 1
4205.7 4211.89 9287.32 11031.5 1 2
3385.83 -2178.78 -3799.98 5537.33 1 1
event 4
5379.18 -5686.39 -27932.7 29242.1
11465.9 3779.24 9325.31 15566
3548.72 -3170.03 -22336.9 22838.4 -1 1
1830.46 -2516.36 -5595.8 6403.66 1 1
6175.93 3136.28 3852.28 7926.51 1 2
5289.97 642.963 5473.03 7639.53 -1 2
event 5
-5127.87 4421.03 -17359.1 18888.3
-2616.3 9384.89 1992.37 10415.4
-1706.03 3261.45 2068.32 4223.35 1 2
-1931.96 965.885 -2521.88 3322.11 1 1
-910.271 6123.44 -75.9495 6192.09 -1 2
-3195.92 3455.15 -14837.2 15566.2 -1 1
event 6
-9898.12 2345.43 -4513.38 11723.2
-3456.58 -6713.36 17674.2 19467.6
-5638.74 -514.09 -1968.76 5995.57 1 1
-4259.38 2859.52 -2544.61 5727.6 -1 1
-2517.41 -3264.04 12615.5 13272.3 -1 2
-939.167 -3449.32 5058.7 6195.28 1 2
event 7
2519.89 9437.11 -21180.2 23613.5
-7726.15 4060.23 14265.6 17008.2
1091.91 5049.73 -15233 16085.7 -1 1
1427.98 4387.38 -5947.1 7527.77 1 1
-5940.58 2318.7 7789.17 10067.2 -1 2
-1785.57 1741.54 6476.46 6940.96 1 2
event 8
-5535.52 3652.61 -7962.19 10815.3
5596.94 6209.76 46480 47327.2
3750.96 1866.3 22516.2 22902.9 1 2
-1333.78 1610.4 -4613.71 5066.54 -1 1
1845.98 4343.46 23963.8 24424.3 -1 2
-4201.74 2042.21 -3348.48 5748.8 1 1
event 9
-12152.5 -88.9476 -23412.4 26559.8
7162.03 3653.92 -21983.6 23611.8
3166.07 -47.3348 -8028.91 8631.38 1 2
-2258.34 -972.426 -6434.88 6889.46 -1 1
-9894.18 883.479 -16977.6 19670.4 1 1
3995.95 3701.25 -13954.7 14980.4 -1 2
event 10
-7477.84 1458.05 36150.8 37074.5
-3108.87 6361.87 4284.25 8836.52
151.251 3004.19 1257.11 3261.82 -1 2
-2247.85 -904.139 8811.25 9138.9 -1 1
-5229.99 2362.19 27339.6 27935.6 1 1
-3260.12 3357.68 3027.15 5574.69 1 2
event 11
5916.23 2977.14 -3935.46 8303.24
-12032.1 -3316.13 -21266.4 24851.9
3753.66 2044.73 -4121.2 5938.55 -1 1
2162.57 932.412 185.747 2364.69 1 1
-6737.92 -558.906 -9540.97 11694.2 -1 2
-5294.16 -2757.23 -11725.4 13157.8 1 2
event 12
646.643 6579.27 -1179.96 7395.15
6277.41 -6590.07 30566.3 32042.5
2680.87 -1646.05 14820.3 15150.9 1 2
-704.727 1949.68 -1499.28 2560.65 -1 1
3596.54 -4944.02 15746 16891.6 -1 2
1351.37 4629.59 319.325 4834.51 1 1
event 13
3544.35 7321.98 -22168.7 23816.3
-955.941 6959.15 -7668.79 10851
717.63 4018.27 -5423.61 6788.83 -1 2
1362.98 3112 -5323.02 6315.69 -1 1
2181.38 4209.98 -16845.7 17500.6 1 1
-1673.57 2940.88 -2245.18 4062.21 1 2
event 14
-1171.78 8533.03 -1898.83 9347.83
-9812.1 868.31 -5829.02 11857.5
-3199.98 1460.48 -3061.21 4664.23 1 2
352.324 2367.93 682.703 2491.68 -1 1
-6612.13 -592.175 -2767.81 7193.25 -1 2
-1524.11 6165.1 -2581.53 6856.16 1 1
event 15
-1294.59 4774.51 8189.58 10056.4
-6766.32 -3701.74 -13155.8 15561.3
-1988.07 2354.31 3073.52 4353.49 -1 1
693.477 2420.2 5116.06 5702.94 1 1
-4129.55 -560.848 -7393.93 8488.18 1 2
-2636.77 -3140.89 -5761.91 7073.08 -1 2
event 16
-4382.83 2253.08 -6703.42 8877.63
2145.06 10793.9 3999.33 12111.8
-3202.25 428.364 -2304.11 3969.63 1 1
-1180.58 1824.71 -4399.31 4908 -1 1
184.036 7156.09 3430.71 7938.79 -1 2
1961.03 3637.86 568.626 4173.03 1 2
event 17
-2499.86 5535.08 983.85 6888.15
8829.59 4550.26 -29341.6 31131.7
-852.955 3644.47 -774.74 3823.76 1 1
-1646.91 1890.61 1758.59 3064.39 -1 1
4726.65 4121.03 -17166.4 18276.2 -1 2
4102.94 429.232 -12175.2 12855.5 1 2
event 18
-643.651 -9894.54 -16617.3 19597
3671.59 -6640.38 436.903 8207.14
13.9933 -6473.66 -7934.67 10241 -1 1
-657.644 -3420.88 -8682.63 9355.97 1 1
174.732 -3397.58 475.537 3436.77 -1 2
3496.86 -3242.79 -38.6343 4770.37 1 2
event 19
-7825.64 5620.36 1783.71 10276.3
-2013.56 -6050.99 3996.31 8138.19
-310.61 -4361.03 3680.61 5716.04 1 2
-4228.41 1807.67 2029.44 5027.62 1 1
-1702.95 -1689.96 315.693 2422.15 -1 2
-3597.22 3812.69 -245.73 5248.63 -1 1
event 20
-6382.08 -8527.71 -33356.8 35152.9
-3494.26 -4390.75 11906.1 13521.7
-3588.66 -5217.58 -24318.8 25130 1 1
-2793.42 -3310.13 -9038.06 10022.9 -1 1
-936.724 -3584.77 6385.74 7383.56 -1 2
-2557.54 -805.98 5520.37 6138.1 1 2
event 21
6816.87 10216.5 -692.409 12685.3
-5411.11 7616.48 46590.3 47618.7
-2513.16 5958.96 32563.7 33199.9 -1 2
1808.78 5194.12 -972.521 5586.37 -1 1
5008.09 5022.42 280.112 7098.97 1 1
-2897.95 1657.52 14026.6 14418.8 1 2
event 22
-7299.96 -3773.63 -30774 32002.5
4286.23 -3993.97 -29009.5 29756.7
-3731.12 -3620.23 -18913.7 19615.5 -1 1
-3568.84 -153.403 -11860.3 12387 1 1
388.795 -2115.39 -12779.4 12959.5 -1 2
3897.44 -1878.59 -16230.1 16797.2 1 2
event 23
-4821.16 5657.97 -2949.51 8575.93
7176.26 4946.23 -3008.12 9726.55
3378.17 1155.16 3.9106 3571.78 1 2
-2753.33 958.519 -1049.1 3100.22 1 1
3798.09 3791.07 -3012.03 6154.77 -1 2
-2067.83 4699.45 -1900.4 5475.71 -1 1
event 24
-10116.4 6044.3 189.551 12186.1
3808.05 -4853.84 -26925.1 27795.9
3725.99 -2373.72 -17215.4 17773.5 1 2
-5197.53 1342.38 -162.329 5371.57 -1 1
82.0647 -2480.12 -9709.76 10022.4 -1 2
-4918.84 4701.92 351.88 6814.54 1 1
event 25
11191.7 560.818 2131.44 11819.5
447.251 -6584.59 21495.4 22698
1506.95 -4825.17 17330.7 18053.2 1 2
5231.61 1788.51 1256.8 5670.91 1 1
-1059.7 -1759.42 4164.7 4644.83 -1 2
5960.06 -1227.69 874.641 6148.63 -1 1
event 26
1286.15 -8163.27 -11855.6 14779.7
8145.37 -2748.78 2189.26 9606.22
4265.11 336.18 1766.69 4629.96 1 2
-93.6312 -4005.69 -3399.29 5255.53 1 1
3880.26 -3084.96 422.57 4976.25 -1 2
1379.78 -4157.58 -8456.3 9524.15 -1 1
event 27
8610.28 6058.33 17710.3 20834.7
5199.22 4470.12 -523.352 7541.82
2495.81 3406.9 -1488.08 4479.02 -1 2
2831.52 1832.44 3182.42 4638.35 -1 1
5778.76 4225.9 14527.8 16196.3 1 1
2703.41 1063.22 964.731 3062.8 1 2
event 28
-880.553 7110.57 -24241.1 25466.8
12119.9 3541.57 -29821.6 32532.3
3518.58 1110.63 -5534.5 6652.5 -1 2
874.271 2810.73 -12448.7 12792.5 -1 1
8601.32 2430.94 -24287.1 25879.8 1 2
-1754.82 4299.84 -11792.3 12674.3 1 1
event 29
-11515.1 -1820.7 19571.3 23076.8
14803.1 1210.87 18260.7 23741.1
12292.7 880.115 13067.8 17962.8 1 2
-4651.22 -786.115 4674.42 6641.78 -1 1
2510.49 330.752 5192.86 5778.31 -1 2
-6863.87 -1034.58 14896.9 16435 1 1
event 30
6343.98 -913.345 -16451.1 17925.1
-13155.8 5296.05 -55837.2 57693.2
4020.91 926.678 -8817.98 9736.24 1 1
2323.08 -1840.02 -7633.11 8188.89 -1 1
-7133.73 1906.43 -23816.8 24935.4 1 2
-6022.09 3389.61 -32020.4 32757.8 -1 2
event 31
5226.13 -2727.18 1885.14 6920.63
2675.09 7466.55 7666.49 11457.4
2358.41 3144.76 2287.59 4549.27 -1 2
2049.01 497.751 847.349 2274.94 -1 1
3177.12 -3224.93 1037.79 4645.69 1 1
316.689 4321.79 5378.89 6908.1 1 2
event 32
-4002.77 -9565.94 -6919.55 12845.2
4347.08 2569.53 17491.9 18467.8
1811.23 2624.49 7344.16 8007.27 1 2
-3210.05 -4069.4 -2545.88 5775.56 1 1
2535.86 -54.9671 10147.8 10460.5 -1 2
-792.727 -5496.54 -4373.67 7069.69 -1 1
event 33
-2014.83 -7920.49 5592.56 10376
-2089.16 9841.6 -21460.4 23903.2
-2418.47 -3849.54 3722.25 5876.59 -1 1
403.644 -4070.95 1870.3 4499.42 1 1
-2675.57 5267.47 -11685.1 13094.2 -1 2
586.406 4574.13 -9775.25 10808.9 1 2
event 34
14257.3 1554.74 -43968.3 46351.8
-11084.4 4400.56 5159.86 13358.3
-3636.77 1189.39 3259.65 5027.65 -1 2
3779.77 -430.399 -8458.98 9275.64 1 1
10477.5 1985.14 -35509.4 37076.2 -1 1
-7447.6 3211.17 1900.21 8330.68 1 2
event 35
10096.5 7245.29 26059.2 29036.3
4691.8 3963.4 -19571.9 20745.3
6552.67 3677.1 12637 14702.5 -1 1
3543.82 3568.2 13422.2 14333.8 1 1
3107.21 1550.64 -14482.4 14893.3 -1 2
1584.6 2412.76 -5089.51 5852.06 1 2
event 36
-436.32 8941.99 -15377.2 18061
-9219.07 -3625.9 -53954.1 54943.4
620.507 5549.54 -6959.78 8923.68 1 1
-1056.83 3392.45 -8417.45 9137.3 -1 1
-6817.51 -1251.02 -39103.2 39712.9 -1 2
-2401.56 -2374.88 -14850.9 15230.5 1 2
event 37
10535.2 21643.6 -23942.1 34091.8
-9683.61 6230.86 7221.28 13940.3
6346.4 12824.1 -12067.2 18718 -1 1
4188.79 8819.5 -11874.9 15373.8 1 1
-6684.52 4828.1 6617.05 10573.1 -1 2
-2999.09 1402.77 604.227 3367.28 1 2
event 38
-11792.8 9227.19 -21952.1 26752.5
-6512.44 924.574 3808.93 8207.62
-3779.92 303.053 431.894 3818.03 1 2
-4451.48 2686.04 -10034.8 11302.1 1 1
-2732.52 621.521 3377.04 4389.59 -1 2
-7341.3 6541.15 -11917.3 15450.4 -1 1
event 39
10338.8 9697.92 -2548.67 14731.8
7005.09 2075.21 5807.03 9833.12
5291.5 6554.21 -2489.09 8784.33 1 1
5047.31 3143.71 -59.5839 5947.52 -1 1
5080.73 -12.416 3983.78 6457.22 -1 2
1924.36 2087.63 1823.25 3375.9 1 2
event 40
-622.372 6561.63 21244.7 22458.2
-6072.48 -13010.3 -2433.8 14888.2
-1497.86 3781.72 15369.2 15898.7 1 1
875.491 2779.91 5875.47 6559.47 -1 1
-3733.9 -7228.67 -2887.96 8634.07 1 2
-2338.58 -5781.65 454.159 6254.11 -1 2
event 41
-3964.58 -11383.3 -44994.1 46683.6
-4531.57 1159.1 3656.4 6696.18
-2693.39 2131.78 2844.78 4461.25 1 2
-3215.74 -4573.03 -20612.6 21357.6 -1 1
-1838.19 -972.679 811.626 2234.94 -1 2
-748.844 -6810.31 -24381.5 25326.1 1 1
event 42
8721.61 13337.3 -16428.7 23096.3
-5960.18 8431.04 -1630.77 10902.1
-1754.94 5120.85 -558.862 5443.02 1 2
3734.37 4470.68 -4162.96 7160.58 -1 1
-4205.24 3310.19 -1071.9 5459.08 -1 2
4987.24 8866.6 -12265.7 15935.7 1 1
event 43
933.083 5065.37 -7890.87 9918.95
-920.075 9511 17511.9 20188.1
1911.45 3292.53 -3950.23 5487.24 -1 1
-978.362 1772.83 -3940.64 4431.7 1 1
-37.0912 4990.98 12048.5 13041.8 1 2
-882.984 4520.02 5463.31 7146.27 -1 2
event 44
-3304.04 9203.86 4912.55 11373.3
-5990.99 -8009.35 2229.7 10705.3
-2174.2 5909.73 1452.95 6463.3 1 1
-1129.85 3294.13 3459.6 4909.98 -1 1
-5183.1 -5338.44 2612.66 7886.74 -1 2
-807.883 -2670.91 -382.959 2818.56 1 2
