event 0
9018.51 -2620.25 -6572.23 11873.7
-5920.25 7333.32 -26663.3 28449.1
-1705.39 4541.39 -13745.1 14576.4 -1 2
2041.52 -1990.35 -2326.7 3681.57 -1 1
6976.99 -629.9 -4245.53 8192.12 1 1
-4214.86 2791.93 -12918.1 13872.6 1 2
event 1
-8314.73 -180.224 10014.9 13381.2
11645.2 -103.101 -2307.97 12269.5
9312.42 -958.841 -2718.03 9748.81 1 2
-4141.74 1100.58 6448.88 7743.67 1 1
2332.83 855.74 410.056 2520.65 -1 2
-4172.99 -1280.8 3566.04 5637.56 -1 1
event 2
-5042.48 -2181.21 -19503.4 20497.8
-4622.24 -7628.48 -20214.3 22310.8
-3354.25 178.881 -9270.18 9860.55 1 1
-1688.22 -2360.09 -10233.2 10637.2 -1 1
-1821.08 -4592.23 -7865.15 9288.52 1 2
-2801.16 -3036.25 -12349.2 13022.2 -1 2
event 3
-7368.49 -4405.61 27366.9 28848.6
-4948.34 -2812.47 17966.4 19099.2
-2972.49 -3222.27 13562.3 14253.6 -1 2
-3053.6 -2722.81 17132.8 17614.8 1 1
-4314.89 -1682.8 10234 11233.7 -1 1
-1975.85 409.808 4404.12 4845.55 1 2
event 4
-659.413 -6188.07 -1771.3 7173.31
5570.61 7574.23 -2916.18 10319.7
1363.25 4318.58 -834.908 4606.17 1 2
-1235.48 -1573.66 395.166 2042.1 1 1
4207.36 3255.65 -2081.27 5713.49 -1 2
576.07 -4614.41 -2166.46 5131.21 -1 1
event 5
-8295.14 5733.4 15232.7 18528.6
-4034.29 -12477.4 1041.73 13514.5
-3259.63 -10366.9 2031.1 11056 1 2
-3582.13 1684.27 3656.41 5389.71 1 1
-774.665 -2110.48 -989.379 2458.51 -1 2
-4713.01 4049.13 11576.3 13138.9 -1 1
event 6
-5455.77 3670.31 4845.68 8961.03
-14779.3 -6359.88 -12848.7 20822
-4052.29 1999.45 5037.42 6767.99 -1 1
-1403.48 1670.87 -191.738 2193.05 1 1
-9894.4 -5217.17 -10245.5 15169.1 1 2
-4884.91 -1142.71 -2603.17 5652.95 -1 2
event 7
4527.23 12360.6 -28135.9 31216.9
2249.09 -4828.66 12346.3 13798.4
867.783 6857.49 -14270.6 15856.8 -1 1
3659.45 5503.12 -13865.3 15360.1 1 1
325.647 -3028.29 9209.53 9700.68 -1 2
1923.45 -1800.37 3136.79 4097.76 1 2
