event 0
-5529.77 6523.24 41439.2 42425.6
-4110.37 -11282.9 6951.73 14356.6
-4075.92 2426.81 21152.7 21678.4 1 1
-1453.85 4096.43 20286.5 20747.2 -1 1
-2516.2 -7957.64 2802.71 8804.64 -1 2
-1594.17 -3325.22 4149.02 5551.93 1 2
event 1
5470.11 4692.29 7971.31 11183.6
-7768.76 3045.97 8317.61 12182.2
-2784.03 1405.71 1210.82 3347.25 1 2
2293 225.084 1779.36 2913.04 -1 1
3177.1 4467.21 6191.95 8270.51 1 1
-4984.73 1640.25 7106.79 8834.91 -1 2
event 2
-3359.93 11972 -52882.2 54412.6
5304.88 5149.68 -26888.6 28057.9
-3725.33 8177.97 -35931.1 37038 -1 1
365.395 3794.05 -16951 17374.6 1 1
2899.04 1389.33 -15394.6 15727.1 -1 2
2405.84 3760.36 -11494 12330.9 1 2
event 3
5300.22 -5361.57 12778.1 15156.2
-6664.01 4367.96 -27364.8 28669
-3358.18 1597.92 -7905.5 8737.21 1 2
2892.52 -830.98 5039.28 5870.49 -1 1
2407.7 -4530.59 7738.84 9285.69 1 1
-3305.83 2770.04 -19459.3 19931.8 -1 2
