event 0
-6250.82 -11491.9 4909.4 14311.9
-6935.34 -1143.12 -30786.7 31730.4
-3823.24 846.93 -13726.9 14274.9 1 2
-4360.57 -4905 2846.71 7154.61 -1 1
-3112.1 -1990.05 -17059.8 17455.5 -1 2
-1890.25 -6586.94 2062.69 7157.28 1 1
event 1
-6292.13 -5043.88 42502.5 43371.5
-6556.48 -9525.48 -4027.05 12630.5
-2139.8 -4554.73 -3111.49 5917.5 -1 2
-2847.52 -499.744 16399.5 16652.7 -1 1
-4416.68 -4970.75 -915.552 6713.04 1 2
-3444.6 -4544.14 26103 26718.7 1 1
event 2
-6524.76 8848.26 17603.6 20984.3
-5439.51 -4490.28 -26972.7 28051.2
-4692.57 -2450 -21914.9 22545.5 -1 2
-3533.95 2695.6 8543.27 9630.87 1 1
-2990.81 6152.67 9060.33 11353.5 -1 1
-746.937 -2040.28 -5057.81 5505.75 1 2
event 3
3318.84 3053.74 -254.918 5476.82
1151.98 13210.5 23008.9 26736.6
1188.78 3071.77 179.168 3300.34 1 1
2130.06 -18.0338 -434.086 2176.48 -1 1
2129.37 9300.13 17126.3 19604.8 1 2
-977.394 3910.37 5882.6 7131.79 -1 2
event 4
-2987.22 -5301.63 21692.3 22741.5
-7803.04 -1511.89 -9844.21 13025.9
-3932.35 691.613 -3765.05 5488.94 -1 2
-2133.11 -1048.2 9722.98 10009.8 1 1
-3870.69 -2203.5 -6079.16 7536.91 1 2
-854.114 -4253.42 11969.3 12731.7 -1 1
