event 0
7609.91 -8021.35 -15442.5 19243.5
-10953.2 322.501 -9298.14 14836.4
4817.27 -4367.1 -11376 13103.5 1 1
2792.65 -3654.24 -4066.47 6140.01 -1 1
-8756.6 -1151.05 -7861.54 11824.5 -1 2
-2196.64 1473.55 -1436.61 3011.9 1 2
event 1
-5214.38 -4118.59 26193.9 27200.5
4734.91 19431.3 100918 102928
-4092.1 -2126.47 21354.5 21847 1 1
-1122.28 -1992.12 4839.47 5353.48 -1 1
1718.3 12726.6 67340.8 68554.4 -1 2
3016.6 6704.66 33577.7 34373.4 1 2
event 2
6511.69 1871.59 -39107.7 39810.9
-6953.31 -11583.9 9250.16 16664.1
-2222.6 -4724.52 5305.18 7444.27 1 2
1892.33 -827.396 -9358.5 9584.27 -1 1
-4730.71 -6859.36 3944.98 9219.79 -1 2
4619.37 2698.99 -29749.2 30226.7 1 1
