event 0
-6712.14 1240.92 15209.1 16955.9
7910.25 -9238.45 -46878.8 48529.7
-4928.84 2273.59 11244.2 12486.2 1 1
-1783.31 -1032.67 3964.9 4469.7 -1 1
3442.25 -5066.1 -28824 29467.7 -1 2
4468 -4172.35 -18054.8 19062 1 2
event 1
-4561.54 -4693.62 9386.89 11855.1
-3166.24 -6855.64 -12836.2 15211.3
-614.586 -2947.15 -7709.93 8277.54 -1 2
-614.911 -2456.83 2204.36 3359.24 -1 1
-2551.65 -3908.48 -5126.3 6933.78 1 2
-3946.63 -2236.79 7182.53 8495.82 1 1
event 2
-1543.01 -8113.64 -10180.3 13470.1
6301.66 1317.91 27956.8 28855.2
698.32 -4584.16 -5364.69 7091.78 -1 1
-2241.33 -3529.48 -4815.65 6378.28 1 1
2146.56 -276.583 4690.97 5167.27 -1 2
4155.1 1594.5 23265.9 23687.9 1 2
