event 0
-5417.11 9096.57 1163.2 11092.2
1513.26 -12164 -55948.6 57359.3
-2360.8 6779.83 485.96 7196.31 1 1
-3056.31 2316.74 677.235 3895.91 -1 1
-172.626 -9381.42 -42167.5 43198.9 -1 2
1685.88 -2782.61 -13781.1 14160.4 1 2
event 1
-9417.26 -954.328 -43403.4 44531.3
-4293.43 3528.14 -560.097 6386.41
-6500.87 -1971.89 -32233.9 32942.2 1 1
-2916.39 1017.56 -11169.5 11589.2 -1 1
-371.966 2137.08 -476.034 2223.34 -1 2
-3921.46 1391.06 -84.0634 4163.07 1 2
event 2
9803.86 -5096.23 -10036.2 15244.8
-6979.85 2096.32 30873.9 31873.2
-3461.63 -559.944 13464.7 13914.2 -1 2
1240.73 -1816.67 -1191.1 2503.91 -1 1
8563.13 -3279.56 -8845.14 12740.9 1 1
-3518.22 2656.27 17409.2 17959 1 2
event 3
-21094.6 -13845.2 -4256.81 25775.7
-646.027 -5680.81 4991.34 8197.21
-12124.2 -6924.95 -1058.81 14003 1 1
-8970.43 -6920.22 -3198 11772.7 -1 1
1113.13 -3517.14 2512.39 4464.59 -1 2
-1759.15 -2163.67 2478.95 3732.62 1 2
event 4
5659.1 -7413.94 -6755.47 11925.6
1126.79 -7329.59 -22105 23520.5
2601.78 -4537.94 -5386.8 7509.39 1 1
3057.32 -2876 -1368.67 4416.22 -1 1
-840.84 -3113.77 -11395.9 11844 -1 2
1967.63 -4215.83 -10709.1 11676.5 1 2
event 5
7474.3 -3890.98 -25689.9 27213.4
3987.42 -5218.97 -10185.4 12508.8
1305.12 -3911.96 -7126.38 8234.27 -1 2
3762.09 -243.79 -10602.2 11253 1 1
3712.21 -3647.19 -15087.7 15960.4 -1 1
2682.3 -1307.01 -3059.05 4274.57 1 2
event 6
-6483.41 3327.33 -6178.27 10043.3
-627.488 -7262.61 -25762.2 26952.2
-1752.62 -3130.57 -10295.9 10903.6 1 2
-1176.29 2047.74 -2605.51 3518.06 -1 1
-5307.11 1279.58 -3572.76 6525.23 1 1
1125.13 -4132.04 -15466.3 16048.6 -1 2
event 7
542.668 -8806.53 4750.88 10488.5
-8717.29 11335.6 1865.66 14749.9
66.8944 -5147.72 4413.65 6781.96 -1 1
475.774 -3658.81 337.237 3706.5 1 1
-5609.65 4761.96 993.446 7425.8 -1 2
-3107.64 6573.66 872.217 7324.1 1 2
event 8
7353.67 -12225.8 -59150 60925.1
1773.65 -4794.93 12979.6 14289.8
5102.27 -5688.67 -28734.4 29733.3 -1 1
2251.39 -6537.14 -30415.6 31191.7 1 1
2244.3 -2715.65 5681.86 6686.28 -1 2
-470.653 -2079.28 7297.79 7603.54 1 2
event 9
8522.1 5764.18 -8488.13 13692.7
2747.23 6451.38 24091.2 25281.3
625.197 4255.72 10430.3 11283 -1 2
2310.66 3137.37 -2224.03 4487.73 1 1
6211.44 2626.81 -6264.11 9205.02 -1 1
2122.04 2195.66 13660.9 13998.4 1 2
event 10
-6142.5 3969.85 8417.59 11573
3955.78 -6618.94 -25023 26366.7
2361.52 -2479.2 -15302.4 15681.1 1 2
-2930.46 980.718 5478.34 6290.69 -1 1
1594.25 -4139.74 -9720.64 10685.6 -1 2
-3212.04 2989.13 2939.25 5282.28 1 1
event 11
-1739.75 -4807.21 -9973.55 11627.5
6986.78 -7586.39 -54273.3 55331.3
74.5016 -3956.9 -6268.27 7413.84 1 1
-1814.25 -850.305 -3705.27 4213.64 -1 1
3231.44 -5171.29 -36462.6 36969.1 -1 2
3755.33 -2415.11 -17810.7 18362.2 1 2
event 12
-5287.3 2858.54 -547.821 6783.67
9448.65 -5778.07 -21807.1 24653.7
-2736.54 3114.35 57.2433 4147.56 -1 1
-2550.76 -255.811 -605.064 2636.11 1 1
4832.04 -3140.35 -14602.7 15699.1 -1 2
4616.61 -2637.73 -7204.43 8954.64 1 2
event 13
6705.56 -4466.05 -4439.29 9706.12
6239.81 4443.8 -1152.2 8342.73
3589.63 722.289 -864.643 3763.77 -1 2
2298.58 -1379.59 -3214.79 4187.22 -1 1
4406.98 -3086.46 -1224.49 5518.9 1 1
2650.17 3721.51 -287.554 4578.96 1 2
event 14
5081.74 -4673.63 -12510.3 14620.7
3721.63 -7106.61 1376.61 8708.62
651.163 -4111.32 1473 4416.77 1 2
540.051 -2200.44 -5122.03 5601.78 1 1
4541.69 -2473.19 -7388.25 9018.93 -1 1
3070.47 -2995.28 -96.3901 4291.85 -1 2
event 15
-6190.29 -10009.3 -1294.33 12238.1
-6549.69 -1610.23 21414.2 22663.9
-4633.32 -4655.08 -1080.73 6657.07 1 1
-1556.97 -5354.21 -213.6 5581.08 -1 1
-4294.65 -1426.72 18045.1 18604.2 -1 2
-2255.03 -183.513 3369.18 4059.73 1 2
event 16
4403.63 4051.67 12094.6 13844.8
2512.12 7838.73 -7314.53 11612.6
3191.76 1271.93 4472.06 5640.53 -1 1
1211.87 2779.73 7622.54 8204.25 1 1
24.205 4351.12 -2012.32 4795.14 -1 2
2487.91 3487.61 -5302.21 6817.46 1 2
event 17
-6685.24 -17721.8 19905.1 27650.6
-1861.85 -4305.44 -18791.5 19614.1
-3638.19 -12597.3 15051.2 19962 1 1
-3047.04 -5124.53 4853.81 7688.69 -1 1
38.896 -3554.11 -12674.6 13164 -1 2
-1900.74 -751.33 -6116.82 6450.11 1 2
event 18
12192.1 -1221.08 25602.2 28621.6
-5676.79 -3467.6 5940.06 9440.64
-3212.16 -2802.6 5307.91 6808.64 1 2
4722 876.935 12535.2 13424.2 -1 1
-2464.63 -665.002 632.146 2632 -1 2
7470.08 -2098.02 13066.9 15197.4 1 1
event 19
141.512 -6965.16 -6260.75 9865.14
1676.25 9649.67 -5466.77 11636.3
169.212 7292.77 -2941.85 7866.31 1 2
954.089 -2888.07 -1097.14 3235.13 -1 1
1507.03 2356.9 -2524.92 3769.95 -1 2
-812.577 -4077.09 -5163.61 6630.01 1 1
event 20
7412.15 1162.18 23213.6 24591.7
-374.273 -8064.62 -6946.28 11091.4
3964.16 -671.489 9136.77 9982.85 -1 1
3447.99 1833.67 14076.8 14608.8 1 1
-1687.29 -5438.09 -4282.09 7125.11 -1 2
1313.01 -2626.54 -2664.2 3966.33 1 2
event 21
4047.94 9788.6 -8593.15 13987
5586.07 1155.88 -8710.38 10862.8
2264.87 5890.07 -6967.25 9400.87 1 1
1783.07 3898.53 -1625.89 4586.13 -1 1
4171.08 -608.133 -5957.05 7298.31 -1 2
1414.99 1764.02 -2753.33 3564.54 1 2
event 22
11674.1 4035.39 3227.99 13288.3
7610.98 -2385.66 -19088.8 20918.7
7336.23 2712.34 182.559 7824.42 -1 1
4337.91 1323.05 3045.43 5463.86 1 1
3464.15 -134.009 -11210.4 11734.6 -1 2
4146.83 -2251.65 -7878.42 9184.05 1 2
event 23
4458.17 -7725.66 -3080.03 9931.78
7514.04 925.146 -21208.4 22731.1
3397.77 -880.511 -11656.1 12173.6 -1 2
1744.12 -2989.19 -2820.17 4465.62 -1 1
2714.05 -4736.47 -259.864 5466.16 1 1
4116.27 1805.66 -9552.21 10557.5 1 2
event 24
-3650.72 -7203.06 9005.63 12486.2
8270.79 -3511.53 -5537.73 10999.7
3896.14 -401.299 -1200.4 4097.93 1 2
-451.305 -3643.09 2648.3 4527.74 1 1
4374.66 -3110.23 -4337.33 6901.8 -1 2
-3199.42 -3559.97 6357.34 7958.43 -1 1
event 25
-5935.41 -3170.92 26423.5 27442.3
-12493.3 -4053.31 -6878.43 15146.5
-2982.88 -663.509 -249.305 3067.76 -1 2
-2642.29 -262.454 6179.34 6726.51 -1 1
-9510.43 -3389.8 -6629.13 12078.7 1 2
-3293.12 -2908.46 20244.2 20715.7 1 1
event 26
-6473.29 -3314.52 16522.2 18315.7
3526.8 9943.78 -11170 15674.1
1114.37 3500.27 -1922.72 4147.49 1 2
-2115.39 -185.696 7715.16 8002.76 1 1
2412.43 6443.51 -9247.3 11526.6 -1 2
-4357.9 -3128.82 8807.08 10312.9 -1 1
event 27
-9994.86 -473.308 28726.2 30576.3
6080.87 -5623.03 -8291.5 12121.7
4770.8 -2606.62 -4196.24 6868.38 1 2
-4756.89 719.73 10053.7 11146.1 1 1
1310.06 -3016.41 -4095.25 5253.31 -1 2
-5237.98 -1193.04 18672.5 19430.2 -1 1
event 28
361.283 -5600.95 17606.7 18737.3
-2193.84 6966.01 -11441.8 13922.8
206.186 3235.61 -3167.12 4533.6 1 2
1199.28 -1635.84 8961.33 9188.62 -1 1
-2400.03 3730.41 -8274.64 9389.19 -1 2
-837.999 -3965.11 8645.35 9548.7 1 1
event 29
-1210.19 12691.6 7129.44 14931.9
4488.88 2778.22 539.613 6144.15
-29.0805 8481.24 3243.67 9081.01 1 1
-1181.11 4210.37 3885.77 5850.86 -1 1
2232.03 3104.51 147.178 3827.9 -1 2
2256.85 -326.29 392.434 2316.25 1 2
event 30
-1684.04 5338.74 5890.9 8696.72
15446.8 -8972.1 -90317.6 92119.3
-2296.86 2911.99 2472.58 4458.71 -1 1
612.821 2426.75 3418.32 4238.01 1 1
11374.4 -5906.87 -70551.4 71706.2 1 2
4072.39 -3065.23 -19766.3 20413.1 -1 2
event 31
-4437.61 2518.51 2138.97 6340.45
-9210.4 722.632 24847.6 26689.8
-3412.98 634.433 2333.81 4184.35 -1 1
-1024.63 1884.08 -194.845 2156.09 1 1
-5118.7 -1128.71 12811.3 13842.6 1 2
-4091.7 1851.35 12036.2 12847.2 -1 2
event 32
5117.76 5235.92 29504.4 30556.6
-7566.73 1905.63 -10833.6 13705.6
-5005.64 1586.9 -9357.17 10730.4 1 2
1538.91 3423.36 11037.3 11658.5 -1 1
-2561.09 318.73 -1476.44 2975.2 -1 2
3578.85 1812.56 18467.1 18898.1 1 1
event 33
6194.36 -3717.7 -24134.7 25382.4
2581.31 5595.82 4984.92 8509.66
2916.47 3353.04 2337.91 5022.51 1 2
3394.09 -450.133 -8453.99 9121.6 1 1
-335.156 2242.78 2647 3487.15 -1 2
2800.27 -3267.57 -15680.7 16260.8 -1 1
event 34
-6099.73 2796.31 -23749.2 24872.5
6585.39 22210.4 -81928.7 85197.2
-4282.74 391.774 -12208.3 12944.1 -1 1
-1816.99 2404.54 -11540.9 11928.4 1 1
4012.32 14090.4 -57021.7 58873.8 -1 2
2573.06 8119.95 -24907 26323.4 1 2
event 35
-2955.37 9492.14 -40707.9 42018.6
2052.23 -6820.02 27679.1 28748
-853.672 6598.63 -29984.7 30714.2 1 1
-2101.7 2893.51 -10723.2 11304.4 -1 1
1985.58 -1989.91 12744.1 13050.9 -1 2
66.645 -4830.1 14935 15697.1 1 2
event 36
-5256.4 -3096.26 11338.5 13242.6
-1365.02 9123.99 1813.61 9899.18
-3592.31 -931.738 4236.43 5633.06 1 1
-1664.09 -2164.53 7102.05 7609.52 -1 1
-1092.17 5059.46 2529.07 5761.8 -1 2
-272.846 4064.53 -715.463 4137.38 1 2
event 37
-10885.2 -4952.02 43666 45379.7
-7190.66 1187.37 4390.69 9054.51
-5163.42 -3450.63 26659.5 27373.5 1 1
-5721.73 -1501.38 17006.5 18006.2 -1 1
-3858.65 -492.073 3460.71 5207.59 -1 2
-3332.01 1679.44 929.985 3846.92 1 2
event 38
10442.9 -993.198 27170.8 29289.7
8524.34 652.849 17403.7 19635.9
2734.22 1613.35 5192.74 6087.25 1 2
2964.45 -1021.34 11583.9 12001.2 -1 1
7478.4 28.1446 15586.9 17288.4 1 1
5790.12 -960.505 12210.9 13548.7 -1 2
event 39
4702.86 7731.8 -9984.72 13826.8
-6194.72 3284.51 21469 22796.3
-3510.84 2003.76 16638.4 17122.7 -1 2
2234.25 2535.91 -5795.5 6709.82 1 1
2468.61 5195.89 -4189.22 7117.02 -1 1
-2683.88 1280.75 4830.63 5673.6 1 2
event 40
-4603.48 5794.7 2108.83 8295.14
-3974.48 -9344.53 5829.91 12111.8
-651.178 -4960.74 3647.73 6192.75 1 2
-1887.89 1548.76 2147.85 3253.8 1 1
-3323.31 -4383.79 2182.18 5919.04 -1 2
-2715.59 4245.94 -39.0164 5041.34 -1 1
event 41
8828.49 -8014.8 30131.3 32552.5
1609.98 -12482.7 -6180.07 14359.5
4860.93 -4657.27 20904.7 21962.2 -1 1
3967.56 -3357.53 9226.54 10590.3 1 1
-433.063 -8174.44 -3699.58 8983.71 -1 2
2043.04 -4308.27 -2480.5 5375.8 1 2
event 42
3026.2 5212.56 5364.63 8642.82
10214.2 -443.753 -8708.67 13782.6
2020.68 3290.72 1374.97 4100.45 1 1
1005.52 1921.83 3989.67 4542.37 -1 1
5368.72 161.386 -2620.23 5977.12 1 2
4845.51 -605.139 -6088.44 7805.47 -1 2
event 43
-7063.35 280.906 28415.1 29444.5
1625.11 6173.49 15694.9 17224.2
-4223.13 1654.59 17879.7 18446.3 -1 1
-2840.22 -1373.69 10535.5 10998.2 1 1
2525.7 4079.43 11134.9 12125.1 -1 2
-900.593 2094.06 4559.98 5099.09 1 2
event 44
4803.71 6526.12 -1007.19 8733.34
6789.98 3914.9 -16955.8 18934.7
2596.02 2256.8 -10570.3 11116.5 1 2
2307.83 1342.2 -1300.27 2971.44 1 1
2495.88 5183.92 293.082 5761.9 -1 1
4193.96 1658.1 -6385.51 7818.22 -1 2
event 45
6925.94 -659.807 4903.79 9057.72
3242.78 8046.24 -8342.18 12427.4
2665.12 5463.09 -7485.52 9643.26 1 2
2847.66 -1801.55 1971.27 3905.36 1 1
577.66 2583.15 -856.663 2784.13 -1 2
4078.28 1141.74 2932.53 5152.36 -1 1
event 46
-4347 -8435.35 29322.4 30974.9
2504.67 4685.55 -7.38798 6149.69
217.405 3219.61 -783.366 3322.34 1 2
-3015.33 -2892.76 14620.4 15206.2 -1 1
2287.26 1465.95 775.978 2827.34 -1 2
-1331.68 -5542.59 14702 15768.8 1 1
event 47
-6055.01 3830.55 23742.9 24993
-1958.46 -8632.3 10133 13806.6
-229.583 -6964.45 7712.18 10394.5 1 2
-1811.29 2733.61 12557.3 12978.8 -1 1
-1728.87 -1667.86 2420.87 3412.11 -1 2
-4243.72 1096.94 11185.6 12014.2 1 1
event 48
-560.612 -7621.82 -16206.4 18183.7
-9874.92 4915.61 45190.8 46620.5
-4378.92 505.034 17559.5 18104.6 1 2
1165.33 -3084.91 -7917.03 8577.02 1 1
-5496.01 4410.58 27631.3 28515.9 -1 2
-1725.94 -4536.91 -8289.39 9606.64 -1 1
event 49
2074.5 6761.7 11994.9 14265.1
-13759.7 10323.6 27533 32612.4
57.8803 3722.9 3938.08 5420.61 1 1
2016.62 3038.8 8056.82 8844.46 -1 1
-8862.27 5703.52 14296.4 17761.4 1 2
-4897.46 4620.07 13236.6 14850.9 -1 2
event 50
-8078.86 4912.1 -10356.4 14361.2
2390.35 4194.16 19330 20162.9
2683.29 1821.34 9246.77 9799.55 1 2
-3202.94 2721.79 -6606.05 7830.58 1 1
-292.932 2372.83 10083.2 10363.3 -1 2
-4875.93 2190.31 -3750.37 6530.58 -1 1
event 51
-1365.93 -10354.9 8200.46 13635.5
169.267 -10305.6 -10603.8 15108.4
651.614 -4203.53 -6387.48 7674.98 1 2
406.559 -3564.87 4317.11 5614.46 -1 1
-1772.49 -6790.02 3883.35 8021.08 1 1
-482.346 -6102.04 -4216.28 7433.42 -1 2
event 52
6266.46 -7149.48 8143.84 12895.6
6083.03 7361.94 35154.5 36559.9
3162.56 2292.63 18479.9 18888.5 1 2
2958.48 -1344.55 1993.45 3813.85 1 1
3307.98 -5804.93 6150.39 9081.76 -1 1
2920.47 5069.32 16674.6 17671.4 -1 2
event 53
-6405.04 -4001.98 -32118.3 33139.4
-2563.43 7594.55 -16771.6 18844.7
-2335.83 2403.45 -5681.28 6597.03 1 2
-2764.34 -1268.73 -7337.46 7943.59 -1 1
-227.598 5191.09 -11090.3 12247.7 -1 2
-3640.7 -2733.25 -24780.8 25195.8 1 1
event 54
1525.28 13484.8 65813.4 67269.4
-3129.68 3954.84 15338 16440.2
-500.182 8273.22 36817.1 37738.6 -1 1
2025.46 5211.61 28996.4 29530.8 1 1
-625.507 2934.54 10206.1 10638.5 -1 2
-2504.18 1020.29 5131.93 5801.7 1 2
event 55
-14707 7382.91 -17584.3 24281.7
-489.357 -8167.51 -2316.04 9050.02
425.171 -4970.67 11.3623 4989.95 1 2
-6043.71 3334.83 -9595.92 11821.2 1 1
-914.527 -3196.85 -2327.4 4060.07 -1 2
-8663.25 4048.08 -7988.4 12460.5 -1 1
event 56
835.369 10301.6 -8067.12 13471.8
1147.28 5323.98 -19180.1 20177.4
-527.949 4121.19 -11644.3 12363.8 -1 2
-752.999 3642.89 -1589.14 4046.5 -1 1
1588.37 6658.72 -6477.98 9425.33 1 1
1675.23 1202.8 -7535.79 7813.6 1 2
event 57
7079.43 -5642.58 -26376.3 28058.1
-13694.1 -1039.2 -1061.65 14118.3
-3064.53 -1515.55 39.899 3420.68 -1 2
2178.03 -652.784 -3870.52 4490.22 1 1
-10629.5 476.352 -1101.55 10697.6 1 2
4901.4 -4989.8 -22505.8 23567.9 -1 1
event 58
12015.5 5733.49 18970.3 23381.8
-487.057 -7484.75 -11304.5 13915.5
8419.26 2886.09 10645.2 13876.1 1 1
3596.24 2847.4 8325.04 9505.68 -1 1
-1370.57 -4241.33 -8223.53 9354.41 -1 2
883.512 -3243.43 -3080.96 4561.13 1 2
event 59
-6405.92 -3720.68 23427.7 24765.5
10806.9 10036.4 -5698.56 16111.6
-4132.6 -1059.16 15906.2 16468.7 -1 1
-2273.33 -2661.52 7521.55 8296.78 1 1
7282.08 5154.23 -4410.53 9952.82 -1 2
3524.81 4882.18 -1288.02 6158.74 1 2
event 60
-4861.34 -3469.1 6920.81 9651.73
4999.84 -5829.07 -4233.65 9300.05
2807.87 -1991.12 -3324.13 4786.41 1 2
-609.957 -2202.93 2244.17 3205.06 -1 1
-4251.39 -1266.17 4676.64 6446.67 1 1
2191.97 -3837.95 -909.527 4513.65 -1 2
event 61
6383.59 987.751 17123.1 18561.1
1445.27 -14730 9158.43 17678.5
4552.75 -741.056 10250.2 11240.8 1 1
1830.84 1728.81 6872.83 7320.37 -1 1
-566.96 -9460.7 5863.39 11145.3 -1 2
2012.23 -5269.29 3295.04 6533.22 1 2
event 62
-5513.28 -1371.24 9333.38 11356.9
8074.28 -4080.33 -5928.14 11250.6
-2728.46 -1830.78 3122.95 4534.34 -1 1
-2784.82 459.545 6210.43 6822.54 1 1
5246.09 -984.583 -2883.51 6067.67 1 2
2828.19 -3095.75 -3044.63 5182.98 -1 2
event 63
11406.2 51.2526 -10465.7 15786.9
-6324.32 11391 2573.77 13637
6140.82 -864.089 -3925.3 7339.99 -1 1
5265.37 915.341 -6540.38 8446.87 1 1
-5372.99 6647.12 1815.67 8738.48 -1 2
-951.33 4743.9 758.092 4898.52 1 2
event 64
-3828.26 7470.82 2849.83 9390.5
-722.461 -6835.02 12122 14274.9
-1942.04 -4370.38 7890.24 9227.07 1 2
-2560.54 2904.46 27.2116 3873.52 1 1
1219.58 -2464.64 4231.73 5047.82 -1 2
-1267.72 4566.36 2822.62 5516.98 -1 1
event 65
2882.43 -6103.7 -27499.3 28484.5
3781.68 8283.75 23565.3 25452.6
149.406 3264.91 6107.89 6928.17 -1 2
2499.25 -1998.91 -14382.9 14735.1 1 1
3632.27 5018.84 17457.4 18524.4 1 2
383.185 -4104.79 -13116.4 13749.4 -1 1
event 66
-1102.4 12046.2 43347.5 45110.1
14485.5 -12091.3 97118.9 98983.3
-1207.52 6184.12 17336.6 18446.4 1 1
105.12 5862.09 26010.9 26663.7 -1 1
11832.9 -8760.36 79918.7 81263.5 -1 2
2652.58 -3330.94 17200.2 17719.8 1 2
event 67
2285.8 -4914.06 -6649.56 9120.3
-8599.49 7647.83 -10112.9 15630.2
183.598 -3479.19 -2650.89 4379.14 1 1
2102.2 -1434.87 -3998.67 4741.16 -1 1
-4821.48 3997.27 -3471.65 7161.59 -1 2
-3778.01 3650.56 -6641.25 8468.61 1 2
event 68
-2465.42 21623.4 -1193.62 22015.1
-2233.12 4414.79 5671.16 8138.2
-2474.87 1855.21 4049.38 5096.61 1 2
133.856 6470.58 -1472.01 6638.1 -1 1
241.755 2559.58 1621.78 3041.58 -1 2
-2599.28 15152.8 278.394 15377 1 1
event 69
-10461 -2767.9 17046.6 20427.3
13801.8 1785.19 -17476 22553.9
5290.96 1996.81 -8214.34 9973.37 -1 2
-2219.81 -670.992 1684.48 2868.17 1 1
8510.87 -211.621 -9261.7 12580.5 1 2
-8241.23 -2096.9 15362.2 17559.1 -1 1
event 70
-1307.51 7076.03 3699.17 8663.42
-6296.34 -11415.2 38225.5 40505.9
-1749.19 3626.63 738.341 4094.92 -1 1
441.68 3449.4 2960.83 4568.49 1 1
-2779.36 -6740.96 25051 26090.8 1 2
-3516.98 -4674.2 13174.4 14415.1 -1 2
event 71
2908.74 7206.91 -20347.7 22000.4
-8588.56 6825.96 -14108 18137.9
-2530.53 3131.57 -3292.45 5202.09 1 2
14.4148 2247.57 -9066.13 9341.18 -1 1
-6058.03 3694.39 -10815.6 12935.8 -1 2
2894.33 4959.35 -11281.5 12659.3 1 1
event 72
-21862.7 19068.3 18261.2 34418.6
1797.93 8095.67 -683.836 8878.69
439.866 5609.43 -1681.24 5873.41 -1 2
-2075.64 2556.47 3067.36 4501.52 1 1
-19787.1 16511.8 15193.8 29917.1 -1 1
1358.07 2486.25 997.408 3005.29 1 2
event 73
11007.8 9571.87 -4451.42 15562.7
-3397.48 14171.2 76512.9 77949.8
-2867.86 5552.75 30572.4 31204.8 1 2
2057.15 1912.94 -2198.08 3568.46 -1 1
8950.65 7658.93 -2253.34 11994.3 1 1
-529.618 8618.49 45940.4 46745 -1 2
event 74
7805.52 -8972.33 3559.42 12794.1
-683.825 -7153.64 21085.1 22490.3
5185.02 -5017.41 3565.17 8048.63 1 1
2620.5 -3954.92 -5.74818 4745.48 -1 1
415.614 -2463.09 11420.7 11691.2 -1 2
-1099.44 -4690.55 9664.34 10799.1 1 2
event 75
7221.02 7543.26 46816.2 48066.6
-3885.94 -6088.85 -5643.41 9675.41
4903.8 3405.49 30292.4 30875.4 -1 1
2317.22 4137.77 16523.8 17191.2 1 1
-2590.39 -2696.99 -4532.45 5876.92 -1 2
-1295.55 -3391.85 -1110.96 3798.49 1 2
event 76
-4248.07 7380.68 42532.9 43487.5
-3021.01 7964.87 -12171.1 15175.4
-2383.78 2145.43 -4269.19 5340.64 -1 2
-2260.04 1308.72 14689.1 14919.9 -1 1
-1988.03 6071.96 27843.8 28567.6 1 1
-637.229 5819.44 -7901.86 9834.76 1 2
event 77
-7791.89 -3461.87 -45049.3 45953.5
-5857.27 1070.74 7465.45 10038.7
-3706.06 -338.798 6043.01 7097.8 1 2
-3215.07 -3068.44 -20260.4 20742.4 1 1
-2151.21 1409.53 1422.44 2940.91 -1 2
-4576.82 -393.434 -24788.9 25211.1 -1 1
event 78
-1556.93 -8052.1 -12297.8 15102.6
-3045.73 -6794.72 -34049.9 34991.9
-2264.88 -3782.81 -6802.08 8106.71 1 1
707.957 -4269.29 -5495.69 6995.85 -1 1
-789.66 -5126.76 -19834.2 20501.6 -1 2
-2256.07 -1667.96 -14215.7 14490.3 1 2
event 79
-5584.38 -3094.36 -1229.3 7201.51
-3637.73 -6661.75 4575.86 9388.36
-335.428 -3792.66 2393.11 4498.32 -1 2
-1209.08 -2161.73 -1132.65 2725.62 1 1
-4375.3 -932.636 -96.6456 4475.89 -1 1
-3302.3 -2869.1 2182.76 4890.04 1 2
event 80
-6312.25 4088.59 9111.54 12213.6
-4011.74 7555.4 3679.16 9813.55
-462.605 4028.56 1210.41 4233.15 -1 2
-2533.23 1202.86 1357.89 3117.56 1 1
-3549.14 3526.84 2468.75 5580.4 1 2
-3779.01 2885.73 7753.66 9096.08 -1 1
event 81
-11868.4 -2348.59 148.032 12489.5
-6282.89 1482.38 -10657.3 12839.1
-6391.11 -1617.61 1580.02 6780.16 1 1
-5477.3 -730.976 -1431.99 5709.37 -1 1
-3814.15 1825.16 -8680.44 9656.1 -1 2
-2468.73 -342.779 -1976.89 3182.99 1 2
event 82
5334.54 4466.86 9434 12124.4
-5490.38 -4275.6 -13681.7 15659.1
-1545.46 -2890.05 -4484.03 5555.05 -1 2
754.975 2515.73 2996.38 3986.02 1 1
4579.57 1951.13 6437.62 8138.39 -1 1
-3944.92 -1385.55 -9197.71 10104 1 2
event 83
9870.67 -78.2434 14742.7 18010.4
503.64 -9993.15 9929.85 14432.9
-140.225 -7824.28 5866.13 9780.68 1 2
3998.43 5.02207 3453.01 5284.12 -1 1
643.865 -2168.87 4063.72 4652.26 -1 2
5872.23 -83.2654 11289.7 12726.3 1 1
event 84
-12268.2 -3523.79 -213.627 13136.3
-3347.71 -5666.97 6814.62 9967.52
-1721.2 -4378.15 6232.97 7809.73 -1 2
-4184.2 -824.784 1342.15 4472.18 -1 1
-8083.99 -2699.01 -1555.78 8664.13 1 1
-1626.51 -1288.82 581.648 2157.79 1 2
event 85
-1142.44 -16057.1 -33893.7 37649.9
3901.49 1187.48 -20818.4 21439
2112.24 2181.85 -11224.2 11628.2 1 2
-1115.99 -4699.2 -12994.5 13863.5 1 1
1789.26 -994.37 -9594.25 9810.76 -1 2
-26.4554 -11357.9 -20899.2 23786.4 -1 1
event 86
-6690.23 695.704 -22549.5 23734.2
8316.65 -5248.76 -2493.51 10607.8
-3579.52 -947.609 -8942.17 9679.08 -1 1
-3110.71 1643.31 -13607.3 14055.2 1 1
4245.18 -4179.46 -2317.92 6393.23 -1 2
4071.47 -1069.3 -175.592 4214.53 1 2
event 87
-6254.39 2710.19 -797.854 7529.48
7137.99 -5000.55 28888.4 30332.9
3031.68 -497.275 7886.98 8464.87 1 2
-1653.8 1876.89 -1308.43 2825.06 -1 1
4106.31 -4503.28 21001.4 21868 -1 2
-4600.59 833.292 510.576 4704.43 1 1
event 88
-12044.6 -4595.52 4022.02 13854.9
15675.2 -9546.22 101875 103561
7385.46 -2981.46 39299.2 40098.3 1 2
-1989.18 -2087.47 1086.44 3083.16 -1 1
8289.71 -6564.76 62576 63463.2 -1 2
-10055.4 -2508.05 2935.58 10771.7 1 1
event 89
-6053.43 -13128 49377.6 51543.4
3660.56 -6776.75 -38038.5 38933.9
3084.99 -4548.03 -32038 32506.1 -1 2
-2048.99 -4635.55 12490.8 13480.3 1 1
-4004.43 -8492.5 36886.8 38063.2 -1 1
575.571 -2228.72 -6000.5 6427.73 1 2
event 90
-2322.07 -4395.87 4125.11 7164.03
901.583 11379.4 22320.7 25260.8
-196.16 -3298.58 3187.08 4592.14 1 1
-2125.91 -1097.29 938.022 2571.89 -1 1
1956.02 5571.37 11860.4 13249.4 1 2
-1054.44 5808.05 10460.4 12011.5 -1 2
event 91
9036.25 -4117.02 16883 19830
-4643.33 2539.11 4175.19 7418.3
-1903.02 2528.3 3215.94 4513 1 2
3764.9 -3410.17 8097.7 9559.68 -1 1
-2740.31 10.8182 959.257 2905.3 -1 2
5271.35 -706.857 8785.34 10270.4 1 1
event 92
-8460.84 -1891.11 1375.17 9308.32
-4588.87 3977.41 -3449.63 7639.9
-4725.01 87.1086 -353.147 4740.17 1 1
-3735.83 -1978.22 1728.32 4568.15 -1 1
-312.927 2054.6 -659.009 2182.83 -1 2
-4275.94 1922.81 -2790.63 5457.07 1 2
event 93
4120.85 -5285.68 -13353.8 15258.9
-2291.96 8777.3 -4542.39 10607.4
505.768 3478.71 -1045.33 3668.93 -1 2
347.831 -2742.04 -6060.1 6661.51 -1 1
-2797.73 5298.59 -3497.06 6938.51 1 2
3773.02 -2543.64 -7293.65 8597.34 1 1
event 94
-1085.39 -4225.22 -1270.36 5498.73
-14928.3 -7396.69 -33261.8 37329.6
-2144.71 -2457.92 -528.828 3306.36 1 1
1059.32 -1767.29 -741.537 2192.38 -1 1
-9610.15 -5695.93 -19426.8 22410.1 1 2
-5318.19 -1700.76 -13835 14919.6 -1 2
event 95
-3642.79 -9310.21 41137.1 42447.6
6875.35 -2400.74 36788.7 37630.2
3131.22 -2517.6 22621 22975.3 1 2
-1149.31 -4049.14 11563 12305.7 1 1
3744.12 116.853 14167.7 14654.9 -1 2
-2493.48 -5261.07 29574.1 30142 -1 1
event 96
6033.91 5385.43 -4002.62 9540.61
2400.12 -6207.49 -25161.1 26210
4165.52 1697.41 -1720.16 4816.93 -1 1
1868.4 3688.01 -2282.46 4723.68 1 1
1611.34 -4345.72 -21789.1 22276.8 -1 2
788.78 -1861.76 -3372.03 3933.21 1 2
event 97
-452.95 11841.3 -6151.81 13706.1
2176.44 8226.33 -14560.6 17146.7
2589.72 5702.26 -8422.69 10496.4 -1 2
1309.16 5691.75 -2677.93 6425.92 -1 1
-1762.11 6149.55 -3473.88 7280.18 1 1
-413.274 2524.06 -6137.87 6650.28 1 2
event 98
-4135.93 -2690.17 -3104.25 6600.78
-6753.68 -3420.7 -53.3369 8179.67
-1361.1 -2717.34 -1787.47 3527.43 -1 1
-2774.83 27.1779 -1316.78 3073.35 1 1
-4059.11 -457.224 -620.429 4132.98 -1 2
-2694.57 -2963.48 567.092 4046.69 1 2
event 99
6760.33 4036.2 12493.9 15089.2
5666.92 3091.55 9807.86 12143.2
3048.95 31.3287 5139.93 5977.22 1 2
2575.55 455.824 6171.36 6703.58 -1 1
4184.78 3580.37 6322.59 8385.57 1 1
2617.97 3060.22 4667.93 6165.99 -1 2
event 100
-10691.2 -3794.64 29316.3 31587
5042.9 2605.55 26741 27511.7
4047.57 618.362 19927.3 20343.9 -1 2
-3789.72 -1070.28 14367.3 14897.5 -1 1
-6901.47 -2724.36 14949.1 16689.5 1 1
995.33 1987.18 6813.75 7167.84 1 2
event 101
2621.91 -5248.3 -2630.81 7136.58
-4701.82 15303.8 4274.93 16857.6
1341 -3074.82 -3099.42 4568.41 -1 1
1280.9 -2173.48 468.612 2568.17 1 1
-2175.83 10401.7 3931.61 11331.3 1 2
-2525.99 4902.07 343.322 5526.3 -1 2
event 102
1248.56 -9990.45 23096.7 25385.4
-11748.4 3725.42 -16246.5 20626.3
-8901.03 1840.59 -10054.4 13554.3 1 2
-963.228 -4495.4 9530.86 10582.3 1 1
-2847.39 1884.83 -6192.09 7072.01 -1 2
2211.78 -5495.06 13565.9 14803.1 -1 1
event 103
-5346.33 -955.853 -1214.11 6368.82
2041.02 9109.45 -24785.7 26665.9
-3496.46 537.527 -1721.43 3935.56 1 1
-1849.87 -1493.38 507.322 2433.25 -1 1
1195.22 4935.07 -9204.87 10513.1 -1 2
845.799 4174.38 -15580.9 16152.9 1 2
event 104
5869.26 3542.39 3213.2 8179.99
4071.73 -5879.46 -5401.83 9482.47
2557.18 -1798.43 -3602.58 4771.08 -1 2
2367.35 1198 -326.647 2675.34 -1 1
1514.54 -4081.03 -1799.26 4711.39 1 2
3501.91 2344.39 3539.85 5504.65 1 1
event 105
9994.84 -26794.5 2820.23 28903.1
-737.178 5168.99 6576.08 8949.74
1002.02 3359.92 4395.13 5623.3 1 2
2297.34 -5615.01 -649.317 6102.37 -1 1
-1739.2 1809.07 2180.94 3326.44 -1 2
7697.5 -21179.5 3469.55 22800.7 1 1
event 106
-851.296 -7804.44 -11397.8 14182.2
240.193 8914.47 -10158.9 13867.9
1290.82 7208.57 -7035.74 10155.9 1 2
-1440.09 -2897.98 -6290.13 7074.53 -1 1
-1050.62 1705.9 -3123.16 3712.04 -1 2
588.791 -4906.46 -5107.67 7107.7 1 1
event 107
-4893.34 -5355.14 38648 39444.7
-5261.3 3953.16 1304.33 7389.22
-3164.63 2748.41 -694.719 4249.99 -1 2
-773.942 -3027.01 13763.3 14113.9 -1 1
-4119.4 -2328.14 24884.7 25330.8 1 1
-2096.66 1204.76 1999.04 3139.23 1 2
event 108
-16499 18907.4 -83160.3 86919.2
-3526.23 -3813.46 28153.6 28795.7
-3068.32 -1051.12 15082.6 15427.7 1 2
-4570.24 6138.81 -21084.9 22431.1 -1 1
-457.911 -2762.34 13071 13367.9 -1 2
-11928.8 12768.6 -62075.4 64488 1 1
event 109
3077.34 7732.25 -8677.89 12415.9
7218.84 2435.08 -9266.76 12389.7
3645.81 -339.082 -4726.06 5979.44 1 2
-265.675 3173.18 -3698.25 4881.38 -1 1
3343.01 4559.07 -4979.64 7534.51 1 1
3573.04 2774.16 -4540.69 6410.27 -1 2
event 110
4003.96 -8400 12678.8 16029.2
-7395.68 2082.64 -5635.67 10019.3
1679.85 -6299.81 7174.34 9694.94 1 1
2324.11 -2100.19 5504.47 6334.24 -1 1
-2990.55 -108.951 -754.919 3088.1 -1 2
-4405.13 2191.59 -4880.75 6931.17 1 2
event 111
-10516.5 3311.32 -9842.43 15100.6
1403.87 -5854.8 6874.71 9648.95
-571.88 -3575.23 2801.34 4579.08 1 2
-3878.5 1638.64 -5739.03 7118.68 -1 1
1975.75 -2279.57 4073.37 5069.86 -1 2
-6638.03 1672.68 -4103.39 7981.87 1 1
event 112
-3314.87 -6050.17 4227.17 8663.32
3282.32 7382.79 -8262.72 12130.1
-376.466 -3740.27 2674.18 4614.51 1 1
-2938.41 -2309.9 1552.99 4048.81 -1 1
133.629 4660.45 -5025.56 6856.02 1 2
3148.69 2722.34 -3237.16 5274.07 -1 2
event 113
2594.89 4699.51 4186.75 7479.25
1084.26 8342.5 4012.81 9821.75
-618.588 3495.83 2849.54 4553.52 -1 2
1890.11 753.042 667.946 2144.04 -1 1
1702.85 4846.66 1163.27 5268.23 1 2
704.781 3946.47 3518.81 5335.21 1 1
event 114
5206.83 -4622.43 -15787.8 17530.6
-4120.43 9600.47 -51471.2 52612
-331.585 3729.19 -13864.5 14361.5 -1 2
2310.92 -748.119 -8009.76 8370.63 1 1
-3788.85 5871.28 -37606.7 38250.5 1 2
2895.92 -3874.31 -7778.01 9159.98 -1 1
event 115
7615.08 7579.61 6970.71 13176.6
-2509.37 3805.86 -2444.99 6029.13
5350.06 3160.79 3912.8 7344.03 1 1
2265.02 4418.82 3057.91 5832.52 -1 1
-441.859 3360.5 -1416.96 3675.21 -1 2
-2067.51 445.362 -1028.03 2353.92 1 2
event 116
-14980 11149.1 18138.8 26292.8
-3036.17 8217.02 -5458.68 10776.1
-9690.34 7454.74 9361.78 15399 1 1
-5289.64 3694.31 8777 10893.8 -1 1
-249.74 4759.83 -2109.67 5213.47 -1 2
-2786.43 3457.18 -3349.01 5562.68 1 2
event 117
10723.9 3582.77 -1556.46 11825.9
-4539.66 -3227.07 29571 30250
6823.11 1162.73 159.439 6924.12 1 1
3900.74 2420.04 -1715.89 4901.82 -1 1
-2148.71 -3241.3 20662.4 21025.4 -1 2
-2390.95 14.2231 8908.64 9224.53 1 2
event 118
8093.52 -8602.54 30027.8 32415.5
-2789.25 -8945.22 4232.34 10737.8
3256.27 -5540.85 14308.5 15686 -1 1
4837.25 -3061.69 15719.2 16729.6 1 1
-297.732 -4937.66 3240.81 5914.65 -1 2
-2491.52 -4007.56 991.538 4823.12 1 2
event 119
7607.27 3799.09 1262.13 9137.16
10393.9 9893.92 13185.6 19732.5
3986.58 2665.77 6061.28 7729.78 -1 2
2015.11 -185.728 -413.617 2068.19 -1 1
6407.29 7228.15 7124.27 12002.7 1 2
5592.16 3984.82 1675.74 7068.97 1 1
event 120
3509.7 -6577.94 6320.59 10253.2
-342.097 -9599.73 -3595.39 10714
-1519.31 -7581.8 -2465.6 8116.79 1 2
1090.03 -3290.7 1126.87 3646.62 1 1
1177.21 -2017.93 -1129.79 2597.2 -1 2
2419.67 -3287.25 5193.72 6606.56 -1 1
