event 0
6974.42 3084.41 14364.4 16555.5
6828 193.695 10305.8 12746
4739.62 934.082 8878.52 10108.2 -1 2
2203.03 2158.83 7788.21 8377.42 1 1
4771.39 925.583 6576.2 8178.05 -1 1
2088.38 -740.387 1427.32 2637.79 1 2
event 1
3688.93 17302.9 12788 22048.2
-4079.52 7333.96 21009.7 22834.8
3439.1 11940.8 7511.72 14520.6 1 1
249.831 5362.07 5276.27 7527.58 -1 1
-2008.92 2285.96 11230.1 11635.6 -1 2
-2070.6 5048.01 9779.62 11199.2 1 2
event 2
-3510.63 4303.53 11955.9 13541.8
-3872.08 -11385.9 -20416.1 23896.5
-1326.2 3886.37 7169.96 8263.3 1 1
-2184.44 417.154 4785.97 5278.49 -1 1
-3604.91 -6512.4 -13722.2 15611.5 -1 2
-267.172 -4873.49 -6693.88 8285.02 1 2
event 3
-5692.67 7319.02 16047.4 18790.5
-6136.64 -8995.13 -26729.9 29028.4
-2230.5 -3793.4 -14788.8 15430 -1 2
-2349.23 2488.41 8913.28 9548.23 1 1
-3906.14 -5201.73 -11941 13598.4 1 2
-3343.45 4830.61 7134.1 9242.29 -1 1
event 4
4295.64 -9175.08 -48614.6 49755.5
7022.6 5627.86 -38352 39565.9
1530.6 -5414.67 -20620.2 21374.4 1 1
2765.03 -3760.41 -27994.4 28381.1 -1 1
5939.32 3814.58 -34025.1 34749.8 -1 2
1083.28 1813.29 -4326.9 4816.09 1 2
event 5
-962.108 -5078.88 -9519.9 11266.8
14207.9 21615.9 -107440 110553
-2002.41 -2274.74 -4700.24 5593.52 1 1
1040.3 -2804.14 -4819.67 5673.25 -1 1
8733.13 11025.5 -61989.1 63564.9 1 2
5474.8 10590.5 -45450.4 46988.1 -1 2
event 6
-2475.25 -4371.47 14888.9 16015.9
-9763.19 467.632 -22197.7 24451.3
-127.642 -3254.46 7332.14 8023.67 1 1
-2347.61 -1117.01 7556.8 7992.21 -1 1
-5424.27 -461.894 -8911.15 10443 -1 2
-4338.91 929.526 -13286.5 14008.3 1 2
event 7
2387.11 10173.6 33899.7 35608.7
5945.61 -4584.98 -15293.5 17316.3
3238.44 -4303.9 -10572 11865.5 -1 2
782.408 4944.71 11359.8 12414.5 1 1
1604.7 5228.94 22539.8 23194.2 -1 1
2707.16 -281.077 -4721.48 5450.81 1 2
event 8
-992.139 9054.02 4146.72 10476
-2453.98 6412.85 11547.4 13786.9
-1947.85 4855.07 1598.35 5470.99 1 1
955.708 4198.95 2548.37 5004.99 -1 1
-2158.66 3450.77 8958.76 9840.64 -1 2
-295.319 2962.08 2588.61 3946.29 1 2
