event 0
-7435.26 -15880.9 -84687.5 86539.3
4128.22 1297.24 -14172.7 15138.7
-6843.82 -11829.2 -62484.1 63961.2 -1 1
-591.44 -4051.67 -22203.5 22578.1 1 1
2351.63 2289.28 -8692.71 9292.22 -1 2
1776.59 -992.044 -5479.97 5846.51 1 2
event 1
4237 -7674.72 -4304.86 10245.7
7404.19 -2500.94 19955.6 21654
3077.12 79.2079 5002.37 5874.51 -1 2
1170.99 -2404.68 169.904 2682.12 -1 1
3066.01 -5270.03 -4474.77 7563.62 1 1
4327.07 -2580.15 14953.2 15779.4 1 2
event 2
-8293.53 -1339.14 -4608.76 10070.1
-10520.1 706.363 -29879.3 31836.1
-6894.94 1766.95 -17483.1 18876.8 1 2
-4065.87 -462.53 -526.332 4127.16 -1 1
-3625.16 -1060.59 -12396.2 12959.3 -1 2
-4227.66 -876.612 -4082.43 5942.98 1 1
event 3
4081.64 9332.1 -4258.74 11466.3
-15697.3 -7165.36 -16558.7 24115
3632.42 4466.92 -2368.09 6226.31 1 1
449.22 4865.18 -1890.64 5239.98 -1 1
-8277.37 -3602.94 -10761.4 14046.9 1 2
-7419.96 -3562.41 -5797.31 10068.1 -1 2
event 4
-4764.46 -2896 2458.06 6835.23
8505.5 94.5432 -18119.1 20254.5
-3401.49 -369.802 1879.39 3905.14 -1 1
-1362.97 -2526.2 578.673 2930.08 1 1
4286.99 1385.38 -7423.07 8683.94 -1 2
4218.5 -1290.83 -10696 11570.6 1 2
event 5
-1999.4 9152.01 -5336.14 11217
-6632.65 -5039.22 23656.5 25270.6
-3910.7 -4570.65 17920.5 18903.5 -1 2
-2048.08 2642.79 -1561.52 3691.68 -1 1
48.6756 6509.22 -3774.62 7525.37 1 1
-2721.95 -468.566 5735.96 6367.17 1 2
event 6
-8979.06 -612.351 31992.5 33378.3
-3760.58 5042.27 -2607.05 7480.25
-4606.86 -514.156 11043.2 11977.1 -1 1
-4372.2 -98.1949 20949.4 21401.2 1 1
-2030.35 3295.35 31.4335 3872.18 -1 2
-1730.23 1746.91 -2638.48 3608.07 1 2
event 7
-348.928 6985.45 4794.09 9027.32
-4147.18 -5667.06 -19982.1 21405.4
-765.199 -3277.92 -6806.84 7594.38 1 2
-997.063 2122.53 2984.88 3797.36 1 1
648.135 4862.92 1809.21 5229.96 -1 1
-3381.98 -2389.14 -13175.2 13811 -1 2
