event 0
1367.02 -8299.8 -18792.7 20821
-2969.11 -7302.85 -5018.94 9845.21
-2698.78 -4933.42 -1940.54 5949.7 1 2
1090.98 -3879.89 -5570.5 6876.44 -1 1
-270.329 -2369.43 -3078.4 3895.51 -1 2
276.037 -4419.91 -13222.2 13944.5 1 1
event 1
-566.37 5945.69 -5181.08 8491.56
7759.15 3104.26 -28322.6 29691.8
-650.105 3782.84 -5017.78 6318.37 1 1
83.7357 2162.85 -163.297 2173.19 -1 1
4151.58 935.809 -18863.8 19338.2 -1 2
3607.57 2168.45 -9458.86 10353.6 1 2
event 2
3891.3 8231.82 14243.8 17186.7
4884.26 -2697.88 -3710.65 7382.03
3501.08 4243.02 9473.6 10955.4 -1 1
390.225 3988.8 4770.2 6231.27 1 1
2214.11 -2627.11 -1011.22 3582.98 -1 2
2670.15 -70.7673 -2699.42 3799.05 1 2
event 3
1650.22 6750.32 -17713.6 19278.3
-3914.12 5789.73 -26437.5 27520.4
-1925.44 5171.95 -20372.3 21106.9 1 2
-749.828 3409.26 -8242.88 8952.18 1 1
-1988.68 617.784 -6065.16 6413.57 -1 2
2400.05 3341.06 -9470.73 10326.1 -1 1
event 4
-7532.74 1676.28 -14342.3 16578.5
-4463.45 -8300.1 586.478 9937.24
-523.11 -3393.39 1139.3 3619.1 1 2
-2570.56 394.108 -2235.15 3430.76 1 1
-3940.34 -4906.71 -552.822 6318.14 -1 2
-4962.18 1282.17 -12107.2 13147.7 -1 1
event 5
6461.12 -3353.25 21762.5 23155.7
-3180.06 -5481.23 -18112.3 19437.2
4356.26 -857.36 9877.54 10830 -1 1
2104.86 -2495.89 11885 12325.7 1 1
-34.256 -2661.19 -5067.1 5724.49 -1 2
-3145.81 -2820.04 -13045.2 13712.7 1 2
event 6
-6939.25 14355.9 4209.13 16779.5
4072.27 -3759.35 -17742.8 18844.5
-5959.61 9823.66 3887.3 12130.3 -1 1
-979.637 4532.24 321.826 4649.26 1 1
3321.92 -1283.95 -12491.9 12990.1 -1 2
750.347 -2475.4 -5250.9 5854.38 1 2
