event 0
-3957.59 4116.93 -13796.8 15249.7
-182.519 11728.7 -18054.6 21752.1
-1179.9 3052.04 -3621.96 4882.3 1 2
-2196.09 277.857 -5724.95 6138.91 -1 1
997.38 8676.7 -14432.6 16869.8 -1 2
-1761.49 3839.08 -8071.81 9110.8 1 1
event 1
3851.45 5120.86 -12569.3 14444.2
-9831.9 -4779.38 4768.88 12322.4
-3346.09 -1157.65 3101.82 4708.39 -1 2
2352.93 846.056 -5568.47 6105 -1 1
-6485.81 -3621.73 1667.06 7613.99 1 2
1498.53 4274.8 -7000.82 8339.2 1 1
event 2
2591.47 5622.62 490.711 7222.04
-12360.3 7647.73 -46919.9 49217.2
-4016.18 869.924 -12987.5 13622.5 1 2
2294.77 893.826 107.72 2467.32 1 1
-8344.15 6777.8 -33932.4 35594.7 -1 2
296.702 4728.79 382.992 4754.72 -1 1
event 3
2132.51 -7396.98 4508.49 9443.53
5624.67 -1289.22 -3411.84 7384.46
4364.23 362.015 -2863.47 5233.37 1 2
2494.61 -3161.64 1891.32 4450.54 -1 1
1260.44 -1651.23 -548.371 2151.08 -1 2
-362.099 -4235.34 2617.17 4992.99 1 1
event 4
-5503.19 -5310.35 -8941.34 12329.7
-211.732 -7529.3 28542.5 29681.7
-875.873 -3183.55 7674 8354.85 -1 2
-2117.75 -193.201 -1176.09 2432.39 -1 1
-3385.43 -5117.15 -7765.25 9897.3 1 1
664.141 -4345.74 20868.5 21326.8 1 2
event 5
-8487.44 5702.19 39723.9 41135.5
2633.04 8250.59 3688.72 9909.73
2643.17 3755.83 1107.72 4725.55 1 2
-3159.94 3944.17 20011 20639.6 1 1
-10.1383 4494.76 2581 5184.17 -1 2
-5327.5 1758.02 19712.9 20495.9 -1 1
event 6
10966.2 -2008.69 22423.2 25232.6
-4594.85 -7242.98 8621.46 12549.6
7756.08 29.6519 15528.7 17358.3 1 1
3210.14 -2038.34 6894.51 7874.34 -1 1
-1803.49 -975.29 965.982 2268.93 -1 2
-2791.36 -6267.69 7655.48 10280.7 1 2
event 7
-4151.49 -4739.48 23865.8 24877
-5788.34 -8282.83 -32777.3 34439.1
-3277.82 -1767.34 10063.7 10731.1 1 1
-873.66 -2972.14 13802.1 14145.9 -1 1
-2382.62 -5159.9 -14201.2 15296.6 1 2
-3405.72 -3122.93 -18576.1 19142.5 -1 2
event 8
-5450.79 -3408.81 -590.523 7160.35
-521.432 -8367.4 -2194.07 9417.34
-3310.7 -2621.45 1045.73 4351.72 -1 1
-2140.09 -787.363 -1636.25 2808.63 1 1
-1845.57 -4342.96 -2131.21 5178.86 -1 2
1324.14 -4024.45 -62.8606 4238.47 1 2
event 9
-910.921 7344.35 5502.21 9728.03
7895.11 4887.33 9.54291 9788.21
2399.58 3119.21 -599.613 3982.23 -1 2
-1528.93 2027.28 2609.82 3642.77 -1 1
5495.53 1768.12 609.156 5805.98 1 2
618.012 5317.08 2892.39 6085.26 1 1
event 10
6531.85 770.737 -6117.6 9501.31
-4076.05 -5144.69 3661.96 8129.15
3966.85 -1068.66 -3570.24 5443.87 -1 1
2565 1839.4 -2547.36 4057.44 1 1
-3374.9 -2588.6 998.77 4370.3 -1 2
-701.154 -2556.09 2663.19 3758.85 1 2
