event 0
-4254.51 -5183.83 18962.6 20448.5
13254.1 -2466.36 519.941 13842.5
-3517.49 -2520.29 7523.41 8679.71 -1 1
-737.017 -2663.54 11439.2 11768.8 1 1
8617.75 -2050.92 1741.92 9028.7 1 2
4636.39 -415.439 -1221.98 4813.85 -1 2
event 1
-1416.98 9370.43 13986.6 17176.4
-23321 1888.73 -36841.4 43752.9
-1218.68 4645.88 9555.07 10694.9 1 1
-198.301 4724.55 4431.51 6481.53 -1 1
-13788.1 891.549 -24482.1 28112.1 1 2
-9532.91 997.182 -12359.2 15640.7 -1 2
event 2
5154.84 5934.3 -2975.91 8957.39
-4390.92 -7610.09 21348.7 23292.7
1635.05 4135.56 -1108.04 4584.23 -1 1
3519.8 1798.75 -1867.87 4373.16 1 1
-1917.08 -5084.35 9698.79 11117.7 -1 2
-2473.84 -2525.73 11649.9 12175 1 2
event 3
751.097 -5517.57 6368.28 9008.51
-5845.03 -5148.08 34287.9 35297.6
-1148.12 -2982.19 13998.8 14359.2 -1 2
-1202.42 -1747.14 2167.62 3034.48 1 1
-4696.91 -2165.89 20289.2 20938.3 1 2
1953.51 -3770.43 4200.66 5974.03 -1 1
event 4
-1743.56 6199.3 15341 16923.6
5366.38 -7975.95 -28422.4 30163.5
3043.02 -2354.5 -13784 14311.3 -1 2
246.799 2003.42 2208.94 2994.19 1 1
2323.36 -5621.44 -14638.4 15852.2 1 2
-1990.35 4195.88 13132.1 13929.5 -1 1
event 5
-33912.1 39913.4 90597.1 104693
2604.17 7102.09 10162.4 13041.7
243.365 3951.55 3416.99 5230.77 1 2
-3492.63 5227.23 9542.76 11427.9 1 1
2360.8 3150.55 6745.4 7810.95 -1 2
-30419.5 34686.2 81054.4 93264.7 -1 1
event 6
8451.19 1249.34 10387 13800.9
5488.12 -295.204 -20257.5 21217.1
3194.07 -1570.36 -13644.7 14101.7 1 2
4309.82 -372.234 6916.41 8158.49 1 1
2294.05 1275.16 -6612.84 7115.44 -1 2
4141.37 1621.57 3470.54 5642.36 -1 1
event 7
-8846.48 190.328 -9248.55 13169
-20556.4 -4353.72 43508.4 48415.8
-5758.68 742.42 -3992.82 7047.51 -1 1
-3087.8 -552.092 -5255.73 6121.53 1 1
-14739.8 -2479.13 33586.9 36762.7 -1 2
-5816.63 -1874.6 9921.45 11653 1 2
event 8
-6367.25 -565.183 5426.2 8938.44
-6849.27 -6032.48 35285.3 36577.9
-3830.77 -82.7074 5030.1 6324.14 -1 1
-2536.48 -482.475 396.095 2614.3 1 1
-4704.52 -2198.49 20949.5 21583.7 -1 2
-2144.75 -3833.99 14335.8 14994.2 1 2
event 9
3396.37 -14417.2 22976.2 27511.6
9981.28 -3714.92 -149.336 11092.3
1664.98 -9721.75 12695.5 16077 1 1
1731.39 -4695.45 10280.7 11434.5 -1 1
3641.53 -195.634 918.923 3762.26 -1 2
6339.75 -3519.29 -1068.26 7330.09 1 2
event 10
-9551.46 1390.21 -29304.8 31008.5
-5868.19 7931.3 19683.1 22234.2
-3816.74 6640.38 16815.4 18477.8 1 2
-3997.87 2133.23 -13054.1 13818.6 -1 1
-2051.46 1290.92 2867.77 3756.36 -1 2
-5553.59 -743.026 -16250.7 17189.9 1 1
event 11
-3387.98 -7478.03 -34354.6 35457.5
8820.43 -8501.21 15441.6 20052.4
4115.58 -1948.26 7197.58 8517.63 1 2
300.658 -2599.69 -11880.3 12165.5 1 1
4704.84 -6552.95 8244 11534.8 -1 2
-3688.63 -4878.34 -22474.4 23291.9 -1 1
event 12
-7494.04 -1917.4 11821.5 14462.9
-5086.81 -5541.18 -28855.9 29980.6
-4346.28 -3476.06 -16054.3 16991.9 1 2
-2285.01 -2037.29 5218.03 6050.69 1 1
-740.53 -2065.11 -12801.6 12988.6 -1 2
-5209.03 119.886 6603.43 8412.18 -1 1
event 13
6913.22 -7463.06 47657.1 48829.1
10767 -4036.45 -30835.2 33054.8
2773.86 -4780.74 29507.9 30021.3 1 1
4139.36 -2682.31 18149.2 18807.8 -1 1
8578.92 -3993.42 -21943.4 23897 -1 2
2188.08 -43.0244 -8891.79 9157.76 1 2
event 14
-5619.11 4662.59 12123.9 14487.7
5479.92 6485.01 -20095.5 22034.1
-2298.24 3001.77 8475.9 9281.41 1 1
-3320.87 1660.81 3648.01 5206.3 -1 1
2491.51 3719.64 -14035.6 14732.7 1 2
2988.41 2765.37 -6059.91 7301.48 -1 2
event 15
3661.87 -6281.32 8843.95 11860.5
8244.82 -3247.78 -21834.8 23767.1
3356.38 -3030.9 4129.59 6125.06 1 1
305.488 -3250.42 4714.36 5735.41 -1 1
5822.29 -1295.9 -17005 18021 -1 2
2422.53 -1951.88 -4829.87 5746.07 1 2
event 16
20814 -510.116 101953 104103
3514.78 -2784.86 1063.44 5552.55
2952.47 -639.356 1355.83 3312.9 1 2
7606.95 -522.438 30422.1 31363.3 -1 1
562.304 -2145.5 -292.393 2239.65 -1 2
13207 12.3222 71530.9 72739.9 1 1
event 17
-28723.6 -14902.9 7951.04 33465.6
492.38 5092.68 -13549.5 14810.7
-22644.7 -12152.4 7526.51 26779.1 1 1
-6078.87 -2750.46 424.537 6686.48 -1 1
1681.87 3177.55 -6781.17 7675.99 -1 2
-1189.49 1915.13 -6768.38 7134.75 1 2
event 18
6876.64 4106.94 17247.1 19266.8
-1280.44 -7821.94 5007.67 9873.71
4657 1112.59 10894.2 11900.4 1 1
2219.64 2994.35 6352.86 7366.33 -1 1
-2267.28 -5741.76 3265.12 6984.3 -1 2
986.839 -2080.18 1742.55 2889.41 1 2
event 19
-21126.7 -10624.8 -13603.8 27456.8
-1133.28 8077.02 -44169.9 45023.3
-17446.2 -7414.7 -10523.1 21681.6 -1 1
-3680.51 -3210.1 -3080.73 5775.2 1 1
-1984.76 3968.95 -25893.8 26271.5 -1 2
851.476 4108.07 -18276.1 18751.8 1 2
event 20
-5474.57 5028.1 2298.86 8374.27
-1219.56 -13935.2 36090.7 38830.5
-2932.1 4510.24 2078.59 5768.12 -1 1
-2542.47 517.859 220.27 2606.15 1 1
626.129 -7084.65 20559.1 21754.8 -1 2
-1845.69 -6850.5 15531.6 17075.7 1 2
event 21
-7757.12 -3094.28 -3930.94 9736.06
10178.4 8034.31 5439.29 14398.8
1614.31 2968.36 1436.18 3673 -1 2
-2597.15 -937.047 217.943 2771.62 -1 1
8564.1 5065.96 4003.12 10725.9 1 2
-5159.97 -2157.23 -4148.88 6964.43 1 1
event 22
-843.242 6229.34 1713.27 7214.03
8226.56 2250.75 36090.4 37213.6
-542.57 3924.19 -509.998 3995.61 1 1
-300.672 2305.16 2223.27 3218.42 -1 1
4157.42 1468.86 12347.5 13111.5 1 2
4069.13 781.894 23742.9 24102 -1 2
event 23
1489.45 6375.96 -3523.24 8054.53
-11306.3 464.121 7723.11 14045.8
2250.13 4225.24 -3172.98 5744.1 -1 1
-760.681 2150.72 -350.262 2310.43 1 1
-5979.93 -62.3599 2251.35 6390.86 1 2
-5326.37 526.481 5471.76 7654.99 -1 2
event 24
7731.46 5040.47 -30924.3 32420.4
13882.1 -1137.55 34266.9 37119
5044.65 3676.99 -15610.9 16813.1 -1 1
2686.81 1363.48 -15313.4 15607.3 1 1
7144.42 964.215 17390.1 18825.5 1 2
6737.67 -2101.76 16876.8 18293.5 -1 2
event 25
10010.4 2320.04 13621.4 17341.4
4068.94 -2639.54 6140.78 8415.7
2051.9 -2661.53 2292.44 4069.46 1 2
4280.5 1116.52 8406.8 9500.25 1 1
2017.04 21.9897 3848.34 4346.24 -1 2
5729.9 1203.53 5214.62 7841.16 -1 1
event 26
-6746.56 8942.08 -6000.01 13079.3
4619.74 7250.89 7709.56 11956
3475.54 2604.58 3426.75 5533.26 1 2
-572.305 2944.23 -1815.58 3507.64 -1 1
-6174.26 5997.85 -4184.43 9571.64 1 1
1144.2 4646.31 4282.8 6422.69 -1 2
event 27
1332.52 -8105.12 -26184.2 27616.6
10810.2 4543.2 5062.44 13142.3
8006.09 3960.13 5080.25 10276.2 1 2
-443.415 -3205.52 -6613.49 7363.52 1 1
2804.15 583.062 -17.8183 2866.13 -1 2
1775.94 -4899.61 -19570.7 20253 -1 1
event 28
4985.95 -7022.81 -34714 35955.9
-6567.04 3909.09 7952.66 11456.1
4092.72 -3716.66 -26223.9 26800.5 1 1
893.23 -3306.16 -8490.12 9155.42 -1 1
-2385.69 404.771 4150.2 4805.27 -1 2
-4181.35 3504.32 3802.46 6650.85 1 2
event 29
-10619.4 -851.917 7840.16 13585.2
-9461.23 -4500.49 -28569 30586.7
-3534.89 -3052.4 -9920.4 10965.3 1 2
-3173.88 897.996 3411.31 4746.37 -1 1
-7445.55 -1749.91 4428.85 8838.79 1 1
-5926.34 -1448.09 -18648.6 19621.4 -1 2
event 30
7327.33 -6514.36 6051.04 11930.3
4708.11 -5463.91 -8410.02 11503.8
3376.72 -4019.44 4746.47 7078.02 1 1
3950.6 -2494.92 1304.57 4852.31 -1 1
857.266 -2279.99 -4647.2 5247.94 -1 2
3850.84 -3183.93 -3762.82 6255.9 1 2
event 31
-7884.24 -1956.07 29990.5 31225.2
-7847.22 2140.18 -13747.6 16271.1
-4594.58 2801.57 -8554.28 10106.7 1 2
-2844.74 -1724.8 8032.44 8694.75 1 1
-3252.63 -661.391 -5193.37 6164.36 -1 2
-5039.5 -231.272 21958.1 22530.4 -1 1
event 32
7035.41 -1581.91 7251.23 10685.1
-1540.89 10369.9 -26131.4 28325.8
3804.62 -1626.05 2198.18 4686.4 -1 1
3230.79 44.1373 5053.04 5998.7 1 1
-1099.76 5448.73 -9848.2 11309.1 -1 2
-441.135 4921.14 -16283.2 17016.7 1 2
event 33
976.63 6982.79 10332.6 12886.7
2203.89 7757.27 -9796.2 13061
2390.29 2938.34 -3815.24 5377.22 -1 2
1732.59 2103.65 4278.4 5073.76 1 1
-755.959 4879.14 6054.25 7812.97 -1 1
-186.403 4818.93 -5980.96 7683.74 1 2
event 34
-6443.34 -1752.02 11664.3 13792.5
-528.134 8757.19 -27988.7 29494.5
-3575.57 -269.185 3497.35 5009.97 -1 1
-2867.76 -1482.84 8166.92 8782.52 1 1
12.3634 4525.66 -9552.18 10570.6 1 2
-540.498 4231.53 -18436.5 18923.9 -1 2
event 35
-3283 -6722.86 19771.1 21365
-756.05 8489.39 34048.4 35235.3
-1570.06 5810.15 19085.2 20012 1 2
-1366.16 -2992.36 4820.56 5836.91 -1 1
814.008 2679.24 14963.2 15223.3 -1 2
-1916.84 -3730.5 14950.5 15528.1 1 1
event 36
-4108.41 -9617.49 -44410.7 45730.5
-4873.79 -2004.5 4611.89 7657.27
-2428.39 -2337.56 3744.38 5039.13 1 2
-2829.95 -4305.9 -26817.8 27308.5 1 1
-2445.4 333.055 867.509 2618.14 -1 2
-1278.46 -5311.59 -17593 18422 -1 1
event 37
8665.04 4749.64 5224.11 11598.4
431.02 -11600.3 -7644.01 14239.9
1525.12 -3250.01 -2236.79 4231.18 -1 2
2733.97 1930.84 246.772 3357.8 1 1
-1094.1 -8350.33 -5407.22 10008.7 1 2
5931.07 2818.8 4977.34 8240.65 -1 1
event 38
-1130.3 -6572.87 2573.43 7790.64
201.623 7949.19 11480.8 14304.8
-1427.41 3051.36 4602.22 5704.38 1 2
-1246.92 -1670.91 -295.959 2108.44 1 1
1629.04 4897.83 6878.55 8600.47 -1 2
116.618 -4901.96 2869.39 5682.2 -1 1
event 39
4954.45 -4261 -1948.04 7489.32
9057.45 17980.8 -54913.4 58569.7
3764.08 -1687.15 -148.189 4128.91 -1 1
1190.37 -2573.85 -1799.85 3360.41 1 1
5999.43 9232.96 -27040.8 29196.9 1 2
3058.02 8747.83 -27872.5 29372.9 -1 2
event 40
5609.46 -6640.46 36741.4 37882.5
-701.455 7477.76 -26213.3 27443.4
-281.104 3255.29 -6471.04 7249.93 1 2
707.317 -2877.22 9662.14 10106.8 -1 1
4902.15 -3763.24 27079.2 27775.7 1 1
-420.351 4222.47 -19742.3 20193.4 -1 2
event 41
-11463.6 -4784.03 34288.8 36600.8
-1969.69 -6295.01 -7694.83 10597.6
-1096.87 -4054.39 -2542.79 4911.03 -1 2
-3421.25 -145.016 7415.41 8168.56 1 1
-8042.34 -4639.02 26873.4 28432.2 -1 1
-872.816 -2240.61 -5152.04 5686.55 1 2
event 42
1270.21 -6608.49 -730.498 7443.78
-7996.49 1000.87 453.432 8873.41
-3334.83 2003.66 1138.45 4055 1 2
280.249 -2330.6 1208.83 2642.48 -1 1
-4661.66 -1002.8 -685.014 4818.41 -1 2
989.96 -4277.89 -1939.32 4801.3 1 1
event 43
604.353 -8194.69 -10160.8 13429.5
-6480.98 13956.4 -23342.8 28129.4
-817.486 5203.34 -8052.69 9622.89 1 2
673.547 -2593.15 -5585.63 6195.84 1 1
-5663.49 8753.09 -15290.1 18506.5 -1 2
-69.194 -5601.55 -4575.18 7233.64 -1 1
event 44
6537.76 2676.41 -24786.5 25958.9
4325.95 6200.96 -47054.7 47758.8
3188.54 1895.47 -22234.9 22542.5 -1 2
1965.04 2179.18 -12473.6 12814.5 1 1
4572.72 497.226 -12312.9 13144.4 -1 1
1137.41 4305.49 -24819.7 25216.3 1 2
event 45
9159.82 -4004.42 -43713.9 44949.2
-4948.14 -4738 -3002.18 8095.46
-4527.71 -2382.41 -2191.38 5566.81 -1 2
3944.05 -2399.51 -14112.6 14848.9 -1 1
5215.78 -1604.91 -29601.4 30100.4 1 1
-420.43 -2355.58 -810.798 2528.66 1 2
event 46
-1726.85 -9916.84 21421.5 23870.5
2410.12 -6421.04 -1314.6 7639.19
1384.89 -4530.77 576.214 4773.78 -1 2
-556.839 -3888.8 11972.3 12600.8 -1 1
-1170.01 -6028.03 9449.23 11269.7 1 1
1025.22 -1890.27 -1890.81 2865.41 1 2
event 47
-7090.4 -2690.56 25816.7 27085.2
-3390.92 4613.6 -1148.32 6610.19
-4107.94 -515.335 17534.2 18016.7 1 1
-2982.45 -2175.23 8282.52 9068.51 -1 1
-1468.7 3990.73 -1586.42 4539.93 -1 2
-1922.22 622.862 438.097 2070.26 1 2
event 48
-6118.09 -4186.07 11112.7 13712.6
3900.03 12106.9 32778 35295.5
2545.51 3323.72 9705.82 10570.8 1 2
-1864.14 -1922.39 1805.21 3231.18 1 1
1354.52 8783.17 23072.2 24724.8 -1 2
-4253.95 -2263.68 9307.45 10481.4 -1 1
event 49
-5614.7 5507.02 21464.4 23068.7
15549.7 5101.03 -69886.4 71843.7
-3027.26 4578.78 11698 12922.3 -1 1
-2587.44 928.238 9766.37 10146.4 1 1
8435.62 3607.78 -33237.8 34481 -1 2
7114.11 1493.25 -36648.6 37362.7 1 2
event 50
8566.6 4835.2 -51243.8 52271.2
-9129.28 152.792 13493.9 16584.4
-2888.82 1499.15 4609.22 5643.48 1 2
2455.41 1159.08 -8146.25 8587.49 1 1
6111.19 3676.12 -43097.5 43683.7 -1 1
-6240.46 -1346.36 8884.67 10941 -1 2
event 51
6731.66 2242.48 -6185.29 9909.19
6614.44 -14389.9 -21770.4 27099
3957.18 894.816 -1558.3 4347.35 1 1
2774.48 1347.67 -4626.99 5561.84 -1 1
2501.26 -8887.58 -13333.5 16218.5 1 2
4113.18 -5502.31 -8436.96 10880.6 -1 2
event 52
-8908.25 7539.24 50158.4 51591.2
6251.14 -3801.55 13664.5 15806.2
3304.55 -3702.27 9230.67 10480.6 -1 2
-3579.44 1447.55 19738.4 20112.8 -1 1
-5328.81 6091.69 30420 31478.4 1 1
2946.59 -99.2746 4433.82 5325.61 1 2
event 53
6614.61 1303.21 3384.96 8154.78
7190.61 -731.455 -8548.08 11614.7
3118.5 -678.233 -6035.98 6828.56 1 2
2095.81 -531.299 2298.03 3157.03 1 1
4518.8 1834.51 1086.93 4997.75 -1 1
4072.11 -53.2212 -2512.1 4786.1 -1 2
event 54
197.564 9428.59 20279 22578
-1925.42 4970.1 5146.39 8030.27
1476.72 4854.6 8869.39 10218.9 -1 1
-1279.15 4573.98 11409.7 12359.2 1 1
257.673 3510.62 2671.94 4420.55 -1 2
-2183.1 1459.48 2474.45 3609.72 1 2
event 55
180.103 8106.3 -4347.45 9707.51
-7697.57 -18392.1 -2432.43 20323.1
322.366 5218.16 -1073.68 5338.26 1 1
-142.263 2888.14 -3273.77 4369.25 -1 1
-5060.73 -9605.08 -104.822 10857.7 1 2
-2636.83 -8787.02 -2327.61 9465.39 -1 2
event 56
548.322 11113.3 10510.6 15616.3
5859.26 2809.46 4554.21 8517.96
4196.26 1627.33 4650.46 6472.62 -1 2
-937.334 2943.7 1779.6 3566.8 1 1
1485.66 8169.55 8731.02 12049.5 -1 1
1663 1182.12 -96.2589 2045.34 1 2
event 57
4432.67 20931.4 15056.9 26421
6208.63 2392.75 5935.88 9439.17
3990.84 318.536 4657.85 6142.88 1 2
363.854 7662.93 3859.12 8588.18 -1 1
2217.79 2074.21 1278.03 3296.28 -1 2
4068.82 13268.5 11197.8 17832.8 1 1
event 58
6794.12 -881.476 -28443.1 29420
725.374 8554.96 -4310.71 10093.9
3680.52 840.993 -17835.9 18231.4 1 1
3113.6 -1722.47 -10607.2 11188.6 -1 1
373.877 4370.52 -488.822 4414.9 1 2
351.497 4184.44 -3821.88 5679 -1 2
event 59
8411.83 -2080.36 36943.1 38072
-6378.51 -4281.78 -16978.6 18891.3
-2688 -1967.33 -10996.6 11490.5 -1 2
2177.81 -1664.94 15333.9 15577.4 -1 1
6234.02 -415.417 21609.2 22494.6 1 1
-3690.51 -2314.45 -5981.98 7400.8 1 2
event 60
8035.86 -2263.14 2802.47 9334.98
-13307.8 -11462.2 16423.9 24244.9
-3457.04 -2685.48 6011.61 7437.31 -1 2
2102.63 -2054.91 1257.87 3199.55 1 1
-9850.74 -8776.72 10412.3 16807.6 1 2
5933.23 -208.222 1544.6 6135.43 -1 1
event 61
8462.07 -1664.87 10291 13779.5
-7449.48 -3059.43 13479.2 16004.2
4599.28 -2427.83 6334.28 8196.46 -1 1
3862.8 762.956 3956.77 5583.06 1 1
-4356.73 -3293.18 9493.56 10952.9 -1 2
-3092.74 233.75 3985.65 5051.36 1 2
event 62
-9140.38 1991.66 -19643.8 21976.9
10259.5 345.879 -9111.93 14071.1
-5822.41 1704.34 -9254.08 11065.9 -1 1
-3317.97 287.312 -10389.7 10911 1 1
7696.44 134.399 -4870.31 9109.57 -1 2
2563.08 211.48 -4241.62 4961.52 1 2
event 63
3232.68 5159.33 6863.2 9683.15
2744.95 7506.54 10016.4 13183.4
106.071 3688.6 2936.2 4716.93 -1 2
2068.22 740.997 2856.01 3604.8 1 1
2638.88 3817.94 7080.17 8466.43 1 2
1164.46 4418.33 4007.19 6078.35 -1 1
event 64
10350.6 3024.47 -5907.71 12679.8
-3021.89 3997.24 -17237.1 18215.9
-1758.38 2436.33 -14562.6 14869.7 1 2
3833.25 2391.01 -1405.36 4732.54 -1 1
-1263.51 1560.91 -2674.5 3346.19 -1 2
6517.31 633.46 -4502.35 7947.26 1 1
event 65
-10.1214 9888.56 28587.4 30407.4
4240.1 4179.02 -1516.72 6879.99
-1403.44 5567.04 17788.5 18692.3 -1 1
1393.32 4321.51 10798.9 11715.1 1 1
3746.7 2062.88 -1882.1 4674.04 -1 2
493.398 2116.15 365.374 2205.94 1 2
event 66
14534.3 5900.62 -37802.4 41044.8
10082.6 789.84 9774.4 14401.8
10113 4844.91 -23529.8 26065.5 1 1
4421.37 1055.71 -14272.5 14979.3 -1 1
2265.11 -292.201 4053.44 4653.78 -1 2
7817.44 1082.04 5720.96 9748.01 1 2
event 67
8444.52 -1833.32 7486.42 11845.2
-7777.19 979.836 -29702.1 30939.4
-3389.5 -387.428 -7141.15 7914.92 -1 2
2369.81 -1050.26 4082.65 4837.18 1 1
6074.71 -783.054 3403.77 7008 -1 1
-4387.69 1367.26 -22560.9 23024.5 1 2
event 68
-28343.3 971.025 81015.4 85891.7
-3881.04 -5115.16 4129.29 8238.28
-17303 1420.4 45642.7 48833.1 1 1
-11040.4 -449.377 35372.8 37058.5 -1 1
-3356.96 -2134.86 3084.97 5035.37 -1 2
-524.082 -2980.3 1044.32 3202.9 1 2
event 69
-2734.87 -9607.69 -11842.9 15799.8
8106.55 -1958.86 10130 13481.9
2493.32 -1945.57 4739.31 5698.61 1 2
602.305 -2436.13 -3436.21 4256.31 -1 1
-3337.18 -7171.57 -8406.69 11543.5 1 1
5613.23 -13.2989 5390.68 7783.26 -1 2
event 70
-5691.22 6757.67 -14659.3 17393.8
6465.04 -1927.04 11615.1 13784.5
4566.82 -2768.01 8183.63 9772.45 -1 2
-2199.88 2407.96 -8387.37 8999.83 1 1
-3491.34 4349.71 -6271.96 8393.93 -1 1
1898.23 840.97 3431.47 4012.06 1 2
event 71
2093.49 7890.73 9450.79 12866.8
-5142.93 -8294.15 -39887.9 41181
819.149 4932.72 3516.22 6113.73 -1 1
1274.35 2958.01 5934.57 6753.08 1 1
-5179.4 -6001.34 -29960.4 30991.6 -1 2
36.4716 -2292.81 -9927.48 10189.4 1 2
event 72
5041.88 1719.7 6912.67 9260.36
7856.33 -7570.1 -13545.4 17666.2
3656.5 99.3635 5787.87 6847.66 1 1
1385.38 1620.34 1124.81 2412.7 -1 1
4823.28 -3217.55 -5270.22 7836.01 1 2
3033.05 -4352.55 -8275.14 9830.22 -1 2
event 73
8665.84 1123.01 -1520.15 9605.03
3678.02 5448.76 3339.07 7997.34
4441.65 1239.32 949.666 4709.26 -1 1
4224.2 -116.319 -2469.82 4895.77 1 1
3318.77 2431.25 1224.46 4293.68 -1 2
359.244 3017.5 2114.61 3703.67 1 2
event 74
-5582.49 -3636.98 13006.6 14938.3
-9814.53 8254.33 -37515.7 39767.8
-4537.87 -1218.71 8720.13 9906.02 -1 1
-1044.62 -2418.27 4286.47 5032.32 1 1
-5130.54 6198.18 -24210.3 25512.5 1 2
-4683.99 2056.15 -13305.4 14255.3 -1 2
event 75
2867.99 -6874.08 -4819.07 9396.29
-5732.35 -3903.68 -32222.9 33106
2491.12 -3875.09 -1366.34 4806.25 -1 1
376.871 -2998.98 -3452.73 4590.04 1 1
-2950.75 -377.015 -15889.7 16166.1 -1 2
-2781.6 -3526.67 -16333.2 16939.9 1 2
event 76
-11880.2 -1535.8 33337.8 35559.8
5142.88 -2886.65 -16168.3 17486.7
3791.66 -427.124 -10197.8 10888.7 1 2
-4147.5 -848.464 16218 16761.8 1 1
1351.22 -2459.52 -5970.49 6597.95 -1 2
-7732.7 -687.334 17119.8 18798 -1 1
event 77
4147.73 -6880.35 32423.1 33546.8
-5425.05 4263.48 -9517.57 12156.6
1446.61 -4866.5 22531.6 23096.8 1 1
2701.12 -2013.85 9891.44 10450 -1 1
-1792.85 2204.48 -1753.96 3340.89 -1 2
-3632.2 2059 -7763.62 8815.74 1 2
event 78
-1476.35 -8595.63 -34151.7 35383.5
-5209.53 38.8605 14773.3 15968.2
-1385.88 -4396.28 -23194.2 23648 -1 1
-90.4734 -4199.35 -10957.5 11735.4 1 1
-3466.11 1325.68 11072.8 11678.6 -1 2
-1743.42 -1286.82 3700.56 4289.6 1 2
event 79
-5362.06 5269.57 -5554.71 9847.12
8599.05 1420.19 -2742.9 9647.5
3937.29 -154.856 138.735 3944.19 -1 2
-1422.55 3167.54 -1394.73 3743.45 1 1
4661.76 1575.05 -2881.64 5703.31 1 2
-3939.51 2102.03 -4159.98 6103.68 -1 1
event 80
9515.84 -1704.42 -10752 14786.9
3570.03 3758.7 -3711.62 7088.03
974.879 3222.74 -2346.12 4105.11 1 2
4551.1 702.347 -5427.88 7118.91 1 1
2595.15 535.956 -1365.49 2982.92 -1 2
4964.73 -2406.76 -5324.14 7668.04 -1 1
event 81
6373.64 2201.6 6400.86 9799.57
3630.54 -6696.48 -4716.42 9479.4
4005.32 -114.418 2706.8 4836.69 1 1
2368.32 2316.02 3694.06 4962.88 -1 1
2331.74 -3656.38 -902.089 4430.7 -1 2
1298.8 -3040.09 -3814.33 5048.7 1 2
event 82
-8878.88 5066.24 -7833.45 13246
-1529.62 -6064.95 -5193.3 8926.68
-4848.65 3218.85 -6240.59 8533.85 -1 1
-4030.23 1847.39 -1592.86 4712.11 1 1
760.071 -4268.52 -2860.72 5195.46 -1 2
-2289.69 -1796.43 -2332.59 3731.22 1 2
event 83
8813.91 10599.3 8623.97 16552.8
9201.34 -7196.15 -27918.5 30421.7
1832.48 -2847.4 -5970.98 6865.09 1 2
883.426 2670.71 2553.57 3800.66 1 1
7930.48 7928.62 6070.4 12752.1 -1 1
7368.85 -4348.76 -21947.5 23556.7 -1 2
event 84
-7788.34 8028.86 -14615.7 18663.6
2223.36 7137.44 3170.67 8690.83
2137.02 2957.22 395.55 3671.46 -1 2
-2844.62 2013.01 -6738.18 7586.72 1 1
-4943.71 6015.85 -7877.54 11076.9 -1 1
86.3436 4180.22 2775.12 5019.37 1 2
event 85
4887.6 3744.03 -1470.03 7046.88
-13673.5 2879.9 -5481.15 15326.2
1846.61 3118.16 -1541.39 3939.54 1 1
3040.99 625.868 71.3643 3107.34 -1 1
-9105.46 1260.19 -4972.97 10451.8 -1 2
-4568.06 1619.71 -508.175 4874.43 1 2
event 86
52.1045 -6038.36 33841.4 34515.2
5662.88 -7955.54 -11850 15664.3
1501.25 -3932.09 22224 22619.3 -1 1
-1449.15 -2106.28 11617.4 11895.9 1 1
2449.56 -4760.78 -4341.21 6893.66 -1 2
3213.32 -3194.76 -7508.76 8770.67 1 2
event 87
9341.05 -8604.38 -13427.2 18739.5
7996.59 -1120.74 1770.85 8827.55
5858.25 -1490.68 2490.59 6538.76 -1 2
3298.88 -4832.34 -4934.41 7654.65 1 1
6042.17 -3772.04 -8492.8 11084.9 -1 1
2138.35 369.942 -719.738 2288.79 1 2
event 88
-1142.75 -5341.87 -7064.43 9451.93
1424 -12812.7 56494.6 58029.5
-1733.02 -2928.48 -5635.04 6583.63 1 1
590.263 -2413.39 -1429.39 2868.3 -1 1
962.081 -8560.06 30841.8 32022.3 1 2
461.915 -4252.65 25652.8 26007.2 -1 2
event 89
-1326.57 -10013 5397.27 11863.4
5903.37 9244.98 -17888.3 21210.9
1709.79 4699.29 -6014.52 7822.55 -1 2
-1689.13 -3274.66 1039.67 3829.97 -1 1
362.567 -6738.33 4357.6 8033.45 1 1
4193.59 4545.69 -11873.8 13388.4 1 2
event 90
-3810.19 8290.62 -12268.2 15599.7
-6835.11 -2804.02 -9473.05 12406.1
-3092.47 -1302.43 -6750.59 7539.32 -1 2
-887.607 3138.75 -2260.09 3969.73 -1 1
-2922.58 5151.86 -10008.1 11630 1 1
-3742.65 -1501.59 -2722.46 4866.74 1 2
event 91
7981.34 5336.11 -5556.82 11517.2
8831.47 1837.1 12218.4 15500
4412.98 -624.707 5224.73 6868.3 1 2
3154.42 435.875 -2122.78 3828.54 1 1
4826.92 4900.24 -3434.05 7688.65 -1 1
4418.49 2461.81 6993.69 8631.71 -1 2
event 92
-11141.7 -343.362 16274.2 19967.4
5912.63 1559.77 -7083.32 9856.81
-7188.99 -94.0244 7775.62 10590.6 -1 1
-3952.76 -249.338 8498.56 9376.73 1 1
2070.92 -474.322 -928.594 2321.02 -1 2
3841.72 2034.09 -6154.73 7535.79 1 2
event 93
1191.16 9660.27 21800.5 24074.8
-5586.7 9974.23 -21633.5 24663.7
-931.213 4526.14 -7343 8676.63 -1 2
-1003.46 2437.18 6432.75 6952.57 -1 1
2194.62 7223.09 15367.8 17122.2 1 1
-4655.49 5448.09 -14290.5 15987 1 2
event 94
-2745.47 7132.69 -7691.41 11276.6
-9769.35 -1878.61 7254.89 12696.2
29.5889 4148.13 -3485.96 5419.5 -1 1
-2775.06 2984.56 -4205.45 5857.09 1 1
-6912.76 -960.95 6635.56 9630.76 -1 2
-2856.59 -917.664 619.335 3065.45 1 2
event 95
-4347.76 -8738.04 22964.7 25144
9652.57 -6054.78 12924.5 17506.2
-1687.72 -5524.81 10302.6 11812.2 -1 1
-2660.04 -3213.23 12662.1 13331.9 1 1
7196.7 -5305.23 11503 14569.4 -1 2
2455.88 -749.55 1421.5 2936.83 1 2
event 96
-1700.32 -8000.42 9177.28 12677.2
6800.59 -2188.08 10200.2 12832.4
3257.16 245.764 5937.73 6777.71 1 2
-790.686 -3123.08 1547.72 3575.67 -1 1
-909.634 -4877.34 7629.55 9101.49 1 1
3543.43 -2433.84 4262.44 6054.67 -1 2
event 97
-6845.53 3047.67 5838.79 9991.66
-13318.1 1667.27 30973.7 33898.6
-4441.35 2798.86 5401.66 7533.15 1 1
-2404.18 248.809 437.131 2458.5 -1 1
-7206.48 -115.523 13551.2 15349.1 -1 2
-6111.59 1782.8 17422.5 18549.5 1 2
event 98
-4626.58 -14799.8 -10996.9 19260.4
-5164.57 -2803.7 1385.83 6785.67
-3466.77 -1298.47 2274.99 4346.41 1 2
-1478.15 -5956.1 -2602.34 6666.59 1 1
-1697.8 -1505.23 -889.165 2439.27 -1 2
-3148.44 -8843.68 -8394.55 12593.8 -1 1
event 99
-8614.07 -2142.36 13939.5 16813.5
-1358.35 -8403.13 5781.14 10745.7
-4886.77 -127.667 5430.95 7307.75 1 1
-3727.3 -2014.69 8508.59 9505.74 -1 1
-2296.73 -6409.43 4801.44 8331.91 -1 2
938.381 -1993.7 979.707 2413.8 1 2
event 100
6898.42 5130.64 -8999.25 12825.3
5999.8 -3473.56 -7665.58 10789.6
3109.58 -2762.48 -2578.95 4895.2 -1 2
3378.09 846.174 -2540.01 4311.65 1 1
3520.33 4284.47 -6459.24 8513.65 -1 1
2890.22 -711.078 -5086.64 5894.41 1 2
event 101
-4548.97 -2589.58 14285 15525.8
-7338.14 -6407.39 17635.5 20384
-2444.68 -3057.35 9577.05 10346.7 -1 1
-2104.29 467.776 4707.91 5179.04 1 1
-3571.21 -4045.86 12339.4 13468.2 1 2
-3766.92 -2361.53 5296.19 6915.73 -1 2
event 102
6247.93 -1575.68 1992.16 7421.56
-2644.73 9586.77 -4519.97 11354.3
4032.45 547.364 960.746 4182.63 -1 1
2215.49 -2123.04 1031.42 3238.93 1 1
-990.176 7807.53 -2715.51 8326.05 -1 2
-1654.56 1779.25 -1804.46 3028.29 1 2
event 103
2874.45 9092.21 14420.4 17563.3
3374.85 17402.2 12525.4 21924.9
923.095 6476.06 11237.5 13003.2 1 1
1951.36 2616.15 3182.91 4560.05 -1 1
1539.78 9012.41 4588.16 10230.2 1 2
1835.07 8389.77 7937.19 11694.7 -1 2
event 104
-12287.1 10749 62106.7 64291.1
1559.49 5230.98 -4551.94 7752.91
2042.08 2328.83 -1284.25 3354.69 1 2
-7029.7 4312.02 28271.5 29450 -1 1
-482.585 2902.15 -3267.69 4398.22 -1 2
-5257.37 6436.98 33835.2 34841.2 1 1
event 105
1565.62 8335.9 -18180.7 20299.4
-3551.5 -13059.5 -6763.42 15443.4
1986.62 5086.43 -13691.3 14740.4 -1 1
-420.999 3249.46 -4489.37 5558.94 1 1
-2421.11 -6786.11 -1979.48 7472.79 -1 2
-1130.39 -6273.39 -4783.94 7970.6 1 2
event 106
8119.11 4388.62 -4289.7 10638.3
7160.98 10965.7 -4085.03 14064.4
4520.91 1729.97 -3763.42 6132.36 -1 1
3598.21 2658.65 -526.276 4505.96 1 1
4647.58 6615.84 -4040.65 9039.22 1 2
2513.39 4349.91 -44.3762 5025.14 -1 2
event 107
802.961 -8528.1 2006.7 9326.9
2452.55 -4769.25 -6546.71 9011.71
338.356 -3774.29 -3409.98 5098.91 1 2
1730.48 -4112.73 1789.83 4808.72 1 1
2114.19 -994.959 -3136.73 3912.8 -1 2
-927.519 -4415.36 216.876 4518.18 -1 1
event 108
8394.92 6416.66 36173.7 37812.4
1195.71 -11761.8 -25397.6 28185.1
1708.38 -5405.26 -14335.2 15415.7 1 2
3212.97 1279.24 15705.5 16082.1 1 1
5181.95 5137.42 20468.3 21730.3 -1 1
-512.676 -6356.58 -11062.4 12769.4 -1 2
event 109
-2289.77 4464.38 -4848.56 7633.65
-188.624 16207 -80963.2 82627.6
-2114.23 2343.84 -4464.84 5468.96 -1 1
-175.531 2120.54 -383.72 2164.7 1 1
1369.27 8669.52 -45447.9 46287.8 -1 2
-1557.9 7537.47 -35515.3 36339.9 1 2
event 110
7185.57 -605.262 1876.03 8069.04
-3686.64 -7458.76 12846.6 15615.7
-2466.35 -2107.86 6174.34 6975.64 1 2
2473.9 -646.271 2158.07 3347.58 1 1
-1220.29 -5350.9 6672.22 8640.08 -1 2
4711.67 41.0092 -282.033 4721.46 -1 1
event 111
-7576.87 -860.409 -17114.6 18990.7
3093.3 5863.45 9366.89 11886
3034.49 2622.3 5937.17 7165.59 -1 2
-3281.31 960.603 -5542.37 6512.96 -1 1
-4295.57 -1821.01 -11572.2 12477.8 1 1
58.8121 3241.15 3429.72 4720.45 1 2
event 112
-1513.32 18260.8 22143.8 28908.3
4951.34 -587.587 -11938.3 13303.2
404.258 12374.8 15205.8 19609.4 -1 1
-1917.58 5885.96 6938.03 9298.87 1 1
2967.87 -1378.04 -4507.46 5570.96 -1 2
1983.47 790.455 -7430.83 7732.23 1 2
event 113
-7058.05 1557.44 19353.5 20889.9
-6993.24 -3131.09 -15161.3 17267.5
-4982.61 -2379.97 -13384.2 14478.9 1 2
-3536.95 -690.004 7499.54 8321.08 1 1
-2010.63 -751.124 -1777.15 2788.59 -1 2
-3521.1 2247.44 11853.9 12568.8 -1 1
