event 0
-11353.4 -1554.85 -29755.2 32097.9
5315.46 -6603.42 19849.5 21804.8
3366.83 -5358.09 11345.5 12991.4 1 2
-5687.53 -417.818 -19600.1 20413.2 1 1
1948.63 -1245.33 8504 8813.46 -1 2
-5665.92 -1137.03 -10155.1 11684.7 -1 1
event 1
7883.9 -1685.99 -4412.9 9698.61
-7781.51 4833.96 5901.71 11328.6
4028.23 -2425.74 -2229.18 5204.93 -1 1
3855.67 739.753 -2183.72 4493.69 1 1
-5684.16 1867.79 4230.1 7328.25 -1 2
-2097.35 2966.17 1671.61 4000.31 1 2
event 2
-4958.97 -4351.6 1049.48 7363.43
-11023 -2744.12 -17626.3 21197
-3059.95 -740.54 -2647.65 4114.96 -1 2
-891.425 -2520.21 -323.788 2694.82 1 1
-7963.03 -2003.58 -14978.6 17082 1 2
-4067.54 -1831.39 1373.27 4668.61 -1 1
event 3
858.446 -9635.23 -26564 28439.7
1881.24 4908.87 -8375.57 10362.3
1274.73 2715.92 -2039.66 3629.39 1 2
-627.475 -4552.97 -9179.9 10266.7 -1 1
606.511 2192.96 -6335.91 6732.89 -1 2
1485.92 -5082.26 -17384.1 18173 1 1
event 4
6066.07 1174.33 12439.1 14230.1
-1379.82 -10300.6 -11265.9 15637.1
3398.79 -905.143 5983.74 6941.71 -1 1
2667.28 2079.48 6455.33 7288.42 1 1
218.979 -5439.11 -7565.14 9320.64 -1 2
-1598.8 -4861.53 -3700.72 6316.42 1 2
event 5
-6413.81 -579.873 -7010.81 10010.8
7070.12 -1425.18 -2164.22 8142.04
2600.43 -2036.57 -554.015 3350.81 -1 2
-2361.11 1260 -2318.12 3542.21 -1 1
4469.69 611.389 -1610.21 4791.23 1 2
-4052.7 -1839.87 -4692.69 6468.54 1 1
