event 0
-7052.44 -388.34 -9555.27 12279.3
15718.4 -3309.58 -28749.8 33078.1
-3928.96 1109.87 -3903.54 5649.54 -1 1
-3123.49 -1498.21 -5651.73 6629.78 1 1
13197.7 -3638.27 -25583.9 29016.6 -1 2
2520.73 328.685 -3165.91 4061.56 1 2
event 1
7887.68 18.6322 -1283.09 8570.48
6729.73 -4238.63 8730.88 12209.6
4518.84 -3790.33 7769.48 9755.12 1 2
3606.46 1073.09 -1719.81 4138.48 -1 1
2210.9 -448.306 961.4 2454.49 -1 2
4281.22 -1054.46 436.721 4432 1 1
event 2
-2872.29 5483.57 2901.2 7505.16
-12338.9 -26797.8 -13362 32534.7
-1103.35 3500.99 144.681 3675.11 1 1
-1768.94 1982.58 2756.52 3830.05 -1 1
-10592.5 -21154.8 -11720.9 26403 -1 2
-1746.46 -5642.99 -1641.13 6131.71 1 2
event 3
-6076.58 420.772 -10699 12694.9
-6510.99 -4141.58 24688.5 26127.7
-3839.61 -559.419 8710.61 9536.32 1 2
-2068.53 -1117.3 -5279.72 5780.46 1 1
-2671.38 -3582.16 15977.9 16591.3 -1 2
-4008.05 1538.07 -5419.26 6914.45 -1 1
event 4
-8040.57 549.65 10500.1 13594.1
7290.87 -2371.91 -33766.5 34764.2
3849.86 -2212.63 -13645.3 14350 1 2
-3806.87 824.332 7314.32 8287.47 1 1
3441.01 -159.284 -20121.2 20414.2 -1 2
-4233.69 -274.682 3185.83 5306.62 -1 1
event 5
987.873 -10239 10465.9 14998
-5593.17 2100.29 -15722.3 17101.9
-795.222 -5394.04 4229.64 6901.38 -1 1
1783.1 -4844.97 6236.25 8096.61 1 1
-3734.66 956.79 -13263.2 13812.5 -1 2
-1858.51 1143.51 -2459.08 3289.36 1 2
event 6
-8960.14 -14219.1 3115.44 17371.3
-5406.07 -9077.3 23821.1 26242.3
-5126.82 -9936.3 925.85 11219.7 1 1
-3833.32 -4282.79 2189.59 6151.6 -1 1
-3290.25 -3298.54 7888.17 9161.91 -1 2
-2115.82 -5778.76 15932.9 17080.4 1 2
event 7
-6751.29 6974.92 7969.36 13089.2
3144.94 -4291.87 -6073.69 8648.18
-4232.3 2774.82 5893.11 7768.65 -1 1
-2518.99 4200.1 2076.25 5320.54 1 1
2642.72 -1879.13 -4994.36 5955.66 -1 2
502.219 -2412.74 -1079.32 2692.52 1 2
