event 0
10049.8 -4366.03 24603.8 27110.8
3428.67 -3587.84 -7355.55 9398.12
1420.55 -3212.42 -3140.57 4712.95 1 2
5007.56 -549.02 10062.6 11253.6 1 1
2008.13 -375.417 -4214.99 4685.17 -1 2
5042.27 -3817.01 14541.2 15857.2 -1 1
event 1
-4808.51 -6118.15 9948.89 13004.8
-9878.22 -12631.2 26897.1 31467
-4050.16 -2936.31 8890.67 10202 1 2
-2067.36 -634.04 3421.68 4049.08 1 1
-5828.07 -9694.87 18006.5 21265 -1 2
-2741.15 -5484.11 6527.21 8955.72 -1 1
event 2
6551.06 -2598.04 -18515.6 20052.1
6949.93 2669.61 -32992.9 33963.9
3218.36 -336.993 -11832.2 12267.2 -1 2
2631.84 -982.688 -11634.5 11969.3 -1 1
3731.57 3006.6 -21160.7 21696.7 1 2
3919.23 -1615.35 -6881.16 8082.77 1 1
event 3
11058.1 -6425.76 -27928.9 30873.7
-3321.48 2957.99 22014.6 22671.9
6914.25 -2543.86 -17734.7 19204.4 1 1
4143.81 -3881.89 -10194.2 11669.3 -1 1
-1140.75 3007.77 13989.8 14355.2 -1 2
-2180.73 -49.7826 8024.81 8316.66 1 2
event 4
167.519 -7214.79 6341.72 10094
-12101.7 -3525.45 1048.08 13021.8
-3389.22 -1930.41 -775.595 3978.19 -1 2
99.2962 -2886.7 4587.86 5422.41 1 1
-8712.44 -1595.04 1823.68 9043.66 1 2
68.2233 -4328.09 1753.85 4671.63 -1 1
event 5
4861.47 5090.52 255.492 7694.4
799.836 9008.81 -15065 17842.2
1765.31 4181.97 -5975.11 7504.55 1 2
1062.97 2159.79 -1183.44 2684.45 -1 1
-965.473 4826.84 -9089.87 10337.7 -1 2
3798.5 2930.73 1438.94 5009.94 1 1
event 6
949.037 8223.79 -15672.7 18104
5773.29 6610.89 -3885.16 10085.7
993.798 3291.23 -956.332 3570.09 1 2
394.319 2107.92 -7960.42 8244.9 -1 1
554.718 6115.87 -7712.32 9859.14 1 1
4779.49 3319.66 -2928.83 6515.59 -1 2
event 7
5786.16 -2847.45 14114.5 15824
-4340.55 -5652.43 -19654.4 21134.7
-689.67 -3350.66 -7766.32 8487.02 -1 2
824.51 -1910.11 3597.66 4157.24 -1 1
4961.65 -937.337 10516.9 11666.7 1 1
-3650.88 -2301.78 -11888.1 12647.7 1 2
event 8
105.663 10101.6 7183.47 12776.8
5320.26 2934.19 10028.1 12127.2
3198.46 3054.75 8219.66 9334.64 -1 2
-689.453 3945.17 4465.95 5999.64 -1 1
795.116 6156.46 2717.52 6777.19 1 1
2121.8 -120.568 1808.43 2792.52 1 2
event 9
-431.568 8989.43 -11150.3 14660
4773.03 -629.64 -342.647 5734.68
2580.75 -1696.4 545.096 3137.88 1 2
-1349.65 4139.88 -3660.32 5689.4 -1 1
2192.28 1066.76 -887.743 2596.79 -1 2
918.084 4849.55 -7489.99 8970.62 1 1
event 10
-2679.23 11462.9 5021.52 13167.5
3811.71 7857.15 38436.8 39537.9
-2877.14 7070.26 4130.51 8679.79 -1 1
197.907 4392.62 891.015 4487.69 1 1
415.854 3666.04 11945.8 12503.1 -1 2
3395.86 4191.11 26491 27034.8 1 2
event 11
-1180.16 -10500.6 30630.8 32549.9
-8642.88 -6940.86 52199.9 53453.7
-3156.1 -844.52 16910.7 17223.7 -1 2
-215.883 -3243.6 14099.3 14469.6 -1 1
-5486.78 -6096.34 35289.3 36230 1 2
-964.281 -7257.01 16531.5 18080.3 1 1
event 12
-4106.11 9821.31 16607.9 19968.3
5511.62 6361.71 -3251.6 9540.09
-3758.77 5026.88 9509.24 11394.5 -1 1
-347.345 4794.43 7098.71 8573.8 1 1
865.262 2203.23 258.949 2383.51 -1 2
4646.35 4158.48 -3510.55 7156.58 1 2
event 13
3932.86 8196.52 1389.67 9704.26
-2788.48 8989.53 28855.7 30509.5
89.6952 3971.66 9240.94 10059.2 -1 2
2185.05 2255.59 -599.922 3198.94 -1 1
1747.81 5940.94 1989.59 6505.32 1 1
-2878.18 5017.87 19614.8 20450.3 1 2
event 14
8233.55 -1608.46 13543.8 16229.7
2804.54 -7604.58 -6821.9 11037.4
4225.61 -290.193 4147.02 5928.65 1 1
4007.94 -1318.27 9396.77 10301.1 -1 1
1022.01 -6411.65 -5545.86 8539.41 -1 2
1782.53 -1192.92 -1276.05 2497.98 1 2
event 15
6435.41 -919.665 -30865.8 31694.7
-3119.84 -7957.32 8529.29 12465.7
3771.54 976.546 -18251.7 18663.1 -1 1
2663.87 -1896.21 -12614.2 13031.5 1 1
-562.607 -4804.64 3354.07 5887.45 1 2
-2557.23 -3152.68 5175.22 6578.22 -1 2
event 16
9159.34 4019.8 5565.59 11858.4
6697.28 1799.48 23837.4 25018.1
5440.93 3112.78 1883.17 6546.04 1 1
3718.41 907.02 3682.42 5312.31 -1 1
2456.89 2087.36 8158.95 8773.43 -1 2
4240.38 -287.881 15678.5 16244.7 1 2
event 17
-7332.96 -1286.43 -15277.7 17275
4459.48 4657.72 -32135.4 32922
2134.45 4197.89 -19088.7 19661.3 1 2
-3038.49 -234.176 -3234.01 4444.92 1 1
2325.03 459.831 -13046.8 13260.7 -1 2
-4294.46 -1052.25 -12043.7 12830.1 -1 1
event 18
1391.56 4145.33 -10624.3 11899
-9101.43 -8622.17 44467.5 46304.7
2293.7 2210.87 -7001.01 7692.48 1 1
-902.137 1934.47 -3623.25 4206.55 -1 1
-5530.1 -5712.17 33036.7 33980.1 -1 2
-3571.33 -2910 11430.8 12324.6 1 2
event 19
16190.6 1139.56 19633.3 25661.1
-6951.56 -953.131 1505.91 7816.12
-3994.93 673.462 1785.11 4428.41 1 2
4644.15 -474.888 7492.42 8828.43 -1 1
-2956.63 -1626.59 -279.194 3387.71 -1 2
11546.4 1614.45 12140.9 16832.7 1 1
event 20
4201.38 5010.16 -3953.95 8483.67
-3685.07 -11708.8 46463.1 48156.9
-2092.03 -2904.56 10358.8 10960.3 -1 2
340.712 2794.84 -2589.99 3827.07 -1 1
-1593.03 -8804.29 36104.3 37196.6 1 2
3860.67 2215.32 -1363.96 4656.6 1 1
event 21
-4602.28 -5899.31 26954.9 28145
-4360.51 4890.35 -5265.99 8958.25
-1621.68 -4462.83 14524.8 15281.6 1 1
-2980.59 -1436.47 12430.1 12863.4 -1 1
-4114.53 2471.39 -3739.52 6085.42 -1 2
-245.981 2418.97 -1526.46 2872.83 1 2
event 22
4973.5 5603.49 5033.85 9542.81
-3955.86 -15857 3226.43 16943.9
1848.36 3493.53 1125.19 4110.77 -1 1
3125.13 2109.96 3908.65 5432.05 1 1
-2767.2 -9493.6 450.385 9899.49 -1 2
-1188.66 -6363.39 2776.04 7044.37 1 2
event 23
-7956.55 -738.791 -17991.4 19928.3
9968.95 1517.59 -18683.3 21455.5
3596.47 1927.32 -6025.82 7278.1 1 2
-1585.59 -1232.31 -2800.13 3447.41 1 1
-6370.96 493.521 -15191.3 16480.8 -1 1
6372.49 -409.734 -12657.5 14177.4 -1 2
event 24
-6751.68 -1751.81 -6630.84 10110
6715.37 5669.91 -1457.96 9431.9
-3443.96 -2332.07 -2802.62 5016.5 1 1
-3307.72 580.259 -3828.23 5093.54 -1 1
4876.96 3075.03 341.337 5776.53 -1 2
1838.41 2594.88 -1799.3 3655.38 1 2
event 25
299.361 10473.5 15280.3 18784.6
-204.476 15363.5 -50276.8 52663.3
-1054.08 4960.76 -20185.1 20812.7 1 2
-24.1307 4692.61 4275.39 6349.12 1 1
849.603 10402.7 -30091.7 31850.5 -1 2
323.492 5780.9 11004.9 12435.5 -1 1
event 26
-9623.32 2406.58 3684.64 11025.8
-1633.35 5254.98 4579.11 7800.1
-5432.28 1310.28 428.644 5605.48 -1 1
-4191.04 1096.3 3256 5420.28 1 1
-2481.87 3426.8 3602.16 5557.82 -1 2
848.523 1828.18 976.943 2242.28 1 2
event 27
5632.54 -1389.21 -2722.17 7117.26
-13565.8 -10723.6 17.6868 17567.5
3298.37 85.0709 -2836.08 4352.13 1 1
2334.16 -1474.28 113.905 2765.13 -1 1
-7476.43 -6093.32 1537.88 9767.38 1 2
-6089.37 -4630.28 -1520.2 7800.14 -1 2
event 28
636.549 10220.6 -13644.2 17338.4
9348.2 -7206.36 6513.96 13832.7
2262.43 -3020.64 3239.79 4974.96 1 2
1212.03 1629.02 -3333.07 3904.26 1 1
-575.479 8591.57 -10311.1 13434.2 -1 1
7085.77 -4185.72 3274.16 8857.75 -1 2
event 29
2767.04 -7833.98 14060.6 16622.8
-5693.48 -2394.4 15994.3 17422.9
-3955.53 -1096.52 13524.8 14134.4 1 2
188.163 -4294.09 8661.65 9670.05 1 1
-1737.95 -1297.88 2469.49 3288.54 -1 2
2578.87 -3539.89 5398.94 6952.78 -1 1
event 30
7411.04 770.961 4234.52 9112.55
4244.83 -5677.08 2692.35 8190.7
4204.22 -747.915 3416.1 5469.53 -1 1
3206.81 1518.88 818.413 3643.02 1 1
1496.31 -4491.07 1501.73 4967.39 -1 2
2748.52 -1186.01 1190.62 3223.31 1 2
event 31
572.637 5951.76 -2757.19 7276.28
-944.432 -9663.41 12412.9 16060.6
-94.5267 3435.73 60.0233 3439.18 1 1
667.164 2516.02 -2817.22 3837.1 -1 1
-175.922 -5626.55 4756.43 7370.47 1 2
-768.51 -4036.86 7656.43 8690.16 -1 2
event 32
4970.83 9285.04 -2580.94 11277.1
-7819.46 1338.22 -38897.6 39818.9
-3929.71 2232.53 -21149.1 21626.9 1 2
3473.72 4013.6 -232.432 5314.22 -1 1
-3889.74 -894.318 -17748.5 18192 -1 2
1497.11 5271.44 -2348.51 5962.89 1 1
event 33
244.736 31782.9 67236.8 74435.1
-9827.97 -6192.66 -59620.7 60820.7
-502.043 22255.7 49849 54593.9 -1 1
746.779 9527.19 17387.8 19841.2 1 1
-7127.34 -2744.83 -38517.1 39267.2 -1 2
-2700.63 -3447.84 -21103.6 21553.5 1 2
event 34
9675.69 4848.66 -6189 12846.2
7024.98 -5002.79 13324.8 16171.5
2958.13 -3534.18 5071.83 6853.87 -1 2
4378.16 528.441 -2682.71 5162.91 1 1
5297.53 4320.21 -3506.29 7683.31 -1 1
4066.85 -1468.61 8252.94 9317.63 1 2
event 35
-6940.32 8866.56 36236.6 38071.8
5207.03 -1757.49 -12872.4 14335
-4218.23 4456.43 24208.7 24974.5 -1 1
-2722.09 4410.14 12027.9 13097.4 1 1
3530.24 379.912 -8052.76 8801.42 -1 2
1676.79 -2137.4 -4819.62 5533.54 1 2
event 36
8841.44 -5018.35 2574.23 10934.9
-2496.42 8509.7 -3984.83 10203.8
5682.78 -1895.29 2497.35 6491.07 1 1
3158.66 -3123.07 76.882 4443.85 -1 1
-3177.09 6006.72 -2964.08 7414.28 -1 2
680.663 2502.98 -1020.75 2789.5 1 2
event 37
20994.6 735.922 63962.8 67395.5
3907.21 -6320.93 1087.05 8123.61
11043.5 -1156.96 33494.5 35287.2 1 1
9951.14 1892.88 30468.3 32108.2 -1 1
894.55 -3862.68 1435.92 4218.24 -1 2
3012.66 -2458.24 -348.869 3905.37 1 2
event 38
9053.93 -99.4273 -37235.1 38445.1
4077.78 2874.05 15527.6 16720.8
4080.82 845.626 10679.5 11464.3 -1 2
3210.59 1400.34 -12209.4 12702.3 -1 1
5843.34 -1499.77 -25025.7 25742.8 1 1
-3.03259 2028.43 4848.14 5256.44 1 2
event 39
-6771.24 2846.45 -17169 18929.3
5827.05 1816.28 -26317.8 27193.2
-4006.42 1419.08 -13301 13964 -1 1
-2764.83 1427.37 -3868.03 4965.33 1 1
3504.72 2604.9 -17857.6 18384 -1 2
2322.33 -788.621 -8460.2 8809.16 1 2
event 40
-4959.87 4033.69 882.438 7158.24
-13067.4 -4691.48 2297.87 14409.6
-3630.12 1171.24 -196.758 3820.92 -1 1
-1329.75 2862.45 1079.2 3337.31 1 1
-8866.68 -2907.44 74.9599 9332.09 -1 2
-4200.73 -1784.04 2222.91 5077.55 1 2
event 41
4481.79 3083.4 -3432.08 7138.9
-2689.93 -8522.98 3044.61 9936.7
1553.89 2905.9 -1480.41 3614.09 1 1
2927.9 177.494 -1951.67 3524.81 -1 1
104.227 -4749.56 1298.44 4926.09 -1 2
-2794.15 -3773.41 1746.17 5010.61 1 2
event 42
6321.02 -2098.34 -3854.28 8294.85
-12652.6 8552.62 6760.3 16986.1
3395.32 -992.178 -3760.51 5163.84 1 1
2925.7 -1106.16 -93.7686 3131.01 -1 1
-8480.63 5951.51 6102.67 12024.8 1 2
-4171.94 2601.11 657.623 4961.3 -1 2
event 43
-27143.1 -3343.64 -145933 148506
-6947.87 1855.01 -27942.6 29018.8
-18690.7 -3404.97 -105781 107473 -1 1
-8452.36 61.3266 -40152.7 41032.9 1 1
-4057.44 2619.72 -17853.1 18495.1 -1 2
-2890.43 -764.71 -10089.5 10523.7 1 2
event 44
-6711.98 -6545.72 -8435.57 12986.4
-6582.04 -4806.86 -7089.93 11237.8
-4563.59 -1837.75 -2871.53 5697.41 -1 2
-4255.5 -2121.45 -3398.62 5845.65 1 1
-2456.48 -4424.27 -5036.95 7140.76 -1 1
-2018.45 -2969.12 -4218.4 5540.38 1 2
event 45
5647.48 3287.37 -23693.5 24772.4
-6968.49 538.691 -37325.1 38099.9
-2965.83 -1039.11 -11662.8 12079.2 -1 2
1251.46 2379.81 -10334.7 10679.2 -1 1
4396.02 907.552 -13358.8 14093.2 1 1
-4002.66 1577.81 -25662.3 26020.7 1 2
event 46
-7045.58 7974.28 -28885.6 30938.6
3785.93 -1637.31 20782.8 21413.3
-3176.21 5871.1 -17188.5 18439.5 1 1
-3869.37 2103.17 -11697.1 12499.1 -1 1
3066.59 245.429 10886.1 11313 -1 2
719.336 -1882.74 9896.64 10100.3 1 2
event 47
-875.628 7404.28 -21960.9 23397.9
8916.56 -6643.53 46097.7 47520.8
711.653 4801.46 -15697.5 16431.2 -1 1
-1587.28 2602.82 -6263.44 6966.78 1 1
3712 -4689.75 24107 24838.1 1 2
5204.56 -1953.78 21990.7 22682.7 -1 2
event 48
5343.85 3610.04 -3875.3 8136.1
3190.41 8096.36 22048.7 23905.4
2089.69 2494.3 10952.1 11425.8 -1 2
2174.06 -71.6893 -1901.56 2891.15 -1 1
1100.72 5602.06 11096.6 12479.6 1 2
3169.79 3681.72 -1973.74 5244.95 1 1
event 49
2523.63 9202.74 -2007.91 10231.4
-2739.66 5988.75 14598.1 16311.6
-1638.28 3524.13 11791.8 12416.2 1 2
939.43 4000.45 -2431.24 4775.8 1 1
-1101.38 2464.62 2806.3 3895.36 -1 2
1584.2 5202.29 423.334 5455.63 -1 1
event 50
2309.8 12437.9 -11679.6 17494
-9103.41 -5927.7 -12986.7 17212
-5941.3 -2053.14 -7529.7 9809.28 -1 2
1435.33 5012.84 -2919.97 5977.13 -1 1
874.475 7425.03 -8759.67 11516.9 1 1
-3162.11 -3874.56 -5456.97 7402.76 1 2
event 51
9341.68 -1446.39 7471.75 12441
5983.16 12857.9 -62487 64150.9
797.511 4858.73 -18657.8 19296.8 -1 2
2674.8 -33.3867 562.275 2735.51 -1 1
5185.65 7999.14 -43829.2 44854.1 1 2
6666.88 -1413 6909.47 9705.45 1 1
event 52
-5184.83 2500.82 7488.19 9939.83
9329.36 483.028 -46302.4 47336.8
3746.57 -559.044 -12546 13105.8 -1 2
-1968.3 -408.137 3548.92 4080.04 -1 1
5582.79 1042.07 -33756.4 34230.9 1 2
-3216.53 2908.95 3939.27 5859.79 1 1
event 53
-7786.38 -6642.39 2300.47 10937.7
4511.45 6429.07 -21925.4 23494.7
1118.04 2993.67 -5376.81 6255.67 -1 2
-2121.22 -272.487 156.979 2147 1 1
-5665.16 -6369.9 2143.49 8790.65 -1 1
3393.41 3435.4 -16548.5 17239 1 2
event 54
8902.02 10774.5 -5942.34 15499.6
5461.45 -1142.29 6716.78 9264.92
3804.23 580.362 3171.87 4988.08 1 2
4579.19 3826.43 -3669.17 7006.04 1 1
1657.22 -1722.65 3544.9 4276.84 -1 2
4322.83 6948.09 -2273.17 8493.6 -1 1
event 55
-2048.16 7111.4 -3691.67 8830.98
-6390.74 6580.44 -14472.5 17412.4
-2253.54 3329.7 -2905.08 4961.45 -1 1
205.382 3781.7 -786.595 3869.53 1 1
-2942.28 3738.16 -10073.6 11140.9 1 2
-3448.46 2842.28 -4398.96 6271.56 -1 2
event 56
-11811.9 4207.1 -35170.3 37466.8
-4839.48 -3845.04 -16528.3 17915.9
-5733.46 3421.01 -15906.4 17251.1 -1 1
-6078.45 786.086 -19263.9 20215.7 1 1
-3536.53 -875.547 -9485.15 10161.3 -1 2
-1302.94 -2969.49 -7043.17 7754.54 1 2
