event 0
-4126.09 6004.75 1936.95 8150.14
5908.24 4578.11 -27884.7 29034.7
3547.19 931.536 -10808.3 11414 -1 2
-535.605 2783.66 1726.55 3320.8 1 1
-3590.49 3221.09 210.402 4829.34 -1 1
2361.04 3646.58 -17076.4 17620.6 1 2
event 1
-4910.58 9514.04 -32789.5 34632
2170.16 16299.9 -35052.8 38841.8
-1825.44 6746.9 -19878.7 21072 -1 1
-3085.14 2767.14 -12910.8 13560.1 1 1
1394.69 13287.7 -25402.4 28701.9 -1 2
775.476 3012.2 -9650.47 10139.9 1 2
event 2
-9567.49 4210.64 19357.2 22216.2
-3835.11 -3523.9 -7612.71 9729.75
-1979.18 -2764.44 -6720.65 7532.44 1 2
-3979.04 3366.24 10194 11449.6 1 1
-1855.93 -759.461 -892.058 2197.31 -1 2
-5588.45 844.404 9163.13 10766.5 -1 1
event 3
-113.539 -22740.8 -10882.1 25400.2
3728.09 3208.01 -5210.22 7805.58
3279.9 823.903 -3084.11 4578.15 1 2
-843.873 -9814.89 -3264.44 10378.4 1 1
448.197 2384.1 -2126.11 3227.43 -1 2
730.334 -12926 -7617.62 15021.7 -1 1
event 4
-4482.73 -5201.86 -2465.85 7926.19
1993.02 6951.13 12794.4 15019.2
2218.05 2665.05 4524.19 5701.03 1 2
-1150.72 -2153.26 536.623 2501.96 1 1
-3332.02 -3048.61 -3002.47 5424.23 -1 1
-225.033 4286.08 8270.23 9318.2 -1 2
event 5
-9203.75 -3348.85 -4498.18 11213.8
1906.01 5856.13 6193.69 9267.14
-263.855 3932.13 3015.76 4963.59 1 2
-3273.53 -2396.63 -2929.23 5005.14 -1 1
2169.86 1924 3177.93 4303.55 -1 2
-5930.22 -952.224 -1568.95 6208.62 1 1
event 6
-528.645 -6621.74 -33765.5 34551.9
2570.56 6615.56 1440.01 7876.46
603.982 2972.25 2089.11 3684.38 -1 2
1126.36 -1669.32 -12016.2 12184.2 1 1
-1655 -4952.41 -21749.4 22367.7 -1 1
1966.57 3643.3 -649.101 4192.08 1 2
event 7
8250.14 10485.7 -74942.6 76184
16577.3 -19401.1 5824.71 26357.7
6889.2 6552.17 -49938 50835.1 -1 1
1360.94 3933.5 -25004.6 25348.8 1 1
10635.2 -11896 5120.3 16758.6 1 2
5942.11 -7505.17 704.409 9599.15 -1 2
