event 0
9135.26 2145.03 6235.3 11684.3
-4052.58 4904.11 14012.6 15697.7
-2933.43 2284.93 10697.5 11325.8 1 2
4519.91 602.919 1277.6 4736.72 -1 1
-1119.15 2619.17 3315.09 4371.9 -1 2
4615.35 1542.11 4957.7 6947.63 1 1
event 1
-9121.23 -7913.79 -4981.72 13425.1
6842.97 2687.39 10736.9 13376.2
3459.11 1836.19 3158.43 5032.29 1 2
-5250.14 -2788.87 -1559.98 6147.07 1 1
3383.86 851.205 7578.51 8343.87 -1 2
-3871.09 -5124.92 -3421.73 7278.02 -1 1
event 2
-1720.62 10424 22178.6 24760.8
6109.32 7778.97 1982.07 10552.5
2715.77 3468.22 -671.748 4457.17 1 2
-539.84 3199.94 3924.7 5093.67 -1 1
-1180.78 7224.03 18253.9 19667.1 1 1
3393.56 4310.75 2653.82 6095.31 -1 2
event 3
-2805.69 -5942.21 884.377 7318.1
14369.5 4710.73 23011.9 27709.4
-2238.49 -2711.12 1742.8 3925.5 1 1
-567.192 -3231.09 -858.426 3392.6 -1 1
8958.59 3294.18 11784.9 15165.8 -1 2
5410.89 1416.56 11227 12543.6 1 2
event 4
-11270.9 -5891.19 -2548.54 13335.1
3952.55 -6942.99 38363.1 39308.3
3607.5 -3933.23 28281.1 28780.5 -1 2
-2839 -2795.33 43.1156 3985.83 -1 1
-8431.93 -3095.86 -2591.66 9349.32 1 1
345.043 -3009.76 10082 10527.8 1 2
event 5
5964.79 3008.86 25518 26559.2
-1745.24 -9004.42 46416.4 47415.2
3305.96 2247.86 9556.56 10359.6 -1 1
2658.83 761.002 15961.4 16199.6 1 1
390.856 -4935.19 27944.9 28380.2 1 2
-2136.1 -4069.23 18471.6 19035 -1 2
event 6
11428.5 -12749.3 76035.8 78001.3
-7503.5 1620.12 1778.55 8466.49
-4996.88 -336.378 487.486 5032.97 1 2
3428.89 -6092.67 30468 31260 1 1
-2506.62 1956.5 1291.06 3433.52 -1 2
7999.65 -6656.66 45567.9 46741.3 -1 1
