event 0
5795.82 -1821.56 26375.2 27242.5
314.865 9770.41 -25861.9 27820.7
3567.1 189.132 10667.6 11250.3 1 1
2228.71 -2010.69 15707.6 15992.2 -1 1
1088.23 5231.2 -17189.7 18001.3 1 2
-773.366 4539.21 -8672.25 9819.45 -1 2
event 1
-5915.52 1877.89 25452.8 26381
-13552.4 7708.22 3007.66 16177.8
-2664.2 2463.62 13146.9 13638.9 -1 1
-3251.32 -585.725 12305.9 12742.1 1 1
-6857 5098.98 2783.71 8987.67 1 2
-6695.43 2609.24 223.947 7190.15 -1 2
event 2
687.952 6418.85 -17387.7 18804.2
5919.49 4588.32 -4364.77 9205.19
3332.33 700.384 -2210.69 4061.19 1 2
1486.57 1376.09 -4262.23 4720.3 1 1
-798.618 5042.76 -13125.5 14083.9 -1 1
2587.17 3887.94 -2154.07 5144 -1 2
event 3
-4761.51 4125.62 15177.3 16722.2
-5765.63 -6880.38 36591 37803.1
-1050.02 -3551.84 15443.5 15881.8 -1 2
-724.831 1866.37 2367.59 3102.47 -1 1
-4715.61 -3328.54 21147.6 21921.4 1 2
-4036.68 2259.25 12809.7 13619.8 1 1
event 4
3587.52 -3922.65 -28927.4 29574.4
6466.91 -7003.21 -33193.3 34673.5
1540.99 -3729.26 -20976.8 21361.6 1 1
2046.54 -193.39 -7950.66 8212.79 -1 1
2390.01 -4575.41 -19878.6 20538.1 1 2
4076.9 -2427.8 -13314.7 14135.3 -1 2
event 5
-8386.59 2555.98 3957.81 10105.6
-3771.52 4885.65 4276.74 8122.55
-4671.77 780.023 568.698 4771.63 1 1
-3714.82 1775.96 3389.11 5333.96 -1 1
-210.049 2706.73 1452.8 3080.96 -1 2
-3561.47 2178.92 2823.94 5041.59 1 2
event 6
-4504.88 7599.04 32982.8 34285.5
-6572.57 2731.86 29535.6 30538.6
-4245.13 4288.97 21728.3 22551 1 1
-259.745 3310.07 11254.4 11734.5 -1 1
-2133.29 2537.7 12468.6 12902.3 -1 2
-4439.28 194.169 17067 17636.3 1 2
event 7
3053.11 -4506.1 10945.4 12610.3
4049.58 49477.9 170339 177453
2795.36 -2084.04 4332.65 5562.4 1 1
257.75 -2422.06 6612.79 7047.9 -1 1
2889.23 45088.3 156082 162490 -1 2
1160.35 4389.6 14257.5 14963.4 1 2
