event 0
8796.19 9036 36224.2 38481.2
-7249.15 -8629.86 38084.4 39837.6
-5431.55 -7192.11 33609.9 34797.5 1 2
4477.13 3233.88 12216.1 13407 -1 1
-1817.6 -1437.75 4474.46 5040.12 -1 2
4319.06 5802.12 24008 25074.2 1 1
event 1
-5154.4 13922.7 -2824.12 15426.5
-3642.08 5163.99 -15055.7 16619.2
-4843.14 9125.55 -1506.87 10440.9 1 1
-311.268 4797.11 -1317.25 4985.52 -1 1
-1493.03 4531.16 -10845 11848.4 -1 2
-2149.05 632.836 -4210.66 4770.72 1 2
event 2
6324.19 -4300.11 -6482.03 10492.6
919.327 -6738.33 -16486.1 18100.6
4013.26 -1479.48 -4931.27 6528.68 1 1
2310.92 -2820.63 -1550.76 3963.88 -1 1
-874.135 -4466.92 -10769.5 11692.3 -1 2
1793.46 -2271.41 -5716.58 6408.3 1 2
event 3
54.6605 9302.65 9839.59 14034.2
-1921.19 -8494.38 -10192.5 13759.5
-740.74 -3851.02 -2362.8 4579.63 -1 2
1405.1 3629.59 5613.24 6831.39 -1 1
-1350.44 5673.06 4226.36 7202.81 1 1
-1180.45 -4643.36 -7829.69 9179.84 1 2
event 4
4696.18 3528.42 -7086.84 9711.76
9172.65 3658.91 5430.7 11688
1618.59 3108.93 -4183.46 5458.73 -1 1
3077.58 419.489 -2903.38 4253.03 1 1
5095.7 3581.63 2767.51 6816.49 -1 2
4076.94 77.281 2663.19 4871.47 1 2
event 5
-13882.9 3099.37 -5641.83 15612.9
-7476.77 -1991.28 25968.2 27272.8
-6003.63 -207.286 18130.7 19100.3 -1 2
-5449.77 2469.75 -3316.45 6841.76 -1 1
-8433.1 629.621 -2325.38 8771.09 1 1
-1473.15 -1783.99 7837.52 8172.55 1 2
event 6
2026.56 -8112.11 1280.69 9008.01
5267.89 -4617.35 5696.17 9545.13
3172 -785.47 2092.65 3881.86 -1 2
316.047 -2007.09 -1002.94 2268.34 -1 1
1710.51 -6105.01 2283.64 6739.67 1 1
2095.9 -3831.88 3603.52 5663.27 1 2
event 7
-12113.4 -1408.16 12592.6 17801.2
-323.359 -5468.26 20322.2 21274.1
-1711.79 -3214.69 11775 12325.8 1 2
-6108.36 126.484 4410.56 7536.06 -1 1
1388.43 -2253.58 8547.23 8948.33 -1 2
-6005.06 -1534.65 8182 10265.1 1 1
event 8
-206.559 7555.11 -7455.44 11058.8
-7734.29 -2387.03 -32962 34082.3
-3247.73 191.881 -9080.85 9646.64 -1 2
1129.85 2835.81 -4109.94 5120.66 1 1
-4486.56 -2578.91 -23881.1 24435.6 1 2
-1336.41 4719.3 -3345.5 5938.13 -1 1
event 9
-1232.3 8256.59 -18595.2 20617
-251.965 -7534.76 16342.5 18262.1
-2275.94 5409.75 -12221.8 13558.3 -1 1
1043.64 2846.84 -6373.43 7058.72 1 1
-1426.04 -2161.09 6285.43 6798.65 -1 2
1174.08 -5373.67 10057.1 11463.5 1 2
