event 0
3271.69 6229.16 -20494 21888.4
-14657.3 8372.15 -65717.6 67921.4
1123.3 4101.15 -15270.3 15851.7 1 1
2148.39 2128.01 -5223.65 6036.69 -1 1
-9072.38 6840.64 -42621.2 44109.9 1 2
-5584.89 1531.5 -23096.4 23811.5 -1 2
event 1
-7851.48 -3057.32 6637.44 11164.4
4687.75 -8839.75 30012.3 31787.5
-4952.34 -819.896 2406.65 5567.86 -1 1
-2899.14 -2237.42 4230.78 5596.59 1 1
1945.52 -6742.34 19827.4 21032.9 -1 2
2742.23 -2097.41 10184.9 10754.6 1 2
event 2
-6994.28 -4411.44 -36880.5 37922.9
-8333.6 -84.4082 6097.06 10780.6
-4071.61 -1520.38 3536.78 5604.42 1 2
-2105.75 -3112.22 -14769.5 15240.4 -1 1
-4888.53 -1299.22 -22111 22682.4 1 1
-4261.99 1435.97 2560.27 5176.17 -1 2
event 3
1800.84 -5099.27 -26733.4 27450.2
24214.7 -3990.8 -135157 137402
2455.97 -2394.46 -15705.1 16075.6 1 1
-655.122 -2704.81 -11028.3 11374.5 -1 1
13564.7 -3413.55 -71091.2 72454.3 -1 2
10650 -577.252 -64065.7 64947.5 1 2
event 4
-8907.83 631.825 -32348.7 33701.3
-5172.5 12240.8 9352.56 16542.5
-4654.96 1074.63 -12175.5 13079.6 -1 1
-4252.87 -442.801 -20173.2 20621.7 1 1
-1665.18 7184.95 4026.33 8403.5 -1 2
-3507.32 5055.87 5326.23 8138.97 1 2
event 5
-8570.5 4396.15 -7947.61 12866
3178.62 7281.02 36024.4 37019.8
-27.0505 3619.19 13659.4 14131.2 -1 2
-3133.93 1683.61 -4932.52 6082.51 1 1
-5436.57 2712.54 -3015.09 6783.52 -1 1
3205.67 3661.82 22364.9 22888.6 1 2
event 6
5194.63 11087.8 -8307.13 15117
4651.86 4137.48 -5586.31 8919.5
3482.21 1678.36 -1828.43 4277.5 1 2
3607.12 4633.96 -4892.6 7644.18 -1 1
1169.65 2459.12 -3757.88 4642 -1 2
1587.51 6453.85 -3414.53 7472.79 1 1
event 7
-4587.28 7295.79 -13646.4 16434.3
8051.03 8360.43 4474.24 12974
7219.87 5318.61 2759.4 9382.94 1 2
-1703.1 3047.58 -8377.49 9076.45 1 1
831.157 3041.82 1714.84 3591.01 -1 2
-2884.18 4248.21 -5268.9 7357.87 -1 1
event 8
3970.37 6967.08 5334.45 10116.9
-8029.67 6346.43 -27812.7 29797.5
1024.29 4356.97 3864.06 5913.92 -1 1
2946.08 2610.1 1470.39 4203.01 1 1
-5646.65 4057.8 -22404.7 23459.2 -1 2
-2383.02 2288.63 -5408.05 6338.35 1 2
event 9
3780.08 -3197.9 5267.84 7864.92
10252.1 4822.62 22681 25541.9
1247.02 -2921.35 2150.78 3837.5 1 1
2533.06 -276.55 3117.06 4027.42 -1 1
6490.75 1559.54 11416.1 13225 1 2
3761.39 3263.08 11264.9 12316.8 -1 2
