event 0
1930.49 -7637.64 -27154.8 28443.5
481.99 8132.74 -568.284 8734.32
-406.705 -4520.45 -15741.8 16383.4 -1 1
2337.2 -3117.19 -11413 12060.1 1 1
1479.04 5281.34 546.589 5512.72 -1 2
-997.052 2851.4 -1114.87 3221.6 1 2
event 1
7545.36 3366.47 -4191.76 9768.69
4237.59 5271.35 11917.5 14048.6
2293.5 3465.34 9823.03 10666.4 -1 2
2808.6 1412.98 3.3245 3145.78 1 1
4736.76 1953.49 -4195.09 6622.91 -1 1
1944.1 1806 2094.45 3382.17 1 2
event 2
2209.46 -7975.29 32283.3 33470.7
4539.73 8414.01 -15925.1 18830.9
2868.95 4885.07 -12114.5 13374.2 1 2
2226.22 -3384 18635.5 19071 1 1
1670.78 3528.94 -3810.52 5456.75 -1 2
-16.7573 -4591.29 13647.8 14399.8 -1 1
event 3
9354.8 4317.55 31120.5 32927.6
-335.266 -7180.63 -12365.3 14634.4
5852.29 1533.69 21155.7 22004 1 1
3502.51 2783.87 9964.8 10923.6 -1 1
772.184 -2603.43 -6919.54 7434.07 -1 2
-1107.45 -4577.2 -5445.8 7200.35 1 2
event 4
-3824.88 4588.45 8574.12 10899.1
-368.737 8888.96 -24110 25885
-3276.55 2593.55 3621.63 5530.79 -1 1
-548.338 1994.9 4952.49 5368.3 1 1
1255.19 5022.69 -12020.2 13088.1 1 2
-1623.93 3866.27 -12089.8 12796.9 -1 2
