event 0
-6132.05 -3490.48 -6547.62 10111.8
-6813.43 -4629.67 -3285.07 9393.58
-4883.58 -1858.55 -2942.37 5997.69 1 2
-1903.7 -2791.76 -2393.22 4142.06 1 1
-1929.85 -2771.13 -342.703 3395.89 -1 2
-4228.35 -698.716 -4154.4 5969.7 -1 1
event 1
7148.63 2722.97 -17054.8 18946.6
-4584.84 -5763.69 -8122.28 11393.2
-2313.55 -5108.26 -5393.33 7781.13 1 2
2224.62 2362.25 -7980.53 8615.63 -1 1
-2271.3 -655.433 -2728.95 3612.03 -1 2
4924.01 360.718 -9074.23 10331 1 1
event 2
259.456 7992.86 -8154.64 11833.9
6803.77 105.351 -10990.5 13292.3
2894.67 -1325.69 -5995.05 6788.85 1 2
-859.352 2730.4 -1372.15 3176.08 -1 1
1118.81 5262.47 -6782.48 8657.86 1 1
3909.1 1431.04 -4995.46 6503.44 -1 2
event 3
-120.967 -5839.17 15286.7 16654.9
-10182.4 -3045.97 15335.5 19019
-2332.07 -2397.96 5165.11 6154.53 -1 2
881.133 -1858.15 2579.65 3300.73 1 1
-7850.31 -648.014 10170.4 12864.5 1 2
-1002.1 -3981.03 12707.1 13354.2 -1 1
event 4
3456.56 -5148.2 -6261.25 9340.55
7631.69 3459.18 50001.5 50793.2
1965.53 2483.36 19130.9 19391.5 1 2
-144.458 -2297.71 -1673.68 2848.28 -1 1
5666.16 975.818 30870.6 31401.7 -1 2
3601.01 -2850.49 -4587.57 6492.27 1 1
event 5
-2419.66 -7880 9913.67 13259.8
8161.53 -5310.91 -20071 22522.3
4136.11 -886.539 -8001.7 9051.62 1 2
-1582.48 -1842.68 4463.14 5082.37 -1 1
-837.177 -6037.32 5450.53 8177.38 1 1
4025.42 -4424.38 -12069.3 13470.6 -1 2
event 6
3558.19 15561 54621.3 56990.2
-1111.23 -6750.21 18955.2 20388.5
-834.097 -3460.35 5643.48 6673.07 1 2
1236.61 4764.46 12227.4 13181.4 -1 1
-277.132 -3289.85 13311.8 13715.5 -1 2
2321.58 10796.5 42393.9 43808.7 1 1
event 7
9464.76 2430.37 -29548.2 31275.8
-539.376 -7450.13 5187.41 9607.05
-1805.98 -3553.86 2545.27 4730.87 -1 2
3576.22 -418.218 -12734.2 13233.9 1 1
5888.55 2848.58 -16814 18042 -1 1
1266.61 -3896.27 2642.13 4876.19 1 2
event 8
1962.94 -9628.69 -55925.5 56866.7
-1959.56 -9037.09 471.658 9763.32
-2126 -4686.63 -839.296 5215.36 -1 2
2389.83 -4026 -25594.5 26019.4 -1 1
-426.888 -5602.69 -30331.1 30847.3 1 1
166.445 -4350.46 1310.95 4547.96 1 2
event 9
-6853.89 -7781.89 -79.5676 10822.7
-3664.58 9471.78 11834.4 15899.3
-2484.62 5246.46 4473.39 7329.47 1 2
-2883.4 -3742.01 -1544.03 4971.1 1 1
-1179.96 4225.31 7361.06 8569.82 -1 2
-3970.49 -4039.88 1464.46 5851.6 -1 1
