event 0
-4368.35 -6382.84 3847.59 9177.02
-3550.55 -8350.83 -921.701 9632.39
-1288.22 -4133.94 -1928.23 4741.12 -1 2
-716.633 -3430.69 859.465 3610.13 -1 1
-2262.33 -4216.89 1006.53 4891.27 1 2
-3651.72 -2952.15 2988.12 5566.89 1 1
event 1
-3252.42 -6910.34 -8736.94 12010.7
-4238.67 9938.71 -20011.2 22951.8
-1684.2 3072.68 -3847.1 5204.73 -1 2
-1804.13 -1047.35 -3170.65 3796.84 -1 1
-2554.46 6866.03 -16164.1 17747.1 1 2
-1448.29 -5862.99 -5566.29 8213.83 1 1
event 2
8105.25 5601.45 46627.9 47758
2860.63 8784.38 -15832.4 18590.4
1376.22 3664.86 -9722.12 10481.2 1 2
2457.15 586.153 7718.7 8122.23 -1 1
5648.09 5015.3 38909.2 39635.7 1 1
1484.4 5119.52 -6110.28 8109.23 -1 2
event 3
-4715.16 -4990.29 -28079.6 29072.1
3487.41 6601.07 -10527.6 13272.4
2778.92 2088.23 -3940.37 5255.55 -1 2
-710.677 -2405.69 -13544.7 13775.4 1 1
-4004.48 -2584.6 -14534.9 15296.7 -1 1
708.49 4512.84 -6587.19 8016.85 1 2
