event 0
14544.9 1575.2 -5375.18 15890.8
3617.73 3588.81 -2170.04 6345.66
1127.42 3247.17 -1087.75 3606.88 1 2
6626.37 2084.27 -3284.17 7684.39 1 1
2490.32 341.632 -1082.29 2738.78 -1 2
7918.52 -509.071 -2091.01 8206.43 -1 1
event 1
9425.23 -817.75 -433.48 9964.03
-2150.42 -7603.34 33493.2 34609.4
5314.5 555.367 -1394.69 5523.46 -1 1
4110.73 -1373.12 961.209 4440.57 1 1
789.197 -3683.97 12759.6 13304.6 -1 2
-2939.62 -3919.38 20733.6 21304.8 1 2
event 2
-235.591 7604.87 -9737.77 12739.9
9523.35 -1845.8 -10699.6 14770.7
3276.92 -277.014 -1700.11 3703.58 1 2
-405.847 2206.63 -981.118 2451.06 1 1
6246.44 -1568.79 -8999.46 11067.1 -1 2
170.256 5398.25 -8756.65 10288.8 -1 1
event 3
15164.9 4712.19 -56113.9 58399.9
411.063 -5330.17 1898.97 6463.56
861.326 -3310.46 -308.284 3436.16 1 2
6902.96 3752.02 -27875.5 28961.7 -1 1
-450.263 -2019.72 2207.26 3027.4 -1 2
8261.95 960.166 -28238.5 29438.1 1 1
event 4
1759.24 -7539.86 18959.4 20712.2
712.311 7230.88 502.874 7914.36
1315.81 -3780.42 13400.1 13985.6 -1 1
443.431 -3759.44 5559.36 6726.64 1 1
1936.83 4135.45 309.656 4578.25 -1 2
-1224.52 3095.43 193.218 3336.11 1 2
event 5
-4006.05 -3193.76 18565.3 19506.7
4920.26 10107.5 14177.2 18356.4
-1515.37 -2764.3 13248 13618.4 -1 1
-2490.68 -429.456 5317.29 5888.34 1 1
1970.01 7125.18 8050.11 10930 -1 2
2950.26 2982.31 6127.11 7426.36 1 2
event 6
-5915.85 -6765.18 16659 19180.2
4563.87 -5013.81 -15965 17619.3
-2797.06 -4160.64 11950.2 12959.7 -1 1
-3118.79 -2604.53 4708.8 6220.48 1 1
1318.62 -2482.72 -3490.66 4483.14 -1 2
3245.25 -2531.09 -12474.4 13136.2 1 2
event 7
8221.5 10459.4 -14844.1 20172.5
-10149.4 -4695.34 24036.6 26691
-7643.97 -3434.95 14477.3 16728.2 -1 2
2786.06 3719.22 -7473.17 8800.8 1 1
5435.45 6740.14 -7370.89 11371.7 -1 1
-2505.4 -1260.39 9559.27 9962.75 1 2
event 8
243.88 -5583.67 24840.8 25649.4
-631.977 17954.3 -109542 111048
-1186.13 -3885.92 13745.5 14333.8 -1 1
1430.01 -1697.75 11095.3 11315.6 1 1
1159.31 10430.8 -63384.2 64247.3 1 2
-1791.29 7523.5 -46157.3 46800.9 -1 2
event 9
5366.28 8238.06 472.166 10318.8
21374.9 -11775.5 8083.77 25893.8
4574.15 4569.3 -347.414 6475.58 -1 1
792.132 3668.76 819.58 3843.2 1 1
12452.6 -5376.23 3603.66 14034.6 -1 2
8922.26 -6399.27 4480.11 11859.2 1 2
event 10
-9942.8 -1055.45 36446.8 37920.1
-8211.48 6608.57 25713 27961.6
-7117.47 4583.49 17644.8 19570.8 1 2
-3499.02 -858.523 8380.89 9123.08 1 1
-1094.01 2025.08 8068.19 8390.75 -1 2
-6443.79 -196.929 28065.9 28797 -1 1
event 11
-2531.2 -7360.99 3995.43 9281.47
-5739.52 4413.57 -7434.37 10829.5
-3254.38 611.034 -3497.17 4817.23 1 2
498.363 -2430.21 1896.94 3124.71 -1 1
-3029.56 -4930.78 2098.49 6156.76 1 1
-2485.14 3802.53 -3937.2 6012.31 -1 2
event 12
-8664.17 2544.36 -22768.3 24688.6
-9375.47 4111.74 -11690.6 15845.1
-4074.42 234.756 -3788.41 5569.49 -1 2
-1933.32 659.455 -2396.13 3150.43 1 1
-6730.85 1884.9 -20372.2 21538.2 -1 1
-5301.05 3876.99 -7902.19 10275.6 1 2
event 13
-5696.63 7084.29 4755.26 10716.5
6613.87 6250.56 -9469.65 13493.6
-3835.38 3129.78 3799.68 6241.35 -1 1
-1861.25 3954.51 955.578 4475.12 1 1
2614.28 4549.04 -4776.77 7096.26 -1 2
3999.59 1701.52 -4692.89 6397.36 1 2
event 14
-8873.44 12300 24565.9 29036.2
3687.33 -2662.32 18998.6 19779.4
-6667.96 7614.75 14079 17340 -1 1
-2205.48 4685.26 10486.9 11696.2 1 1
1670.22 -2971.45 10566.9 11103.6 -1 2
2017.11 309.13 8431.7 8675.77 1 2
event 15
7191.17 305.476 30532.8 31522.2
1841.49 -8815.55 932.131 9568.95
1449.92 -3847.77 1834.2 4503.67 -1 2
1911.91 1486.03 9698.86 9997.13 -1 1
5279.26 -1180.55 20833.9 21525 1 1
391.568 -4967.77 -902.068 5065.27 1 2
event 16
6883.6 7283.77 7842.31 13096.9
-3698.38 -4414.7 12736.1 14316.7
-1445.56 -3986.23 8099.83 9143.2 -1 2
1775.47 3322.01 1548.12 4073.8 1 1
5108.13 3961.76 6294.19 9023.11 -1 1
-2252.82 -428.467 4636.31 5173.53 1 2
event 17
3445.74 4750.04 10323.2 12271.7
7340.77 5566.6 -11651.1 15172.7
2295.81 2901.44 8976.33 9709.52 -1 1
1149.93 1848.6 1346.86 2562.19 1 1
3313.74 3320.01 -3678.47 5962.02 -1 2
4027.03 2246.59 -7972.58 9210.72 1 2
event 18
11056.9 -2362.48 42023.2 43627.7
-5964.8 1187.55 5010.05 8466.44
7653.39 -3025.04 30794.2 31875 1 1
3403.5 662.555 11229.1 11752.7 -1 1
-2004.1 -1003.76 2171.14 3122.33 -1 2
-3960.69 2191.31 2838.9 5344.11 1 2
event 19
6327.06 -4794.43 12067.5 14772.8
-5640.51 -6652.72 32707.8 33992.1
-1518.75 -4173.19 16062.3 16665.2 1 2
2043.95 -618.106 5434.69 5840.1 -1 1
4283.11 -4176.33 6632.82 8932.65 1 1
-4121.76 -2479.53 16645.5 17326.9 -1 2
event 20
24668.2 7525.34 -114951 117849
-2889.79 5856.44 2177.04 7548.45
-367.02 4114.76 920.93 4233.82 1 2
4605.33 1458.09 -16559.4 17249.9 1 1
-2522.77 1741.68 1256.11 3314.63 -1 2
20062.9 6067.25 -98391.3 100599 -1 1
event 21
3704.42 3199.39 -6189.91 8477.31
1195.7 -17120.7 55544.1 58217.5
1151.02 2867.39 -2496.64 3973.81 1 1
2553.39 331.999 -3693.28 4503.5 -1 1
1536.03 -12638 44708.7 46486.1 1 2
-340.327 -4482.7 10835.4 11731.4 -1 2
event 22
-3365.55 9894.76 -4350.85 11736.9
5964.96 2973.1 -9326.78 11874.3
-2355.6 5197.64 -803.491 5763.77 1 1
-1009.94 4697.12 -3547.36 5973.1 -1 1
3866.59 219.687 -5254.55 6528.42 -1 2
2098.37 2753.42 -4072.23 5345.9 1 2
event 23
-5728.29 -3464.58 -1839.53 7602.04
11262.9 3049.64 1294.53 12141.6
3182.92 2223.86 1012.17 4014 1 2
-2839.54 20.0325 -548.488 2894.03 -1 1
8079.96 825.786 282.357 8127.64 -1 2
-2888.75 -3484.61 -1291.05 4708.01 1 1
event 24
9024.5 7271.4 55592.6 56872.1
-13536.7 3195.2 -14374.5 20240.3
-6196.98 1733 -8826.52 10923.6 1 2
2876.62 4241.07 25220.5 25736.1 1 1
-7339.75 1462.2 -5547.99 9316.72 -1 2
6147.89 3030.33 30372.1 31136.1 -1 1
event 25
10048.5 1124.62 45884.5 47087.3
6022.99 8458.63 184.358 10837.4
5718.54 2172.83 26690 27382.3 -1 1
4329.99 -1048.21 19194.5 19705 1 1
5594.01 5797.52 713.259 8088.52 -1 2
428.976 2661.11 -528.9 2748.89 1 2
event 26
-898.355 5749.2 13640.6 15149.8
-7457.3 -147.191 12290.5 14706.4
-3528.95 -1321.13 7544.65 8433.97 -1 2
1146.6 1899.1 4213.45 4762.93 -1 1
-2044.95 3850.11 9427.17 10386.9 1 1
-3928.35 1173.94 4745.82 6272.48 1 2
event 27
-4006.93 -2016.42 9415 10879.1
4255.88 10436.4 2392.45 11930.9
-3152.65 92.7646 5887.5 6679.94 -1 1
-854.271 -2109.18 3527.5 4199.15 1 1
1227.39 6567.74 2114.37 7008.81 -1 2
3028.48 3868.67 278.08 4922.08 1 2
event 28
5390.71 -3880.97 -10053.7 12441.4
8012.81 5207.28 29992.3 31629.9
2116.64 2837.58 13457.4 13915.6 1 2
768.311 -2065.3 -1992.62 2972.79 1 1
5896.18 2369.71 16534.9 17714.3 -1 2
4622.4 -1815.67 -8061.06 9468.64 -1 1
event 29
-5986.76 -7438.79 19400.1 21843.4
-5658.87 3171.64 -15129.2 16750.1
-4748.21 -4676.31 15734.8 17088.3 -1 1
-1238.55 -2762.48 3665.33 4755.12 1 1
-1648.81 1736.47 -2697.17 3608.29 -1 2
-4010.07 1435.17 -12432.1 13141.8 1 2
event 30
8685.25 2030.92 -21384.3 23376.1
-6251.78 10138.2 24980.2 27847.2
-1137.03 4380.28 10798.6 11709 -1 2
3378.17 722.275 -4807.01 5920.49 -1 1
-5114.75 5757.95 14181.6 16138.3 1 2
5307.08 1308.64 -16577.3 17455.6 1 1
event 31
-6248.04 7782.31 12665.8 16420
-9460.66 2339.03 -8567.16 13340.2
-7332.52 880.092 -4932.06 8881.26 1 2
-2755 2007.12 2547.44 4256.67 -1 1
-2128.14 1458.93 -3635.1 4458.99 -1 2
-3493.04 5775.19 10118.3 12163.3 1 1
event 32
-7956.13 2846.6 3953.27 9829.61
-5054.93 4521.47 25553.4 26619
-3645.75 2224.17 10675.3 11498.3 -1 2
-2587.71 2301.84 2395.06 4212.15 1 1
-5368.42 544.764 1558.21 5617.47 -1 1
-1409.18 2297.3 14878.2 15120.7 1 2
event 33
2064.74 9236.02 40172.9 41388.6
-3368.98 -2981.16 13557 14615.8
-3016.96 -743.376 6538.13 7239.69 1 2
2205.24 4146.77 23082.8 23556 -1 1
-352.017 -2237.79 7018.84 7376.11 -1 2
-140.502 5089.25 17090 17832.6 1 1
event 34
4728.26 1859.1 -9267.53 11013.2
7630.69 -6311.93 18919.6 21577.9
2860.9 2593.96 -5217.59 6492.13 -1 1
1867.36 -734.858 -4049.93 4521.08 1 1
3211.53 -4117.9 11914.3 13008.9 -1 2
4419.17 -2194.04 7005.3 8569.03 1 2
event 35
9310.29 9291.4 -24206.2 27722.6
3604.67 -7833.89 -6461.06 11211.4
4281.08 6130.1 -15092 16843 -1 1
5029.21 3161.31 -9114.16 10879.6 1 1
-426.547 -2119.15 -1388.1 2571.13 -1 2
4031.22 -5714.74 -5072.97 8640.32 1 2
event 36
-2207.17 6196.06 4127.8 8360.17
2018.91 11147.3 -29309.1 31574.6
-2757.71 3258.3 2218.38 4811.85 1 1
550.542 2937.76 1909.42 3548.32 -1 1
-28.5947 7053.98 -19836.5 21053.7 1 2
2047.5 4093.35 -9472.65 10520.9 -1 2
event 37
-4281.94 -7258.61 -1292.48 9071.03
3966.1 -6472.66 -18776.1 20488
2334.42 -4986.22 -16110.3 17025.4 -1 2
-2777.48 -1790.76 -487.835 3342.21 1 1
-1504.46 -5467.85 -804.645 5728.82 -1 1
1631.68 -1486.44 -2665.88 3462.65 1 2
event 38
3999.53 -4799.78 3386.83 7752.16
5134.14 8786.74 35083.3 36660.5
2128.18 2417.27 15939.6 16262 1 2
2519.08 -853.886 698.268 2752.03 1 1
3005.96 6369.47 19143.7 20398.5 -1 2
1480.45 -3945.9 2688.56 5000.14 -1 1
event 39
2760.19 -5090.7 -11622.4 13349.3
8888.24 19575.4 22487.4 31264.5
467.862 -3379.67 -8235.1 8914.54 1 1
2292.33 -1711.03 -3387.32 4434.81 -1 1
6935.45 12111.1 15458.6 20826.9 1 2
1952.79 7464.37 7028.74 10437.7 -1 2
event 40
-11016.9 4415.11 17907.8 21705.9
1117.35 -6800.87 -25885.7 26966
-7978.48 2735.53 14849.5 17078 1 1
-3038.39 1679.58 3058.3 4627.87 -1 1
1536.79 -2165.66 -6360.34 6893.25 -1 2
-419.435 -4635.21 -19525.4 20072.7 1 2
event 41
14730.5 3404.6 -53484.2 55666.2
-1235.34 5554.34 -17404.6 18571.1
9394.22 2414.44 -39283.2 40463.1 1 1
5336.29 990.156 -14201 15203.1 -1 1
579.127 3875.51 -9166.2 9969.22 -1 2
-1814.47 1678.83 -8238.39 8601.92 1 2
event 42
-6376.5 -4499.53 -2625.13 8797.03
-1923.48 -5451.37 3931.6 7646.47
-2572.54 -3679.95 -1643.34 4782.43 -1 1
-3803.97 -819.58 -981.787 4014.59 1 1
-1520.35 -1339.94 133.475 2033.68 -1 2
-403.128 -4111.43 3798.13 5612.78 1 2
event 43
9048.71 7056.66 -8994.27 14905.2
9443.13 -7584.25 12668.8 17798.4
3157.32 -3784.98 3480.74 6035.02 -1 2
3805.82 1131.02 -2912.01 4924.88 -1 1
5242.89 5925.64 -6082.26 9980.29 1 1
6285.81 -3799.27 9188.04 11763.4 1 2
event 44
10109.3 -5860.65 -29636.8 32007.4
776.189 -6431.14 1247.81 7287.68
1258.08 -3498.84 -627.491 3772.21 1 2
5380.05 -2259.77 -11103 12543.5 1 1
-481.892 -2932.3 1875.3 3515.47 -1 2
4729.24 -3600.88 -18533.8 19463.9 -1 1
event 45
1715.56 12410 -7261.27 14807.7
-4803.6 4331.7 -3988.07 8205.72
-618.017 6775.61 -3731.27 7760.43 -1 1
2333.57 5634.38 -3530 7047.26 1 1
-2224.42 3145.27 -800.883 3936.16 -1 2
-2579.18 1186.43 -3187.18 4269.56 1 2
