event 0
-19924.3 -4877.55 -12840.9 24397.7
-3395.93 3699.37 19420.9 20297.4
-1256.03 3106.16 14725.5 15102.2 1 2
-6538.69 -217.011 -3474.67 7408.51 1 1
-2139.9 593.216 4695.43 5195.12 -1 2
-13385.6 -4660.54 -9366.21 16989.2 -1 1
event 1
-10640.2 -8276.32 -9603.85 16838.5
4892.27 -2531.58 -8522.17 10609.5
2493.13 -1731.33 -7061.62 7687.06 1 2
-2943.19 -3539.22 -1971.74 5008.73 -1 1
2399.14 -800.251 -1460.55 2922.44 -1 2
-7696.97 -4737.1 -7632.1 11829.8 1 1
event 2
-4381.24 -873.553 -2028.04 5801.91
-4805.26 -7656.02 -15614.5 18306
-2674.67 -2025.8 -1478.5 3668.08 -1 1
-1706.57 1152.25 -549.539 2133.83 1 1
-1780.04 -4431.02 -10556.7 11587 1 2
-3025.22 -3225 -5057.75 6718.97 -1 2
event 3
-3096.91 6186.48 -32272.6 33150.7
-4603.97 -4723.7 -32264.7 33077.3
-2870.92 3080.43 -14201.3 14812.8 1 1
-225.989 3106.06 -18071.3 18338 -1 1
-4043.89 -2296.51 -23922.6 24370.7 -1 2
-560.078 -2427.19 -8342.08 8706.68 1 2
event 4
11724.3 -1460.16 -65799.3 66923.3
3213.02 3552.99 -11646 12967.9
2916.37 963.186 -5724.58 6497.3 1 2
5047.9 893.457 -26552.7 27043.3 1 1
296.651 2589.81 -5921.39 6470.64 -1 2
6676.35 -2353.62 -39246.6 39880 -1 1
event 5
-1743.23 7304.56 12622.5 15010.5
5396.21 -5021.65 30891.6 31909.6
-1680.32 3682.71 9083.16 9944.89 1 1
-62.9082 3621.85 3539.35 5065.56 -1 1
2687.35 -4072.7 15431.8 16185.2 -1 2
2708.86 -948.941 15459.8 15724.4 1 2
event 6
-3369.19 -5510.92 5418.06 8981.56
-12304.3 -4654.1 -5271.12 14506.3
-3288.37 -2571.64 3668.52 5558.41 1 1
-80.8216 -2939.28 1749.53 3423.15 -1 1
-6005.42 -3778.06 -2104.59 7401.3 1 2
-6298.83 -876.042 -3166.53 7104.99 -1 2
