event 0
-4490.92 3570.75 -1589.73 6711.02
2110.48 8166.93 23016.8 24708.7
324.408 3878.9 14421 14937.5 1 2
-740.522 2179.82 228.472 2315.89 1 1
1786.07 4288.03 8595.8 9771.2 -1 2
-3750.39 1390.93 -1818.2 4395.13 -1 1
event 1
5356.39 -4613.5 17737.2 19343.6
6024.51 11292.3 -6808.54 14824.3
4811.01 -2434.34 11208 12437.9 1 1
545.385 -2179.16 6529.22 6905.65 -1 1
1983.16 6535.36 -4442.98 8148.32 -1 2
4041.36 4756.96 -2365.57 6675.95 1 2
event 2
-4567.77 -11881.3 17678.1 22003.1
1754.15 -4068.29 -792.85 5463.3
2372.78 -1888.68 73.2187 3035.41 1 2
-1950.16 -4319.82 9169.33 10322.4 1 1
-618.631 -2179.61 -866.069 2427.89 -1 2
-2617.61 -7561.49 8508.74 11680.7 -1 1
event 3
9531.67 -267.512 19612.7 22026.6
-2099.05 -5192.6 -6934.15 9436.21
6408.11 -387.663 16045.6 17282.5 -1 1
3123.56 120.151 3567.06 4744.06 1 1
-1958.27 -1047.8 -2008.59 2996.38 -1 2
-140.781 -4144.8 -4925.56 6439.83 1 2
event 4
-1512.74 -10261.2 -4495.01 11720.8
5617.72 -202.36 -9291.38 11292.6
-347.252 -6174.14 -1103.67 6282.5 -1 1
-1165.49 -4087.11 -3391.34 5438.3 1 1
3451.28 1395.2 -5354.68 6522.4 -1 2
2166.44 -1597.56 -3936.7 4770.16 1 2
event 5
2396.78 -5755.57 25974.1 26890.8
-3837.04 7655.1 1650.35 9254.09
2843.57 -2990.88 14211.2 14798.7 -1 1
-446.79 -2764.69 11762.8 12092.1 1 1
-3353.75 3409.77 398.305 4800.42 -1 2
-483.289 4245.33 1252.05 4453.67 1 2
event 6
2130.84 -5549.57 2865.41 7289.67
13298.8 -2426.88 -32420.5 35262.2
91.5341 -4312.48 1797.35 4674.13 -1 1
2039.3 -1237.09 1068.06 2615.54 1 1
9097.75 -247.656 -20148.6 22109 -1 2
4201.03 -2179.23 -12271.8 13153.2 1 2
event 7
-6585.13 10652.3 21149.6 24773.6
-1435.67 4954.44 2696.32 6593.06
-3485.13 7638.95 11915.4 14576.9 1 1
-3100 3013.39 9234.17 10196.6 -1 1
-451.389 3037.55 3136.91 4391.11 -1 2
-984.281 1916.9 -440.59 2201.95 1 2
event 8
5885.45 -959.078 5640.56 8773.01
9698.69 -37.7604 8244.51 13100.7
4506.82 522.506 4717.92 6546.32 -1 1
1378.63 -1481.58 922.641 2226.69 1 1
4992.45 -1077.81 5682.56 7641.26 1 2
4706.24 1040.05 2561.96 5459.41 -1 2
