event 0
8809.76 -5015.24 31046.1 32805.8
3238.32 5744.51 -10207.7 12540.9
4892.21 -4174.54 21779.9 22709.8 1 1
3917.54 -840.701 9266.27 10096 -1 1
2655.75 2433.02 -7095.85 7958.32 -1 2
582.563 3311.49 -3111.87 4582.6 1 2
event 1
-1242.01 5358.25 -18087 19156.8
-8519.62 -375.944 -16269.6 18628.4
-2112.46 2599.45 -8310.49 8960.75 -1 1
870.443 2758.8 -9776.51 10196.1 1 1
-4548.43 1076.93 -6747.6 8209.09 -1 2
-3971.18 -1452.87 -9522.03 10419.3 1 2
event 2
5737.98 1230.6 -25513 26361.8
7840.9 -5287.08 1313.29 10037.4
2015.62 -3150.22 631.571 3794.29 1 2
1271.87 1719.49 -8316.77 8588.02 -1 1
5825.28 -2136.86 681.723 6243.08 -1 2
4466.1 -488.893 -17196.2 17773.7 1 1
event 3
-4045.57 -6110.72 -6749.05 10433.3
-6799.92 6163.5 2643.92 10040.4
-1564.5 -4334.47 -2632.81 5308.31 1 1
-2481.07 -1776.24 -4116.25 5124.98 -1 1
-5473.04 3734.15 2950.03 7253.4 -1 2
-1326.88 2429.35 -306.109 2786.97 1 2
event 4
-1907.29 -10155.9 -9064.62 14090.4
-9671.2 11474.2 22330.9 27082.2
335.005 -5712.86 -5728.66 8098.01 1 1
-2242.3 -4443.06 -3335.96 5992.37 -1 1
-6630.48 5828.39 11547.5 14535.8 -1 2
-3040.72 5645.76 10783.4 12546.4 1 2
event 5
-7571.61 1151.15 10246.3 13161.7
2165.03 9831.43 -3363.71 11056.7
2709.16 7897.76 -1885.55 8560.41 1 2
-2383.84 1857.38 3821.39 4873.07 1 1
-544.129 1933.67 -1478.17 2496.26 -1 2
-5187.77 -706.23 6424.88 8288.66 -1 1
event 6
-3188.66 -4966.42 -8034.05 10438.9
-2021.36 -9352.88 17664.6 20327.1
-392.734 -3422.56 -3735.4 5082.57 -1 1
-2795.93 -1543.86 -4298.64 5356.33 1 1
218.596 -5962.67 11204.8 12694.9 -1 2
-2239.96 -3390.21 6459.77 7632.21 1 2
event 7
-5771.57 1452.65 -15225.5 16638.1
10906.4 -2267.72 26511.9 28923.4
2905.76 -1426.69 5011.2 5966.75 -1 2
-1713.83 1086.84 -8780.89 9012.97 -1 1
8000.65 -841.039 21500.7 22956.7 1 2
-4057.74 365.811 -6444.57 7625.14 1 1
