event 0
-4924.16 6547.04 -8347.18 12098.7
4593.01 1869.56 -249.533 5851.83
-3745.99 2420.01 -4432.55 6288.68 1 1
-1178.18 4127.03 -3914.63 5809.99 -1 1
3782.15 -23.4353 -206.458 3789.32 -1 2
810.866 1892.99 -43.0751 2062.51 1 2
event 1
-8487.11 -32.5508 8207.81 12206.2
-1752.45 7222.77 -6474.18 10331.8
-4617.88 1518.46 4559.26 6665.47 -1 1
-3869.24 -1551.01 3648.54 5540.73 1 1
-2353.28 4701.68 -3204.55 6158.25 -1 2
600.828 2521.09 -3269.62 4173.55 1 2
event 2
-5685.64 5730.24 -35885.9 36912.7
-5798.69 5330.35 37921 38854
-2217.28 4390.3 -21151.4 21716 -1 1
-3468.36 1339.93 -14734.5 15196.7 1 1
-3512.67 3805.24 30563.1 30999 -1 2
-2286.03 1525.11 7357.89 7855.04 1 2
event 3
-164.996 7414.6 -4071.34 9009.46
-7555.16 -1959.41 -6485.83 10610.2
-3113.18 -1965.53 -4289.2 5653.63 -1 2
1391.32 2908.71 -2102.39 3850.66 -1 1
-1556.32 4505.9 -1968.95 5158.8 1 1
-4441.99 6.11499 -2196.63 4956.58 1 2
event 4
-7566.64 5408.84 27419.3 29119
-7928.33 -30.8875 -20064.5 21795.3
-5975.35 -1377.13 -14142 15414.5 1 2
-2814.42 2425.52 6799.03 7748.68 -1 1
-1952.98 1346.24 -5922.51 6380.74 -1 2
-4752.22 2983.32 20620.3 21370.3 1 1
event 5
-5616.85 -4471.75 5067.66 9317.61
2946.42 4800.01 -9325.14 11325.7
3264.76 2764.03 -5386.63 6879.35 -1 2
-1553.67 -2687.57 912.554 3237.41 -1 1
-4063.18 -1784.18 4155.11 6080.2 1 1
-318.336 2035.98 -3938.51 4446.3 1 2
event 6
-7264.49 4711.65 53662.9 54481.8
6041.87 6881.12 12741 16117.4
-4014.24 4667.23 35556.7 36085.8 -1 1
-3250.25 44.4252 18106.3 18396 1 1
5546.09 3797.19 8168.05 10578.6 -1 2
495.785 3083.93 4572.93 5538.88 1 2
event 7
9751.63 -6088.13 -11507.8 16558.4
-2475.84 -9805.83 35579.8 37118.7
-407.911 -4308.67 20120.6 20581 -1 2
3078.16 -680.187 -4371.41 5390.56 -1 1
6673.47 -5407.95 -7136.35 11167.8 1 1
-2067.93 -5497.16 15459.2 16537.7 1 2
event 8
-3739.6 9475.63 -20548.6 23143.2
6660.73 -8842.41 6061.12 12995.4
-2246.71 6156.48 -9758.94 11755.8 1 1
-1492.89 3319.15 -10789.6 11387.4 -1 1
4797.58 -6335.38 5839.43 9862.25 -1 2
1863.15 -2507.04 221.69 3133.19 1 2
event 9
7774.36 -4698.36 -14792.4 17633
-1093.44 -7853.4 -20722.1 22402.4
-1759.14 -2449.28 -8572.57 9088.1 1 2
2104.28 156.507 -3741.5 4296.8 -1 1
5670.08 -4854.86 -11050.9 13336.2 1 1
665.707 -5404.11 -12149.6 13314.3 -1 2
event 10
-781.897 10970.6 -20132.8 23149.2
2831.83 -3595.75 -9482.91 10975.7
2954.51 -1311.22 -5410.01 6303 1 2
-1656.17 3747.73 -6229.71 7457.13 1 1
-122.678 -2284.54 -4072.9 4672.67 -1 2
874.278 7222.86 -13903.1 15692.1 -1 1
event 11
-8502.87 -5454.13 -9204.15 14012.6
-4569.68 -2319.77 6374.58 8745.84
-2380.07 -2448.14 5288.96 6296.22 1 2
-3187.37 -3153.21 -2435.56 5103.45 1 1
-2189.62 128.374 1085.62 2449.62 -1 2
-5315.5 -2300.92 -6768.59 8909.2 -1 1
event 12
-3788.43 -7244.15 -6346.29 10802.6
1461.98 -5845.82 -4208.67 7975.85
-1822.29 -4181.46 -1631.26 4845.36 -1 1
-1966.14 -3062.69 -4715.03 5957.22 1 1
-710.799 -1979.66 -432.164 2149.93 -1 2
2172.78 -3866.16 -3776.51 5825.92 1 2
event 13
1295.86 5723.06 -11488.6 13267
-7728.92 -599.838 -34657.7 35648.9
-3023.21 -1318.47 -9840.67 10379.2 -1 2
-746.686 2037.97 -5750.15 6147.05 1 1
-4705.71 718.634 -24817.1 25269.7 1 2
2042.54 3685.09 -5738.46 7119.9 -1 1
event 14
-9026.01 -8753.37 -27729.9 30604.4
-7578.94 5348.41 -2236.36 10031.9
-4525.57 -4957.89 -18238.4 19434.9 1 1
-4500.44 -3795.49 -9491.45 11169.5 -1 1
-4935.68 3174.78 128.102 5870.92 -1 2
-2643.26 2173.63 -2364.47 4160.93 1 2
