event 0
10526.9 -5483.16 -9391.9 15449.2
2672.77 4157 1163.95 5947.29
5266.25 -2979.04 -6706.43 9033.02 1 1
5260.6 -2504.11 -2685.46 6416.18 -1 1
2974.72 1855.23 753.248 3587.39 -1 2
-301.951 2301.77 410.7 2359.9 1 2
event 1
-6394.23 -5979.2 -8204.25 12391
-1584.01 7287.17 -4945 9468.63
-2301.29 -4262.28 -4185.69 6402.67 1 1
-4092.94 -1716.92 -4018.56 5988.31 -1 1
-1811.73 3780.11 -1267.05 4380.43 -1 2
227.716 3507.05 -3677.96 5088.2 1 2
event 2
-8945.67 -3444.6 11418.5 15227.1
-2945.46 -5441.31 22948.5 23968.9
-3041.55 -2739.47 11571.9 12275 -1 2
-2885.32 -2481.3 5589.13 6762.5 1 1
-6060.36 -963.298 5829.39 8464.56 -1 1
96.0936 -2701.84 11376.6 11693.9 1 2
event 3
-2106.38 7907.73 -19261.2 21155.5
-5282.3 -3372.37 -15091.9 16632.2
-2880.64 -3535.26 -10452.2 11404.2 1 2
-2176.24 3447 -6919.12 8031.38 1 1
-2401.66 162.898 -4639.7 5228.05 -1 2
69.8564 4460.74 -12342.1 13124.1 -1 1
event 4
-9492.31 -2635.22 5042.63 11492
8434.7 -2119.57 23892.7 25614.2
5225.68 -1214.7 10250.4 11570 -1 2
-3893.4 -272.406 569.956 3945.73 1 1
-5598.91 -2362.82 4472.67 7546.3 -1 1
3209.02 -904.872 13642.3 14044.2 1 2
event 5
-3920.83 -7250.77 18341.7 20345.9
-6709.34 3335.62 12763.8 15121.1
-933.779 -4335.32 7312.6 8552.91 -1 1
-2987.05 -2915.45 11029.1 11793 1 1
-3168.21 3257.17 6656.36 8060.09 -1 2
-3541.13 78.4516 6107.47 7061.03 1 2
