event 0
-8021.01 11972.5 36881.1 39717.5
-5244.65 -4440.88 13675.5 15615.3
-4613.18 -2141.11 10211.2 11408.1 -1 2
-1181.88 4029.88 12194 12897.4 1 1
-6839.14 7942.62 24687.1 26820.2 -1 1
-631.47 -2299.77 3464.32 4207.18 1 2
event 1
3605.72 9272.67 -22170.1 24496.7
685.176 -6809.98 -25925 26991.5
1430.91 5767.4 -16053.4 17118.2 1 1
2174.82 3505.26 -6116.69 7378.47 -1 1
1676.5 -2142.69 -8556.36 8979.1 -1 2
-991.325 -4667.29 -17368.6 18012.4 1 2
event 2
-318.802 -7765.59 9433.57 12609.1
-6161.61 -3156.98 -10375.6 12852.1
-4087.59 -2810.66 -4847.74 6936.86 1 2
504.16 -3691.32 6592.86 7573.44 1 1
-2074.01 -346.316 -5527.84 5915.21 -1 2
-822.962 -4074.26 2840.72 5035.65 -1 1
event 3
6094.05 7021.21 -7778.07 12510.9
-1813.08 5489.36 5594.88 8620.59
4311.77 4297.31 -3159.23 6859.31 -1 1
1782.29 2723.89 -4618.84 5651.64 1 1
836.04 1953.19 2059.73 2961.01 -1 2
-2649.12 3536.17 3535.15 5659.58 1 2
event 4
-2086.02 8777.43 46370.7 47341.6
6943.85 -9253.39 -3277.6 12416.8
2920.21 -1610.72 -811.742 3433.97 -1 2
-1615.47 2037.09 9165.31 9527.52 -1 1
4023.64 -7642.66 -2465.86 8982.85 1 2
-470.549 6740.34 37205.3 37814 1 1
event 5
3185.69 -8827.09 9064.29 13409.6
7570.2 1980.21 -9717.38 12854.9
5760.42 171.211 -7557.25 9504.47 -1 2
2638.08 -3069.68 4395.98 5976.47 -1 1
547.616 -5757.41 4668.31 7433.16 1 1
1809.78 1809 -2160.13 3350.39 1 2
event 6
936.306 14007.5 3386.91 14769.9
409.78 4923.56 -13998.8 15164.7
664.099 9934.39 921.266 9999.65 -1 1
272.206 4073.11 2465.65 4770.21 1 1
1739.15 2911.19 -8848.58 9476.72 -1 2
-1329.37 2012.37 -5150.21 5687.94 1 2
event 7
-1565.11 4848.76 13655.6 14900.6
1521.34 -13032.1 48846.5 50672.7
-2386.94 2791.12 9581.37 10261.7 1 1
821.829 2057.65 4074.21 4638.93 -1 1
1614.9 -6693.82 20498.4 21624.3 -1 2
-93.5525 -6338.29 28348.1 29048.4 1 2
event 8
-7059.97 -6648.17 -2737.56 10541.7
7785.45 -6812.51 6914.65 12822.9
5926.02 -5253.37 6719 10386.1 1 2
-2752.81 -2371.23 -2600.49 4469.28 -1 1
1859.43 -1559.14 195.65 2436.77 -1 2
-4307.16 -4276.94 -137.067 6072.38 1 1
event 9
-1153.63 8795.89 1407.26 9501.04
517.98 -6981.7 31066.1 31995.4
1757.82 -3623.85 18169.9 18611.3 1 2
638.542 4227.6 -341.401 4290.46 1 1
-1239.84 -3357.85 12896.1 13384.1 -1 2
-1792.17 4568.29 1748.66 5210.58 -1 1
event 10
-9987.57 6162.67 -38262.2 40141.2
-5149.94 -3868.81 1096.85 7230.78
-2332.38 -3630.67 605.16 4358.8 1 2
-3134.76 3173.51 -17958.1 18504.1 -1 1
-2817.56 -238.146 491.692 2871.99 -1 2
-6852.81 2989.16 -20304 21637 1 1
event 11
-12249.2 -7386.11 33794.4 36827.3
-13756 -388.802 -59181.9 60839.6
-9783.5 -283.247 -35421.9 36749.4 1 2
-5687.06 -1685.44 14364.9 15541.7 -1 1
-3972.45 -105.555 -23760 24090.2 -1 2
-6562.16 -5700.67 19429.5 21285.6 1 1
event 12
-22952.6 -14216.1 -56743.7 62915.5
9978.4 -843.472 -894.547 10520
-15440.5 -7827.12 -35779.5 39747.4 -1 1
-7512.1 -6388.94 -20964.2 23168.1 1 1
7796.36 -958.649 587.404 7877.72 -1 2
2182.04 115.177 -1481.95 2642.33 1 2
event 13
3964.26 2268.7 -711.33 5564.04
8803.7 5372.08 47102.8 48318
1837.13 2774.35 -456.395 3360.29 -1 1
2127.12 -505.652 -254.935 2203.75 1 1
5183.31 2300.62 19440.1 20250.6 -1 2
3620.39 3071.46 27662.7 28067.4 1 2
event 14
15886.9 12901.2 56144.4 59838.3
-5236.48 2343.66 2653.69 7038.88
9668.59 7108.75 36849.8 38754.8 -1 1
6218.32 5792.44 19294.5 21083.4 1 1
-4281.95 387.669 1389.41 4519.63 -1 2
-954.529 1956 1264.29 2519.25 1 2
event 15
6210.64 1016.75 -10010.2 12223
8224.88 1689.21 -20878.9 22716.1
2966.31 1895.6 -3948.79 5291.16 1 1
3244.33 -878.852 -6061.46 6931.85 -1 1
4133.34 1243.11 -14455.6 15086.6 1 2
4091.54 446.1 -6423.23 7629.47 -1 2
event 16
-3050.06 -4109.34 2747.01 6582.33
8642.02 -2421.38 8118.34 12491.8
-3044.61 -1775.87 2283.09 4200.83 -1 1
-5.4517 -2333.47 463.919 2381.49 1 1
5230.22 87.2664 4025.12 6601.18 -1 2
3411.8 -2508.65 4093.22 5890.61 1 2
event 17
-4403.35 -14008.7 39526.9 42280
-4399.63 -2733.92 -6718.7 9031.24
-3734.3 -7873.25 20453.2 22232.4 1 1
-669.049 -6135.44 19073.7 20047.7 -1 1
-1904.25 -2847.97 -4704.06 5820.35 -1 2
-2495.37 114.041 -2014.64 3210.89 1 2
event 18
6825.02 -6417.72 8492.45 13018.5
7153.52 -1312.83 -22486.1 23835.1
2740.45 -1407.07 -13166.5 13522.5 1 2
1987.12 -324.438 1155.69 2323.93 1 1
4837.9 -6093.28 7336.77 10694.5 -1 1
4413.07 94.2389 -9319.62 10312.6 -1 2
event 19
-2905.26 4970.25 1112.36 6631.16
-11679.7 4377.62 -22807.7 26179.4
-875.006 3995.99 1471.05 4348.41 1 1
-2030.25 974.269 -358.69 2282.75 -1 1
-5772.8 2686.67 -14580.7 15910.7 1 2
-5906.94 1690.95 -8226.96 10268.7 -1 2
event 20
3938.75 -5380.32 28184.2 29127.4
901.123 8140.87 -13331.7 15950.2
3369.77 -2220.66 13240.1 13841.9 -1 1
568.983 -3159.66 14944.1 15285.4 1 1
138.034 5452.74 -11115.8 12382.4 -1 2
763.089 2688.14 -2215.9 3567.88 1 2
event 21
-4729.01 2536.47 -13174.1 14558.3
-201.378 -7676.36 17876.6 19701
-3647.23 242.528 -7678.06 8504.4 1 1
-1081.78 2293.94 -5496.04 6053.93 -1 1
1262.47 -3915.09 7298.3 8378.43 1 2
-1463.84 -3761.27 10578.3 11322.6 -1 2
event 22
-6177.03 1332.63 -3197.02 7729.39
-5130.66 9066.04 -20704.1 23383
-3099.52 1506.51 -3111.06 4643.97 1 1
-3077.5 -173.887 -85.9584 3085.42 -1 1
-2737.78 5837.88 -15641 16918.3 -1 2
-2392.88 3228.16 -5063.07 6464.74 1 2
event 23
-8763.69 -4000.61 6079.16 11804.8
3817.17 -3395.22 -1919.47 6274.82
-5463.16 -870.704 2837.4 6218.22 1 1
-3300.54 -3129.91 3241.77 5586.6 -1 1
3066.04 -764.152 -1518.6 3507.4 -1 2
751.128 -2631.07 -400.867 2767.42 1 2
event 24
-1100.37 10297.6 20484.9 23161.9
3994.29 -1611.65 20662.6 21332.8
2137.79 -2435.98 11603.5 12048.1 1 2
-1970.46 4116.03 8463.12 9615.61 -1 1
1856.49 824.334 9059.11 9284.65 -1 2
870.089 6181.56 12021.7 13546.3 1 1
event 25
7900.81 -10217.7 -29107.1 31994.4
5933.61 1000.33 3411.38 7578.87
3670.54 -7207.57 -17749.7 19506 1 1
4230.26 -3010.12 -11357.4 12488.3 -1 1
4421.73 -680.831 1928.57 4872.97 -1 2
1511.88 1681.16 1482.8 2705.91 1 2
event 26
4786.13 -5083.51 21558.6 22871.7
359.304 7876.01 -24378.5 25808.2
-705.66 3675.5 -15248.5 15701.4 1 2
486.884 -2614.18 6800.39 7302.57 1 1
4299.25 -2469.34 14758.2 15569.1 -1 1
1064.96 4200.51 -9130.03 10106.8 -1 2
event 27
-416.406 -8434.72 -25209.7 26766.4
-9555.57 -4130.54 4342.35 11696.9
-4020.46 -1638.23 3479.33 5564.6 1 2
-1213.23 -3625.4 -14552.3 15046.5 -1 1
-5535.11 -2492.3 863.018 6132.29 -1 2
796.825 -4809.32 -10657.4 11719.9 1 1
event 28
46.4946 -7350.79 -13785.4 15926.8
-7606.3 -510.25 7649.24 11234.7
-3544.14 -1521 4851.77 6198.81 -1 2
-332.238 -3046.55 -8851.18 9367.3 -1 1
378.733 -4304.24 -4934.18 6559.51 1 1
-4062.16 1010.75 2797.47 5035.85 1 2
event 29
-4813.58 5292.55 -3950.95 8739.69
-3980.97 -6602.29 9109.43 12329.2
-2475.41 -1954.97 5150.15 6040.26 -1 2
-2120.8 340.342 -1259.96 2492.45 -1 1
-2692.77 4952.21 -2690.99 6247.24 1 1
-1505.56 -4647.32 3959.28 6288.99 1 2
event 30
-3138.77 6099.28 -14744.1 16553.9
-3077.39 -21230.7 21947.9 30846.6
-2910.44 3590 -6826.87 8244.76 -1 1
-228.34 2509.28 -7917.2 8309.14 1 1
-627.363 -11674.3 10296.4 15579.2 -1 2
-2450.03 -9556.31 11651.5 15267.4 1 2
event 31
-4646.93 8626.41 28766.4 30546.8
-622.221 -6722.72 4349.9 8607.82
-1358.01 5524.09 17700 18591.9 -1 1
-3288.91 3102.31 11066.5 11954.9 1 1
-1178.82 -1822.51 238.296 2186.12 -1 2
556.6 -4900.21 4111.6 6421.7 1 2
event 32
8122.82 9044.12 2526.35 12796.5
359.864 -5235.71 -24058.2 24818
1721.56 -3243.33 -14987.7 15431.3 1 2
2471.33 4849.15 473.445 5464.16 1 1
-1361.69 -1992.37 -9070.48 9386.62 -1 2
5651.5 4194.97 2052.91 7332.31 -1 1
event 33
1693.33 12055 28671.1 31301.9
8519.7 -2242.31 -9944.28 13641.5
-485.801 6965.61 17227.5 18589.1 -1 1
2179.13 5089.37 11443.6 12712.9 1 1
4756.81 -2807.01 -5617.64 7878.81 -1 2
3762.89 564.699 -4326.64 5762.74 1 2
event 34
3853.5 10418.9 2424.53 11784.4
2228.62 5146.15 10969.7 12703.3
1900.33 7590.23 494.713 7840.83 1 1
1953.18 2828.68 1929.82 3943.56 -1 1
-566.565 2011.95 4830.92 5264.78 -1 2
2795.19 3134.21 6138.77 7438.55 1 2
event 35
8642.69 8316.07 43474.2 45204.5
7980.08 6419.87 -24468.1 26705.3
5782.97 3985.31 28625.7 29474.9 1 1
2859.72 4330.76 14848.4 15729.6 -1 1
3132.14 3870.31 -14494 15325.7 -1 2
4847.94 2549.55 -9974.07 11379.6 1 2
event 36
4228.97 -11062.6 -14466.7 18951
8208.29 -5483 -4202.22 11166.4
3190.68 -5522.12 -5857.52 8660.02 -1 1
1038.29 -5540.49 -8609.16 10291 1 1
5559.18 -5019.78 -3935.7 8461.89 -1 2
2649.11 -463.217 -266.515 2704.54 1 2
event 37
7419.88 5969.93 -40573.8 41791.4
-4745.43 -2109.74 1804.7 6310.33
4620.43 2966.82 -17077.7 17939.1 -1 1
2799.45 3003.11 -23496.1 23852.3 1 1
-2426.82 -2560.95 1762.9 3945.49 -1 2
-2318.61 451.217 41.8049 2364.84 1 2
event 38
-9417.38 5418.66 -26475.5 28785.3
3959.71 -4043.48 15287.2 16592.7
996.218 -3205.55 8463.86 9105.83 1 2
-3478.18 3773.55 -12217.2 13251.7 -1 1
2963.5 -837.931 6823.29 7486.85 -1 2
-5939.2 1645.11 -14258.4 15533.6 1 1
event 39
-3691.16 4611.4 3049.86 7333.68
6704.69 -9828.46 10487.6 16159.7
-1043.77 3727.88 1649.45 4209.32 1 1
-2647.39 883.52 1400.41 3124.36 -1 1
4432.57 -5962.59 8392.38 11209.1 1 2
2272.12 -3865.87 2095.21 4950.61 -1 2
event 40
-8434.22 -1803.48 -17801.8 20022.1
17608.2 -9916.28 17270.4 26762.6
-5086.7 475.949 -10171.9 11383.3 -1 1
-3347.52 -2279.43 -7629.92 8638.78 1 1
12390.8 -5308.26 11574.8 17767.8 -1 2
5217.44 -4608.02 5695.59 8994.8 1 2
event 41
-11205.3 6184.43 1576.11 13262
5649.45 457.411 -790.401 6506.99
3715.55 1613.05 -1175.42 4219.01 -1 2
-3191.09 899.489 1550.24 3661.49 -1 1
-8014.18 5284.94 25.8756 9600.49 1 1
1933.9 -1155.64 385.014 2287.98 1 2
event 42
-4480.18 -4387.81 -7523.25 10272
-7587.74 8262.79 -30434.9 32584
-3231.52 -1531.32 -2519.61 4375.76 -1 1
-1248.65 -2856.49 -5003.64 5896.29 1 1
-4299.66 5156.96 -13833 15376.8 1 2
-3288.09 3105.83 -16601.8 17207.3 -1 2
event 43
-3049.56 -8103.49 4935.64 10436.4
4016.11 -3963.78 4647.31 7939.09
-2466.61 -3806.05 3885.09 5972.88 -1 1
-582.952 -4297.45 1050.55 4463.48 1 1
1734.74 -2931.6 4173.92 5388.54 -1 2
2281.37 -1032.17 473.396 2550.55 1 2
event 44
-532.731 7509.05 19039.4 20706.5
6436.9 3881.37 -11150.3 13799.2
2459.99 2763.08 -7132.46 8035.5 -1 2
1063 3189.78 10179.8 10721.2 -1 1
-1595.73 4319.27 8859.64 9985.33 1 1
3976.92 1118.29 -4017.85 5763.74 1 2
event 45
-7970.42 -4488.89 -2317.97 9931.81
3307.97 14042.1 -30117.5 33537.7
-5744 -1983.87 -2504.23 6573.55 -1 1
-2226.42 -2505.02 186.257 3358.26 1 1
1742.72 12193.9 -24633.1 27541.4 -1 2
1565.25 1848.21 -5484.41 5996.31 1 2
event 46
-2216.58 -13133.3 50773.6 52582.7
-13851.3 2856.2 20383.2 25001.6
-8796.53 724.845 10690.4 13863.6 1 2
-2374.45 -4985.25 20851.9 21570.9 -1 1
-5054.74 2131.35 9692.88 11138 -1 2
157.864 -8148.04 29921.7 31011.8 1 1
event 47
-5918.94 1694.09 4498.96 8230.14
8930.88 6258.27 -50203.6 51467.7
-3591.54 917.292 4424.62 5773.12 1 1
-2327.4 776.796 74.3445 2457.01 -1 1
5371.07 2100.79 -29053 29620.1 1 2
3559.8 4157.47 -21150.6 21847.6 -1 2
event 48
12183.3 1894.21 -32025.5 34456.4
-6853.88 -4866.17 5833.51 10690
-3142.76 -480.13 2507.55 4050.49 -1 2
2825.78 1415.07 -5781.32 6589.56 1 1
9357.53 479.134 -26244.1 27866.8 -1 1
-3711.12 -4386.04 3325.96 6639.49 1 2
