event 0
5938.23 -4376.48 -26279.7 27470.5
11750.8 -2554.22 6394.46 13967.2
4310.56 -1506.17 -12734.6 13528.9 -1 1
1627.67 -2870.31 -13545.1 13941.6 1 1
6455.92 -1352.44 5216.98 8410.47 1 2
5294.89 -1201.78 1177.48 5556.78 -1 2
event 1
-4739.36 -6543.88 2740.34 9076.58
-6951.24 -5824.62 14557.1 17428.2
-5040.63 -4287.73 7745.82 10188.3 1 2
-2454.2 -2474.03 -309.291 3500.11 1 1
-1910.6 -1536.89 6811.25 7239.94 -1 2
-2285.17 -4069.85 3049.63 5576.47 -1 1
event 2
6492.57 -4755.79 -38309.6 39268.1
-5236.22 1936.76 -15478 16743
-3220 1995.7 -6356.17 7400.22 1 2
2248.57 -3473.09 -16398 16912.2 -1 1
-2016.23 -58.9456 -9121.87 9342.83 -1 2
4244 -1282.7 -21911.6 22355.9 1 1
event 3
3773.72 -8962.81 -11846.7 15636.8
-11119.3 1634.98 -19293.7 22542.2
1673.35 -5921.5 -9281.41 11136.4 -1 1
2100.37 -3041.31 -2565.32 4500.35 1 1
-9287.22 515.133 -13795.2 16638.4 -1 2
-1832.07 1119.85 -5498.46 5903.79 1 2
event 4
-9938.34 -12250.4 -21095.9 26523
3399.07 7379.3 23120 24700.9
2326.94 4722.6 18742.4 19468.1 -1 2
-2842.41 -2978.94 -7856.43 8870.63 -1 1
-7095.93 -9271.48 -13239.4 17652.4 1 1
1072.12 2656.7 4377.64 5232.82 1 2
event 5
-10002.3 4262.4 5059.77 12385.8
5930.13 2587.28 7079.98 10078.6
-5955.91 3145.3 1548.21 6911.86 -1 1
-4046.4 1117.1 3511.56 5473.89 1 1
4135.06 339.607 3165.71 5219.86 -1 2
1795.07 2247.68 3914.27 4858.7 1 2
event 6
4305.14 -9715.03 25085.2 27418.5
-7760.34 6235.63 -2910.34 10824.4
-3364 1038.7 -1694.81 3908.83 -1 2
1047.6 -1765.08 8438.54 8685.23 -1 1
3257.54 -7949.95 16646.6 18733.2 1 1
-4396.34 5196.93 -1215.53 6915.53 1 2
event 7
-4318.51 1637.06 -1679.81 5808.78
-18785.9 -6389.28 -18570.9 27353.2
-2485.89 2499.43 -1192.64 3722.95 -1 1
-1832.62 -862.366 -487.17 2085.83 1 1
-10933 -4198.28 -8936.96 14732.2 1 2
-7852.85 -2191 -9633.9 12621 -1 2
event 8
914.518 7073.43 853.899 7822.38
4717.93 -7238.9 18994.6 21096.1
1083.23 -4094.53 10714.4 11521.7 -1 2
-1081.81 3264.64 738.965 3519.3 1 1
3634.7 -3144.37 8280.15 9574.45 1 2
1996.33 3808.78 114.934 4303.08 -1 1
event 9
3223.46 24040.3 36050.6 43561.1
1661.67 -9139.93 6147.92 11562.3
2784.06 20612 32642 38705.5 1 1
439.399 3428.31 3408.63 4855.54 -1 1
-710.232 -2394.64 2496.66 3533.16 -1 2
2371.9 -6745.29 3651.26 8029.18 1 2
event 10
-4153.11 -5297.7 -11433.7 13624.6
-867.25 -13126.7 -13672.7 19224.9
257.127 -11042.3 -10304.3 15105.9 1 2
-2867.07 -1354.63 -6010.22 6796.25 -1 1
-1124.38 -2084.43 -3368.35 4118.98 -1 2
-1286.04 -3943.08 -5423.46 6828.38 1 1
event 11
-5121.06 5718.2 32198.2 33245.1
14690.1 338.656 10975.6 18600.2
-2246.55 4726.66 20498.7 21156.5 -1 1
-2874.52 991.543 11699.5 12088.6 1 1
9271.38 1353.91 8075.91 12370.3 -1 2
5418.73 -1015.26 2899.69 6229.99 1 2
event 12
-1034.16 6689.94 22290.4 23500.6
9310.47 -7846.93 46616 48279.4
-1337.66 4592.51 18938.5 19533.5 1 1
303.492 2097.42 3351.88 3967.06 -1 1
5821.43 -3906.34 31564.3 32333.6 -1 2
3489.04 -3940.59 15051.8 15945.8 1 2
event 13
-790.11 -5507.29 7652.81 9955.44
-1051.59 8953.8 29107.8 30629
420.437 -3269.36 2279.06 4008.84 1 1
-1210.55 -2237.93 5373.74 5946.6 -1 1
-930.811 4742.51 10644.8 11691.1 -1 2
-120.775 4211.29 18463 18937.9 1 2
event 14
7823.88 -2383.52 -23531.5 25104.2
5664.08 536.561 -10650 12465.1
4545.84 153.812 -13634.2 14373.3 1 1
3278.04 -2537.34 -9897.36 10730.9 -1 1
3086.47 1114.29 -8308.49 8933.65 -1 2
2577.61 -577.728 -2341.47 3531.5 1 2
event 15
-4050.96 -4153.34 26425.2 27231.3
2422.28 -10137.7 -8559.85 13838.5
-3424.12 -2047.48 21021.8 21397.3 -1 1
-626.846 -2105.86 5403.44 5834.03 1 1
466.242 -5376.26 -6059.38 8114.73 1 2
1956.04 -4761.47 -2500.47 5723.75 -1 2
event 16
-9849.51 -3191.53 -49263.2 50434.7
-7321.89 -449.513 -1594.97 8120.79
-5962.07 -3467.84 -32512.5 33236.2 1 1
-3887.43 276.317 -16750.8 17198.5 -1 1
-2059.26 -1497.79 -104.792 2550.7 -1 2
-5262.63 1048.28 -1490.18 5570.1 1 2
event 17
-5175.35 -1137.88 23711.5 24493
12532.4 2681.59 37470 39722.1
-3992.04 516.925 13861.9 14434.9 -1 1
-1183.32 -1654.81 9849.68 10058.1 1 1
7592.42 1910.13 18180.1 19794.5 1 2
4939.94 771.454 19289.9 19927.6 -1 2
event 18
4644.27 -13497 -896.696 14633.3
-2743.83 -7395.41 31312 32438.5
-407.319 -4935.89 21237.2 21807.3 -1 2
812.378 -4753.35 -1543.51 5064.37 -1 1
3831.89 -8743.68 646.816 9568.95 1 1
-2336.51 -2459.52 10074.9 10631.2 1 2
event 19
12741.4 2278.32 -45768.2 47664
115.218 9709.95 11834.6 15618.7
915.175 5969.9 5249.75 8003.02 -1 2
4856.99 504.975 -12313 13246.4 -1 1
7884.43 1773.34 -33455.2 34417.5 1 1
-799.958 3740.05 6584.85 7615.73 1 2
event 20
7068.22 -2386.66 -675.604 8105.75
-6307.49 -3200.31 7403.19 10697
-3375.34 -2575.25 2440.92 4898.38 -1 2
3187.67 36.8679 -1380.2 3475.44 1 1
3880.55 -2423.53 704.591 4630.31 -1 1
-2932.15 -625.062 4962.26 5798.57 1 2
event 21
-6290.04 -5472.9 -24471.8 26038
5649.63 -2435.48 -22826.1 23842.6
3442.68 -2979.42 -13699.1 14436.3 -1 2
-3168.6 -1861.75 -14828.2 15277.2 1 1
-3121.44 -3611.14 -9643.63 10760.8 -1 1
2206.95 543.947 -9126.96 9406.33 1 2
event 22
-15836.7 3097.37 -954.319 16458.9
-6110.53 -4655.9 11199.9 13929.9
-3348.5 -2831.02 8823.41 9853.46 -1 2
-4019.71 -500.673 163.114 4055.43 1 1
-11817 3598.05 -1117.43 12403.5 -1 1
-2762.04 -1824.88 2376.45 4076.48 1 2
event 23
1517.53 -5945.49 -215.999 6876.72
14845.5 212.329 -65029.3 66774.5
83.0387 -3933.7 1084.3 4082.62 -1 1
1434.49 -2011.79 -1300.3 2794.1 1 1
10425.1 -188.502 -39032.1 40400.9 1 2
4420.39 400.83 -25997.2 26373.6 -1 2
event 24
-5485.15 -4463.44 2439.68 8096.42
-7082.75 3267.11 -24976.1 26348.3
-3224.78 1654.38 -6901.22 7795.78 1 2
-1517.86 -3191.4 1387.73 3798.14 -1 1
-3857.98 1612.73 -18074.8 18552.5 -1 2
-3967.29 -1272.04 1051.95 4298.28 1 1
event 25
-5594.81 4744.28 2529.95 8354.69
12283.2 5118.45 -44069.2 46138.5
-3185.8 2668.77 -200.537 4162.1 1 1
-2409.01 2075.51 2730.48 4192.58 -1 1
8556.68 2210.36 -26010.1 27470.7 -1 2
3726.49 2908.08 -18059.2 18667.8 1 2
event 26
3880.19 -4208.3 -22323.6 23252.9
6656.91 3584.79 12896.7 15267
2938.46 1142.36 2740.57 4178.69 1 2
1915.18 -604.727 -4026.98 4501.27 -1 1
3718.45 2442.43 10156.1 11088.3 -1 2
1965.01 -3603.58 -18296.6 18751.7 1 1
event 27
1757.84 -7077.9 -15836.1 17707.6
5212.6 -6339.42 -2048.13 9008.05
3023.89 -1532.4 -151.593 3395.04 -1 2
-63.4626 -3077.27 -3786.35 4880.7 1 1
2188.7 -4807.02 -1896.54 5613.01 1 2
1821.31 -4000.63 -12049.8 12827 -1 1
event 28
-7538.23 7266.84 -18851.9 21785.5
6258.29 -1775.17 -16468.5 17975.5
-3532.71 5322.09 -9821.72 11716.7 -1 1
-4005.52 1944.74 -9030.13 10068.8 1 1
3204.48 -908.757 -4542.38 5633.73 -1 2
3053.81 -866.408 -11926.1 12341.8 1 2
event 29
-7983.89 -1270.99 -8630.34 12386.8
1105.43 6818.39 21179.2 22580.1
-4892.94 -680.058 -7616.64 9078.98 1 1
-3090.95 -590.93 -1013.69 3307.85 -1 1
2055.16 2040.43 6601.13 7209.24 -1 2
-949.738 4777.96 14578.1 15370.9 1 2
event 30
-4845.55 10873.7 -13362.2 18161.9
-9985.44 7343.56 43926 45790.1
-3031.87 4351.57 16023.8 16879 1 2
-304.143 3701.91 -3067.91 4818.7 -1 1
-4541.4 7171.75 -10294.3 13343.2 1 1
-6953.58 2991.99 27902.2 28911.1 -1 2
event 31
8420.75 11891.5 1938.54 15022.2
-6170.56 -1728.54 785.127 7160.4
-3592.4 531.836 -35.423 3633.26 1 2
3745.02 5032.6 -695.92 6312.5 1 1
-2578.17 -2260.37 820.55 3527.14 -1 2
4675.74 6858.88 2634.46 8709.67 -1 1
event 32
-6344.12 -7187.14 -4954.21 11226.7
3215.49 -5108.06 7904.35 10416.4
3507.06 -2998.32 4889.97 6724.02 -1 2
-2539.5 -2471.46 -3527.06 5000.85 1 1
-3804.63 -4715.67 -1427.15 6225.81 -1 1
-291.579 -2109.74 3014.38 3692.38 1 2
event 33
-4527.34 5846.11 -8054.9 11364.2
-3994.53 -5147.2 12759.7 14657.8
-3929.54 2749.12 -4145.48 6339.96 -1 1
-597.8 3096.99 -3909.42 5024.29 1 1
-89.9452 -2453.49 4756.63 5353.91 -1 2
-3904.59 -2693.71 8003.02 9303.84 1 2
event 34
-1682.73 8006.39 21875.5 23559.8
-2636.18 -5040.59 -3718.6 7468.32
269.095 5601.97 12989.5 14148.9 -1 1
-1951.83 2404.42 8886.08 9410.87 1 1
413.356 -2409.19 -1349.78 2794.3 -1 2
-3049.54 -2631.4 -2368.81 4674.02 1 2
event 35
3242.95 -6421.98 16198.6 17992.9
7036.95 1862.11 -3982.14 8856.31
3224.91 512.39 -3491 4781.3 1 2
368.915 -2591.88 3175.25 4116.71 -1 1
2874.03 -3830.1 13023.4 13876.2 1 1
3812.04 1349.72 -491.141 4075.02 -1 2
event 36
7642.7 6113.08 -10173.7 14452.5
-4763.99 7066.53 1967.05 9278.56
-2162.3 4410.92 -300.358 4922.71 -1 2
2827.3 3401.12 -2794.91 5232.96 -1 1
4815.39 2711.97 -7378.76 9219.55 1 1
-2601.69 2655.62 2267.41 4355.85 1 2
event 37
-1622.82 -7887.15 20201.4 21966.5
5080.81 4330.35 -16504.9 18071.2
3050.33 3372.4 -7342.67 8637.33 1 2
182.152 -3717.25 6056.84 7109.69 1 1
2030.47 957.952 -9162.25 9433.9 -1 2
-1804.97 -4169.89 14144.6 14856.8 -1 1
event 38
-4295.24 6263.52 6715.77 10600.6
-2324.01 10534 -1119.46 11278.8
-3076.99 3419.64 5736.19 7353.69 1 1
-1218.24 2843.89 979.582 3246.93 -1 1
-667.383 5689.15 849.861 5791.83 1 2
-1656.63 4844.86 -1969.32 5486.94 -1 2
event 39
4887.61 315.487 3907.98 6989.38
11509.3 4431.41 5934.95 14032.6
3010.44 1668.96 2704.58 4378.82 -1 1
1877.17 -1353.47 1203.41 2610.56 1 1
5850.28 2124.94 4692.77 7795.79 -1 2
5659.01 2306.48 1242.18 6236.86 1 2
event 40
9325.91 1975.23 -26917.4 28723
6787.59 -9208.27 -39145.4 40900.1
4570.74 2235.56 -11252.4 12349.8 -1 1
4755.16 -260.332 -15665 16373.2 1 1
6592.3 -6995.82 -32557.1 33946.7 -1 2
195.289 -2212.45 -6588.31 6953.42 1 2
event 41
3779.69 6326.09 5071.8 9466.76
-5990.07 4408.59 5406.47 9702.43
-3731.67 847.756 2818.16 4753.65 -1 2
1226.63 2915.5 3947.14 5059.23 -1 1
2553.06 3410.59 1124.66 4407.52 1 1
-2258.4 3560.83 2588.31 4948.78 1 2
event 42
6827.82 5806.64 -22105 24053.2
-6500.39 125.106 9612.46 12010.9
4901.52 2218.27 -11660.8 12842.6 1 1
1926.3 3588.37 -10444.2 11210.6 -1 1
-1895.08 -932.384 1401.97 2537.2 -1 2
-4605.31 1057.49 8210.49 9473.67 1 2
event 43
-2209.31 -4342 -9500 11116.5
-9822.62 -3666.89 -5242.07 12124.4
-2773.31 -2416.74 -7008.32 7915.78 -1 1
564.006 -1925.26 -2491.68 3200.68 1 1
-5970.39 -2015.61 -4772.86 7905.67 -1 2
-3852.23 -1651.28 -469.217 4218.73 1 2
event 44
-2006 -11218.9 14618.6 18793.2
-9346.05 -5601.04 -5728.72 12693.7
-6278.55 -4426.21 -2481.21 8073.36 -1 2
-2005.6 -3139.14 4813.02 6087.11 1 1
-0.397213 -8079.8 9805.58 12706 -1 1
-3067.49 -1174.83 -3247.51 4620.31 1 2
event 45
-4247.68 -3137.58 2015.62 6445.21
-973.476 -9885.63 -41038.2 42336.7
-3355.61 -587.287 942.45 3536.15 -1 1
-892.075 -2550.29 1073.17 2909.06 1 1
134.185 -5182.04 -15472.2 16317.9 1 2
-1107.66 -4703.59 -25565.9 26018.8 -1 2
event 46
-2913.98 4199.05 9119.8 10903.5
-4873.99 -18472.1 68561.9 71241.1
-652.325 3368 4197.48 5422.08 1 1
-2261.66 831.054 4922.33 5481.44 -1 1
-4794.16 -13775 49149.2 51267.8 1 2
-79.8361 -4697.14 19412.7 19973.3 -1 2
event 47
-5622.61 -7027.29 -29185.2 30697.9
-5969.55 8794.94 52272.5 53432.1
-1687.1 4899.91 28266.3 28737.7 -1 2
-2382.96 -855.402 -7105.07 7543.43 1 1
-3239.65 -6171.89 -22080.1 23154.5 -1 1
-4282.44 3895.03 24006.1 24694.4 1 2
event 48
-7263.1 959.121 -1392.68 8074.82
4898.18 6723.66 -22533.4 24218.7
1113.34 3547.29 -7129.74 8041.59 -1 2
-1704.16 1251.95 533.455 2183.41 1 1
-5558.93 -292.833 -1926.13 5891.4 -1 1
3784.84 3176.38 -15403.7 16177.1 1 2
event 49
4323.18 2865.57 -9218.28 11021.3
-9870.06 15521.1 29487.1 34891.2
3692.71 869.283 -7042.97 8000.39 1 1
630.471 1996.28 -2175.32 3020.9 -1 1
-5658.76 9993.8 15709.2 19459.9 1 2
-4211.3 5527.28 13777.9 15431.4 -1 2
event 50
4768.54 3431.39 411.696 6653.89
-11446.7 14796.4 11339.7 22093.9
1979.68 2538.32 -1038.95 3384.2 1 1
2788.86 893.074 1450.65 3269.69 -1 1
-6877.99 11149 7438.01 15064.6 -1 2
-4568.7 3647.38 3901.66 7029.26 1 2
event 51
-5491.44 3829.34 -721.697 7676.6
-3027.11 7078.9 -43217.4 44006.9
-2402.72 2139.33 -13755.4 14127 -1 2
-1228.42 2539.1 857.106 2949.89 -1 1
-624.381 4939.57 -29461.9 29879.9 1 2
-4263.01 1290.24 -1578.8 4726.71 1 1
event 52
-7254.57 7979.91 -2965.7 11605.8
4520.04 4479.99 -4145.2 8202.03
2594.99 3204.53 -906.994 4223.36 -1 2
-3257.78 1460.24 -876.725 3677.66 -1 1
-3996.8 6519.67 -2088.97 7928.15 1 1
1925.05 1275.47 -3238.21 3978.67 1 2
event 53
-10194.1 206.878 37691.5 39168.9
-9523.36 5662.9 -65594.6 66595.8
-5269.88 1367.59 -29498.4 29996.8 1 2
-4810 1633.91 18520.8 19205.2 1 1
-4253.48 4295.31 -36096.2 36599 -1 2
-5384.12 -1427.04 19170.6 19963.7 -1 1
event 54
-6373.52 -8215.7 4538.56 11760.5
1079.14 -6010.44 3183.91 7551.03
1563.78 -3694.65 620.496 4061.04 -1 2
-931.808 -3322.7 808.313 3545.86 1 1
-5441.71 -4893 3730.24 8214.59 -1 1
-484.639 -2315.79 2563.41 3489.99 1 2
event 55
7469.4 1905.22 16172.5 18181.4
5351.89 9082.25 -720.879 11010.9
2475.63 1828.46 -888.791 3205.17 1 2
2088.97 -698.114 5864.06 6264.94 -1 1
2876.26 7253.79 167.912 7805.75 -1 2
5380.43 2603.33 10308.5 11916.5 1 1
event 56
3987.96 6215.23 2850.35 8499.9
8994.31 5067.62 14738.9 18259.4
3410.8 2695.38 8550.38 9592.64 -1 2
431.348 2896.37 2031.96 3565.82 1 1
5583.51 2372.24 6188.51 8666.71 1 2
3556.61 3318.85 818.39 4934.08 -1 1
