event 0
3364.56 6148.17 -3954.26 8622.54
13466.5 -2545.85 4096.83 14635.6
3849.42 668.92 1049.94 4047.11 -1 2
1134.11 2327.45 138.244 2594.89 1 1
9617.03 -3214.77 3046.88 10588.5 1 2
2230.46 3820.72 -4092.5 6027.65 -1 1
event 1
784.197 7716.31 1142.34 8429.28
-6877.88 -1414.7 29376.2 30362.1
-3410.59 692.57 10787.9 11335.8 -1 2
614.912 2711.5 1892.02 3364.7 -1 1
169.285 5004.81 -749.679 5064.58 1 1
-3467.29 -2107.27 18588.3 19026.3 1 2
event 2
2845.71 12583.5 6753.64 14887.8
5330.62 -6936.96 17953.3 20210.2
5251.99 -4758.68 14120 15799.1 -1 2
-118.612 3245.74 562.352 3297.92 1 1
2964.32 9337.77 6191.28 11589.8 -1 1
78.6326 -2178.28 3833.38 4411.02 1 2
event 3
512.452 -5331.18 5665.69 8388.98
-4787.2 -15032.1 67832.6 69711.8
-1135.75 -2894.82 3769.16 4887.5 1 1
1648.2 -2436.36 1896.52 3501.48 -1 1
-1504.67 -9669.1 40716.3 41875.8 -1 2
-3282.53 -5363.04 27116.4 27836 1 2
event 4
-1847.53 -10344.7 2152.89 11164.7
-1273.48 -6530.21 -7374.3 10403.7
231.618 -5509.12 105.503 5516.01 -1 1
-2079.15 -4835.54 2047.39 5648.74 1 1
-1493.94 -3336.7 -2056.69 4196.02 -1 2
220.462 -3193.51 -5317.62 6207.68 1 2
event 5
-3752.49 3780.94 15548.7 16725.1
-10667.3 -1089.94 -144.122 11162
-2498.15 1846.7 4708.74 5642.21 -1 1
-1254.34 1934.24 10840 11082.9 1 1
-5892.88 464.75 1037.86 6002.53 -1 2
-4774.38 -1554.69 -1181.98 5159.46 1 2
event 6
7793.4 -5562.38 8667.04 13281
4333.17 -1694.74 16554.5 17472.6
3079.07 165.007 6867.66 7528.86 1 2
4006.06 -1675.31 5457.66 6975.13 -1 1
1254.1 -1859.74 9686.83 9943.71 -1 2
3787.34 -3887.08 3209.38 6305.92 1 1
event 7
-14516.7 -2161.76 61068.9 62884.1
-5329.84 -1064.21 25949.3 26692.7
-8737.33 -1738.74 42816.5 43733.6 1 1
-5779.36 -423.023 18252.4 19150.5 -1 1
-3331.58 -2117.05 14900.8 15415.1 -1 2
-1998.26 1052.84 11048.5 11277.5 1 2
event 8
-7698.44 3640.79 -13081.6 15913.6
6119.38 1598.37 318.507 7049.39
3862.77 2327.39 912.63 4602.37 -1 2
-3052.67 531.468 -6979.83 7637.44 1 1
-4645.77 3109.32 -6101.79 8276.11 -1 1
2256.62 -729.022 -594.123 2447.03 1 2
