event 0
279.381 7449.46 -8820.65 11956.9
8488.69 -10709.7 8900.94 16600.4
3605.89 -2274.33 2780.57 5090.95 1 2
1332.76 3121.69 -2469.83 4199.1 -1 1
4882.8 -8435.4 6120.37 11509.5 -1 2
-1053.38 4327.77 -6350.82 7757.79 1 1
event 1
-9968.06 3052.96 -21876.8 24430.9
-4588.79 1304.58 -21129.4 21881.6
-2970.56 -735.784 -12305.2 12680.5 1 2
-5224.83 573.501 -13523.7 14509.6 1 1
-1618.23 2040.37 -8824.23 9201.08 -1 2
-4743.23 2479.46 -8353.13 9921.28 -1 1
event 2
-908.277 12864.6 -59400.9 60863.7
5219.76 5131.86 22993 24328
-1997.58 7076.79 -34584 35357.2 1 1
1089.3 5787.82 -24817 25506.4 -1 1
4100.92 2431.2 17047.4 17701.8 -1 2
1118.85 2700.66 5945.65 6626.26 1 2
event 3
28479.5 3397.42 -31920 43024.4
-3302.13 -9457.03 4700.33 11490.1
-1809.05 -4346.45 555.091 4741.69 1 2
2538.15 744.607 -1890.79 3253.14 1 1
25941.3 2652.82 -30029.3 39771.3 -1 1
-1493.08 -5110.58 4145.24 6748.44 -1 2
event 4
-3612.17 10167.7 1167.79 11286.5
7082.81 4282.11 19568.8 21471.6
-1323.13 7620.33 248.947 7739.08 1 1
-2289.03 2547.39 918.843 3547.44 -1 1
2404.04 2294.88 4698.37 5756.01 -1 2
4678.77 1987.24 14870.4 15715.6 1 2
event 5
1162.35 -19821.7 3594.84 20414.8
2188.73 8397.69 28229.2 29694.9
2316 4169.13 18082.5 18701.1 1 2
1564.13 -4814.84 516.987 5089.96 1 1
-127.265 4228.56 10146.7 10993.8 -1 2
-401.777 -15006.8 3077.85 15324.8 -1 1
event 6
-4066.4 -5693.04 12832.1 14939.9
-6454.86 -5286.69 6347.89 10931.6
-2215.2 -3477.98 1960.18 4566.94 1 2
-2483.98 -1336.49 6549.12 7131.52 -1 1
-1582.41 -4356.54 6282.97 7808.36 1 1
-4239.66 -1808.71 4387.71 6364.69 -1 2
event 7
-6648.19 8785.53 669.336 11464
-5492.35 -2291.29 -30524.1 31252.6
-4120.47 -212.1 -16481.2 16990.2 -1 2
-1478.07 2737.9 1514.7 3462.12 -1 1
-5170.12 6047.63 -845.369 8001.86 1 1
-1371.88 -2079.19 -14042.8 14262.5 1 2
event 8
1122.38 -8005.17 1099.09 8725.9
-3034.51 5712.03 -20089.8 21331.3
-3062.31 2809.26 -9945.36 10779.2 -1 2
1859.84 -3064.54 1020.98 3728.8 1 1
-737.466 -4940.63 78.1071 4997.09 -1 1
27.7977 2902.77 -10144.4 10552.1 1 2
event 9
3333.65 -3376.28 -8777.29 10447.2
-2273.62 -8744.42 39678.2 40811.5
2979.68 -1075.55 -6261.66 7018.18 -1 1
353.971 -2300.73 -2515.63 3429.02 1 1
-75.93 -5218.67 25872.8 26394.2 -1 2
-2197.69 -3525.75 13805.4 14417.3 1 2
event 10
-4796.47 3946.11 -31048 31814.3
7319.59 8092.23 10188.3 15246.4
-1646.02 2947.53 -19958.3 20242.1 1 1
-3150.46 998.578 -11089.7 11572.2 -1 1
3641.11 5160.83 4015.89 7485.35 -1 2
3678.48 2931.4 6172.39 7761.05 1 2
event 11
-3172.43 -5309.96 25033.4 25971.6
-4448.6 -7566.68 -10128.8 13756
-590.163 -3924.67 15233.1 15741.9 1 1
-2582.27 -1385.29 9800.34 10229.6 -1 1
-3612.21 -3224.45 -4644.74 6710.43 1 2
-836.388 -4342.23 -5484.07 7045.61 -1 2
event 12
6177.68 -3758.35 -7255.2 10701.3
-1001.58 -7189.81 12810 15046
3670.31 -2016.38 -2045.05 4661.58 1 1
2507.37 -1741.97 -5210.15 6039.72 -1 1
-1793.18 -4252.73 5869.55 7467.52 -1 2
791.604 -2937.09 6940.42 7578.51 1 2
event 13
4674.32 -7183.74 -30148.2 31495.4
-3425.74 -6266.57 -381.536 7793.73
-1639.99 -4142.48 1176.86 4609.32 -1 2
957.225 -4289.16 -15059.2 15687.7 -1 1
3717.1 -2894.59 -15089 15807.7 1 1
-1785.75 -2124.09 -1558.39 3184.4 1 2
event 14
-3122.04 -4782.24 -17659.1 18816.2
14451.4 -1972.42 1803.17 15019.2
-1995.85 -2427.75 -13816.9 14170.2 1 1
-1126.19 -2354.5 -3842.16 4646 -1 1
10094 -2419.19 292.426 10384.5 1 2
4357.43 446.765 1510.75 4634.68 -1 2
event 15
7279.21 1889.38 28829.5 29954.7
-3941.3 -7355.64 -34940.9 36056.9
-2779.52 -3128.03 -12233.2 12929.5 1 2
3122.91 1276.57 18458.7 18764.8 -1 1
-1161.78 -4227.6 -22707.8 23127.4 -1 2
4156.3 612.808 10370.8 11189.9 1 1
event 16
4746.74 -1371.8 -1944.85 6147.05
-1117.81 16114.8 2162.89 16589.3
3031.88 500.957 -1881.5 3604.79 -1 1
1714.86 -1872.76 -63.3457 2542.27 1 1
-642.692 8532.05 2698 8972.14 1 2
-475.118 7582.78 -535.105 7617.2 -1 2
event 17
-12345 -2029.06 -44321.3 46157.2
5185.13 1302.77 1501.98 6358.7
-6454.86 432.533 -20647.9 21637.9 1 1
-5890.17 -2461.59 -23673.4 24519.3 -1 1
2679.55 2162.12 330.743 3460.54 -1 2
2505.57 -859.352 1171.24 2898.16 1 2
event 18
-6035.74 5057.81 -21427.4 23037.7
-6681.53 1319.6 -32773.2 33616.3
-2744.98 4264.31 -13126.4 14072.4 1 1
-3290.75 793.499 -8300.99 8965.28 -1 1
-2499.73 -936.556 -13859.3 14114.5 -1 2
-4181.8 2256.15 -18913.8 19501.8 1 2
event 19
-5066.78 -3851.48 -9296.68 11684.5
-9905.82 -11747.7 85543.2 86967.6
-4230.06 -1958.5 -4594.89 6546.25 -1 1
-836.728 -1892.98 -4701.79 5138.24 1 1
-6765 -5673.01 46937.2 47760.5 -1 2
-3140.83 -6074.7 38605.9 39207.1 1 2
event 20
12145.5 -3410.09 -11099.6 17086.1
-2879.97 -4991.23 8250.35 10529.3
8921.72 -2392.03 -9787.03 13457.9 1 1
3223.83 -1018.06 -1312.54 3628.15 -1 1
388.531 -2113.36 2234.56 3101.88 -1 2
-3268.5 -2877.87 6015.79 7427.39 1 2
event 21
-4911.17 12134.4 -40708.2 42873.2
-3003.99 6450.15 1622.7 8175.58
-3763.9 4278.31 1341.91 5855.15 -1 2
-2822.18 3716.44 -16956.5 17587.2 1 1
-2089 8417.97 -23751.7 25286 -1 1
759.917 2171.84 280.792 2320.43 1 2
event 22
260.31 4296.38 3918.3 6593.25
-6548.97 9525.52 -18699.8 22201.4
1633.71 2834.17 2141.39 3911.29 1 1
-1373.4 1462.21 1776.92 2681.95 -1 1
-3284.87 5958.35 -13385.2 15015.5 1 2
-3264.11 3567.17 -5314.65 7185.8 -1 2
event 23
-6419.89 -8600.16 -2116.01 11368.7
6378.01 469.354 101.621 7106.37
-4303.5 -4173.11 69.8066 5995.91 -1 1
-2116.39 -4427.05 -2185.81 5372.79 1 1
3369.86 -1294.31 192.381 3616.55 -1 2
3008.15 1763.67 -90.7596 3489.83 1 2
event 24
15528.5 -1860.87 -22943 27938.7
-1990.01 -9636.85 -12123.5 15918.5
-1905.9 -6373.59 -5910.84 8899.68 1 2
7799.45 517.341 -12249.1 14531.1 1 1
-84.1164 -3263.26 -6212.63 7018.82 -1 2
7729.01 -2378.21 -10693.9 13407.6 -1 1
event 25
-3846.27 -4358.56 11087 12895.8
12889 5665.98 -53515.8 55423.5
-2914.19 -1545.46 3826.53 5053.17 -1 1
-932.076 -2813.1 7260.43 7842.66 1 1
9163.91 4157 -43086 44245.6 -1 2
3725.06 1508.98 -10429.8 11177.9 1 2
event 26
-9589.88 18022.9 164.653 20649.7
2239.32 8302.98 3491.72 9784.62
489.902 6547 1894.51 6834 1 2
-2813.01 8545.23 127.729 8997.86 -1 1
1749.42 1755.97 1597.21 2950.62 -1 2
-6776.87 9477.68 36.9246 11651.8 1 1
event 27
5678.68 1129.77 10029.3 11987.7
296.003 9381.59 -13405.3 16655.2
937.859 3530.74 -7358.05 8215.7 -1 2
1927.06 -1067.53 3720.09 4324.75 1 1
-641.856 5850.85 -6047.28 8439.5 1 2
3751.62 2197.3 6309.24 7662.93 -1 1
event 28
10392 -2982.66 -47277.1 48596.4
5421.59 -849.183 -15792.8 17003.4
5378.06 -1088.18 -17494.7 18335.3 -1 1
5013.96 -1894.48 -29782.4 30261.1 1 1
3257.08 -1676.73 -6898.6 7811.65 -1 2
2164.51 827.547 -8894.24 9191.77 1 2
event 29
-6756.95 -9916.39 -22952 26084
1684.97 10455.1 -18020 21129.5
-4679.18 -6843.61 -12563.6 15052.7 1 1
-2077.77 -3072.78 -10388.4 11031.3 -1 1
-216.944 2691.08 -2545.59 3712.17 -1 2
1901.92 7763.97 -15474.4 17417.4 1 2
event 30
-1148.49 -11669.3 62483.3 63680.8
6702.22 -4350.01 15777 17954
3548.84 -3684.62 7577.99 9143.72 1 2
-2309.89 -4947.02 26640.2 27194.1 1 1
3153.39 -665.392 8198.98 8810.28 -1 2
1161.39 -6722.25 35843.1 36486.7 -1 1
event 31
11364.9 8196.53 14639.5 20500.1
-7453.16 -4146.85 3850.04 9856.95
-5743.02 -2482.97 4060.02 7459.38 1 2
6034.28 3277.67 8947.66 11279.5 1 1
-1710.14 -1663.88 -209.98 2397.57 -1 2
5330.57 4918.87 5691.84 9220.55 -1 1
event 32
17305.2 20916 -24304.1 36568.1
-1798.96 5142.51 -27436.6 28143.2
12439.5 13164.1 -15005 23520.1 1 1
4865.75 7751.92 -9299.04 13048 -1 1
244.453 3452.69 -12411.2 12885.3 -1 2
-2043.41 1689.82 -15025.4 15257.9 1 2
event 33
-2364.92 -6248.37 8812.53 11484.2
5255.9 -5618.11 -2409.64 8636.25
1704.59 -3151.6 -2395.06 4311.11 -1 2
284.319 -2396.81 4575.61 5174.25 -1 1
-2649.24 -3851.56 4236.92 6309.96 1 1
3551.31 -2466.51 -14.576 4325.14 1 2
event 34
-5898.94 1611.33 -158.612 6856.46
7878.32 6316.81 -8505.61 13561.2
-3419.19 1050.32 -1613.4 3925.33 1 1
-2479.76 561.014 1454.79 2931.13 -1 1
3968.94 3557.09 -2517.86 5895.44 1 2
3909.38 2759.72 -5987.75 7665.75 -1 2
event 35
4354.45 4813.99 10146.1 12436.6
-12878.6 -2028.5 -49809.4 51580.5
2370.57 2987.9 8390.43 9217.24 -1 1
1983.89 1826.1 1755.72 3219.34 1 1
-7122.62 48.084 -30667.7 31484.2 -1 2
-5755.99 -2076.58 -19141.8 20096.3 1 2
event 36
1555 -8196.97 3627.52 9610.32
-1951.97 6759.69 2150.1 7982.44
-2546.22 4425.06 2224.47 5569.9 1 2
2276.28 -3789.37 2034.09 4867.18 1 1
594.254 2334.63 -74.371 2412.54 -1 2
-721.273 -4407.6 1593.43 4743.14 -1 1
event 37
-823.172 19623.1 -19803.2 28062.4
-240.972 4409.81 1110.72 5858.9
1643.5 2776.29 336.873 3245.54 1 2
745.923 4548.65 -3396.92 5726.85 -1 1
-1884.47 1633.53 773.846 2613.36 -1 2
-1569.09 15074.4 -16406.3 22335.6 1 1
event 38
-5480.56 -3150.53 -12823.8 14628.8
2440.03 8638.24 -10582.2 14217.8
-435.129 3827.95 -3708.11 5348.25 -1 2
-1994.37 -348.964 -1723.64 2661.09 1 1
2875.16 4810.29 -6874.1 8869.6 1 2
-3486.19 -2801.57 -11100.1 11967.7 -1 1
event 39
5066.63 -9137.02 -2012.62 11081.4
11719.1 -8286.74 -6804.29 16183.2
4173.49 -2116.59 -3657.19 5940.05 -1 2
56.6349 -2779.42 -223.702 2790.98 1 1
7545.61 -6170.16 -3147.09 10243.2 1 2
5010 -6357.59 -1788.92 8290.39 -1 1
event 40
-2264.19 7076.28 20669.3 22181.3
-4551.77 9707.58 17672.4 20901.2
-2569.52 7492.58 10635 13261 1 2
-267.56 3561.89 6183.56 7141.86 1 1
-1982.25 2215 7037.41 7640.15 -1 2
-1996.63 3514.39 14485.7 15039.5 -1 1
event 41
-5752.82 -6035.33 3509.59 9561.81
727.197 8451.59 9423.95 13052.2
-821.034 3243.97 2173.86 3991.78 -1 2
-1150.3 -2990.84 2202.5 3889.79 -1 1
-4602.52 -3044.49 1307.09 5672.02 1 1
1548.23 5207.62 7250.09 9060.43 1 2
event 42
-6660.39 6945.06 31383.8 32971.6
5690.75 11171.1 -33682.5 36073.2
1683.36 6157.45 -14443.6 15791.6 -1 2
-1134.83 3107.56 8594.08 9209.46 1 1
-5525.55 3837.51 22789.7 23762.1 -1 1
4007.39 5013.65 -19238.9 20281.6 1 2
event 43
-13785.8 -9626.24 -12506.3 21182.8
-4509.32 1633.5 -10108.3 11609.1
-9180.26 -6082.48 -6333.03 12704 -1 1
-4605.56 -3543.77 -6173.27 8478.79 1 1
-2250.56 2151.78 -7483.23 8105.86 -1 2
-2258.76 -518.279 -2625.1 3503.27 1 2
event 44
-740.222 -7360.29 19224.6 20830.2
-4496.23 -4517.9 -3382.71 7852.45
-3799.85 -2385.27 -1039.13 4606.45 1 2
683.166 -3115.07 11139.6 11587.6 1 1
-696.372 -2132.63 -2343.57 3246 -1 2
-1423.39 -4245.22 8085.02 9242.66 -1 1
event 45
-121.274 -5030.2 -768.096 5958.05
100.691 12730.3 65837.6 67128.6
1420.34 -3142.95 -216.967 3457.42 1 1
-1541.61 -1887.25 -551.129 2500.63 -1 1
1467.07 8220.32 44468.5 45245.9 1 2
-1366.38 4510 21369.1 21882.8 -1 2
event 46
6070.82 -4277.63 -3301.65 8697.41
12881.3 -17713.4 -4622.03 22597.5
3558.39 -1959.06 -181.166 4067.44 1 1
2512.43 -2318.57 -3120.48 4629.97 -1 1
9525.01 -10604.7 -3161.09 14601 -1 2
3356.28 -7108.74 -1460.95 7996.52 1 2
event 47
3468.58 17834.9 -88202.4 90107.5
-5324.26 4516.65 -5491.8 9407.39
1831.86 15177.5 -74764.9 76312 -1 1
1636.72 2657.33 -13437.4 13795.5 1 1
-2065.87 1147.76 -3693.76 4386.36 -1 2
-3258.39 3368.89 -1798.04 5021.02 1 2
event 48
1643.26 8603.48 -19502.6 21602.4
713.334 -5727.4 -1647.62 6754.02
1530.74 4224.63 -6675.88 8047.93 1 1
112.517 4378.85 -12826.7 13554.4 -1 1
-607.296 -3137.94 362.42 3218.39 -1 2
1320.63 -2589.45 -2010.04 3535.64 1 2
event 49
-6308.58 2973.39 25864.2 26966.4
-2491.08 -9786.02 10417.4 14835.2
-1959.44 -4142.61 2917.2 5433.4 1 2
-1874.23 1296.24 4103.32 4694.83 1 1
-531.642 -5643.41 7500.17 9401.83 -1 2
-4434.36 1677.14 21760.8 22271.5 -1 1
event 50
-7909.5 -10129.4 -35221.9 37621
-97.5397 -9257.24 -10682.7 14471.2
-5788.42 -6048.99 -26009 27323.5 1 1
-2121.07 -4080.41 -9212.88 10297.4 -1 1
1278.04 -2765.17 -2550.14 3974.15 -1 2
-1375.58 -6492.08 -8132.52 10497.1 1 2
event 51
-4620.85 -7563.16 9656.69 13615.9
4559.38 6007.59 -5400.73 9779.43
1402.73 4075.65 -2002.56 4753.94 -1 2
-2648.64 -3160.54 2046.26 4604.63 1 1
-1972.21 -4402.62 7610.43 9011.24 -1 1
3156.65 1931.94 -3398.18 5025.5 1 2
event 52
6302.36 -2405.93 18566.4 20094.8
8624.41 -2910.25 11011.2 14618
4401.82 -967.286 3201.81 5529.41 1 2
1977.31 963.234 5502.63 5926.86 -1 1
4325.06 -3369.17 13063.8 14168 1 1
4222.59 -1942.96 7809.38 9088.61 -1 2
event 53
3552.34 -5815.83 -609.694 7510.4
-6077.27 4885.19 -11156.6 13959.2
-2835.44 1908.8 -2462.42 4214.01 1 2
2284.64 -1180.35 383.153 2602.07 -1 1
1267.71 -4635.49 -992.848 4908.33 1 1
-3241.83 2976.39 -8694.22 9745.21 -1 2
event 54
-6487.88 1934.04 12138 14239.2
10911 560.031 21039.7 23908.7
-4517.94 -169.124 8106.03 9282.21 -1 1
-1969.94 2103.17 4031.96 4957 1 1
6452.84 -1185.18 11795.3 13497.5 1 2
4458.14 1745.21 9244.43 10411.1 -1 2
event 55
5374.37 5912.67 4398.86 9632.46
-2673.38 -6829.55 -9063.01 12063.1
250.938 -3560.29 -3904.45 5290.99 1 2
1177.75 2686.88 327.472 2953.78 -1 1
4196.62 3225.79 4071.39 6678.68 1 1
-2924.32 -3269.26 -5158.56 6772.12 -1 2
event 56
502.123 -5662.09 1523.57 6650.08
7214.88 -10336.5 -66283.5 67542.5
-990.369 -3222.71 1711.02 3782.26 1 1
1492.49 -2439.38 -187.455 2867.82 -1 1
3778.66 -7580.2 -47477.6 48227.3 -1 2
3436.22 -2756.26 -18805.9 19315.2 1 2
event 57
-3511.07 5223.79 5905.61 9169.67
2374.12 7699.16 2266.65 8924.26
-185.621 3070.24 1908.89 3621.58 1 2
-727.092 2074.56 3973.58 4542.35 -1 1
2559.75 4628.93 357.765 5302.68 -1 2
-2783.97 3149.23 1932.03 4627.32 1 1
event 58
-5494.01 -6028.05 17593.2 19637.5
-2182.16 -5700.5 20429.8 21545.9
-1.98958 -4024.36 10622 11359.3 -1 2
-1110.04 -3102.87 8640.76 9248.45 -1 1
-4383.97 -2925.18 8952.43 10389.1 1 1
-2180.17 -1676.14 9807.81 10186.6 1 2
event 59
-3089.64 -7211.58 16687.8 18698.3
9954.74 -15036.2 91886.3 93690.2
-2150.46 -3919.2 12572.1 13343.7 -1 1
-939.178 -3292.38 4115.67 5354.6 1 1
6915.48 -9355.07 65747.3 66768.7 -1 2
3039.25 -5681.1 26139 26921.6 1 2
event 60
1159.53 -9377.26 -25878 27722.6
-3217.39 5829.94 -6773.64 9990.65
-3054.52 2646.25 -4635.23 6150.55 1 2
1935.38 -3588.63 -11584.3 12281.3 1 1
-162.868 3183.69 -2138.41 3840.1 -1 2
-775.852 -5788.64 -14293.8 15441.3 -1 1
event 61
-12590.2 -7784.31 20967.1 25851.8
3394.15 2539.72 -627.414 5287.23
3036.67 526.678 -922.438 3218.82 1 2
-5613.64 -3347.58 11925.5 13599.6 -1 1
357.477 2013.04 295.024 2068.41 -1 2
-6976.53 -4436.72 9041.53 12252.2 1 1
event 62
-6201.07 15794.9 -46649.9 49736.7
-5033.48 -1826.19 -16343 17474.4
-2778.97 10873.1 -28978.5 31075.9 1 1
-3422.1 4921.82 -17671.5 18660.9 -1 1
-3564.57 4.85441 -7205.73 8039.89 -1 2
-1468.91 -1831.05 -9137.23 9434.55 1 2
event 63
3652.9 6603.11 33204.6 34191.9
5175.75 8887.37 669.586 10945.7
3791.19 3242.8 -504.537 5015.44 -1 2
751.211 1869.83 4189.16 4649.82 -1 1
1384.55 5644.57 1174.12 5930.25 1 2
2901.69 4733.28 29015.5 29542 1 1
event 64
-6323.59 -7351.09 -16858.7 19693.5
-6015.02 1540.17 11102.8 13092.5
-3901.28 1885.61 4964.69 6590.51 -1 2
-1013.25 -2827.06 -6980.29 7599.64 1 1
-5310.34 -4524.02 -9878.43 12093.8 -1 1
-2113.75 -345.439 6138.16 6501.96 1 2
event 65
-5184.36 -13950.1 -20308.7 25367.6
-7794 1360.94 -19160.6 20959.9
-3438.76 -9891.8 -11782 15763.9 -1 1
-1745.6 -4058.28 -8526.72 9603.79 1 1
-2798.67 1897.15 -6266.58 7121.3 -1 2
-4995.33 -536.213 -12894 13838.6 1 2
event 66
-2451.88 -8879.73 13452.9 16596.1
-719.25 -11176.2 -1609.69 11730.6
307.368 -4449.41 -2052.39 4910.72 1 2
309.501 -3113.64 6065.97 6826.25 1 1
-1026.62 -6726.76 442.698 6819.86 -1 2
-2761.38 -5766.09 7386.88 9769.86 -1 1
event 67
8846.14 521.191 -13191.1 16313.1
2367.48 7568.35 -1359.88 8621.25
4839.91 -366.56 -9991.76 11108.8 -1 1
4006.22 887.751 -3199.36 5204.32 1 1
828.462 3411.73 -2149.29 4117.87 -1 2
1539.02 4156.62 789.413 4503.38 1 2
event 68
-1948.3 -8347.72 6891.34 11426.4
9549.54 -2678.78 -31828.7 33481.8
6427 -2641.51 -17781.3 19091.1 1 2
-929.039 -3980.34 1369.49 4311.95 -1 1
3122.54 -37.2671 -14047.4 14390.7 -1 2
-1019.26 -4367.38 5521.85 7114.41 1 1
event 69
3262.44 -7130.69 -28928.2 30131.7
10044.8 -1238.09 5161.56 11775.6
3278.76 -3557.24 -15684.1 16413.6 -1 1
-16.3264 -3573.45 -13244.1 13718.1 1 1
7252.9 -2272.04 3566.03 8396.1 -1 2
2791.93 1033.96 1595.53 3379.47 1 2
event 70
2362.5 -4767.95 -13060.2 14438.7
1048.13 21056.3 -14380.1 25706.9
-31.6545 -3306.88 -7890.53 8556.17 -1 1
2394.15 -1461.07 -5169.72 5882.5 1 1
-913.807 12298.9 -8262.53 14845.2 1 2
1961.94 8757.36 -6117.59 10861.7 -1 2
event 71
-7079.39 9649.19 -20957.2 24331.5
-2750.3 3523.9 8308.28 9929.75
-4830.43 3984.58 -10915.8 12584.8 -1 1
-2248.95 5664.61 -10041.3 11746.7 1 1
-598.885 3130.89 5627.01 6468.05 -1 2
-2151.42 393.01 2681.27 3461.71 1 2
event 72
5664.49 -7773.53 -4756.64 11168.3
-824.442 -14493.8 -49881.5 52043.3
727.613 -4924.96 -20831.6 21418.5 -1 2
2572.76 -3779.07 -573.042 4608.68 -1 1
-1552.06 -9568.81 -29049.9 30624.8 1 2
3091.73 -3994.47 -4183.6 6559.59 1 1
event 73
-8794.18 -176.288 -30879.3 32256.6
6214.13 1116.41 -17213.7 18594.7
4340.37 2197.24 -12019 12966.7 -1 2
-3187.61 -289.823 -6573.48 7312.09 1 1
-5606.57 113.536 -24305.8 24944.5 -1 1
1873.76 -1080.83 -5194.68 5628.06 1 2
event 74
4411.5 8734.2 8815.68 13529.7
-5950.84 3326.07 10417 12828.7
2318.66 6503.29 4511.58 8248.3 -1 1
2092.84 2230.91 4304.1 5281.42 1 1
-2834.91 679.925 6679.58 7288.83 -1 2
-3115.92 2646.15 3737.4 5539.89 1 2
event 75
3410.72 -6817.82 -16967.2 18857.2
-2046.08 8676.8 27042.8 28642.2
-2266.66 3104.79 11819.9 12429.7 1 2
837.489 -2646.23 -9707.99 10097.5 -1 1
220.578 5572.01 15222.9 16212.5 -1 2
2573.23 -4171.59 -7259.24 8759.65 1 1
event 76
3209.51 -4037.16 252.226 6021.15
14341.3 -11830.8 -35206.4 39934
1279.62 -2812.52 -1194.03 3314.3 1 1
1929.9 -1224.64 1446.26 2706.86 -1 1
6466.15 -6880.59 -15654 18281.4 1 2
7875.12 -4950.19 -19552.5 21652.5 -1 2
event 77
-2000.74 6895.27 -2549.53 8224.27
3688.61 -8559.42 2635.09 10168.8
373.048 4011.72 -848.066 4118.67 -1 1
-2373.79 2883.56 -1701.47 4105.6 1 1
2325.64 -6131.92 3243.53 7317.15 -1 2
1362.97 -2427.5 -608.444 2851.63 1 2
event 78
-3132.82 5145.89 23018.8 23994.8
7257.63 -2387.36 -4287.28 9292.16
2281.63 -2262.09 -1185.52 3426.3 1 2
-1940.02 978.241 4846.05 5311.87 1 1
4976.01 -125.265 -3101.76 5865.87 -1 2
-1192.81 4167.65 18172.8 18683 -1 1
event 79
1211.97 5738.83 7112.98 9725.67
-19.1613 13602.2 4052.19 14526.9
403.504 3002.2 5880.17 6615.4 1 1
808.462 2736.64 1232.81 3110.27 -1 1
1433.85 9237.76 2747.36 9744.3 -1 2
-1453.01 4364.45 1304.83 4782.61 1 2
event 80
6866.66 -4835.59 17024.2 19234
6445.87 5972.65 -22842 24669.2
5695.64 3664.01 -18384.1 19592.1 1 2
1915.45 -2607.03 4162.74 5273.05 1 1
750.225 2308.63 -4457.92 5077.09 -1 2
4951.21 -2228.56 12861.4 13961 -1 1
event 81
-493.989 -8600.81 -12560.8 15543
-7593.48 -1112.61 1595 8428.19
-5440.33 -2103.29 1623.96 6055.53 1 2
1264.43 -3502.05 -5810.71 6902.07 1 1
-2153.14 990.687 -28.9653 2372.66 -1 2
-1758.42 -5098.76 -6750.13 8640.89 -1 1
event 82
4714.73 6132.02 -4152.24 9309.24
4493.44 -6897.06 -31563.9 32766.3
3507.31 -2585.31 -16525.7 17090.8 -1 2
1652.65 2029.21 -3141.02 4089.76 -1 1
3062.08 4102.8 -1011.23 5219.49 1 1
986.131 -4311.75 -15038.2 15675.5 1 2
event 83
-7896.64 45.8094 1149.07 8559.82
-11732.4 8741.26 -39318.7 42066.8
-2060.06 3025.96 -11332 11909 -1 2
-3149.28 -665.266 -893.149 3342.07 -1 1
-9672.37 5715.3 -27986.8 30157.7 1 2
-4747.37 711.076 2042.22 5217.75 1 1
event 84
3489.55 -6766.79 12411.8 14886.5
-7114.62 5072.88 1737.54 9431.97
-1715.74 2752.62 1430.73 3546.67 -1 2
1773.78 -1639.99 1936.29 3097.78 1 1
-5398.88 2320.26 306.813 5885.3 1 2
1715.77 -5126.8 10475.5 11788.7 -1 1
event 85
-8398.72 -41234.8 18973.1 46264.6
14450.4 9505.4 -58084.6 60684.2
11961.3 9080.93 -48495.8 50768 -1 2
-1166.35 -9605.41 3232.79 10202.3 -1 1
-7232.37 -31629.4 15740.3 36062.3 1 1
2489.1 424.467 -9588.79 9916.24 1 2
event 86
2192.33 -5069.91 -617.666 6362.62
11312.9 -16393.8 16698.4 26175.6
2541.46 -2948.52 -1298.69 4104.94 1 1
-349.122 -2121.39 681.02 2257.68 -1 1
7750.49 -9374.99 11517.9 16752.1 1 2
3562.43 -7018.78 5180.5 9423.53 -1 2
event 87
6429.97 -7174.29 7991.71 12894.7
-1113.7 5448.54 8681.37 10764.9
3527.75 -4953.75 3215.81 6880.21 1 1
2902.21 -2220.54 4775.9 6014.48 -1 1
993.299 2011.54 2289.36 3207.07 -1 2
-2107 3436.99 6392.01 7557.86 1 2
event 88
5181.57 2156.98 11552.2 13211.6
3464.21 9887.51 3336.08 11423
-290.428 3503.15 1142.4 3697.65 -1 2
2085.49 -609.108 5018.87 5469.96 -1 1
3754.64 6384.36 2193.68 7725.33 1 2
3096.08 2766.09 6533.37 7741.65 1 1
event 89
2275.44 -10182 -7891.24 13442.9
-7721.99 -7913.41 16073.5 19753.5
-3997.94 -2182.63 7668.97 8920.3 1 2
-778.37 -2067.93 -1547.95 2699.91 -1 1
3053.81 -8114.05 -6343.3 10743 1 1
-3724.05 -5730.78 8404.52 10833.2 -1 2
event 90
3753.44 -8032.68 1303.63 9481.71
3689.37 5010.27 2651.65 7438.9
1617.86 3955.1 2795.2 5107.3 -1 2
141.956 -3543.87 -104.831 3549.84 -1 1
3611.48 -4488.81 1408.46 5931.87 1 1
2071.51 1055.17 -143.549 2331.59 1 2
event 91
-557.512 -10921.6 1943.44 11530.8
-4720.7 3757.31 2721.79 7307.57
-4007.75 1502.6 1046.22 4407.45 -1 2
1018.98 -2985.74 -190.843 3162.37 1 1
-1576.49 -7935.88 2134.28 8368.39 -1 1
-712.948 2254.72 1675.57 2900.13 1 2
event 92
-418.328 9671.23 5136.65 11387.9
2982.28 4984.95 3889.11 7645.91
-793.183 5025.4 4276.46 6647.03 1 1
374.855 4645.83 860.195 4740.82 -1 1
1430.04 3559.74 3986.73 5533.71 -1 2
1552.25 1425.21 -97.624 2112.2 1 2
event 93
8611.1 817.984 6033.49 10991.6
5508.43 11739.4 -4216.37 13983
4461.27 -1010.66 2324.52 5132.15 -1 1
4149.83 1828.64 3708.97 5859.41 1 1
4450.59 8140.82 -1617.27 9418.46 -1 2
1057.84 3598.55 -2599.1 4564.55 1 2
event 94
7257.35 -2445.36 -6919.09 10775.6
-7329.09 1133.19 1473.39 8170.73
-2751.49 1202.33 -725.349 3090.89 1 2
2025.99 -1746.23 -3786.7 4637.27 -1 1
5231.36 -699.136 -3132.39 6138.31 1 1
-4577.59 -69.143 2198.74 5079.84 -1 2
event 95
6690.03 5186.16 13270.1 16041.8
-4381.18 -13680.3 -376.026 14699.5
-1723.23 -2974.4 -1187.37 3638.35 1 2
2273.49 1414.12 1935.96 3305.69 1 1
-2657.96 -10705.9 811.344 11061.2 -1 2
4416.54 3772.04 11334.1 12736.1 -1 1
event 96
-6073.18 1891.31 1621.73 7258.2
-2396.08 9926.3 -9663.99 14396.3
-2651.94 2298.18 1475.18 3808.12 1 1
-3421.24 -406.866 146.548 3450.08 -1 1
-1279.72 5199.34 -2966.17 6122.1 -1 2
-1116.35 4726.96 -6697.82 8274.2 1 2
event 97
-3507.46 -3880.75 22985.5 23775.7
10938.5 10902 14112.4 21148.4
-2959.49 -1657.94 17577.3 17901.9 -1 1
-547.965 -2222.81 5408.23 5873.77 1 1
5267.55 7386.4 8395.24 12361.1 -1 2
5670.98 3515.56 5717.17 8787.29 1 2
event 98
6692.14 -3543.79 -8509.77 11804.7
-2668.89 -5624.16 -12239.3 14076.5
2824.7 -2945.85 -3096.29 5123.98 -1 1
3867.43 -597.94 -5413.48 6680.68 1 1
-688.371 -4557.52 -9234.3 10321.3 -1 2
-1980.52 -1066.64 -3005.04 3755.21 1 2
event 99
5372.51 3943.49 4495.41 8614.79
-2986.38 -6450.84 5071.07 9265
-2613.67 -2356.99 3157.42 4729.39 1 2
2013.45 1056.18 3329.71 4033.31 -1 1
3359.06 2887.32 1165.7 4581.47 1 1
-372.703 -4093.85 1913.65 4535.61 -1 2
event 100
5654.13 -3070.95 3278.73 7857.58
3749.05 -18838.2 3940.67 19850.7
3364.33 -1303.57 3402.5 4960.46 1 1
2289.8 -1767.38 -123.771 2897.12 -1 1
1652.59 -12533.8 3811.69 13204.9 1 2
2096.46 -6304.32 128.982 6645.85 -1 2
event 101
10489.3 811.565 14327.6 18043.2
2807.63 5192.69 617.652 6694.54
5617.97 1914.78 7059.31 9223.5 -1 1
4871.36 -1103.21 7268.32 8819.69 1 1
63.336 3362.28 252.428 3373.99 -1 2
2744.29 1830.41 365.225 3320.56 1 2
event 102
2661.47 8194.51 27817.7 29285.7
2242.08 8325.12 28071.9 29529
1120.92 3538.95 17208 17604.1 1 2
2061.86 2225.36 7229.67 7841.09 1 1
599.612 5969.15 20588.1 21444.6 -1 1
1121.16 4786.17 10864 11924.8 -1 2
event 103
3152.24 4397.79 -4392.57 7626.58
-8717.46 -3522.91 -4167.16 10740.6
3011.38 1906.63 -1687.35 3944.87 -1 1
140.861 2491.15 -2705.22 3681.72 1 1
-5116.23 -1527.07 -757.509 5393.77 1 2
-3601.22 -1995.84 -3409.65 5346.87 -1 2
event 104
16408 -8184.21 -21646.8 28537.3
-2130.18 -10740 -6273.99 12993.8
749.697 -3457.1 -1737.12 3942.38 -1 2
2764.84 -169.395 -3226.96 4254.11 -1 1
13643.2 -8014.82 -18419.8 24283.2 1 1
-2879.87 -7282.9 -4536.88 9051.44 1 2
event 105
-4946.33 6812.45 -6389.43 11013.2
-8960.52 -3065.39 -3615.83 10599.7
-1573.22 4772.45 -3647.95 6210.48 -1 1
-3373.11 2039.99 -2741.49 4802.74 1 1
-6320.73 -1086.02 -3476.1 7295.58 -1 2
-2639.79 -1979.36 -139.732 3304.1 1 2
event 106
-7595.89 -2710.61 -37035.8 38030.1
-1998.99 -7278.34 15575.9 17583.3
-4093.05 -3047.85 -22981.7 23541.7 1 1
-3502.85 337.248 -14054.1 14488.3 -1 1
-949.067 -5138.73 7353.85 9022.05 -1 2
-1049.93 -2139.61 8222.1 8561.21 1 2
event 107
6093.62 -5627.01 15489.8 17841.5
-19343.4 5343.74 -39985.8 44846.1
3466.94 -2858.2 5238.41 6902.25 1 1
2626.68 -2768.81 10251.4 10939.3 -1 1
-14246.5 4767.61 -32049.2 35395.7 -1 2
-5096.92 576.134 -7936.59 9450.46 1 2
event 108
-23548.4 -15623.9 -44949.1 53185
-18.7169 -4513.87 -13715.2 14767.3
-16862.3 -12575.7 -31969.7 38269.6 -1 1
-6686.1 -3048.2 -12979.4 14915.4 1 1
1314.44 -2887.08 -10060.1 10548.9 -1 2
-1333.16 -1626.79 -3655.09 4218.37 1 2
event 109
5734.59 -1626.79 8242.03 10632.7
10624.2 821.803 53383.8 54525
3328.37 647.252 4494.61 5631.14 -1 1
2406.22 -2274.04 3747.41 5001.54 1 1
6109.72 -946.946 26992.9 27692.1 1 2
4514.51 1768.75 26390.9 26832.8 -1 2
event 110
5230.87 3915.28 1414.62 7367.75
-10280.8 -656.456 -10745.5 15204.7
4051.41 1137.14 894.568 4303.31 1 1
1179.46 2778.14 520.055 3064.44 -1 1
-5611.29 -1181 -4036.97 7013.53 -1 2
-4669.52 524.545 -6708.52 8191.15 1 2
event 111
-3968.37 13249.6 82038 83277.4
-1097.36 -5817.26 4053 7814.28
-1068.3 9557.29 54849.9 55686.7 -1 1
-2900.06 3692.26 27188.1 27590.7 1 1
33.9439 -3679.18 813.077 3769.59 -1 2
-1131.31 -2138.07 3239.92 4044.69 1 2
event 112
8895.39 -2800.65 -28310.2 29967.2
4634.46 5624.11 13247.8 15433.8
4933.67 -1849.88 -11196.1 12374.4 1 1
3961.73 -950.774 -17114.2 17592.7 -1 1
1081.33 3302.92 4299.32 5529.36 -1 2
3553.13 2321.19 8948.45 9904.47 1 2
event 113
-4298.52 -3608.34 3912.31 7509.61
10037.8 8760.1 10327.3 17138.9
-1403.05 -3097.89 1561.02 3743.45 -1 1
-2895.47 -510.448 2351.29 3766.17 1 1
5040.59 5506.75 4105.81 8520.6 1 2
4997.24 3253.35 6221.51 8618.3 -1 2
