event 0
-1778.88 -8177.32 -38571.8 39590.5
-6494.56 1924.64 -13350 15287.2
-4890.23 -55.0442 -8476.97 9787.12 -1 2
567.178 -3266.44 -11117 11601.3 1 1
-2346.05 -4910.88 -27454.8 27989.2 -1 1
-1604.33 1979.68 -4873.01 5500.04 1 2
event 1
-8641.66 -3952.1 1782.04 10152
-1793.73 4782.68 -4390.85 7413.61
-4445.81 -3675.83 1335.41 5922.12 1 1
-4195.85 -276.268 446.624 4229.91 -1 1
-1929.78 2396.19 -948.291 3221.21 -1 2
136.052 2386.49 -3442.56 4192.4 1 2
event 2
-1429.91 -5136.44 8478.64 10483.6
13026.8 -2718.44 -53128 54856.7
145.706 -3588.39 6857.29 7741.53 -1 1
-1575.61 -1548.05 1621.36 2742.08 1 1
7228.16 -37.7753 -30407.7 31255.2 -1 2
5798.64 -2680.67 -22720.3 23601.5 1 2
event 3
-7839.36 8700.48 -3509.39 12611.9
5311.1 -258.66 22711 23529.9
-6171.92 4984.99 -3096.53 8517.18 -1 1
-1667.43 3715.49 -412.865 4094.73 1 1
2930.72 693.665 17053 17317.2 -1 2
2380.37 -952.325 5658.05 6212.71 1 2
event 4
272.135 -8380.84 3667.44 9661.97
7782.81 -5789.83 -9332.94 13812.6
3063.7 -1143.2 -1635.7 3657.85 -1 2
799.803 -2037.21 2248.07 3139.25 -1 1
4719.1 -4646.64 -7697.24 10154.8 1 2
-527.668 -6343.63 1419.38 6522.72 1 1
event 5
2325.71 -6188.87 -19677.2 20988
6983.63 14662.7 -63497.5 65614.7
2962.36 -4112.42 -14911.1 15749.2 -1 1
-636.659 -2076.45 -4766.15 5238.73 1 1
3114.79 9842.44 -41526.6 42790.7 1 2
3868.84 4820.24 -21970.9 22824 -1 2
