event 0
-6494.76 6293.1 16308.7 18903.7
-5901.39 4742.72 15176 17240.1
-3215.79 846.337 7748.34 8432.41 1 2
-1157.42 2768.82 6914.47 7538.37 -1 1
-5337.34 3524.28 9394.22 11365.3 1 1
-2685.6 3896.38 7427.69 8807.72 -1 2
event 1
-7252.01 1904.64 28745.9 29868.6
-3650.29 10448.6 -7587.43 13771.7
-4632.03 -310.145 15111.3 15808.6 1 1
-2619.98 2214.78 13634.6 14060 -1 1
-2865.47 8262.43 -4301.88 9746.59 -1 2
-784.822 2186.2 -3285.55 4025.1 1 2
event 2
-2533.17 7013.5 14069.5 16221.8
1364.13 -8512.82 -26650.4 28180.9
-1619.6 3506.65 10257.2 10960.9 1 1
-913.571 3506.86 3812.25 5260.9 -1 1
1583.26 -4484.91 -18275.6 18884.6 -1 2
-219.126 -4027.91 -8374.84 9296.3 1 2
event 3
4611.82 -5639.62 2574.37 8324.2
-8950.64 2254.43 20792.3 22958.8
-4260.87 1287.55 13662.1 14369.3 1 2
2384.25 -1201.74 1972.33 3321.16 -1 1
2227.57 -4437.88 602.037 5003.04 1 1
-4689.77 966.883 7130.24 8589.55 -1 2
event 4
4400.63 10571.7 42631 44250.6
3858.61 7030.82 6113.96 10549.5
263.271 3620.4 2348.19 4324.55 -1 2
129.883 3074.18 14616.8 14937.5 -1 1
4270.75 7497.48 28014.2 29313.1 1 1
3595.34 3410.42 3765.77 6224.92 1 2
event 5
-12590.2 -959.439 -8058.06 15295.7
-5991.8 1273.63 -170.114 6866.23
-7351.41 -732.579 -6455.67 9811.56 -1 1
-5238.8 -226.86 -1602.38 5484.1 1 1
-4415 -363.448 -805.425 4503.8 -1 2
-1576.8 1637.08 635.311 2362.44 1 2
event 6
11880.5 -6865.93 21275 25505
1482.68 -5122.46 2417.77 6623.75
6385.33 -4056.05 14393.3 16260.4 1 1
5495.19 -2809.88 6881.74 9244.57 -1 1
159.428 -3294.22 -20.2339 3299.83 -1 2
1323.25 -1828.24 2438 3323.92 1 2
event 7
2464.18 12350.4 3486.84 13429.6
-18228.3 -3903.68 11883.5 22323.1
-6406.99 -2348.1 5697.48 8890.19 1 2
-246.972 2464.12 1743.71 3030.61 1 1
-11821.3 -1555.58 6186.05 13432.9 -1 2
2711.15 9886.31 1743.13 10399 -1 1
event 8
3962.09 -6398.51 23217.2 24602.2
-4381.04 5082.74 6074.51 9566.47
1218.73 -4816.27 14076 14927.4 1 1
2743.36 -1582.24 9141.2 9674.83 -1 1
-2842.8 991.438 2661.93 4020.14 -1 2
-1538.24 4091.31 3412.58 5546.33 1 2
