event 0
-501.027 -11488.4 12396.1 17189.8
-7636.78 6386.92 -6014.22 12036.4
160.964 -6275.71 4582.49 7773.08 -1 1
-661.99 -5212.65 7813.62 9416.67 1 1
-5624.28 3572.88 -5270.17 8496.11 -1 2
-2012.5 2814.04 -744.052 3540.3 1 2
event 1
2820.74 -8652.71 -14178 17129.9
318.055 9849.51 52358.2 53367.4
3199.09 -5655.2 -8524.3 10718.7 1 1
-378.347 -2997.51 -5653.67 6411.19 -1 1
1511.62 7760.21 38896.3 39691.8 -1 2
-1193.57 2089.3 13461.9 13675.6 1 2
event 2
8759.31 1445.44 27741.2 29291.3
-6435.64 1103.49 -11869.7 13896.6
5145.75 -664.979 16445.1 17244.5 -1 1
3613.56 2110.42 11296.2 12046.9 1 1
-3365.15 2120.17 -6939.15 7998.89 -1 2
-3070.49 -1016.68 -4930.6 5897.76 1 2
event 3
-4729.84 3731.57 6683.34 9515.99
15880.8 5814.27 -31716.6 36076.8
3818.23 1348.13 -5082.47 6499.15 -1 2
-556.63 2058.81 1294.34 2497 -1 1
12062.5 4466.14 -26634.1 29577.7 1 2
-4173.21 1672.76 5389 7018.99 1 1
event 4
-5175.08 -2312.09 18758.9 19839.7
-1879.44 -9543.5 8976.09 13593
142.323 -3337.41 4780.94 5833.28 1 2
-1992.87 638.864 5356.42 5751.7 1 1
-2021.76 -6206.09 4195.15 7759.74 -1 2
-3182.2 -2950.95 13402.4 14088 -1 1
event 5
-4568.79 3876.21 -5971.24 9008.21
-7127.57 8119.92 -3413.92 11746.5
-1669.57 3406.24 -3109.41 4906.06 1 1
-2899.22 469.979 -2861.84 4102.15 -1 1
-5742.13 4300.71 -2126.64 7483.44 1 2
-1385.45 3819.2 -1287.28 4263.1 -1 2
event 6
7554.07 7528.87 -23234 25751.9
3012.35 5837.92 -1642.96 7446.18
1528.01 3882.62 -2474.42 4852.16 1 2
2542.41 4656.35 -11934.9 13061.3 1 1
1484.34 1955.3 831.459 2594.02 -1 2
5011.66 2872.52 -11299.1 12690.5 -1 1
event 7
-12019.3 -18129.6 -12510.7 25283.5
-4984.78 2547.91 -18220.2 19310.8
-10618.3 -14191.9 -9331.19 20031 -1 1
-1401.01 -3937.71 -3179.5 5252.5 1 1
-3075.5 1576.06 -15309.8 15695.3 -1 2
-1909.28 971.846 -2910.42 3615.46 1 2
