event 0
8520.12 -4874.59 6995.03 12444.9
24.6919 10238.6 -2554.91 10997.7
3822.38 -3800.23 2908.6 6125.63 1 1
4697.74 -1074.37 4086.44 6319.27 -1 1
-1322.58 6436.56 -886.867 6631.45 -1 2
1347.27 3802.02 -1668.05 4366.24 1 2
event 1
6552.39 13380.1 2588.2 15435.4
-3355.63 -3489.94 -20703.1 21486
5138.2 7415.33 2231.02 9293.92 1 1
1414.19 5964.79 357.186 6141.45 -1 1
-3041.83 -1212.86 -14610.7 14973.6 -1 2
-313.797 -2277.09 -6092.36 6512.42 1 2
event 2
-8345.76 3248.02 -5220.05 10818.6
6088.91 6949.24 13896.2 16972.4
-6386.83 964.621 -3729.16 7459.21 1 1
-1958.93 2283.4 -1490.89 3359.35 -1 1
4004.59 5194.08 11916.7 13602.7 -1 2
2084.33 1755.16 1979.54 3369.68 1 2
event 3
8983.05 3550.82 -14876.3 18005.6
1102.55 -6811.16 18671.4 20144.9
1803.29 -3680.49 12964.1 13597 1 2
5008.25 384.572 -8162.18 9584.51 -1 1
-700.741 -3130.67 5707.24 6547.97 -1 2
3974.81 3166.24 -6714.16 8421.12 1 1
event 4
13275.2 -1600.97 -23173.7 26933.3
15794.1 -7940.87 5431.18 18751
5239.23 -4290.47 2280.84 7146.4 -1 2
5028.41 -341.599 -5972.34 7815.47 -1 1
10554.9 -3650.4 3150.34 11604.6 1 2
8246.74 -1259.38 -17201.3 19117.8 1 1
event 5
331.43 11364.5 -31347.6 33489.2
4006.9 3255.3 -1290.81 6157.04
-962.21 7139.71 -21991.9 23142.1 1 1
1293.64 4224.74 -9355.71 10347.1 -1 1
3205.78 1149.13 263.842 3417.35 -1 2
801.12 2106.17 -1554.66 2739.68 1 2
event 6
4047.79 -3273.53 9692.7 11429.8
7925.93 -4218.38 11768.6 15123
2921.71 -1318.47 7963.92 8585.45 1 1
1126.08 -1955.06 1728.78 2844.32 -1 1
5157.85 -1107.23 7379.75 9072 1 2
2768.08 -3111.15 4388.83 6050.99 -1 2
event 7
-9912.56 2705.76 -19934.7 22639.9
4555.59 -5060.65 -14240.8 16085.9
-5979.43 2399.81 -9458.17 11444.7 1 1
-3933.13 305.951 -10476.5 11195.2 -1 1
2363.97 -1474.8 -8666.88 9104.36 -1 2
2191.61 -3585.84 -5573.95 6981.51 1 2
event 8
11380.9 -2610.22 -17454.5 21227.1
215.904 -8032.68 -30438.9 31633.6
1378.12 -3849.07 -17984.4 18443.5 1 2
2059.72 -1375.73 -2239.28 3340.75 1 1
9321.17 -1234.5 -15215.2 17886.3 -1 1
-1162.21 -4183.61 -12454.5 13190.1 -1 2
event 9
5692.45 2934.48 4858.63 8614.67
-6313.47 -4056.47 6756.08 10749.2
-1822.72 -3267.61 3672.72 5244 1 2
871.291 1990.91 1825.61 2840.23 -1 1
4821.16 943.569 3033.02 5774.45 1 1
-4490.76 -788.867 3083.36 5505.22 -1 2
event 10
5521.88 4564.32 16665.5 18402.6
-5607.37 -13384.5 -56669 58579.5
3726.33 1749.21 11822.8 12519.3 1 1
1795.55 2815.11 4842.77 5883.24 -1 1
-4267.26 -6628.94 -27475 28583.9 1 2
-1340.12 -6755.61 -29194 29995.6 -1 2
