event 0
2766.31 -3814.84 -6128.05 8327.63
-13752.6 -10995.5 1963.04 17985.5
2809.93 -1612.24 -4666.47 5681.74 -1 1
-43.6201 -2202.61 -1461.58 2645.89 1 1
-9077.77 -8532.54 364.689 12464.1 -1 2
-4674.81 -2463 1598.36 5521.42 1 2
event 1
-2005.53 -14562.1 5345.91 15945.1
3236.94 3493.23 -3906.58 6894.39
2969.71 1115.81 -2890.36 4292.97 1 2
-610.461 -4763.62 244.632 4809.96 1 1
267.227 2377.42 -1016.22 2601.42 -1 2
-1395.06 -9798.52 5101.28 11135.1 -1 1
event 2
311.237 -4507.75 428.589 5847.04
-38722.5 -12651.3 48365.4 63342.6
-1550.44 -3062.22 580.887 3482.77 -1 1
1861.68 -1445.53 -152.298 2364.27 1 1
-22403.3 -9045.39 29762.9 38335 1 2
-16319.2 -3605.92 18602.5 25007.7 -1 2
event 3
6142.83 9028.88 58997 60079
-5287.21 -933.127 -9482.61 11328.6
-3921.52 638.238 -5018.48 6401.72 1 2
1563 5008.63 28435.7 28915.9 -1 1
-1365.69 -1571.37 -4464.13 4926.86 -1 2
4579.83 4020.25 30561.3 31163.1 1 1
