event 0
-11679.4 -4029.68 -23584.4 26804.2
-8887.15 -852.009 -21883.7 23836.8
-3771.8 -1176.79 -12914.5 13505.8 -1 2
-2595.93 -292.818 -7660.39 8094.28 -1 1
-9083.45 -3736.86 -15924.1 18709.9 1 1
-5115.35 324.784 -8969.12 10331 1 2
event 1
6102.35 8144.25 49700.7 50826.4
-960.855 5294.77 7530.58 9760.03
4806.69 3938.37 30628 31252.2 1 1
1295.67 4205.88 19072.7 19574.1 -1 1
604.904 3538.87 3109.08 4750.48 -1 2
-1565.76 1755.89 4421.5 5009.55 1 2
event 2
5709.42 -3268.08 388.042 7281.66
5643.21 11517.6 4762.63 14027.6
4144.32 -1332.27 -945.054 4455.85 -1 1
1565.1 -1935.81 1333.1 2825.81 1 1
1466.73 6491.75 2262.8 7030.33 -1 2
4176.48 5025.84 2499.83 6997.31 1 2
event 3
4788.07 1491.99 4988.67 7721.99
13688.1 -4934.01 14579 20829
2345.28 1937.18 4048.08 5064.69 1 1
2442.78 -445.188 940.588 2657.3 -1 1
7719.58 -3463.55 6463.98 10648.1 1 2
5968.53 -1470.46 8115.05 10180.9 -1 2
event 4
-8694.72 4200.55 -14731.5 17884.4
10737.9 8709.51 20396.6 24834.9
3336.08 4078.06 5893.98 7906.33 1 2
-3432.56 546.576 -3379.82 4849.28 1 1
7401.84 4631.46 14502.7 16928.6 -1 2
-5262.16 3653.98 -11351.7 13035.1 -1 1
event 5
7657.93 -4976.2 -648.053 9665.28
3468.19 -5810.86 1834.28 7664.84
896.238 -3614.22 2089.62 4271.25 1 2
3196.41 -3077.42 -1609.19 4721.04 -1 1
2571.95 -2196.63 -255.348 3393.59 -1 2
4461.52 -1898.78 961.138 4944.24 1 1
event 6
1477.18 -8123.05 7102.07 11322.4
4319.06 9202.76 41913 43239.3
2567.83 3264.61 12203.3 12891.2 1 2
936.741 -3602.05 5179.35 6378.8 1 1
1751.23 5938.15 29709.7 30348.1 -1 2
540.442 -4521 1922.72 4943.64 -1 1
event 7
-7524.35 14228.6 12616.2 20684.1
-2239.58 4739.79 -1905.08 6379.86
51.7097 3416.37 -1342.91 3672.71 1 2
-1491.2 6020.3 4722.5 7796.21 1 1
-2291.29 1323.42 -562.179 2707.15 -1 2
-6033.15 8208.31 7893.74 12887.9 -1 1
