event 0
-1840.19 16552.9 -32597.7 36736.7
-5850.56 -2497.38 24065.2 25083.7
-962.34 9398.24 -21732.8 23697.7 1 1
-877.852 7154.64 -10864.9 13039 -1 1
-3869.87 -22.3521 12031.9 12639.4 -1 2
-1980.69 -2475.03 12033.3 12444.3 1 2
event 1
-11935.4 3699.34 10986.6 16924.4
5809.75 7457.26 47185.1 48222.3
-5876.66 2996.19 4308.72 7879.62 -1 1
-6058.7 703.153 6677.88 9044.75 1 1
5570.81 5159.55 34206.1 35038.9 -1 2
238.942 2297.72 12979 13183.4 1 2
event 2
962.488 6985.7 5477.36 9450.87
-5739.41 5585.55 5012.64 9942.67
-2932.9 820.627 1990.44 3639.83 1 2
569.852 2636.15 360.846 2723.12 1 1
-2806.51 4764.92 3022.19 6302.84 -1 2
392.636 4349.55 5116.51 6727.75 -1 1
event 3
4999.1 9224.46 21222.4 23875.9
4221.27 2499.87 18178.8 19082.1
3954.75 4860.46 14457.8 15757.6 1 1
1044.35 4364 6764.65 8118.3 -1 1
3557.78 397.557 11861.2 12390.1 -1 2
663.489 2102.31 6317.57 6692 1 2
event 4
-9926.79 2915.64 -3264.25 11282.2
4175.98 -8876.39 -12791.6 16414.6
-4622.89 2904.9 -1209.2 5593.11 -1 1
-5303.9 10.7391 -2055.05 5689.1 1 1
2158.66 -5085.42 -4702.71 7255.89 -1 2
2017.32 -3790.97 -8088.9 9158.74 1 2
event 5
-124.066 9519.14 1942.59 10197.7
-4896.52 -4606.76 -10768.4 13067.1
1054.45 5593.36 2167.07 6091.38 -1 1
-1178.52 3925.78 -224.486 4106.37 1 1
-2966.22 -828.853 -5474.04 6281.86 -1 2
-1930.31 -3777.9 -5294.34 6785.26 1 2
event 6
-5210.02 5431.86 13148.9 15464
9571.94 86.7473 14796 17892.5
-2856.8 3192.38 10246.2 11106.2 -1 1
-2353.21 2239.49 2902.72 4357.74 1 1
7329.74 1395.94 10989.2 13283.3 -1 2
2242.21 -1309.2 3806.8 4609.16 1 2
event 7
-6883.15 -6102.39 24590.6 26436.8
-10057 5826.39 -28604.8 31030.8
-7306.08 4790.63 -17739.4 19774.4 1 2
-4003.07 -1505.68 10549.7 11384.1 -1 1
-2750.88 1035.77 -10865.4 11256.5 -1 2
-2880.08 -4596.71 14040.9 15052.7 1 1
