event 0
-4427.34 3535.34 -6186.26 8942.08
-17102.5 2222.66 -1038.94 17666.4
-2169 2423.92 -5396.7 6302.02 1 1
-2258.34 1111.42 -789.565 2640.06 -1 1
-10267.2 3141.78 -702.675 10760.6 -1 2
-6835.32 -919.124 -336.268 6905.84 1 2
event 1
3195.09 -3834.6 -13815.6 15012.5
5177.62 10356.1 29595.6 31930.3
3194.79 -1594.36 -7420.38 8235.41 -1 1
0.293162 -2240.25 -6395.26 6777.11 1 1
1498.41 6007.19 13393.2 14755.4 -1 2
3679.2 4348.9 16202.4 17174.9 1 2
event 2
4529.37 -3179.05 223.872 6345.25
-2419.58 11327.6 -7861.56 14337.5
3433.27 -567.582 407.043 3505.19 -1 1
1096.1 -2611.47 -183.171 2840.06 1 1
4.36389 6092.91 -5074.25 7929.86 -1 2
-2423.95 5234.66 -2787.32 6407.61 1 2
event 3
-2492.18 5845.41 4598.42 8433.06
-7062.83 -4734.82 30093.9 31425.1
-3745.16 -864.832 10614.9 11289.9 -1 2
-2082.48 1453.81 2431.86 3517.87 1 1
-3317.68 -3869.99 19479 20135.2 1 2
-409.703 4391.6 2166.55 4915.19 -1 1
event 4
-7188.46 1155.08 -882.607 7961.03
-1959.74 -7408.39 17519.7 19371.6
-2613.92 -5294.97 14216.8 15394.8 1 2
-3520.56 -982.26 -220.291 3663.18 -1 1
654.18 -2113.42 3302.91 3976.8 -1 2
-3667.9 2137.34 -662.316 4297.85 1 1
event 5
-11658.4 2258.6 -11276.1 16666.2
-2587.38 4315.62 -5185.18 7861.11
-37.4545 3053.28 -2860.42 4185.34 1 2
-6013.06 -260.288 -6452.38 8824.35 1 1
-2549.92 1262.34 -2324.76 3675.77 -1 2
-5645.36 2518.89 -4823.73 7841.84 -1 1
event 6
-2144.09 -10670.2 -29434.8 31534.9
-5816.61 170 -2373.45 7006.14
-238.995 -7877.48 -19165.4 20722.8 1 1
-1905.09 -2792.72 -10269.4 10812.1 -1 1
-1851.2 1450.69 -1350.12 2713.93 -1 2
-3965.41 -1280.69 -1023.33 4292.21 1 2
event 7
-8988.01 1502.66 -1727 9778.27
-6959.16 -3620.4 -33005.5 34066
-5635.31 1016.6 458.148 5745.54 1 1
-3352.7 486.063 -2185.14 4032.72 -1 1
-4579.33 -3829.66 -25455 26145.9 -1 2
-2379.82 209.258 -7550.52 7920.15 1 2
event 8
-6835.55 -3268.54 -44570.9 45316.2
7269.58 -2725.51 720.78 8389.62
4467.68 -1064.09 -1003.86 4702.27 1 2
-3920.99 -223.792 -19261 19657.6 -1 1
2801.9 -1661.42 1724.64 3687.34 -1 2
-2914.56 -3044.75 -25309.9 25658.6 1 1
