event 0
12401.3 -20663.3 -70476.6 74547.4
52.7549 -14407.5 -17979.7 23247.4
-892.853 -6158.5 -9671.06 11500.6 -1 2
2093.26 -3300.88 -15312.5 15803.9 -1 1
10308 -17362.4 -55164.1 58743.5 1 1
945.607 -8249.02 -8308.65 11746.7 1 2
event 1
2668.72 12626.6 -55653.2 57213.9
-114.837 5420.48 2216.22 6625.51
1188.63 3633.87 571.213 3867.21 1 2
-462.703 4980.24 -20180.2 20791.1 -1 1
-1303.47 1786.6 1645 2758.29 -1 2
3131.43 7646.35 -35473 36422.8 1 1
event 2
-3084.35 -6073.58 -2499.16 7889.14
4741.18 9698.86 -49926.3 51173.9
-3319.11 -3283.88 -1768.12 4993.78 1 1
234.762 -2789.7 -731.039 2895.37 -1 1
4074.77 4898.29 -27233.9 27969.5 -1 2
666.402 4800.58 -22692.4 23204.4 1 2
event 3
13995.1 10595.3 -161.911 17825.3
15105.4 -7171.55 11299.9 20417.7
13819.4 -5488.04 10165.5 18012.3 1 2
4869.78 3140.98 1333.66 5947.29 1 1
1286.01 -1683.51 1134.35 2405.4 -1 2
9125.35 7454.28 -1495.57 11878 -1 1
event 4
-443.111 10462 -8423.26 13791
-3866.61 -3827.37 -909.561 6326.02
-1105.01 5301.71 -5894.81 8005.57 1 1
661.898 5160.3 -2528.45 5785.42 -1 1
-2191.39 -2514.98 979.798 3478.29 -1 2
-1675.22 -1312.39 -1889.36 2847.73 1 2
event 5
1675.17 -3852.47 14499.8 15410.5
5688.56 7949.38 36394.3 37811.3
2438.35 -1819.65 8318.94 8858.48 1 1
-763.178 -2032.82 6180.9 6552.06 -1 1
3404.68 3779.31 13470.5 14399.4 -1 2
2283.88 4170.07 22923.8 23411.9 1 2
event 6
3801.18 -7246.08 12706.3 15427.1
4172.92 -6551.55 -28881.2 30067.5
3382.18 -3178.75 6286.61 7815.12 -1 1
418.998 -4067.33 6419.7 7612 1 1
2467.48 -4198.53 -12232.5 13166.7 -1 2
1705.43 -2353.03 -16648.7 16900.8 1 2
event 7
-9578.86 -991.116 24299.7 26321.1
5153.7 775.472 9731.47 11465.3
2873.75 891.674 2604.63 3981.05 1 2
-4420.97 -1080.41 7775.38 9010 1 1
2279.95 -116.202 7126.84 7484.3 -1 2
-5157.89 89.2917 16524.3 17311.1 -1 1
event 8
-6177.9 -1598.96 13053.8 14856.5
-9208.66 -7631.71 46343 47961.5
-2742.14 -2242.45 7469.44 8267.5 -1 1
-3435.77 643.494 5584.32 6588.96 1 1
-5491.66 -5273.18 23658.4 24853.5 1 2
-3717 -2358.53 22684.6 23108 -1 2
