event 0
-7783.19 1863.21 27571 28875.6
-3761.76 -5014.91 -1006.51 7064.29
-1794.06 -4402.54 -1413.87 4960.97 -1 2
-2835.83 2244.15 11494.8 12050.7 1 1
-4947.36 -380.94 16076.2 16824.9 -1 1
-1967.7 -612.365 407.363 2103.32 1 2
event 1
5243.39 4501.89 -6911.08 10252.5
-10372.3 -5759.56 -14921.4 19313.1
-2157.82 -2734.86 -4784.01 5918.91 -1 2
1357.88 3184.74 -3354.03 4821.53 -1 1
-8214.51 -3024.71 -10137.4 13394.2 1 2
3885.51 1317.14 -3557.05 5431 1 1
event 2
6721.92 -2176.76 664.912 7743.11
2605.99 -11769 -4199.84 13135.1
-593.557 -3323.39 -704.391 3450.3 -1 2
2092.24 575.205 -505.667 2230.51 1 1
3199.55 -8445.66 -3495.45 9684.81 1 2
4629.68 -2751.96 1170.58 5512.59 -1 1
event 3
-18167.8 -291.694 38844 42995.3
3383.94 4170.84 -22221.1 23069.7
770.446 3332.59 -11169.2 11681.7 1 2
-3853.77 1193.16 8086.52 9037.6 1 1
2613.5 838.253 -11051.9 11388.1 -1 2
-14314.1 -1484.85 30757.4 33957.7 -1 1
