event 0
3915.69 -3648.76 -20469 21382.6
-6984.15 6375.22 -2650.67 10297.5
1631.08 -2939.78 -7878.28 8566.29 1 1
2284.62 -708.98 -12590.7 12816.3 -1 1
-4556.61 2068.62 -1284.57 5167.51 -1 2
-2427.55 4306.6 -1366.1 5130.03 1 2
event 1
-2592.16 6408.76 -1538.89 7729.8
-6875.59 -6866.39 -13925.1 17260.4
-2031.96 3288.31 -2257.06 4477.42 1 1
-560.199 3120.45 718.166 3252.38 -1 1
-4306.25 -3397.04 -5367.92 7675.24 -1 2
-2569.34 -3469.35 -8557.23 9585.16 1 2
event 2
5565.05 -3125.68 13512.9 15262
-896.396 7259.52 -2324.56 8276.4
-1769.44 2569.88 -1375.73 3411.6 1 2
2105.04 385.566 3568.98 4162.77 1 1
3460.02 -3511.25 9943.94 11099.3 -1 1
873.043 4689.64 -948.828 4864.81 -1 2
event 3
-6233.87 -4848.18 -5984.85 10381.5
7602.86 2665.53 -16905.2 18981.1
4760.38 1258.34 -6847.53 8434.72 1 2
-2937.88 -1640.57 -820.215 3465.04 1 1
2842.48 1407.19 -10057.6 10546.4 -1 2
-3295.99 -3207.61 -5164.63 6916.43 -1 1
event 4
-5939.19 6450.37 -16954.2 19337
6191.11 3587.03 15190.5 17074.5
4601.45 1177.58 7716.33 9061.62 1 2
-2508.24 3366.52 -5039.59 6559.98 -1 1
1589.67 2409.45 7474.18 8012.93 -1 2
-3430.95 3083.85 -11914.6 12777 1 1
event 5
6850.7 12941.3 43543.1 46043.5
6017.19 -4402.43 16248.1 18143.3
3200.41 -2617.7 12286.9 12964.3 1 2
3275.63 6435.48 16744.9 18235.9 -1 1
2816.77 -1784.73 3961.21 5178.98 -1 2
3575.07 6505.82 26798.2 27807.6 1 1
event 6
-2163.96 16130.1 -14028.4 21708.3
-4601.63 3574.62 12316 13972.4
-2411.51 3667.28 7777.53 8931.15 1 2
-2007.66 5263.83 -3902.49 6854.14 -1 1
-2190.12 -92.664 4538.48 5041.25 -1 2
-156.307 10866.3 -10125.9 14854.2 1 1
event 7
-5934.04 4209.13 22694.1 24032.1
-18637.1 -3941.59 27011 33197.4
-3400.48 3984.35 17130.1 17913.4 -1 1
-2533.56 224.781 5564 6118.72 1 1
-10226.5 -1211.77 12403.9 16122 -1 2
-8410.68 -2729.83 14607.1 17075.4 1 2
event 8
4633.62 9210.36 -7716.79 13245.4
-906.429 -13929.8 -22434.3 26603.6
704.881 -3613.08 -4157.6 5554.1 1 2
-78.7529 2787.08 -2227.52 3570.3 1 1
-1611.31 -10316.7 -18276.7 21049.5 -1 2
4712.37 6423.27 -5489.28 9675.14 -1 1
event 9
3609.48 7915.23 17887.1 20130
5350.19 2818.33 14148.7 15695.3
3345.28 3703.98 10367.8 11507 1 1
264.193 4211.25 7519.31 8622.98 -1 1
2972.16 2946.35 6963.27 8124.84 -1 2
2378.04 -128.018 7185.39 7570.5 1 2
event 10
10124.3 -6965.39 20706 24276.5
-8015.46 1742.89 15655.7 17943.7
8003.13 -3982.84 15813 18165.2 1 1
2121.18 -2982.55 4893.09 6111.34 -1 1
-1870.98 1127.58 2031.42 2984.93 -1 2
-6144.48 615.311 13624.2 14958.7 1 2
event 11
14309.8 -8054.85 10821.9 19908.6
6229.25 758.288 -646.567 7027.68
3889.97 851.171 1067.81 4124.05 1 2
5206.96 -2900.21 5750.7 8282.83 -1 1
2339.28 -92.8827 -1714.38 2903.63 -1 2
9102.8 -5154.64 5071.2 11625.8 1 1
event 12
7866.73 2931.88 -4763.18 10137.1
-4400.42 4658.3 21022.6 22194.6
-2032.19 4224.86 14615 15348.9 -1 2
3791.51 -154.027 -1562.99 4105.28 -1 1
4075.22 3085.91 -3200.2 6031.81 1 1
-2368.23 433.445 6407.51 6845.71 1 2
event 13
8282.29 -6543.25 -856.128 11212.9
3567.23 -3590.19 -1605.41 6146.77
1599.25 -3042.68 162.999 3442.85 1 2
3986.72 -2177.21 1287.96 4722.73 -1 1
1967.98 -547.506 -1768.41 2703.91 -1 2
4295.58 -4366.04 -2144.09 6490.19 1 1
event 14
-3874.26 4300.93 -14273.7 15711
6506.9 -8777.91 62142.7 63172
-3234.39 1395.46 -6637.18 7514.78 1 1
-639.867 2905.47 -7636.48 8196.23 -1 1
4838.83 -3988.91 35842.5 36387.1 -1 2
1668.08 -4789.01 26300.3 26784.9 1 2
event 15
4511.17 -10899.3 -24297.1 27186.2
882.061 5311.75 -11858.9 13387.2
2954.81 -6644.37 -11462.5 13574.9 -1 1
1556.36 -4254.94 -12834.7 13611.3 1 1
2036.72 3077.84 -6866.96 7796.64 -1 2
-1154.66 2233.91 -4991.97 5590.58 1 2
event 16
4344.1 4184.58 -6301.49 9256.44
5598.23 9314.17 -2266.2 11524.8
2571.17 1945.76 -1264.25 3465.02 1 1
1772.94 2238.82 -5037.24 5791.42 -1 1
3846.32 4687.4 -2526.13 6569.5 -1 2
1751.91 4626.77 259.926 4955.29 1 2
event 17
-10119.7 -409.785 -1679.51 10908
13045 -4594.94 11554.6 18286.2
-5556.93 1425.32 -90.1528 5738.49 1 1
-4562.76 -1835.11 -1589.36 5169.49 -1 1
6729.12 -3584.82 7598.3 10764.6 1 2
6315.84 -1010.12 3956.26 7521.53 -1 2
event 18
184.104 6336.96 22369.6 23456
-1049.41 7819.56 -11113.9 13977
-953.192 3045.07 -2242.57 3901.45 -1 2
-1339.25 1739.17 6330.45 6701.05 -1 1
1523.36 4597.79 16039.2 16754.9 1 1
-96.2175 4774.49 -8871.31 10075.5 1 2
event 19
6637.74 -1769.48 2182.77 7845.14
6890.6 -8239.12 -3829.7 11816.1
3516.39 -1344.39 -376.698 3784.9 -1 1
3121.34 -425.087 2559.47 4060.24 1 1
4232.06 -3638.43 -3276.79 6472.79 1 2
2658.55 -4600.69 -552.907 5343.32 -1 2
event 20
-12180.8 -4703.54 12726.9 18494.9
4078.4 2539.89 -738.522 5763.73
3112.93 753.373 690.846 3278.16 1 2
-4465.34 -982.087 2716.41 5319.19 1 1
965.471 1786.52 -1429.37 2485.57 -1 2
-7715.49 -3721.45 10010.5 13175.7 -1 1
event 21
6925.77 96.6341 1000.37 7652.9
-16186.7 -731.69 82942.6 84567.2
5222.95 -1016.13 1550.16 5543.09 1 1
1702.82 1112.76 -549.793 2109.81 -1 1
-9521.77 719.55 43150.1 44194.2 -1 2
-6664.98 -1451.24 39792.5 40373 1 2
event 22
5906.01 -6887.36 -20023.7 22200.3
3033.73 7737.38 -2199.94 9137.89
3443.37 -3163.48 -13560.3 14344.2 1 1
2462.63 -3723.89 -6463.36 7856.09 -1 1
2321.93 5663.18 -133.779 6123.07 -1 2
711.796 2074.2 -2066.16 3014.82 1 2
event 23
-8358.77 6512.38 -19998.7 22843.2
5833.98 -3325.14 -4212.85 8510.61
2195.79 -2987.6 -1737.67 4096.08 1 2
-3846.88 1128.16 -6991.61 8060.09 -1 1
3638.19 -337.538 -2475.19 4414.53 -1 2
-4511.89 5384.22 -13007.1 14783.2 1 1
event 24
3711.26 -3682.4 -11998.9 13449.9
-5796.72 -7790.75 -33046.6 34582.8
3457.84 -1492.48 -8699.23 9480.08 1 1
253.415 -2189.92 -3299.7 3969.78 -1 1
-2241.04 -4809.24 -13820.9 14804.7 1 2
-3555.68 -2981.51 -19225.7 19778 -1 2
event 25
4431.3 -4765.07 4692.27 8599.45
11853.5 2709.41 140.922 12548.2
4399.51 256.525 1344.05 4608.6 -1 2
2256.42 -547.526 790.26 2454.97 1 1
7454.02 2452.89 -1203.13 7939.63 1 2
2174.88 -4217.54 3902.01 6144.48 -1 1
event 26
-8953.43 3786.6 -26628.5 28516.2
-11187.2 4196.04 -11479.3 16856
-5016.07 311.661 -4176.41 6535.42 -1 2
-1593.65 1542.39 -3536.22 4175.49 1 1
-7359.78 2244.21 -23092.3 24340.7 -1 1
-6171.08 3884.38 -7302.93 10320.6 1 2
event 27
-23566.9 -5574.19 20418 31827
-161.346 -5285.33 3630.69 7122.75
1403.77 -3368.71 2191.17 4258.07 1 2
-10143.2 -3796.28 8148.35 13553.7 -1 1
-1565.11 -1916.62 1439.52 2864.68 -1 2
-13423.8 -1777.91 12269.6 18273.3 1 1
event 28
-2562.11 6685.07 -1075.93 7874.21
-2979.41 -6160.27 -17143.1 18716.4
-240.851 4770.13 -871.596 4856.24 -1 1
-2321.26 1914.94 -204.33 3017.97 1 1
-1054.96 -2074.95 -9976.26 10244.8 -1 2
-1924.45 -4085.32 -7166.85 8471.61 1 2
event 29
823.958 6860.63 -15968.8 17673.2
-836.521 -6314.91 17503.1 18882
-634.836 4124.27 -11489.2 12223.9 1 1
1458.79 2736.37 -4479.61 5449.21 -1 1
916.714 -4137.88 11576.7 12328.5 -1 2
-1753.24 -2177.02 5926.48 6553.44 1 2
event 30
6269.37 -7502.64 31878.5 33487.6
2030.36 8755.73 494.098 9519.45
1811.13 4185.99 -1065.1 4684.91 1 2
2964.74 -1419.35 11756 12207.3 -1 1
3304.63 -6083.28 20122.5 21280.3 1 1
219.229 4569.74 1559.2 4834.55 -1 2
event 31
626.432 -4637.57 -15948.8 16907.2
-2440.21 14009.4 75739.9 77125.4
-984.309 -3441.12 -9486.19 10139.5 1 1
1610.74 -1196.45 -6462.57 6767.72 -1 1
241.698 7508.96 40340 41033.7 -1 2
-2681.91 6500.41 35399.9 36091.7 1 2
event 32
-8095.34 3713.12 26207.9 27852.6
8336.94 2132.29 16614.3 18965.2
6347.07 262.552 10581.2 12342.1 1 2
-2391.21 2701.64 11078.7 11651.8 1 1
1989.87 1869.74 6033.16 6623.12 -1 2
-5704.13 1011.48 15129.2 16200.8 -1 1
event 33
-7034.2 -18.9086 -5976.43 9735.94
-4945.42 -5327.22 25821.2 27003
-3037.59 -1335.88 13783.2 14177.4 -1 2
-2511.4 -1461.28 -2691.41 3961.99 1 1
-4522.79 1442.37 -3285.02 5773.96 -1 1
-1907.84 -3991.34 12038 12825.6 1 2
event 34
6109.52 -536.387 -1905.15 7129.83
-10411.6 -11734 15408.4 22205.8
4171.03 786.536 -2165.47 4766.19 1 1
1938.49 -1322.92 260.322 2363.64 -1 1
-5680.75 -7227.24 10937.9 14288.2 -1 2
-4730.86 -4506.79 4470.5 7917.62 1 2
event 35
7269.19 635.65 2451.26 8297.28
585.258 -7635.02 -11017.4 13769.9
980.994 -3520.48 -2924.53 4681.9 -1 2
1925.46 1409.12 1481.28 2810.41 -1 1
5343.73 -773.475 969.98 5486.87 1 1
-395.735 -4114.55 -8092.83 9087.97 1 2
event 36
-3939.67 -6716.32 9216.12 12456.2
4583.02 -5647.11 24853.9 26080.7
3151.5 -1592.98 9492.47 10128.6 -1 2
-2829.39 -1920.21 4341.46 5527.39 1 1
-1110.29 -4796.12 4874.66 6928.85 -1 1
1431.52 -4054.12 15361.4 15952.1 1 2
event 37
-5474.06 -4206.66 15810.5 17527.7
-3766 5567.67 25964.3 26998.4
-3549.46 2547.55 15528.3 16131.5 1 2
-3194.92 -582.08 7653.6 8314.75 -1 1
-216.544 3020.12 10436 10866.9 -1 2
-2279.15 -3624.58 8156.9 9212.94 1 1
