event 0
-5461.7 3176.55 -10081.6 12294.3
24428.1 212.196 -7833.1 25840.3
-2378.96 2542.65 -7316.94 8103.9 -1 1
-3082.74 633.9 -2764.68 4190.44 1 1
12990 -1185.07 -5031.35 13981.1 1 2
11438.1 1397.26 -2801.75 11859.3 -1 2
event 1
-7126.81 2212.31 -21392.8 22867.6
-1910.05 9272.46 -31896 33415.1
688.932 4228.94 -13770.7 14422.3 -1 2
-1550.11 1407.37 -3230.18 3850.81 -1 1
-2598.98 5043.52 -18125.2 18992.8 1 2
-5576.7 804.944 -18162.6 19016.8 1 1
event 2
-15608.3 4197.84 33103.4 36968.5
5855.67 -20877 -35160 41424.1
-10591.5 1971.61 19127.9 21953.5 1 1
-5016.8 2226.23 13975.5 15015 -1 1
4752.91 -18693.1 -32619.9 37895.8 -1 2
1102.76 -2183.95 -2540.13 3528.34 1 2
event 3
-4518.2 2217.65 28868.7 29467.4
-9190.9 -8971.22 71943.7 73146.8
-2168.06 2729.44 16034.4 16409.3 -1 1
-2350.14 -511.792 12834.3 13058.1 1 1
-6096.32 -3841.16 37643.3 38326.9 1 2
-3094.57 -5130.05 34300.4 34819.9 -1 2
event 4
3551.93 -5974.38 7976.1 11023.5
1788.68 11886.7 -7825.84 14674
2660.01 -2703.05 5996.31 7095.71 1 1
891.912 -3271.33 1979.78 3927.82 -1 1
2321.8 6972.94 -3668.89 8214.9 -1 2
-533.119 4913.72 -4156.94 6459.12 1 2
