event 0
-5834.69 -9130.43 -11644.1 16204.4
-2587.76 5037.62 -20596.5 21584.2
-386.816 3260.41 -7541.79 8226.15 1 2
-3598.32 -2937.65 -5478.22 7183.3 1 1
-2200.95 1777.21 -13054.7 13358.1 -1 2
-2236.37 -6192.78 -6165.86 9021.13 -1 1
event 1
-3328.42 -5764.45 5839.44 9380.69
1180.84 -9083.43 -27989.9 29613
-2949.84 -3520.31 5347.46 7049.86 -1 1
-378.585 -2244.15 491.985 2330.82 1 1
-433.443 -4695.76 -17563.7 18186.1 -1 2
1614.29 -4387.67 -10426.2 11426.9 1 2
event 2
-5170.55 -936.459 -5384.95 8136.36
-5056.1 7078.25 42346.7 43341.6
-3384.83 -2003.12 -4132.86 5706.25 1 1
-1785.72 1066.66 -1252.1 2430.12 -1 1
-1528.8 4786.15 23037.9 23579.7 1 2
-3527.31 2292.09 19308.7 19761.9 -1 2
event 3
1173.53 8401.29 -170.654 9032.17
1413.45 6728.33 -3886.25 8483.16
1067.86 5161.45 -1568.9 5500.32 1 1
105.675 3239.84 1398.25 3531.85 -1 1
1663.09 2317.61 -2648.71 3894.1 -1 2
-249.64 4410.72 -1237.54 4589.05 1 2
event 4
1300.33 7935.19 311.715 8622.43
-7003.32 2901.5 824.593 8230.19
-2645.22 1606.8 -1107.93 3289.03 -1 2
-1009.61 2641.58 300.248 2845.79 -1 1
2309.95 5293.61 11.4668 5776.63 1 1
-4358.1 1294.69 1932.52 4941.16 1 2
