event 0
-6044.43 4392.1 15085.6 17117
-6179.58 3352.81 18269.4 19819
-3982.55 1600.17 7067.18 8269.06 -1 2
-2203.49 2040.15 9366.33 9836.51 -1 1
-3840.93 2351.95 5719.26 7280.49 1 1
-2197.03 1752.64 11202.3 11549.9 1 2
event 1
-6538.19 8690.62 37613.9 39276.9
5295.92 10625.9 29658.8 32096.6
986.467 5393.79 12755 13884.1 1 2
-1423.22 4192.25 12782.1 13527.5 -1 1
-5114.97 4498.36 24831.9 25749.4 1 1
4309.46 5232.07 16903.7 18212.5 -1 2
event 2
-4904.09 5604.21 4292.92 9136.58
6593.46 6188 -12697.8 15893.1
2687.78 3542.93 -3926.97 5933.7 -1 2
-95.0205 2094.92 910.492 2288.64 1 1
-4809.07 3509.29 3382.43 6847.94 -1 1
3905.68 2645.07 -8770.82 9959.38 1 2
event 3
26.7585 9585.46 -9900.91 14124.5
5689.78 2046.8 6818.49 9625.29
-1407.09 4946.9 -4243.18 6668.39 1 1
1433.85 4638.56 -5657.73 7456.08 -1 1
4309.98 566.352 2938.94 5248.35 -1 2
1379.8 1480.44 3879.55 4376.94 1 2
event 4
434.775 10918.7 -21087.7 24035
19896.9 -4641.96 28385.9 35111
8193.65 -370.496 10974.7 13701.4 1 2
1327.07 2243.1 -6949.83 7423.2 -1 1
11703.2 -4271.46 17411.2 21409.6 -1 2
-892.292 8675.57 -14137.8 16611.8 1 1
