event 0
-12555.1 133.807 26878.6 29827.8
-3727.73 -7342.33 -18224.2 20236.5
-991.466 -5003.14 -9190.79 10511.7 -1 2
-4260.37 215.222 6009.95 7370.74 1 1
-8294.73 -81.4146 20868.6 22457 -1 1
-2736.26 -2339.2 -9033.37 9724.81 1 2
event 1
4780.83 3036.94 14001.6 15418
-1582.97 -8925.54 9230.86 13303
1874.19 2980.3 8323.49 9038.05 1 1
2906.64 56.6495 5678.07 6379.93 -1 1
335.378 -4705.32 3224.44 5714.95 -1 2
-1918.35 -4220.22 6006.42 7588.06 1 2
event 2
6279.47 1638.93 2641.41 7660.74
10147.2 4302.71 25887.2 28305.8
4087.59 227.322 10600.8 11364.3 1 2
2087.12 1821.37 1990.95 3412.99 -1 1
6059.62 4075.38 15286.4 16941.4 -1 2
4192.35 -182.44 650.459 4247.74 1 1
event 3
9001.57 1785.11 -4117.94 10524.4
6477.49 -2068.32 5208.49 9107.99
5461.55 2173.98 -3676.75 6934.29 1 1
3540.02 -388.866 -441.191 3590.09 -1 1
2261.77 488.748 2755.81 3600.02 -1 2
4215.73 -2557.06 2452.68 5507.97 1 2
event 4
10.2404 10503.4 -42711.7 44093.1
6639.86 -2488.18 -5167 9304.19
679.268 6728.78 -32225.2 32927.3 -1 1
-669.027 3774.67 -10486.5 11165.7 1 1
2470.92 -2527.36 -1958.01 4042.02 -1 2
4168.94 39.1782 -3208.99 5262.17 1 2
event 5
2585.89 -6974.73 -791.031 8096.32
-4594.58 -2726.37 -370.814 6186.41
-4035.73 -763.778 5.33937 4108.73 -1 2
-295.92 -3151.45 310.878 3182.3 -1 1
2881.81 -3823.28 -1101.91 4914.03 1 1
-558.849 -1962.59 -376.154 2077.67 1 2
event 6
-18104.4 5043.4 -3304.26 19331.7
4221.63 2534.66 590.243 5846.91
3136.59 394.189 -511.63 3204.14 1 2
-7549.41 550.756 -1534.05 7724.08 -1 1
1085.03 2140.47 1101.87 2642.77 -1 2
-10555 4492.64 -1770.21 11607.6 1 1
event 7
8526.63 -400.73 -5012.19 10371.9
13141 -6912.6 4860.14 15927.5
5071.74 -1664.7 2996.73 6122.52 1 2
2949.47 -937.08 -3269.93 4503.45 -1 1
8069.25 -5247.9 1863.42 9804.93 -1 2
5577.16 536.35 -1742.26 5868.47 1 1
