event 0
-8232.81 -728.271 -11454.8 14460.8
-3576.79 -7203.7 3466.18 9289.34
-4470.12 -1154.3 -4046.02 6139.69 1 1
-3762.7 426.031 -7408.75 8321.07 -1 1
-2209.27 -4877.84 662.232 5396.66 -1 2
-1367.52 -2325.86 2803.95 3892.69 1 2
event 1
7621.67 -2661.81 1942.81 8862.32
1727.04 -13424.7 -15146.6 20547.8
1463.29 -3074.08 -2629.7 4303.22 -1 2
2960.48 -656.506 -737.683 3122.63 -1 1
263.743 -10350.6 -12516.9 16244.6 1 2
4661.18 -2005.31 2680.49 5739.69 1 1
event 2
-6973.63 2978.29 17422.5 19251.9
-3245.32 5158.61 4688.95 8289.77
-3757.55 2257.16 6485.52 7828.61 1 1
-3216.09 721.13 10936.9 11423.3 -1 1
-3282.73 3096.4 2101.34 4979.04 -1 2
37.4114 2062.21 2587.6 3310.74 1 2
event 3
-2869.69 7950.43 14097.4 16726.4
-1749.42 5824.23 28566.3 29370.2
-2606.05 3658.33 18769.7 19300 -1 2
-1155.96 3390.85 8939.57 9631.26 1 1
-1713.73 4559.58 5157.81 7095.12 -1 1
856.632 2165.9 9796.57 10070.2 1 2
event 4
-12746.4 12613.6 -30108.8 35181
1124.78 -6408.21 565.961 7227.82
1271.01 -4400.78 -982.663 4686.06 1 2
-5903.83 3799.55 -12385.6 14237.5 -1 1
-146.229 -2007.42 1548.62 2541.76 -1 2
-6842.59 8814.1 -17723.2 20943.5 1 1
event 5
-7393.78 -7647.63 49260.2 50490.7
5506.05 8451.98 12475 16339.2
-4130.04 -5192.01 36310.6 36911.9 -1 1
-3263.75 -2455.62 12949.5 13578.8 1 1
2739.78 2937.51 7089.95 8149.47 -1 2
2766.27 5514.48 5385.05 8189.73 1 2
event 6
-1747.06 8636.69 -22778.2 24618.7
491.783 -7393.8 35015.4 35924.6
1747.04 -4802.75 20658.4 21281.4 -1 2
692.671 3956.12 -11026.4 11735.5 1 1
-2439.73 4680.58 -11751.8 12883.2 -1 1
-1255.25 -2591.05 14357 14643.2 1 2
event 7
3488.09 -6737.54 12076.8 14594.6
-2217.62 11184.5 11089.8 16204.5
647.941 2982.64 3705.17 4801.61 -1 2
2295.39 -1406.63 4655.57 5378.93 -1 1
-2865.56 8201.85 7384.66 11402.9 1 2
1192.7 -5330.91 7421.27 9215.62 1 1
