event 0
-9157.79 7019.25 -4348.22 12713.5
-2000.78 -4337.75 -17052.4 17977.6
-5160.75 5196.2 -1498.68 7476.03 1 1
-3997.04 1823.06 -2849.55 5237.45 -1 1
-236.05 -3207.56 -6939.31 7649.14 -1 2
-1764.73 -1130.19 -10113.1 10328.4 1 2
event 1
-7240.02 5972.13 20655.4 22898.1
-2724.34 -5744.04 1328.81 7195.31
-2781.93 -2815 1558.51 4254.81 1 2
-4032.94 1355.39 8547.79 9548.69 1 1
57.5874 -2929.04 -229.705 2940.5 -1 2
-3207.09 4616.74 12107.7 13349.4 -1 1
event 2
-6435.01 3372.79 -3894.31 8805.77
450.473 7096.71 -1426.63 7886.27
-1298.11 3292.98 -983.147 3675.12 -1 2
-2775.5 -196.839 -1351.55 3095.15 -1 1
-3659.51 3569.63 -2542.77 5710.61 1 1
1748.58 3803.73 -443.478 4211.15 1 2
event 3
-6775.12 332.982 -19769.6 21129.2
8604.77 47.7361 3782.31 10096.4
3228.02 -100.52 3418.95 4704.32 1 2
-2522.35 -1200.85 -9614.13 10012.3 1 1
5376.74 148.256 363.359 5392.08 -1 2
-4252.76 1533.83 -10155.5 11116.8 -1 1
event 4
-4531.91 760.511 -3476.47 6541.61
16312.3 9210.43 48288.1 51886.9
-3185.67 -793.994 -1265.18 3520.05 1 1
-1346.24 1554.5 -2211.29 3021.56 -1 1
11712.1 6206.21 37615.4 39882.6 1 2
4600.15 3004.23 10672.7 12004.3 -1 2
