event 0
1731.14 -5496.67 3373.47 7360.81
459.881 -9457.54 -29677.7 31305.2
-60.6138 -4474.18 2359.65 5059.75 -1 1
1791.75 -1022.49 1013.82 2301.05 1 1
-1305.25 -4932.17 -15378.6 16203.2 1 2
1765.13 -4525.36 -14299.2 15102 -1 2
event 1
-3519.21 10037.5 12915.2 17015.5
-20406.6 17613.2 -50191.8 57056.7
-3968.09 2005.06 -9033.31 10068.7 -1 2
-1797.12 3021.04 6320.77 7233.23 -1 1
-16438.5 15608.2 -41158.5 46988 1 2
-1722.09 7016.42 6594.39 9782.27 1 1
event 2
-5969.42 -908.745 -10304.3 12338.1
-6198.79 12439.2 -1984.03 14376.6
-3339.8 -1835.04 -7317.23 8250.74 -1 1
-2629.62 926.293 -2987.05 4087.36 1 1
-4068.61 7767.47 -2736.42 9186.21 -1 2
-2130.18 4671.73 752.386 5190.37 1 2
event 3
10836.1 -4058.15 -25527 28197.7
893.755 -7238.01 -21123.7 22560.8
1926.87 -3280.58 -9273.51 10024.2 1 2
3649.54 136.019 -7493.87 8337.08 1 1
7186.53 -4194.17 -18033.2 19860.6 -1 1
-1033.11 -3957.43 -11850.2 12536.6 -1 2
event 4
6910.09 9261.57 -1527.47 12060.2
-5637.94 6229.27 -13117.9 15882.7
4448.35 5038.22 557.087 6744.85 1 1
2461.74 4223.35 -2084.55 5315.39 -1 1
-926.33 2619.4 -6008.99 6621.06 -1 2
-4711.61 3609.87 -7108.91 9261.65 1 2
event 5
-4348.74 -4774.81 15885.2 17539.6
-8803.42 -9801.33 -42720.4 44812.8
-3393.43 -1916.49 -10371.6 11080.1 -1 2
-2015.06 -338.11 2407.74 3159.62 -1 1
-5409.99 -7884.84 -32348.8 33732.7 1 2
-2333.68 -4436.7 13477.4 14379.9 1 1
event 6
1009.92 -8049.03 26345.7 27739.8
-12726.6 -3577.28 21510.6 25437.4
-4299.14 -2723.83 8678.46 10061.3 -1 2
1793.29 -2759.87 8742.78 9342.38 -1 1
-8427.51 -853.45 12832.1 15376.1 1 2
-783.371 -5289.16 17602.9 18397.4 1 1
event 7
3789.5 3920.76 6567.22 9080.28
237.43 -12185.3 59455.3 60770.5
2788.36 1209.24 1888.71 3579.88 1 1
1001.14 2711.52 4678.52 5500.39 -1 1
1323.5 -8315.33 35883.4 36858.2 1 2
-1086.07 -3869.97 23571.9 23912.3 -1 2
event 8
10125 -167.248 -14217 17727.4
-6315.59 2290.1 16432.5 18020.8
5374.93 462.862 -5086.77 7415.56 -1 1
4750.11 -630.11 -9130.25 10311.8 1 1
-3143.98 2324.4 6422.6 7519.87 -1 2
-3171.61 -34.3022 10009.9 10500.9 1 2
event 9
-6982.36 -6600.17 787.936 10125.6
5205.07 11989.2 25989.8 29255.6
1023.61 5434.52 8876.55 10458.8 -1 2
-1795.17 -3471.99 1091.81 4059.63 -1 1
4181.46 6554.67 17113.2 18796.9 1 2
-5187.19 -3128.18 -303.878 6065.97 1 1
event 10
4039.74 -6469.02 26778 28014.6
-6746.76 -3044.07 4095.06 9008.09
-3453.39 -77.5184 988.909 3594.59 -1 2
806.323 -2804.51 14657.7 14945.8 -1 1
3233.41 -3664.51 12120.3 13068.9 1 1
-3293.37 -2966.55 3106.15 5413.51 1 2
event 11
5200.33 9571.76 -32375.9 34299.4
-10742.3 -3611.1 16232.6 20038.1
4130.77 4719.56 -20086 21042.7 1 1
1069.56 4852.2 -12289.9 13256.7 -1 1
-7938.32 -1206.86 11690 14182.4 -1 2
-2804.02 -2404.23 4542.66 5855.75 1 2
event 12
-5711.13 9619.52 -46946.6 48360.3
6050.27 7417.83 -17308.4 20020
-4579.46 4718.89 -26848.6 27642.3 1 1
-1131.67 4900.63 -20098 20718.1 -1 1
980.843 3332.65 -4908.18 6014.15 -1 2
5069.43 4085.18 -12400.2 14005.9 1 2
event 13
-7803.67 3529.83 -8636.09 12551.1
3173.17 -10028 -34099.2 35818.6
3342.07 -7030.22 -21494.4 22860.7 1 2
-2593.84 1545.06 -5162.85 5981.76 1 1
-168.903 -2997.76 -12604.8 12957.9 -1 2
-5209.83 1984.77 -3473.23 6569.33 -1 1
event 14
-1289.68 -7883.4 -1389.33 8679.41
-5766.35 7623.19 38748.3 40029.8
-1630.87 3092.91 9008.94 9664.27 -1 2
-1695.78 -1825.68 -472.884 2538.41 1 1
-4135.48 4530.28 29739.4 30365.6 1 2
406.096 -6057.72 -916.445 6141 -1 1
event 15
10687.3 1604.88 8785.14 14267.6
5138.03 9437.61 -422.857 11191
3262.05 4051.61 -1436.38 5397.3 -1 2
4876.19 -808.378 4078.18 6408.85 -1 1
5811.14 2413.26 4706.96 7858.74 1 1
1875.98 5386 1013.52 5793.68 1 2
event 16
58.5617 -5335.35 -8518.68 10517.9
-4247.65 -8690.21 8250.28 13085.1
-1007.82 -2948.62 -2647.78 4090.47 -1 1
1066.38 -2386.74 -5870.9 6427.47 1 1
-1101.75 -5724.98 4831.17 7572.35 -1 2
-3145.9 -2965.24 3419.12 5512.79 1 2
event 17
-2865.45 -6811.25 4582.26 9229.88
-3639.29 -7730.69 5969.32 10873.5
137.327 -2997.74 1571.65 3389.18 1 2
-2114.54 -1547.54 947.586 2788.41 1 1
-3776.62 -4732.95 4397.67 7484.27 -1 2
-750.916 -5263.7 3634.67 6441.46 -1 1
event 18
3877.12 7712.32 -16759.5 19104.5
10009.7 5152.28 9920.03 15321.2
998.141 4560.67 -6607.43 8091.06 1 1
2878.98 3151.65 -10152 11013.5 -1 1
6670.75 4084.84 8459.63 11522.2 -1 2
3338.97 1067.44 1460.41 3798.96 1 2
event 19
8070.3 -1811.99 7547.51 11617.6
2257.47 7116.77 -29305.5 30399.8
4970.24 -2226.59 3397.46 6419.88 -1 1
3100.06 414.599 4150.04 5197.72 1 1
1960.85 1899.28 -7674.81 8146.53 -1 2
296.623 5217.49 -21630.7 22253.3 1 2
event 20
3979.4 6355.36 13656.4 15884.4
16455.4 -590.502 11547.4 20348.5
2525.12 3341.79 4565.52 6196.69 -1 1
1454.27 3013.57 9090.84 9687.68 1 1
9012.46 1095.75 6995.7 11461.9 -1 2
7442.98 -1686.26 4551.66 8886.52 1 2
event 21
2340.63 6406.72 3935.32 8461.92
-3549.27 10349.4 13146.8 17382.1
2779.45 3145.77 2214.05 4747.04 -1 1
-438.817 3260.96 1721.27 3714.88 1 1
-1526.31 8237.93 10528.2 13455.4 -1 2
-2022.96 2111.47 2618.57 3926.67 1 2
event 22
8815.54 7491.04 13479.3 18030.9
-671.645 -8225.64 15312.9 17668.8
4895.41 3756.92 9426.46 11267.2 1 1
3920.12 3734.11 4052.87 6763.72 -1 1
448.488 -6539.13 9757.28 11754.9 -1 2
-1120.13 -1686.51 5555.62 5913.97 1 2
event 23
6408.2 -5313.24 8844.3 12534.3
11713.5 -4490.59 -11160.8 17074.2
3099.39 -1561.18 -4993.07 6081.57 -1 2
2346.26 -1920.37 5475.12 6259.46 1 1
8614.15 -2929.41 -6167.76 10992.6 1 2
4061.94 -3392.87 3369.18 6274.83 -1 1
event 24
-4329.9 3565.18 -9680.72 11608.9
1419.87 16889.8 6527.03 18424.8
-1222.13 2986.35 -4486.02 5526.97 1 1
-3107.78 578.828 -5194.7 6081.9 -1 1
2209.98 9956.25 3171.43 10680.8 -1 2
-790.104 6933.52 3355.6 7743.98 1 2
event 25
9386.88 -4709.43 531.892 10962
5783.76 7056.16 -47072.1 48048
1079.69 3436.02 -14628.4 15065.7 1 2
3001.27 -1633.83 1632.61 3788.62 1 1
6385.61 -3075.6 -1100.72 7173.43 -1 1
4704.07 3620.14 -32443.6 32982.3 -1 2
event 26
802.051 4229.13 -22759.9 23369.5
790.664 -9078.78 -49602.5 50527.7
1914.69 2421.92 -11321.5 11735.4 1 1
-1112.64 1807.21 -11438.4 11634.1 -1 1
1962.24 -5037.58 -26821.8 27361.4 1 2
-1171.58 -4041.21 -22780.7 23166.2 -1 2
event 27
-1942.43 -5547.66 15465.5 16832.2
-4976.43 -10367.1 -25503.8 28147.4
-2435.49 -1969.32 -6882.03 7561.97 -1 2
-1977.58 -1361.67 6694.78 7113.1 -1 1
-2540.94 -8397.73 -18621.8 20585.4 1 2
35.1445 -4185.99 8770.72 9719.07 1 1
event 28
-2514.84 4503.69 -8072.93 10068.3
10606.9 10980.8 4725.62 16279
-2855.79 2460.24 -3997.96 5495.74 -1 1
340.949 2043.44 -4074.97 4572.57 1 1
5042.27 6558.37 1253.8 8367.79 -1 2
5564.62 4422.42 3471.83 7911.23 1 2
event 29
8272.16 -7693.08 -18619.8 21997.7
-8807.45 11037.8 7583.75 16325.1
-7043.57 10056.3 5606.98 13497.8 1 2
1584.64 -3324.71 -5053.74 6254.3 -1 1
-1763.88 981.498 1976.77 2827.26 -1 2
6687.51 -4368.37 -13566 15743.4 1 1
event 30
-5591.86 -5355.77 -39453.6 40325.3
7324.66 -17768.9 -9689.53 21745.4
-2086.79 -4092.48 -20495.2 21004 -1 1
-3505.08 -1263.3 -18958.4 19321.3 1 1
5359.02 -15595.9 -8735.71 18662.1 -1 2
1965.64 -2173 -953.823 3083.28 1 2
event 31
-3817.97 -15415 18762.2 24775.2
-5571.32 3330.48 4125.58 8291.16
-3851.79 521.252 2428.82 4584.58 1 2
-2735.33 -6552.09 10000.5 12265.1 -1 1
-1719.53 2809.23 1696.76 3706.58 -1 2
-1082.64 -8862.95 8761.61 12510 1 1
event 32
11200.2 2.76754 28730.8 30991.8
2045.82 8187.91 13509.7 16227.5
1424.86 3751.45 9074.22 9922.51 -1 2
3743.68 1040.27 7194.22 8177.12 1 1
7456.49 -1037.51 21536.6 22814.7 -1 1
620.952 4436.46 4435.51 6304.97 1 2
event 33
837.786 14745.7 3207.17 15427.7
3150.85 -4966.57 20244.8 21308.2
-671.98 7532.34 513.331 7580.39 -1 1
1509.77 7213.39 2693.84 7847.31 1 1
1135.86 -4386.42 14493.8 15185.9 -1 2
2014.99 -580.149 5750.98 6122.22 1 2
event 34
17398.8 -9995.25 -81104.1 83606.8
3496.99 6343.05 1897.24 8102.7
980.428 4204.19 2080.3 4793.25 -1 2
4140.03 -1125.79 -14719 15331.9 1 1
13258.7 -8869.46 -66385.1 68274.8 -1 1
2516.56 2138.85 -183.06 3309.45 1 2
event 35
3731.39 3873.84 -4485.48 7657.69
9884.36 6563.36 -11023.5 16489
2270.89 1967.86 -4300.07 5247.02 1 1
1460.49 1905.98 -185.417 2410.67 -1 1
4565.69 4827.61 -6466.89 9272.71 -1 2
5318.67 1735.75 -4556.65 7216.33 1 2
event 36
1384.27 5293.92 -7870 10073.2
-9586.1 5268.84 3550.88 11910.1
2298.61 3006.13 -4231.2 5677.56 1 1
-914.341 2287.79 -3638.8 4395.68 -1 1
-6140.1 3070.32 3737.05 7816.93 1 2
-3446 2198.51 -186.175 4093.19 -1 2
event 37
2045.09 7258.69 1037.37 8218.13
6559.17 -616.004 18892.5 20246.5
4336.55 857.249 9436.2 10420.8 -1 2
553.967 3094.36 1949.61 3700.55 1 1
1491.13 4164.33 -912.249 4517.57 -1 1
2222.62 -1473.25 9456.3 9825.65 1 2
event 38
-8865.96 -983.328 -1206.31 9519.39
8617.64 -4076.79 -28245.4 29971.3
2925.56 -2781.99 -9110.36 9965.35 1 2
-3482.11 -1723.01 -1253.75 4083.74 1 1
5692.08 -1294.8 -19135.1 20005.9 -1 2
-5383.85 739.68 47.4392 5435.66 -1 1
event 39
9838.16 4148.41 4144.65 11864.5
13032.8 -3873.91 14469.4 20095.2
3998.15 -2495.39 6037.81 7660.19 1 2
1422.88 1946.78 765.518 2532.14 1 1
9034.65 -1378.52 8431.6 12435 -1 2
8415.28 2201.63 3379.13 9332.4 -1 1
event 40
2904.75 10313.7 -58693.3 59743.6
1368.69 -8192.51 2788.88 9292.96
-842.491 -4107.73 982.535 4308.11 1 2
-401.689 4037.3 -21267 21650.8 1 1
3306.44 6276.43 -37426.3 38092.8 -1 1
2211.18 -4084.78 1806.35 4984.86 -1 2
event 41
3206.96 -5735.69 -9402.6 11882
8912.47 12740.8 -34011.6 37525.2
550.616 -4020.88 -5905.1 7166.03 1 1
2656.35 -1714.81 -3497.5 4715.98 -1 1
4508.75 8790.69 -19699.1 22038 1 2
4403.72 3950.07 -14312.5 15487.2 -1 2
event 42
11809.3 537.655 15726.2 19916.1
4107 3164.68 10429.1 12051.5
8029.76 -1026.45 11122.4 13756.8 -1 1
3779.57 1564.1 4603.75 6159.32 1 1
2085.8 3367.18 7547.71 8524.53 -1 2
2021.2 -202.5 2881.35 3526.98 1 2
event 43
-10263.8 9326.89 51547.3 53470.1
-20229.5 3682.01 20276.7 29043.5
-7577.69 630.135 5712.03 9510.88 1 2
-2746.73 2044.19 18170.9 18491 1 1
-12651.8 3051.87 14564.7 19532.6 -1 2
-7517.06 7282.7 33376.4 34979.1 -1 1
event 44
12776.2 17599.4 -17068.3 27818.9
5914.71 859.654 -5354.66 8601.48
10656.5 13687 -14902.1 22868.7 -1 1
2119.78 3912.4 -2166.2 4950.15 1 1
3203.15 1916.72 -2324.23 4398.55 -1 2
2711.56 -1057.07 -3030.43 4202.93 1 2
event 45
138.048 5245.75 455.025 6110.24
9776.83 -4201.31 -4314.65 11893
-1355.32 3167.54 -243.117 3455.5 1 1
1493.37 2078.21 698.142 2654.75 -1 1
5596.16 -4029.97 -2724.42 7415.61 -1 2
4180.67 -171.341 -1590.23 4477.43 1 2
event 46
-6201.99 4615.13 -30085.6 31280.9
-4727.96 -2821.32 -22323.2 23199.7
-3998.52 -899.584 -17122.7 17606.7 -1 2
-2776.77 2352.22 -20961 21274.8 1 1
-3425.22 2262.91 -9124.53 10006.1 -1 1
-729.44 -1921.73 -5200.54 5593.03 1 2
event 47
-6191.34 522.515 129.178 6943.62
5807.79 3034.77 -5381.62 9027.35
1743.7 2633.69 -2235.6 3871.16 1 2
-1862.2 1558.71 477.982 2477.3 -1 1
-4329.14 -1036.2 -348.804 4466.32 1 1
4064.09 401.076 -3146.02 5156.19 -1 2
event 48
-6972.58 -2732.86 -4027.08 9049.32
2536.1 -10849.2 -12383.2 16943.2
-3065.26 -2642.06 -2901.95 4980.84 -1 1
-3907.32 -90.796 -1125.13 4068.47 1 1
2434.72 -6596.86 -5855.46 9151.18 -1 2
101.379 -4252.35 -6527.78 7792.04 1 2
event 49
-8996.88 -440.676 -13445.9 16477.9
-6627.01 4261.14 734.389 8497.38
-3774.87 4005.13 -123.721 5506.1 1 2
-3845.36 -1311.47 -4117.11 5785.2 1 1
-2852.14 256.017 858.109 2991.28 -1 2
-5151.51 870.797 -9328.76 10692.7 -1 1
event 50
2385.58 -4425.96 -24309.6 25016.6
-5931.67 9706.16 2715.9 12098
-122.577 -3011.61 -11788.9 12168.6 1 1
2508.15 -1414.36 -12520.7 12847.9 -1 1
-4755.12 4868.87 1710.13 7018.03 1 2
-1176.55 4837.29 1005.77 5080 -1 2
event 51
5714.21 6448.08 8203.77 12293.2
6167.05 -6237.06 -8170.05 12380.4
4391.17 -3980.53 -7246.42 9362.09 1 2
1707.84 2642.75 4989.95 5900.14 -1 1
1775.88 -2256.52 -923.626 3018.26 -1 2
4006.37 3805.33 3213.82 6393.06 1 1
event 52
5788.93 7354.47 -3562.45 10482.5
3541.24 2938.77 -159.419 5549.14
1172.64 2898.75 -446.872 3160.49 1 2
3440.33 2184.74 -2238.82 4651.07 1 1
2368.6 40.0173 287.453 2388.65 -1 2
2348.6 5169.73 -1323.63 5831.4 -1 1
event 53
5028.04 7828.26 -1258.04 9886.15
6774.38 -3292.98 10458.2 13255.3
5037.28 -950.052 7619.36 9183.82 -1 2
1005.33 4121.74 115.247 4245.45 -1 1
4022.71 3706.52 -1373.29 5640.7 1 1
1737.1 -2342.92 2838.86 4071.5 1 2
event 54
-5840.05 -1020.36 -3332.09 7472.69
10624.4 -1417.83 3179.84 11601.3
-3916.32 -328.082 -478.185 3960.44 -1 1
-1923.73 -692.279 -2853.91 3512.26 1 1
6101.06 142.88 520.071 6125.76 1 2
4523.33 -1560.71 2659.76 5475.56 -1 2
event 55
4257.6 9184.07 6174.51 12255.2
-4596.09 5993.56 -2513.68 8541.42
3036.95 6402.1 5866.46 9199.8 -1 1
1220.65 2781.98 308.057 3055.4 1 1
-168.124 2247.09 -1336.28 2621.93 -1 2
-4427.97 3746.47 -1177.39 5919.49 1 2
event 56
-6081.46 -425.023 -14209.3 15768.9
-14393.9 -3629.17 -8103.83 17193.6
-4027.4 -9.91495 -5544.02 6853.27 -1 1
-2054.06 -415.108 -8665.24 8915.66 1 1
-7425.96 -1377.35 -2447.4 7939.95 -1 2
-6967.93 -2251.82 -5656.43 9253.6 1 2
event 57
12983.4 -4021.85 -31189.4 34163.1
-914.983 -7351.08 -7914.42 11274.1
622.873 -4931.33 -6140.93 7901.15 1 2
5506.1 -209.454 -11184.6 12468.7 1 1
-1537.86 -2419.74 -1773.49 3372.92 -1 2
7477.3 -3812.4 -20004.8 21694.4 -1 1
event 58
5835.39 -5587.4 8513.04 12138.1
2696.92 7819.65 -20026.4 21887.6
2229.21 -4232.69 5051.89 6958.29 -1 1
3606.18 -1354.72 3461.14 5179.82 1 1
923.595 5079.67 -15258.6 16108.8 -1 2
1773.33 2739.98 -4767.75 5778.82 1 2
event 59
5048.95 -9734.32 -45176 46590.9
10412.5 3477.19 -7570.23 13689.8
4729.05 1146.21 -5151.32 7086.96 1 2
1958.66 -2778.01 -8964.55 9587.91 1 1
3090.29 -6956.31 -36211.5 37003 -1 1
5683.43 2330.98 -2418.91 6602.81 -1 2
event 60
15490.2 -10666.5 -1942.8 19159.5
-5099.9 999.882 8306.34 10276
-3217.18 277.135 7375.93 8052.49 1 2
5648.85 -5658.79 -1267.03 8096.17 -1 1
-1882.72 722.747 930.412 2223.47 -1 2
9841.36 -5007.67 -675.766 11063.3 1 1
event 61
-3789.77 -9075.31 -3214.09 10800.2
-1787.52 -8573.33 -7302.66 11815.9
-2095.39 -3598 -2322.37 4768.73 -1 2
-2156.52 -2551.24 7.60909 3342.25 1 1
-1633.25 -6524.06 -3221.7 7457.98 -1 1
307.869 -4975.33 -4980.29 7047.2 1 2
event 62
-6445.08 2775.15 -1427.5 7801.82
-6490.67 8427.64 59588 60609.2
-1428.68 4320.34 23385 23823.9 1 2
-2537.86 -208.37 351.455 2572.71 -1 1
-5062 4107.29 36203 36785.3 -1 2
-3907.21 2983.52 -1778.96 5229.1 1 1
event 63
-279.902 -10853.3 -60819 61858
-5824.64 -2071.28 -9460.35 11717.8
-3440.54 -2041.53 -3572.48 5364.6 -1 2
1368.7 -3654.87 -21221.4 21577.6 -1 1
-1648.6 -7198.41 -39597.6 40280.4 1 1
-2384.1 -29.7542 -5887.86 6353.18 1 2
event 64
-3608.51 -9012.15 37377.2 38741.3
8506.17 828.273 -2111.08 9332.12
5273.81 1269.78 35.1241 5425.66 -1 2
-2379.54 -2448.84 15267.2 15644.8 1 1
-1228.97 -6563.32 22110 23096.6 -1 1
3232.35 -441.505 -2146.21 3906.46 1 2
event 65
-10540.6 -10058.8 -51236.6 53357.8
-3302.03 -5105.25 22230.4 23254
-2603.96 -2772.18 17752.4 18155.5 1 2
-5451.82 -4344.72 -19408.6 20622.9 -1 1
-698.071 -2333.07 4478.02 5098.47 -1 2
-5088.8 -5714.05 -31828 32735 1 1
event 66
7564.7 7541.1 -1412.65 11210.7
3836.7 2034.56 -13597.7 14606.4
3506.56 5488.04 -264.44 6518.87 1 1
4058.14 2053.06 -1148.21 4691.81 -1 1
1790.99 2644.15 -7996.59 8611.38 -1 2
2045.71 -609.593 -5601.1 5995 1 2
event 67
-7772.08 -4204.51 -3035.97 9843.33
-5275.3 -9592.28 5972.52 12849.3
-3601.25 -6532.2 5623.87 9342.26 1 2
-3359.97 -2965.24 -2731.36 5249.15 1 1
-1674.05 -3060.07 348.647 3507.02 -1 2
-4412.11 -1239.27 -304.61 4594.18 -1 1
event 68
-10552.6 -5827.82 -15277.6 19705.7
2708.55 -5340.25 28565.9 29350.6
-6165.73 -4197.3 -7187.03 10358.5 1 1
-4386.88 -1630.53 -8090.52 9347.25 -1 1
3198.22 -3204.78 20250.9 20751.1 -1 2
-489.675 -2135.47 8315.05 8599.49 1 2
event 69
2971.87 -5979.07 7033.44 10180.5
-1448.5 7095.82 -21072.1 22496.1
-1904.44 2749.09 -6963.64 7725.8 1 2
2183.41 -1233.8 2917.45 3848.66 -1 1
788.457 -4745.27 4115.99 6331.81 1 1
455.938 4346.73 -14108.5 14770.3 -1 2
event 70
3573.51 -4665.7 18030.4 19215.2
4517.65 -10036.3 -40343 41932
3289.44 -2260.03 8656.45 9532.76 1 1
284.069 -2405.67 9373.94 9682.45 -1 1
1258.2 -6410.17 -24414.1 25273.1 -1 2
3259.46 -3626.15 -15929 16658.8 1 2
event 71
11120.7 2721.53 -36839.5 38701.6
-8600.75 10896.2 -13090.1 19329.8
7046.9 2845.29 -27039.8 28087.7 1 1
4073.84 -123.751 -9799.63 10613.9 -1 1
-7616.81 7568.56 -9531.23 14358.1 -1 2
-983.94 3327.66 -3558.83 4971.71 1 2
event 72
5053.87 4584.48 -25072.9 26244.9
-5567.12 2712.12 6452.08 9464.08
4201.47 1411.97 -13151 13878.3 1 1
852.404 3172.51 -11921.9 12366.6 -1 1
-2676.86 -226.762 1739.11 3201.98 -1 2
-2890.26 2938.88 4712.98 6262.1 1 2
event 73
-4745.65 8069.45 -3598.59 10496.5
-5319.01 -4608.95 5620.02 9524.16
-2985.63 3764.18 -3309.96 5835.24 1 1
-1760.02 4305.28 -288.628 4661.28 -1 1
-3656.34 -1696.71 1731.5 4388.27 -1 2
-1662.67 -2912.24 3888.52 5135.89 1 2
event 74
-6643.22 3056.63 37593 38422.7
-7184.65 -1666.32 -9905.61 12732.2
-4427.71 375.553 22321.3 22759.6 1 1
-2215.51 2681.08 15271.7 15663.1 -1 1
-4026.43 -2379.88 -6724.91 8192.16 -1 2
-3158.22 713.556 -3180.7 4540 1 2
event 75
-1033.86 11179 37493.1 39260.2
-6169.53 3811.06 -8800.94 11816.8
-1867.5 6235.22 23933.7 24803.2 1 1
833.642 4943.83 13559.4 14457 -1 1
-3469.62 2984.19 -3335.09 5663.71 -1 2
-2699.92 826.872 -5465.85 6153.04 1 2
event 76
-3971 -6884.42 37271.1 38234.6
4040.75 -8976.01 8022.01 13070.6
644.37 -2983.93 4198.55 5192.11 1 2
-1610.17 -2211.29 7042.22 7555.56 1 1
3396.38 -5992.08 3823.46 7878.48 -1 2
-2360.83 -4673.14 30228.8 30679.1 -1 1
event 77
-14329.7 -584.318 -41201.3 43735.8
5338 -8374.34 -41173.4 42467.2
1498.7 -4734.61 -16435.9 17170.1 1 2
-4040.7 1194.63 -12763.2 13441.2 1 1
-10289 -1778.95 -28438 30294.6 -1 1
3839.3 -3639.73 -24737.5 25297.1 -1 2
event 78
7576.81 3984.01 31696.5 32977.9
-6115.9 4586.94 21593.7 23115.4
-3990.98 4614.63 15305.9 16477.4 1 2
2275.79 2143.11 7260.39 7905.47 -1 1
-2124.91 -27.6827 6287.79 6638.04 -1 2
5301.02 1840.9 24436.1 25072.4 1 1
event 79
-10115.2 -2189.55 40900.6 42303.2
-2807.6 10337.6 4072.64 11871.2
-3433 7613.27 2969.95 8864.48 1 2
-3252.74 354.749 16782.8 17099.2 1 1
625.406 2724.31 1102.69 3006.68 -1 2
-6862.5 -2544.3 24117.8 25204.1 -1 1
event 80
8252.57 949.454 2720.38 9273.5
-5989.7 -5615.04 -39072.3 40045.5
4826.28 -628.637 497.019 4893.5 1 1
3426.29 1578.09 2223.36 4379.99 -1 1
-2958.49 -3886.28 -28387.2 28804.5 -1 2
-3031.21 -1728.76 -10685.1 11241 1 2
event 81
-11360.1 1705.52 23530.3 26367.2
6811.23 1825.1 -450.354 7714.8
5265.16 -27.6965 -565.836 5296.61 -1 2
-3124.81 346.992 9861.86 10351.4 1 1
-8235.3 1358.53 13668.5 16015.8 -1 1
1546.06 1852.79 115.482 2418.19 1 2
event 82
-3883.5 -3780.83 -11766.4 13319.8
1296.71 11918.7 2864.17 12709.5
-1820.2 -2742.29 -3818.77 5042.57 -1 1
-2063.31 -1038.54 -7947.66 8277.22 1 1
1591.65 6631.4 2903.3 7412.76 1 2
-294.936 5287.33 -39.1279 5296.75 -1 2
event 83
-6653.83 -2108.56 -3335.67 8332.89
-10108.9 14322.9 16363 24180
-4510.3 158.488 -1958.43 4920.82 -1 1
-2143.53 -2267.05 -1377.25 3412.07 1 1
-5240.23 7044.26 10268.8 13510.8 -1 2
-4868.65 7278.66 6094.18 10669.2 1 2
event 84
6516.09 34.0074 9462.44 11899.1
-8896.41 -7863.53 -12426.8 17464.2
4265.65 1482.65 5516.42 7129.94 1 1
2250.45 -1448.64 3946.03 4769.21 -1 1
-4197.9 -5646.71 -6467.87 9557.83 -1 2
-4698.51 -2216.82 -5958.9 7906.32 1 2
event 85
-9759.84 -3809.19 -31182.1 33040.5
-4768.78 -545.555 1703.62 5960.86
-3359.99 1088.44 1289.93 3761.56 1 2
-5234.24 -883.498 -18818.7 19553.4 -1 1
-1408.79 -1634 413.685 2199.31 -1 2
-4525.6 -2925.69 -12363.3 13487.2 1 1
event 86
-9723.75 11217.9 8421.68 17346.7
-1739.66 -4136.56 -15999.1 16902.7
-5868.18 8762.79 6487.79 12382.4 -1 1
-3855.57 2455.12 1933.88 4964.28 1 1
-2441.63 -1890.11 -9495.58 9985.55 -1 2
701.974 -2246.44 -6503.54 6917.12 1 2
event 87
-3786.18 4291.32 7432.96 9878.79
-14501.9 -122.602 31397.8 34723.6
-1438.58 3852.99 4571.58 6150.25 -1 1
-2347.6 438.339 2861.38 3728.54 1 1
-9062.67 -1573.39 19536.3 21593.7 1 2
-5439.2 1450.79 11861.4 13129.9 -1 2
event 88
-4545.66 -1659.63 12437.9 13700.7
-7689.99 -3901.3 -22873.3 24640.1
-2615.37 -2485.63 8551.83 9282.43 -1 1
-1930.29 826.007 3886.06 4418.25 1 1
-4472.94 -1057.68 -8837.01 9961.41 1 2
-3217.05 -2843.63 -14036.3 14678.7 -1 2
event 89
3479.55 -10580.4 -7054.81 13543
1259.8 -7176.09 4676.45 9194.64
1142.36 -6384.31 -2590.41 6984.68 -1 1
2337.19 -4196.05 -4464.4 6558.3 1 1
-1020.96 -2332.17 1761.26 3097.51 -1 2
2280.76 -4843.92 2915.19 6097.13 1 2
event 90
5025.28 -7636.99 -40327 41466
-14130.1 4384.3 18479.4 23873.9
4317.8 -4426.29 -29886 30519.2 1 1
707.484 -3210.7 -10441 10946.9 -1 1
-12081.6 4390.11 14368.5 19279.6 -1 2
-2048.49 -5.81435 4110.95 4594.28 1 2
event 91
-9900.61 5772.49 -35576.1 37504.6
-9793.45 -2888.7 -24466.5 26691.9
-3120.26 -605.937 -4455.42 5474.04 1 2
-3116.86 300.023 -10443.9 10903.8 -1 1
-6783.75 5472.46 -25132.2 26600.9 1 1
-6673.19 -2282.77 -20011.1 21217.9 -1 2
event 92
-5340.87 2281.9 1700.55 6798.12
-4830.94 8315.06 -44685.5 45813.3
-2021.26 2475.58 -9175.39 9716.63 -1 2
-1147.35 2046.78 292.138 2366.91 1 1
-2809.68 5839.48 -35510.1 36096.7 1 2
-4193.52 235.122 1408.41 4431.22 -1 1
event 93
-10481.1 106.07 -11374.9 15774.8
4158.52 -7855.1 -3717.75 10119.7
-5918.06 -1434.42 -5851.35 8445.73 -1 1
-4563.03 1540.49 -5523.55 7329.06 1 1
2828.76 -2624.68 -2459.16 4577.06 -1 2
1329.76 -5230.43 -1258.59 5542.64 1 2
event 94
1127.09 -6453.81 -292.345 7252.32
-4630.62 10871.5 4891.38 13158.6
13.4315 3506.31 1388.18 3772.61 -1 2
1343.05 -2384.09 -1331.79 3045.08 -1 1
-4644.05 7365.16 3503.2 9385.96 1 2
-215.964 -4069.72 1039.45 4207.24 1 1
event 95
1208.76 -6888.95 2632.09 8089.28
-6807.04 4455.1 -11007.1 14033.2
-3009.47 1701.05 -2334.99 4172.99 -1 2
-697.402 -2719.27 2025.66 3463.41 1 1
-3797.57 2754.05 -8672.15 9860.21 1 2
1906.16 -4169.68 606.438 4625.86 -1 1
event 96
-10073 -1523.47 -40075.2 41465.7
-6044.33 1749.48 -14965.6 16527.4
-4058.66 2295.54 -7972.18 9236.29 -1 2
-3368.04 -1836.02 -17369.8 17788.7 -1 1
-6705 312.553 -22705.4 23677 1 1
-1985.67 -546.05 -6993.45 7291.13 1 2
event 97
-5883.15 1210.73 -5340.67 8613.37
-1611.88 8899.64 10740.9 14379.1
565.383 3873.21 3193.6 5052.89 -1 2
-2432.37 -958.503 -1521.73 3026.87 -1 1
-2177.26 5026.42 7547.32 9326.23 1 2
-3450.79 2169.23 -3818.94 5586.5 1 1
event 98
-7857 3183.99 14880.8 17404
818.688 12830.8 -44120.4 46059.7
-572.737 4412.57 -19534.5 20035.2 1 2
-3676.55 655.754 3984.45 5462.06 -1 1
1391.42 8418.28 -24585.9 26024.6 -1 2
-4180.45 2528.24 10896.4 11942 1 1
event 99
16887.2 14650.7 12742.7 25918.9
-8453.86 -2545.01 -16226.7 18730.7
11382.6 8823.53 9597.48 17307.2 1 1
5504.63 5827.16 3145.24 8611.65 -1 1
-5030.01 -204.061 -7089.09 8695.34 -1 2
-3423.85 -2340.95 -9137.57 10035.4 1 2
event 100
-142.886 -9187.58 42134 43235.4
5630.51 -2956.11 8920 11384.1
1208.37 -5125.37 26907.2 27417.8 1 1
-1351.26 -4062.21 15226.8 15817.6 -1 1
2499.6 -2210.92 6660.14 7450.16 -1 2
3130.91 -745.195 2259.86 3933.96 1 2
