event 0
-13116.7 -2178.75 48802.1 50675.8
8014.62 6977.47 14248.8 18042.6
7110.47 4504.25 11243.9 14045.8 1 2
-5263.67 644.046 19457.5 20167.5 -1 1
904.151 2473.22 3004.84 3996.82 -1 2
-7853.01 -2822.8 29344.6 30508.3 1 1
event 1
15192.6 -9305.84 35908.6 40204.9
4543.46 -2664.36 -15732.4 16877.2
9830 -4580.31 23563.8 25939.8 1 1
5362.62 -4725.53 12344.9 14265.2 -1 1
3175.41 -944.733 -12733.8 13158.1 -1 2
1368.05 -1719.63 -2998.57 3719.04 1 2
event 2
-8343.63 5057.77 -31859.8 33523.6
4676.56 -3092.67 13763.1 15180.5
2667.29 -3308.49 7796.88 8880.48 1 2
-3633.72 2250.03 -8329.39 9362.51 -1 1
2009.27 215.815 5966.19 6300.02 -1 2
-4709.91 2807.74 -23530.4 24161.1 1 1
event 3
14148.1 -1843.42 14927.8 20880.5
8122.6 -2963.1 25608.5 27205.6
5314.2 -3386.75 16442.7 17609.3 -1 2
4381.21 -881.493 2783.45 5266 1 1
9766.87 -961.922 12144.3 15614.5 -1 1
2808.4 423.654 9165.76 9596.3 1 2
event 4
2057.56 15876.5 -71631.4 73463.9
-225.476 5047.13 -2853.76 6577.2
-1633.62 2641.18 -1826.01 3604.17 1 2
-722.447 6013.05 -26908.6 27581.9 -1 1
1408.15 2405.96 -1027.75 2973.03 -1 2
2780 9863.45 -44722.8 45882 1 1
event 5
-5829.38 -5026.14 -3384.89 8960.59
4603.37 7390.22 -5731.29 10874
3431.06 2661.52 -2307.35 4918.42 -1 2
-3129.3 -1048.1 -464.651 3334.38 1 1
1172.3 4728.7 -3423.94 5955.62 1 2
-2700.08 -3978.05 -2920.24 5626.21 -1 1
event 6
-14309.3 1449.97 22077.3 26530.3
-3610.64 -4288.09 -8561.55 10691.8
-1201.4 -3178.95 -3020.94 4548.23 1 2
-4404.56 1890.44 7442.72 8853.2 -1 1
-2409.24 -1109.13 -5540.6 6143.62 -1 2
-9904.74 -440.464 14634.6 17677.1 1 1
