event 0
3529.52 5348.71 13119.7 14925.9
1203.57 -9262.51 25708.7 27527.7
2036.56 -3905.63 10849.8 11710.3 1 2
235.714 1986.2 1909.96 2767.61 -1 1
-832.99 -5356.89 14858.9 15817.4 -1 2
3293.81 3362.51 11209.7 12158.3 1 1
event 1
-829.563 -8135.29 -24375.1 25896.1
-2908.49 10419.1 37767 39407.5
302.961 4096.6 12097.5 12776.3 -1 2
-625.041 -3986.45 -16561.8 17046.6 1 1
-3211.45 6322.47 25669.5 26631.2 1 2
-204.522 -4148.84 -7813.33 8849.52 -1 1
event 2
-1929.27 -7301.7 -22954.5 24444.5
7263.61 2376.04 927.138 8298.03
3515.62 -301.653 1068.9 3688.4 1 2
1061.11 -2814.85 -8367.76 8892.69 -1 1
-2990.38 -4486.86 -14586.7 15551.8 1 1
3747.99 2677.69 -141.766 4609.64 -1 2
