event 0
-2832.15 6127.39 2856.39 8204.64
5262.01 -9091.01 9066.15 14216.9
-1069.51 4487.29 3403.13 5733.42 -1 1
-1762.64 1640.1 -546.743 2471.22 1 1
4036.17 -4459.33 3894.35 7166.13 -1 2
1225.84 -4631.68 5171.8 7050.81 1 2
event 1
-10079.2 -703.057 -14571.8 18000.4
-6173.51 -89.2664 -3997.36 7980.6
-5796.23 -610.695 -5725.52 8170.8 -1 1
-4282.92 -92.3616 -8846.3 9829.55 1 1
-1708.46 1253.09 -1971.11 2895.77 -1 2
-4465.06 -1342.35 -2026.25 5084.83 1 2
event 2
-3506.19 -3099.85 -6521.48 8603.67
6694.7 -18122.4 23227.8 30370.5
-1422.2 -3157.81 -4658.35 5805.67 1 1
-2083.99 57.9589 -1863.14 2798 -1 1
3106.25 -10018.4 14795.7 18136.8 -1 2
3588.46 -8104.03 8432.1 12233.7 1 2
event 3
7087.06 4145.67 27537.3 28901.7
-3780.03 -5847.45 -10261.2 12781.4
3963.87 3822.06 15076.8 16051.2 -1 1
3123.2 323.603 12460.5 12850.5 1 1
-2002.77 -1714.16 -6124.65 6668.73 -1 2
-1777.26 -4133.29 -4136.59 6112.71 1 2
event 4
7347.56 -2177.55 2528.1 8643.72
-9995 -3948.7 19838.3 22773.7
-7283.7 -2602.21 11133.3 13556.8 1 2
3351.24 7.68882 2330.81 4083.47 1 1
-2711.3 -1346.49 8704.98 9216.94 -1 2
3996.32 -2185.24 197.295 4560.25 -1 1
event 5
11453.3 1056.36 -6356.47 13501.5
2763.56 -5798.69 5919.17 9267.68
460.421 -4092.64 2559 4849.88 1 2
4424.77 -22.8103 -4118.73 6046 -1 1
2303.14 -1706.05 3360.17 4417.8 -1 2
7028.58 1079.17 -2237.74 7455.48 1 1
event 6
-7597.59 -361.933 13705.2 15977.4
5351.7 3846.64 -29566.1 30449.7
2841.7 3006.15 -23000.7 23370 -1 2
-3054.95 1297.25 4692.15 5748.3 -1 1
-4542.64 -1659.19 9013.09 10229.1 1 1
2510 840.483 -6565.4 7079.7 1 2
event 7
-5981.43 3963.78 -17702.5 19350.9
-6233.29 2419.43 -2501.26 8034.19
-2851.73 3687.69 -10117.2 11140 1 1
-3129.69 276.098 -7585.3 8210.92 -1 1
-2686 326.219 722.679 2802.58 -1 2
-3547.29 2093.21 -3223.94 5231.61 1 2
event 8
-5184.72 2321.37 -10151.8 12038.2
-2725.36 7924.56 -6818.67 11238.9
209.195 3486.21 -3612.83 5026.05 1 2
-1186.58 2024.25 -2723.15 3596.14 -1 1
-2934.55 4438.34 -3205.83 6212.81 -1 2
-3998.14 297.128 -7428.61 8442.09 1 1
event 9
-1130.94 6583.69 24597.4 25675.8
5346.06 10291.4 1413.2 12086.4
2656.31 2323.62 -141.955 3533.63 1 2
-1705.53 2078.61 6940.51 7443.88 1 1
2689.74 7967.77 1555.16 8552.77 -1 2
574.591 4505.08 17656.8 18231.9 -1 1
event 10
-1734.34 7466.24 -29980.3 31099.2
-6855.36 -2713.91 -5911.69 9944.89
-1646.44 4068.87 -11519.1 12327.5 1 1
-87.8943 3397.37 -18461.1 18771.7 -1 1
-5462.49 -651.2 -4207.76 6926.71 -1 2
-1392.86 -2062.71 -1703.93 3018.17 1 2
event 11
9438.47 4755.84 14588.5 18278.9
-5816.41 795.404 33710.5 34357.7
6937.66 1861 9710.49 12078.9 1 1
2500.81 2894.84 4877.98 6200 -1 1
-1923.69 1764.67 14303.3 14539.9 -1 2
-3892.72 -969.264 19407.2 19817.8 1 2
event 12
3582.58 5711.56 3351.38 8383.09
-1321.66 -7833.61 15235 17458.8
-1529.96 -2765.12 3764.72 4916.39 1 2
2242.79 871.876 2126.63 3213.1 1 1
208.3 -5068.49 11470.3 12542.4 -1 2
1339.78 4839.69 1224.75 5169.99 -1 1
event 13
2689.43 6133.55 -19865.1 21191.3
11494.7 7356.93 30394 33461
838.174 3353.94 -14191.3 14606.7 -1 1
1851.26 2779.61 -5673.86 6584.62 1 1
7716.51 3358.01 16643.6 18650.5 1 2
3778.17 3998.92 13750.5 14810.6 -1 2
event 14
1774.49 -5357.82 4007.11 7583.06
-1323.68 10551.8 -42688.2 44101.8
2212.66 -2633.72 1197.59 3643.86 1 1
-438.17 -2724.1 2809.52 3939.2 -1 1
-1113.68 6193.13 -19010.5 20025.1 1 2
-210.003 4358.67 -23677.7 24076.7 -1 2
event 15
-10266.6 -12010.9 31845.5 35684.6
-1038.95 10110.8 4534.05 11552.3
-1300.75 8041.91 4786.39 9449.08 -1 2
-2800.12 -3498.19 12362.2 13149.6 -1 1
-7466.52 -8512.76 19483.3 22535 1 1
261.799 2068.9 -252.346 2103.26 1 2
event 16
-5456.73 2438.35 -4226.01 7948.01
21596.9 -6533.32 -29932.1 37611.6
-2561.13 1651.76 -3866.3 4924.14 1 1
-2895.6 786.596 -359.709 3023.87 -1 1
17410.6 -3978.88 -23017.1 29133.5 1 2
4186.29 -2554.44 -6915.05 8478.16 -1 2
event 17
5490.18 11123.5 -23921.6 27124
3145.79 -5653.27 -6161.77 9455.89
2178.02 7756.97 -14758.1 16814.5 -1 1
3312.16 3366.58 -9163.54 10309.5 1 1
2585.92 -3705.12 -5865.34 7404.61 -1 2
559.872 -1948.14 -296.431 2051.28 1 2
event 18
-4504.61 3068.46 -21530.4 22424.5
-2664.66 -8874.87 38134.3 39366
-1720.2 2952.03 -13396.2 13825.5 -1 1
-2784.41 116.434 -8134.21 8599.02 1 1
-2579.98 -4066.68 15727.6 16448.8 -1 2
-84.6868 -4808.19 22406.6 22917.1 1 2
event 19
-2627.55 4493.9 -2344.08 6494.98
-28875.2 -2253.39 -43077.6 52001.2
-3025.82 2357.58 -1867.92 4267.79 1 1
398.266 2136.32 -476.166 2227.19 -1 1
-18942.4 -2708.61 -29753.6 35375.7 -1 2
-9932.75 455.221 -13324 16625.5 1 2
event 20
-2042.48 -5283.2 -1893.27 6727.49
2467.56 -10513.7 -29337.9 31415.5
1100.58 -3052.29 -13045.8 13443.7 1 2
-1725.47 -1136.14 -1486.13 2547.12 -1 1
1366.98 -7461.46 -16292.1 17971.8 -1 2
-317.005 -4147.06 -407.133 4180.37 1 1
event 21
-7242.42 5513.74 -8199.15 12636.1
7872.88 -6419.71 -10633.4 15028.5
5320.92 -2627.31 -7073.99 9234.04 1 2
-4370.84 1401.45 -3680.49 5884.35 1 1
2551.96 -3792.4 -3559.41 5794.42 -1 2
-2871.58 4112.29 -4518.66 6751.77 -1 1
event 22
19902.4 -19341.9 -12995.3 30800.7
-733.727 4627.92 -15161.4 16168.3
14611.6 -15695.5 -9177.13 23325.5 1 1
5290.82 -3646.34 -3818.13 7475.15 -1 1
-1892.04 2393.89 -7280.94 7895.17 -1 2
1158.31 2234.02 -7880.46 8273.17 1 2
event 23
-3255.67 9332.4 -21751.9 24092.1
10253 -2050.51 -44349.8 45670.8
-1490.16 5427.95 -8775.75 10426.3 1 1
-1765.51 3904.44 -12976.2 13665.8 -1 1
6680.12 20.9597 -24426 25323.2 -1 2
3572.89 -2071.47 -19923.7 20347.6 1 2
event 24
-1702.28 6396.31 -1778 7520.77
-1419.79 -11544.6 38936.6 40754.7
-1025.39 -3072.06 7048.43 7757.61 1 2
211.931 2631.33 -1963.53 3291.72 -1 1
-394.404 -8472.53 31888.2 32997 -1 2
-1914.21 3764.98 185.53 4229.05 1 1
event 25
-4559.87 6244.79 -19099.1 20836.4
-8758.21 -18199.2 2652.26 20604.4
-904.358 -4851.78 372.433 4950.51 -1 2
29.8046 2162.69 -5646.26 6047.27 -1 1
-7853.85 -13347.4 2279.82 15653.9 1 2
-4589.68 4082.1 -13452.8 14789.1 1 1
event 26
-4318.63 -1868.09 -8538.49 10229.2
-8275.95 7456.87 -36376.4 38169.7
-3237.94 -6.12892 -3612.97 4852.73 1 1
-1080.7 -1861.96 -4925.52 5376.5 -1 1
-3870.4 4099.88 -23212.7 23887.8 -1 2
-4405.56 3356.99 -13163.7 14281.9 1 2
event 27
-2453.37 -9922.58 17539.3 20535.2
7852.16 -9.26042 -32283.5 33368.7
3240.89 -1460.45 -15486.5 15889.6 -1 2
649.97 -2903.66 4257.91 5195.64 1 1
-3103.34 -7018.91 13281.4 15339.6 -1 1
4611.27 1451.19 -16796.9 17479.1 1 2
event 28
1282.98 -5387.71 26042.2 26804.1
-10679.6 -2629.23 41647.1 43186.1
-3320.47 -2038.65 11288.1 11942.2 1 2
1743.1 -1178.55 9046.11 9288.2 1 1
-7359.13 -590.582 30358.9 31243.9 -1 2
-460.119 -4209.16 16996.1 17515.9 -1 1
event 29
-8685.23 -1985.91 -14946.8 17674.2
-2489.44 -5886.27 -8707.82 11236.7
-4539.6 -1711.92 -5389.74 7252.53 1 1
-4145.63 -273.993 -9557.11 10421.6 -1 1
415.084 -2893.67 -3797.11 4793.21 -1 2
-2904.52 -2992.61 -4910.71 6443.46 1 2
event 30
-13098.1 -644.287 -16318.8 21162.9
1664.33 -6076.43 -4653.5 8422.52
-7396.4 161.648 -6866.52 10094.2 -1 1
-5701.67 -805.935 -9452.31 11068.7 1 1
2544.84 -3780.59 -2971.86 5441.71 -1 2
-880.51 -2295.84 -1681.64 2980.81 1 2
event 31
-6516.46 7513.36 -29447.8 31235.9
2785.11 7798.08 3077.47 9361.05
-4540.36 4753.3 -14716.8 16118.5 -1 1
-1976.1 2760.07 -14731 15117.4 1 1
-10.9021 2995.32 2235.96 3739.35 -1 2
2796.01 4802.76 841.511 5621.7 1 2
event 32
8960.39 3466.64 -15574.2 18559.5
-8359.44 1678.21 -33355.4 34566.9
-5371.26 691.577 -15103.7 16045.6 -1 2
3504.96 21.8248 -6990.96 7821.12 -1 1
5455.43 3444.81 -8583.27 10738.3 1 1
-2988.18 986.633 -18251.6 18521.2 1 2
event 33
-10092 -8653.47 -1780.37 13910
1684.72 -6752.11 -912.676 7671.57
332.316 -3847.81 -1916.22 4312.67 1 2
-5409.61 -3159.09 633.904 6297.36 -1 1
1352.4 -2904.3 1003.54 3358.9 -1 2
-4682.4 -5494.37 -2414.27 7612.68 1 1
event 34
10324.5 -13288.4 5532.78 17982.8
9815.79 -4988.58 17970.2 21301.5
6336.69 -7786.21 4858.41 11153.2 -1 1
3987.84 -5502.19 674.37 6829.56 1 1
6367.63 -2184.42 12951.3 14596.8 -1 2
3448.16 -2804.16 5018.92 6704.76 1 2
event 35
7269.56 1191.3 12272.1 14644.5
3259.28 8204.53 7072.24 11727.9
4046.04 179.329 3933.48 5646.77 -1 1
3223.52 1011.97 8338.6 8997.7 1 1
1175.73 6484.74 4389.75 7919.3 -1 2
2083.55 1719.79 2682.48 3808.64 1 2
event 36
-7152.51 2207.79 13956.4 16137.1
6140.25 -664.795 -11287.2 13233.9
-3464.79 2626.44 8310.12 9379.35 -1 1
-3687.72 -418.641 5646.33 6757.72 1 1
2537.44 1232.27 -5025.91 5764.37 -1 2
3602.81 -1897.06 -6261.33 7469.57 1 2
event 37
2764.73 -7014.55 11085.7 13759.8
-7766.04 -3211.54 19152.7 21143.4
-5644.9 -3038.19 11150.9 12862.7 1 2
376.523 -3586.66 3143.82 4785.46 -1 1
-2121.14 -173.348 8001.89 8280.74 -1 2
2388.2 -3427.89 7941.84 8974.29 1 1
event 38
-4466.92 -3751.84 21193 22198.3
7619.4 795.248 -7114.17 10903.7
3440.19 525.692 -1255.15 3701.06 -1 2
-276.934 -1988.25 5333.33 5699.6 1 1
-4189.98 -1763.59 15859.7 16498.7 -1 1
4179.21 269.556 -5859.02 7202.62 1 2
event 39
-1578.65 -8917.32 -3350.41 10140.3
2387.08 -4352.13 -6681.07 8880.67
2628.53 -1836.6 -4583.29 5594.64 1 2
57.9613 -4053.17 -2904.38 4987.79 -1 1
-241.455 -2515.53 -2097.77 3286.03 -1 2
-1636.61 -4864.15 -446.03 5152.53 1 1
event 40
5278.67 -12379.8 11911.4 18237.2
-13711.3 -3935.79 -56030.4 57900.7
-10025.5 -3970.01 -38194 39687.1 1 2
2247.51 -4669.43 2687.94 5838.75 1 1
-3685.83 34.2235 -17836.3 18213.5 -1 2
3031.16 -7710.37 9223.46 12398.4 -1 1
event 41
3627.48 11634.3 -30949.4 33406.2
686.471 8854.43 20035.6 22133.4
3436.68 8212.76 -25019.5 26556.5 1 1
190.793 3421.52 -5929.88 6849.66 -1 1
1660.43 2776.63 6375.9 7150.52 -1 2
-973.959 6077.81 13659.7 14982.9 1 2
event 42
3605.98 4692.16 16445.5 17750
-7545.87 -5621.34 2565.36 10232.9
3340.65 1845.41 9451.95 10193.9 -1 1
265.333 2846.75 6993.51 7556.1 1 1
-3476.82 -3981.05 2490.16 5843.72 1 2
-4069.05 -1640.29 75.2 4389.14 -1 2
event 43
-6005.13 4590.26 -6074.66 10179.6
9895.02 -3851.71 18281.7 21367.2
4299.82 -227.058 8504.83 9533.27 1 2
-619.511 2164.35 -1492.08 2702.9 -1 1
5595.2 -3624.65 9776.86 11834 -1 2
-5385.62 2425.91 -4582.58 7476.7 1 1
event 44
7250.54 -6956.29 -25783.2 27844.6
-9121.47 -3072.72 4008.59 10876.7
-7056.3 -1495.39 1728.57 7418 1 2
2244.77 -2598.11 -12930.4 13378.9 1 1
-2065.17 -1577.33 2280.02 3458.7 -1 2
5005.77 -4358.18 -12852.8 14465.7 -1 1
event 45
11244 -21261.4 26015.9 35565.4
2894.39 -4905.05 12957.3 14488.6
4591.58 -11659.2 12482.6 17687.4 -1 1
6652.38 -9602.24 13533.3 17877.9 1 1
3352.19 -2932.46 8932.29 9981.65 -1 2
-457.801 -1972.59 4025.04 4506.98 1 2
event 46
2033.41 -6438.03 42.4987 7428.11
8396.32 -6235.73 49936.6 51114
2175.8 -3872.61 -1155.77 4591.1 1 1
-142.386 -2565.42 1198.27 2837.01 -1 1
5108.61 -2067.76 28623.7 29149.6 1 2
3287.71 -4167.97 21312.9 21964.4 -1 2
event 47
-8787.1 2038.72 -13086.4 16193
5530.36 -4500.7 11957.3 14262.1
-4723.8 900.715 -9523.79 10669.6 1 1
-4063.29 1138 -3562.57 5523.45 -1 1
3174 -697.969 5819.92 6666.63 -1 2
2356.36 -3802.73 6137.38 7595.51 1 2
event 48
7105.9 -1421.47 13740.5 15840
-10726.4 -1658.84 52626.9 53823.7
4008.82 -2320.63 7528.41 8839.91 1 1
3097.08 899.167 6212.09 7000.11 -1 1
-5606.74 -2197.76 32150.9 32710.2 -1 2
-5119.67 538.914 20476 21113.4 1 2
event 49
2799.65 6296.78 7482.52 10633.3
1269.03 -8105.1 -13302.2 15932.4
2114.26 -3745.06 -7140.05 8335.89 -1 2
-562.847 2008.86 2390.03 3174.23 -1 1
3362.49 4287.91 5092.49 7459.03 1 1
-845.231 -4360.04 -6162.13 7596.54 1 2
event 50
-4995.12 4972.79 13516 15554.8
-1443.84 13836.4 -4242.36 14870.1
-3955.95 2955.78 6395.51 8080.84 -1 1
-1039.17 2017.01 7120.45 7473.97 1 1
-1813.34 7686.7 -3583.33 8673.24 -1 2
369.493 6149.72 -659.024 6196.86 1 2
event 51
-7042.35 10612.5 24328.7 27635
11296.1 -191.35 -60505.8 61629.4
9459.36 -1324.94 -49690.5 50600.3 1 2
-2034.84 3235.92 4577.77 5964.8 1 1
1836.76 1133.58 -10815.3 11029.1 -1 2
-5007.51 7376.56 19750.9 21670.2 -1 1
event 52
3773.71 -11082.2 -21468.4 24648.3
-19461.7 -5563.55 28337.4 34961.5
3180.36 -6348.56 -15137.5 16720.5 -1 1
593.356 -4733.61 -6330.84 7927.79 1 1
-11095.4 -3218.14 18737.9 22013.3 1 2
-8366.35 -2345.41 9599.47 12948.3 -1 2
event 53
-5202.37 -7852.72 31269.2 32803.8
7671.59 -1772.49 -1079.94 8529.48
3364.04 -1915.16 -1594.12 4187.71 -1 2
-495.716 -3335.84 9757.25 10324.2 -1 1
-4706.65 -4516.88 21512 22479.6 1 1
4307.56 142.671 514.173 4341.77 1 2
event 54
-4832.72 -3595.41 -9619.69 11764.9
5516.61 -6797.62 -13657 16515
2977.11 -2093.8 -7655.5 8477.33 -1 2
-1025.31 -2186.38 -5358.07 5878.06 1 1
2539.5 -4703.82 -6001.53 8037.69 1 2
-3807.41 -1409.03 -4261.62 5886.79 -1 1
event 55
-7210.16 10984.7 1001.66 13536.8
6326.68 20.3361 3827.29 8016.65
-3548.55 7948.47 1122.85 8777.37 -1 1
-3661.61 3036.27 -121.188 4759.43 1 1
3723.11 -1339.95 2988.91 4960.02 -1 2
2603.56 1360.29 838.382 3056.63 1 2
event 56
5829.66 -919.481 -5571.19 8686.75
-14271.8 -5808.53 7818.15 17553.8
3634.07 -155.443 -5174.7 6326.08 -1 1
2195.59 -764.038 -396.494 2360.67 1 1
-8948.8 -4244.4 6509.85 11852.7 -1 2
-5322.96 -1564.13 1308.3 5701.16 1 2
event 57
5402.93 1470.58 -2306.33 6801.77
-11796.3 -10985.5 -36313.9 39851.3
3174.52 -699.003 -825.129 3355.32 1 1
2228.41 2169.58 -1481.2 3446.45 -1 1
-5684.78 -6942.26 -22276.1 24015.6 -1 2
-6111.55 -4043.19 -14037.8 15835.7 1 2
event 58
-4423.22 7836.63 23361.1 25304.3
4908.3 5826.77 -24552.8 25893.5
2958.42 1486.56 -12596.7 13024.9 -1 2
-2459.87 1083.75 6297.27 6847.79 -1 1
-1963.34 6752.87 17063.9 18456.5 1 1
1949.88 4340.21 -11956.2 12868.6 1 2
event 59
-14296.6 15526.5 473.45 21337.3
-7736.73 -5335.46 22188.2 24294.6
-7467.87 7476.16 -1247.42 10640.9 -1 1
-6828.77 8050.37 1720.87 10696.4 1 1
-5338.09 -4370.87 12624.3 14386.9 -1 2
-2398.64 -964.595 9563.86 9907.7 1 2
event 60
-7556.73 -5889.67 -35785 37174.6
9310.72 24789.5 -122378 125248
-4479.45 -4530.89 -18548 19612.1 -1 1
-3077.28 -1358.78 -17237 17562.5 1 1
6315.66 15291.9 -69650.1 71588.3 -1 2
2995.06 9497.59 -52727.9 53660.2 1 2
event 61
2778.54 6535.22 13787.6 15815.1
356.03 8717.15 13025.3 15980.2
-1134.67 3454.82 6645.94 7576.47 1 2
1529.7 2486.78 8788.5 9261.37 1 1
1490.7 5262.33 6379.39 8403.69 -1 2
1248.84 4048.45 4999.05 6553.72 -1 1
event 62
13047 7121.18 -55439.1 57480.6
-6709.17 1844.09 -3578.83 8415.03
8920.09 5967.46 -35546.9 37131.9 -1 1
4126.92 1153.72 -19892.2 20348.8 1 1
-2697.99 -742.312 -1754.06 3304.25 -1 2
-4011.18 2586.4 -1824.77 5110.77 1 2
event 63
10619.5 -2546.35 6006.5 12842.4
-13157.9 2517.62 -65427.8 66857
-5435.96 1767.7 -21388.8 22139.7 -1 2
3518.4 -272.012 485.146 3563.65 1 1
-7721.95 749.915 -44039 44717.2 1 2
7101.13 -2274.34 5521.36 9278.75 -1 1
event 64
-1827.51 10200.2 33301.9 35014.2
-1113.77 -5429.9 -9786.03 11665.4
408.017 6330.25 19736.4 20731 -1 1
-2235.53 3869.95 13565.5 14283.2 1 1
-471.662 -3369.04 -2977.57 4522.17 -1 2
-642.103 -2060.85 -6808.46 7143.22 1 2
event 65
1111.24 -4758.94 259.403 5791.41
-23193.5 -9097.57 -19322.2 31680.3
1887.66 -2596.54 -719.902 3291.61 1 1
-776.416 -2162.4 979.305 2499.8 -1 1
-14224.3 -7159.57 -11984.6 19930.7 -1 2
-8969.12 -1938.01 -7337.6 11749.6 1 2
event 66
-1597.04 -5845.56 -9915.59 12026.3
-9545.92 8567.28 2513.97 13432.6
-271.689 -4083.92 -8412.68 9356.1 -1 1
-1325.35 -1761.64 -1502.91 2670.18 1 1
-4583.14 4773.98 2781.7 7179.49 1 2
-4962.78 3793.3 -267.725 6253.09 -1 2
event 67
-2946.96 5297.78 -15143.6 16603.3
-7569.43 636.629 -23169.5 24578.8
-3122.8 1665.43 -8283.95 9008.92 -1 2
349.549 2281.46 -4472.65 5034.18 -1 1
-4446.62 -1028.81 -14885.6 15569.9 1 2
-3296.51 3016.32 -10670.9 11569.2 1 1
event 68
-2747.28 5051.27 5049.92 8255.64
3533.01 9937.12 14668.1 18329.5
2366.32 3501.13 7616.19 8710.62 -1 2
-2001.47 722.656 1474.65 2591.12 1 1
1166.69 6435.99 7051.92 9618.93 1 2
-745.814 4328.61 3575.27 5664.52 -1 1
event 69
-3181.41 -9807.98 23431.8 25786.8
-1264.76 -7348.85 43566.4 44308.3
-2812.21 -6636.87 12857.3 14740.3 1 1
-369.196 -3171.11 10574.5 11046.5 -1 1
-1767.19 -1883.2 14005 14241.5 -1 2
502.428 -5465.65 29561.4 30066.8 1 2
event 70
4703.69 -6850.05 -42856.5 43764.4
640.375 -13709.2 20440 24814
-883.709 -4295.83 4861.17 6548.08 1 2
834.332 -3847.28 -20925.4 21292.8 1 1
1524.08 -9413.32 15578.8 18265.9 -1 2
3869.35 -3002.77 -21931.1 22471.6 -1 1
event 71
-5461.28 16952.9 15931.2 24096.1
-3209 4515.72 3083.36 7055.94
-3581.08 8760.28 6610.52 11544.6 1 1
-1880.2 8192.63 9320.71 12551.5 -1 1
-3320.61 2115.92 1808.97 4334.4 -1 2
111.609 2399.8 1274.39 2721.53 1 2
event 72
2528.46 8901.14 -27342.5 29031.5
7396.09 -3766.22 -16710 18913
3508.75 -407.554 -4975.66 6102.93 -1 2
2078.28 2185.24 -9029.78 9520.64 1 1
450.179 6715.89 -18312.8 19510.9 -1 1
3887.34 -3358.67 -11734.3 12810.1 1 2
event 73
-1737.58 -10116.2 1161.54 10784.1
10675.5 4452.5 11304.6 16467.4
-2427.19 -5109.71 829.025 5718.29 1 1
689.611 -5006.5 332.51 5065.8 -1 1
5720.17 3857.56 5597.2 8884.87 -1 2
4955.38 594.938 5707.39 7582.56 1 2
event 74
-4906.61 6476.95 196.665 8697.98
-3575.72 7950.74 -11683.5 14902.8
-1165.94 5728.82 -8613.13 10410.4 1 2
-1487.13 3338.85 1378.07 3907.64 1 1
-2409.78 2221.92 -3070.36 4492.46 -1 2
-3419.48 3138.1 -1181.4 4790.34 -1 1
event 75
10674.2 -8278.22 -11934.9 18289.4
6155.33 4035.31 22810.4 24167.7
3477.98 3697.88 17321.8 18050.6 -1 2
3773.5 -2576.66 -6025.38 7562.73 1 1
6900.7 -5701.55 -5909.57 10726.7 -1 1
2677.35 337.426 5488.58 6117.01 1 2
event 76
6438.91 382.734 17239 18665
-6388.61 -9886.77 7984.19 14556.8
-1156.09 -2860.09 705.54 3166.32 -1 2
2126.36 -1309.31 6755.9 7203.41 -1 1
-5232.52 -7026.68 7278.65 11390.5 1 2
4312.55 1692.04 10483.1 11461.6 1 1
event 77
-731.454 10348.9 1507.09 10931.5
5647.33 1726.78 -17357 18593.8
-1226.39 6604.02 2241.45 7081.83 1 1
494.938 3744.89 -734.362 3849.63 -1 1
1864.05 -784.799 -3962.57 4450.14 -1 2
3783.28 2511.58 -13394.5 14143.7 1 2
event 78
-5591.84 -6887.58 6597.19 11481.3
5283.07 1447.3 -878.4 6353.6
2944.81 2222.72 -1166.81 3871.04 1 2
-1332.62 -4015.82 3408.29 5434.18 1 1
2338.27 -775.419 288.407 2482.56 -1 2
-4259.22 -2871.76 3188.91 6047.17 -1 1
event 79
-17039.4 2629.25 3158.49 17799.4
-7567.67 1737.64 27745 28977
-9002.23 1419.05 99.786 9114.54 -1 1
-8037.16 1210.2 3058.7 8684.89 1 1
-3739 1910.3 10457.3 11269.2 -1 2
-3828.67 -172.652 17287.7 17707.7 1 2
event 80
-9998.56 3989.57 -26721.8 28974.7
7023.21 -6488.28 8816.44 13369.5
-6747.95 1186.05 -14993.2 16484.8 1 1
-3250.61 2803.52 -11728.7 12490 -1 1
3382.01 -1788.25 5028.01 6318.85 -1 2
3641.2 -4700.03 3788.42 7050.67 1 2
event 81
9472.88 -4993.77 10134.5 15065.6
3891.81 8271.95 8470.54 12841.7
3176.92 5338.97 7338.92 9616.04 -1 2
2929.82 -3239.24 3792.38 5785.31 1 1
6543.06 -1754.52 6342.11 9280.28 -1 1
714.893 2932.98 1131.63 3225.71 1 2
event 82
-541.669 -4988.52 -7218.91 9321.05
-8415.16 5424.15 -1533.48 10591.5
-1272.74 -3085.33 -6193.92 7036.68 1 1
731.073 -1903.18 -1024.99 2284.37 -1 1
-4404.31 2669.27 767.447 5207.98 1 2
-4010.85 2754.89 -2300.93 5383.47 -1 2
event 83
-3874.32 -4055.45 1139.79 6507.4
-9906.04 4903.61 -26535.4 28911.8
-1464.44 -3485.95 1358.89 4019.23 -1 1
-2409.88 -569.505 -219.095 2488.18 1 1
-5830.96 1780.73 -11389.9 12919.4 -1 2
-4075.08 3122.88 -15145.5 15992.4 1 2
event 84
1005.68 6502.1 16214.2 17770.2
-8840.71 7553.38 -62160.2 63314.2
-1194.54 2757.16 -15673.6 15959.4 -1 2
1509.36 1396.73 5922.3 6270.07 1 1
-7646.17 4796.22 -46486.6 47354.8 1 2
-503.679 5105.36 10291.9 11500.1 -1 1
event 85
7017.35 508.054 17315.2 18944.7
2052.75 6202.08 -16119 17666.1
2700.88 3357.27 -9592.45 10516.3 1 2
3012.05 112.015 3850.94 4891.41 1 1
-648.132 2844.81 -6526.51 7149.8 -1 2
4005.3 396.04 13464.2 14053.3 -1 1
event 86
8996.69 2454.84 -16179.1 18929.3
-442.368 4355.06 -17221.7 18037.2
1079.74 3009.53 -8518.56 9099.45 1 2
4341.33 917.034 -10655.8 11543.2 1 1
-1522.11 1345.53 -8703.16 8937.75 -1 2
4655.36 1537.8 -5523.29 7386.14 -1 1
event 87
10798.6 -1389.16 61580.3 62612.1
-7424.16 1544.52 -30775.3 31846.7
-5138.41 1951.26 -25440 26027.2 -1 2
5211.03 775.003 25698 26232.7 1 1
5587.6 -2164.16 35882.4 36379.4 -1 1
-2285.76 -406.749 -5335.26 5819.47 1 2
event 88
-489.31 6129.3 25086.5 26014.1
5706.16 -12595 20313.8 24767.6
-695.552 3134.45 7298.25 7973.97 -1 1
206.241 2994.85 17788.3 18040.1 1 1
4328.43 -6151.05 9711.35 12283.8 -1 2
1377.74 -6443.96 10602.4 12483.8 1 2
event 89
-12682.4 5430.59 -58497.3 60181.9
10319.4 -3224.29 -12399 16739.6
4245.25 -2344.56 -3738.68 6124.38 1 2
-1623.63 1962.25 -10606.3 10908.3 -1 1
-11058.7 3468.34 -47891 49273.6 1 1
6074.19 -879.724 -8660.36 10615.2 -1 2
event 90
-13087.7 1769.38 -52673.6 54392.3
-5874.24 1920.29 11856.6 13724.5
-2834.36 1460.73 8913.23 9467 1 2
-4769.79 -672.271 -16120.1 16824.8 -1 1
-3039.88 459.556 2943.33 4257.51 -1 2
-8317.93 2441.65 -36553.5 37567.5 1 1
event 91
4807.51 2044.75 1919.78 6369.42
3396.79 -9451.51 -13204.3 16876.4
3295.98 -140.99 451.381 3331.4 -1 1
1511.53 2185.74 1468.4 3038.02 1 1
823.705 -5142.09 -4779.48 7069.24 -1 2
2573.08 -4309.42 -8424.81 9807.16 1 2
event 92
-7677.29 5363.7 14328.1 17510
-6195.29 -156.299 -9844.47 12037.9
-6039 2605.21 11418.2 13177.3 1 1
-1638.29 2758.49 2909.92 4332.68 -1 1
-2298.35 -1338.56 -5326.25 5954.35 -1 2
-3896.94 1182.26 -4518.22 6083.54 1 2
event 93
-8296.77 561.891 -26250.5 27709.8
4524.31 848.916 2773.56 6516.95
-4325.53 -1169.3 -11759.3 12584.5 1 1
-3971.24 1731.19 -14491.3 15125.3 -1 1
3417.61 -975.207 881.339 3663.19 -1 2
1106.71 1824.12 1892.22 2853.75 1 2
event 94
-16703.5 -2797.31 -45923.6 49044.9
10280.1 -6312.91 -6614.95 14102.6
4192.18 -4122.09 -2245.07 6294.24 1 2
-5253.4 48.7366 -11200.1 12371.5 1 1
-11450.1 -2846.04 -34723.5 36673.4 -1 1
6087.96 -2190.82 -4369.88 7808.33 -1 2
event 95
962.007 -7326.79 -11926.7 14368.2
-482.773 -7631.11 -41950.4 42753.9
1318.78 -3490.42 -18915.9 19280.6 1 2
-583.598 -3327.87 -7384.09 8121.04 -1 1
-1801.55 -4140.7 -23034.5 23473.2 -1 2
1545.61 -3998.92 -4542.66 6247.17 1 1
event 96
5341.89 5862.12 4267.36 9523.75
4061.95 -4455.27 1049.82 6858.52
4259.02 2457.15 2803.36 5661 1 1
1082.87 3404.97 1464 3862.75 -1 1
2115.95 -300.026 717.982 2256.98 -1 2
1945.99 -4155.24 331.836 4601.54 1 2
event 97
6835.03 3696.6 22819.3 24304.2
-7682.45 6441.15 1908.93 10665.1
-2876.79 1305.85 1784.49 3629.98 -1 2
2279.54 1458.31 4138.44 4945.79 -1 1
-4805.65 5135.3 124.439 7035.07 1 2
4555.49 2238.29 18680.8 19358.4 1 1
event 98
1501.64 -4769.97 3639.18 6916.8
-8546.77 400.453 -21292.6 23155.4
2339.24 -2519.39 1747.64 3858.08 1 1
-837.601 -2250.59 1891.54 3058.73 -1 1
-4283.12 306.158 -6756.01 8005.85 1 2
-4263.65 94.295 -14536.6 15149.6 -1 2
event 99
-3995.32 -3131.62 -18404.5 19341.3
3643.25 -8203.87 6158.06 11317.7
-2008.35 -3360.41 -13027 13602.9 1 1
-1986.97 228.793 -5377.51 5738.39 -1 1
3497.66 -4116.02 3601.05 6492.61 1 2
145.594 -4087.85 2557.01 4825.06 -1 2
event 100
-8614.44 639.26 497.358 9189.94
-3210.74 6163.91 -2424.13 7985.63
-3118.6 3700.25 -2631.29 5509.3 -1 2
-4045.25 -1242.28 293.368 4243.18 1 1
-4569.18 1881.54 203.99 4946.76 -1 1
-92.1416 2463.66 207.164 2476.33 1 2
event 101
-3434.29 -9579.87 31710.6 33447.3
425.707 5323.81 35310.7 35846.3
-517.572 -5815.22 18801.5 19687.3 1 1
-2916.72 -3764.65 12909.1 13759.9 -1 1
1767.97 3124.71 19961.4 20281.9 -1 2
-1342.26 2199.1 15349.3 15564.4 1 2
event 102
-5236.04 6717.81 -8505.16 12428.7
-1348.53 12311.6 5668.01 13968.2
-1704.95 3928.5 1138.79 4432.6 1 2
-2011.6 529.554 -1868.17 2797.89 1 1
356.424 8383.05 4529.22 9535.6 -1 2
-3224.44 6188.26 -6636.99 9630.8 -1 1
event 103
-4288.52 8922.63 41122.8 42410.9
-5468.84 -5003.39 15223.2 17212.7
-2400.47 -3921.22 10637.6 11589.1 1 2
-3499.04 3779.12 21657.2 22261.4 -1 1
-3068.36 -1082.17 4585.61 5623.6 -1 2
-789.483 5143.51 19465.7 20149.5 1 1
event 104
-5833.19 4959.01 14298.5 16512.3
4234.73 7324.52 22903.2 24611.5
-3360.16 2214.89 4489.37 6030.09 -1 1
-2473.03 2744.12 9809.17 10482.2 1 1
1940.27 6090.34 16764.4 17942 -1 2
2294.46 1234.18 6138.75 6669.57 1 2
event 105
-9864.6 -3325.75 29526 31460.2
-2424.94 7094.13 -17906.5 19658.1
-1073.74 5557.94 -10010.6 11500.7 -1 2
-4564.31 68.1056 12537.9 13343.4 1 1
-5300.29 -3393.86 16988.1 18116.8 -1 1
-1351.2 1536.19 -7895.95 8157.37 1 2
event 106
14303.5 -949.161 -4380.3 15305.8
-2091.41 -8090.34 7765.21 11820.2
8919.77 -1936.33 -3419.69 9747.68 1 1
5383.74 987.172 -960.605 5558.15 -1 1
-2081.97 -4017.01 5618.75 7214.74 -1 2
-9.4339 -4073.34 2146.46 4605.5 1 2
