event 0
-4085.49 10950.7 31597.5 33832
7537.16 -1409.91 -33122.6 34139.3
-3559.75 7929.2 19469.1 21321.4 1 1
-525.745 3021.49 12128.4 12510.6 -1 1
2292.51 -1639.45 -8257.44 8725.81 -1 2
5244.65 229.532 -24865.2 25413.5 1 2
event 1
5026.35 3126.01 17998.3 19198.1
-2325.25 11463.1 13198.9 17905.6
2310.44 3102.49 12098.7 12702.5 1 1
2715.91 23.5244 5899.57 6495.6 -1 1
-1789.92 6166.6 5042.36 8165.01 -1 2
-535.33 5296.49 8156.55 9740.63 1 2
event 2
4350.81 -12026 5924.59 14430.7
13558.7 -6803.48 50670.6 52983.2
1899.09 -7760.85 4994.05 9422.79 1 1
2451.71 -4265.16 930.54 5007.95 -1 1
11002.1 -4061.05 38891.5 40621.4 -1 2
2556.66 -2742.43 11779.1 12361.9 1 2
event 3
-1945.88 7175.48 -13071.2 15353.2
4005.09 7439.14 -229.153 9001.37
623.303 4013.26 626.996 4110.84 1 2
-1647.98 1626.02 -2494.83 3405.16 1 1
-297.908 5549.46 -10576.4 11948.1 -1 1
3381.79 3425.88 -856.149 4890.53 -1 2
event 4
8757.95 3736.39 21006 23270.3
-10286.4 1918.01 -8866.81 14060.6
-6856.21 1724.14 -4066.31 8156.37 1 2
3245.06 2381.1 11649.6 12325.8 1 1
-3430.21 193.865 -4800.5 5904.23 -1 2
5512.89 1355.29 9356.42 10944.5 -1 1
event 5
-2067.06 11141.5 -8222.93 14339.2
-11371 3548.9 -6955.13 14137.1
-4634.14 2884.28 -3900.1 6709.42 -1 2
-1779.87 3519.39 -4007.78 5623.83 1 1
-287.196 7622.13 -4215.15 8715.39 -1 1
-6736.84 664.614 -3055.02 7427.72 1 2
event 6
-8954.77 5598.05 -42591 43989.9
3868.14 9274.47 -2692.81 10854.5
2543.05 3189.13 -2123.29 4599.7 1 2
-3461.41 545.722 -15304.3 15700.7 1 1
-5493.35 5052.32 -27286.7 28289.2 -1 1
1325.08 6085.34 -569.518 6254.81 -1 2
event 7
7322.15 -8252.54 -35346 37157.1
-7248.12 4831.61 26600.6 28161.4
-6034.11 2398.56 17682 18836.9 -1 2
1260.37 -2881.77 -6965.49 7643.45 -1 1
6061.77 -5370.77 -28380.5 29513.7 1 1
-1214.01 2433.04 8918.62 9324.51 1 2
