event 0
-1291.15 -17573.3 -71443.9 73649.9
-1498.27 -7335.18 -16651.4 18517.8
-488.369 -13452.3 -59006.6 60522.7 1 1
-802.779 -4120.98 -12437.2 13127.2 -1 1
927.366 -2447.5 -4738 5413.88 -1 2
-2425.64 -4887.68 -11913.4 13103.9 1 2
event 1
12019.8 1408.67 21970.4 25273.5
3117.7 7607.48 -24668.3 26186.1
2222.22 3911.01 -17516.1 18084.8 1 2
5234.23 -494.67 7289.48 8988.3 1 1
895.48 3696.46 -7152.27 8101.34 -1 2
6785.56 1903.34 14680.9 16285.2 -1 1
event 2
-6174.38 -2952.55 -9486.19 12100.5
-6633.22 5015.35 6392.09 10936.3
-2281.84 3304.19 1870.51 4431.08 1 2
-2855.5 -86.9065 -2246.88 3636.08 1 1
-4351.38 1711.16 4521.59 6505.26 -1 2
-3318.87 -2865.64 -7239.3 8464.37 -1 1
event 3
8072.2 12212.5 41053.9 43695.8
2653.81 -5116.95 13062.4 14609.7
4803.22 7108.71 28346.4 29616.4 -1 1
3268.98 5103.78 12707.6 14079.3 1 1
340.336 -3746.99 8771.04 9544.53 -1 2
2313.47 -1369.96 4291.37 5065.18 1 2
event 4
-4135.87 -7330.35 9722.55 13227.2
2341.19 5479.34 18967 20219.7
-3408.76 -2962.27 5367.16 7015.14 -1 1
-727.11 -4368.09 4355.39 6212.04 1 1
1655.96 2714.58 15007.2 15340.8 -1 2
685.225 2764.76 3959.74 4878.95 1 2
event 5
-11893.8 -267.285 -32107 34380
10130.3 967.13 -8721.84 13755.7
-7161.11 -1650.48 -18467.2 19876 -1 1
-4732.73 1383.19 -13639.8 14504.1 1 1
2997.17 1377.43 -1602.34 3668.65 -1 2
7133.15 -410.296 -7119.5 10087 1 2
event 6
4486.14 5667.19 -11594.2 14009.2
-7130.76 -13718.8 19872.1 25368.2
-2457.97 -2689.25 6187.6 7181.31 1 2
2325.56 1967.62 -2450.25 3910.83 1 1
-4672.8 -11029.5 13684.5 18186.9 -1 2
2160.59 3699.57 -9143.92 10098.4 -1 1
event 7
6462.93 4597.56 10615.2 13608.1
-5040.2 -6361.1 -14139 16594.3
-3027.36 -1863.77 -4223.68 5521.7 1 2
2062.03 1592.8 6058.51 6595.89 -1 1
4400.9 3004.77 4556.69 7012.21 1 1
-2012.84 -4497.33 -9915.35 11072.6 -1 2
event 8
5051.2 7687.12 9658.04 13692.2
-2533.91 -4038.01 -8168.21 9951.71
3974.95 3279.99 5490.15 7530.71 -1 1
1076.25 4407.12 4167.89 6161.45 1 1
-2849.02 -1796.46 -5509.42 6458.26 -1 2
315.118 -2241.56 -2658.79 3493.45 1 2
event 9
1094.72 5116.62 11895.6 13359.3
-39571.7 672.54 -41257.2 57254.9
1999.54 3305.4 9260.94 10034.9 1 1
-904.814 1811.22 2634.63 3324.4 -1 1
-29942.9 1172.41 -29510.6 42057.6 -1 2
-9628.82 -499.872 -11746.6 15197.3 1 2
event 10
-1633.09 10904.3 33560.8 35461.1
746.856 -5115.66 -12737.4 14091.1
-940.524 -2979.17 -8467.54 9026.1 1 2
731.746 5533.31 16168.2 17104.8 1 1
1687.38 -2136.48 -4269.82 5065.01 -1 2
-2364.83 5371.02 17392.6 18356.3 -1 1
