event 0
4840.09 7980.55 -15015.3 17949
1241.88 -14363.2 33439.5 36546.4
3019.7 5318.13 -6928.52 9242.11 -1 1
1820.39 2662.43 -8086.77 8706.85 1 1
1999.78 -7539.12 19649.2 21141 -1 2
-757.897 -6824.12 13790.3 15405.4 1 2
event 1
-2629.87 22435.8 -8011.32 24167.2
-2545.14 -7499.14 -39384.3 40291.8
-2851.13 -5435.11 -33238.7 33800.8 1 2
-100.031 8667.62 -4340.86 9694.94 1 1
305.992 -2064.03 -6145.51 6490.94 -1 2
-2529.84 13768.2 -3670.45 14472.2 -1 1
event 2
-6214.18 -4994.38 24053.4 25528.7
14613.4 -8509.09 -29962.8 34544.4
12697.7 -6076.76 -25117.9 28793.8 1 2
-1894.73 -2629.51 13476.8 13861.5 1 1
1915.62 -2432.33 -4844.83 5750.6 -1 2
-4319.45 -2364.87 10576.5 11667.2 -1 1
event 3
-6339.86 1420.88 10669.2 12870
7753.57 -3737.29 1138.17 9218
-3974.31 1092.31 9153.86 10039.6 1 1
-2365.55 328.568 1515.34 2830.41 -1 1
4718.71 -575.645 794.285 4820.75 -1 2
3034.86 -3161.65 343.883 4397.25 1 2
event 4
5178.88 4466.95 -17261.6 18823.6
5271.54 15.8985 23029.5 23827.3
3746.55 1408.9 13818.2 14386.7 -1 2
1256.25 3102.09 -7379.62 8103.77 1 1
3922.64 1364.85 -9882.01 10719.8 -1 1
1524.99 -1393 9211.3 9440.61 1 2
event 5
-2551.75 7932.31 34612.8 35736.1
12601.8 -8000.99 6204.94 16459.4
-800.558 4246.74 23568.5 23961.7 1 1
-1751.19 3685.57 11044.3 11774.4 -1 1
5965.87 -5606.64 3200.37 8790.88 -1 2
6635.88 -2394.35 3004.57 7668.54 1 2
event 6
-7557.42 3321.58 -10997.4 14095.5
-8723.85 8105.61 -9010.63 15250.9
-2865.36 2117.55 -1105.06 3731.84 -1 2
-1847.01 1888.72 -1888.56 3249.08 -1 1
-5858.49 5988.06 -7905.57 11519 1 2
-5710.41 1432.86 -9108.84 10846.4 1 1
