event 0
-2603.11 6407.11 11900 14107.7
8783.09 -3719.65 47167.1 48221.4
-457.784 3784.32 4080.66 5585.12 1 1
-2145.32 2622.78 7819.33 8522.58 -1 1
5382.18 -993.919 21456.8 22144.1 1 2
3400.92 -2725.73 25710.3 26077.3 -1 2
event 1
9532.62 -109.534 -3984.96 10786.8
-5418.83 -7580.32 2908.99 10241
-3789.12 -5481.1 3483.91 7519.89 1 2
3222.1 142.786 -2976.99 4390.44 -1 1
-1629.7 -2099.22 -574.917 2721.1 -1 2
6310.51 -252.32 -1007.97 6396.36 1 1
event 2
-8169.67 3649.9 5151.32 10779.2
7278.89 2567.16 13833.6 16141
5110.28 3196.44 10623.5 12214.9 1 2
-4420.9 481.87 3273.95 5523.26 -1 1
2168.61 -629.283 3210.06 3926.13 -1 2
-3748.77 3168.03 1877.37 5255.98 1 1
event 3
-1916.78 -10352.9 14855.4 18469.7
-4615.15 5031.95 10447.6 12859.4
-3001.99 3063.45 8896.54 9877.05 1 2
-56.7144 -4727.85 8841.94 10027.3 1 1
-1613.16 1968.5 1551.1 2982.34 -1 2
-1860.07 -5625.05 6013.5 8442.42 -1 1
event 4
2328.87 -5385.24 21332.7 22340.5
-9028.57 -3886.37 3082.67 10757
-2141.9 -2310.96 312.949 3168.18 -1 2
1834.68 -1305.4 4778.33 5283.34 1 1
-6886.67 -1575.41 2769.72 7588.85 1 2
494.192 -4079.84 16554.4 17057.2 -1 1
