event 0
-7912.54 -89.7852 6723.13 10835.5
-4777.12 -5266.69 10177 12795.3
-4231.86 -3.94783 5529.21 6963.61 -1 1
-3680.68 -85.8373 1193.92 3871.87 1 1
-3917.96 -2626.89 7907.11 9207.85 -1 2
-859.161 -2639.8 2269.85 3587.49 1 2
event 1
7217.44 2397.73 16271.7 18226.4
4059.28 8451.98 -4563.52 10878
700.658 4264.33 -1009.51 4439.11 1 2
1448.41 1563.52 6568.27 6906.21 -1 1
5769.03 834.217 9703.45 11320.2 1 1
3358.62 4187.65 -3554.01 6438.86 -1 2
event 2
11506.8 -2676.52 17324.8 21196.9
-7667.88 6411.65 -17445.7 20343.3
-4609.42 3866.99 -7400.19 9538.04 -1 2
5657.58 -1059.68 5802.73 8173.98 1 1
5849.17 -1616.84 11522.1 13022.9 -1 1
-3058.46 2544.66 -10045.5 10805.3 1 2
event 3
-1723.82 -7199.02 -1149.76 8106.2
3577.01 -6801.58 -14804.4 17082.5
-295.646 -3943.44 -2024.09 4443.67 1 1
-1428.18 -3255.58 874.331 3662.53 -1 1
3422.22 -2699.99 -8605.9 9647.49 -1 2
154.791 -4101.59 -6198.46 7435 1 2
event 4
8989.27 -2371.23 -29309.4 30904
1387.04 -4011.24 27028.2 27534.1
4812.14 -1231.66 -20419.6 21015.4 -1 1
4177.13 -1139.57 -8889.74 9888.66 1 1
2272.06 -2061.01 17552.7 17819.1 -1 2
-885.018 -1950.22 9475.42 9715 1 2
event 5
3999.69 9219.08 16052.8 19190.4
-5588.13 -5883.6 -4056.89 9586.09
1107.34 5047.59 10253.8 11482.8 1 1
2892.34 4171.49 5799.03 7707.58 -1 1
-5173.36 -3468.04 -3023.34 6924.07 -1 2
-414.776 -2415.56 -1033.55 2662.02 1 2
event 6
-13201.9 -10536.4 6145.78 18239.2
-1245.82 -6849.15 19930.3 21337.1
-7404.6 -5301.55 4857.6 10321.9 -1 1
-5797.34 -5234.85 1288.18 7917.29 1 1
-200.992 -4534.75 8597.48 9722.77 -1 2
-1044.83 -2314.4 11332.8 11614.3 1 2
event 7
-4054.69 -8678.27 -29958.8 31605
2251.02 5873.33 21117.4 22250.8
-9.25046 4159.86 13172.9 13814.5 -1 2
-109.661 -3162.24 -7404.09 8052.55 1 1
-3945.03 -5516.03 -22554.7 23552.4 -1 1
2260.27 1713.46 7944.51 8436.31 1 2
event 8
-7927.63 -6806.99 18191.4 21206.1
-4464.16 -5082.27 -449.463 7453.23
-4049.51 -4030.21 12734.2 13957.5 1 1
-3878.12 -2776.78 5457.18 7248.61 -1 1
-2167.01 -747.742 727.363 2407.34 -1 2
-2297.14 -4334.52 -1176.83 5045.89 1 2
event 9
4611.33 -2348.77 -2331.02 6465.7
8792.6 -4026.58 16683.1 19530.5
2375.8 -1852.33 -2813.1 4123.13 1 1
2235.53 -496.438 482.072 2342.57 -1 1
4526.1 -3726.71 10116.9 11693.4 -1 2
4266.5 -299.875 6566.22 7837.06 1 2
event 10
2789.77 8413.63 14749.5 17484.6
595.73 10397.1 -5200.45 12045.3
811.099 4965.26 5722.98 7620.72 1 1
1978.67 3448.37 9026.52 9863.85 -1 1
861.809 5263.02 -4240.71 6814.46 1 2
-266.078 5134.06 -959.738 5230.83 -1 2
event 11
9198.86 7418.44 33519.6 35676.4
1745.81 -4640.4 8214.95 10278.9
6904.43 5190.34 27933.1 29238.3 1 1
2294.43 2228.09 5586.52 6438.11 -1 1
-1144.3 -1701.62 2848.99 3511.81 -1 2
2890.11 -2938.78 5365.97 6767.12 1 2
event 12
-6247.91 1076.87 -7429.89 10246.5
782.64 -9482.25 5599.83 11466.2
-3594.71 1475.98 -2467.98 4604.63 -1 1
-2653.2 -399.118 -4961.9 5641.84 1 1
1318.08 -4873.96 4337.37 6657.08 1 2
-535.439 -4608.29 1262.47 4809.16 -1 2
event 13
-2263.03 6838.37 143.957 7841.93
14330.4 4774.66 50645.5 52940.7
-2345.06 3224.87 1028.74 4119.29 1 1
82.0238 3613.49 -884.778 3722.64 -1 1
9649.89 3688.55 38933.3 40280.7 1 2
4680.55 1086.11 11712.3 12660 -1 2
event 14
7394.92 -3143.22 20675.9 22397.5
-13634.7 6542.89 -74710.9 76289
-2708.95 2655.68 -21041.6 21381.1 -1 2
1001.73 -1818.2 5243.33 5640.3 -1 1
-10925.7 3887.21 -53669.3 54908 1 2
6393.19 -1325.02 15432.6 16757.2 1 1
event 15
5604.35 -2766.56 -7955.36 10580.2
11461.4 19385.1 55806.6 60258.7
2149.85 -2782.81 -4096.68 5399.98 -1 1
3454.5 16.2562 -3858.68 5180.2 1 1
8526.59 14598.1 38091.6 41674.8 1 2
2934.84 4787.04 17715 18583.9 -1 2
event 16
2728.26 5648.06 -27426.3 28304.4
7233.12 6209.66 -5166.8 11276.7
2408.3 3640.05 -23271.4 23677.4 1 1
319.954 2008.01 -4154.94 4627.01 -1 1
2891.24 4511.99 -2809.23 6051.47 -1 2
4341.88 1697.67 -2357.58 5225.26 1 2
event 17
6786.08 6555.86 7520.66 12457.2
-7766.68 -1796.27 -30467.4 31644.9
-2937.61 824.578 -11332.2 11736.2 -1 2
1915.18 1540.08 427.208 2496.68 1 1
4870.91 5015.78 7093.45 9960.52 -1 1
-4829.07 -2620.85 -19135.2 19908.7 1 2
event 18
-4697.38 8239.94 47283.2 48324.4
-12479 -1132.29 25743.6 28798.1
-9396.32 -2127.5 18358.9 20733.5 1 2
-2751.29 1925.48 14962 15334.6 -1 1
-3082.64 995.205 7384.68 8064.6 -1 2
-1946.09 6314.46 32321.1 32989.8 1 1
event 19
5772.81 5001.99 9897.97 12880.4
11450.2 2513.24 -11484.3 16700.5
8056.81 2876.35 -9351.55 12674.7 1 2
3517.41 1197.12 3528.46 5125.08 1 1
3393.41 -363.11 -2132.78 4025.79 -1 2
2255.4 3804.87 6369.51 7755.36 -1 1
event 20
-2278.59 -6283.96 4200.14 8480.11
6440.09 -7415.38 32392 34048.3
-2382.11 -3375.32 1210.15 4306.14 1 1
103.52 -2908.64 2989.98 4173.97 -1 1
2409.73 -4963.89 21107.6 21817.2 -1 2
4030.36 -2451.48 11284.4 12231.2 1 2
event 21
-8107.89 -1536.96 -16495.6 18702.9
1572.02 -6301.85 26811.4 27760.2
-4481.87 509.57 -6924.91 8265.13 1 1
-3626.02 -2046.53 -9570.71 10437.7 -1 1
716.589 -3388.98 20055.9 20353.1 -1 2
855.429 -2912.87 6755.56 7407.11 1 2
event 22
-2754.41 4715.46 -10428.7 12335.7
3731.21 19677.5 63331.4 66494.9
-2516.17 1728.93 -2818.78 4156.56 -1 1
-238.241 2986.53 -7609.9 8179.11 1 1
3506.05 12148.8 42618.9 44455.2 1 2
225.157 7528.65 20712.5 22039.8 -1 2
event 23
7418.9 2662.83 -14353.3 16665.5
12827.4 3555.3 -44684.2 46727.4
3436.52 2251.74 -15857.9 16381.8 -1 2
1652.87 2099.02 -4624.15 5341.52 1 1
9390.87 1303.56 -28826.4 30345.6 1 2
5766.03 563.807 -9729.12 11324 -1 1
event 24
5277.05 220.91 -14449.6 15693.3
9859.13 5160.05 -18644.3 21932.4
3386.2 -1363.51 -8448.11 9203.65 1 1
1890.85 1584.42 -6001.53 6489.62 -1 1
5801.3 1305.27 -9263.62 11008.4 -1 2
4057.83 3854.78 -9380.67 10924 1 2
event 25
9817.65 -189.869 24845.6 26894.5
4432.76 6996.31 -34907.1 36009.6
4457.98 4516.01 -25952.6 26717.3 1 2
3801.29 -830.834 13318.1 13875.3 -1 1
-25.2223 2480.3 -8954.52 9292.31 -1 2
6016.36 640.965 11527.5 13019.3 1 1
event 26
-10468.9 -319.398 -5856.54 12393.1
-3375.27 11608.5 32217.9 34550.5
-1734.13 9355.7 22243.3 24193.2 1 2
-3297.05 1298.92 -1526.17 3859.81 1 1
-1641.14 2252.78 9974.63 10357.3 -1 2
-7171.81 -1618.32 -4330.37 8533.29 -1 1
event 27
8167.67 -1918.32 -4110.74 9842.71
-9808.87 3763.82 -15015.1 18585.6
-4020.12 -15.4439 -5020.47 6432.56 -1 2
2002.83 855.244 -1092.07 2438.55 1 1
-5788.75 3779.26 -9994.68 12153.1 1 2
6164.84 -2773.56 -3018.68 7404.15 -1 1
event 28
-5374.44 145.03 10787.6 12444.7
1518.01 12967.8 66485.9 67826.5
-3129.36 996.248 8555.01 9164.32 1 1
-2245.08 -851.218 2232.61 3280.35 -1 1
1571.83 8215.68 48854.7 49565.8 1 2
-53.8218 4752.08 17631.1 18260.7 -1 2
event 29
10716.9 1027.73 1010.08 11248.1
12371.5 38223.9 -51176 65136
7731.55 1375 1959.62 8094.36 1 1
2985.36 -347.264 -949.545 3153.69 -1 1
8525.55 24183.8 -30463.9 39819.6 1 2
3845.93 14040.1 -20712.1 25316.4 -1 2
event 30
-14503 11201.8 -63449 66115
-8539.02 1884.18 -11181.2 14528.4
-8733.97 6731.33 -43383.3 44762.8 -1 1
-5769.06 4470.44 -20065.7 21352.1 1 1
-6064.25 2464.82 -6650.43 9332.19 -1 2
-2474.77 -580.647 -4530.79 5196.23 1 2
event 31
5855.69 10671.4 -5717.23 13800.2
-5600.67 502.624 -99.5003 6420.33
4664.53 7383 -2596.15 9111.4 1 1
1191.16 3288.36 -3121.08 4688.76 -1 1
-1593.72 -1215.6 345.102 2036.63 -1 2
-4006.95 1718.22 -444.602 4383.7 1 2
event 32
9594.11 -7968.04 42777.9 44666.3
9041.24 741.353 -9748 13671.3
7524.6 -4670.36 27036.8 28450.5 -1 1
2069.51 -3297.67 15741.1 16215.7 1 1
2760.36 -1063.27 -2207.24 3692.32 -1 2
6280.88 1804.62 -7540.76 9979 1 2
event 33
-7146.83 -1999.16 -12678.6 15013.7
-11198.7 930.298 -64118.9 65169.8
-3407.18 -2538.87 -6314.96 7612.14 -1 1
-3739.65 539.715 -6363.6 7401.54 1 1
-6994.31 -931.142 -38987 39620.6 -1 2
-4204.43 1861.44 -25131.9 25549.2 1 2
event 34
11335.7 7059.74 -10291.5 17141.9
-3689.18 -3965.56 4991.64 7990.22
-3412.34 -1680.27 3870.12 5427.37 1 2
3524.41 2682.27 -5234.87 6857.92 1 1
-276.841 -2285.29 1121.52 2562.85 -1 2
7811.3 4377.47 -5056.63 10283.9 -1 1
event 35
3633.92 8686.31 -12167.6 15693.9
5986.95 3273.89 654.043 7522.01
2850.21 4947.05 -5086.72 7647.41 1 1
783.713 3739.26 -7080.89 8046.51 -1 1
2297 289.044 -959.16 2508.17 -1 2
3689.95 2984.84 1613.2 5013.84 1 2
event 36
2974.62 -7507.19 15100.8 17402
-3347.63 -16095.5 -56624.5 59044
3285.98 -4596.03 10941 12314.1 1 1
-311.359 -2911.17 4159.79 5087.91 -1 1
-2582.79 -7977 -24277.5 25684.9 1 2
-764.845 -8118.52 -32347 33359.2 -1 2
event 37
-6381.75 558.172 4710.68 8533.45
8270.89 4237.89 -312.239 9800.84
-3776.89 858.337 4443.66 5895.67 -1 1
-2604.87 -300.165 267.021 2637.78 1 1
5539.97 1194.57 240.154 5673.36 -1 2
2730.92 3043.32 -552.393 4127.47 1 2
event 38
5934.25 2030.55 -11726.2 13654
16254.1 -1216.93 -52671.8 55223
4313.1 40.2019 -6128.82 7495.2 1 1
1621.15 1990.35 -5597.38 6158.85 -1 1
8338.25 920.044 -27039.8 28311.4 1 2
7915.82 -2136.97 -25632 26911.7 -1 2
event 39
-6794.51 -4810.86 -11961.5 14898.9
5559.81 2595.11 23005.9 24010.6
-5061.36 -1981.56 -6168.86 8222.53 1 1
-1733.15 -2829.3 -5792.61 6676.4 -1 1
826.923 1906.33 6442.09 6769.75 -1 2
4732.88 688.776 16563.8 17240.8 1 2
event 40
5356.3 -9287.97 -58775.7 59825.9
-6317.2 10200.5 10991.3 16563.7
1495.3 -5433.97 -33127.7 33603.8 1 1
3861 -3854.01 -25648.1 26222 -1 1
-4705.09 6698.61 5535.24 9882.27 -1 2
-1612.12 3501.9 5456.02 6681.43 1 2
event 41
-4118.47 4458.4 -697.247 6849.52
2949.54 -9481.4 13050 16688.1
-1462.07 3732.86 -14.1807 4010.4 1 1
-2656.41 725.532 -683.066 2839.13 -1 1
381.205 -5371.32 8347.85 9934.49 -1 2
2568.33 -4110.08 4702.18 6753.58 1 2
event 42
3271.5 5240.95 427.964 6924.21
-7323.98 1018.14 20443.3 21959
-3310.11 -1027.35 10030.4 10612.9 -1 2
2126.69 825.224 589.26 2358.43 -1 1
1144.82 4415.72 -161.296 4565.79 1 1
-4013.88 2045.49 10412.8 11346.1 1 2
event 43
7360.48 5797.78 -26829.7 28587
4083.21 3191.08 8286.42 10252.2
4967.97 2235.71 -12696.6 13816.5 1 1
2392.51 3562.07 -14133.1 14770.5 -1 1
3440.62 1107.14 3704.38 5176.6 -1 2
642.585 2083.94 4582.04 5075.62 1 2
event 44
-5119.18 5869.91 -6379.68 10533.4
-4379.03 -5733.91 -15124.1 17040.6
-2836.67 -1629.51 -8372.27 8989.34 -1 2
-875.803 2531.35 -869.546 2818.16 -1 1
-4243.38 3338.57 -5510.14 7715.25 1 1
-1542.36 -4104.4 -6751.83 8051.29 1 2
event 45
-6045.12 -3006.91 -17530.8 19039.6
4161.01 10311.1 60364.9 61458.5
-3708.41 -3232.51 -13564.9 14429.8 -1 1
-2336.71 225.607 -3965.85 4609.8 1 1
811.679 6114.08 31575.6 32172.5 1 2
3349.33 4197 28789.3 29286 -1 2
event 46
-2764.97 9097.01 -30564.8 32159
-6421.49 -6292.82 -9258.85 13272.2
-286.039 5961.66 -17029.1 18045 1 1
-2478.93 3135.35 -13535.7 14113.9 -1 1
-2684.18 -2472.13 -5964.32 6992.89 -1 2
-3737.32 -3820.69 -3294.53 6279.36 1 2
event 47
63.7744 3594.03 -6354.86 8178.82
17052.4 -23226.8 -106830 110691
-1679.95 2581.41 -4370.76 5347.95 1 1
1743.72 1012.62 -1984.1 2830.86 -1 1
13182.5 -18395.1 -78800.7 81986.1 -1 2
3869.88 -4831.71 -28029.7 28705.4 1 2
event 48
10111.5 -1931.59 -19798.6 22528.8
126.805 -5265.63 -10667.5 12293.5
-1467.92 -2829.38 -5872.07 6682.26 1 2
4201.63 -1652.85 -5957.2 7475.62 -1 1
1594.72 -2436.25 -4795.41 5611.2 -1 2
5909.86 -278.74 -13841.4 15053.2 1 1
event 49
-4181.73 984.311 -1426.33 5484.53
8799.37 1892.31 426.044 9527.97
-3012.22 -836.097 -909.564 3257.46 1 1
-1169.51 1820.41 -516.768 2227.07 -1 1
4369.13 1979.61 1383.58 4993.36 -1 2
4430.24 -87.3043 -957.539 4534.61 1 2
event 50
2496.81 -6814.87 -21302 22716.6
-3911.93 -9245.31 -5836.45 12018
-121.03 -3460.13 -2841.04 4479.93 1 2
2459.65 -2321.78 -9785.18 10353.8 -1 1
-3790.9 -5785.18 -2995.41 7538.09 -1 2
37.1585 -4493.09 -11516.9 12362.8 1 1
event 51
490.06 13657.2 27637 30986.3
13641.9 -1364.21 10947.5 17815.7
6807.26 342.178 3913.27 7860.07 1 2
1022.67 2962.12 4426.16 5424.21 1 1
-532.612 10695 23210.8 25562.1 -1 1
6834.59 -1706.38 7034.23 9955.65 -1 2
event 52
-4816.85 536.4 15341.3 16384
-10640.4 2444.76 13219.4 17422.3
-2912.55 -1038.54 6427.18 7133.11 -1 1
-1904.3 1574.94 8914.09 9250.89 1 1
-6022.21 -127.347 6340.06 8745.9 1 2
-4618.21 2572.1 6879.36 8676.42 -1 2
event 53
10170.9 -4448.05 -26127.7 28556.6
-6878.36 -5212.43 -23540.7 25263.3
-3601.14 -1028.08 -11670.2 12256.9 -1 2
2912.99 -911.972 -4227.01 5214.98 -1 1
7257.93 -3536.07 -21900.7 23341.6 1 1
-3277.22 -4184.35 -11870.4 13006.4 1 2
event 54
4737.49 -9856.36 -54473.1 55646.2
7094.36 6131.49 11784 15374.7
4040.95 1686.72 4200.73 6068.9 1 2
1746.85 -1055.03 -8441.94 8685.74 -1 1
2990.64 -8801.33 -46031.2 46960.5 1 1
3053.41 4444.77 7583.3 9305.75 -1 2
event 55
7620.64 143.259 -26993.8 28219.7
400.148 -6407.17 5677.1 9112.21
4099.9 1473.83 -12228.8 12982.2 1 1
3520.74 -1330.57 -14765 15237.5 -1 1
1489.67 -4305.9 2663.5 5278.76 -1 2
-1089.52 -2101.27 3013.6 3833.45 1 2
event 56
-4175.28 -6353.83 10298.3 13170
-2360.67 -7892.15 -2453.42 9136.13
-515.085 -3953.58 279.523 3998.17 -1 2
192.123 -2053.58 2268.31 3067.66 -1 1
-4367.4 -4300.25 8029.97 10102.4 1 1
-1845.59 -3938.57 -2732.94 5137.96 1 2
event 57
-10533.1 -1741.08 -10106.8 15023.8
-7971.67 -1973.1 5952.3 10604.8
-6040.81 -48.9511 4293.22 7411.93 1 2
-5243.51 -550.476 -2943.3 6039.17 1 1
-1930.86 -1924.14 1659.08 3192.85 -1 2
-5289.58 -1190.6 -7163.51 8984.66 -1 1
event 58
-6319.28 6692.88 24106 25988.8
1077.15 -8437.51 -3121.1 9575.18
-987.838 -3833.84 -1847.92 4370.37 1 2
-2091.9 426.998 4738.91 5198.73 1 1
-4227.37 6265.88 19367.1 20790.1 -1 1
2064.99 -4603.66 -1273.18 5204.81 -1 2
event 59
-7090.73 -6863.09 12983.4 16599.4
-3435.36 5543.16 -28552.1 29450.7
-1044.88 4258.75 -14954.1 15584.1 -1 2
-3706.08 -1894.25 3891.27 5698.81 1 1
-3384.65 -4968.84 9092.13 10900.6 -1 1
-2390.48 1284.41 -13598.1 13866.6 1 2
event 60
1704.3 9797.34 -10418.4 14731.8
15907.7 -1668.21 -22307.9 27623.8
4305.33 -43.6108 -8391.58 9432.26 1 2
200.544 3495.7 -5796.72 6772.98 -1 1
11602.4 -1624.6 -13916.4 18191.5 -1 2
1503.76 6301.64 -4621.67 7958.83 1 1
event 61
-6153.57 2502.43 9423.8 11938.5
5160.85 -5454.36 14800.9 16883.2
1007.61 -2855.87 3961.48 4987.56 -1 2
-1979.7 -572.629 1929.27 2824.96 -1 1
-4173.87 3075.06 7494.53 9113.52 1 1
4153.23 -2598.49 10839.4 11895.6 1 2
