event 0
-6458.54 -6301.49 12377.6 15627.5
-5092.51 -2072.54 -21173.3 22093.7
-4082.86 -236.13 -15909.3 16426.9 -1 2
-3104.3 -1074 4992.71 5977.33 1 1
-3354.24 -5227.49 7384.85 9650.12 -1 1
-1009.64 -1836.41 -5264 5666.8 1 2
event 1
1437.93 8059.41 -7149.26 11301.5
-7179.56 -2368.95 -6859.08 10667.5
-4206.1 -791.663 -5651.44 7089.99 -1 2
2058.68 3128.56 -3578.66 5181.12 -1 1
-620.75 4930.85 -3570.61 6120.38 1 1
-2973.46 -1577.29 -1207.64 3577.54 1 2
event 2
4528.29 701.727 -31986.6 32522.7
-8179.19 -8868.47 -8113.01 14864.7
2277.69 2202.6 -16707.2 17005.3 1 1
2250.6 -1500.88 -15279.4 15517.4 -1 1
-3352.02 -5902.09 -4364.98 8070.63 1 2
-4827.18 -2966.38 -3748.03 6794.11 -1 2
event 3
8399.02 2917.99 36167 37372.4
-1107.27 7877.29 -6176.43 10536.5
4277.75 2425.42 14508.5 15319.6 1 1
4121.27 492.577 21658.5 22052.9 -1 1
-1563.66 3088.31 -3892.41 5210.06 -1 2
456.392 4788.98 -2284.02 5326.4 1 2
event 4
1812.37 9117.26 10650.2 14471.6
2112.53 -5577.02 -18374 19564.3
62.3815 5426.57 4319.92 6937.18 -1 1
1749.99 3690.69 6330.31 7534.43 1 1
2357.88 -2350.25 -7247.75 7976.48 -1 2
-245.348 -3226.77 -11126.3 11587.8 1 2
event 5
-18810.8 -10206.9 27110.6 34678.6
13812.3 -3032.36 2418.8 14677
-14362.8 -6231.18 19791.7 25235.7 1 1
-4447.98 -3975.69 7318.87 9442.86 -1 1
5481.06 104.186 129.197 5484.59 -1 2
8331.24 -3136.54 2289.6 9192.44 1 2
