event 0
-3351.51 7418.99 8999.4 12524.1
-7070.09 6308.61 30958.8 32524.2
-4307.18 1875.12 16206.5 16873.9 1 2
-1791.22 2910.26 5945.38 6858.33 -1 1
-2762.91 4433.49 14752.3 15650.2 -1 2
-1560.29 4508.73 3054.02 5665.81 1 1
event 1
-889.175 7362.59 7831.19 11221.3
10203.4 2833.28 -57858.5 58901.1
4526.9 2850.12 -27177 27698.7 1 2
-997.273 1975.36 4119.6 4677.48 1 1
5676.51 -16.8429 -30681.5 31202.4 -1 2
108.098 5387.23 3711.59 6543.78 -1 1
event 2
7423.68 2051.09 3482.89 9002.18
16153.3 -2854.03 5864.65 17693.5
4362.92 282.683 550.032 4407.8 1 1
3060.76 1768.41 2932.86 4594.39 -1 1
8917.52 -2174.46 4764.74 10342.4 -1 2
7235.75 -679.567 1099.91 7351.12 1 2
event 3
-471.721 -6550.12 -3258.58 7958.39
-3664.19 6849.85 -6854.2 10812.9
-2100.22 2856.86 -1262.57 3765.34 1 2
281.202 -2371.91 -2807.65 3687.69 1 1
-1563.97 3992.99 -5591.63 7047.51 -1 2
-752.923 -4178.21 -450.936 4270.7 -1 1
event 4
4313.28 -7655.22 16475.5 18927.2
6498.6 -2096.88 7488.22 10596.8
2263.83 -2334.59 3356.46 4674.63 -1 2
1376.42 -2241.41 2397.72 3560.71 -1 1
2936.86 -5413.81 14077.8 15366.5 1 1
4234.78 237.707 4131.75 5922.2 1 2
event 5
5100.49 -8275.33 15460.8 18523.6
6679.33 -2651.94 -3585.13 8607.58
5311.83 -832.903 -1669.23 5630.87 -1 2
3341.75 -2547.52 6056.29 7372.04 1 1
1758.74 -5727.81 9404.55 11151.6 -1 1
1367.51 -1819.03 -1915.9 2976.71 1 2
event 6
-6307.39 3936.34 2820.89 8533.82
5098.13 -4417.83 889.018 7475.93
3114.88 -688.049 525.953 3234.77 1 2
-2558.39 1125.63 -429.981 2829.93 -1 1
-3749 2810.7 3250.87 5703.89 1 1
1983.25 -3729.78 363.064 4241.17 -1 2
event 7
-5581.01 1681.97 -4317.33 7887.18
-2340.54 21692.7 386.1 22040.7
-3391.97 296.614 -768.558 3492.18 -1 1
-2189.03 1385.36 -3548.77 4395 1 1
-2653.59 10909.2 -283.45 11231.4 1 2
313.047 10783.5 669.55 10809.3 -1 2
event 8
6747.13 1431.01 19297.2 20725.4
-13.1957 8372.41 -15187.1 17616.4
1191.32 4036.82 -9275.01 10185.9 -1 2
1813.7 993.895 2687.89 3393.12 -1 1
4933.42 437.114 16609.3 17332.3 1 1
-1204.52 4335.58 -5912.08 7430.48 1 2
event 9
-7825.41 3075.43 -3772.56 9722.06
5365.29 -7461.63 -27173.3 28852
5041.66 -5272.64 -22968.1 24099 1 2
-2769.68 2667.72 -2084.14 4375.23 1 1
323.627 -2188.99 -4205.21 4753.04 -1 2
-5055.73 407.709 -1688.42 5346.83 -1 1
event 10
-9619.18 2747.27 -27763.3 29672.7
-5995.35 107.316 1062.08 6831.75
-6280.99 273.972 -17768.6 18848.4 -1 1
-3338.18 2473.3 -9994.71 10824.3 1 1
-3716.23 1363.17 1411.99 4203.99 -1 2
-2279.12 -1255.86 -349.913 2627.77 1 2
event 11
4936.98 3849.41 18834 20087.4
-480.666 -12673.2 -14955.5 19851.9
2301.91 2511.75 5847.56 6768.52 -1 1
2635.07 1337.66 12986.4 13318.8 1 1
1214.21 -6756.94 -8597.7 11002.8 -1 2
-1694.88 -5916.21 -6357.8 8849.12 1 2
event 12
3586.07 5761.96 -4206.35 8564.12
-267.408 9004.19 -12246.1 15514.7
502.146 3730.09 -2144.36 4333.04 -1 1
3083.92 2031.87 -2061.99 4231.08 1 1
-978.06 4636.13 -4206.36 6336.79 1 2
710.652 4368.06 -8039.75 9177.89 -1 2
event 13
-9488.29 1874.12 49443.2 50475.4
6548.98 -4311.14 -23937.1 25378.2
3840.38 -814.071 -12991.4 13572 -1 2
-3361.8 -801.047 18028.5 18357 1 1
-6126.49 2675.17 31414.7 32118.3 -1 1
2708.6 -3497.07 -10945.7 11806.1 1 2
event 14
-220.138 -6115.65 -7017.94 9812.85
-7271.07 -9699.39 51360.9 52862.8
-1164.8 -3484.13 -2324.16 4348.43 1 1
944.659 -2631.52 -4693.78 5464.43 -1 1
-5190.89 -4361.15 28125 28930.8 -1 2
-2080.18 -5338.24 23235.9 23932.1 1 2
event 15
-8877.75 3815.19 15043.1 18145.4
3412.37 -8726.19 7351.19 12305.3
-5631.63 1072.53 7004.82 9052.3 -1 1
-3246.12 2742.66 8038.32 9093.14 1 1
1642.31 -6362.87 6469.05 9221.88 -1 2
1770.06 -2363.32 882.135 3083.46 1 2
event 16
2500.14 -4449.73 10993.9 12510.3
-6273.34 6157.4 8696.85 12747.3
2791.82 -1947.15 7045.4 7825.25 1 1
-291.683 -2502.59 3948.52 4685.08 -1 1
-4324.34 2476.36 3519.46 6101.64 -1 2
-1949 3681.04 5177.39 6645.69 1 2
event 17
6942.11 -5604.92 -23947.6 25742.7
5536.25 6417.79 930.136 9071.62
1998.47 3840.73 1650.3 4634.62 1 2
3601.91 -1576.91 -13440 14003.7 -1 1
3340.2 -4028.01 -10507.7 11739 1 1
3537.78 2577.06 -720.162 4437 -1 2
event 18
6531.67 1481.71 -14892.8 16620.6
-5330.77 -4616.01 -7040.09 10434.4
3577.03 2045.84 -10639 11409.6 1 1
2954.64 -564.135 -4253.82 5210.98 -1 1
-3757.95 -2288.46 -5991.15 7434 -1 2
-1572.82 -2327.55 -1048.94 3000.45 1 2
event 19
-4588.76 10621 -4858.08 12924.9
3472.84 -6229.73 14775.6 16696.7
3322.34 -3532.66 11272.1 12271.4 1 2
-2442.64 5115.6 -4032.71 6957.71 1 1
150.502 -2697.06 3503.56 4425.26 -1 2
-2146.12 5505.41 -825.368 5967.22 -1 1
event 20
4107.89 3473.63 10881.9 12527.8
26001.9 -10805.7 -59514.6 65912.4
3345.79 853.009 6592.6 7442.81 1 1
762.096 2620.62 4289.28 5085.04 -1 1
20752.6 -9637.01 -46312.4 51656.5 1 2
5249.27 -1168.68 -13202.3 14255.9 -1 2
event 21
4159.59 6904.66 -22553 24149.6
6109.7 -8449.07 28339.3 30355
4352.8 -6838.84 24760.2 26053.7 1 2
408.376 3330.09 -10671.8 11187.3 1 1
1756.9 -1610.23 3579.14 4301.27 -1 2
3751.22 3574.57 -11881.1 12962.3 -1 1
event 22
4323.51 -56.7259 -1346.25 5486.28
13378.5 -11003.3 10974.8 20738.7
2729.21 -1325.57 10.6481 3035.95 -1 1
1594.3 1268.84 -1356.9 2450.33 1 1
8087.43 -7702.03 8470.24 14017.3 1 2
5291.03 -3301.31 2504.59 6721.44 -1 2
event 23
-5940.63 -3879.46 30221.5 31197.3
9478.72 3743.52 26768.2 28809.5
7912.69 1762.99 21075.2 22580.8 1 2
-3674.66 -567.152 15211.2 15659.4 1 1
1566.04 1980.54 5693.03 6228.7 -1 2
-2265.97 -3312.31 15010.3 15537.9 -1 1
event 24
6935.8 -5761.82 35090.8 36362.9
-6512.73 4307.23 -35713.4 36688
3350.27 -4687.71 22576.5 23300.4 -1 1
3585.53 -1074.11 12514.3 13062.5 1 1
-2471.29 286.734 -14948.8 15154.8 -1 2
-4041.45 4020.5 -20764.7 21533.2 1 2
event 25
-5490.3 5052.83 10001 12856.3
7534.55 -8767.03 20188.9 23469.4
-2411.11 4164.72 5229.38 7107.46 -1 1
-3079.19 888.105 4771.61 5748.87 1 1
4878.71 -4653.17 8916.59 11179 1 2
2655.84 -4113.86 11272.3 12290.4 -1 2
event 26
7398.76 -3779.42 28530 29876.1
-84.139 -7098.53 2614.39 8174.48
1482.28 -2992.87 1313.95 3590.55 -1 2
3226.29 -65.6399 12037.3 12462.8 -1 1
4172.47 -3713.78 16492.7 17413.3 1 1
-1566.42 -4105.66 1300.44 4583.93 1 2
event 27
711.302 7612.98 -1402.04 8603.39
6836.5 3757.24 12072.5 14703.4
2844.84 1069.18 7376.21 7978.47 1 2
1835.99 2277.46 -1146.01 3143.59 -1 1
-1124.69 5335.52 -256.025 5459.8 1 1
3991.66 2688.06 4696.27 6724.97 -1 2
event 28
5824.61 9715 2700.07 12049.4
-6595 -1315.52 -9613.53 12134.1
4616.26 4737.61 1684.3 6826.62 -1 1
1208.36 4977.39 1015.77 5222.79 1 1
-3126.4 -2100.61 -4064.85 5542.66 -1 2
-3468.6 785.097 -5548.68 6591.4 1 2
event 29
-2035.95 -4998.98 6909.63 9298.87
-5750.02 -7264.46 5767.87 11344.2
-2279.45 -2816.02 564.307 3668.17 -1 2
752.726 -1933.49 2306.63 3104.3 -1 1
-3470.57 -4448.43 5203.57 7676.05 1 2
-2788.67 -3065.48 4603 6194.56 1 1
event 30
11629.8 -9948.31 51090.7 53423.5
-60.4016 5488.24 19372.9 20372.2
1415.5 3742.42 12892.9 13499.9 1 2
6273.15 -3695.02 26987.6 27952.6 -1 1
-1475.9 1745.82 6480.05 6872.29 -1 2
5356.65 -6253.29 24103.1 25470.9 1 1
event 31
-374.258 -8282.9 -26780.7 28205.4
10805 -1625.93 40590.1 42149
8034.87 -1362.94 34544.1 35492.6 1 2
-1050.16 -3026.63 -6556.35 7297.96 -1 1
2770.16 -262.984 6045.95 6656.4 -1 2
675.903 -5256.26 -20224.4 20907.5 1 1
event 32
7893.74 -1250.57 2741.23 8998.91
2881.62 -9031.24 35483.8 36858.6
2675.89 -6178.07 28993.4 29765.1 1 2
2912.4 963.043 1457.32 3397.72 1 1
205.732 -2853.17 6490.34 7093.56 -1 2
4981.33 -2213.62 1283.91 5601.19 -1 1
event 33
10191.1 8260.95 3164.23 13845.7
-3888.09 -4371.81 7495.22 9999.98
-1798.77 -3907.58 6014.51 7395.28 1 2
4551.12 1819.1 845.191 4974.67 -1 1
-2089.32 -464.23 1480.71 2604.7 -1 2
5639.95 6441.85 2319.04 8871.05 1 1
event 34
5619.56 5472.89 43064.2 43882.3
8285.07 -2105.66 -21604.5 23439.8
5901.31 -2297.62 -18256.8 19324.2 1 2
3146.33 1040.51 19176.2 19460.7 -1 1
2383.76 191.967 -3347.78 4115.58 -1 2
2473.23 4432.38 23888.1 24421.6 1 1
event 35
-7059.74 859.019 27358.2 28436.6
-10030.9 9.06484 -42541.3 43817.5
-3022.79 128.927 -7616.3 8195.92 1 2
-2717.08 -1103.62 12121.5 12471.7 -1 1
-7008.16 -119.862 -34925 35621.6 -1 2
-4342.65 1962.64 15236.7 15964.9 1 1
event 36
6045.56 -3168.68 -13526.6 15464.5
8593.33 2306.12 -9917.35 13678.8
3910.72 1421.83 -6833.99 8001.87 -1 2
2788.17 163.509 -5854.82 6487.74 1 1
4682.61 884.291 -3083.36 5676.89 1 2
3257.39 -3332.19 -7671.8 8976.73 -1 1
event 37
-4454.58 -5040.9 -8266.2 11098.4
-5500.65 15516.3 -84578.6 86221.5
-2513.95 -3041.74 -6999.68 8036.1 1 1
-1940.63 -1999.15 -1266.52 3062.33 -1 1
-4541.09 8511.67 -46127.1 47125.3 1 2
-959.564 7004.68 -38451.5 39096.2 -1 2
event 38
-5045.4 3044.92 -81.4106 6657.75
-7360.42 10866.4 -15579.5 20605
-1974.11 2943.67 303.988 3558.92 1 1
-3071.29 101.244 -385.399 3098.83 -1 1
-3340.94 7574.64 -9939.24 12935.9 1 2
-4019.49 3291.75 -5640.21 7669.1 -1 2
event 39
-3274.97 -3537.06 -24823 25475.7
-2511.89 9164.13 9907.85 14072.9
-2958.47 -1016.62 -15455.9 15769.7 -1 1
-316.506 -2520.44 -9367.11 9706.01 1 1
-1212.59 5158.72 7612.14 9275.7 -1 2
-1299.3 4005.41 2295.71 4797.19 1 2
event 40
-11058.5 2138.29 39220 40922.7
1681.07 -10644.3 -963.792 11253.7
2343.77 -8435.93 -1501.38 8883.89 1 2
-4786.51 -621.854 16319.1 17018.3 -1 1
-662.698 -2208.33 537.588 2369.82 -1 2
-6271.98 2760.14 22900.9 23904.4 1 1
event 41
-3837.41 2246.9 17982.5 18781.2
616.329 -8708.09 36635.7 37788.6
-1610.02 2694.64 10081 10558.9 -1 1
-2227.39 -447.745 7901.46 8222.28 1 1
-824.989 -4710.11 15177.2 15913.1 1 2
1441.32 -3997.97 21458.5 21875.5 -1 2
event 42
2516 -7361.99 827.429 8414.57
-4784.47 7377.26 22549.4 24400.4
-688.707 2998.6 5188.11 6032.71 1 2
-313.809 -2836.16 -534.113 2904.95 -1 1
-4095.76 4378.66 17361.3 18367.7 -1 2
2829.81 -4525.83 1361.54 5509.63 1 1
event 43
2731.17 -6830.8 -5680.65 9796.94
-8817.42 9272.95 20677.2 24512.7
-7554.95 7328.69 18722.3 21478.4 1 2
-90.4975 -3681.76 -3284.03 4935.54 -1 1
-1262.48 1944.26 1954.89 3034.27 -1 2
2821.67 -3149.04 -2396.61 4861.4 1 1
event 44
-12939.6 15894.2 39677.9 44765.9
-6386.2 2218.18 1485.59 7582.99
-3149.14 2456.42 -38.8159 3995.47 1 2
-4980.12 8115.9 16399.5 18963.8 -1 1
-3237.06 -238.249 1524.41 3587.52 -1 2
-7959.5 7778.34 23278.4 25802.1 1 1
event 45
-7804.83 110.495 47113.6 47856.1
-131.983 -5480.87 3780.88 7344.95
-148.546 -3007.62 237.536 3022.49 1 2
-3819.96 -1471.37 21635 22019.1 1 1
16.563 -2473.25 3543.35 4322.46 -1 2
-3984.86 1581.87 25478.6 25837 -1 1
event 46
-5731.78 2204.91 -10183.1 12288.3
7014.15 -4394.43 9404.98 12905.6
3888.27 -1477.91 6562.87 7770.8 -1 2
-2261.01 -674.035 -3737.37 4421.04 -1 1
-3470.77 2878.94 -6445.73 7867.23 1 1
3125.88 -2916.52 2842.11 5134.78 1 2
event 47
7255.26 3508.73 9125.26 12562.3
-13026.8 -7016.99 -21378.7 26183.5
3670.39 2573.76 2973.8 5380.58 1 1
3584.87 934.972 6151.46 7181.72 -1 1
-9915.29 -3741.99 -15001.2 18367.4 -1 2
-3111.5 -3275.01 -6377.51 7816.07 1 2
event 48
15915.4 6353.09 38100 41891.1
-6879.05 6058.94 -4324.75 10598.4
8434.76 4786.13 19401.7 21690.8 1 1
7480.68 1566.96 18698.3 20200.3 -1 1
-3780.5 5079.59 -2154.79 6689.44 -1 2
-3098.55 979.354 -2169.96 3908.97 1 2
event 49
-9811.88 16777.7 -41930.6 46319.9
-7335.49 2425 -2134.59 8592.85
-5877.06 12769.7 -30472.8 33559 1 1
-3934.82 4007.97 -11457.8 12760.9 -1 1
-4989.59 1395.66 112.71 5183.41 -1 2
-2345.9 1029.33 -2247.3 3409.44 1 2
event 50
12997.9 -9356.17 -27350.7 31845.5
-10257.6 3156.57 -20786.8 23598
-3785.49 2053.48 -10990.3 11804.4 -1 2
2518.94 -3003.68 -8509.32 9369.47 -1 1
10479 -6352.5 -18841.4 22476.1 1 1
-6472.11 1103.09 -9796.53 11793.6 1 2
event 51
15417.9 780.663 -3602.24 16275.2
-499.783 -7177.52 31986.5 32931.6
9719.58 -875.545 -1054.11 9816.27 1 1
5698.29 1656.21 -2548.12 6458.92 -1 1
649.41 -4478.4 23991.9 24415.1 -1 2
-1149.19 -2699.12 7994.59 8516.49 1 2
event 52
-2630.51 -6899.23 -9052 12085.1
5779.44 -2853.88 -7929.9 10678
2882.72 -3049.23 -4067.38 5844.88 -1 2
-1900.85 -2508.67 -5700.36 6512.45 -1 1
-729.659 -4390.56 -3351.64 5572.62 1 1
2896.73 195.349 -3862.53 4833.16 1 2
event 53
10808.4 3483.34 -4982.2 12781.6
4421.79 4742.72 -2953.08 7768.98
6872.59 2612.97 -4726.21 8741.18 -1 1
3935.8 870.364 -255.998 4040.39 1 1
542.492 2408.32 -1906.35 3120.84 -1 2
3879.3 2334.39 -1046.72 4648.13 1 2
event 54
6399.3 -505.178 11141.1 13225.7
-6811.92 -2089.5 -2675.6 8216.94
-2398.94 -1969.88 -2133.17 3767.88 -1 2
2032.46 -1542.81 5047.08 5656.44 1 1
4366.84 1037.64 6093.98 7569.26 -1 1
-4412.98 -119.615 -542.427 4449.06 1 2
event 55
-5508.17 -3573.08 -4402.04 8489.68
-4291.27 -6597.15 11083.7 13941.9
-3974.93 -959.352 -1704.64 4431.41 1 1
-1533.24 -2613.72 -2697.4 4058.26 -1 1
-928.413 -4215.38 6117.75 7487.95 -1 2
-3362.86 -2381.78 4965.96 6453.96 1 2
event 56
1436.08 -5486.58 1835.7 6717.55
7035.91 499.594 -8230.08 11272.9
3194.02 -1035.32 -4997.24 6021.4 1 2
-533.531 -1944.15 1734.76 2661.75 -1 1
3841.89 1534.92 -3232.84 5251.52 -1 2
1969.62 -3542.42 100.939 4055.8 1 1
event 57
-4159.02 3294.27 -787.609 6508.24
-4853.38 -12810.6 5236.23 14989.2
-2511.85 1681.09 1396.02 3330.99 -1 1
-1647.17 1613.19 -2183.63 3177.26 1 1
-4263.21 -7397.1 3866.44 9372.97 -1 2
-590.169 -5413.53 1369.79 5616.24 1 2
event 58
10082.3 -3677.09 40402.5 41918.1
6567.08 -3467.85 1075.33 8117.81
6709.01 -1646.58 20600.5 21728.2 1 1
3373.3 -2030.51 19802 20189.9 -1 1
2653.43 -9.99653 1149.89 2893.82 -1 2
3913.65 -3457.85 -74.5602 5223.99 1 2
event 59
-3735.42 -4055.73 -396.046 6336.4
-13217.9 -3536.4 15420 20846.7
-1635.55 -3670.27 -945.607 4129.31 1 1
-2099.87 -385.457 549.561 2207.08 -1 1
-6716.96 -3276.69 7383.96 10506.6 1 2
-6500.92 -259.714 8036.02 10340.1 -1 2
