event 0
-8987.87 -5049.61 -18955.3 21798.5
546.618 5040.24 15170.1 16291.8
-4140.22 -4054.03 -9576.97 11194 1 1
-4847.65 -995.572 -9378.35 10604.5 -1 1
-706.175 3043.1 11588.9 12003 -1 2
1252.79 1997.14 3581.21 4288.85 1 2
event 1
12692 22412 -56395.1 62075.6
-9853.24 500.494 35711.5 37178.5
10901.3 18753 -49859.8 54373.9 1 1
1790.66 3658.98 -6535.36 7701.73 -1 1
-1895.73 1050.67 10976.5 11188.9 -1 2
-7957.51 -550.175 24735.1 25989.6 1 2
event 2
8278.13 -666.714 36491.5 37552.6
7186.06 3327.32 8342.98 11912.4
4703.15 3648.92 6404.05 8743.99 1 2
3980.68 -1870.49 18100.8 18627.8 1 1
2482.91 -321.597 1938.93 3168.42 -1 2
4297.44 1203.78 18390.7 18924.7 -1 1
event 3
-5810.16 2093.92 -616.985 6936.42
-3454.85 -11737.4 7917.59 14899
-3238.31 1124.32 1207.3 3635.86 1 1
-2571.84 969.597 -1824.29 3300.56 -1 1
-1997.78 -6001.86 2279.1 6724.5 -1 2
-1457.07 -5735.53 5638.49 8174.54 1 2
event 4
3725.78 5218.06 20542.7 21741.7
8443.14 -3995.83 41482.1 42633.4
1962.93 3579.93 16812 17301 -1 1
1762.85 1638.13 3730.66 4440.73 1 1
4141.97 -3088.09 27319 27803.4 1 2
4301.16 -907.744 14163.2 14830 -1 2
event 5
2791.9 -11217.2 18383.4 21935.3
6249.74 6674.41 20755.4 22890.7
4423.51 5797.6 18337.2 19734.3 -1 2
-450.786 -4255.27 6250.9 7575.98 1 1
3242.68 -6961.9 12132.5 14359.4 -1 1
1826.23 876.808 2418.24 3156.41 1 2
event 6
-9804.5 -1242.77 22320 24605.8
16612.5 7656.43 -37251.7 41615.8
-4942.23 -2115.45 12690 13782.2 1 1
-4862.27 872.688 9629.96 10823.6 -1 1
13920 7412.17 -33023.9 36596.4 -1 2
2692.49 244.265 -4227.75 5019.38 1 2
event 7
-12973 -3801.05 -31558.6 34471.5
-9628.48 5322.48 -21099.3 23996
-3127.92 3001.27 -6098.35 7482.82 1 2
-2622.68 -571.598 -9790.63 10152.5 1 1
-10350.3 -3229.45 -21768 24319 -1 1
-6500.56 2321.21 -15001 16513.2 -1 2
