event 0
3852.53 2946.96 -17870.7 18774.4
4132.51 9313.79 21417.5 23919.1
1206.38 2856.25 -9359.28 9860.07 -1 1
2646.14 90.7038 -8511.41 8914.35 1 1
1149.12 6046.28 11100.8 12693.2 1 2
2983.39 3267.5 10316.7 11225.9 -1 2
event 1
5120.97 -2670.52 -5130.7 8322.94
10895.6 -21188 -31889.2 39926.9
3074.77 -1407.47 -4830.33 5897.33 1 1
2046.2 -1263.05 -300.364 2425.62 -1 1
4238.88 -11477.1 -16990.9 20937.8 1 2
6656.69 -9710.91 -14898.3 18989 -1 2
event 2
11078.4 5258.1 -74.5309 12648.1
-143.779 -8454.51 -3043.9 9505.57
5485.94 2804.07 -1571.65 6359.21 -1 1
5592.46 2454.04 1497.12 6288.92 1 1
-1430.66 -6542.03 -2262.41 7069.27 -1 2
1286.88 -1912.48 -781.496 2436.3 1 2
event 3
-9952.9 1763.93 44979.8 46205.5
-4203.12 6698.05 -1048.93 8556.76
-6292.2 304.752 32926 33523.4 1 1
-3660.69 1459.18 12053.8 12682.1 -1 1
-2990.23 2306.06 338.159 3792.74 -1 2
-1212.89 4391.99 -1387.09 4764.01 1 2
event 4
-229.536 4139.61 19527.5 20201.6
-2742.98 7608.66 -6593.44 10884.8
1343.76 2746.82 12220.1 12597.4 -1 1
-1573.3 1392.78 7307.41 7604.24 1 1
-2508.59 3408.48 -2089.63 4721.07 -1 2
-234.386 4200.18 -4503.81 6163.76 1 2
event 5
-6282.63 -4572.52 -3165.6 8943.79
2590.8 -9318.38 -1670.62 10292.1
2340.75 -3343.38 -2.76816 4082.71 -1 2
-2214.26 -1243.82 424.819 2577.15 -1 1
250.043 -5975 -1667.85 6209.35 1 2
-4068.36 -3328.7 -3590.42 6366.64 1 1
event 6
-6008.39 -1100.37 -20932 22023.9
-3496.62 7323.4 -38871.4 39830.1
-2843.48 2732.38 -20947.4 21315.7 -1 2
-2093.56 980.564 -9050.82 9342.01 1 1
-653.148 4591.02 -17923.9 18514.4 1 2
-3914.82 -2080.94 -11881.2 12681.9 -1 1
event 7
-323.289 9801.51 -5174.22 11512.5
6629.28 -3121.38 1043.36 8023.2
-1634.75 6983.51 -3531.79 7995.4 1 1
1311.46 2818 -1642.43 3517.08 -1 1
2794.03 177.827 -211.918 2809.68 -1 2
3835.25 -3299.2 1255.28 5213.52 1 2
event 8
4806.81 -3269.44 1843.91 6839.97
-9594.94 3238.37 -32201.6 33898.1
2394.56 -3409.19 1214.19 4340.73 1 1
2412.26 139.75 629.717 2499.24 -1 1
-4979.37 3292.06 -17798 18772.6 -1 2
-4615.57 -53.6833 -14403.6 15125.5 1 2
event 9
-2160.24 -6961.43 3890.12 8823.39
-18024.8 10821.3 -108814 110870
-793.949 -5095.14 1240.75 5304.85 -1 1
-1366.29 -1866.29 2649.37 3518.54 1 1
-11525.7 8569.86 -72076.6 73493.7 -1 2
-6499.15 2251.45 -36737.5 37376 1 2
event 10
-10238.1 -3315.2 51216.6 52426.6
1191.79 6304 16323.6 17810.4
-6278.78 -3532.79 34716.3 35456.1 1 1
-3959.32 217.583 16500.3 16970.4 -1 1
1378.03 1684.72 3005.31 3712.19 -1 2
-186.232 4619.28 13318.2 14098.2 1 2
event 11
-3437.22 -10546.4 -5835.89 12910.8
-2757.21 -8692.2 -8161.77 12623.9
-3152.88 -5067.42 -4737.94 7620.93 -1 2
-279.855 -5161.19 -3507.33 6247.3 -1 1
-3157.36 -5385.2 -2328.56 6663.53 1 1
395.676 -3624.79 -3423.83 5002.94 1 2
event 12
8107.95 -475.639 4773.05 9916.57
-8225.76 -167.977 -11640.8 14587.3
4599.18 37.5593 4371.45 6346.23 1 1
3508.77 -513.198 401.597 3570.33 -1 1
-6251.21 1226.64 -8455.8 10587.4 -1 2
-1974.55 -1394.61 -3184.99 3999.89 1 2
event 13
5749.98 1612.28 -15018.6 16577.3
9527.2 2242.7 4759.95 11315.7
2935.78 1561.27 -11983.1 12436.3 1 1
2814.21 51.005 -3035.47 4140.97 -1 1
4825.81 2710.21 2403.45 6035.02 1 2
4701.39 -467.51 2356.5 5280.71 -1 2
event 14
-4504.88 -5468.11 -37582.1 38369.3
1283.79 7183.28 -2811.35 8410.94
-3763.89 -2377.76 -24866.8 25262.4 1 1
-740.989 -3090.35 -12715.3 13106.9 -1 1
1640.45 4275.47 -2996.4 5473.6 -1 2
-356.664 2907.81 185.047 2937.35 1 2
event 15
4817.59 -9228.81 4825.04 11885
7133.1 -4181.14 10777.8 13932.5
4170.12 -4748.25 2525.88 6806.39 -1 1
647.478 -4480.57 2299.15 5078.58 1 1
2018.12 -2456.33 2482.09 4034.64 -1 2
5114.98 -1724.81 8295.69 9897.86 1 2
