event 0
984.686 -9346.93 -30378.3 31949.4
-1761.53 4508.9 -820.904 5804.92
207.76 3343.07 -1026.21 3504.79 1 2
1713.8 -4124.08 -11172.3 12032.3 -1 1
-1969.29 1165.82 205.304 2300.13 -1 2
-729.109 -5222.85 -19206 19917.1 1 1
event 1
-3859.15 -4419.62 -9839.14 11867.1
-9679.97 21500.9 -27292.6 36200.4
-2773.91 -2663.78 -3505.75 5204.97 -1 1
-1085.24 -1755.84 -6333.39 6662.11 1 1
-7811.59 14958 -20912.9 26872.3 1 2
-1868.38 6542.95 -6379.73 9328.08 -1 2
event 2
-777.449 5425.59 -5042.55 8065.96
-8610.76 -7040.03 8148.81 14272.5
834.513 4139.67 -3556.28 5521.92 -1 1
-1611.96 1285.92 -1486.26 2544.04 1 1
-6407.97 -3366.01 3834.86 8192.03 1 2
-2202.79 -3674.03 4313.95 6080.47 -1 2
event 3
-4395.1 10010 14357.5 18309.7
-2457.93 -9248.08 -4243.21 10916.1
-3044.26 -5788.96 -2578.15 7031.19 1 2
-731.177 5313.14 7576.17 9282.98 1 1
586.334 -3459.11 -1665.06 3884.95 -1 2
-3663.92 4696.91 6781.29 9026.76 -1 1
event 4
2653.79 -6458.37 3458.73 8384.92
-13768 9387.57 53470.9 56092.9
-3893.29 2406.95 10546.4 11497.3 1 2
718.625 -2017.47 -411.79 2183.43 1 1
-9874.72 6980.62 42924.5 44595.6 -1 2
1935.17 -4440.9 3870.51 6201.49 -1 1
event 5
-6998.64 9855 -13939.8 18708.6
525.065 5028.38 -10442.5 12008.2
-3973.28 5788.46 -10308.1 12472.4 1 1
-3025.36 4066.54 -3631.75 6236.21 -1 1
1797.69 2412.26 -5606.7 6363.72 -1 2
-1272.63 2616.13 -4835.83 5644.48 1 2
event 6
-6255.15 3170.48 -12128.9 14348.5
8629.56 16152 -9956.06 21073
-3932.89 1560.48 -9836.03 10708 -1 1
-2322.25 1609.99 -2292.9 3640.54 1 1
6047.9 8337.51 -4831.28 11377.3 -1 2
2581.66 7814.46 -5124.78 9695.63 1 2
event 7
3486.32 6071.23 -21404.9 22732.7
-7836.16 2300.34 2858.76 9190.25
-3203.48 2531.28 1114.2 4233.47 -1 2
2065.81 1170.64 -4718.43 5283.25 1 1
1420.51 4900.59 -16686.4 17449.4 -1 1
-4632.68 -230.937 1744.56 4956.78 1 2
event 8
-15536.6 5157.56 -43950.7 47002.6
-4920.68 4816.18 1494.02 7696.24
-4684.23 2702.09 882.194 5480.21 -1 2
-2805.22 2062.3 -7529.74 8296.41 -1 1
-12731.4 3095.26 -36421 38706.2 1 1
-236.45 2114.09 611.827 2216.03 1 2
event 9
3621.25 -14122.1 19282.7 24371.3
6760.04 -3221.79 27380.2 28554.2
5658.64 -1496.09 22739.5 23480.9 -1 2
1347.11 -2868.63 2504.39 4040.65 1 1
2274.14 -11253.4 16778.3 20330.7 -1 1
1101.4 -1725.69 4640.71 5073.31 1 2
event 10
-7729.95 -4268.71 -1161.31 9429.42
4149.18 -8260.89 -7957.91 12584.8
-4753.59 -996.251 -12.9817 4858.03 -1 1
-2976.36 -3272.46 -1148.33 4571.39 1 1
4309.27 -5533.29 -5654.03 9009.24 -1 2
-160.092 -2727.6 -2303.88 3575.53 1 2
event 11
-2987.22 -3413.09 15754.9 16684.7
1391.78 11358.5 4226.87 12586.1
-718.661 -3069.01 10107.9 10588.5 -1 1
-2268.56 -344.086 5647 6096.27 1 1
2112.62 6875.51 3451.05 7978.52 1 2
-720.841 4483.01 775.817 4607.61 -1 2
event 12
-14039.9 -2722.83 4219.66 15229.2
2877.03 4518.95 19531.3 20488
-7730.29 -278.271 1239.64 7834.71 1 1
-6309.58 -2444.55 2980.02 7394.48 -1 1
2825.8 2055.16 8628.24 9309.48 -1 2
51.2312 2463.79 10903 11178.6 1 2
event 13
6374.94 -2482.71 -12008.9 14163.6
-14966.7 -4578.48 8507.5 18081.3
3021.23 -2704.98 -7642.71 8652.57 -1 1
3353.71 222.264 -4366.17 5511.02 1 1
-8075.62 -990.411 5051.95 9577.58 -1 2
-6891.12 -3588.07 3455.55 8503.75 1 2
event 14
-3959.02 -13166.9 -21660.6 25842.1
-6910.66 -1791.4 692.917 7812.64
-721.713 -7723.61 -11729 14062.6 1 1
-3237.31 -5443.27 -9931.57 11779.5 -1 1
-3719.97 -149.475 1685.38 4088.05 -1 2
-3190.69 -1641.93 -992.459 3724.59 1 2
event 15
1409.18 -7411.9 1362.66 8268.59
7372.56 9553.44 -38164.4 40146.4
1753 -3919.76 1936.21 4711.44 -1 1
-343.826 -3492.14 -573.554 3557.16 1 1
5268.98 7663.25 -32641.7 33940.9 -1 2
2103.58 1890.18 -5522.67 6205.55 1 2
event 16
-2520.93 -3888.45 14566.5 15596.4
-8236.35 1563.8 16648 18895.2
-450.235 -3395.38 8401.22 9073.2 1 1
-2070.7 -493.074 6165.26 6523.23 -1 1
-4305.11 -28.7432 5627.8 7086.47 -1 2
-3931.24 1592.54 11020.2 11808.7 1 2
event 17
-20650.1 -9058.33 49624.8 54595.7
11893.6 4505.67 1101.41 13136.3
6615.3 1880.12 2020.9 7168.84 1 2
-8249.83 -4939.4 23298.4 25204.9 1 1
5278.28 2625.55 -919.485 5967.44 -1 2
-12400.3 -4118.93 26326.3 29390.8 -1 1
event 18
-2743.71 -9584.17 1114.13 10498.4
-5463.53 -3592.01 -14697.3 16381.5
-3333.24 -3386.56 -12186.9 13081 -1 2
340.509 -3756.79 997.33 3903.24 1 1
-3084.22 -5827.37 116.801 6595.11 -1 1
-2130.28 -205.451 -2510.35 3300.5 1 2
event 19
5612.23 9953.05 14595.7 18793.2
5229.95 2110.3 -21066.3 22026.9
5009.03 5972.77 9161.4 12029.4 1 1
603.2 3980.28 5434.26 6763.79 -1 1
3499.87 134.999 -15203.7 15602.3 -1 2
1730.08 1975.3 -5862.56 6424.62 1 2
event 20
-11988 4096.91 13878 19044.3
6391.77 3391.2 28982.8 30032.5
3279.22 438.186 8885.38 9481.9 -1 2
-2908.78 1142.17 5569.26 6386.97 1 1
-9079.17 2954.74 8308.72 12657.3 -1 1
3112.55 2953.01 20097.5 20550.6 1 2
event 21
-14507.9 10404.9 8133.87 19861.8
-3680.42 -6277.33 5262.47 9499.19
-2576.33 -3216.74 4600.09 6177.13 1 2
-6781.84 3643.78 4771.38 9058.02 -1 1
-1104.09 -3060.58 662.382 3322.06 -1 2
-7726.08 6761.07 3362.49 10803.8 1 1
event 22
8293.22 -1532.87 1847.34 9172.27
-612.019 -7005.13 -19245.7 20722.8
-1744.02 -2819.42 -9246.61 9823.53 -1 2
2281.21 -1877.62 753.255 3050.89 -1 1
6012.01 344.748 1094.08 6121.38 1 1
1132 -4185.71 -9999.05 10899.3 1 2
event 23
-6473.03 -1713.19 -10147.1 12545.4
-614.209 -10219.1 -20964.8 23535.5
854.566 -4766.03 -7426.78 8866.43 1 2
-2011.51 820.624 -2268.26 3142.57 -1 1
-1468.78 -5453.09 -13538 14669.1 -1 2
-4461.52 -2533.81 -7878.88 9402.83 1 1
event 24
7728.01 2793.35 -21903.3 23682.5
-12149.9 -7902.94 -8634.93 17153.1
-4608.69 -2072.78 -4480.8 6754.64 -1 2
2178.34 -843.475 -4871.52 5403.65 -1 1
-7541.2 -5830.16 -4154.14 10398.5 1 2
5549.67 3636.82 -17031.7 18278.9 1 1
event 25
1971.9 6160.74 -2261.74 7519.84
3763.72 6804.9 -6704.48 10724.4
459.274 3367.71 -3968.64 5226.25 1 2
1315.91 1989.4 -2272.11 3295.9 -1 1
3304.44 3437.2 -2735.83 5498.14 -1 2
655.995 4171.34 10.3713 4223.94 1 1
event 26
-10418 -643.142 52671 53784.5
4102.33 8418.07 50641.7 51593.3
-5511.83 -1661.07 32061.8 32574.7 -1 1
-4906.17 1017.93 20609.2 21209.8 1 1
2274.36 7226.64 42118 42794.1 -1 2
1827.96 1191.43 8523.7 8799.18 1 2
event 27
-131.039 -5807.11 25222.4 26067.3
8784.38 2100.35 -10005.1 13830
-1089.56 -3905.19 20325.3 20726 1 1
958.524 -1901.92 4897.11 5341.24 -1 1
5291.82 -257.333 -6146.65 8115.54 -1 2
3492.56 2357.68 -3858.46 5714.5 1 2
event 28
-6279.72 -6061.37 10012.6 13638.8
137.26 5314.25 4941 7890.76
-3936.55 -2562.76 3403.63 5801.73 -1 1
-2343.18 -3498.61 6608.94 7837.09 1 1
-1343.5 3780.82 3086.52 5063.33 -1 2
1480.76 1533.44 1854.48 2827.42 1 2
event 29
-3324.07 3836.15 13.0154 6273.2
-8873.47 3689.98 -10335.5 14448.8
-3120.86 231.182 -1879.41 3651.93 -1 2
-2131.78 -95.4321 -270.989 2153.65 1 1
-5752.61 3458.8 -8456.14 10796.9 1 2
-1192.29 3931.58 284.005 4119.55 -1 1
event 30
-4703.89 -4266.13 8964.03 11413.6
-9122 -1326.72 10013.1 13957.9
-3377.66 -1980.2 3555.85 5290.09 -1 2
-2621.74 -582.815 4644.74 5366.37 -1 1
-5744.34 653.479 6457.25 8667.85 1 2
-2082.15 -3683.31 4319.29 6047.28 1 1
event 31
3889.86 -7063.88 20542.6 22374.2
395.93 7426.23 -29524.4 30603.7
3183.68 -3504.69 15154.9 15877.7 1 1
706.181 -3559.18 5387.67 6496.51 -1 1
-951.077 5929.24 -23248.7 24012 -1 2
1347.01 1496.99 -6275.66 6591.7 1 2
event 32
2646.13 4260.7 2101.61 6257.91
39483.3 33132 115470 126490
536.197 3009.18 51.0398 3058.83 1 1
2109.93 1251.52 2050.57 3199.08 -1 1
24061.8 20777.2 67653.7 74750.9 1 2
15421.6 12354.7 47816.8 51739 -1 2
event 33
-3805.16 -2655.37 -28598.8 29137.8
2442.2 -12148.3 -28953.9 31646
-3176.6 -369.376 -17065.7 17363.1 1 1
-628.551 -2285.99 -11533.1 11774.7 -1 1
1259.95 -6111.08 -10746.7 12427.2 -1 2
1182.26 -6037.26 -18207.3 19218.8 1 2
event 34
2329.36 -6974.44 5622.09 9963.07
-7068.9 -3629.25 -3400.01 9181.05
2080.28 -3959.38 5273.98 6915.95 1 1
249.086 -3015.06 348.105 3047.12 -1 1
-4207.45 -3295.03 -1017.63 5441.2 -1 2
-2861.45 -334.226 -2382.38 3739.85 1 2
event 35
7376.23 -996.716 5314.46 9655.89
-18066.1 7901.83 -4109.16 20378.9
3972.22 -2056.43 2610.57 5180.12 -1 1
3404.01 1059.72 2703.89 4475.76 1 1
-10390.3 2997.94 -1616.58 10934.8 1 2
-7675.77 4903.9 -2492.57 9444.03 -1 2
event 36
-4036.86 4563.77 -25707.7 26600.7
-6329.72 -14625.9 60730.8 62863.3
-2076.25 -2651.67 9492.42 10072.7 -1 2
-377.634 2697.1 -10156.1 10515.4 1 1
-4253.48 -11974.2 51238.3 52790.6 1 2
-3659.23 1866.67 -15551.6 16085.3 -1 1
event 37
-4504.63 -3813.51 20493 21549.7
6880.64 8583.45 -4414.72 12251.5
2654.85 2332.68 -2858.94 4546.9 -1 2
-2318.68 -225.054 5392.72 5875.33 -1 1
4225.8 6250.77 -1555.78 7704.61 1 2
-2185.95 -3588.46 15100.3 15674.4 1 1
event 38
-6641.98 6349.25 9398.71 13503.9
7524.8 -809.963 -7866.08 11346.6
5572.67 28.7865 -7224.41 9124.63 1 2
-3834.94 2407.8 6291.55 7752.36 -1 1
1952.12 -838.75 -641.668 2221.98 -1 2
-2807.04 3941.45 3107.15 5751.53 1 1
event 39
6685.13 -1747.97 21198.8 22510.6
10681.7 -9380.41 -42674 45086.1
4038.15 -478.995 16288.7 16789 -1 1
2646.98 -1268.97 4910.07 5721.6 1 1
6914.58 -7315.17 -32983.2 34485.1 1 2
3767.1 -2065.24 -9690.88 10601 -1 2
event 40
-7154.58 8423.23 -1515.08 11576.9
971.984 -8226.63 -9256.09 12801.9
907.807 -3152.27 -1692.01 3692.56 -1 2
-2785.81 1206.9 -519.842 3082 -1 1
-4368.77 7216.33 -995.236 8494.89 1 1
64.1766 -5074.36 -7564.08 9109.32 1 2
event 41
-3299.68 10343.2 -51542 52763.9
20889.4 -3674.28 4400.94 21882.1
4461.75 318.501 292.966 4483.93 -1 2
-1796.8 3382.99 -12370.9 12950.8 -1 1
16427.6 -3992.78 4107.98 17398.2 1 2
-1502.88 6960.17 -39171 39813.1 1 1
event 42
-3731.48 4587.59 18706.5 19861.9
6585.52 -5012.63 -9485.35 12963.9
2076.27 -2462.77 -1789.49 3686.4 1 2
-1984.9 893.603 3564.64 4178.05 -1 1
4509.25 -2549.86 -7695.86 9277.53 -1 2
-1746.58 3693.98 15141.9 15683.9 1 1
event 43
5300.98 4357.59 -4019.39 8534.35
10203.1 -109.234 -13542.2 17236.6
2863.85 -1157.01 -2713.69 4112.86 -1 2
993.733 1918 -9.12638 2162.75 1 1
7339.26 1047.78 -10828.5 13123.7 1 2
4307.24 2439.58 -4010.26 6371.6 -1 1
event 44
-2875.88 7181.79 15546.2 17638.7
1335.64 -9429.04 -2054.33 10222.6
2040.78 -3585.26 -878.916 4219.31 1 2
-1152.25 1738.45 1813.17 2765.62 1 1
-705.138 -5843.78 -1175.42 6003.31 -1 2
-1723.64 5443.33 13733.1 14873.1 -1 1
event 45
-4615.91 -6685.75 25180.9 26639.7
-1121.56 4799.07 10258.7 11794.9
-1789.16 2723.39 3964.07 5132.54 1 2
-899.915 -4018 11909.6 12601.8 1 1
667.599 2075.68 6294.58 6662.36 -1 2
-3716 -2667.75 13271.2 14037.9 -1 1
event 46
2424.16 -9611.98 -26231.9 28213
14357 10766.6 1788.18 18298.4
4194.75 3433.86 -859.517 5489.74 1 2
1470.46 -1550.31 -3855.27 4409.08 1 1
10162.3 7332.72 2647.69 12808.7 -1 2
953.708 -8061.68 -22376.7 23803.9 -1 1
event 47
5823.61 -5827.86 32126.1 33310
940.92 11345.2 223.203 11799.9
-172.504 5089.96 1517.23 5315.13 -1 2
1721.47 -2440.49 17339.5 17595.1 1 1
1113.42 6255.2 -1294.03 6484.82 1 2
4102.13 -3387.37 14786.6 15714.9 -1 1
event 48
-5219.45 6265.23 -15337.2 17644.1
471.316 8897.13 44957.9 45936.8
1608.58 2883.05 16658.5 16982.8 1 2
-1616.96 2559.78 -2980.73 4250.05 -1 1
-1137.27 6014.08 28299.4 28954 -1 2
-3602.49 3705.45 -12356.5 13394.1 1 1
event 49
-20556.3 -3517.93 -4402.03 21538.5
-4301.08 -2523.63 9016.27 10758.8
-15349.8 -1300.55 -3619.39 15824.6 1 1
-5206.53 -2217.38 -782.642 5713.88 -1 1
-2147.13 -2600.26 7149.32 7905.41 -1 2
-2153.95 76.6251 1866.95 2853.42 1 2
event 50
-4804.15 3973.49 36637.8 37293.2
-10168.3 -841.083 18808.4 21712.7
-3752.71 966.062 4580.53 6000.71 -1 2
-336.546 2073.72 11473.6 11664.9 -1 1
-6415.56 -1807.14 14227.9 15712 1 2
-4467.6 1899.77 25164.1 25628.4 1 1
event 51
-6815.28 3392.42 -1245.61 8312.59
2327.85 -6965.97 27450.6 28584.4
634.975 -5580.32 22104.6 22807.2 1 2
-2530.97 2963.03 -354.96 3914.39 1 1
1692.88 -1385.64 5345.97 5777.23 -1 2
-4284.31 429.397 -890.645 4398.19 -1 1
event 52
4569.88 -7898.68 -13551.2 16628.2
-3496.53 -6974.92 -16812.5 18791.7
-3420.92 -3746.17 -11562.6 12627 -1 2
2393.9 -2429.95 -7204.08 7971.53 1 1
2175.98 -5468.73 -6347.08 8656.7 -1 1
-75.6118 -3228.75 -5249.91 6164.68 1 2
event 53
-5154.59 -5545.95 7156.11 10868.7
11802.9 -7172.26 10994.5 17922.6
-2087.59 -4425.32 4652.64 6752.75 1 1
-3067.01 -1120.64 2503.48 4115.93 -1 1
5528.12 -5032.91 5095.29 9047.84 -1 2
6274.78 -2139.34 5899.16 8874.74 1 2
event 54
-222.504 8351.23 -9284.06 12867.8
42.0955 8635.34 5744.13 10823.9
-464.228 3838.25 867.492 3963.75 -1 2
-488.342 2674.65 -5200.12 5868.95 1 1
265.838 5676.58 -4083.95 6998.86 -1 1
506.323 4797.09 4876.63 6860.11 1 2
event 55
4018.92 -12402.4 67442.7 68761.1
5316.87 9339.25 -24647.2 27066
1283.02 3732.89 -6022.28 7201.37 1 2
1918.92 -1972.42 13029.2 13317.1 -1 1
2100 -10430 54413.5 55444 1 1
4033.85 5606.36 -18624.9 19864.6 -1 2
event 56
6358.15 5759.9 27798.7 29256.8
-4196.17 5725.09 -13611.3 15660.3
2493.09 4200.88 16734.6 17433.3 1 1
3865.06 1559.02 11064.1 11823.5 -1 1
-2072.3 1408.02 -7332.16 7749.11 -1 2
-2123.88 4317.07 -6279.14 7911.17 1 2
event 57
-5358.82 3455.45 -5255.43 8824.27
-12183.6 -5109.58 9726.01 16695.3
-3526.46 502.615 -3173.1 4771.61 -1 1
-1832.36 2952.84 -2082.34 4052.66 1 1
-8220.39 -4407.32 8096.87 12351.9 1 2
-3963.17 -702.259 1629.15 4343.4 -1 2
event 58
1508.15 8722.62 35520.3 36737.4
-4969.23 -164.169 6203.95 8532.3
-2716.75 -1601.71 2941.69 4314.04 1 2
2002.33 3501.03 18110.5 18554.5 -1 1
-2252.48 1437.55 3262.26 4218.26 -1 2
-494.18 5221.59 17409.7 18182.9 1 1
event 59
-5347.68 -3249.16 18228.1 19519.5
-11744.9 7069.71 -45759.8 47869.4
-4214.28 -990.07 13177.7 13871 -1 1
-1133.4 -2259.09 5050.41 5648.53 1 1
-7025.46 3288.84 -30057.9 31042.9 1 2
-4719.4 3780.87 -15701.9 16826.4 -1 2
event 60
-6525.56 1630.15 16140.3 17757.8
-3784.77 10549.6 24498.6 27118.1
-4444.64 261.033 7109.63 8389.34 1 1
-2080.92 1369.12 9030.63 9368.47 -1 1
-983.023 6627.7 12409.9 14103.5 1 2
-2801.75 3921.89 12088.7 13014.6 -1 2
event 61
-1036.82 4764.41 19868.6 20691.2
-7862.57 3324.84 31919 33185.7
-2063.01 2634.27 13091.3 13512.5 -1 1
1026.19 2130.14 6777.27 7178.66 1 1
-3633.43 3205.8 17408.8 18070.8 1 2
-4229.14 119.043 14510.2 15114.8 -1 2
event 62
7494.64 -2902.62 -2951.35 9104.51
5023.47 46.8767 1848.94 6184.39
4397.48 -326.466 -635.006 4456.33 1 1
3097.16 -2576.15 -2316.34 4648.18 -1 1
3572.44 -1410.47 1194.37 4023.61 -1 2
1451.03 1457.35 654.569 2160.78 1 2
event 63
-10929 1929.72 -35578 37397.3
3723.39 6423.67 -35273.4 36179.2
626.249 4116.03 -17145.1 17643.7 1 2
-5176.29 2213.35 -14781.8 15817.9 -1 1
3097.14 2307.65 -18128.3 18535.5 -1 2
-5752.71 -283.636 -20796.2 21579.3 1 1
event 64
-4962.4 -4442.87 31602.7 32445.1
6453.04 -4487.63 -22838.1 24350.6
3177.35 -741.304 -6541.84 7311.08 -1 2
-1490.67 -1485.19 4597.19 5057 -1 1
3275.69 -3746.33 -16296.3 17039.5 1 2
-3471.73 -2957.67 27005.5 27388.1 1 1
event 65
2446.72 6678.02 20955.8 22345.5
-9072.94 3814.09 1797.93 10473.2
-6481.34 3873.12 2159.17 7853.79 1 2
2009.19 2240.96 11545.3 11931.6 1 1
-2591.6 -59.0223 -361.242 2619.45 -1 2
437.537 4437.06 9410.54 10413.9 -1 1
event 66
4943.12 481.542 27398.1 28087.6
2744.15 -11247.5 23808.9 26655
3264.79 -1489.88 15428.1 15840.3 1 1
1678.33 1971.42 11970 12247.3 -1 1
1183.04 -5964.37 9072.54 10922.2 -1 2
1561.1 -5283.1 14736.3 15732.7 1 2
event 67
-5855.55 -6873.53 22453.5 24398.4
1334.07 7466.24 -13552.8 15836.6
-366.703 5697.93 -10040.4 11550.8 -1 2
-2495.03 -1719.22 10829.8 11246.2 1 1
-3360.53 -5154.31 11623.6 13152.2 -1 1
1700.77 1768.31 -3512.4 4285.75 1 2
event 68
6353.13 -1250.56 8512.45 11134.5
-7371.27 -4619.88 25176.9 26816.9
3667.27 -1.60238 2525.25 4453.86 -1 1
2685.86 -1248.96 5987.2 6680.68 1 1
-4593.44 -1125.29 11728.5 12646.5 1 2
-2777.82 -3494.59 13448.4 14170.4 -1 2
event 69
-161.396 -8955.66 -16761.4 19255.2
5806.16 -5583.27 -15329.6 17591.8
4101.77 -4069.8 -7694.93 9623.46 -1 2
-1317.75 -2738.88 -6895.31 7536.21 -1 1
1156.36 -6216.77 -9866.04 11719 1 1
1704.38 -1513.47 -7634.63 7968.32 1 2
event 70
-3932.67 4929.76 11179.1 13203.4
5022.03 -8403.44 -32583.4 34163
2963.67 -2182.96 -10448.2 11078.1 1 2
-2260.44 672.718 2851.31 3701.79 -1 1
2058.36 -6220.48 -22135.2 23084.8 -1 2
-1672.22 4257.04 8327.75 9501.65 1 1
event 71
22147.2 28141.1 139689 144240
-565.764 -7520.4 -1342.41 8262.59
17288.6 19959 100405 103819 1 1
4858.6 8182.19 39284 40420.3 -1 1
1067.62 -4861.13 -1276.95 5139.28 -1 2
-1633.38 -2659.27 -65.4578 3123.31 1 2
event 72
7501.33 2221.21 7081.46 10997.3
-10605.3 1074.47 10223.6 15222.9
-7526.88 1869.96 5424.13 9464.83 1 2
3179.81 -355.295 1681.92 3616.27 1 1
-3078.45 -795.493 4799.45 5758.09 -1 2
4321.53 2576.5 5399.54 7381.06 -1 1
event 73
-2779.33 11587.4 38608.3 40523.9
-8519.49 -8376.11 25199.5 28059.7
-753.696 6945.17 26337.2 27248.2 1 1
-2025.63 4642.2 12271.1 13275.7 -1 1
-4059.45 -5979.77 13559.5 15365.8 -1 2
-4460.04 -2396.34 11640 12693.9 1 2
event 74
-5207.57 -4113.98 -692.492 7356.26
5448.79 -4907.5 10967.6 13551.9
3358.65 -964.663 4875.52 5999.41 1 2
-766.069 -2463.61 -160.529 2587.11 -1 1
-4441.5 -1650.37 -531.963 4769.15 1 1
2090.14 -3942.84 6092.09 7552.45 -1 2
event 75
-8088.9 1003.27 23611.7 25170.2
-2978.16 -7591.04 -17151.1 19241.8
-2240.67 -2969.17 -10232.4 10888.1 1 2
-2790.72 -651.956 11409.8 11764.7 1 1
-5298.19 1655.23 12201.9 13405.5 -1 1
-737.483 -4621.87 -6918.7 8353.75 -1 2
event 76
-9247.67 10013.6 -9804.02 17073.4
6118.63 5895.67 -30728.2 32031.4
-5878.16 4418.61 -4215.79 8477.08 -1 1
-3369.52 5595.03 -5588.23 8596.36 1 1
3037.54 4968.05 -19670.9 20514.9 -1 2
3081.08 927.618 -11057.4 11516.5 1 2
event 77
6222.42 -3771.31 6132.36 10006.9
-4356.37 5112.77 13010 14965.7
-2196.4 4608.62 8075.35 9554.37 1 2
3063.23 -643.994 3986.49 5069.65 -1 1
-2159.97 504.147 4934.68 5411.28 -1 2
3159.19 -3127.32 2145.87 4937.26 1 1
event 78
2128.07 8677.18 -10721.6 14295.7
-141.584 7066.36 -7904.17 11046.3
-187 5108.41 -6809.91 8515.68 -1 1
2315.07 3568.78 -3911.7 5779.99 1 1
830.314 2076.51 -951.454 2432.64 -1 2
-971.898 4989.85 -6952.71 8613.62 1 2
event 79
-12365.1 1367.28 -28242 31015.6
3256.64 5148.6 21928.7 22969
-6550.39 2021.13 -17254.8 18567 -1 1
-5814.74 -653.854 -10987.2 12448.6 1 1
1554.52 2764.01 6150.44 6920.65 -1 2
1702.11 2384.59 15778.3 16048.3 1 2
event 80
-9277.46 12651 85316.2 86801.8
-3295.03 -3333.39 -7554.53 9414.39
-7634.09 8601.79 66254.6 67245.4 1 1
-1643.36 4049.22 19061.6 19556.4 -1 1
-3012.11 -875.282 -4367.85 5378.49 -1 2
-282.927 -2458.11 -3186.68 4035.9 1 2
event 81
6012.39 1379.42 17815 19105.5
2016.38 12384.8 -1462.94 13007
1965.5 3351.62 -299.474 3898.39 -1 2
1122.48 1656.12 5194.17 5567.16 1 1
50.8758 9033.21 -1163.46 9108.58 1 2
4889.91 -276.703 12620.9 13538.3 -1 1
event 82
-9973.62 3363.51 -5283.22 12177.4
4635.57 9241.18 -331.102 10797.6
-5271.03 2078.8 -1144.09 5781.46 1 1
-4702.59 1284.71 -4139.13 6395.97 -1 1
3562.36 6715.02 1131.26 7685.89 -1 2
1073.21 2526.16 -1462.36 3111.74 1 2
event 83
-6560.36 563.898 -5561.14 9158.25
5384.51 16071.2 23199.2 28897.6
-4938.15 -824.015 -3061.36 5869.19 -1 1
-1622.21 1387.91 -2499.78 3289.06 1 1
3704.23 9267.49 15939.8 18806.8 -1 2
1680.28 6803.69 7259.46 10090.8 1 2
event 84
-6228.93 -1529.31 -5328.25 8894.92
-626.814 7357.9 -16383 18235.2
-680.043 2976.72 -10260.6 10705.8 -1 2
-1524.4 -1615.98 -2721.68 3514.81 1 1
-4704.54 86.677 -2606.57 5380.11 -1 1
53.2295 4381.18 -6122.38 7529.43 1 2
event 85
-10724.8 4876.52 -11081.1 16467.7
5924.97 2226.42 16832.3 18247.7
2960.64 1624.51 5000.7 6035.12 1 2
-3912.77 1042.01 -5635.58 6940.21 1 1
2964.32 601.906 11831.6 12212.6 -1 2
-6812.07 3834.51 -5445.54 9527.47 -1 1
event 86
-5517.62 10921.8 -24414.7 27484.5
-932.915 5763.49 -18113.8 19281.8
-2386.83 6529.46 -10853.1 12889.2 -1 1
-3130.79 4392.31 -13561.6 14595.3 1 1
-283.098 3357.82 -5720.62 6640.16 -1 2
-649.817 2405.67 -12393.2 12641.7 1 2
event 87
-18300.8 -4321.88 32062.8 37298.9
-7600.12 9555.16 16569.6 20813.6
-2240.52 5104.75 6427.64 8509.06 -1 2
-2689.21 50.1547 6411.94 6954.03 -1 1
-15611.6 -4372.04 25650.8 30344.9 1 1
-5359.6 4450.42 10142 12304.6 1 2
event 88
-14157.4 6414.54 -3022.21 16133.9
-4551.4 12361.5 12070.3 18133.1
-3288.92 7568.41 9375.31 12490.2 -1 2
-5183.61 3220.71 115.405 6104.7 -1 1
-8973.77 3193.83 -3137.62 10029.2 1 1
-1262.48 4793.06 2695.03 5642.84 1 2
event 89
-4857.43 11615.7 -10085.1 16426.2
-3215.88 -5753.68 -2136.64 7589.65
-2898.93 -2269.98 -1720.05 4065.26 1 2
-3305.08 5398.47 -3485.79 7226.96 1 1
-316.956 -3483.7 -416.591 3524.39 -1 2
-1552.35 6217.2 -6599.35 9199.24 -1 1
event 90
-10635 -4016.95 17909.2 21437.6
-77.3233 10218.1 40731.1 42107.3
10.3345 6779.3 20681.5 21764.5 -1 2
-3464.29 -607.435 3375.18 4875.79 -1 1
-7170.67 -3409.52 14534 16561.8 1 1
-87.6579 3438.79 20049.6 20342.8 1 2
event 91
1430.63 -8533.49 -1210.7 9269.53
-17590.4 8102.54 2169.36 19732.5
-4288.79 1915.67 1876.14 5059.11 1 2
80.742 -2479.25 -1757.16 3041.7 1 1
-13301.6 6186.86 293.224 14673.4 -1 2
1349.89 -6054.24 546.454 6227.83 -1 1
event 92
5938.47 792.868 28997.4 29771.4
-5836.95 -10007.5 7035.1 13903.4
-3101.38 -2605.8 1805.9 4436.35 1 2
1593.88 1555.72 12319.9 12520 1 1
-2735.57 -7401.71 5229.19 9467.01 -1 2
4344.59 -762.849 16677.6 17251.4 -1 1
event 93
19986.9 -21500.6 -2471.91 29621.8
764.97 -5568.08 -5558.89 8490.06
10218.5 -12798 -2296.35 16537.6 -1 1
9768.35 -8702.65 -175.562 13084.3 1 1
87.1741 -3018.37 -4919.64 5773.4 -1 2
677.796 -2549.71 -639.258 2716.66 1 2
event 94
-7403.58 4988.22 5166.55 10769.4
13408.4 -2928.03 12677.3 18938.4
5121.85 -2227.17 6547.82 8606.9 1 2
-2452.31 1773.68 3512.78 4637.95 1 1
8286.59 -700.86 6129.5 10331.5 -1 2
-4951.27 3214.54 1653.77 6131.43 -1 1
event 95
-3892.67 -4472.03 15531 16910
-5808.11 -7533.24 -11216.8 15029.7
-2460.13 -1825.43 -1916.61 3615.11 -1 2
-2129.86 -591.373 3449.68 4098.48 -1 1
-3347.98 -5707.81 -9300.18 11414.6 1 2
-1762.8 -3880.66 12081.3 12811.5 1 1
event 96
-4012.89 -3360 -19550.1 20474.1
10043.3 3435.28 3143 11495.1
-1805.5 -3357.97 -10975.2 11619 -1 1
-2207.39 -2.0286 -8574.84 8855.03 1 1
5000.22 3308.02 1408.59 6159.59 1 2
5043.06 127.257 1734.41 5335.54 -1 2
event 97
11602.3 5388.9 -33120 35639.5
1717.39 3710.15 1545.57 5356.7
7994.5 2481.64 -23829.8 25257.5 1 1
3607.75 2907.25 -9290.22 10382.1 -1 1
-203.542 3102.57 907.153 3240.59 -1 2
1920.94 607.584 638.417 2116.1 1 2
event 98
-8953.27 -827.305 2748.19 9898.94
2766.68 11653.6 -11583.9 16948.1
208.825 4615.14 -6160.82 7701.3 1 2
-4320.44 1052.3 735.592 4508.41 -1 1
2557.86 7038.47 -5423.12 9246.84 -1 2
-4632.83 -1879.61 2012.6 5390.53 1 1
event 99
-8244.47 -8652.03 -22408.7 25584.6
-149.519 -7979.66 -41630.4 42501.5
-3706.56 -6004.43 -11898.9 13834.2 -1 1
-4537.91 -2647.6 -10509.9 11750.4 1 1
-1413.34 -2309.49 -15246.6 15485.5 -1 2
1263.82 -5670.16 -26383.8 27016 1 2
event 100
-2872.76 -10672.5 12677.3 17101.4
516.176 5889.07 3629.54 7596.87
-2735.97 -6179.03 9206.96 11421.3 1 1
-136.788 -4493.5 3470.3 5680.18 -1 1
1490.23 3434.14 3185.6 4916.63 -1 2
-974.05 2454.92 443.943 2680.24 1 2
event 101
-8847.82 -42.024 5002.52 10625.5
-3946.1 -5235.51 18064.6 19465.5
-3705.47 -2576.8 12560.1 13346.8 -1 2
-3268.22 1400.51 2464.14 4327.33 1 1
-5579.6 -1442.54 2538.38 6298.21 -1 1
-240.627 -2658.72 5504.53 6118.64 1 2
event 102
5570.28 5196.45 2898.45 8719.12
3560.84 7837.85 4548.74 10217.3
4067.43 2036.92 748.733 4611.37 1 1
1502.85 3159.53 2149.71 4107.75 -1 1
1475.02 5618.34 4158.79 7144.8 -1 2
2085.82 2219.52 389.955 3072.47 1 2
event 103
3815.16 4092.4 -6339.08 9004.35
-7011.92 4969.16 28147.2 29592.5
-1444.8 2712.79 11069 11488.3 -1 2
2231.96 287.442 -1910.21 2953.69 -1 1
-5567.12 2256.37 17078.2 18104.2 1 2
1583.2 3804.96 -4428.88 6050.65 1 1
event 104
-11588.3 -8977.02 8596.85 17273.4
-2785.3 7230.77 -16629.8 18606
-7984.87 -5349.3 4049.59 10429.9 1 1
-3603.4 -3627.72 4547.26 6843.5 -1 1
-484.956 4026.14 -5785.24 7065.77 -1 2
-2300.35 3204.64 -10844.6 11540.2 1 2
event 105
-1358.1 -6389.98 21457.9 22643
7392.19 3892 -5124.09 10278.1
2162.07 2613.92 -2852.88 4433.65 -1 2
501.262 -2376.71 11378.2 11635.1 1 1
5230.11 1278.09 -2271.21 5844.41 1 2
-1859.36 -4013.26 10079.7 11008 -1 1
event 106
-5822.88 5975.11 -33078.7 34254.9
-2890.85 6133.41 1292.18 7565.47
-4018.51 1917.54 -17048.4 17620.6 1 1
-1804.38 4057.57 -16030.2 16634.3 -1 1
-487.862 4540.19 714.747 4623.14 -1 2
-2402.99 1593.21 577.436 2942.33 1 2
event 107
-5680.89 -2024.46 -11882.4 13825.7
3127.15 7920.79 -19933.2 21896.1
-3624.75 -1538.2 -3807.84 5478.66 1 1
-2056.14 -486.261 -8074.56 8347.08 -1 1
326.623 4796.6 -11842.2 12781.4 -1 2
2800.53 3124.19 -8090.97 9114.74 1 2
event 108
7076.35 -12430.6 -24927.1 28905.8
5336.34 5301.64 -23973.6 25316.2
4730.14 -6406.77 -16121.2 17981.2 1 1
2346.22 -6023.81 -8805.95 10924.6 -1 1
3553.62 2174.07 -16528.1 17045.4 -1 2
1782.73 3127.58 -7445.47 8270.79 1 2
event 109
-543.44 -9270.84 6094.18 11531.4
6667.41 9170.23 6414.39 13389.6
2789.61 4979.83 4791.38 7453.13 1 2
-1198.08 -2843.31 829.941 3196.84 -1 1
654.644 -6427.53 5264.24 8334.57 1 1
3877.79 4190.4 1623.02 5936.5 -1 2
event 110
12672.2 -12198.1 22787.3 28952.2
-7865.24 -1128.57 -6028.36 10443.5
-2802.64 1077.45 -2095.25 3662.91 1 2
1877.98 -925.743 4097.31 4602.49 1 1
10794.2 -11272.4 18690 24349.7 -1 1
-5062.6 -2206.01 -3933.11 6780.63 -1 2
event 111
-7064.12 13507.2 -58202 60244.6
8087.33 -493.98 1322.12 8774.15
3427.01 1073.88 -274.518 3603.36 1 2
-56.0143 2041.41 -9840.3 10050.5 1 1
-7008.11 11465.8 -48361.7 50194 -1 1
4660.31 -1567.86 1596.64 5170.79 -1 2
event 112
-5034.32 1642.13 -11252.1 12815.6
-97.1223 -9497.22 -14511.5 17617.6
-3744.22 -189.825 -8300.1 9108.13 -1 1
-1290.1 1831.96 -2951.97 3707.52 1 1
-1547.87 -5437.39 -7637.34 9502.7 1 2
1450.75 -4059.83 -6874.13 8114.91 -1 2
event 113
19395.5 20163.7 14752.6 31780.3
6479.45 8486.09 -18285.5 21399.7
13175.6 15311.3 9669.6 22395.2 1 1
6219.9 4852.4 5083 9385.15 -1 1
1965.23 1656.8 -2351.16 3485.14 -1 2
4514.22 6829.29 -15934.4 17914.6 1 2
event 114
-9470.88 4592.72 -10380.8 15104.4
-11564.8 1266.73 -4021.59 12693.1
-5597.73 -937.939 -1926.98 5994.89 1 2
-3046.63 -40.3744 -3008.18 4282.98 -1 1
-6424.25 4633.09 -7372.6 10821.4 1 1
-5967.11 2204.67 -2094.61 6698.17 -1 2
event 115
-2685.68 4330.8 574.7 5990.79
-4369.07 -8581.52 7447.71 12561.5
-916.404 3196.06 1551.56 3670.57 -1 1
-1769.28 1134.74 -976.864 2320.22 1 1
-2260.31 -4346.02 1865.01 5242.74 1 2
-2108.76 -4235.5 5582.69 7318.74 -1 2
event 116
-16279.8 -4013.18 3427.29 17391.8
-7652.61 -3144.26 -9431.78 12922.8
-10836.1 -3448.62 3559.85 11916.3 1 1
-5443.69 -564.564 -132.558 5475.52 -1 1
-3514.82 -3002.42 -5774.01 7397.22 -1 2
-4137.79 -141.84 -3657.77 5525.56 1 2
event 117
8109.35 18918.6 73404.3 76298.5
-6734.76 -1752.15 12443.9 14590
-3293.01 -2235.8 5150.2 6509.87 1 2
4255.16 8946.82 29856.2 31457.3 1 1
-3441.75 483.656 7293.66 8080.11 -1 2
3854.19 9971.75 43548.1 44841.3 -1 1
event 118
8817.83 -3073.62 -33019.5 34454
1718.89 -5684.34 27645.2 28515
2388.08 -2525.79 10289.3 10861.1 1 2
3853.88 -2851.23 -18314.3 18931.7 1 1
-669.196 -3158.55 17355.9 17653.9 -1 2
4963.95 -222.389 -14705.2 15522.4 -1 1
event 119
5833.96 5563.92 25.9235 8636.21
-12289.4 6177.53 -12900.1 19110.1
3111.49 4278.08 -1128.34 5409.96 1 1
2722.47 1285.84 1154.26 3226.25 -1 1
-9370.4 5629.67 -8733.69 13992.4 -1 2
-2919.04 547.862 -4166.45 5117.75 1 2
event 120
3613.48 -18356.7 25910.9 32109
-8912.99 3862.19 -5925.88 11792.6
3624.28 -13036.9 20095.5 24226.7 -1 1
-10.8081 -5319.84 5815.39 7882.3 1 1
-2599.09 2176.01 -3350.94 4767.62 -1 2
-6313.89 1686.19 -2574.94 7024.95 1 2
