event 0
454.38 22692.3 3759.95 23213.6
13699.7 12.4857 18398.7 23147
8655.4 1270.4 10195.6 13434.7 -1 2
-956.371 5505.18 1724.96 5848.79 -1 1
1410.75 17187.1 2034.98 17364.8 1 1
5044.3 -1257.91 8203.03 9712.27 1 2
event 1
5095.1 -4791.33 -10568.1 13045.8
1138.02 -14536.1 -7999.97 16916.9
3200.06 -2853.68 -3710.29 5671.09 1 1
1895.04 -1937.65 -6857.8 7374.7 -1 1
-348.127 -7639.8 -5543.62 9446.19 1 2
1486.15 -6896.26 -2456.36 7470.73 -1 2
event 2
4045.08 9709.27 -46221.9 47504.6
2745.2 6290.9 2886.01 8064.14
1345.2 4781.52 3296.28 5962.31 -1 2
3089.95 3661.3 -18096.4 18720.1 -1 1
955.127 6047.97 -28125.5 28784.5 1 1
1400 1509.38 -410.274 2101.84 1 2
event 3
5831.08 -12475.3 4014.79 14674.6
4667.37 -3068.01 19502.8 20521.9
2710.13 -1401.15 5553.3 6337.06 1 2
3177.21 -3534.81 876.716 4834.19 -1 1
1957.23 -1666.87 13949.5 14184.9 -1 2
2653.87 -8940.44 3138.08 9840.39 1 1
event 4
3226.91 -7516.7 5405.83 10282.4
-8239.55 -551.575 4980.77 10128.8
-6521.45 813.647 4185.3 7792.26 1 2
2450.7 -2663.21 3418.69 4979.68 1 1
-1718.1 -1365.22 795.475 2336.59 -1 2
776.218 -4853.49 1987.14 5302.71 -1 1
event 5
-9037.92 215.91 -5870.33 11215.3
-9051.29 -4624.04 -22336.7 24735.1
-4741.99 -1473.07 -13795.2 14662.1 -1 2
-2644.13 -664.166 -406.676 2758.46 1 1
-6393.79 880.076 -5463.65 8456.81 -1 1
-4309.3 -3150.98 -8541.45 10073 1 2
event 6
10824.1 -6577.55 41039.6 43061.1
1686.97 4836.2 -1864.86 6269.26
7044.67 -4590.19 31608.5 32707.9 -1 1
3779.39 -1987.36 9431.07 10353.2 1 1
-243.206 3766.98 -1194.89 3960.84 -1 2
1930.17 1069.22 -669.965 2308.42 1 2
