event 0
-5736.18 -3829.11 14571.1 16415.7
-3354.53 10268.9 19594.4 22588.4
-912.589 3258.72 9292.74 9890.31 1 2
-2261.78 90.0753 3528.48 4193.46 1 1
-2441.95 7010.18 10301.6 12698.1 -1 2
-3474.4 -3919.18 11042.7 12222.2 -1 1
event 1
-5170.64 4118.91 -2384.87 7679.89
1504.74 -12322.6 -15317.4 19958
-4107.8 1456.64 -1960.16 4780.09 -1 1
-1062.84 2662.27 -424.707 2899.8 1 1
-263.8 -6575.56 -6242.01 9070.91 1 2
1768.54 -5747.02 -9075.39 10887.1 -1 2
event 2
-5427.18 -1783.41 28582.7 29312.1
-14466.3 -733.868 9115.05 17392.1
-2336.34 -2310.56 16811.9 17130.3 -1 1
-3090.84 527.149 11770.9 12181.8 1 1
-9499.24 878.58 6554.75 11575.1 -1 2
-4967.01 -1612.45 2560.3 5817 1 2
event 3
10808.4 2767.13 4366.4 12374.8
2642.9 5394.97 6552.81 9413.87
5322.38 2744.69 1456.68 6163.93 -1 1
5486.07 22.446 2909.72 6210.88 1 1
1598.69 3165.4 1620.76 3900.46 -1 2
1044.21 2229.57 4932.05 5513.41 1 2
event 4
4250.27 -6572.81 -41042.7 41897.1
5432.95 6620.76 25615.1 27186
1497.27 -5000.54 -27055.4 27554.5 1 1
2752.99 -1572.27 -13987.4 14342.5 -1 1
4162.08 4904.23 22542.4 23442.4 -1 2
1270.87 1716.53 3072.7 3743.56 1 2
event 5
-2985.7 8167.51 5113.12 10552.6
4554.65 -3272.35 -2583.5 6907.87
-3389.15 5033.69 3411.46 6962.3 1 1
403.443 3133.82 1701.66 3590.32 -1 1
634.868 -1934.06 -25.401 2038.5 -1 2
3919.79 -1338.29 -2558.1 4869.37 1 2
event 6
-5576.21 6706.92 40061.6 41116.9
-3739.48 6713.63 -25652.9 26957.7
-2651.76 4544.81 28958.5 29432.9 1 1
-2924.44 2162.11 11103.1 11684 -1 1
-1515.16 5210.3 -19555.3 20294.4 -1 2
-2224.32 1503.33 -6097.62 6663.32 1 2
