event 0
6752.21 1947.26 -12904 15148.7
-6459.14 -11466.1 -3342.89 13926.9
-1384.24 -3668.45 -2343.46 4569.09 -1 2
1935.17 1133.92 -7654.47 7977.01 1 1
-5074.9 -7797.67 -999.427 9357.79 1 2
4817.04 813.348 -5249.49 7171.73 -1 1
event 1
-12064.1 -6729.88 -7061.86 15820.7
-11207.7 -2538.34 -7005.76 13810.4
-5351.8 -1538.88 -1643.95 5807.2 -1 2
-3765.48 -848.165 -2904.78 4831.89 1 1
-8298.67 -5881.71 -4157.08 10988.9 -1 1
-5855.93 -999.456 -5361.81 8003.19 1 2
event 2
-3440.31 -11473.3 40234 42093.2
-4678.31 -3637.25 -21172.8 22203.5
-1254.38 -6252.87 26094.6 26862.8 -1 1
-2185.93 -5220.39 14139.4 15230.4 1 1
-3986.97 -1405.12 -11528.4 12279.5 -1 2
-691.346 -2232.13 -9644.34 9923.96 1 2
event 3
-1746.32 -6028.72 7491.55 10252.3
-2862.6 -9406.24 -3011.57 10739.3
-282.23 -3767.3 -2467 4513.25 -1 2
-1956.35 -1634.34 3334.49 4198.61 -1 1
-2580.37 -5638.93 -544.578 6226.04 1 2
210.031 -4394.38 4157.06 6053.68 1 1
event 4
4598.04 5381.25 4109.71 8751
-3652.69 -6712.16 -755.255 8279.91
-3630.85 -3612.88 -183.47 5126.48 1 2
2927.34 1614.81 736.624 3425.01 -1 1
-21.8411 -3099.28 -571.784 3153.43 -1 2
1670.7 3766.44 3373.08 5325.99 1 1
event 5
4565.95 -8217.94 -19145.3 21552.6
4687.49 -4916.58 4634.23 8787.08
4219.14 -2613.35 2293.47 5468.26 -1 2
3412.04 -3122.88 -7956.6 9203.97 -1 1
1153.91 -5095.06 -11188.7 12348.7 1 1
468.357 -2303.24 2340.76 3318.82 1 2
event 6
-6058.27 442.736 26408.7 27274.8
4525.18 -13276.1 26462.6 30109.7
-4324.96 1535.56 20851 21350.4 1 1
-1733.31 -1092.82 5557.73 5924.37 -1 1
4038.34 -8411.75 15269.1 17894.8 1 2
486.839 -4864.32 11193.5 12214.9 -1 2
event 7
-4787.62 2487.67 14758.4 16016
11302.5 -2470.44 -21040 24209.9
-3279.96 147.414 9700.06 10241.2 1 1
-1507.66 2340.25 5058.37 5774.78 -1 1
6077.53 -2683.9 -13314.6 14880.5 -1 2
5224.93 213.459 -7725.35 9329.4 1 2
event 8
3339.98 7722.13 7264.4 11539
-5569.54 5168.36 -5595.66 9931.3
-1199.85 3180.82 -2427.42 4178.61 1 2
931.006 3246.86 4850.15 5911.34 1 1
2408.98 4475.27 2414.25 5627.7 -1 1
-4369.7 1987.54 -3168.24 5752.7 -1 2
