event 0
-6742.49 10695.6 -23272.7 26665.9
5464.08 1369.02 17722.9 18852.7
-5761.27 6774.16 -14574 17073.2 -1 1
-981.218 3921.44 -8698.75 9592.7 1 1
2660.93 2217.49 10532.7 11088.1 -1 2
2803.15 -848.476 7190.22 7764.54 1 2
event 1
-5875.84 4498.32 -32153.4 33139
-4835.22 4815.02 -861.179 7542.96
-3035.97 1119.28 350.441 3256.36 1 2
-3048.72 612.647 -15322.8 15635.6 1 1
-2827.12 3885.68 -16830.6 17503.4 -1 1
-1799.25 3695.74 -1211.62 4286.61 -1 2
event 2
-7935.88 1967.76 -19886.5 21723.6
-8781 6835.62 -16902.2 20472
-3180.39 3044.95 -4223.66 6102.22 1 2
-1403.29 1483.46 -3204.68 3801.45 -1 1
-5600.61 3790.67 -12678.5 14369.8 -1 2
-6532.6 484.293 -16681.8 17922.1 1 1
event 3
-6659.51 12985.2 -25873.4 29866.1
-5814.84 5318.97 685.781 8495.03
-4155.12 2541.16 -792.748 4935.8 -1 2
-2207.03 3177.78 -4526.19 5955.4 -1 1
-4452.48 9807.45 -21347.2 23910.7 1 1
-1659.72 2777.81 1478.53 3559.23 1 2
event 4
6081.96 13434.3 -31728.8 35125.2
-5329 -5544.45 -3108.8 8854.04
-4098.46 -2124.16 -2149.28 5093.14 1 2
2841.38 6393.53 -18682.2 19949.6 1 1
-1230.53 -3420.29 -959.513 3760.91 -1 2
3240.58 7040.78 -13046.6 15175.6 -1 1
event 5
-10143.7 -2375.9 -6103.49 12624.6
-34.886 -5886.08 17510.4 18731.1
1408.81 -4176.81 11385.9 12209.8 -1 2
-3272.76 -236.679 -153.614 3286.59 1 1
-6870.95 -2139.23 -5949.88 9338.01 -1 1
-1443.7 -1709.27 6124.5 6521.24 1 2
