event 0
537.601 12718.3 -12498.1 18106.3
-2105.26 5097.6 2580.58 6831.31
-1045.2 6652.47 -7563.87 10127.7 1 1
1582.8 6065.85 -4934.24 7978.58 -1 1
-2547.03 2706.48 2322.51 4383.79 -1 2
441.768 2391.12 258.07 2447.52 1 2
event 1
-8086.75 3690.91 -3690.14 10110.9
5909.33 3407.53 -5220.64 9131.13
4383.05 1529.25 -1891.45 5013.83 -1 2
-3322.82 2427.89 -3084.72 5144.17 -1 1
-4763.93 1263.02 -605.419 4966.68 1 1
1526.28 1878.28 -3329.2 4117.3 1 2
event 2
-103.647 -8422.14 -24828.3 26400.3
-4797.94 -1286.44 -9828.9 11440
-2323.15 -2039.52 -6695.25 7375.25 1 2
-1157.14 -4178.23 -15538.2 16132.1 1 1
-2474.78 753.081 -3133.65 4064.8 -1 2
1053.49 -4243.92 -9290.06 10268.3 -1 1
event 3
4087.13 -7414.68 -5415.61 10516.7
177.521 -7967.72 -3117.78 9100.98
339.777 -5059.45 -3498.5 6161.51 1 2
810.282 -4260.19 -3526.43 5590.4 -1 1
-162.256 -2908.27 380.719 2939.47 -1 2
3276.85 -3154.5 -1889.18 4926.34 1 1
event 4
4564.92 -3762.96 -15674.8 17037.8
-8346.08 -2616.68 12225.6 15347.9
-2964.54 -1725.1 6986.86 7784.07 -1 2
835.991 -1871.85 -8393.31 8640.69 -1 1
-5381.54 -891.585 5238.76 7563.84 1 2
3728.93 -1891.11 -7281.46 8397.14 1 1
event 5
-12022.9 5930.69 42958.8 45108.5
1590.91 6938.11 26287.7 27409.9
-7819.73 3942.81 32554.1 33711.6 1 1
-4203.21 1987.89 10404.7 11396.8 -1 1
1185.08 3513.19 8254.73 9049.78 -1 2
405.833 3424.92 18032.9 18360.1 1 2
event 6
5558.83 -770.417 2528.17 6890.3
-12290.9 7286.4 -54063.3 56005.3
3148.79 945.515 563.5 3337.3 1 1
2410.04 -1715.93 1964.67 3553 -1 1
-8250.67 6421.39 -37041.5 38488.9 1 2
-4040.19 865.005 -17021.8 17516.4 -1 2
event 7
-4521.07 9832.8 -13813.2 17819.1
-4311.29 -1885.87 19595.7 20389.4
-2100.59 -2557.2 10947.4 11437.1 1 2
-2250.25 3660.36 -3304.43 5421.46 1 1
-2210.7 671.325 8648.31 8952.22 -1 2
-2270.82 6172.44 -10508.7 12397.6 -1 1
event 8
-8026.94 -13051.3 41257.2 44119.3
-3824.24 16372.8 50242.3 53071.4
-437.914 5725.63 20865.8 21641.8 -1 2
-2996.38 -2405.39 10946.2 11601.5 -1 1
-5030.56 -10645.9 30311 32517.8 1 1
-3386.33 10647.2 29376.4 31429.5 1 2
event 9
1864.57 10037.3 9552.31 14320
3553.89 3992.33 -20588.7 21495.4
1248.98 3484.9 -14472.4 14938.8 1 2
2427.52 4612.93 4630.73 6973.3 1 1
2304.91 507.429 -6116.27 6556.68 -1 2
-562.957 5424.38 4921.58 7346.69 -1 1
event 10
-7816.04 6912.33 50429.1 51590.3
4434.92 -5620.16 21316.2 22698.6
2088.21 -4583.52 16339.7 17098.7 -1 2
-2399.06 3906.86 18029.3 18603.4 1 1
-5416.98 3005.47 32399.8 32986.9 -1 1
2346.71 -1036.63 4976.54 5599.89 1 2
event 11
3406.18 -4728.99 -3050.97 7270.75
-3745.33 12884.9 23410.2 27160.2
2967 -1479.04 -1612.68 3688.16 1 1
439.176 -3249.96 -1438.29 3582.59 -1 1
-678.081 7341.17 11307.1 13498.7 1 2
-3067.25 5543.68 12103.1 13661.5 -1 2
