event 0
-1966.72 -11036.4 -21914.3 24809.2
4141.99 -5952.63 -10392.9 13045.8
276.139 -6500.56 -13578.8 15057.5 1 1
-2242.86 -4535.83 -8335.47 9751.68 -1 1
2065.21 -3423.03 -8145.17 9073.98 -1 2
2076.78 -2529.6 -2247.69 3971.8 1 2
event 1
-224.897 6063.65 -27380.7 28215.5
6842.23 2218.85 -3986.7 8787.74
2426.24 2373.82 -2006.39 3944.42 1 2
-1518.45 1841.07 -9046.87 9356.93 -1 1
4415.98 -154.967 -1980.3 4843.32 -1 2
1293.56 4222.58 -18333.8 18858.5 1 1
event 2
537.854 6829.53 570.484 7539.76
-3480.14 -13268.5 13854.1 19740.6
1787.94 3526.69 635.139 4006.1 -1 1
-1250.08 3302.84 -64.6549 3533.66 1 1
-2289.53 -6491.07 4911.16 8456.16 -1 2
-1190.61 -6777.47 8942.93 11284.4 1 2
event 3
2729.04 -6267.79 6441.62 9890.32
-7980.46 2586.96 2344.66 9244.9
159.042 -4060.85 2939.2 5016.56 1 1
2569.99 -2206.94 3502.42 4873.77 -1 1
-4711.2 -69.863 964.093 4810.51 -1 2
-3269.25 2656.82 1380.57 4434.39 1 2
