event 0
7257.1 3690.54 -3217.01 9285.7
1012.11 7876.77 -11869.5 14749.3
-1040.53 3692.92 -7154.54 8119.05 -1 2
2153.19 406.341 -2243.78 3138 -1 1
5103.91 3284.2 -973.234 6147.7 1 1
2052.64 4183.85 -4714.95 6630.22 1 2
event 1
799.925 -8257.84 1027.17 8915.05
-8395.55 -981.032 2862.37 9446.26
1954.19 -4188.67 613.584 4663.85 1 1
-1154.27 -4069.18 413.581 4251.2 -1 1
-5971.35 -1408.81 3263.23 6949.93 -1 2
-2424.21 427.777 -400.867 2496.32 1 2
event 2
-4885.87 -8858.85 6800.52 12577.3
6489.14 -1317.66 -28192.7 29125
-1273.06 -5387.04 3079.33 6335.17 1 1
-3612.82 -3471.81 3721.19 6242.14 -1 1
1426.82 -1468.86 -11471 11652.8 -1 2
5062.32 151.204 -16721.8 17472.2 1 2
event 3
6744.71 7695.92 -36148.8 37696.8
-3257.74 6811.62 -14897.3 17103.3
-377.864 4516.75 -6412.85 7853.64 -1 2
2173.74 3076.12 -18718 19093.5 1 1
4570.96 4619.8 -17430.8 18603.3 -1 1
-2879.87 2294.87 -8484.44 9249.7 1 2
event 4
10801.2 -7165.88 -5532.62 14429.7
-5260.47 1276.87 4187.08 7511.77
5925.03 -4628.84 -1647.85 7697.97 -1 1
4876.22 -2537.04 -3884.76 6731.76 1 1
-3866.12 -576.031 2480.88 4630.84 -1 2
-1394.34 1852.9 1706.2 2880.93 1 2
event 5
17.5862 -10298.7 48381.7 49562.5
6175.32 -3475.09 12716.2 14883
3774 -3358.24 6612.97 8322.47 -1 2
-1198.81 -4244.3 15999.5 16596.6 1 1
1216.4 -6054.39 32382.3 32966 -1 1
2401.32 -116.85 6103.18 6560.49 1 2
event 6
6082.1 -3867.55 19834.7 21329.6
8378.85 -2867.49 -22971.3 24813.3
6742.72 -1470.92 -19893 21056.4 1 2
2880.86 -1039.08 12216 12594.5 -1 1
1636.14 -1396.57 -3078.29 3756.91 -1 2
3201.24 -2828.47 7618.62 8735.14 1 1
event 7
7157.01 -3584.09 -2649.18 8982.04
-7614.6 -816.684 7783.89 11350.3
-3157.73 -1079.65 5232.4 6206.94 1 2
1380.06 -2267.33 -813.555 2778.2 -1 1
5776.95 -1316.76 -1835.62 6203.84 1 1
-4456.87 262.963 2551.49 5143.36 -1 2
event 8
-425.6 -5655.05 22395.9 23309.5
-5110.31 -8557.45 33449 35039.6
-1700.18 -3510.75 12027.2 12644.4 -1 1
1274.58 -2144.31 10368.7 10665.1 1 1
-3503.26 -4854.89 14939.1 16094.4 1 2
-1607.05 -3702.55 18509.9 18945.1 -1 2
event 9
3390.34 -11058.6 -64759.6 65857.3
-1937.98 4302.41 -17947.2 18813.8
-2445.51 2154.07 -8319.4 8935.56 1 2
2540.36 -3826.84 -21089.2 21583.9 1 1
507.53 2148.34 -9627.84 9878.23 -1 2
849.983 -7231.81 -43670.4 44273.4 -1 1
event 10
75.9966 -4726.16 -4189.34 7034.47
-2659.07 -13306.1 57559.7 59218.5
1183.94 -2850.57 -3662.34 4790.76 -1 1
-1107.94 -1875.59 -526.997 2243.72 1 1
-2827.91 -6456.23 27760.1 28641.1 -1 2
168.848 -6849.92 29799.6 30577.4 1 2
event 11
-4813.56 -6677.12 7777.45 11740.3
-6567.4 11724.5 37896.5 40327.8
-3973.18 -2890.63 4344.03 6559.24 -1 1
-840.378 -3786.48 3433.43 5181.05 1 1
-4975.42 5963.35 19772.2 21243 -1 2
-1591.98 5761.2 18124.4 19084.8 1 2
