event 0
-14656.5 5848.38 -22223.1 27431.3
3577.34 4856.03 1555.71 6956.26
3482.4 2319.74 1390.84 4410.65 1 2
-4203.37 1337.2 -8689.57 9745.58 -1 1
94.9448 2536.29 164.866 2545.61 -1 2
-10453.1 4511.19 -13533.5 17685.8 1 1
event 1
5003.03 -1285.17 29154.1 29769.7
13200.3 -19071 -106170 108718
2537.51 -2227.27 16840.2 17175.6 1 1
2465.52 942.097 12313.9 12594 -1 1
7281.88 -10103.2 -64001.4 65201.9 1 2
5918.47 -8967.86 -42168.7 43516.2 -1 2
event 2
-4661.14 1908.81 -3183.19 6715.17
8671.63 -11087.5 16065.5 21582.9
-2337.04 2521.44 -1368.99 3701.99 1 1
-2324.1 -612.631 -1814.2 3013.18 -1 1
5707.26 -6167.69 11507.7 14249.6 -1 2
2964.37 -4919.86 4557.79 7333.29 1 2
event 3
-5820.15 3196.1 5815.28 9354.01
-1457.69 9242.07 -21292.7 23463
-53.4536 7423.29 -17736.9 19228 1 2
-3039.82 257.497 3670.56 4773.99 -1 1
-1404.23 1818.79 -3555.86 4234.99 -1 2
-2780.33 2938.6 2144.72 4580.02 1 1
event 4
8339.31 4751.9 20213.1 22677.8
5575.39 3459.49 3470.09 8042.73
5230.07 3795.84 9569.29 11547.5 -1 1
3109.24 956.067 10643.8 11130.3 1 1
1950.81 482.32 -286.191 2032.58 -1 2
3624.57 2977.17 3756.29 6010.15 1 2
event 5
5495.2 3715.35 -16855.3 18485.5
-9144.58 7714.4 -24789.1 27698.8
3886.64 408.257 -8490.93 9347.71 -1 1
1608.56 3307.09 -8364.42 9137.78 1 1
-5636.98 5079.09 -12207.4 14373.7 1 2
-3507.6 2635.31 -12581.7 13325.1 -1 2
event 6
15889.1 -27022.3 -82471.5 88282.6
4627.51 -6875.06 -8550.42 12303.7
10635.9 -15320.6 -47229.5 50778.7 1 1
5253.22 -11701.7 -35242.1 37503.9 -1 1
2230.93 -5709.56 -6535.89 8961.31 -1 2
2396.59 -1165.5 -2014.53 3342.38 1 2
