event 0
-5908.26 -4970.13 11930.6 14544.4
630.438 6733.29 -1208.96 7535.75
-1250.41 2988.14 -390.604 3264.39 -1 2
-560.029 -2218.97 3654.46 4313.2 1 1
-5348.23 -2751.16 8276.12 10231.2 -1 1
1880.84 3745.14 -818.357 4271.36 1 2
event 1
-6264.53 -3379.67 964.941 7822.31
8274.34 10448.8 4153.91 14299.9
-3827.74 -983.898 1735.39 4317.68 -1 1
-2436.8 -2395.77 -770.447 3504.63 1 1
6671.47 6210.24 3254.85 9678.89 -1 2
1602.87 4238.58 899.061 4621.06 1 2
event 2
4583.39 2069.52 -24865.3 25557.1
-14545 -96.362 23648.2 27935.5
3208.16 -211.633 -12455.7 12864.4 -1 1
1375.23 2281.15 -12409.6 12692.7 1 1
-7982.72 788.048 10501.3 13214.9 -1 2
-6562.24 -884.41 13146.9 14720.6 1 2
event 3
-140.186 7700.24 4158.5 9284.25
-4978.06 -8459.66 -14007.7 17382.5
-1064.71 -2955.69 -2407.88 3959.64 -1 2
-1350.68 2466.99 718.356 2904.76 1 1
-3913.35 -5503.97 -11599.8 13422.9 1 2
1210.5 5233.24 3440.15 6379.49 -1 1
event 4
-3214.52 -6731.7 25908.4 27138.2
-4092.36 -6068.2 787.326 7986.32
-765.263 -4842.82 17664 18332.1 1 1
-2449.26 -1888.88 8244.39 8806.13 -1 1
-3972.22 -3498.32 1052.83 5397.82 -1 2
-120.138 -2569.87 -265.5 2588.5 1 2
