event 0
-12931.2 17520.2 -16583 27545.6
3857.77 -5503.39 -5408.16 9165.64
-6441.49 11257.2 -9497.83 16076 -1 1
-6489.72 6263.06 -7085.13 11469.6 1 1
1187.49 -3956.22 -2081.2 4626.49 -1 2
2670.28 -1547.16 -3326.95 4539.15 1 2
event 1
-4427.08 -5965.32 -18541.7 20213.1
6290.56 -2245.15 27602.5 28567.5
3580.31 -2222.67 21184.6 21600 -1 2
-535.909 -3117.98 -6170.49 6935.07 1 1
-3891.17 -2847.34 -12371.2 13278.1 -1 1
2710.26 -22.4709 6417.89 6967.53 1 2
event 2
-423.188 9112.18 -6660.29 11711.6
-5562.36 -12040.3 23050.9 26774
-3350.85 -3710.25 8484.84 9848.75 1 2
-1222.47 2049.17 -2576.24 3513.08 -1 1
-2211.51 -8330.08 14566.1 16925.2 -1 2
799.285 7063 -4084.05 8198.51 1 1
event 3
-9312.8 5204.01 47990 49258.9
-7291.38 2384.39 9159.5 12342.5
-6679.9 2184.65 27780.1 28655.5 1 1
-2632.89 3019.36 20209.9 20603.4 -1 1
-2901.25 1863.86 5951.95 6879.54 -1 2
-4390.12 520.525 3207.55 5462.94 1 2
event 4
-4083.88 4485.57 -3797.33 7798.02
-12819.3 -8003.11 19446.7 24822.4
-1736.28 3469.74 -3489.68 5219.46 -1 1
-2347.6 1015.83 -307.653 2578.55 1 1
-7674.43 -3906.63 8838.39 12340.5 -1 2
-5144.9 -4096.47 10608.3 12482 1 2
