event 0
1874.06 -6855.15 -12297.3 14536.9
4150.19 5409.2 34169.8 34980.7
3766.21 3133.49 27201.7 27639.6 1 2
-368.5 -3302.6 -3745.79 5008.5 -1 1
383.983 2275.71 6968.09 7341.1 -1 2
2242.56 -3552.55 -8551.52 9528.35 1 1
event 1
-407.82 -4634.07 12516 13707
1167.32 -14023.1 13773.7 19932.7
-1722.41 -2580.11 6146.22 6885.56 1 1
1314.59 -2053.96 6369.73 6821.41 -1 1
-602.513 -8956.82 7703.07 11829.5 -1 2
1769.83 -5066.25 6070.61 8103.24 1 2
event 2
-1823.12 9193.34 1573.33 9995.35
-8752.31 1041.88 -29707.7 31142.1
-6218.53 1488.39 -16714 17895.7 -1 2
799.118 3188.73 886.381 3406.38 1 1
-2622.24 6004.6 686.948 6588.97 -1 1
-2533.78 -446.513 -12993.7 13246.4 1 2
event 3
-4128.56 -9421.51 -7806.36 13429
8007.94 -7978.6 43742 45285.1
5408.04 -6671.95 36085.7 37093.8 1 2
-875.664 -4544.04 -5342.18 7068.6 1 1
2599.9 -1306.65 7656.35 8191.32 -1 2
-3252.89 -4877.47 -2464.18 6360.37 -1 1
event 4
9449.55 -2948.51 -45949.8 47105.9
-6893.71 113.392 -35179.4 35982.2
-5072.5 1440.71 -26006.2 26535.6 -1 2
3884.03 -1895.8 -13820.2 14480.6 1 1
5565.52 -1052.71 -32129.6 32625.3 -1 1
-1821.22 -1327.32 -9173.25 9446.6 1 2
event 5
4962.57 -10816.1 13528.9 18282.1
-2441.2 3849.52 4850.99 7341.75
4325.44 -5821.58 8289.25 11014.7 -1 1
637.13 -4994.49 5239.62 7267.43 1 1
-423.084 3086.46 1787.53 3593.28 -1 2
-2018.12 763.059 3063.46 3748.47 1 2
event 6
8256.86 4356.39 -20908.7 23106.6
11511.3 8834.26 -41281 43866.4
2635.62 3817.99 -12669.4 13492.5 1 2
2602.15 1219.45 -3466.2 4503.77 1 1
8875.66 5016.28 -28611.6 30373.9 -1 2
5654.71 3136.94 -17442.5 18602.9 -1 1
event 7
-6601.4 -2059.57 -20489.8 21846.1
11724.9 4796.34 59328.1 60744.5
-3181.97 -2487.72 -9370.5 10204.5 -1 1
-3419.43 428.15 -11119.3 11641.6 1 1
7402.97 1625.98 38368.4 39110.1 1 2
4321.92 3170.36 20959.7 21634.5 -1 2
event 8
1409.34 7033.04 -7212.66 10633.1
-9130.76 8775.53 63799.2 65148.4
1788.27 3422.73 -5209.61 6485.69 1 1
-378.925 3610.31 -2003.05 4147.44 -1 1
-6690.84 3921.49 37414.7 38210.2 1 2
-2439.91 4854.04 26384.4 26938.2 -1 2
event 9
-639.689 7495.74 22551.1 24056.9
-954.316 -6627.92 979.547 7442.45
880.78 -4024.05 1057.51 4254.2 -1 2
1082 3210.19 13182.2 13610.9 1 1
-1721.69 4285.55 9368.91 10445.9 -1 1
-1835.1 -2603.87 -77.9583 3188.25 1 2
event 10
10036.3 -4931.52 39039.4 40727.3
-8213.25 -849.925 -24.5994 8818.79
-6391.32 521.751 628.612 6444.19 -1 2
2892.13 -2719.93 10560.9 11283 1 1
7144.13 -2211.59 28478.5 29444.3 -1 1
-1821.93 -1371.68 -653.212 2374.61 1 2
event 11
-10209.4 2350.95 1256.85 10996.7
2449.49 6381.24 -3959.51 8484.69
-6047.28 1878.83 2194.94 6702.88 1 1
-4162.1 472.125 -938.098 4293.85 -1 1
-611.136 2378.86 -1460.74 2859.61 -1 2
3060.63 4002.38 -2498.77 5625.08 1 2
event 12
7028.81 2023.05 6228.31 10093.5
1333.68 9843.42 14529.9 17871.3
4038.74 905.441 1533.34 4415.15 -1 1
2990.07 1117.61 4694.97 5678.33 1 1
1867.36 5700.25 6680.99 8979.23 -1 2
-533.678 4143.17 7848.96 8892.02 1 2
event 13
8030.74 -4940.04 -655.394 9945.64
15961.1 4101.93 10501.6 19785.3
4845.91 -1432.89 466.898 5075.94 1 1
3184.83 -3507.15 -1122.29 4869.69 -1 1
10354.9 3250.21 5253.48 12058.1 -1 2
5606.22 851.713 5248.11 7727.15 1 2
event 14
9685.18 2604.62 1757.67 10642.7
10027.7 -3780.86 -37165.7 38855.2
3933.68 -184.274 -9200.17 10008.1 1 2
2793.4 1804.46 -458.146 3358.6 1 1
6093.99 -3596.58 -27965.5 28847.1 -1 2
6891.79 800.169 2215.82 7284.09 -1 1
event 15
1248.14 7493.39 -4382.5 9513.29
-12068.8 -4096.12 11039.3 17143.2
2156.59 5384.26 -1840.67 6086.08 -1 1
-908.452 2109.14 -2541.83 3427.22 1 1
-5923.16 -2795.97 3861.11 7603.99 1 2
-6145.64 -1300.15 7178.14 9539.19 -1 2
event 16
9182.6 1138.31 -878.225 9796.88
-3048 9914.22 26253.4 28397.4
-331.188 5086.46 9983.49 11210 1 2
3065.22 -960.024 -867.313 3328.75 -1 1
6117.39 2098.33 -10.9118 6468.13 1 1
-2716.81 4827.76 16269.9 17187.4 -1 2
event 17
-4606.03 -5057.87 738.93 7545.52
17750.1 4254.66 10982 21525.8
-2073.18 -4329.05 968.685 4897.78 -1 1
-2532.86 -728.819 -229.756 2647.73 1 1
9459.15 1534.07 7333.48 12067.3 1 2
8290.91 2720.6 3648.49 9458.51 -1 2
event 18
-5641.34 -1768.52 -6678.15 9441.51
-6766.66 -119.249 -25314 26385.5
-2882.1 900.397 -15302.6 15598 -1 2
-1289.99 -1549.89 -917.156 2217.78 1 1
-4351.35 -218.637 -5760.99 7223.73 -1 1
-3884.56 -1019.65 -10011.4 10787.5 1 2
event 19
10065.6 21763.8 28689.5 37518.7
-263.625 -6871.25 6221.91 9776.83
8198.34 17694.8 21310.1 28886.9 1 1
1867.25 4069.04 7379.32 8631.87 -1 1
-719.667 -2161.82 471.12 2329.06 -1 2
456.042 -4709.43 5750.79 7447.78 1 2
event 20
-12060.6 -2545.46 23493.4 26710.8
-1874.42 -5010.14 -15231.7 16438.1
-2363.43 -3068.47 -7390.24 8344.35 1 2
-5287.73 -1669.05 13613.9 14700.2 -1 1
489.015 -1941.66 -7841.46 8093.76 -1 2
-6772.83 -876.415 9879.43 12010.6 1 1
event 21
-3132.72 -12956.8 -42949.8 45077.4
-3535.5 4209.3 -4481.71 7993.13
-3466.98 -8770.02 -27823.1 29378 1 1
334.26 -4186.81 -15126.7 15699.4 -1 1
-1675.14 2983.42 -4629.67 5757.77 -1 2
-1860.37 1225.89 147.964 2235.36 1 2
event 22
-507.671 23429.6 116364 118741
2979.73 -4592.77 4537.41 7755.74
-1111.24 15715 71606.3 73319 -1 1
603.571 7714.54 44758.1 45422.2 1 1
2857.16 -1882.01 1677.27 3811.78 -1 2
122.568 -2710.76 2860.14 3943.96 1 2
event 23
-12717 4024.32 61323.6 62833.8
-4558.87 4671.39 -26307.1 27281.1
-1452.04 3410.59 -16649.8 17057.7 1 2
-5100.98 860.494 17849.5 18584.3 1 1
-3106.83 1260.8 -9657.32 10223.4 -1 2
-7616.04 3163.83 43474 44249.5 -1 1
event 24
6556.81 12818.6 23276.2 27544.2
6538.66 8094.87 -1114.19 10914
4125.8 6358.84 -1943.88 7826.04 -1 2
2405.08 5988.53 13100.9 14604.5 -1 1
4151.74 6830.11 10175.2 12939.6 1 1
2412.86 1736.03 829.693 3087.92 1 2
event 25
6364.5 2317.56 17961.6 19444.4
-1612.1 18684.4 81280.3 83497.2
3674.22 2624.5 8811.91 9901.96 1 1
2690.28 -306.94 9149.64 9542.48 -1 1
-2529.74 9527.13 45075.3 46140.7 -1 2
917.642 9157.26 36205 37356.5 1 2
event 26
7015.46 15713.8 -3308.99 17795.5
-1532.15 4703.03 12294.2 13608.9
2179.17 8531.46 -2090.23 9050.69 1 1
4836.28 7182.34 -1218.75 8744.84 -1 1
-2308.17 2805.28 6303.26 7275.95 -1 2
776.015 1897.75 5990.95 6332.96 1 2
event 27
-361.044 7226.43 3463.29 8598.62
-7136.47 2027.23 -4737.63 9331.31
-4894.23 1712.82 -1536.92 5409.3 1 2
-153.432 3110.13 3201.62 4467.44 1 1
-2242.25 314.41 -3200.71 3922.02 -1 2
-207.611 4116.3 261.665 4131.18 -1 1
event 28
9476.02 1321.89 30470.7 32087.4
-4913.64 2061.44 -3733.69 7205.89
5636.92 -228.232 13780.4 14890.8 -1 1
3839.1 1550.12 16690.4 17196.5 1 1
-3168.12 716.964 -3798.56 4999.13 -1 2
-1745.52 1344.48 64.874 2206.77 1 2
event 29
-5507.86 -5550.1 16085.4 18151.3
-8856.71 2370.41 12295.9 15647.4
-2911.21 2322.27 4990.25 6227.51 -1 2
-2937 -1743.74 9703.41 10287.6 1 1
-5945.5 48.1359 7305.65 9419.92 1 2
-2570.86 -3806.36 6381.95 7863.72 -1 1
event 30
3349.01 -9568.73 -985.885 10646.1
6970.21 -1251.68 10033.1 12665.1
5244.1 494.803 6676.08 8504.5 -1 2
1775.84 -2898.4 -1611.83 3763.44 1 1
1573.17 -6670.33 625.943 6882.67 -1 1
1726.11 -1746.49 3357.04 4160.59 1 2
event 31
6700.33 8528.97 17426.9 20758.7
4997.12 -8858.55 508.509 10644.1
1462.17 -4307.93 -1057.58 4671.82 -1 2
1320.14 3211.62 3634 5027.37 -1 1
5380.19 5317.35 13792.9 15731.3 1 1
3534.95 -4550.62 1566.09 5972.25 1 2
event 32
1098.28 -5081.5 -6808.39 9108.84
14757.9 681.687 6314.22 16362.2
1493.33 -3055.3 -2182.68 4042.29 1 1
-395.042 -2026.2 -4625.71 5066.55 -1 1
7417.3 1019.49 4691.18 8835.95 -1 2
7340.63 -337.807 1623.04 7526.24 1 2
event 33
-4663.23 4356.02 -1321.83 7215.07
-18533.2 4278.99 -33475.4 38626.2
-2177.99 4032.66 -871.94 4666.63 1 1
-2485.24 323.361 -449.892 2548.44 -1 1
-12246.7 3744.64 -20038.4 23781.4 1 2
-6286.55 534.354 -13437 14844.9 -1 2
event 34
3819.89 -15221.9 -69749.8 71560.7
3015.07 -5830.67 -1457.61 7402.9
3831.95 -11421.6 -56834.7 58097.6 1 1
-12.0561 -3800.26 -12915.1 13463 -1 1
2313.02 -1529.58 -1236.37 3038 -1 2
702.043 -4301.09 -221.237 4364.9 1 2
event 35
-7652.96 -3789.4 -14288 16931.2
-6423.14 1068.29 -2417.77 7605.05
-3513.49 -798.978 -1996.23 4120.57 1 2
-4208.21 -490.912 -7815.39 8890.53 1 1
-2909.65 1867.27 -421.538 3484.48 -1 2
-3444.75 -3298.49 -6472.57 8040.62 -1 1
event 36
5404.98 -8563.47 28749.5 30637.8
-755.545 -8413.15 12950.4 15768.8
2107.18 -6066.9 16369.1 17584.2 -1 1
3297.8 -2496.57 12380.4 13053.5 1 1
-1226.49 -3224.04 3167.14 4684.08 -1 2
470.95 -5189.12 9783.22 11084.7 1 2
event 37
3044.99 5084.9 10915.7 12801.3
5030.24 10916 14455.7 19053.1
2943.59 2048.84 5051.24 6195.86 1 1
101.397 3036.06 5864.49 6605.4 -1 1
3179.02 6911.33 6738.78 10163.4 -1 2
1851.22 4004.64 7716.89 8889.64 1 2
event 38
-3164.26 9214.61 49013.5 50068.3
2921.33 9163.49 12723.2 16370
-900.649 6515.79 28085.3 28845.5 1 1
-2263.61 2698.81 20928.2 21222.8 -1 1
280.426 3395.87 7167.71 7937.11 -1 2
2640.9 5767.62 5555.47 8432.92 1 2
event 39
12727.6 -5331.52 10291.2 17490.4
7944.14 -5671.74 18291 20962.6
6532.54 -3246.1 14633.4 16351.1 -1 2
3790.14 -2452.61 1907.27 4901.97 1 1
8937.51 -2878.91 8383.96 12588.5 -1 1
1411.6 -2425.64 3657.61 4611.47 1 2
event 40
6056.45 7087.53 2890.26 10240
9253.02 -2837.38 25511.3 27460.7
4563.71 -497.21 15418.7 16088 1 2
1661.33 2358.11 -527.197 2934.24 -1 1
4395.12 4729.42 3417.45 7305.8 1 1
4689.31 -2340.17 10092.6 11372.7 -1 2
event 41
6000.34 -4087.06 -25332.2 26533.4
-2753.2 -9800.75 5141.77 11817.9
3078.05 -3096.03 -10303.2 11190.5 -1 1
2922.29 -991.033 -15029 15342.9 1 1
-3124.39 -7136.96 4673.93 9085.97 -1 2
371.195 -2663.79 467.836 2731.96 1 2
event 42
312.823 8325.6 28550 29901.6
10274.2 -2070.35 24451.1 26782.3
3588.55 -2239.09 10007.1 10864.9 1 2
1093.63 3128.62 7412.82 8120.68 -1 1
6685.68 168.734 14444 15917.5 -1 2
-780.808 5196.98 21137.2 21780.9 1 1
event 43
-8511.56 2539.68 -3111.51 9908.02
7879.49 -1871.81 -25741.5 27236
-5085.69 128.157 -2511.42 5674.43 -1 1
-3425.87 2411.53 -600.083 4233.59 1 1
5866.68 -297.856 -13384.5 14617.2 -1 2
2012.81 -1573.95 -12357 12618.9 1 2
event 44
-196.959 -13364.6 -6397.93 15138.5
-4933.62 -2015.87 -22717.4 23538.8
959.94 -9312.41 -3378.39 9953.25 -1 1
-1156.9 -4052.18 -3019.54 5185.3 1 1
-2879.31 -1860.76 -18811.6 19121.7 -1 2
-2054.31 -155.109 -3905.79 4417.08 1 2
event 45
-12387.6 2166.38 -30205.4 32864.9
-4448.88 -6137.09 -7020.62 10785.9
-2371.79 -3838.65 -6029.31 7531.56 -1 2
-3599.46 2079.41 -9331.01 10215.6 -1 1
-8788.18 86.9662 -20874.4 22649.3 1 1
-2077.09 -2298.44 -991.31 3254.38 1 2
event 46
8674.05 -3441.15 -11375.1 15035.4
4180.12 877.892 3790.93 6496.62
2458.3 1997.13 2729.64 4182.57 1 2
4514.65 -1041.14 -7701.49 8988.34 -1 1
1721.82 -1119.24 1061.29 2314.06 -1 2
4159.4 -2400 -3673.58 6047.06 1 1
event 47
7740.58 4405.47 18677.6 20922.9
1811.32 6783.83 -6117.94 9814.36
2091.39 2458.5 -1808.69 3701.44 -1 2
2434.52 -74.4054 5807.79 6298.73 -1 1
5306.07 4479.87 12869.8 14624.2 1 1
-280.07 4325.33 -4309.26 6112.92 1 2
event 48
4452.89 -3673.68 -13989.6 15447.4
8363.96 -3587.32 2743.45 9997.11
2117.06 -3630.82 -9350.96 10252.6 1 1
2335.83 -42.8556 -4638.61 5194.79 -1 1
3967.88 -2794.93 206.539 4858.96 -1 2
4396.09 -792.395 2536.92 5138.15 1 2
event 49
-4380.73 3391.07 9810.5 11684.5
-10551.9 -6588.01 31301 33824.4
-3000.89 709.001 3353.09 4556.58 1 1
-1379.83 2682.07 6457.41 7127.89 -1 1
-6840.67 -2658.32 19783.1 21100.8 -1 2
-3711.2 -3929.69 11518 12723.6 1 2
event 50
19675.2 7610.71 44407.5 49261.1
-3544.62 -3949.88 2536.46 6647.6
-2089.07 -2318.3 -217 3130.01 1 2
3951.27 2055.13 12279.1 13062.3 -1 1
-1455.56 -1631.58 2753.46 3517.59 -1 2
15723.9 5555.58 32128.4 36198.8 1 1
event 51
-6287.5 -3327.96 32054 32979.7
6101.13 6055.96 -17552.5 19788.3
3485.52 2191.76 -10980.8 11727.8 1 2
-2994.49 107.029 12150.1 12514.6 1 1
-3293.01 -3434.99 19903.9 20465.1 -1 1
2615.61 3864.2 -6571.68 8060.5 -1 2
event 52
11812 -4557.38 -14389.3 19414.9
2465.31 5038.17 6705.41 9274.37
5929.78 -3802.1 -6897.56 9859.3 -1 1
5882.24 -755.285 -7491.78 9555.58 1 1
1865.2 2422.01 1477.99 3397.16 -1 2
600.117 2616.16 5227.42 5877.2 1 2
event 53
6990.19 -3909.99 -7774.58 11583.9
-4110.63 8728.83 16710.2 19542.5
-249.021 4062.76 6459.46 7635.7 -1 2
2824.49 -2138.7 -1506.18 3851.17 1 1
-3861.61 4666.06 10250.7 11906.8 1 2
4165.7 -1771.29 -6268.4 7732.69 -1 1
event 54
323.444 9671.2 -39618.4 40900.4
-7499.94 6723.15 32603.5 34264.1
-3074.57 3350.56 10004.8 10990.3 -1 2
-843.092 4338.02 -22574.8 23003.5 1 1
-4425.37 3372.59 22598.7 23273.8 1 2
1166.54 5333.18 -17043.6 17896.9 -1 1
event 55
2693.92 -12989.7 -2050.32 13776.3
-4083.65 5064.64 -39720.3 40368.5
-3331.16 1710.13 -22201.2 22515 1 2
1054.45 -6054.05 -2498.66 6634.6 1 1
-752.49 3354.5 -17519 17853.5 -1 2
1639.47 -6935.68 448.333 7141.68 -1 1
event 56
-4482.79 -3972.74 -4756.94 8252.09
5119.26 -14171.6 115.525 15383.3
2521.42 -3309.03 593.623 4203.67 -1 2
-281.582 -2080.54 -1125.76 2384.62 1 1
2597.84 -10862.5 -478.098 11179.6 1 2
-4201.21 -1892.2 -3631.18 5867.47 -1 1
event 57
-6452.16 12511.7 -10863.9 18049.6
3987.57 6898.61 -16853.3 18897.6
-3903.53 9980.04 -9034.72 14017 -1 1
-2548.63 2531.62 -1829.14 4032.56 1 1
-60.4993 2135.24 -2861.44 3572.38 -1 2
4048.07 4763.37 -13991.9 15325.2 1 2
event 58
-969.893 12762.9 5704.98 14351.6
-6266.39 -3653.89 2034.97 8145.54
787.98 6642 3848.24 7717.33 -1 1
-1757.87 6120.88 1856.74 6634.3 1 1
-3593.46 -2841.27 -169.288 4585.36 -1 2
-2672.93 -812.629 2204.26 3560.17 1 2
event 59
2860.64 -6608.41 -35539 36393.2
-7358.54 1768.1 11546.3 14148.6
-3231.05 1876.9 3583.39 5178.26 1 2
1729.75 -1225.02 -6502.56 6840.12 1 1
1130.88 -5383.38 -29036.4 29553.1 -1 1
-4127.49 -108.802 7962.93 8970.37 -1 2
event 60
12559.3 -5023.85 7930.89 15983.3
1894.81 -9362.27 15991.8 18883
6720.62 -4156.51 3738.75 8742.58 1 1
5838.71 -867.333 4192.14 7240.72 -1 1
-399.229 -5664.98 9450.81 11026.3 -1 2
2294.04 -3697.29 6540.94 7856.7 1 2
event 61
4245.29 -5050.79 2162.93 7602.77
4603.96 -7322.49 8130.44 12268.3
324.774 -3244.29 2583.12 4161.08 -1 2
2837.23 -1267.51 207.919 3116.23 -1 1
4279.19 -4078.2 5547.32 8107.22 1 2
1408.05 -3783.29 1955.01 4486.55 1 1
event 62
5168.76 6155.02 13054.3 15639.9
5399.25 -1132.73 4990.96 8058.27
3881.01 2371.06 5979.18 7513.05 1 1
1287.75 3783.96 7075.1 8126.8 -1 1
1903.11 909.56 882.231 2288.8 -1 2
3496.14 -2042.29 4108.73 5769.47 1 2
event 63
-10236.5 -2609.93 26431.6 28632.5
-3273.42 3959.26 20742.9 21593
-2954.86 1227.32 12458.8 12863.5 1 2
-4665.79 -2772.76 13512.1 14561.8 1 1
-318.56 2731.93 8284.12 8729.42 -1 2
-5570.73 162.827 12919.5 14070.7 -1 1
event 64
-4841.99 -8503.81 10259.1 14512
-2377.19 5348.62 21522 22517.7
-620.962 3570.34 8242.3 9004.42 1 2
-2902.4 -3828.15 3010.82 5670.53 1 1
-1756.23 1778.28 13279.7 13513.2 -1 2
-1939.59 -4675.66 7248.24 8841.49 -1 1
event 65
-4096.18 8544.7 15539.6 18462.4
4421.81 4573.92 3601.63 7939.49
3779.01 2457.05 3525.26 5723.34 -1 2
-494.783 3511.76 7665.3 8446.61 1 1
-3601.4 5032.93 7874.33 10015.8 -1 1
642.803 2116.87 76.3704 2216.15 1 2
event 66
-4471.28 -7398.37 14585.5 17235.3
8707.99 1929.49 -19094.3 21394.6
-3059.61 -3335.68 9829.55 10822.2 1 1
-1411.67 -4062.69 4755.99 6413.18 -1 1
7263.33 46.2236 -13946.1 15724.6 -1 2
1444.66 1883.27 -5148.21 5670.01 1 2
event 67
-7188.13 1522.31 -33368.5 34307.9
2274.64 5135.93 221.849 6418.08
-4150.02 -146.856 -23075.2 23446.1 1 1
-3038.11 1669.17 -10293.3 10861.9 -1 1
1852.5 1134.36 867.605 2341.46 -1 2
422.136 4001.56 -645.756 4076.62 1 2
event 68
-6621.2 -1686.2 -9938.8 12452.1
-3363.68 7138.2 -147.43 8478.56
-2703.89 2734.92 789.208 3927.44 -1 2
-1565.56 -1825.33 -3790.54 4490.23 -1 1
-5055.63 139.137 -6148.26 7961.85 1 1
-659.797 4403.28 -936.638 4551.12 1 2
event 69
7656.27 -9423.22 1225.29 12590
-4419.17 3019.66 -24215.9 24993
-2205.95 3037.44 -11874.2 12454 1 2
3396.05 -2409.29 -525.586 4198.24 -1 1
-2213.23 -17.7748 -12341.7 12539 -1 2
4260.22 -7013.93 1750.87 8391.74 1 1
event 70
8052.95 -4509.65 -4326.64 10653.5
2277.45 -5459.18 23112.4 24057.4
4189.86 -2056.5 -514.959 4696.86 1 1
3863.09 -2453.15 -3811.68 5956.63 -1 1
288.468 -4301.37 13458.5 14132.5 -1 2
1988.98 -1157.81 9653.9 9924.99 1 2
event 71
6201.57 2276.95 2230.95 7629.61
-3240.31 10754.8 4184.88 12380.2
-206.817 3780.48 198.843 3792.82 -1 2
2063.13 258.895 -669.393 2186.96 -1 1
-3033.5 6974.37 3986.03 8587.41 1 2
4138.44 2018.06 2900.35 5442.64 1 1
event 72
8745.99 -4778.39 7598.71 12909.6
2132.92 -6353.19 452.776 7396.54
2438.52 -3876.08 1295.28 4760.18 -1 2
3609.9 -1959.53 1306.81 4311.62 -1 1
5136.09 -2818.87 6291.9 8597.94 1 1
-305.599 -2477.1 -842.504 2636.36 1 2
event 73
1264.39 8932.13 2733.37 9921.88
4396.71 3147.89 8545.59 10576.3
1661.95 3042.62 4310.12 5532.45 1 2
1641.75 3809.67 104.761 4151.03 1 1
2734.76 105.263 4235.47 5043.84 -1 2
-377.368 5122.46 2628.6 5770.85 -1 1
event 74
-3687.39 8042.63 -3904.8 10154.8
-6159.29 3456.57 44539.7 45202.4
-806.531 4709.57 -1017.72 4886.45 1 1
-2880.86 3333.07 -2887.08 5268.31 -1 1
-4987.45 1150.39 30224.5 30655 -1 2
-1171.84 2306.18 14315.2 14547.4 1 2
event 75
-7749.65 -3969.32 -8584.2 12613.1
-6288.97 -1185.5 2384.86 7499
-3948.39 -2039.85 727.373 4504.56 -1 2
-2509.01 -2634.92 -4744.56 5979.96 1 1
-5240.64 -1334.4 -3839.64 6633.17 -1 1
-2340.58 854.349 1657.49 2994.44 1 2
event 76
-5524.36 2129.19 -13403.9 14976.9
-6533.25 5930.07 8802.05 12841.9
-3208.63 1536.25 -4393.02 5653.77 -1 1
-2315.73 592.94 -9010.87 9323.15 1 1
-3108.21 3306.13 6563.29 7979.93 1 2
-3425.03 2623.94 2238.76 4862.01 -1 2
event 77
6298.78 2861.28 -20031 21417.2
-1858.45 -11229.4 -5265.92 12918
518.932 -5083.42 -3114.36 5985.06 1 2
1969.82 -533.997 -6359.31 6679.62 1 1
-2377.39 -6145.98 -2151.55 6932.92 -1 2
4328.96 3395.28 -13671.7 14737.6 -1 1
event 78
10148.4 11048.2 12584.9 19824.8
-4186.94 -6086.07 -9940.3 12766
5414.96 7996.37 8512.84 12874.1 1 1
4733.4 3051.82 4072.1 6950.67 -1 1
-2680.47 -4656.23 -9003.28 10485 -1 2
-1506.47 -1429.84 -937.02 2281.02 1 2
event 79
5086.93 6762.75 -16475.8 18779.1
-6257.28 -4867.76 26647 27973.2
3170.73 4235.29 -6928.43 8718.11 -1 1
1916.2 2527.46 -9547.37 10061 1 1
-4943.24 -2362.86 20241.7 20970.3 -1 2
-1314.04 -2504.89 6405.31 7002.88 1 2
event 80
935.142 11683.4 9084.32 15148.9
-3903.16 -6469.31 -35433.7 36362.4
-2713.49 -2351.7 -11509.3 12056.9 1 2
-461.694 2377.6 3327.83 4117.25 -1 1
1396.84 9305.75 5756.5 11031.6 1 1
-1189.67 -4117.61 -23924.4 24305.5 -1 2
event 81
-9076.98 -1598.4 20489.3 22679.3
39.411 8077.86 24886.5 26347.4
-1202.01 3721.76 14439.8 14960.5 -1 2
-2208.05 377.207 7790.33 8106.67 1 1
-6868.93 -1975.61 12699 14572.6 -1 1
1241.43 4356.1 10446.7 11386.9 1 2
event 82
2964.08 -5100.85 -350.651 6672.21
20561.1 1101.76 30257.9 36730.2
3198.58 -2696.08 208.953 4189.82 1 1
-234.498 -2404.78 -559.604 2482.39 -1 1
16170.9 827.766 25844.9 30498.4 1 2
4390.22 273.998 4413.06 6231.8 -1 2
event 83
-14734 11475.4 23742 30365.3
-2535.82 -7142.65 -13211.2 15542.7
-2227.66 -5069.72 -11737.2 12978.3 1 2
-5534.86 6131.38 9525.1 12608.2 -1 1
-308.153 -2072.93 -1474.08 2564.39 -1 2
-9199.09 5343.99 14216.9 17757.1 1 1
event 84
14012.3 -609.473 -15693.3 21274.1
14406.6 -249.686 -6482.57 16100.5
6001.63 -1092.76 -3999.91 7295.49 1 2
4729.06 -63.843 -7566.79 8923.88 1 1
9283.24 -545.63 -8126.48 12350.2 -1 1
8404.95 843.075 -2482.65 8805.03 -1 2
event 85
-13471.6 9236.18 36929.7 40499.2
-6177.21 542.033 18052.9 19337.8
-3510.04 -880.119 12511.5 13024.7 1 2
-3261.12 3933.93 10779.9 11930.1 -1 1
-2667.17 1422.15 5541.45 6313.1 -1 2
-10210.5 5302.25 26149.8 28569.1 1 1
event 86
-8751.63 5922.16 -22643.9 25179.3
-14035.1 29488.7 14859.7 36013.5
-6098.72 4607.12 -12897.7 14992.7 1 1
-2652.91 1315.05 -9746.2 10186.6 -1 1
-6549.24 16915.2 9015.29 20255.9 1 2
-7485.89 12573.5 5844.42 15757.6 -1 2
event 87
9370.96 -4818.28 -16751 20030.4
7343.27 -5401.23 6401.91 11561.7
6364.55 -1712.47 -11176.8 12975.8 -1 1
3006.41 -3105.81 -5574.19 7054.59 1 1
3130.44 -2449.01 996.674 4099 -1 2
4212.83 -2952.22 5405.24 7462.66 1 2
event 88
-10485 -1508.05 -9787.43 14751.1
-18329.4 4087.08 18485.1 26532.2
-16508.6 2700.5 15919.9 23092.9 1 2
-5046.43 74.5055 -2859.2 5801.57 1 1
-1820.75 1386.59 2565.19 3439.35 -1 2
-5438.57 -1582.55 -6928.23 8949.53 -1 1
event 89
-1361.86 -11218.5 16302.7 20076.8
-4940.5 5915.12 -5298.55 9852.05
-882.601 -7735.47 13478.4 15565.9 -1 1
-479.26 -3482.98 2824.28 4510.94 1 1
-1083.24 1851.68 -3229.65 3878.66 -1 2
-3857.26 4063.44 -2068.89 5973.4 1 2
event 90
-5030.4 -10587.4 -32491.3 34679.6
-4850.85 6246.17 -19917.9 21653.2
-1791.92 -6736.38 -21216.5 22332.5 -1 1
-3238.48 -3850.98 -11274.8 12347.1 1 1
-3916.71 3089.82 -9554.16 10778.7 -1 2
-934.146 3156.35 -10363.7 10874.4 1 2
event 91
61.7876 6033.12 4235.13 7995.61
2411.95 -11862.7 -4394.45 13245.5
-1150.58 4352.53 1945.2 4905.44 1 1
1212.37 1680.59 2289.93 3090.18 -1 1
559.37 -6805.64 -3827.9 7829.03 1 2
1852.58 -5057.08 -566.551 5416.48 -1 2
event 92
-2884.24 -5680.74 -7727.39 10483
-5897.68 -3923.61 6841 10323.1
-3491.77 -498.45 3452.06 4936.47 -1 2
-2448.83 -1596.3 -2610.79 3920.75 -1 1
-2405.91 -3425.16 3388.94 5386.67 1 2
-435.408 -4084.44 -5116.6 6562.25 1 1
event 93
-5589.83 2876.09 -2511.14 7444.13
-17531.7 14092.9 -4891.82 23226.9
-3715.65 263.772 -1848.46 4159.76 -1 1
-1874.18 2612.32 -662.682 3284.37 1 1
-13703.6 12487.7 -4302.15 19032.9 1 2
-3828.13 1605.11 -589.675 4194.03 -1 2
event 94
8622.66 -934.408 32714.7 33986.3
8858.21 5061.7 -12545.3 16464.1
2870.74 2847.97 -6594.63 7736.43 1 2
3510.04 -1542.69 17768.2 18177.4 -1 1
5987.47 2213.73 -5950.7 8727.68 -1 2
5112.62 608.285 14946.6 15808.9 1 1
event 95
-9995.93 -8898.89 -12117.5 18317.6
4759.81 -3393.1 -4634.67 8077.1
-6049.67 -3832.02 -7736.1 10542.4 -1 1
-3946.27 -5066.87 -4381.39 7775.22 1 1
3164.9 -1928.14 -4600.74 5908.66 -1 2
1594.91 -1464.96 -33.9361 2168.44 1 2
event 96
6587.11 -5977.53 -7961.15 12332.7
4487.17 -5550.89 37070.2 37877.9
1473.91 -4086.94 23614.5 24011 -1 2
2649.53 -2453.69 -5303 6416.67 -1 1
3937.58 -3523.84 -2658.15 5915.98 1 1
3013.26 -1463.95 13455.7 13866.9 1 2
event 97
6104.29 4051.6 31848.2 32826.4
-1486.3 -10144.5 3512.22 11271.5
-642.288 -3943.56 -186.569 4001.27 -1 2
2060.05 -20.2127 5876.71 6228.25 1 1
-844.015 -6200.97 3698.79 7270.25 1 2
4044.24 4071.82 25971.5 26598.2 -1 1
event 98
-8729.85 13043.1 62104.7 64132
628.51 7638.3 -3386.6 8933.02
-894.241 4300.79 -2815.91 5218.9 1 2
-2807.77 6942.93 28281.7 29256.7 -1 1
1522.75 3337.52 -570.689 3714.11 -1 2
-5922.08 6100.18 33822.9 34875.3 1 1
event 99
-6894.8 -3519.82 6071.94 10314.4
10086.6 11063.2 -19429.4 24723.1
-5097.52 -1054.33 3131.21 6075.52 1 1
-1797.28 -2465.49 2940.73 4238.86 -1 1
4174.19 6408.79 -8287 11277.5 1 2
5912.39 4654.46 -11142.4 13445.6 -1 2
event 100
-410.958 12029.9 21151.2 24532.7
-8967.43 14783.2 -46220.5 49445.7
-3120.93 4327.34 -18335.9 19096.7 1 2
-894.361 5165.9 6545.87 8387.25 1 1
-5846.5 10455.9 -27884.5 30349 -1 2
483.403 6864.03 14605.3 16145.4 -1 1
event 101
8076.66 -5270.95 -9021.38 13564.3
8515.4 -7354.39 -20601.6 23677.3
5214.06 -2547.4 -11173.7 12591.2 -1 2
1364.4 -2266.22 -3389.61 4300.93 1 1
6712.26 -3004.73 -5631.77 9263.41 -1 1
3301.34 -4806.99 -9427.89 11086.1 1 2
event 102
6793.16 -2772.06 -22968.5 24310
-8236.27 3201.82 -1453.41 9475.82
-3061.48 1678.7 872.601 3600.46 -1 2
3210.33 311.625 -8776.06 9350.6 -1 1
-5174.79 1523.12 -2326.02 5875.36 1 2
3582.83 -3083.68 -14192.4 14959.4 1 1
event 103
9526.99 2139.37 -23737.2 25853.2
-10815.6 3647.81 20052.5 23280.4
-5652.48 507.658 8158.15 9938.55 1 2
3623.74 2255.29 -11461.9 12231.3 1 1
-5163.17 3140.16 11894.3 13341.8 -1 2
5903.25 -115.911 -12275.3 13621.9 -1 1
event 104
-5041.53 2568.07 -15201 16512.8
-8181.68 648.279 -19883.5 21732.6
-3397.01 1474.06 -11016.4 11622.6 -1 2
-1026.19 2179.6 -5438.89 5949.49 -1 1
-4784.67 -825.782 -8867.08 10110 1 2
-4015.33 388.471 -9762.12 10563.3 1 1
event 105
7599.42 1172.27 -40257.8 41102.4
5156.95 9225.01 -11660 16038.7
999.43 4290.66 -6070.61 7501.47 -1 2
3649.27 -872.012 -21416.8 21743.3 -1 1
4157.52 4934.36 -5589.34 8537.26 1 2
3950.15 2044.29 -18841 19359.2 1 1
event 106
-3033.89 3663.27 218.117 5680.03
6934.73 4835.13 7378.84 11640.6
-2516.01 1729.63 -1137.72 3259.99 -1 1
-517.873 1933.64 1355.84 2420.04 1 1
2984.32 3312.23 2268.37 5003.37 1 2
3950.4 1522.89 5110.47 6637.24 -1 2
event 107
-4114.08 5180.96 7369.28 10376.2
7714.44 -6447.72 9559.09 14214.5
2257.93 -3579.1 2852.36 5104.44 1 2
-2393.39 1104.89 4094.08 4870.5 1 1
5456.52 -2868.63 6706.73 9110.11 -1 2
-1720.69 4076.06 3275.19 5505.73 -1 1
event 108
-3059.22 -7790.22 20712.3 22553
4077.79 4414.27 -20355.9 21449.2
-3100.24 -3780.21 10580.2 11655.6 1 1
41.0229 -4010.01 10132.1 10897.4 -1 1
1946.87 2921.69 -6888.04 7731.93 -1 2
2130.92 1492.58 -13467.9 13717.3 1 2
event 109
-6188.91 -5205.42 -8627.37 12223.8
2254.32 10701.6 -21999 24842.5
1660.24 3794.64 -11831.8 12536.3 -1 2
-3827.43 -1459.55 -3086.19 5129.84 -1 1
594.079 6906.99 -10167.2 12306.2 1 2
-2361.48 -3745.87 -5541.19 7093.94 1 1
event 110
-12831.5 14841.9 1834.22 19947
4617.47 -6873.35 963.735 8892.9
2779.68 -5940.8 1564.29 6743.73 1 2
-4537.02 7508.27 1222.81 8858.05 -1 1
1837.79 -932.548 -600.551 2149.17 -1 2
-8294.47 7333.6 611.411 11089 1 1
event 111
-7079.41 1478.32 6585 10259.5
-2008.56 6965.3 40870.2 41623.5
447.062 3733.77 17086.6 17495.8 -1 2
-1325.76 1635.91 1657.33 2681.75 1 1
-5753.65 -157.584 4927.67 7577.75 -1 1
-2455.62 3231.53 23783.6 24127.7 1 2
event 112
-6826.55 -3970.64 8837.52 12249.9
4040.61 7406.26 13732.4 16411.8
-4045.13 -2390.86 2951.23 5549.79 1 1
-2781.42 -1579.79 5886.3 6700.13 -1 1
1448.71 5635.91 9509.03 11148.8 -1 2
2591.9 1770.36 4223.35 5263.07 1 2
event 113
-3968.21 -3062.08 17980.6 18921.3
6979.74 5472.13 -10999.7 14465.3
-1439.17 -2929.45 11737.1 12183 -1 1
-2529.05 -132.631 6243.47 6738.38 1 1
4395.87 1828.59 -4323.92 6432.33 -1 2
2583.88 3643.54 -6675.77 8032.98 1 2
event 114
161.002 -7587.91 15325 17494.1
-6768.22 5983.97 11514.8 14959.9
-3053.16 922.84 4824.36 5784.38 1 2
-1159.93 -2865.4 3382.38 4583.4 -1 1
-3715.06 5061.13 6690.42 9175.49 -1 2
1320.93 -4722.51 11942.7 12910.7 1 1
event 115
-5275 -1275.31 -8853.36 10836.3
6501.09 -12824.1 4430.06 15360.3
-2483.55 -2186.04 -4666.73 5721.57 1 1
-2791.45 910.733 -4186.63 5114.75 -1 1
3814.89 -7652.78 4200.19 9527.39 1 2
2686.19 -5171.33 229.871 5832.87 -1 2
event 116
2061.15 -6528.99 13175.4 15167.7
-4275.22 6475.97 -5664.2 10094
-3116.39 2126.81 -3275 4997.2 -1 2
-741.757 -2167.16 4744.16 5269.25 -1 1
2802.9 -4361.83 8431.24 9898.42 1 1
-1158.83 4349.16 -2389.2 5096.82 1 2
event 117
-4328.67 6040.38 33532.1 34485
-3598.74 10708.3 -44728.4 46236.8
-191.642 5202.6 -18279.6 19006.8 -1 2
-2022.91 969.58 6285.99 6675.1 1 1
-3407.1 5505.74 -26448.8 27230 1 2
-2305.76 5070.8 27246.1 27809.9 -1 1
event 118
3823.41 10203.7 -25266.5 27689.7
-4161.04 6151.98 15983.7 17895
2451.94 6834.9 -20089.9 21362.2 -1 1
1371.47 3368.76 -5176.6 6327.55 1 1
-2204.08 1581.88 3312.44 4282.95 -1 2
-1956.97 4570.1 12671.2 13612 1 2
event 119
-516.477 11783.9 -16328.6 20380
-7513.76 4391.78 11432.3 14698
-470.429 7364.27 -7589.34 10586 1 1
-46.0476 4419.68 -8739.29 9793.98 -1 1
-2419.93 142.12 4435.65 5055.93 -1 2
-5093.83 4249.66 6996.61 9642.12 1 2
event 120
1782.27 5001.99 24619.8 25375.6
-822.815 -10754.6 -3341.09 11708.7
1951.53 2805.01 19549.9 19846.5 1 1
-169.267 2196.98 5069.94 5529.09 -1 1
671.84 -6715.8 -1055.85 6832.22 1 2
-1494.65 -4038.82 -2285.23 4876.43 -1 2
event 121
1118.03 -4684.02 -6546.03 8696.63
-10982.6 4313.49 -57442.8 58723.9
2172.96 -2654.22 -3774.93 5101.75 -1 1
-1054.93 -2029.8 -2771.1 3594.88 1 1
-7091.86 3177.73 -44064.4 44744.5 -1 2
-3890.78 1135.76 -13378.4 13979.3 1 2
event 122
-10487.4 -1283.6 -636.114 11028.6
4020.96 -6259.13 -19439.6 21043.7
-6570.88 697.993 -622.696 6637.96 1 1
-3916.53 -1981.59 -13.4179 4390.59 -1 1
2335.72 -1187.35 -4992.33 5639.14 -1 2
1685.24 -5071.77 -14447.3 15404.5 1 2
event 123
2729.62 -16127.4 -10690.7 19784.5
-8513.35 -3166.99 7335.78 12079.4
-2896.98 -1150.58 4490.99 5467.77 -1 2
-418.841 -2463.24 -803.674 2626.79 1 1
3148.46 -13664.2 -9887 17157.7 -1 1
-5616.36 -2016.41 2844.78 6611.61 1 2
event 124
784.127 -7269.77 -20411.9 21902.1
-12996.8 -3704.66 -28505.4 31698.5
811.252 -3920.54 -15095.2 15617.4 -1 1
-27.1251 -3349.23 -5316.78 6284.69 1 1
-6511.5 -3205.74 -13116.2 14990.7 -1 2
-6485.32 -498.927 -15389.2 16707.7 1 2
event 125
-5773.95 -5127.97 8238.83 11709.2
6021.59 3058.12 6217.41 9688.08
4583.96 870.726 3039.46 5569.59 -1 2
-3088.96 -1116.69 4646.74 5691.4 1 1
-2684.99 -4011.28 3592.09 6017.79 -1 1
1437.64 2187.39 3177.95 4118.5 1 2
event 126
-5172.47 -1868.8 -3975.9 7459.46
9975.16 6082.55 -135.302 12087.6
-2305.67 -2233.87 -1138.02 3407.72 -1 1
-2866.8 365.067 -2837.89 4051.74 1 1
6266.17 4035.57 -1562.57 7616.01 1 2
3708.99 2046.98 1427.27 4471.57 -1 2
event 127
-5325.44 -200.196 -20213.2 21132
9112.49 6072.82 -31557 33546.2
3439.68 826.356 -12224.5 12726.5 1 2
-1494.52 -1380.26 -4995.36 5394.76 1 1
5672.81 5246.46 -19332.5 20819.8 -1 2
-3830.93 1180.06 -15217.8 15737.3 -1 1
event 128
6858.28 15344.8 -2065.55 17215
3072.25 4989.79 21577.3 22572.2
4095.68 8996.16 -2739.63 10257.8 1 1
2762.6 6348.62 674.073 6957.19 -1 1
984.833 4201.31 12506.3 13230.2 -1 2
2087.42 788.479 9071.02 9342.03 1 2
event 129
-5951.27 172.483 -27845.7 28643
17566.5 9344.01 -21389.2 29376.6
-3500.8 -821.079 -20956.4 21262.9 -1 1
-2450.47 993.562 -6889.33 7380.11 1 1
13362.4 8522.45 -16646.4 22984.7 -1 2
4204.16 821.558 -4742.85 6391.84 1 2
event 130
1462.17 -7235.22 -27842.4 28970.3
-901.065 6188.13 17099.8 18468.9
-1732.18 3937.27 13252.2 13933.2 -1 2
1264.68 -2865.75 -6940.39 7615.26 1 1
197.492 -4369.46 -20902.1 21355.1 -1 1
831.113 2250.86 3847.68 4535.73 1 2
event 131
-12646 995.25 26819.2 29829.1
515.193 6146.21 -11373.3 13303.5
-8872.55 1290.14 15664.5 18049.2 1 1
-3773.45 -294.89 11154.8 11779.9 -1 1
-1283.05 2250.34 -4738.83 5401.66 -1 2
1798.25 3895.86 -6634.46 7901.81 1 2
event 132
283.852 -10265.7 -672.913 10747.6
273.255 5168.28 -1794.87 6292.45
-478.135 3014.49 453.88 3087.54 1 2
1514.35 -3913.08 -809.228 4274.51 1 1
751.39 2153.79 -2248.75 3204.91 -1 2
-1230.49 -6352.67 136.315 6473.04 -1 1
event 133
-4306.61 -10371.4 18517.3 21876.8
4041.43 2411.46 4316.35 7097.27
1913.51 2619.52 1542.87 3593.75 1 2
-3300.68 -4661.01 7514.25 9438.99 1 1
2127.91 -208.062 2773.49 3503.53 -1 2
-1005.93 -5710.34 11003.1 12437.8 -1 1
event 134
-2529.66 8516.77 -4066.84 10250.1
5493.04 10291.9 41962.2 43663.6
3902.75 4051.56 19086.9 19898.9 1 2
-2337.8 2660.82 -1367.07 3798.06 1 1
1590.28 6240.34 22875.2 23764.7 -1 2
-191.857 5855.95 -2699.77 6452.05 -1 1
event 135
10075.9 -6521.48 -3316.27 12831.2
-8148.27 -2656.43 14208.3 16879.5
6819.11 -5518.56 -3430.83 9420 -1 1
3256.75 -1002.92 114.564 3411.24 1 1
-2454.46 -2101.35 6703.2 7442.04 -1 2
-5693.81 -555.086 7505.1 9437.44 1 2
event 136
-4885.25 -33.5508 2683.76 6376.58
7382.94 -9983.75 19652.9 23452.3
-3020.46 964.552 2833.39 4253.56 1 1
-1864.8 -998.103 -149.628 2123.02 -1 1
4056.11 -7191.27 14729.5 16885.9 1 2
3326.84 -2792.47 4923.49 6566.4 -1 2
event 137
-21569.1 2708.48 83484.5 86323.9
6499.75 20.6126 -6550.27 9733.64
-13432 1209.97 45964.4 47902.2 -1 1
-8137.04 1498.51 37520 38421.6 1 1
4502.13 279.957 -2380.33 5101.44 -1 2
1997.62 -259.345 -4169.94 4632.2 1 2
event 138
4843.69 -1229.38 -3304.25 7034.06
-20828.6 2846.91 -92564.4 94972.1
2128.53 -2239.52 -2627.5 4057.22 1 1
2715.16 1010.14 -676.749 2976.84 -1 1
-10431.4 2510.68 -51947.6 53044.2 -1 2
-10397.2 336.234 -40616.8 41927.9 1 2
event 139
-2698.49 6097.38 -27861.2 28814.9
-5307.33 11562.2 -23549.3 26944.6
-1286.29 3222.16 -3887.2 5211.37 1 2
-443.673 2392.6 -5200.27 5742.42 -1 1
-4021.04 8340.06 -19662.1 21733.2 -1 2
-2254.82 3704.78 -22661 23072.5 1 1
event 140
-10016.3 -174.922 -43049 44307.6
297.878 -6960.02 -8437.95 11371.9
-5260.09 970.199 -17707.9 18498.4 1 1
-4756.24 -1145.12 -25341.1 25809.2 -1 1
-1168.04 -4178.17 -5930.57 7348.75 -1 2
1465.92 -2781.85 -2507.38 4023.15 1 2
event 141
2590.27 4140.47 -21910.7 22661
-10122.2 4713.49 47579.1 48969.7
787.982 3035.87 -17370.9 17652.1 -1 1
1802.29 1104.61 -4539.78 5008.91 1 1
-5169.31 2153.81 17382.8 18262.9 1 2
-4952.85 2559.67 30196.3 30706.8 -1 2
event 142
-297.292 5435.87 21676.2 22563
593.69 -8881.23 -7397.52 11980.9
-927.622 -3239.77 -3960.13 5200.99 1 2
1297.03 1546.45 8233.74 8478.17 -1 1
1521.31 -5641.46 -3437.4 6779.92 -1 2
-1594.32 3889.42 13442.5 14084.8 1 1
event 143
3045.01 -7109.2 1963.49 8559.16
1135.78 6966.7 -37814.3 38591.9
349.51 -4691.49 1000.02 4810.77 1 1
2695.5 -2417.7 963.474 3748.4 -1 1
-940.901 3283.23 -14512.5 14909.3 -1 2
2076.68 3683.47 -23301.8 23682.6 1 2
event 144
-17285.3 16092.3 13528.8 27392.8
-6373.87 -1235.66 -7229.47 10198.5
-3652.64 -70.7714 -5925.92 6962.36 1 2
-3487.43 5072.69 3707.2 7186.72 1 1
-2721.23 -1164.89 -1303.55 3236.12 -1 2
-13797.8 11019.6 9821.61 20206.1 -1 1
event 145
-1395.73 -7694.64 15613.4 17734.8
8061.77 4169.83 -8112.65 12561.3
5031.29 4089.95 -4788.78 8061.34 1 2
-789.637 -3729.71 10883.2 11532.1 1 1
3030.48 79.8835 -3323.86 4499.94 -1 2
-606.096 -3964.93 4730.18 6202.72 -1 1
event 146
-5460.31 -8471.22 3076.13 10983.2
5041.83 -8742.56 2488 10845.9
4754.41 -6433.9 2841.63 8490.32 1 2
-1940.56 -4032.37 -120.038 4477.87 -1 1
287.411 -2308.66 -353.626 2355.58 -1 2
-3519.76 -4438.85 3196.17 6505.29 1 1
event 147
-35.5543 8026.35 6457.48 10757
-4479.59 3099.79 12277.2 13783.8
1413.75 4694.05 4350.5 6555.21 -1 1
-1449.31 3332.3 2106.99 4201.82 1 1
-2186.53 -250.271 4158.84 4706.45 -1 2
-2293.06 3350.06 8118.31 9077.4 1 2
event 148
8884.84 -1532.27 615.036 9552.89
-8297.05 -10403.1 13785.5 19408.7
4603.6 -702.79 -1228.16 4817.33 1 1
4281.23 -829.485 1843.2 4735.56 -1 1
-4584.62 -4963.8 4895.81 8344.95 -1 2
-3712.42 -5439.3 8889.71 11063.7 1 2
event 149
-2256.86 -9546.22 20722.9 23135.6
4229.91 -6499.74 -5962.45 10260.7
2703.71 -1845.3 -3441.18 4750.58 -1 2
-1278.92 -1992.9 7612.88 7973.36 1 1
-977.942 -7553.32 13110 15162.2 -1 1
1526.21 -4654.44 -2521.27 5510.09 1 2
event 150
11293.9 5411.85 -43124.1 45012.5
5073.24 6812.51 -8884.74 12675.8
1943.02 2561.56 -1381.46 3500.93 -1 2
2028.58 1575.52 -5441.57 6018.24 -1 1
9265.29 3836.34 -37682.5 38994.2 1 1
3130.22 4250.94 -7503.27 9174.91 1 2
event 151
-7407.41 -12911 32922.6 36263.6
-8482.7 6869.59 16829.3 20296.8
-3795.4 -7349.46 14644.6 16819.5 -1 1
-3612.01 -5561.5 18278 19444.2 1 1
-1896 1898.47 2083.23 3398.53 -1 2
-6586.7 4971.13 14746 16898.3 1 2
event 152
-2556.88 -9111.28 -14838.1 17869.4
-1323.99 -5020.73 3958.74 7226.72
375.286 -3299.07 3375.74 4736.19 1 2
-1536.62 -4257.83 -9817.91 10811.7 -1 1
-1699.28 -1721.66 582.997 2490.52 -1 2
-1020.27 -4853.45 -5020.23 7057.68 1 1
event 153
-6593.37 667.243 -24321.6 25397.8
-1089.01 8243.1 -16740.5 18946.6
334.358 4079.56 -5363.44 6747.76 1 2
-2518.83 1635.13 -12492.2 12848.5 1 1
-1423.36 4163.53 -11377.1 12198.8 -1 2
-4074.54 -967.891 -11829.4 12549.3 -1 1
event 154
737.71 6256.91 14474.2 16086.8
7252.07 1141.87 7235.75 10763
3124.34 -640.11 1651.37 3592.97 1 2
1315.9 1638.52 6726.35 7047.78 -1 1
-578.186 4618.39 7747.81 9039 1 1
4127.73 1781.98 5584.37 7170.08 -1 2
event 155
4759.61 9416.7 -8715.15 14031.2
-2405.69 9054.71 -3457.44 10455.6
-3061.62 6126.44 -2135.68 7174.89 -1 2
325.131 3082.43 -3637.66 4780.25 -1 1
4434.48 6334.27 -5077.49 9250.93 1 1
655.93 2928.27 -1321.76 3280.74 1 2
event 156
13133.8 8033.59 -12766.7 20239
4006.01 -6954.9 -12471.6 15150.9
9884.27 7002.57 -11150.9 16464.8 1 1
3249.56 1031.02 -1615.82 3774.22 -1 1
-141.661 -2096.47 -2122.35 2988.44 -1 2
4147.67 -4858.43 -10349.2 12162.5 1 2
event 157
-8097.38 -2670.17 4630.18 10184.7
3703.57 10548.6 -5105.5 12674.6
2515.14 8434.82 -5239.27 10243.7 1 2
-4339.62 193.743 2177.93 4860.5 1 1
1188.43 2113.79 133.772 2430.95 -1 2
-3757.75 -2863.91 2452.24 5324.22 -1 1
event 158
-4493.54 -1766.74 9437.89 11044.4
-456.073 -13794.1 -42765.8 45044.3
-2477.03 -2527.62 5235.07 6319.95 -1 1
-2016.51 760.879 4202.82 4724.42 1 1
-378.003 -8298.47 -20719.4 22322.9 1 2
-78.0701 -5495.68 -22046.4 22721.4 -1 2
event 159
1715.81 -3782.18 2732.19 5857.06
-4630.48 -9313.38 -6285.49 12541.1
-208.706 -3088.88 1972.41 3672.37 1 1
1924.52 -693.295 759.778 2184.69 -1 1
-1175.65 -5503.94 -2526.19 6169.95 1 2
-3454.84 -3809.44 -3759.3 6371.12 -1 2
event 160
4862.06 -6810.47 -29345.8 30672.3
5737.74 4053.11 -3230.31 8329.21
3305.22 572.476 -2000.28 3906.98 1 2
-54.4912 -1999.52 -5474.6 5829.54 -1 1
4916.55 -4810.95 -23871.2 24842.8 1 1
2432.51 3480.63 -1230.03 4422.22 -1 2
event 161
1269.41 -5794.67 -8487.94 10808.6
-4259.09 9732.49 -13732.3 17636
-422.349 -3804.67 -3552.07 5223.24 1 1
1691.76 -1990 -4935.87 5585.35 -1 1
-1207.71 5467.99 -8832.14 10458.3 1 2
-3051.38 4264.49 -4900.14 7177.7 -1 2
event 162
13604.2 8531.31 55799.8 58146.9
4295.21 -8307.93 -42484.8 43612.1
9019.34 7255.05 38284 39995.7 1 1
4584.81 1276.27 17515.9 18151.2 -1 1
-97.5236 -2049.24 -6242.81 6572.12 -1 2
4392.74 -6258.68 -36242 37040 1 2
event 163
1015.78 -6289.18 -683.26 7116.44
3164.55 -6749.57 -638.322 8097.5
2118.83 -2289.58 -1453.86 3443.32 1 2
1571.22 -2308.71 670.977 2874.06 -1 1
1045.72 -4460 815.535 4654.18 -1 2
-555.443 -3980.47 -1354.24 4242.38 1 1
event 164
-545.972 -5522.17 -8748.58 10813
9025.88 1025.37 -4647.17 10663.2
-320.419 -3218.54 -7527.99 8194.12 -1 1
-225.553 -2303.62 -1220.58 2618.88 1 1
5128.52 -923.819 -2922.41 5975.51 -1 2
3897.36 1949.19 -1724.75 4687.72 1 2
event 165
-5201.37 -5196.88 330.325 7985.11
-9924.39 7195.22 56499.3 57896.7
-2496.09 -3554.94 1519.16 4602.94 1 1
-2705.29 -1641.94 -1188.84 3382.16 -1 1
-5230.93 4243.58 23994.1 24921.8 1 2
-4693.46 2951.64 32505.2 32974.9 -1 2
event 166
-1744.65 -4851.24 -7535.03 9640.85
47162.5 1260.11 139812 147590
-598.818 -3007.66 -1919.41 3619.38 -1 1
-1145.83 -1843.58 -5615.62 6021.47 1 1
40340.2 2012.16 117724 124461 1 2
6822.33 -752.051 22087.4 23129.5 -1 2
event 167
-5240.8 -4807.77 -1626.11 7925.65
4733.99 -5604.37 -4838.42 9317.86
-2159.52 -3766.3 -131.955 4344.78 1 1
-3081.28 -1041.47 -1494.15 3580.87 -1 1
2491.9 -5012.6 -3850.6 6795.15 -1 2
2242.09 -591.768 -987.817 2522.72 1 2
event 168
6056.24 5908.75 3685.96 9734.92
9816.25 -15693 14579.8 23765.3
7836.22 -14179.9 11884.5 20093 1 2
2990.99 1808.13 127.129 3498.95 -1 1
1980.04 -1513.06 2695.38 3672.34 -1 2
3065.25 4100.62 3558.83 6235.96 1 1
event 169
-1083.52 -5762.67 3200.45 7363.17
-6359.25 4468.69 -37683.5 38601.2
-1424.92 2821.48 -13975.5 14328.9 1 2
-1613.06 -1550.47 1855.53 2908.62 -1 1
-4934.32 1647.21 -23708 24272.2 -1 2
529.536 -4212.2 1344.92 4454.55 1 1
event 170
-5419.51 3635.04 -768.489 7264.06
7974.68 -7441.06 12765.3 17073.6
3324.08 -2309.31 2742.01 4890.01 -1 2
-1174.06 2270.84 541.363 2615.22 -1 1
4650.6 -5131.75 10023.3 12183.6 1 2
-4245.45 1364.2 -1309.85 4648.84 1 1
event 171
8912.62 2353.69 -3182.9 10232.1
2562.34 5752.76 -361.659 7027.24
5985.5 88.2408 -2382.47 6443.7 -1 1
2927.12 2265.45 -800.431 3788.42 1 1
-461.554 2076.66 -730.636 2251.79 -1 2
3023.89 3676.1 368.977 4775.46 1 2
event 172
-8186.13 7578.17 -12303.3 16893.8
-7161.21 -4186.29 -5838.21 10605.8
-3834.9 -1103.09 -4168.68 5771.68 1 2
-3408.59 1358.76 -4766.71 6016.43 -1 1
-4777.54 6219.41 -7536.6 10877.4 1 1
-3326.32 -3083.2 -1669.53 4834.15 -1 2
event 173
3076.96 -9186.83 6789.16 12229
-3668.74 -5753.94 -27437.9 28442.9
-440.847 -3130.89 -14917.8 15249.6 -1 2
-494.138 -2804.39 2115.95 3549.25 1 1
3571.1 -6382.44 4673.2 8679.76 -1 1
-3227.89 -2623.06 -12520.1 13193.3 1 2
event 174
-728.88 7183.73 3482.81 8594.09
-3514.29 -7230.64 -14893 17205.3
-2271 -2907.18 -4125.18 5535.11 1 2
-946.627 2034.14 2473.15 3340.87 -1 1
217.747 5149.59 1009.67 5253.22 1 1
-1243.29 -4323.46 -10767.8 11670.2 -1 2
event 175
-5460.12 3945.12 19058.7 20450
12472.3 7260.21 9398.03 17498.1
-2720.14 3184.87 14342.2 14941.7 -1 1
-2739.98 760.258 4716.5 5508.36 1 1
5877.5 4997.76 5792.6 9648.21 -1 2
6594.83 2262.45 3605.43 7849.89 1 2
event 176
3036.35 4609.43 11214.5 12877.2
-5009.77 -8411.49 27761.5 29599.7
3038.19 2377.75 8675.11 9494.89 1 1
-1.83789 2231.68 2539.38 3382.31 -1 1
-1644.79 -5727.35 16471.5 17516.5 1 2
-3364.98 -2684.14 11290 12083.1 -1 2
event 177
-7819.25 -4582.08 -22437.1 24395.7
-2410.54 9097.09 8719.32 13197.9
-1666.44 6317.6 7799.88 10175.4 1 2
-3566.54 -1343.49 -5980.6 7092.53 -1 1
-744.1 2779.49 919.437 3022.55 -1 2
-4252.71 -3238.59 -16456.5 17303.2 1 1
event 178
-7466.63 939.509 10730.8 13467.5
7366.82 -7233.04 -3684.42 11390.9
6141.84 -5012.76 -1558.71 8080.27 1 2
-2660.08 1785 3529.74 4767.86 -1 1
1224.97 -2220.28 -2125.71 3310.59 -1 2
-4806.55 -845.494 7201.03 8699.64 1 1
event 179
-6508.6 -6188.17 -35019 36284.6
1080.25 -5799.32 -18578.3 19736.8
-2970.46 -4903.47 -21240.7 22001 1 1
-3538.13 -1284.71 -13778.3 14283.6 -1 1
-951.147 -2075.46 -8495.97 8798.01 -1 2
2031.4 -3723.86 -10082.3 10938.8 1 2
event 180
-6485.88 -4553.44 20980.6 22640.2
3309.29 -11778.6 18555.7 22440.9
-3249.4 -4102.28 13276.7 14271.3 1 1
-3236.48 -451.166 7703.9 8368.97 -1 1
902.612 -7100.94 8682.72 11253.4 -1 2
2406.68 -4677.67 9873 11187.5 1 2
event 181
-555.401 -11658.4 8296.72 14651.1
5886.27 -4515.57 -27766 28906.4
4482.17 -2470.79 -13746.4 14668.7 -1 2
-691.479 -2979.05 755.669 3152 -1 1
136.078 -8679.35 7541.05 11499.1 1 1
1404.1 -2044.78 -14019.5 14237.7 1 2
event 182
7384.49 -2299.97 -5508.12 9987.53
10981.3 -412.876 10293.4 15372.2
4938.74 -469.846 -2041.05 5365.54 -1 1
2445.75 -1830.12 -3467.07 4621.99 1 1
8716.22 803.238 8721.87 12357.2 -1 2
2265.04 -1216.11 1571.57 3015.02 1 2
event 183
907.45 -9203.36 -1661.58 9893.32
10925.9 9687.77 68345.9 69957
3399.75 1266.92 16029.2 16435 1 2
-586.526 -3396.3 -1810.06 3894.4 -1 1
7526.2 8420.85 52316.7 53522 -1 2
1493.98 -5807.06 148.484 5998.93 1 1
event 184
5280.86 7817.93 -11754.9 15387.5
-5215.28 -3961.65 7064.53 10118.9
-4424.23 -1827.94 5772.81 7500.12 -1 2
655.186 3625.94 -4384.78 5728.37 1 1
4625.67 4191.99 -7370.13 9659.16 -1 1
-791.046 -2133.7 1291.72 2618.81 1 2
event 185
9477.93 -7545.5 4765.21 13381.5
-5544.22 -408.913 16699.1 17870.6
-3621.99 620.423 6764.07 7698.54 1 2
4237.56 -3238.62 3753.07 6522.45 -1 1
-1922.23 -1029.34 9935.02 10172 -1 2
5240.37 -4306.88 1012.14 6859.03 1 1
event 186
-6518.92 825.235 6635.36 9838.53
5788.93 -4147.26 -7685.97 10926.1
2135.99 -2147.88 -1292.08 3294.92 1 2
-2209.75 1552.95 1488.22 3085.55 -1 1
-4309.17 -727.716 5147.14 6752.98 1 1
3652.95 -1999.38 -6393.88 7631.15 -1 2
event 187
-4066.06 11977.5 12737 18215.8
-3498.99 5852.65 18650.5 20098
-865.721 3933.45 12552.4 13183.1 1 2
-2728.46 5438.72 7901.11 9973.11 -1 1
-2633.27 1919.19 6098.11 6914.88 -1 2
-1337.6 6538.82 4835.84 8242.69 1 1
event 188
6342.35 -7742.33 -3992.84 11211.7
-2916.53 -10362.2 5792.59 12610.6
-204.032 -5478.44 1909.24 5806.14 1 2
822.205 -3097.13 -1767.16 3660.91 -1 1
5520.15 -4645.2 -2225.68 7550.81 1 1
-2712.5 -4883.76 3883.35 6804.44 -1 2
event 189
-766.066 -9001.19 -20428.4 22550.3
7241.91 -15174.1 -28090.2 32883.9
-978.912 -6888.61 -12132.7 13986.6 -1 1
212.847 -2112.58 -8295.68 8563.74 1 1
4752.69 -8062.5 -18028.3 20313.2 1 2
2489.22 -7111.57 -10061.9 12570.7 -1 2
event 190
-6415.35 -2577.58 3948.23 8542.83
579.064 21350 -26242.2 33976.5
-3159.8 -2132.91 3586.97 5235.57 1 1
-3255.55 -444.673 361.257 3307.26 -1 1
-143.242 15672.3 -21080 26268.2 -1 2
722.307 5677.72 -5162.24 7708.32 1 2
event 191
-5176.71 4297.84 34288.6 35079.5
-2243.83 -10323.6 -3576.86 11575.7
-3785.09 1565.42 23846 24195.4 1 1
-1391.62 2732.42 10442.6 10884 -1 1
-2828.03 -6120 -1843.17 6990.04 -1 2
584.197 -4203.6 -1733.68 4585.67 1 2
event 192
-1902.24 -9131.08 -2658.99 10181.2
-6534.61 5970.87 -35373.6 36595.6
162.283 -6027.2 -1056.38 6122.14 -1 1
-2064.52 -3103.88 -1602.61 4059.05 1 1
-5913.85 3937.26 -24226.2 25246.7 -1 2
-620.759 2033.61 -11147.4 11348.8 1 2
event 193
5881.33 2319.23 -13320.4 15066.3
8372.61 -4804.49 -8686.71 13350.4
4222 -1670.46 -2232.21 5060.6 1 2
1952.04 -548.158 -5421.06 5788.78 -1 1
4150.61 -3134.03 -6454.5 8289.84 -1 2
3929.29 2867.39 -7899.37 9277.53 1 1
event 194
-7360.62 -7327.47 1652.89 10963
-1799.99 11990.4 27769.8 30459.2
-1650.43 5608.26 10088.5 11660.4 -1 2
-2825.41 -2551.06 2121.15 4359.05 -1 1
-4535.21 -4776.4 -468.267 6603.99 1 1
-149.559 6382.15 17681.3 18798.8 1 2
event 195
5116.03 -7370.08 -13799.1 16748.1
-2856.32 4063.77 -19954.9 20795.7
-2903.5 1519.81 -10211.4 10724.9 1 2
3489.46 -2405.18 -5566.72 6997.19 -1 1
47.1837 2543.97 -9743.48 10070.8 -1 2
1626.56 -4964.9 -8232.41 9750.88 1 1
event 196
-263.887 -5094.6 5770.1 8301.17
-12158.1 16701.3 -15119.6 25786.6
448.964 -3132.98 5276.54 6153.87 -1 1
-712.852 -1961.62 493.567 2147.29 1 1
-8509.51 13850.9 -11883.6 20136.8 -1 2
-3648.56 2850.44 -3235.97 5649.75 1 2
event 197
-1618.89 -6667.42 10607.8 13007.4
80.8644 -8290.56 -2156.68 9109.43
531.702 -4063.51 -2567.72 4837.27 1 2
-1172.08 -1655.1 5379.14 5749.73 1 1
-446.809 -5012.32 5228.66 7257.62 -1 1
-450.837 -4227.05 411.043 4272.16 -1 2
event 198
1367.67 -14788.9 -34233.2 37444.4
-173.342 -6903.24 -5773.83 9519.08
-360.486 -4876.51 -2110.31 5326.81 1 2
1587.72 -5199.1 -14924.1 15883.7 -1 1
187.144 -2026.72 -3663.52 4192.27 -1 2
-220.044 -9589.79 -19309.1 21560.7 1 1
event 199
4478.51 6746.64 -36358.5 37377.9
6495.13 5232.31 -7866.76 11876
4437.57 4265.22 -7264 9521.61 1 2
759.69 3730.83 -13756.2 14273.7 -1 1
2057.56 967.096 -602.759 2354.42 -1 2
3718.82 3015.81 -22602.3 23104.2 1 1
event 200
10310.3 1380.74 1116.97 10910.8
-1363.14 -11203.9 -17665.3 21190.5
-1911.36 -8042.03 -14444.2 16642.5 1 2
3863.01 1951.48 -68.8541 4329.78 -1 1
548.22 -3161.84 -3221.09 4548.01 -1 2
6447.26 -570.742 1185.82 6581.05 1 1
event 201
12345.2 -2091.7 2781.52 13195
3943.7 5735.42 7823.12 10919.7
8689.77 -2366.61 841.381 9046.1 -1 1
3655.42 274.912 1940.14 4148.85 1 1
1972.07 1243.16 1057.77 2562.14 -1 2
1971.63 4492.26 6765.35 8357.57 1 2
event 202
4224.89 -7021.42 36737 37767
16585.8 -4322.43 -33578.8 37827.3
4565.39 -2642.36 -10530.8 11778.5 1 2
-183.466 -2178.58 10399.3 10627.1 -1 1
12020.4 -1680.07 -23048 26048.7 -1 2
4408.35 -4842.84 26337.7 27139.8 1 1
event 203
2883.08 12222.4 31067.6 33652.4
7215.42 1904.38 -14825.2 16883.9
1440.5 6271 11878.9 13510 1 1
1442.58 5951.45 19188.7 20142.5 -1 1
4959.47 228.257 -11515.8 12540.9 -1 2
2255.95 1676.13 -3309.35 4343 1 2
event 204
-3384.37 -7387.49 24311.2 25819.6
9842.45 3681.84 3898.05 11628.2
4154.83 3067.57 2496.81 5737.41 -1 2
-2436.76 -1963.23 7430.25 8063 -1 1
5687.62 614.267 1401.24 5890.75 1 2
-947.606 -5424.25 16881 17756.6 1 1
event 205
6752.23 4417.69 40318.8 41234.8
-3590.09 5429.12 -5260.97 8923.73
-3418.94 2417.17 -3126.38 5226.59 -1 2
3998.39 857.861 21423.3 21810.3 -1 1
2753.83 3559.83 18895.5 19424.4 1 1
-171.155 3011.96 -2134.58 3697.13 1 2
event 206
18989.2 -17621.2 110260 113305
5549.22 -4102.19 -929.623 7620.83
3244.25 -3022.41 846.453 4515.28 1 2
8129.24 -7450.38 53676.4 54797.4 -1 1
2304.96 -1079.78 -1776.08 3105.54 -1 2
10860 -10170.8 56583.9 58507.6 1 1
event 207
7982.98 7112.98 -10975.1 15632.1
-572.272 8610.86 -8752.82 12675.9
4545.22 5667.36 -8360.21 11076.2 1 1
3437.76 1445.62 -2614.84 4555.94 -1 1
-182.311 2734.1 -4966.76 5673.48 -1 2
-389.961 5876.77 -3786.06 7002.42 1 2
event 208
-8723.09 5357.86 -18955.1 21764.3
2165.04 -7472.59 24150.2 25560.8
-86.9945 -4603.63 11300.5 12203 1 2
-3991.18 2980.89 -6205.13 7958.01 1 1
2252.04 -2868.96 12849.7 13357.7 -1 2
-4731.91 2376.98 -12750 13806.3 -1 1
event 209
-5344.85 13138.5 -43820.8 46163.2
-6358.22 -2225.97 6421.54 9808.64
-4127.36 -875.54 1991.09 4666.61 1 2
-2845.96 3610.29 -16114.2 16757.4 1 1
-2230.86 -1350.43 4430.45 5142.03 -1 2
-2498.89 9528.2 -27706.6 29405.8 -1 1
event 210
-4891.95 -3691.85 9127.46 11422
-9664.55 -981.148 -11163.5 15118.9
-2102.91 -3467.18 5091.25 6509.65 1 1
-2789.04 -224.675 4036.22 4912.37 -1 1
-5317.06 -1967.71 -7094.54 9082.21 -1 2
-4347.5 986.558 -4069 6036.71 1 2
event 211
-13321.9 6930.12 -28622.5 32470.6
-7005.49 -822.662 -12295.7 14509.6
-4842.28 261.935 -5707.22 7489.98 1 2
-6469.5 1775.89 -13848.1 15388 1 1
-2163.22 -1084.6 -6588.45 7019.59 -1 2
-6852.41 5154.23 -14774.4 17082.6 -1 1
event 212
11708.3 2483.6 31540.5 33877
6559.18 -1463.71 10525.9 12866.6
7489.55 126.705 20446.2 21775.4 -1 1
4218.71 2356.89 11094.3 12101.6 1 1
3431.2 -2156.81 4617.94 6145.04 -1 2
3127.98 693.103 5907.94 6721.58 1 2
event 213
6265.93 3180.2 -755.007 7715.99
643.514 7142.09 1311.31 7920.48
1676.42 2595.35 987.814 3245.48 1 2
2733.6 560.605 -1626.35 3231.57 1 1
-1032.91 4546.75 323.492 4675 -1 2
3532.33 2619.6 871.344 4484.42 -1 1
event 214
-6294.59 288.158 -34267.9 34979.8
10842 10868.1 -6286.66 16875.4
-4581.25 1562.84 -21944.8 22472.6 1 1
-1713.34 -1274.68 -12323.1 12507.2 -1 1
6828.71 4719.29 -2957.29 8812.47 -1 2
4013.34 6148.8 -3329.37 8062.91 1 2
event 215
-9418.44 11959.7 -19363.3 24824.8
-9233.97 899.116 9406.57 13570.2
-7023.05 9326.68 -16705.4 20381.2 1 1
-2395.39 2632.97 -2657.85 4443.62 -1 1
-2692.59 -814.978 1587.03 3231.73 -1 2
-6541.38 1714.09 7819.54 10338.5 1 2
event 216
-10689.3 -8314.87 37222.3 39730.2
-2630.47 -7458.02 28784.2 30011
-2254.23 -3327.01 18282.9 18719.6 1 2
-3321.61 -975.822 10442.5 11001.9 1 1
-7367.68 -7339.05 26779.8 28728.3 -1 1
-376.236 -4131.01 10501.3 11291.4 -1 2
event 217
8717.78 1319.94 -6084.09 11151.2
2462.5 -10372 -2044.74 11287.7
1000.13 -3820.83 740.354 4019.73 -1 2
3657.44 363.949 -782.485 3759.36 -1 1
1462.37 -6551.12 -2785.09 7267.99 1 2
5060.34 955.988 -5301.6 7391.83 1 1
event 218
-6328.29 -2013.86 -16069 17660.8
6739.2 -4330.14 -24429.7 25895.3
3430.17 -984.206 -14079.2 14524.8 1 2
-2004.02 -1919.21 -8505.53 8947.33 -1 1
3309.03 -3345.94 -10350.5 11370.5 -1 2
-4324.28 -94.6479 -7563.46 8713.52 1 1
event 219
-5325.63 4784.75 -1072.7 7873.83
-7555.8 1775.71 5343.45 9919.02
-2073.81 3889.52 -863.735 4492.91 -1 1
-3251.83 895.237 -208.969 3380.93 1 1
-4842.03 1202.36 1563.49 5229.39 -1 2
-2713.77 573.351 3779.96 4689.62 1 2
event 220
8827.62 3274.58 16964.6 19647.9
-1590.34 5945.48 10694.5 12721.7
5329.45 3454.94 11896.3 13486 -1 1
3498.17 -180.367 5068.28 6161.85 1 1
781.432 2330.91 4985.39 5559.59 -1 2
-2371.78 3614.57 5709.15 7162.12 1 2
event 221
2276.42 -5092.84 -4684.14 7915.24
-16306 -1571.09 -11167.8 20066.5
2695.72 -2364.01 -2259.58 4239.37 -1 1
-419.295 -2728.84 -2424.56 3675.87 1 1
-8168.04 -1747.03 -7115.24 10973 1 2
-8137.97 175.936 -4052.55 9093.5 -1 2
event 222
-8719.03 9242.52 1803.12 13201.8
4063.25 -22651.2 -64809.4 68843.5
-5444.29 3885.09 1779.58 6921.87 1 1
-3274.73 5357.43 23.5376 6279.94 -1 1
1740.86 -16211.9 -47982.1 50676.9 -1 2
2322.39 -6439.26 -16827.2 18166.6 1 2
event 223
-7582.79 56.7281 -3899.69 9071.96
-2053.61 -5934.01 -10767.9 12844
-4049.46 -913.879 -3410.66 5373.74 1 1
-3533.33 970.607 -489.027 3698.22 -1 1
-449.9 -4188.04 -4613.8 6248.23 -1 2
-1603.71 -1745.98 -6154.1 6595.79 1 2
event 224
-824.022 -7313.07 -3780.92 8834.39
7772.22 -2840.55 7573.23 11637.1
5471.16 -3428.89 5586.09 8538.53 1 2
1165.21 -3344.76 -1619.75 3896.14 -1 1
2301.06 588.338 1987.14 3098.53 -1 2
-1989.23 -3968.31 -2161.16 4938.25 1 1
event 225
10336.5 -4829.97 -8334.9 14464.9
606.47 -4947.89 -2349.1 6321.27
5845.11 -4029.73 -3897.3 8099.63 1 1
4491.44 -800.239 -4437.6 6365.28 -1 1
-663.206 -3037.55 -108.187 3112.79 -1 2
1269.68 -1910.34 -2240.92 3208.48 1 2
event 226
1898.14 -5020.43 -940.629 6267.68
-17347.8 -886.828 56689.5 59371.9
-263.828 -3280.05 -1137.42 3483.27 -1 1
2161.97 -1740.38 196.79 2784.41 1 1
-10842.8 -371.666 40186.7 41625.6 -1 2
-6505 -515.161 16502.8 17746.3 1 2
event 227
-6854.52 -7217.28 -33227.4 34824.2
-3821.74 -6053.24 1772.28 7998.68
-2689.94 -1610.44 1273.97 3385.77 1 2
-750.892 -2458.91 -6265.43 6773.24 1 1
-6103.63 -4758.37 -26962 28050.9 -1 1
-1131.81 -4442.8 498.309 4612.91 -1 2
event 228
-5494.26 -4869.84 -45396.2 46090.2
6314.53 2802.09 -12134.1 14302.2
2944.59 2759.62 -8053.93 9009.06 -1 2
-1280.77 -3144.88 -17925.6 18244.7 1 1
-4213.49 -1724.96 -27470.6 27845.5 -1 1
3369.94 42.4743 -4080.13 5293.1 1 2
event 229
-5702.44 -3284.71 -5384.78 9049.51
-8275.53 -2969.76 37930.8 39059.4
-4089.63 -232.861 12953.7 13586.3 -1 2
-1028.62 -2255.93 -1687.2 3000.84 1 1
-4185.89 -2736.9 24977.1 25473.1 1 2
-4673.82 -1028.78 -3697.59 6048.66 -1 1
event 230
-4967.17 -1822.01 2056.16 6466.16
-11466.4 -3783.62 -4732.6 13333.6
-2837.02 -1175.86 2758.73 4129.54 1 1
-2130.15 -646.147 -702.565 2336.63 -1 1
-6725.1 -3794 -2998.21 8283.83 1 2
-4741.34 10.3836 -1734.39 5049.72 -1 2
