event 0
-10779.1 6114.1 -14704.5 19477.8
3984.66 7417.59 387.111 8979.92
711.819 4416.27 -302.816 4484.75 1 2
-4413.51 4074.55 -5873.97 8402.12 1 1
3272.84 3001.32 689.926 4495.17 -1 2
-6365.6 2039.55 -8830.57 11075.7 -1 1
event 1
731.891 15868.3 -56716.1 58980
10418.4 5700.33 -14478.1 18980
1465.85 9376.36 -37545.1 38726.1 1 1
-733.963 6491.9 -19171 20253.9 -1 1
5056.34 1587.78 -8145.52 9718.45 -1 2
5362.02 4112.55 -6332.57 9261.58 1 2
event 2
4848.09 -6254.36 -541.694 8514.99
-9384.43 -45.6203 -16413.7 19159
-3966.52 -474.172 -4237.46 5824.55 1 2
574.244 -2678.69 645.586 2816.57 1 1
4273.84 -3575.67 -1187.28 5698.42 -1 1
-5417.9 428.551 -12176.2 13334.5 -1 2
event 3
2400.83 15304.3 12716.9 20280.4
4842.6 -4997.54 -20479.6 21850.2
3051.69 -2954.91 -7798.86 8881.31 1 2
-186.607 6573.89 6549.38 9282.05 1 1
1790.92 -2042.64 -12680.7 12968.9 -1 2
2587.43 8730.41 6167.49 10998.4 -1 1
event 4
12331.1 -6695.3 -22503.4 26699.8
7511.8 4194.74 18069.8 20350.3
4942.57 1124.58 7553.94 9097.62 1 2
5373.6 -3478.29 -7573.55 9916.85 -1 1
2569.23 3070.17 10515.9 11252.6 -1 2
6957.49 -3217 -14929.8 16782.9 1 1
event 5
-8000.48 -4006.2 -2212.03 9723.23
5688.79 2913.95 12383.3 14275.5
3875.05 1277.23 4763.27 6272.73 -1 2
-2636.48 -2083.66 -2211.27 4024.12 1 1
-5364.01 -1922.54 -0.756878 5699.11 -1 1
1813.75 1636.72 7620.01 8002.76 1 2
event 6
-1672.62 8338.6 5449.09 10564.7
8036.09 -290.365 3616.94 9345.37
624.261 4680.93 2637.16 5409.86 1 1
-2296.88 3657.67 2811.93 5154.84 -1 1
4977.83 -1666.84 1974.46 5609.53 -1 2
3058.26 1376.47 1642.48 3735.85 1 2
event 7
828.611 -10882.2 -21905.8 24669.1
-1645.2 5212.88 -462.088 6299.59
1759.84 -6299.31 -14536.7 15940.7 -1 1
-931.231 -4582.93 -7369.03 8728.36 1 1
-2390.66 2502.43 -403.682 3485.9 -1 2
745.459 2710.45 -58.4052 2813.69 1 2
event 8
-11826 -2874.21 36122 38242.8
-4449.55 -2063.35 26491.9 27119.5
-2477.28 -2662.53 14387.3 14840.2 1 2
-5901.91 5.70703 15105.3 16217.7 1 1
-1972.27 599.179 12104.6 12279.3 -1 2
-5924.11 -2879.92 21016.8 22025.1 -1 1
event 9
789.216 8672.99 6218.38 11140.2
9837.21 -1047.2 -9213.14 13868.7
4091.62 -1920.65 -3490.71 5711.96 1 2
1818.42 3855.93 2300.97 4845.66 1 1
5745.59 873.444 -5722.43 8156.72 -1 2
-1029.2 4817.06 3917.41 6294.49 -1 1
event 10
3412.25 4801.25 17713 18921.9
-9525.32 -103.113 9797.69 14011.7
-3575.68 1091.7 5161.96 6374.51 1 2
360.481 2183.58 3430.14 4083.51 -1 1
-5949.64 -1194.81 4635.72 7637.2 -1 2
3051.77 2617.67 14282.9 14838.4 1 1
