event 0
-2797.99 8272.17 10951.6 14345.3
15650.1 815.463 -6009.05 17067.2
3672.9 1451.62 -1049.47 4087.78 1 2
149.996 3637.3 5567.64 6652.99 1 1
11977.2 -636.161 -4959.58 12979.4 -1 2
-2947.99 4634.87 5384 7692.29 -1 1
event 1
7838.94 3473.58 -31422.7 32718.4
3400.1 9438.62 4654.6 11485
341.678 4106.23 716.105 4183.52 -1 2
3514.48 738.015 -8443.02 9175.62 -1 1
3058.43 5332.39 3938.49 7301.45 1 2
4324.46 2735.57 -22979.7 23542.7 1 1
event 2
1546.25 -8526.88 12904.5 15849.8
-9838.26 -902.137 15196.1 18388
-3533.87 -1762.5 6613.41 7703.44 -1 2
880.962 -2555.42 1881.22 3294.91 1 1
-6304.39 860.363 8582.74 10684.6 1 2
665.289 -5971.46 11023.3 12554.9 -1 1
event 3
-482.698 9376.13 -31242.2 32769
-7661.72 -4274.96 34319.1 35558
1261.1 5193.55 -16256.1 17112.4 1 1
-1743.8 4182.58 -14986.1 15656.6 -1 1
-3282.43 -2467.77 10559.9 11330.8 -1 2
-4379.29 -1807.19 23759.2 24227.1 1 2
event 4
7317.6 1850.39 2435.96 8514.46
6118.4 -5405.38 -6398.7 10825.3
2062.8 -3032.74 -1304.58 3894.32 1 2
2504.34 -732.111 225.928 2621.05 -1 1
4813.27 2582.5 2210.03 5893.41 1 1
4055.59 -2372.64 -5094.12 6930.98 -1 2
event 5
-2483.98 8222.72 31061.2 32375.5
-1243.19 7407.56 21892.6 23351.5
-1791.56 2581.17 10642.9 11097.5 1 2
-518.375 2934.8 6171.26 6854 -1 1
-1965.61 5287.93 24890 25521.5 1 1
548.373 4826.39 11249.7 12254.1 -1 2
event 6
-5733.76 2904.07 3762.9 8065.98
-6453.19 314.669 -3434.46 7945.41
-2776.94 -1327.27 -994.01 3236.09 1 2
-1156.77 2189 1620.86 2961.11 -1 1
-4576.99 715.07 2142.04 5104.87 1 1
-3676.25 1641.94 -2440.45 4709.32 -1 2
event 7
5967.04 5404.97 -33847.6 34929.5
1841.68 6547.87 6559.21 9943.9
4200.89 1785.99 -16479.4 17100.2 -1 1
1766.15 3618.98 -17368.2 17829.3 1 1
981.447 2267.52 4456.81 5096.98 -1 2
860.236 4280.35 2102.4 4846.92 1 2
event 8
-7321.12 -12130.4 336.484 14506.9
-492.319 8687.55 -4337.39 10203.9
168.254 6093.67 -1453.35 6267.73 -1 2
-1862.98 -4965.89 -1007.75 5399.77 -1 1
-5458.14 -7164.48 1344.24 9107.09 1 1
-660.573 2593.88 -2884.05 3936.17 1 2
event 9
-3352.66 2512.63 9437.67 10780.3
17544 -13998.6 -9260.85 24476.7
-2999.49 467.195 4569.12 5486.65 -1 1
-353.165 2045.43 4868.55 5293.62 1 1
7851.45 -8204.6 -4324 12151.9 1 2
9692.58 -5793.99 -4936.85 12324.8 -1 2
event 10
-9797.31 -13082.7 19921.3 25953.7
7724.62 -11418.9 -30511.1 33624.1
4543.93 -7627.38 -16092.7 18379.6 1 2
-4378.44 -6464.86 7184.28 10610.9 -1 1
3180.69 -3791.54 -14418.4 15244.5 -1 2
-5418.86 -6617.8 12737 15342.8 1 1
event 11
-5402.38 -582.277 1395.14 6407.95
-9021.04 -4267.52 463.675 10459.3
-3249.52 -1862.62 810.031 3833.54 1 1
-2152.86 1280.34 585.113 2574.42 -1 1
-4975.03 -2893.34 -1187.07 5877.3 -1 2
-4046 -1374.19 1650.74 4581.99 1 2
event 12
-6903.32 -4259.69 13441.8 16002.3
-7729.21 -2602.91 13149.4 15780.1
-4077.4 -1448 4673.72 6369.98 1 1
-2825.92 -2811.69 8768.11 9632.36 -1 1
-5407.97 -3196.89 10184.3 11966.5 -1 2
-2321.24 593.976 2965.02 3813.59 1 2
event 13
-1659.03 8489.21 16636.9 19005.2
-1893.46 8026.25 -22298.2 23975.1
-92.5242 6199.28 -16772.8 17882.3 1 2
-1720.93 3588.1 9923.35 10692.1 -1 1
-1800.93 1826.98 -5525.36 6092.78 -1 2
61.9039 4901.1 6713.55 8313.1 1 1
event 14
11892 7331.56 -21424.4 25763.7
8484.41 -1227.58 36413.6 37537.1
5113.93 793.917 19961.7 20621.9 1 2
5530.08 1669.58 -9236.68 10894.8 -1 1
3370.48 -2021.5 16451.9 16915.2 -1 2
6361.96 5661.97 -12187.8 14868.9 1 1
event 15
-1632.3 -7417.01 -39792.6 40629
-11164.5 -307.311 -10997.3 15977.2
-3815.99 878.194 -5362.48 6640.81 1 2
-1599.78 -1911.18 -8618.47 8972.24 -1 1
-7348.51 -1185.5 -5634.82 9336.4 -1 2
-32.5142 -5505.84 -31174.1 31656.8 1 1
event 16
7564.22 -1523.87 -3416.41 8989.03
6797.36 -5382.4 5109.27 10529.5
3402.05 -795.47 2083.54 4069.28 -1 2
2753.56 210.945 -2627.91 3813.62 1 1
3395.31 -4586.93 3025.74 6460.21 1 2
4810.66 -1734.81 -788.5 5175.42 -1 1
event 17
-12051.9 -3083.56 50339.3 51946.1
-1637.96 9023.01 -27695.5 29406.2
-6759.71 -319.599 29620.9 30384.3 1 1
-5292.23 -2763.96 20718.4 21561.8 -1 1
378.599 5239.47 -18963.1 19677.5 -1 2
-2016.56 3783.54 -8732.39 9728.7 1 2
event 18
980.766 7444.41 27313.1 28495.2
-3366.23 6602.03 14581.3 16647
-2885.87 4125.03 6767.76 8435.52 1 2
1886.57 2980.52 13289.3 13749.9 -1 1
-480.361 2477 7813.53 8211.49 -1 2
-905.801 4463.89 14023.8 14745.4 1 1
event 19
11993.2 9146.22 -38784.8 41729.4
-3862.98 1838.04 -16216 17054.4
-1829.2 2484.99 -8320.16 8874.54 1 2
2279.39 3443.02 -10100.5 10912.4 1 1
-2033.78 -646.958 -7895.88 8179.91 -1 2
9713.82 5703.2 -28684.3 30817 -1 1
event 20
8589.74 1713.61 10143.9 13755.4
-1099.71 8400.31 -16173 18518.4
-1296.91 5206.07 -12739.1 13823.2 1 2
3796.69 2162.57 3804.43 5794.52 1 1
197.201 3194.24 -3433.93 4695.22 -1 2
4793.05 -448.952 6339.48 7960.84 -1 1
event 21
-4873.23 -4756.61 3246.41 8154.97
-1113.6 -7215.71 8658.32 11741.5
-2012.81 -3268.82 3618.87 5276.74 1 2
-1768.66 -1967.13 2958.43 3970.04 -1 1
-3104.57 -2789.48 287.985 4184.93 1 1
899.211 -3946.89 5039.45 6464.81 -1 2
event 22
-3059.06 7455.18 -996.72 8690.32
7479.48 608.656 11251.1 13874.1
3293.57 358.67 7681.49 8366.16 -1 2
-2202.05 1624.34 -290.676 2753.75 -1 1
-857.012 5830.84 -706.044 5936.57 1 1
4185.91 249.986 3569.61 5507.96 1 2
event 23
-962.804 -6861.98 9420.18 12097.3
-1423.5 -7983.52 -43056.2 43922.6
739.259 -3171.95 -12712.4 13123.4 -1 2
-435.363 -2835.48 6465.55 7074.18 -1 1
-2162.75 -4811.58 -30343.8 30799.2 1 2
-527.441 -4026.5 2954.63 5023.14 1 1
event 24
-7949.77 -1810.79 -30712 31926.4
-11040.5 -686.491 6316.05 13109.1
-3890.94 -1967.06 -11732.2 12516.5 -1 1
-4058.83 156.267 -18979.8 19409.9 1 1
-6113.33 -1894.33 3224.58 7167.31 1 2
-4927.19 1207.84 3091.47 5941.75 -1 2
event 25
-751.971 -8534.72 -17625.1 19840.4
-6795.05 3087.36 -7310.83 10897.1
-3721.41 74.7398 -2779.23 4646.48 -1 2
1166.73 -2233.37 -4972.28 5575.3 -1 1
-1918.71 -6301.35 -12652.8 14265.1 1 1
-3073.64 3012.62 -4531.6 6250.58 1 2
event 26
359.726 -5118.86 -6970.14 9192.7
462.701 -13603.6 61261.7 62832
1197.24 -2893.23 -5676.18 6483.39 1 1
-837.513 -2225.63 -1293.96 2709.31 -1 1
854.355 -9058.47 34278.3 35465.4 -1 2
-391.654 -4545.1 26983.4 27366.5 1 2
event 27
5216.7 3601.28 -3352.43 7810.91
-11215.5 18248.6 16456.5 27188.3
2642.22 3399.88 -1266.09 4489.4 -1 1
2574.48 201.397 -2086.33 3321.51 1 1
-6066.77 11647 11515.7 17466.5 1 2
-5148.69 6601.62 4940.83 9721.8 -1 2
event 28
8121.91 3313.04 29243.2 30687
-1962.68 8758.78 2307.18 9771.51
4691.52 3104.07 21321.1 22051 -1 1
3430.39 208.965 7922.04 8636.04 1 1
-2125.21 5764.46 2761.61 6736.71 -1 2
162.537 2994.32 -454.434 3034.81 1 2
event 29
-7991.87 3854.38 -4371 10364.4
2245.57 -6323.55 -9739.29 12226
2753.58 -4189.19 -7920.09 9373.92 1 2
-3946.3 1554.46 -428.513 4264.32 1 1
-508.005 -2134.37 -1819.2 2852.06 -1 2
-4045.57 2299.92 -3942.48 6100.05 -1 1
event 30
-1626.56 -12282.6 10742.5 16688.4
11150.6 9115.08 -2809.77 14996.9
-2302.01 -6567.63 6646.66 9624.04 -1 1
675.449 -5715.01 4095.85 7064.33 1 1
6703.93 6679.4 -2982.13 9922.76 -1 2
4446.7 2435.68 172.363 5074.11 1 2
event 31
7512.51 4129.52 27769.3 29226.9
6391.14 -2562.2 -11644.9 13878.2
3090.07 -151.958 -2978.78 4296.04 -1 2
1933.26 2215.39 6155.57 6822.59 1 1
5579.25 1914.13 21613.7 22404.3 -1 1
3301.07 -2410.24 -8666.07 9582.19 1 2
event 32
-14318 5527.3 37544 40678
6225.02 -347.812 12476.1 14286.9
4026.37 384.601 10453.3 11209 1 2
-6507.08 1043.66 17631.7 18823.4 -1 1
2198.65 -732.413 2022.81 3077.89 -1 2
-7810.88 4483.64 19912.3 21854.6 1 1
event 33
-6879.34 6359.43 18915.8 21334.6
-8981.25 21105.4 -31538 39119.6
-3242.65 4876.9 9954.74 11550.2 1 1
-3636.68 1482.53 8961.06 9784.43 -1 1
-6904.38 12944.2 -21280.9 25847.9 1 2
-2076.87 8161.18 -10257.1 13271.7 -1 2
event 34
-7393.11 -10090.5 -28560.9 31333.5
4174.32 -6069.8 -11300.9 13840.8
-4598.56 -8199.03 -22700.8 24570.4 -1 1
-2794.55 -1891.42 -5860.14 6763.09 1 1
1548.35 -1407.46 -1212.46 2420.65 -1 2
2625.97 -4662.35 -10088.4 11420.2 1 2
event 35
4373.95 5043.85 -37000.7 37725.5
-313.935 6214.86 674.375 6983.48
-1542.1 4132.24 1048.2 4534.69 1 2
3044.25 1182.46 -15648.4 15985.9 1 1
1228.17 2082.61 -373.825 2448.79 -1 2
1329.7 3861.4 -21352.3 21739.6 -1 1
event 36
-8784.58 3481.06 -5635.14 11429.4
-6686.67 5913.42 29427.5 30907.1
-3473.11 1197.04 9801.09 10467.5 -1 2
-2508.17 1277.9 -3391.05 4408.44 -1 1
-6276.42 2203.16 -2244.09 7021 1 1
-3213.56 4716.38 19626.4 20439.6 1 2
event 37
-5048.64 -8913.3 43511.8 44808.5
3314.58 -5282.41 -19272 20491.3
1611.97 -3586.68 -7426.13 8403.65 1 2
-1279.48 -4636.55 15798.9 16515.2 1 1
1702.62 -1695.73 -11845.9 12087.6 -1 2
-3769.16 -4276.75 27712.9 28293.3 -1 1
event 38
-1844.19 -5697.72 -12385.8 14102
-10939.1 -151.33 -22579.4 25280.6
-633.349 -3874.41 -10501.7 11212 -1 1
-1210.84 -1823.31 -1884.11 2889.92 1 1
-5592.72 1234.41 -13303.9 14484.7 -1 2
-5346.4 -1385.74 -9275.47 10795.8 1 2
event 39
586.8 6024.36 -21517.9 22566.5
-8741.18 5013.93 52513.1 53560.9
753.042 3930.57 -18223.7 18658.2 1 1
-166.242 2093.78 -3294.19 3908.25 -1 1
-4492.57 4105.72 26753.1 27436.9 -1 2
-4248.6 908.217 25760 26124 1 2
event 40
-10519 4161.82 1945.63 11888.9
6427.2 -8093.37 -1866.1 10949.2
1735.56 -4101.59 -1752.45 4787.22 -1 2
-3586.92 2310.42 -524.011 4299.97 -1 1
-6932.13 1851.4 2469.64 7588.96 1 1
4691.64 -3991.78 -113.648 6161.97 1 2
event 41
15872.3 -4911.65 2633.83 17105
-960.743 4401.37 2504.41 6013.15
-1975.58 2269.28 1944.89 3584.18 1 2
5133.44 -225.064 1374.76 5320.15 -1 1
1014.83 2132.08 559.522 2428.97 -1 2
10738.9 -4686.58 1259.08 11784.9 1 1
event 42
5480.57 -6833.23 3735.24 10013.6
-4763.52 5669.56 2395.51 8376.58
-1504.55 3280.48 2397.92 4334.33 -1 2
510.817 -2702.1 1711.53 3240.8 1 1
4969.75 -4131.12 2023.72 6772.83 -1 1
-3258.98 2389.08 -2.41636 4042.25 1 2
event 43
-4733.27 5409.95 -26468.1 27601.1
5342.95 480.144 11346.8 12927.5
-3324.25 2313.77 -18467 18906.2 -1 1
-1409.02 3096.17 -8001.18 8694.93 1 1
3755.04 1721.87 6877.88 8023.81 -1 2
1587.91 -1241.73 4468.97 4903.69 1 2
event 44
680.393 -5460.75 -318.807 6322.63
19161.2 3700.95 -6059.68 20667.8
-743.399 -3483.1 779.86 3647.46 -1 1
1423.79 -1977.65 -1098.67 2675.17 1 1
14528.6 1469.82 -4813.92 15376.2 -1 2
4632.57 2231.14 -1245.76 5291.67 1 2
event 45
-8370.09 -2541.96 4245.75 10204.7
11608.3 -3033.43 29266.3 31781.5
4516.44 -1118.6 15417.9 16105.1 -1 2
-3645.01 -502.585 3355.36 4980.79 -1 1
7091.82 -1914.83 13848.4 15676.4 1 2
-4725.08 -2039.37 890.392 5223.93 1 1
event 46
-4604.67 -2575.88 7512.23 9688.3
4443.7 6952.04 -15125 17505.3
-3730.57 -436.174 4055.08 5528.31 -1 1
-874.104 -2139.71 3457.15 4159.98 1 1
3130.85 2987.14 -5399.53 6920.36 1 2
1312.85 3964.9 -9725.52 10584.9 -1 2
event 47
10897.4 2112.37 -12259 16825.2
-9854.23 -1829.32 13019.9 16720
-5332.62 209.866 5152.15 7418.67 1 2
5274.21 1860.36 -4201.75 6996 1 1
-4521.61 -2039.19 7867.73 9301.37 -1 2
5623.17 252.007 -8057.23 9829.23 -1 1
event 48
687.864 -7287.77 21446.5 22872
8436.25 -11402.4 -5797.38 15632.8
1461.45 -4419.17 16039.8 16701.8 -1 1
-773.584 -2868.61 5406.75 6170.2 1 1
3807.55 -7659.07 -3128.16 9107.99 -1 2
4628.7 -3743.28 -2669.22 6524.79 1 2
event 49
46.0942 6206.32 16045.1 17480.2
-8447.43 -5242.78 -75.9417 10413.6
-3568.74 -1699.46 -1479.42 4221.84 -1 2
1297.82 1596.32 6271.02 6600.71 -1 1
-4878.69 -3543.32 1403.48 6191.74 1 2
-1251.73 4610 9774.13 10879.5 1 1
event 50
-5088.17 -12707.2 16567.2 21712.4
-2924.95 7297.65 3520.23 9153.9
-2202.37 -6824.13 6377.27 9596.88 1 1
-2885.8 -5883.09 10190 12115.5 -1 1
-2104.06 4290.07 3677.58 6030.55 -1 2
-820.887 3007.59 -157.349 3123.36 1 2
event 51
13049 -1837.18 -12330.6 18310.8
-13309.6 2794.51 18172.1 22907.9
-5701.3 21.7526 9176.28 10803.7 1 2
2997.73 818.659 -3372.7 4587.25 -1 1
10051.3 -2655.84 -8957.87 13723.6 1 1
-7608.35 2772.75 8995.81 12104.2 -1 2
event 52
1598.85 -10376.2 7724.33 13396.9
691.561 10501.4 47422.1 48674.5
142.313 4743.25 28335.9 28730.7 -1 2
1961.43 -3378.35 2296.11 4532.52 -1 1
-362.582 -6997.81 5428.22 8864.4 1 1
549.247 5758.15 19086.2 19943.8 1 2
event 53
-1516.86 6557.41 -20915.2 22188.6
-9580.06 1599.84 3325.8 10723.3
-2579.24 1860.65 1209.23 3404.1 -1 2
-1363.01 2392.99 -4721.04 5466.59 1 1
-7000.82 -260.808 2116.57 7319.19 1 2
-153.849 4164.42 -16194.1 16722 -1 1
event 54
-11459.9 -8423.79 -34513.6 37457.5
3102.24 -2897.99 -10739.6 11956.2
-6627.92 -4696.53 -15678.3 17658.1 1 1
-4831.98 -3727.26 -18835.3 19799.5 -1 1
1047.68 -2997.58 -6025.35 6811.69 -1 2
2054.56 99.5873 -4714.24 5144.55 1 2
event 55
-7374.85 974.878 12833.5 15153.5
9094.19 318.809 -38211.7 39402.2
3987.56 810.91 -11426.9 12130.3 -1 2
-2112.04 293.848 6752.12 7081.62 1 1
-5262.81 681.03 6081.4 8071.9 -1 1
5106.63 -492.101 -26784.8 27271.9 1 2
event 56
-5798.38 -3026.79 -22247.4 23394.8
5919.84 2453.97 -5067.15 8736.85
3994.29 838.724 -4648.21 6186.66 1 2
-3155.31 50.1722 -8850 9396.39 1 1
1925.56 1615.25 -418.943 2550.19 -1 2
-2643.07 -3076.96 -13397.4 13998.4 -1 1
