event 0
-899.723 9184.07 6712.75 11824.1
-6471.75 7750.04 -15704.5 18925.4
-985.678 5809.97 5923.53 8356.24 1 1
85.9553 3374.1 789.224 3467.85 -1 1
-4542.68 6993.37 -11182 13949.6 -1 2
-1929.08 756.671 -4522.55 4975.79 1 2
event 1
3031.77 -7423.15 13840.7 16292.7
-2700.12 22414.5 55803.9 60277.4
2834.12 -3940.83 6058.56 7764 1 1
197.652 -3482.32 7782.16 8528.7 -1 1
-2680.32 12940.1 35212.7 37610.8 -1 2
-19.8003 9474.39 20591.1 22666.5 1 2
event 2
9986.55 -11570 3318.78 15943.7
7409.99 6280.53 -8736.45 13426.5
8109.05 -7466.01 1730.48 11158.1 -1 1
1877.5 -4104.02 1588.3 4785.59 1 1
1437.35 2961.3 -2134.93 3924.85 -1 2
5972.63 3319.23 -6601.51 9501.62 1 2
event 3
-1258.96 8246.27 37336.9 38382.6
-303.715 -10890 26515.3 28832.9
-1874.65 4109.4 23360.6 23793.5 -1 1
615.687 4136.87 13976.3 14589 1 1
-1472.17 -8775.63 21307.5 23091.1 -1 2
1168.45 -2114.4 5207.82 5741.82 1 2
event 4
-4577.97 -4123.72 8474.53 10925.7
-4458.55 -10406 -52274.1 53575.5
-3915.1 -1601.37 5891.93 7253.85 1 1
-662.868 -2522.35 2582.6 3671.87 -1 1
-3932.85 -5380.02 -31161.2 31866.1 -1 2
-525.696 -5025.94 -21112.9 21709.5 1 2
event 5
4986.59 -8187.89 -1485.53 10183.6
-6159.72 5933.42 29628.5 30993.3
-3462.61 4389.03 23025.3 23694.5 -1 2
944.975 -3860.38 -1533.17 4261.14 -1 1
4041.62 -4327.51 47.6458 5922.46 1 1
-2697.11 1544.39 6603.13 7298.77 1 2
event 6
-4595.98 -6157.04 5549.57 9971.02
-3116.91 7277.71 3200.13 9083.51
-1509.28 2777.25 2904.9 4294.26 1 2
-2076.76 -709.698 883.64 2368.24 1 1
-2519.22 -5447.35 4665.93 7602.77 -1 1
-1607.63 4500.45 295.231 4789.24 -1 2
