event 0
-5546.15 -512.698 -8037.44 10257.4
6023.15 -8802.03 23055.6 25591.1
1595.82 -3481.55 5350.22 6580.57 -1 2
-1648.39 -1622.08 -3093.96 3864.2 -1 1
4427.33 -5320.47 17705.4 19010.5 1 2
-3897.76 1109.38 -4943.48 6393.16 1 1
event 1
4728.84 -1402.52 -15040 16128.2
-4211.34 -9526.32 -25729.8 27930.3
2992.78 524.714 -10099.5 10547.2 -1 1
1736.05 -1927.23 -4940.43 5580.96 1 1
-3945.55 -5322.63 -16666 17935 1 2
-265.794 -4203.7 -9063.81 9995.27 -1 2
event 2
-5884.81 -2282.69 -16371.7 17817.5
10803.4 -1290.17 -374.36 11318.6
-4094.01 -212.77 -7705.57 8728.87 1 1
-1790.8 -2069.92 -8666.09 9088.67 -1 1
5444.45 -2204.36 -158.373 5876.86 -1 2
5359 914.191 -215.986 5441.73 1 2
event 3
1093.81 -9733.99 393.571 10280.7
-4787.74 2830.75 34041.1 34631.2
-2766.52 3278.07 23404.3 23794.4 1 2
2072.87 -4692.7 362.952 5144.04 -1 1
-2021.22 -447.318 10636.7 10836.8 -1 2
-979.052 -5041.29 30.6187 5136.65 1 1
event 4
8297.81 5251.24 -7209.77 12569.9
-6551.34 6983.33 -41218.9 42429.7
-3663.82 4457.14 -30578.5 31118.2 1 2
4088.54 1355.62 -4484.98 6219.33 -1 1
-2887.52 2526.19 -10640.4 11311.5 -1 2
4209.27 3895.62 -2724.79 6350.55 1 1
event 5
1107.45 -9981.12 31413.8 33125
7351.46 571.538 6154.98 10091.8
-813.985 -6185.99 17840.7 18900.5 1 1
1921.44 -3795.13 13573.1 14224.5 -1 1
3130.95 -917.138 3879.5 5070.07 -1 2
4220.5 1488.68 2275.48 5021.73 1 2
event 6
2017.98 -7995.08 -2086.77 9270.14
5153.98 2880.16 -23253.3 24272.6
2877.59 -3941.1 -1293.53 5049.47 -1 1
-859.607 -4053.98 -793.243 4220.67 1 1
3319.55 325.574 -16333.2 16670.7 -1 2
1834.43 2554.59 -6920.09 7601.96 1 2
event 7
3994.11 4509.44 12202.2 13956.1
5782.67 6323.34 -1570.38 9245.8
2201.92 3210.99 -2176.49 4461.74 -1 2
1271.47 1554 7524.26 7788.28 1 1
3580.76 3112.36 606.119 4784.05 1 2
2722.64 2955.44 4677.95 6167.8 -1 1
event 8
6743.01 -582.232 11245 13485.1
-550.107 7463.57 2034.55 8350.93
-740.825 3122.86 2371.03 3991.75 -1 2
2635.98 -82.0802 7319.55 7780.88 -1 1
190.718 4340.7 -336.475 4359.18 1 2
4107.03 -500.151 3925.41 5704.2 1 1
event 9
-5043.64 33441.8 48907.9 59543
4124.46 -6176.38 -1365.69 8161.79
1805.11 -4130.51 -2111.17 4978.73 1 2
-194.935 7090.37 11895.8 13850.3 1 1
2319.35 -2045.87 745.481 3183.06 -1 2
-4848.71 26351.5 37012.1 45692.7 -1 1
event 10
16187.1 -1516.85 4201.09 17075.3
6949.23 9919.11 -5074.45 13491.5
9509.31 438.371 1641.52 9660.48 -1 1
6677.82 -1955.22 2559.58 7414.77 1 1
2590.71 1627.06 -1886.11 3595.51 -1 2
4358.51 8292.05 -3188.34 9896.03 1 2
event 11
3881.99 -8568.09 23536.8 25535.3
-6476.48 7638.79 4498.43 11580.9
1424.93 -6094.57 17172.5 18277.9 -1 1
2457.06 -2473.52 6364.23 7257.41 1 1
-3567.28 5892.86 1497.69 7050.22 -1 2
-2909.2 1745.93 3000.74 4530.71 1 2
event 12
-13192.9 10998.7 85114.7 86885.7
7008.89 3386.72 -4280.58 9407.92
3946.29 194.792 -1977.15 4419.44 1 2
-1147.79 2308.01 14141.3 14374.7 -1 1
-12045.2 8690.66 70973.4 72511 1 1
3062.6 3191.93 -2303.43 4988.47 -1 2
event 13
3968.27 -8933.42 31434.5 33064.7
-4345.72 1809.17 -7080.56 9049.01
2728.92 -4268.07 11737.4 12784.4 1 1
1239.35 -4665.35 19697.1 20280.3 -1 1
-3535.61 -112.965 -4671.3 5860.51 -1 2
-810.109 1922.13 -2409.26 3188.5 1 2
event 14
3225.08 8340.4 -27533.6 29114.5
-8403.13 -4299.48 3100.5 10406.8
3186.46 4173.28 -13958.6 14913.9 -1 1
38.6146 4167.12 -13575 14200.6 1 1
-6656.74 -1910.18 2627.87 7407.96 -1 2
-1746.39 -2389.3 472.627 2998.86 1 2
event 15
11903.4 -2940.25 2516.6 12894.2
-7990.94 -2172.64 4401.89 9876.33
-5464.04 -1403.15 4520.87 7230.08 -1 2
2932.06 -2109.06 1069.83 3768.39 1 1
8971.38 -831.195 1446.77 9125.83 -1 1
-2526.9 -769.486 -118.979 2646.25 1 2
event 16
2005.37 4911.02 16604.4 17704.2
5273.99 -13178.2 -55717 57580
-118.652 3596.75 10799.5 11383.8 -1 1
2124.02 1314.27 5804.88 6320.33 1 1
2258.46 -9455.05 -36098.7 37384.8 1 2
3015.53 -3723.15 -19618.4 20195.2 -1 2
event 17
-11261 -756.481 -6441.62 13359.2
-6289.03 -199.009 23479.4 24504.4
-5733.16 937.314 -4145.4 7137.45 1 1
-5527.89 -1693.8 -2296.23 6221.76 -1 1
-3417.95 -949.493 8136.98 8877.25 -1 2
-2871.07 750.484 15342.4 15627.1 1 2
event 18
-3234.91 -8628.36 -18340.7 20757.8
-5841.46 -3923.21 -461.022 7701.9
-3886.42 -2601.13 1181.38 4824.62 -1 2
-1378.2 -3409.29 -10736 11348.8 -1 1
-1856.71 -5219.07 -7604.67 9408.94 1 1
-1955.05 -1322.08 -1642.4 2877.28 1 2
event 19
-379.417 8576.22 9114.02 12897.7
-3044.63 -4620.53 6457.59 9050.42
1212.91 4703.19 4044.03 6321.12 -1 1
-1592.33 3873.03 5069.99 6576.61 1 1
-3298.99 -2363.89 3921.22 5644.33 -1 2
254.358 -2256.64 2536.38 3406.1 1 2
event 20
2223.67 4960.16 -2809.51 6858.04
-4252.65 -7874.18 -3823.95 10212.8
2410.01 2619.41 -2762.75 4507.05 1 1
-186.345 2340.75 -46.7545 2350.99 -1 1
-2069.75 -4288.97 -373.426 4778.05 -1 2
-2182.9 -3585.21 -3450.52 5434.71 1 2
event 21
20259 -1800.88 13331.8 24515.2
4751.11 -4071.37 2748.34 7502.81
11926 -439.472 6128.53 13416.1 -1 1
8332.98 -1361.41 7203.29 11099.1 1 1
2392.13 -3081.83 226.781 3909.29 -1 2
2358.97 -989.539 2521.55 3593.51 1 2
event 22
1998.23 7648.05 -12479.6 15093.6
6924.39 6864.15 -41666.6 42904.1
2120 3759.38 -13934.9 14588.3 1 2
1551.87 2079.78 -5999.06 6537.1 -1 1
4804.39 3104.78 -27731.7 28315.8 -1 2
446.352 5568.27 -6480.52 8556.47 1 1
event 23
7423.51 -9840.87 59912.3 61245.6
-4500.05 6140.13 -23367.5 24770.6
-2980.16 4087.27 -10547.6 11698.3 -1 2
1937.75 -4059.8 16234.9 16846.9 1 1
5485.76 -5781.06 43677.4 44398.7 -1 1
-1519.89 2052.86 -12819.9 13072.4 1 2
event 24
-4832.15 41.7104 5438.64 7906.92
-14844.3 -11596.2 -20464.5 27985.9
-2823.23 -1290.04 4113.72 5154.48 1 1
-2008.93 1331.75 1324.92 2752.44 -1 1
-9705.59 -8868.62 -15601.5 20402.6 1 2
-5138.67 -2727.63 -4863.01 7583.26 -1 2
event 25
4423.63 -5725.06 -601.776 7892.9
-3675.05 7182.27 -23649.1 25178.6
-3751.26 4233.21 -14471.1 15537.6 1 2
3027.8 -1633.82 366.991 3461.62 1 1
76.2029 2949.06 -9178.03 9641.07 -1 2
1395.83 -4091.24 -968.767 4431.28 -1 1
event 26
-7932.21 -2498.74 -12496.6 15327
15507.6 -403.321 13777.6 20977.7
12431.9 487.465 12124.3 17372.4 1 2
-4083.4 -287.685 -3916.7 5666.44 -1 1
3075.75 -890.787 1653.31 3605.32 -1 2
-3848.82 -2211.05 -8579.86 9660.6 1 1
event 27
7875.71 8658.84 -60694.2 61890.1
4983.5 2229.33 1027.18 6360.2
2865.69 2637.76 1454.46 4158.92 1 2
4517.48 3149.71 -32794.3 33253.7 1 1
2117.81 -408.427 -427.275 2201.29 -1 2
3358.24 5509.13 -27899.9 28636.4 -1 1
event 28
2573.53 4340.3 1899.63 6217.78
-7475.47 -3770.23 21205 23007.5
129.605 2999.57 344.16 3023.88 -1 1
2443.93 1340.74 1555.47 3193.9 1 1
-3250.64 -2998.01 8284.35 9391.29 -1 2
-4224.83 -772.217 12920.7 13616.2 1 2
event 29
-9875.13 3355.86 -26669.8 28803.6
6146.16 4122.73 -10590.5 13286.1
2796.21 2685.78 -3137.15 4988.49 1 2
-4194.75 421.027 -13844.8 14472.8 -1 1
3349.95 1436.95 -7453.31 8297.59 -1 2
-5680.38 2934.83 -12825 14330.8 1 1
event 30
-2456.03 -5070.36 14002.9 15408.2
4161.91 -5922.51 231.581 7876.72
855.377 -2951.49 1243.25 3316.6 1 2
-1989.76 -853.378 5281.69 5709.19 -1 1
3306.53 -2971.01 -1011.67 4560.12 -1 2
-466.266 -4216.98 8721.21 9699.02 1 1
event 31
-8221.82 -494.28 -17341.1 19446
-8002.15 2392.39 -2604.29 9280.68
-4676 2758.29 -834.19 5493.65 1 2
-3290.71 1046.04 -5109.27 6167.56 1 1
-3326.15 -365.902 -1770.1 3787.03 -1 2
-4931.12 -1540.32 -12231.8 13278.4 -1 1
event 32
-4600.23 4081.5 9831.74 12003.1
6089.79 -3179.14 -223.965 7538.83
1918.71 -2421.67 764.418 3184.56 -1 2
-938.146 1768.6 5594.81 5943.16 1 1
-3662.08 2312.9 4236.93 6059.96 -1 1
4171.07 -757.465 -988.383 4354.27 1 2
event 33
-4036.53 -12387 20303.8 24322.1
26.0846 9366.03 -1270.67 9946.31
1506.65 3523.72 -615.951 3882.93 -1 2
-101.816 -2534.57 2305.1 3429.15 -1 1
-3934.72 -9852.4 17998.7 20893 1 1
-1480.57 5842.32 -654.718 6063.38 1 2
event 34
66.6383 -7360.87 -5625.65 9768.61
9823.28 37.2682 -48179.4 49268.1
-392.92 -3907.66 -1145.35 4092.33 1 1
459.558 -3453.21 -4480.3 5676.28 -1 1
5180.05 1446.83 -22509.5 23143.4 1 2
4643.23 -1409.56 -25669.8 26124.7 -1 2
event 35
-2286.99 -6110.21 -35580.6 36306.1
-4324.65 -9455.31 -27733.7 29780.1
-81.8765 -4468.53 -21883.3 22335.3 -1 1
-2205.11 -1641.68 -13697.3 13970.8 1 1
-2259.52 -4800.62 -18365.2 19116.6 -1 2
-2065.13 -4654.69 -9368.54 10663.6 1 2
event 36
-4773.39 5203.25 22044 23353.5
9300.26 8249.25 -47.2403 12811.7
2409.98 4079.82 -342.7 4752 1 2
-2212.92 844.83 4385.07 4985.05 -1 1
6890.28 4169.43 295.46 8059.69 -1 2
-2560.47 4358.42 17658.9 18368.5 1 1
event 37
3642.85 4310.92 -3163.82 7173.2
15556.1 0.89393 -18101.9 24150.7
2922.16 1733.62 -2924.59 4484.29 1 1
720.694 2577.3 -239.233 2688.92 -1 1
8607.43 -75.9921 -7202.58 11224.2 -1 2
6948.63 76.886 -10899.3 12926.6 1 2
event 38
-6080.19 7567.96 -53886.8 54841.8
3402.02 4072.37 2039.86 6473.83
-2201.24 5180.02 -28991.1 29532.6 1 1
-3878.95 2387.94 -24895.7 25309.2 -1 1
971.181 3335.45 526.526 3515.23 -1 2
2430.84 736.92 1513.33 2958.61 1 2
event 39
3816.05 2969.88 24308.9 24977.9
4255.69 -11924.9 1713.39 13147.1
1590.43 3096.95 13600.4 14039.3 -1 1
2225.62 -127.067 10708.5 10938.6 1 1
1124.53 -6384.52 -243.424 6488.22 -1 2
3131.16 -5540.43 1956.82 6658.89 1 2
event 40
9152.85 -196.724 26684.2 28380.5
1725.49 3890.22 23183.7 23773.7
2461.1 1834.49 14094.8 14425.6 1 2
4476.85 -1583.86 14390.3 15154 1 1
-735.605 2055.73 9088.94 9348.11 -1 2
4676 1387.13 12293.9 13226.5 -1 1
event 41
10071.4 1912.34 17025.6 20113.4
-1881.63 5328.06 -4001.09 7584.73
6046.43 283.342 12210.3 13628.8 1 1
4024.93 1628.99 4815.23 6484.7 -1 1
36.9616 3862.35 -1612.87 4187.08 -1 2
-1918.6 1465.71 -2388.22 3397.66 1 2
event 42
6004.74 14192.1 -64570.3 66455.9
7186.7 4413.11 -11956.8 14955.9
5988.14 2777.64 -10685.3 12560.3 -1 2
824.907 5356.76 -25060.3 25639.9 -1 1
5179.83 8835.34 -39510 40816 1 1
1198.55 1635.47 -1271.41 2395.61 1 2
event 43
-2084.11 -6521.01 -8432.38 11294.4
5289.07 -5811.81 -17721 19631
3320.38 -1409.24 -7028.64 7900.87 1 2
374.777 -3312.45 -4886.15 5915.94 -1 1
1968.7 -4402.57 -10692.4 11730.1 -1 2
-2458.88 -3208.56 -3546.23 5378.46 1 1
event 44
4063.66 11204.9 3752.01 12873.6
7610.04 2761.74 -1463.27 8790.46
2803.63 7441.53 3987.62 8896.58 -1 1
1260.03 3763.32 -235.613 3977.05 1 1
2376.96 821.318 -1954.26 3186.66 -1 2
5233.08 1940.42 490.982 5603.8 1 2
event 45
5908.93 8072.65 4361.94 11344.7
956.929 8795.7 13316.6 16285
-1128.36 3090.06 4382.88 5481.1 -1 2
1658.88 1776.73 -268.476 2447.84 -1 1
4250.04 6295.92 4630.41 8896.82 1 1
2085.29 5705.65 8933.69 10803.9 1 2
event 46
-14652.5 12576.8 -67747.1 70541.7
3271.39 2797.18 -7378.5 9086.23
-8924.64 7371.12 -33938.9 35858.7 1 1
-5727.84 5205.65 -33808.2 34683 -1 1
3010.27 677.798 -3580.73 4728 -1 2
261.119 2119.39 -3797.77 4358.23 1 2
event 47
-7758.05 4326.19 -27369.5 28941
-5137.18 -1476.58 -25866.2 26593.6
-3322.38 633.967 -14858.6 15239.1 1 2
-4215.94 837.796 -15154.8 15752.9 1 1
-1814.8 -2110.55 -11007.6 11354.6 -1 2
-3542.11 3488.4 -12214.7 13188.1 -1 1
event 48
5653.82 -6859.28 -23619.7 25426.3
-1575.89 -5825.59 3974.95 7862.05
2379.5 -4152.29 -8903.28 10108.6 -1 1
3274.32 -2706.98 -14716.4 15317.7 1 1
-1199.45 -2830.66 3725.62 4831.43 -1 2
-376.441 -2994.94 249.331 3030.62 1 2
event 49
5283.29 7473.42 2478.18 9974.83
-5023.33 -266.229 1614.71 6124.02
1789.58 4634.33 2280.81 5467.43 -1 1
3493.71 2839.1 197.378 4507.4 1 1
-2780.94 1230.02 1574.49 3425.9 -1 2
-2242.39 -1496.25 40.2244 2698.12 1 2
event 50
-10015.1 1125.69 2286.15 10788.3
-7218.75 2710.35 -1783.05 8498.65
-3776.17 345.055 346.319 3809.15 -1 2
-3252.58 64.2258 2223.42 3941.85 1 1
-6762.54 1061.46 62.7266 6846.44 -1 1
-3442.58 2365.3 -2129.37 4689.5 1 2
event 51
-1635.12 -6009.58 -16144.8 17579.3
20608.2 -14185.4 34806.5 42976.9
-1962.77 -3592.35 -6957.27 8072.93 1 1
327.642 -2417.23 -9187.51 9506.41 -1 1
10322.4 -8427.5 20321.8 24301.5 -1 2
10285.8 -5757.88 14484.7 18675.4 1 2
event 52
-7177.43 -2667.43 -37655.1 38602.1
6585.83 5958.1 6576.35 11476.6
2702.47 3444.21 1551.88 4646.01 -1 2
-1631.79 -1219.11 -4315.02 4772.79 1 1
-5545.64 -1448.32 -33340.1 33829.3 -1 1
3883.35 2513.89 5024.47 6830.56 1 2
event 53
-9785.66 1195.1 8871.09 13618.9
4554.38 -4685.67 17055.1 18524.8
2477.92 -3569.21 14031.2 14688.9 -1 2
-4096.62 -949.074 3001.54 5167.53 -1 1
-5689.04 2144.17 5869.56 8451.36 1 1
2076.46 -1116.46 3023.99 3835.86 1 2
event 54
367.257 11390.4 56354.5 57578.7
-4998.62 -1933.68 -6279.23 8817.3
-166.289 6789.71 40325.6 40893.7 1 1
533.547 4600.66 16028.9 16685 -1 1
-2618.94 -2592.1 -3311.46 4955.27 -1 2
-2379.69 658.42 -2967.77 3862.03 1 2
event 55
9188.38 -3668.39 14761.4 18038.1
-2532.99 -4458.6 25918.3 26601.6
-321.055 -3537.41 13963.7 14408.7 1 2
3483.68 -2990.53 5894.48 7472.3 -1 1
-2211.94 -921.191 11954.6 12192.8 -1 2
5704.7 -677.861 8866.95 10565.8 1 1
