event 0
6029.5 -1026.04 294.568 6862.18
-3738.17 -5365.17 9895 12258.1
-2753.78 -1389.17 4985.78 5863.64 -1 2
1922.2 -1766.48 584.323 2677.29 -1 1
4107.3 740.437 -289.755 4184.89 1 1
-984.383 -3976 4909.22 6394.47 1 2
event 1
-9093.99 -5089.31 -25007.9 27268.8
11783.6 -4898.38 -7408.73 15077.2
8816.18 -3419.56 -6933.61 11726.2 1 2
-3381.4 -1479.08 -12717.9 13243 1 1
2967.38 -1478.82 -475.123 3350.99 -1 2
-5712.59 -3610.23 -12290.1 14025.8 -1 1
event 2
-7148.22 -3120.11 -34.6393 8391.91
9425.16 -5320.05 3451.4 11774.5
3391.81 -306.853 1206.79 3614.7 -1 2
-2444.71 -1816.31 1326.63 3323.66 1 1
6033.34 -5013.2 2244.6 8159.83 1 2
-4703.51 -1303.8 -1361.27 5068.25 -1 1
event 3
-7698.9 -2726.02 -4664.37 9902.1
-6225.54 -6475.78 34966.7 36234.7
-3659.88 -2319.57 12125.7 12877.1 -1 2
-4262.58 -10.6393 -3009.53 5219.02 -1 1
-2565.66 -4156.21 22841 23357.6 1 2
-3436.33 -2715.38 -1654.84 4683.09 1 1
event 4
7512.75 -10799 4451.06 14228.9
5989.46 2848.14 -3054 7931.15
3929.23 -6839.31 1209.02 7980.47 -1 1
3583.53 -3959.72 3242.03 6248.44 1 1
3595.51 1737.12 -3427.6 5263.55 -1 2
2393.94 1111.02 373.604 2667.6 1 2
event 5
7336.32 1796.95 2379.9 8735.24
6480.89 3350.25 -5647.16 9731.76
5038.45 -594.114 1206.16 5215.83 1 1
2297.87 2391.06 1173.74 3519.41 -1 1
2200.47 1844.69 -583.997 2932.09 -1 2
4280.42 1505.57 -5063.16 6799.67 1 2
event 6
-1353.17 -8998.13 -18287.4 20659.5
5559.84 3726.61 -8446.57 11213.1
1541.89 2876.89 -3834.61 5036.79 -1 2
-1003.73 -1746.83 -6591.56 6893.38 1 1
-349.446 -7251.31 -11695.8 13766.1 -1 1
4017.95 849.717 -4611.96 6176.35 1 2
