event 0
8354.89 3320.95 -21859.4 23838.1
-3335.19 -5923.17 -27836.8 28821.7
5584.57 1875.61 -10328.8 11891.2 1 1
2770.32 1445.34 -11530.6 11947 -1 1
-2415.74 -1778.78 -8233.37 8763.53 -1 2
-919.442 -4144.39 -19603.5 20058.1 1 2
event 1
4283.6 1727.97 469.647 5580.91
2105.46 9220.95 -42110.9 43271
3402.85 -222.572 420.503 3437.57 1 1
880.746 1950.54 49.144 2143.34 -1 1
-356.365 5325.19 -21928.7 22569.1 -1 2
2461.82 3895.76 -20182.2 20702 1 2
event 2
4426.38 -4500.04 16722.6 18140.6
6169.1 -14468.5 -2639.07 16246.6
2045.9 -2474.85 4532.1 5555.33 1 1
2380.47 -2025.19 12190.5 12585.2 -1 1
5362.32 -10128.6 -2903.64 11823 -1 2
806.782 -4339.98 264.57 4423.52 1 2
event 3
6004.42 -2046.15 24432.7 25432.1
-6805.03 -1122.16 -26726.7 27775.4
-2444.13 -1824.02 -13083.5 13434.6 1 2
2685.05 661.163 9036.76 9450.97 1 1
-4360.9 701.866 -13643.2 14340.8 -1 2
3319.37 -2707.32 15396 15981.1 -1 1
event 4
-5236.05 -5844.21 -8704.03 12121.2
21233.9 1438.21 -111164 113225
18301.4 2275.68 -93989.5 95781.9 1 2
-1638.66 -3230.86 -2193.11 4236.11 1 1
2932.48 -837.468 -17174 17443 -1 2
-3597.39 -2613.34 -6510.93 7885.06 -1 1
event 5
12145.7 -1933.86 -4208.18 13362.5
-2221.13 -11724.5 15602.4 19885.2
5962.99 -2199.35 -1153 6460.26 1 1
6182.67 265.49 -3055.18 6902.26 -1 1
-2490.08 -7067.62 7972.79 10942 -1 2
268.944 -4656.85 7629.57 8943.16 1 2
event 6
-4517.76 9942.22 -59631.5 60702.3
-5729.79 -9879.83 32485.6 34573.7
-2029.12 7615.25 -44385.7 45080 1 1
-2488.64 2326.97 -15245.8 15622.3 -1 1
-3829.04 -7427.11 19371.3 21097 -1 2
-1900.75 -2452.72 13114.2 13476.8 1 2
