event 0
3128.01 -7763.98 -15851.3 18191.2
-7582.71 3790.22 27150 28610.8
1036.07 -4913.86 -11729.6 12759.9 -1 1
2091.94 -2850.12 -4121.71 5431.3 1 1
-6230.1 1876.3 22180.2 23115.1 -1 2
-1352.61 1913.93 4969.8 5495.71 1 2
event 1
4913.25 5979.08 -12713.2 15202.2
-1077.95 -8485.01 3835.82 9872.29
13.6762 -6411.61 1550.11 6597.2 1 2
1847.18 2695.05 -8224.55 8850.41 1 1
-1091.63 -2073.4 2285.71 3275.1 -1 2
3066.07 3284.03 -4488.65 6351.75 -1 1
event 2
8522.64 -4340.18 5587.09 11501.3
-1056.33 -5719.52 5870.41 8825.02
747.769 -4066.13 3839.03 5642.86 -1 2
4021.84 -786.259 3523.78 5405.7 -1 1
4500.8 -3553.92 2063.31 6095.57 1 1
-1804.1 -1653.39 2031.37 3182.15 1 2
event 3
-5742.65 3008.35 7182.33 10159
5943.2 -16743.4 -7004.47 19347.3
1360.8 -3925.74 -3102.43 5186.47 1 2
-1031.75 1879.24 1195.31 2456.82 1 1
4582.41 -12817.7 -3902.04 14160.8 -1 2
-4710.9 1129.11 5987.02 7702.14 -1 1
event 4
1779.05 5679.73 25050 25933
-6254.48 -6867.43 4185.12 10648.3
46.9033 3819.82 18811.6 19195.8 -1 1
1732.15 1859.91 6238.43 6737.12 1 1
-4014.35 -2689.59 3224.93 5810.35 1 2
-2240.13 -4177.84 960.189 4837.94 -1 2
event 5
2156.19 11891.4 -19464.9 23119.9
6281.6 -1259.04 1601.83 7293.84
4023.38 743.968 1015.87 4217.13 1 2
-568.001 4374.08 -5802.26 7289.21 -1 1
2258.22 -2003 585.964 3076.7 -1 2
2724.2 7517.33 -13662.7 15830.7 1 1
event 6
6555.43 2714.11 -577.057 7762.99
3817.88 10394.9 -7800.77 13895.1
4231.85 88.8978 -315.031 4245.8 -1 1
2323.59 2625.21 -262.027 3517.19 1 1
2995.62 4808.41 -5147.42 7655.17 -1 2
822.261 5586.48 -2653.35 6239.9 1 2
event 7
4818.02 -10223.3 -7433.5 13877.2
-5635.8 -300.948 -9086.22 11135.7
4454.45 -5978.53 -4672.01 8799.07 1 1
363.574 -4244.8 -2761.49 5078.14 -1 1
-1365.05 -1469.65 -2867.61 3501.09 -1 2
-4270.75 1168.7 -6218.61 7634.62 1 2
