event 0
-8430.27 7414.37 6379.16 13278.9
-5710.77 -2063.5 -1824.35 7056.22
-3570.72 67.5191 -94.4882 3574.17 1 2
-4139.48 1807.09 3190.1 5530.71 -1 1
-2140.05 -2131.02 -1729.87 3482.05 -1 2
-4290.8 5607.28 3189.06 7748.15 1 1
event 1
1600.15 10780.2 6083.22 12859.6
-555.203 7647.31 -24609.2 25961.3
-1763.46 3153.73 -10791.7 11381 -1 2
-864.861 3233.79 2314.61 4071.12 -1 1
2465.01 7546.37 3768.61 8788.49 1 1
1208.25 4493.59 -13817.5 14580.3 1 2
event 2
-4288.06 502.592 -3239.38 6222.9
-11761.8 -6939.54 3623.24 14464.3
-3044.05 -1080.52 -1512.54 3568.29 -1 1
-1244.01 1583.11 -1726.84 2654.61 1 1
-8402.85 -3286.7 2003.56 9243.15 1 2
-3358.92 -3652.84 1619.68 5221.12 -1 2
event 3
6580.26 4681.15 -3152.7 9205.62
-5028.46 3951.23 5256.85 8838.7
3675 1857.27 -80.3075 4119.79 1 1
2905.26 2823.89 -3072.39 5085.83 -1 1
-3864.64 2080.28 1815.01 4750.62 -1 2
-1163.83 1870.95 3441.84 4088.08 1 2
event 4
-4530.02 -4282.46 26441.9 27342.7
9017.91 2676.67 -25365.9 27230.6
-2599.71 -3675.55 22061.4 22516.3 1 1
-1930.31 -606.919 4380.49 4826.42 -1 1
4422.21 2586.81 -10755 11913.4 1 2
4595.7 89.8592 -14610.9 15317.2 -1 2
event 5
-4119.18 -5222.57 8672.08 11359.5
4789.76 -7320.46 11409.6 14707.1
1241.99 -3380.34 6734.11 7637.32 1 2
-982.987 -1802.26 770.168 2195.16 1 1
3547.77 -3940.12 4675.46 7069.81 -1 2
-3136.19 -3420.31 7901.91 9164.37 -1 1
event 6
-643.982 9389.94 26901.5 28668.3
-3915.03 4978.75 23750.4 24774.8
-1229.29 5449.51 19204.2 20000.5 1 1
585.313 3940.43 7697.33 8667.73 -1 1
-279.98 2156.14 11132.5 11343.3 -1 2
-3635.05 2822.61 12617.9 13431.5 1 2
event 7
-3823.96 -7099.86 9774.38 13044.6
1135.49 -8443.13 5245.19 10472.8
-3188.81 -3199.54 6473.82 7894.75 1 1
-635.149 -3900.32 3300.56 5149.83 -1 1
1787.43 -5407.25 4547.17 7288.43 -1 2
-651.938 -3035.88 698.019 3184.34 1 2
event 8
9818.92 -1391.32 34639.6 36164
-5206.05 685.258 2664.9 6653.1
-2768.13 1448.77 250.01 3136.1 1 2
4599.87 -421.174 21527.9 22018.2 -1 1
-2437.93 -763.51 2414.89 3517 -1 2
5219.06 -970.148 13111.6 14145.9 1 1
event 9
-4471.21 3626.1 9804.75 11783.9
6560.66 -3084.37 736.649 7917.63
2279.73 -2589.93 1014.64 3597.99 -1 2
-2178.9 -73.5553 3214.89 3885.83 1 1
-2292.32 3699.65 6589.86 7898.07 -1 1
4280.93 -494.441 -277.987 4319.64 1 2
event 10
-15468.4 1705.73 -833.128 15889.2
3612.81 -6381.56 1102.61 8036.38
-11784.1 -34.9949 -420.159 11792.1 1 1
-3684.34 1740.72 -412.968 4097.09 -1 1
-36.8142 -2920.26 243.809 2932.55 -1 2
3649.62 -3461.31 858.801 5103.83 1 2
event 11
-5411.74 3311.32 3296.97 7791.82
-4450.68 5609.21 -1839.94 8015.51
-3177.84 1534.38 -886.592 3640.09 -1 2
-1706.99 1206.53 2807.16 3501.55 1 1
-1272.83 4074.83 -953.352 4375.43 1 2
-3704.75 2104.79 489.813 4290.27 -1 1
