event 0
6641.43 -1386.7 -8764.27 11508
-6999.09 -2746.65 -30819.8 31874.4
-2947.6 -2422 -11038.3 11679.4 1 2
2992.45 911.706 -4038.65 5109.58 -1 1
3648.98 -2298.41 -4725.61 6398.46 1 1
-4051.49 -324.657 -19781.5 20195 -1 2
event 1
958.915 -10517.6 -2601.86 11309.3
3959.69 6084.52 3480.36 8625.9
754.461 3689.48 2446.25 4491.86 1 2
-917.394 -2934.38 -4.60009 3076.26 1 1
1876.31 -7583.26 -2597.26 8233.06 -1 1
3205.23 2395.03 1034.11 4134.04 -1 2
event 2
592.109 -8764.3 -10899.2 14336.9
-1672.27 -10220.2 5296.24 12037
346.062 -5210.11 1498.69 5433.43 1 2
-352.203 -3349.79 -2128.52 3985.84 1 1
944.312 -5414.51 -8770.71 10351.1 -1 1
-2018.33 -5010.05 3797.55 6603.54 -1 2
event 3
6520.57 -4530.17 -3364.64 9162.53
7454.4 -4702.85 -8224.17 12446.4
2609.16 -3684.81 -1662.22 4812.45 1 1
3911.42 -845.356 -1702.42 4350.08 -1 1
4207.36 -4224.19 -6128.9 8551.04 -1 2
3247.04 -478.668 -2095.27 3895.34 1 2
event 4
-3515.88 10026.8 8676.55 14063.1
279.211 7866.24 4215.83 9450.95
-1390.51 2967.87 1761.64 3722.41 -1 2
271.237 2824.27 1491.99 3207.37 1 1
-3787.12 7202.5 7184.56 10855.8 -1 1
1669.72 4898.36 2454.18 5728.54 1 2
