event 0
25828.1 -13476.7 35252.2 45836.9
-6621.6 4952.96 1796.11 9010.8
-4539.01 4177.28 2529.8 6668.09 1 2
7817.17 -4535.57 8854.79 12653 -1 1
-2082.59 775.672 -733.689 2342.71 -1 2
18011 -8941.09 26397.4 33183.9 1 1
event 1
-4641.18 3403.34 6002.59 8873.86
-8746.02 -697.054 -35342.8 36547
-4030.92 -892.403 -10977.1 11728.3 -1 2
-516.228 2163.96 2038.82 3019.46 -1 1
-4715.09 195.349 -24365.7 24818.7 1 2
-4124.96 1239.38 3963.77 5854.4 1 1
event 2
5918.98 5573.39 19787.5 21615.6
-261.845 12520.7 -30854.8 33443.2
846.758 4913.39 -9210.73 10474.1 1 2
1035 2519.02 8753.64 9168.1 1 1
-1108.6 7607.32 -21644.1 22969.1 -1 2
4883.98 3054.37 11033.9 12447.5 -1 1
event 3
4397.53 -5768.5 -17333.4 19043.4
7111.35 -2394.06 -42093 42868.5
2878.45 -2577.8 -18831.5 19224.1 1 2
3075.93 -1791.18 -6245.64 7189.5 -1 1
4232.89 183.742 -23261.5 23644.4 -1 2
1321.6 -3977.32 -11087.8 11853.9 1 1
event 4
11332.9 -3898.44 -3848.41 12962.8
-6595.9 3378.75 18213.4 19905.8
7676.63 -1549.57 -3568.35 8606.75 -1 1
3656.31 -2348.86 -280.055 4356.07 1 1
-1775.32 2230.42 9033.66 9473.36 -1 2
-4820.58 1148.33 9179.79 10432.5 1 2
event 5
1718.03 -10370.9 30299.5 32220.5
-15.0695 -5685.54 2048.48 6790.75
1031.91 -5767.97 21257.9 22051 1 1
686.128 -4602.96 9041.54 10169.5 -1 1
910.96 -3743.59 2494.43 4591.04 -1 2
-926.03 -1941.95 -445.949 2199.72 1 2
