event 0
1763.86 -7630.04 -14708.1 16948.5
-8144.88 8601.73 20509.6 23970
1380.48 -4078.11 -4976.87 6581.57 1 1
383.379 -3551.93 -9731.28 10366.9 -1 1
-6400.88 4169.61 12857.6 14956.1 -1 2
-1744 4432.12 7652.03 9013.87 1 2
event 1
-8734.89 -2460.8 -21068.6 23148
-9358.82 -3425.71 -13409.2 16991.8
-3856.18 -1047.23 -3070.62 5040.51 1 2
-1600.28 -1786.19 -4644.66 5228.32 1 1
-7134.62 -674.609 -16423.9 17919.7 -1 1
-5502.64 -2378.48 -10338.6 11951.3 -1 2
event 2
-1980.13 -4558.63 19262.8 20133.2
23070.5 168.326 -16320.9 28429.6
-2102.89 -2548.54 15653.8 15999.1 1 1
122.759 -2010.09 3608.93 4134.14 -1 1
14550.7 1302.04 -11350.7 18500.5 1 2
8519.75 -1133.71 -4970.27 9929.05 -1 2
event 3
-4430.53 -6554.86 -27947.5 29210.4
-4339.54 -6803.07 -29401.6 30645.6
-3006.04 -2342.63 -10250.1 10936.2 1 2
-2306.32 -2206.38 -6751.25 7468.45 -1 1
-2124.22 -4348.48 -21196.2 21742 1 1
-1333.49 -4460.44 -19151.4 19709.4 -1 2
event 4
-1664.63 4720.07 -44.6702 5885.82
11204.2 310.533 -45124.3 46598.5
106.367 3700.7 574.533 3748.04 1 1
-1771 1019.37 -619.204 2137.79 -1 1
5726.09 1697.28 -23738.7 24478.7 -1 2
5478.12 -1386.75 -21385.5 22119.8 1 2
event 5
13916.4 -12154 -39379.4 43608.7
-4568.5 -3580.34 -941.759 6645.89
-3426.46 -1790.99 -1906.16 4311.95 1 2
4655.22 -5983.81 -17036.4 18647.5 -1 1
-1142.03 -1789.35 964.405 2333.93 -1 2
9261.15 -6170.23 -22343 24961.2 1 1
event 6
3177.75 -4287.17 16180.4 17316.9
-2756.71 -9387.51 -14667.9 17901.5
2733.92 -2072.27 12782.5 13235.2 1 1
443.828 -2214.9 3397.96 4081.68 -1 1
-2918.23 -5217.91 -7330.72 9460.09 1 2
161.525 -4169.6 -7337.19 8441.4 -1 2
event 7
-2121.21 -9651.32 27562.5 29443.6
-10053.1 -7503.17 61786.7 63123.3
-6981.61 -6396.46 50182.3 51067.9 1 2
475.043 -3372.34 6956.96 7746.54 -1 1
-3071.47 -1106.71 11604.5 12055.4 -1 2
-2596.25 -6278.98 20605.5 21697.1 1 1
event 8
7473.68 -7234.35 -1533.02 10960.5
8354.23 6754.19 -16549.9 19972.5
3391.03 960.947 -5866.28 6844.48 -1 2
2159.66 -1355.91 -1641.9 3034.74 -1 1
5314.02 -5878.44 108.885 7925.77 1 1
4963.2 5793.25 -10683.6 13128 1 2
event 9
-7309.39 -5001.17 16759.6 19207.1
4046.71 -7093.24 -21017.1 22759.6
-3679.44 -3888 7650.8 9338.13 1 1
-3629.95 -1113.18 9108.76 9868.96 -1 1
861.303 -3216.11 -5293.61 6254.49 -1 2
3185.4 -3877.13 -15723.5 16505.1 1 2
event 10
2661.86 -4733.36 2160.86 6614.2
-48882.9 -33861.4 38692 71012.6
2772.45 -2001.05 1764.5 3849.07 1 1
-110.586 -2732.31 396.351 2765.14 -1 1
-31308.2 -23469.9 25375 46636.3 -1 2
-17574.7 -10391.5 13317 24376.4 1 2
event 11
5622.08 571.349 4460.5 7837.17
-4251.72 -6938.19 36765.9 37782.8
3359.58 684.461 785.873 3519.09 1 1
2262.5 -113.113 3674.63 4318.08 -1 1
-1329.2 -3958.95 13052.6 13704.8 1 2
-2922.53 -2979.25 23713.2 24077.9 -1 2
event 12
988.943 -12967.3 13117.5 18729.3
-4631.9 862.333 23216.7 23891.5
-2360.3 1993.39 13339.5 13693 1 2
-1050.24 -6432.07 6617.93 9288.84 -1 1
-2271.6 -1131.06 9877.18 10198.5 -1 2
2039.18 -6535.21 6499.58 9440.49 1 1
event 13
-5448.38 1620.83 19751.1 20784.8
12897.4 -7693.91 -9268.12 17917.2
-3258.33 463.752 6315.29 7122.2 1 1
-2190.05 1157.08 13435.8 13662.6 -1 1
8469.95 -5211.15 -7779.21 12626.3 1 2
4427.41 -2482.76 -1488.91 5290.94 -1 2
event 14
10483 -1437.73 27772.8 29881.1
-10738.9 8803.3 -30240 33479.3
-8845.07 5111.62 -21564.8 23862.4 1 2
4156.18 -1003.05 7436.06 8578.24 -1 1
-1893.84 3691.68 -8675.22 9616.95 -1 2
6326.82 -434.677 20336.7 21302.9 1 1
event 15
-5944.48 3392.53 -16605.8 18226.1
-1005.92 -8583.43 -6457.68 11223.9
-764.094 -2919.17 -4078.79 5074.75 1 2
-2466.49 -98.4372 -7113.78 7530.63 -1 1
-241.824 -5664.26 -2378.89 6149.2 -1 2
-3477.98 3490.97 -9492.04 10695.5 1 1
event 16
3751.49 5683.39 1749.18 7682.79
-11246.9 -3312.82 31657.6 33900.7
-2814.3 -2266.16 10206.9 10828.1 -1 2
327.26 2940.64 5.87476 2960.68 -1 1
-8432.62 -1046.66 21450.6 23072.6 1 2
3424.23 2742.75 1743.31 4722.11 1 1
event 17
9589.72 -3960.58 -15720.8 19088.8
2905.83 3845.73 -24113.1 24784.4
510.892 3064.64 -15555.4 15863 1 2
3613.76 -2362.8 -4269.12 6072.78 1 1
2394.94 781.082 -8557.67 8921.36 -1 2
5975.96 -1597.78 -11451.7 13016 -1 1
event 18
2985.92 12842.5 -49788.4 51597.7
6007.05 -907.367 1351.49 6951.62
3527.86 -914.39 2282.24 4301.36 1 2
2756.92 5538.82 -25002.5 25756.9 1 1
2479.19 7.02284 -930.751 2650.26 -1 2
229.002 7303.71 -24785.9 25840.8 -1 1
event 19
-8046.44 1594.8 -13498.7 16096.4
6257.79 9005.51 10857.6 15739.8
3799.94 7409.45 6904.71 10817.8 1 2
-3038.36 -856.611 -5562.07 6396.34 1 1
2457.85 1596.05 3952.93 4921.92 -1 2
-5008.08 2451.41 -7936.62 9700.07 -1 1
event 20
-8298.58 -15640.4 75900.3 77999.6
-3722.07 -2949.02 15911.6 16891.4
-4441.51 -10799.8 53499.3 54759 -1 1
-3857.06 -4840.57 22401 23240.5 1 1
-3162.19 -577.311 8457.75 9048.62 -1 2
-559.879 -2371.71 7453.84 7842.79 1 2
event 21
2134.55 -5349.64 -1646.97 6743.76
-3894.83 7494.55 -3794.45 9763.55
-576.965 4259.33 -2395.08 4921.62 1 2
-736.723 -1956.83 -535.397 2160.96 1 1
-3317.87 3235.23 -1399.37 4841.94 -1 2
2871.27 -3392.81 -1111.57 4582.8 -1 1
event 22
7329.83 -2185.07 -30560.9 31655.3
-2173.75 -15254.1 -48310.4 50802.6
-743.171 -12700.3 -37342 39449.8 1 2
2847.7 -1627.38 -18226.1 18519.1 -1 1
-1430.58 -2553.73 -10968.4 11352.8 -1 2
4482.13 -557.692 -12334.8 13136.2 1 1
event 23
-7492.91 -1163.29 -4370.57 9283.85
21906.9 -12939.8 2657.88 25768.3
20504.2 -11254.3 1994.42 23474.9 1 2
-3224.75 -1939.35 -1361.08 4002.97 1 1
1402.73 -1685.51 663.465 2293.45 -1 2
-4268.16 776.061 -3009.49 5280.88 -1 1
event 24
-12267.7 985.74 46431 48134.2
15701.8 -1698.45 -70021.6 71847.3
6307.85 659.191 -30929.1 31572.9 -1 2
-3709.46 262.768 9169.11 9895.09 -1 1
9393.91 -2357.64 -39092.4 40274.5 1 2
-8558.23 722.971 37261.9 38239.1 1 1
event 25
-6847.54 24.3956 -2115.44 7807.38
6920.31 -4419.24 30960.4 32180.1
-3854.51 -1083.64 -52.4819 4005.67 1 1
-2993.04 1108.03 -2062.96 3801.7 -1 1
2928.46 -3411.43 13081.1 13832.6 -1 2
3991.85 -1007.8 17879.3 18347.5 1 2
event 26
5698.51 3315.31 17656.9 19100.3
-5399.76 -9024.88 23647.2 26065
-1456.49 -3938.49 12572.6 13255.7 1 2
1539.42 2622.08 6648.65 7311.69 1 1
-3943.27 -5086.4 11074.6 12809.3 -1 2
4159.09 693.234 11008.3 11788.7 -1 1
event 27
-20589.4 -8874.15 29216.1 36957.4
-8422.71 -2754.18 37149.8 38317.4
-11426.6 -4508.13 18405.4 22128.3 -1 1
-9162.8 -4366.02 10810.7 14829.1 1 1
-4437.34 -1237.89 25462.9 25876.5 -1 2
-3985.37 -1516.29 11686.9 12440.9 1 2
event 28
-3524.24 3764.71 -29551.4 30157.4
-8396.02 -4109.49 -38795.2 40025.5
-947.967 3233.93 -15677.9 16036.4 -1 1
-2576.27 530.775 -13873.5 14121 1 1
-4269.07 -3660.09 -19913 20692 1 2
-4126.95 -449.402 -18882.3 19333.5 -1 2
event 29
1300.97 8679.85 -5042.82 10585.6
8294.98 1254.09 438.761 8953.36
5145.14 -346.556 -775.432 5215.84 1 2
2102.15 3752.68 -2071.73 4775.45 -1 1
3149.84 1600.65 1214.19 3737.51 -1 2
-801.183 4927.17 -2971.09 5810.11 1 1
event 30
4198.01 -7575.45 1426.39 9307.87
-5448.97 -7899.66 -39419.7 40689.1
-3133.82 -6195.27 -23222.1 24237.9 1 2
470.473 -3075.63 1516.74 3463.02 1 1
-2315.15 -1704.38 -16197.7 16451.1 -1 2
3727.54 -4499.82 -90.3481 5844.85 -1 1
event 31
1048.05 9059.04 640.197 9652.23
4290.99 7771.57 7816.69 12227.1
1394.47 4901.96 2997.39 5913.48 -1 2
-1015.06 4021.4 -143.482 4151.36 1 1
2063.11 5037.64 783.679 5500.87 -1 1
2896.52 2869.62 4819.31 6313.59 1 2
event 32
-9255.52 4307.82 -19698.7 22402
-4156.21 -3073.64 3865.43 7159.15
-1797.81 -3187.14 2265.99 4305.33 1 2
-4061.43 1272.22 -11259.1 12037.1 1 1
-2358.4 113.507 1599.44 2853.82 -1 2
-5194.1 3035.6 -8439.63 10364.9 -1 1
event 33
-1970.25 8024.98 32393 33573.5
7850.34 -1148.98 5977.75 10405.4
5838.43 229.77 5255.63 7859.57 1 2
-1962.85 2657.62 15477.3 15826.4 1 1
2011.9 -1378.75 722.122 2545.85 -1 2
-7.40688 5367.36 16915.7 17747.1 -1 1
event 34
-11416.9 5190.28 -38216.1 40340.3
-4500.93 2063.6 -13642.5 14840
-2396.47 2448.42 -6075.83 6976.01 1 2
-5482.44 993.783 -14445.4 15483.1 1 1
-2104.46 -384.826 -7566.66 7863.99 -1 2
-5934.42 4196.5 -23770.7 24857.3 -1 1
event 35
5577.46 -7894.71 -3052.77 10599.1
2946.96 -4588.59 -1616.73 6476.29
3853.45 -3245.74 -627.035 5078.21 1 1
1724.01 -4648.97 -2425.74 5520.91 -1 1
3059.7 -2053.44 -574.423 3730.88 -1 2
-112.736 -2535.15 -1042.3 2745.4 1 2
event 36
-890.125 -8077.3 11859.9 14706.5
2970.98 6099.64 -2489.75 7862.71
829.452 -5616.36 8147.4 9930.9 1 1
-1719.58 -2460.93 3712.48 4775.64 -1 1
-214.318 2715.55 -360.822 2749.82 -1 2
3185.3 3384.1 -2128.93 5112.9 1 2
event 37
3073.66 8834.64 -7736.18 12527.5
15537.8 -721.831 -34920.9 38353.7
3591.77 -1411.85 -7497.09 8432.77 1 2
526.302 2376.84 -477.643 2483.08 1 1
11946.1 690.017 -27423.8 29920.9 -1 2
2547.36 6457.79 -7258.54 10044.4 -1 1
event 38
7508.68 -2953.88 32254.3 33392.1
-2939.73 -6657.06 25277.4 26485.8
-43.7364 -3361.39 8430.69 9076.81 1 2
2441.33 311.128 12412.8 12654.9 -1 1
5067.35 -3265 19841.4 20737.2 1 1
-2896 -3295.67 16846.7 17409 -1 2
event 39
7004.28 1967.33 -11283.3 13778
-9061.03 -5240.67 19812.1 22620.3
-2665.45 -3013.68 5832.35 7086.21 -1 2
2582.08 2314.94 -4877.33 5985.44 -1 1
-6395.58 -2226.99 13979.8 15534.1 1 2
4422.2 -347.609 -6405.98 7792.59 1 1
event 40
4071.17 22187.9 8136 24179.8
3419.9 2355.58 7093.26 9008.4
2878.3 15750.8 7234.56 17570.5 1 1
1192.87 6437.13 901.439 6609.33 -1 1
1281.65 2779.49 5538.33 6328.7 -1 2
2138.25 -423.917 1554.93 2679.7 1 2
event 41
-2847.26 10218.9 5577.76 12378.8
7241.79 577.833 236.018 7900.87
4214.33 -44.5587 1615.19 4514.7 -1 2
463.764 3232.35 2214.17 3946.76 1 1
-3311.02 6986.52 3363.58 8432.03 -1 1
3027.46 622.391 -1379.17 3386.17 1 2
event 42
6838.48 -409.678 11974.1 14138.7
6381.6 5409.1 -3629.08 9630.38
1752.01 2899 -2580.81 4259.75 -1 2
1935.57 -888.585 1640.45 2690.4 1 1
4629.58 2510.1 -1048.27 5370.63 1 2
4902.91 478.907 10333.7 11448.3 -1 1
event 43
684.346 -4606.52 1195.13 5719.03
-13513.7 7086.3 -26017.8 30320.9
-925.152 -3162.92 113.214 3299.08 -1 1
1609.5 -1443.6 1081.91 2419.95 1 1
-7217.29 3223.55 -16281.1 18098.8 1 2
-6296.41 3862.75 -9736.7 12222.1 -1 2
event 44
-1356.89 -6445.02 5529.38 9140.26
5494.16 -5371.83 17212.1 19102.1
1005.92 -2848.77 4916.2 5771.27 1 2
-649.277 -1968.92 115.271 2079.1 -1 1
4488.24 -2523.06 12295.9 13330.8 -1 2
-707.618 -4476.1 5414.1 7061.16 1 1
event 45
-6180.81 -2480.18 3284.2 8290.29
-5703.63 -4465.67 -41234.2 41980.1
-1795.93 -3265.18 -22278.4 22588.2 1 2
-714.043 -1992.54 1024.5 2353.9 1 1
-5466.77 -487.637 2259.69 5936.39 -1 1
-3907.7 -1200.49 -18955.8 19391.9 -1 2
event 46
3925.44 -6878.3 87.7195 8504.05
4326.83 3959.15 -13258 14824.3
1456.66 -5077.3 -743.794 5335.28 1 1
2468.78 -1801 831.514 3168.76 -1 1
657.299 2005.45 -2402.18 3199.3 -1 2
3669.53 1953.7 -10855.8 11625 1 2
event 47
-3567.09 -6154.34 -5086.81 9277.19
424.228 -8850.11 -20691 22720.3
-1646.9 -3397.44 -854.58 3872.51 -1 1
-1920.19 -2756.9 -4232.23 5404.68 1 1
-1064.39 -4783 -8926.46 10183.5 1 2
1488.62 -4067.11 -11764.5 12536.8 -1 2
event 48
-1577.81 9692.55 -39.5423 10297
6116.41 3114.83 9593.19 12195.6
-2409.48 6067.74 -497.384 6548.4 1 1
831.663 3624.81 457.842 3748.56 -1 1
2351.26 -301.648 3870.47 4539.95 -1 2
3765.15 3416.48 5722.72 7655.67 1 2
event 49
-3069.52 -4201.59 -22927.9 23714.1
7867.8 -13493.2 5494.95 16845
-3148.02 -1771.9 -13094.7 13584.2 1 1
78.4994 -2429.69 -9833.25 10129.8 -1 1
4789.36 -10865.5 4123.08 12570.1 1 2
3078.44 -2627.76 1371.87 4274.94 -1 2
event 50
7913.72 72.4959 -2890.18 8976.47
5957.93 -3866.95 10465.9 13022.1
3465.68 -589.94 3727.86 5125.14 -1 2
3198.39 230.836 -2796.9 4256.38 -1 1
4715.32 -158.34 -93.2851 4720.09 1 1
2492.24 -3277.01 6738.02 7896.97 1 2
event 51
5656.59 6617.14 11866.4 15039.5
-8040.53 845.316 24918.9 26380.1
-3507.71 1911.33 11905.2 12557.9 -1 2
2275.96 919.406 4533.08 5156.09 -1 1
3380.64 5697.73 7333.37 9883.43 1 1
-4532.82 -1066.02 13013.7 13822.1 1 2
event 52
-3014.48 -5939.47 39081.4 39765.7
-1230.47 7955.96 6929.28 11064.2
-70.0687 3485.82 4909.49 6022.46 -1 2
238.551 -2609.27 11612.2 11904.6 1 1
-3253.03 -3330.2 27469.2 27861.1 -1 1
-1160.4 4470.15 2019.79 5041.77 1 2
event 53
2379.75 8220.32 44573.4 45493.1
6807.25 10587.4 31849.6 34386.4
784.087 3678.48 10423.5 11081.8 1 2
-474.915 3407.3 14466.2 14870 1 1
6023.16 6908.95 21426.1 23304.6 -1 2
2854.66 4813.02 30107.3 30623.1 -1 1
event 54
5483.02 123.073 -8527.4 10601.2
3771.83 12846.4 21720.1 25702.3
3334.98 1571.74 -4620.78 5912.3 1 1
2148.04 -1448.67 -3906.63 4688.88 -1 1
2420.04 8781.72 17266 19521.8 1 2
1351.79 4064.66 4454.16 6180.57 -1 2
event 55
-3052.22 4945.5 10490.2 12385.9
-2051.74 9447.79 -20015.6 22442.9
-1060.97 4157.9 8155.35 9216 -1 1
-1991.25 787.608 2334.83 3169.85 1 1
-871.619 4824.79 -13525 14386.7 -1 2
-1180.12 4623 -6490.59 8056.29 1 2
event 56
-11709.4 921.122 50978.8 52444.1
-5137.8 4070.26 -23369.4 24468
-2902.04 3150.05 -18961 19439 -1 2
-3491.59 -1014.47 11083.8 11665.5 -1 1
-8217.79 1935.59 39895 40778.7 1 1
-2235.76 920.208 -4408.38 5028.95 1 2
event 57
-7855.43 906.26 -17808.6 19729.8
-7876.13 4827.1 37441.2 38688.1
-2936.34 3608.7 18053 18643.1 1 2
-2447.19 -445.735 -8708.88 9057.77 -1 1
-5408.24 1351.99 -9099.69 10672 1 1
-4939.79 1218.4 19388.3 20045 -1 2
event 58
6372.03 -5729.76 -11377.7 14576.6
6107.65 -3953.21 -3912.52 8822.13
3235.21 -336.065 -2013.93 3827.09 -1 2
1979.83 -1081.11 -5265.96 5729.75 -1 1
4392.19 -4648.65 -6111.76 8846.81 1 1
2872.44 -3617.14 -1898.6 4995.04 1 2
event 59
-14504.4 1686.19 -60819.1 62624.1
12645.5 -4885.13 1140.37 13952.2
6854.26 -4249.34 962.195 8122.48 -1 2
-5961.59 -185.088 -19618.5 20505.4 1 1
-8542.82 1871.28 -41200.7 42118.7 -1 1
5791.29 -635.794 178.179 5829.77 1 2
event 60
-6781.67 18902.7 -32506.2 38334.7
8226.12 1653.18 35916.1 37013
-5365.44 13229.8 -20520.2 24998.2 -1 1
-1416.23 5672.88 -11986 13336.5 1 1
5067.68 2351.4 19702.2 20479.2 -1 2
3158.44 -698.221 16213.9 16533.8 1 2
event 61
-9724.67 3708.31 23089.4 25515.3
-4788.23 242.052 2645.33 6290.79
-2654.59 1666.37 1337.51 3409.36 1 2
-5293.94 511.096 9901.98 11240.4 1 1
-2133.65 -1424.32 1307.82 2881.44 -1 2
-4430.73 3197.22 13187.4 14274.9 -1 1
