event 0
-5042.81 3219.61 -12249.5 13979.9
-8588.75 437.785 44352.1 45284.2
-3629.48 1663.54 17457.9 17908.9 -1 2
-2677.58 -18.0774 -4121.23 4915.84 -1 1
-4959.27 -1225.75 26894.2 27375.3 1 2
-2365.23 3237.69 -8128.29 9064.06 1 1
event 1
-5937.22 -4772.39 -30483.8 31573.4
5278.31 5472.54 -12528.5 14978.8
-4025.53 -1493.32 -18951.2 19431.8 1 1
-1911.68 -3279.07 -11532.5 12141.5 -1 1
4140.52 3021.38 -10175.3 11393.8 -1 2
1137.79 2451.16 -2353.24 3584.92 1 2
event 2
-9483.75 2369.64 3601.12 10868.1
-7575.57 -395.79 22712 24144.8
-5872.37 -70.6108 1725.5 6121.94 1 1
-3611.39 2440.25 1875.62 4746.16 -1 1
-2302.64 140.349 3340.27 4060.84 -1 2
-5272.93 -536.139 19371.8 20084 1 2
event 3
8400.38 -5856.75 31704.1 33460.5
-5107.06 3247.11 1508.33 6963.59
5600.17 -4436.63 25818.7 26789.2 1 1
2800.21 -1420.13 5885.33 6671.3 -1 1
-2440.15 141.833 1498.34 2868.9 -1 2
-2666.92 3105.27 9.9936 4094.68 1 2
event 4
-1775.79 -9086.2 -9310.22 13490.1
-2862.22 -3150.91 20588.7 21251
-1145.52 -4922.16 -2924.12 5839.64 1 1
-630.273 -4164.04 -6386.1 7650.49 -1 1
-2901.52 -1071.32 10355.7 10808.3 -1 2
39.2939 -2079.59 10233 10442.8 1 2
event 5
-5566.7 9437.44 -1549.7 11491
2340.77 7982.27 -32795.2 33975.2
-74.2443 4137.05 -19209.1 19650 -1 2
-2111.94 2257.83 -1683 3521.61 1 1
-3454.76 7179.61 133.303 7969.38 -1 1
2415.02 3845.22 -13586.1 14325.2 1 2
event 6
-5199.69 3460.87 -7279.61 10079.8
3112.1 -7860.65 -5751.73 10869.5
549.412 -3379.36 -4316.38 5510.38 -1 2
-1884.02 706.514 -4551.13 4977.21 -1 1
2562.69 -4481.29 -1435.34 5359.17 1 2
-3315.68 2754.36 -2728.48 5102.55 1 1
event 7
-11359.5 2971.99 21251.2 24476
-6717.22 324.132 3165.2 8052.09
-3446.88 -848.282 2865.95 4563.49 1 2
-4173.05 79.449 5336.36 6775.59 1 1
-3270.33 1172.41 299.249 3488.6 -1 2
-7186.42 2892.54 15914.9 17700.4 -1 1
event 8
-8355.36 851.546 -23888.7 25510.7
3497.73 7119.5 14804.5 17078.8
299.359 3874.34 7917.09 8819.96 1 2
-2059.88 1600.06 -7026.8 7496.02 -1 1
-6295.48 -748.514 -16861.9 18014.6 1 1
3198.37 3245.16 6887.46 8258.87 -1 2
event 9
1726.52 -5038.88 -1309.39 6298.86
-2242.5 -8602.45 37708.8 38866.1
-72.0989 -3146.78 -1818.96 3636.93 -1 1
1798.62 -1892.09 509.577 2661.93 1 1
-2518.03 -4196.51 16941.1 17634.2 -1 2
275.534 -4405.94 20767.7 21232 1 2
event 10
-2611.83 -9562 8799.08 13611.3
2241.29 7018.73 -7452.86 10928.1
1134.6 4767.23 -2810.51 5650.13 -1 2
-49.3367 -4747.42 2843.69 5535.17 1 1
-2562.49 -4814.58 5955.38 8076.16 -1 1
1106.68 2251.5 -4642.34 5277.93 1 2
event 11
-7928.77 -2890.57 2176.34 9249.22
-8356.04 731.404 -25542.2 27062
-4365.72 -3193.38 1213.33 5544.41 1 1
-3563.05 302.813 963.012 3704.81 -1 1
-6120.54 1909.37 -18289 19380.6 -1 2
-2235.5 -1177.97 -7253.15 7681.43 1 2
event 12
-289.122 7219.17 -13100.1 15277.5
-4864.49 9706.06 8981.14 14426.5
-2815.77 2667.73 2319.34 4520.61 -1 2
1209.39 1906.6 -4846.93 5348.05 1 1
-2048.72 7038.33 6661.8 9905.86 1 2
-1498.51 5312.57 -8253.18 9929.5 -1 1
event 13
11640 -5917.81 -49539.4 51324.9
-6247.26 5482.15 34312.5 35440.4
-4135.94 1805.75 20518.8 21009.5 1 2
3909.51 -2398.17 -23214 23663 1 1
-2111.32 3676.4 13793.8 14431 -1 2
7730.46 -3519.63 -26325.4 27662 -1 1
event 14
1233.09 9032.93 -27828.6 29447.2
-1925.16 7453.3 -13870.9 16163.3
1979.21 4434.41 -16427.7 17130.7 -1 1
-746.118 4598.51 -11400.9 12316.5 1 1
-379.739 5420.41 -7210.08 9028.93 -1 2
-1545.42 2032.89 -6660.84 7134.34 1 2
event 15
5678.05 -2911.2 -4463.34 8380.21
-9310.23 7496.92 24290.1 27248.6
3752.14 -920.709 -1092.84 4016.43 1 1
1925.91 -1990.49 -3370.5 4363.78 -1 1
-5940.1 5172.03 12576.8 14839.8 -1 2
-3370.13 2324.9 11713.3 12408.7 1 2
event 16
-5971.98 -1895.32 -17513.6 18856.7
9711.74 1411.38 42504.1 43732.2
3581.81 -377.697 20726.7 21037.5 1 2
-1930.15 -2063.85 -8929.26 9366.32 1 1
6129.93 1789.07 21777.5 22694.6 -1 2
-4041.83 168.526 -8584.37 9490.38 -1 1
event 17
3636.38 8014.6 -181.413 9331.71
-8667.19 8334.58 1858.75 12555.1
-3444.76 1625.52 1330.21 4036 1 2
367.777 3146.13 -1181.09 3382.24 1 1
-5222.42 6709.07 528.54 8519.14 -1 2
3268.6 4868.47 999.676 5949.48 -1 1
event 18
-8759.51 -2867.02 -2960.16 10163.8
-8164.32 -4660.12 -48080.6 49129.5
-4098.11 -2866.81 -976.938 5096.93 -1 1
-4661.4 -0.207525 -1983.22 5066.85 1 1
-5601.32 -1304.39 -31391.4 31914.1 -1 2
-2563 -3355.73 -16689.1 17215.4 1 2
event 19
-16168.8 6382.36 -1965.91 17765.7
15955.1 12153.1 2692.13 20472
7071.41 5765.23 2748.81 9529.42 1 2
-5351.08 1655.83 -2032.82 5959.81 -1 1
-10817.7 4726.54 66.9067 11805.9 1 1
8883.69 6387.92 -56.6801 10942.6 -1 2
event 20
-4720.41 -7583.95 -11519.4 14902.6
-5109.47 12563.9 -30000.6 33069.4
-3452.55 -4025.09 -4611.83 7028.62 1 1
-1267.86 -3558.86 -6907.61 7873.96 -1 1
-1848.45 7333.8 -19155.5 20594.8 -1 2
-3261.02 5230.1 -10845 12474.5 1 2
event 21
-6075.99 12828.7 66933 68491.7
-6492.98 -4137.31 3425.36 8977.76
-2056.7 7586.93 33221.3 34138.8 1 1
-4019.29 5241.77 33711.7 34352.9 -1 1
-4483.39 -4230.39 3212.96 6952.07 -1 2
-2009.59 93.08 212.398 2025.68 1 2
event 22
1592.21 -8144.08 7402.43 11543.3
5419.09 -3468.03 16214 17716.6
2550.82 -2838.08 11896.7 12494.2 1 2
1588.8 -3834.15 5340.44 6764.35 1 1
2868.27 -629.951 4317.35 5222.5 -1 2
3.41419 -4309.93 2062 4778.97 -1 1
event 23
-11915.5 7653.51 -29914.7 33242
7624.44 -1476.11 6302.46 10470.1
3087.27 -2159.76 2953.68 4788.65 -1 2
-2157.14 1284.61 -8478.92 8843.46 1 1
-9758.36 6368.9 -21435.7 24398.6 -1 1
4537.16 683.655 3348.78 5681.44 1 2
event 24
-4555.76 7882.1 19310.9 21665.2
5464.35 -4875.59 13835.8 15957.8
2616.88 -2936.34 4351.49 5866.58 1 2
-2208.91 3571.6 4970.68 6508.03 1 1
2847.47 -1939.25 9484.36 10091.2 -1 2
-2346.84 4310.51 14340.2 15157.2 -1 1
event 25
611.276 -8082.76 24790.6 26265.4
1768.11 12032.6 -3208.44 12953.5
-856.445 4127.55 -1214.21 4388.13 -1 2
1205.27 -2422.37 11359.4 11677.7 -1 1
2624.55 7905.04 -1994.23 8565.4 1 2
-593.995 -5660.39 13431.2 14587.7 1 1
event 26
-4446.3 -1060.99 -2725.94 6157.66
4623.13 12562.5 22704.5 26538.2
-3031.46 829.254 -1343.62 3419.63 1 1
-1414.85 -1890.24 -1382.32 2738.03 -1 1
3169.71 7631.06 16699.2 18632.1 -1 2
1453.42 4931.41 6005.27 7906.05 1 2
event 27
16935.2 4252.07 -4012.41 18181.6
-6592.48 -3925.51 14630.4 16808.1
-3787.17 -3368.41 6879.6 8545.69 -1 2
4030.64 819.173 360.294 4130.14 1 1
12904.5 3432.89 -4372.7 14051.5 -1 1
-2805.31 -557.101 7750.83 8262.36 1 2
event 28
-7414.45 3450.98 22253 23909.6
-12631.2 854.002 -9247.31 15980.5
-3762.81 1668.42 -3207.69 5219.46 1 2
-1468.9 1533.05 9142.14 9386.04 -1 1
-8868.41 -814.419 -6039.63 10761.1 -1 2
-5945.54 1917.93 13110.9 14523.6 1 1
event 29
14284.5 -5434.86 -31408.4 35066.5
10878.3 1713.59 -10170.8 15307.2
3794.86 -835.084 -3937.52 5532.96 1 2
2548.78 -2204.81 -5713.83 6634.49 -1 1
11735.7 -3230.05 -25694.5 28432 1 1
7083.44 2548.67 -6233.24 9774.21 -1 2
event 30
10685.3 374.903 1133.2 11188.9
1424.74 8626.23 -11926.9 15109.1
2103.63 4258.45 -7294.86 8705.51 1 2
5200.37 936.358 1910.53 5619.78 -1 1
-678.889 4367.78 -4632.06 6403.56 -1 2
5484.95 -561.454 -777.326 5569.14 1 1
event 31
9901.39 -1368.95 4411.6 11356.3
71.4199 -6664.41 1225.64 7714.17
5264.93 -2274.66 2549.89 6277.47 -1 1
4636.46 905.718 1861.71 5078.8 1 1
921.86 -4411.01 2316.55 5067.98 -1 2
-850.441 -2253.4 -1090.91 2646.19 1 2
event 32
-547.92 -19431.8 9051.34 21665.9
-3696.92 -2935.19 -22103.5 22813.1
-3103.17 -653.359 -14853.9 15189 1 2
1161.13 -5764.36 2172.45 6269.51 1 1
-593.752 -2281.83 -7249.62 7624.13 -1 2
-1709.04 -13667.4 6878.88 15396.4 -1 1
event 33
-4476.81 2147.45 4413.39 7329.53
-17149.3 6223.05 24580.2 30766.9
-1845.53 2446.23 3141.72 4389.94 -1 1
-2631.28 -298.776 1271.67 2939.59 1 1
-9983.59 3564.25 16760.6 19831.9 -1 2
-7165.7 2658.8 7819.6 10935 1 2
event 34
-4981.93 -3901.48 -3130.33 7709.08
-1046.77 -8253.78 -1394.66 8986.48
-710.799 -3074.77 940.125 3294.61 1 2
-2358.07 -59.0948 -723.3 2469.47 1 1
-335.973 -5179.01 -2334.79 5691.87 -1 2
-2623.86 -3842.38 -2407.03 5239.61 -1 1
event 35
33.5189 -4431.59 -11454.9 12666.7
-97.6512 -10554.1 -5981.09 12520.5
1278.31 -2768.29 -4740.59 5637.54 -1 1
-1244.79 -1663.31 -6714.34 7029.19 1 1
-1352.33 -5893.31 -2385.88 6501.04 1 2
1254.68 -4660.83 -3595.21 6019.49 -1 2
event 36
3043.03 7937.56 26764.9 28252.8
11785.4 8851.45 16343.1 22224.6
2814.46 3224.25 6387.65 7689.62 -1 2
1850.07 1539.31 5284.7 5807.88 -1 1
8970.96 5627.2 9955.49 14535 1 2
1192.96 6398.24 21480.2 22444.9 1 1
event 37
8425.4 -4373.05 7463.29 12466.1
3453.23 -4886.98 5404.52 8637.53
4735.06 -2828.2 2409.74 6019.76 1 1
3690.33 -1544.85 5053.55 6446.29 -1 1
2045.79 -2629.65 981.125 3474.78 -1 2
1407.44 -2257.34 4423.4 5162.76 1 2
event 38
8655.01 -2892.32 -37395.6 38617.3
7325.44 -1993.27 -30382.3 31469.2
4359.41 -3067.32 -20092.3 20787.6 -1 1
4295.6 175.003 -17303.3 17829.7 1 1
3117.55 320.249 -8348.37 8917.86 -1 2
4207.88 -2313.52 -22033.9 22551.3 1 2
event 39
-14720.4 -6087.75 -17489 23858.1
-222.614 -6394.69 35527.7 36231.9
-8260.4 -2411.73 -11177 14106.2 1 1
-6460.01 -3676.02 -6312.04 9751.81 -1 1
1148.13 -4092.07 25490.1 25842.2 -1 2
-1370.75 -2302.62 10037.6 10389.7 1 2
event 40
2788.11 -5807.52 -5880.85 9256.01
-3847.5 17781.7 31314.8 36348.3
-2084.39 3870.65 8456.38 9531.43 -1 2
-248.529 -2440.04 -1180.14 2723.87 -1 1
-1763.11 13911 22858.4 26816.8 1 2
3036.64 -3367.48 -4700.7 6532.14 1 1
event 41
-1005.87 6943.13 20016.5 21435.3
6106.19 4335.56 -13509.3 15753.6
-1996.24 3977.93 10114.3 11050.8 -1 1
990.373 2965.2 9902.22 10384.5 1 1
3455.35 3864.23 -10525.2 11733 -1 2
2650.84 471.33 -2984.11 4020.6 1 2
event 42
-10077.9 -169.528 -44182.6 45423.4
-2826.41 -3346.39 797.381 5423.28
-2799.81 -1196.19 1120.92 3246.14 1 2
-4100.49 1426.26 -17086.8 17630.1 1 1
-26.5946 -2150.2 -323.539 2177.13 -1 2
-5977.42 -1595.79 -27095.8 27793.3 -1 1
event 43
-11145.1 2410.4 -11989.1 16833.1
8168.86 -12502.9 -1779.13 15356.1
4255.69 -3801.55 -835.252 5768.15 1 2
-2159.88 -82.1167 -4025.31 4570.14 1 1
3913.17 -8701.33 -943.882 9587.91 -1 2
-8985.24 2492.51 -7963.78 12263 -1 1
event 44
-8584.05 -1066.15 -14670.1 17424.8
-3268.43 -8150.99 -44860.5 45816.8
-3484.72 -5039.45 -27102 27786.1 1 2
-4273.84 661.387 -9706.63 10627 -1 1
216.297 -3111.54 -17758.5 18030.7 -1 2
-4310.21 -1727.53 -4963.48 6797.76 1 1
event 45
-7717.52 -4225.66 26551.4 28142.2
3727.84 6599.71 2125.36 8459.37
2755.24 2346.79 1901.35 4089.63 -1 2
-1722.64 -2190.64 11073.9 11419.6 1 1
-5994.88 -2035.03 15477.5 16722.6 -1 1
972.601 4252.92 224.001 4369.74 1 2
event 46
-4850.07 -3503.6 14319.6 15825.4
-11016.1 -1759.58 29058.7 31280.2
-3153.28 -978.324 10069.4 10597.4 -1 1
-1696.78 -2525.28 4250.23 5227.98 1 1
-6626.85 394.717 18116.8 19295.1 1 2
-4389.22 -2154.29 10941.9 11985.1 -1 2
event 47
-6905.7 -3547.25 -23172.9 24634.3
7173.85 -780.895 6617.56 10269.2
3076.22 -1585.34 4199.11 5442.44 -1 2
-2853.76 120.558 -9036.82 9478.06 1 1
-4051.94 -3667.8 -14136.1 15156.3 -1 1
4097.63 804.445 2418.45 4826.78 1 2
event 48
3491.3 5980.02 -769.548 7882.22
-7825.66 2280.4 -5890.63 10522.9
3114.76 2998.87 936.422 4425.27 1 1
376.544 2981.15 -1705.97 3456.96 -1 1
-5387.27 1266.79 -2139.54 5934.33 -1 2
-2438.39 1013.61 -3751.09 4588.57 1 2
event 49
3143.03 -7670.53 -8569.79 12318.6
-6702.43 3221.61 -26804.1 28059.8
-4379.96 734.827 -19524 20023 -1 2
-80.2724 -3675.09 -3027.18 4763.16 1 1
3223.3 -3995.44 -5542.6 7555.45 -1 1
-2322.47 2486.79 -7280.14 8036.76 1 2
event 50
-11574.8 4837.67 2327.62 13129.6
1776.89 8294.54 20163.4 22093.2
-17.7172 3570.56 11722.5 12254.7 1 2
-2950.39 9.82311 1178.35 3178.77 -1 1
-8624.38 4827.85 1149.27 9950.88 1 1
1794.61 4723.98 8440.86 9838.49 -1 2
event 51
3366.23 -6105.74 8225.89 11219.1
3865.28 8260.59 -15536.3 18279.7
1969.65 2938.36 -3473.06 4958.5 1 2
268.544 -3430.29 4631.67 5770.83 1 1
1895.63 5322.23 -12063.3 13321.2 -1 2
3097.69 -2675.45 3594.23 5448.24 -1 1
event 52
-18285 3132.62 10424.5 21503.9
-7258.94 -7494.83 -1251.79 10955.5
-12818.8 2612.08 8835.1 15786.5 -1 1
-5466.29 520.541 1589.39 5717.39 1 1
-2224.29 -2291.16 1040.19 3360.06 -1 2
-5034.65 -5203.67 -2291.99 7595.41 1 2
event 53
-6555.2 -2160.1 2036.61 7834.24
-8960.43 2187.79 7393.91 12220.3
-3763.4 -1387.95 2730.89 4853.71 -1 1
-2791.79 -772.149 -694.276 2980.52 1 1
-4727.67 2660.01 3563.41 6491.19 1 2
-4232.75 -472.224 3830.5 5729.15 -1 2
event 54
7909.73 -7055.77 17011.9 20281.6
2321.35 -7817.82 17998.6 20001.1
5063.44 -3017.38 7286.55 9372.73 -1 1
2846.29 -4038.39 9725.38 10908.9 1 1
1262.12 -4035.61 5752.32 7139.99 -1 2
1059.23 -3782.2 12246.2 12861.1 1 2
event 55
6158.72 -49.9474 7188.17 10158
-3871.46 -9892.6 7732.5 13499.4
-427.003 -3638.29 4060.48 5469.75 1 2
1926.86 -1002.27 4644.68 5128.5 1 1
-3444.46 -6254.3 3672.02 8029.67 -1 2
4231.86 952.325 2543.5 5029.52 -1 1
event 56
7907.79 7188.95 -4226.59 11902.5
8082.43 -4216.35 7790.2 12384.7
5641.39 -4018.65 6898.49 9776.26 -1 2
3408.17 1330.67 -743.813 3735.07 1 1
4499.62 5858.28 -3482.77 8167.43 -1 1
2441.04 -197.698 891.703 2608.46 1 2
event 57
4052.66 2028.42 -476.853 5509.68
-529.42 -8171.09 661.035 8779.27
2071.53 2615.39 -754.247 3422.21 1 1
1981.14 -586.963 277.394 2087.47 -1 1
-1803.92 -4302.55 111.604 4667.95 -1 2
1274.5 -3868.53 549.431 4111.32 1 2
event 58
6275.81 13605.4 57238.7 59248.2
-4858.4 6480.67 -10420.1 13556.3
2770.27 9355.69 34708.9 36054.5 1 1
3505.54 4249.71 22529.8 23193.7 -1 1
-1505.02 4076.07 -3900.97 5840.22 -1 2
-3353.38 2404.6 -6519.16 7716.08 1 2
event 59
-5359.44 5684.42 38669.5 39572.2
9253.31 14278.1 79842.7 81694.1
-4155.82 2221.19 20291.1 20831.3 -1 1
-1203.63 3463.23 18378.4 18740.9 1 1
4941.61 7032.06 33155 34251.1 -1 2
4311.69 7246.06 46687.6 47443 1 2
event 60
3786.21 7327.34 10355.2 13595.8
-11392.3 -2179.65 -43130.4 44770.1
-3636.03 -28.0229 -18607 18959.2 -1 2
2131.38 1175.48 3003.09 3867.07 -1 1
-7756.29 -2151.62 -24523.5 25810.9 1 2
1654.83 6151.87 7352.06 9728.72 1 1
event 61
4773.96 -561.431 16480.4 17444.2
-6901.49 11793.1 -45144.6 47268.7
2962.13 -1821.7 9197.43 9833.44 1 1
1811.83 1260.27 7283.01 7610.8 -1 1
-3640.9 6163.89 -28804.4 29680.9 -1 2
-3260.59 5629.25 -16340.1 17587.8 1 2
event 62
16666.2 -9653.28 64121.6 67023.3
6347.3 3317.59 -23653.3 24907.1
9672.37 -4852.02 40636.7 42052.9 1 1
6993.86 -4801.25 23484.9 24970.3 -1 1
3190.48 2969.96 -16739.7 17298.2 -1 2
3156.81 347.63 -6913.6 7608.9 1 2
event 63
-851.719 15398.8 45946.2 48564.3
7056.43 -7997.13 17038.4 20338.3
4078.96 -2551.2 8709.49 9950.52 -1 2
905.923 2152.73 7965.25 8301.28 -1 1
-1757.64 13246.1 37980.9 40263 1 1
2977.46 -5445.93 8328.93 10387.8 1 2
event 64
4245.38 -4797.09 -4031.19 8177.79
-1649.39 -16252.7 -29060.1 33480.6
-1458.07 -3736.94 -5591.29 6882.18 1 2
1500.08 -1425.77 235.158 2085.55 -1 1
-191.32 -12515.8 -23468.8 26598.5 -1 2
2745.3 -3371.33 -4266.34 6092.24 1 1
event 65
-6550.65 5245.04 -42436.9 43369.3
8768.43 -325.695 -37851.8 38978.7
3150.86 -684.495 -8495.13 9087.07 1 2
-2766.7 637.736 -10338.9 10722.2 -1 1
-3783.95 4607.3 -32097.9 32647.1 1 1
5617.58 358.8 -29356.6 29891.6 -1 2
event 66
-6113.55 4103.66 13775.7 15924.1
6643.95 2489.7 -949.031 7799.52
-4069.15 1152.53 9035.58 9976.93 -1 1
-2044.4 2951.13 4740.07 5947.12 1 1
4472.71 1091.02 806.073 4675.09 -1 2
2171.23 1398.68 -1755.1 3124.44 1 2
event 67
-5152.5 -6796.75 -2163.69 9328.18
-5073.35 1802.56 12643.1 14086.5
-2556.87 2289.47 5367.15 6371.55 1 2
-3322.38 -2375.31 -1975.54 4538.09 1 1
-2516.48 -486.913 7275.98 7714.97 -1 2
-1830.12 -4421.44 -188.145 4790.1 -1 1
event 68
-3477.7 -5790.91 -3379.41 8163.29
10908.3 -11813.1 875.321 16398.1
-3023.09 -2578.17 -2809.24 4867.14 1 1
-454.608 -3212.74 -570.161 3296.15 -1 1
7624.94 -9141.32 -585.547 11918.8 -1 2
3283.32 -2671.76 1460.87 4479.26 1 2
event 69
-692.22 -10779.8 6462.93 12963
-6951.13 -2112.38 26189.9 27354.7
-2487.42 -2055.43 14143.7 14507.5 -1 2
-4.04068 -3013.44 3504.5 4623.15 1 1
-688.179 -7766.37 2958.42 8339.87 -1 1
-4463.71 -56.9439 12046.2 12847.2 1 2
event 70
-6075.07 5130.84 -24819.8 26245.9
4387.23 -4401.55 -21274.1 22378.6
2218.34 -4131.76 -15855.3 16534.7 1 2
-2153.52 2734.2 -15064 15461.2 -1 1
2168.89 -269.79 -5418.8 5843.92 -1 2
-3921.55 2396.64 -9755.83 10784.7 1 1
event 71
-3656.92 6559.18 -6768.15 10573.3
-2394.78 5861.97 -5249.17 8788.75
-3141.21 2644.54 -4120.76 5818.3 -1 1
-515.71 3914.63 -2647.39 4755.01 1 1
-521.891 4227.33 -2028.68 4719.05 -1 2
-1872.89 1634.64 -3220.49 4069.71 1 2
event 72
2815.13 -6095.04 1317.14 7510.01
-10462.3 -1251.34 22590 25118.3
-3484.48 619.183 9920.95 10533.8 -1 2
1731.42 -1646.89 1669.62 2917 1 1
-6977.87 -1870.52 12669.1 14584.4 1 2
1083.71 -4448.14 -352.476 4593.02 -1 1
event 73
8591.08 613.311 1330.86 9249.03
-8476.81 6781.39 -10229.3 15234
-5441.78 5972.42 -8075.47 11424 1 2
3028.42 1560.71 1167.36 3602.93 -1 1
-3035.02 808.973 -2153.85 3810 -1 2
5562.65 -947.399 163.492 5646.11 1 1
event 74
-5525.63 -2070.03 -5985.43 8957.33
2311.98 -8822.64 32866.3 34248.7
432.066 -3293.84 17435.4 17749.4 1 2
-1373.45 -1568.68 -3544.61 4113.7 1 1
1879.92 -5528.8 15431 16499.3 -1 2
-4152.18 -501.345 -2440.82 4843.63 -1 1
event 75
-6355.46 3418.79 -2775.5 8329.12
-72.1968 -7318.73 -8896.41 11929.2
-1492.75 -3393.09 -4935.6 6173.55 -1 2
-1938.53 2466.1 -242.373 3147.93 1 1
-4416.92 952.685 -2533.12 5181.19 -1 1
1420.55 -3925.63 -3960.81 5755.67 1 2
event 76
3922.13 -9760.38 -5271.76 12166.8
7384.64 692.604 -778.229 8075.18
5070.52 -984.248 -292.913 5174.54 -1 2
1155.87 -4972.2 -4013.92 6494.73 1 1
2766.26 -4788.18 -1257.84 5672.05 -1 1
2314.12 1676.85 -485.316 2900.64 1 2
event 77
-2443.06 4273.52 8792.73 10542.1
-13303.3 3321.69 14608.6 20273.5
-219.808 3093.81 6164.65 6901.74 -1 1
-2223.25 1179.71 2628.07 3640.4 1 1
-7375.49 266.856 7364.97 10427 1 2
-5927.84 3054.83 7243.64 9846.46 -1 2
event 78
-7606.74 732.647 21311.7 22851.2
-6745.79 760.694 -5854.66 9484.33
-4314.54 1960.23 -3937.39 6162.14 1 2
-3212.48 1747.82 11100.3 11687.8 -1 1
-2431.25 -1199.53 -1917.27 3322.19 -1 2
-4394.26 -1015.17 10211.4 11163.5 1 1
event 79
8094.15 -3423.43 3764.68 10049.8
6618.73 -4711.75 23228.6 24802.6
4074.3 -1142.02 13060.5 13729.2 1 2
2750.74 -1310.75 -219.73 3056.81 -1 1
5343.42 -2112.68 3984.41 6993.01 1 1
2544.44 -3569.72 10168.2 11073.4 -1 2
event 80
-3327.59 -8036.29 5433.61 10713.1
5995.12 466.256 21111.5 22168.5
3310.5 1489.72 14699.5 15141.5 1 2
-2503.78 -3246.67 1217.22 4278.15 -1 1
2684.62 -1023.46 6411.98 7027.04 -1 2
-823.811 -4789.62 4216.39 6434.92 1 1
event 81
-8362.58 -14000.7 30716 34914.4
8095.72 -575.983 4950.99 9998.79
5815.49 -829.821 1889.82 6171.8 -1 2
-1262.53 -4402.21 7057.03 8413.46 1 1
-7100.05 -9598.49 23659 26501 -1 1
2280.23 253.838 3061.17 3826.99 1 2
event 82
-30276.7 9656.39 -28852.6 43034.7
-3331.03 -4117.74 2295.87 6550.99
-3299.12 -2094.84 2278.59 4525 1 2
-5838.71 2995.4 -5119.02 8323.36 1 1
-31.9135 -2022.9 17.2858 2025.99 -1 2
-24438 6660.99 -23733.6 34711.4 -1 1
event 83
-3174.58 -8027.17 -1000.67 9225.26
4562.02 -4911.02 -12781.3 14760.8
-2156.41 -4560.25 924.795 5129.56 1 1
-1018.16 -3466.92 -1925.46 4095.7 -1 1
779.14 -2500.66 -2903.41 3911.69 -1 2
3782.88 -2410.36 -9877.87 10849.1 1 2
event 84
8237.33 -164.351 -31190.8 32409
-6935.49 3702.61 -11601.7 14352.7
-3829.35 417.148 -4401.43 5849.93 -1 2
3134.98 -892.267 -7754.48 8412.33 1 1
5102.35 727.916 -23436.4 23996.6 -1 1
-3106.14 3285.47 -7200.24 8502.77 1 2
event 85
3071.69 -6441.52 4659.31 9067.98
-1874.03 5549.98 -6843.65 9525.76
-2507.21 3403.19 -5407.12 6864.1 1 2
227.096 -3545.64 3106.09 4720.39 1 1
633.18 2146.8 -1436.53 2661.66 -1 2
2844.6 -2895.88 1553.23 4347.59 -1 1
event 86
-7880.85 -2192.52 21987.4 23663.3
-7572.76 -1409.7 -21797 23324.5
-4596.12 -2393.44 10442.1 11657.7 1 1
-3284.73 200.914 11545.3 12005.6 -1 1
-5775.26 58.996 -12996 14222 -1 2
-1797.5 -1468.69 -8800.95 9102.52 1 2
event 87
-1780.13 -7794.99 -9865.94 13071.3
10623.3 8967.22 -14536.1 20350.8
-82.4003 -5819.13 -7865.77 9785.22 1 1
-1697.73 -1975.86 -2000.17 3286.06 -1 1
7184.2 4069.97 -8441.13 11808.5 1 2
3439.13 4897.24 -6095 8542.29 -1 2
event 88
1447.95 5731.15 -10584.4 12512.5
1107.96 10285 5445.23 12093.3
536.003 3713.31 3696.97 5268.27 -1 2
-933.595 2386.44 -3949.76 4709.4 -1 1
571.958 6571.67 1748.26 6825.07 1 2
2381.55 3344.71 -6634.61 7803.08 1 1
event 89
-5426.48 -353.104 -10896 12565.2
889.016 -9013.6 -19834.5 22023.5
-3536.92 1275.01 -6485.08 7496.85 -1 1
-1889.56 -1628.11 -4410.92 5068.39 1 1
1987.6 -4801.02 -10077.1 11338.4 -1 2
-1098.58 -4212.58 -9757.48 10685.1 1 2
event 90
10255.5 4044.16 7344.05 13603.6
-9410.73 -7525.72 11374.8 16857.5
-3813.44 -4492.71 4044.81 7148.31 -1 2
2175.6 2187.13 1331.14 3361.53 1 1
8079.91 1857.03 6012.91 10242.1 -1 1
-5597.3 -3033.01 7330.02 9709.24 1 2
event 91
-4150.9 7751.91 -545.711 9338.67
5400.44 730.688 -317.936 6276.06
3823.16 -611.212 -1152.29 4040.93 1 2
-936.506 4268.28 -1247.91 4545.74 -1 1
1577.28 1341.9 834.357 2235.13 -1 2
-3214.39 3483.63 702.201 4792.94 1 1
event 92
-12974.3 11641.1 27380.8 32605.9
-4227.78 -5357.89 -21489.8 22759.2
-7046.63 7501.88 18322.3 21015.5 -1 1
-5927.7 4139.2 9058.47 11590.4 1 1
-3527.09 -2007.81 -12260.9 12915.6 -1 2
-700.685 -3350.08 -9228.84 9843.6 1 2
event 93
-2187.3 -4641.05 -8142.08 10109.8
10513.9 -1995.01 -32231.8 34102.8
61.0836 -3348.73 -3957.2 5185.39 -1 1
-2248.39 -1292.32 -4184.88 4924.4 1 1
6567.88 146.764 -17108.5 18326.8 -1 2
3946.01 -2141.77 -15123.3 15776 1 2
event 94
-3631.84 -6238.13 -7912.91 11149.4
7404.33 1339.01 15848.5 17815.3
-804.86 -4218.88 -3562.95 5581.44 -1 1
-2826.98 -2019.25 -4349.97 5567.99 1 1
5127.64 777.916 13637.1 14590.4 -1 2
2276.7 561.097 2211.38 3224.83 1 2
event 95
2405.47 -6117.18 19887 21172.8
12355 -2844.1 -33254.6 35723.9
2582.83 -3979.52 10188.6 11239.5 -1 1
-177.351 -2137.66 9698.42 9933.35 1 1
7193.13 -2444.19 -16062.6 17768.9 1 2
5161.84 -399.906 -17192 17955 -1 2
event 96
-6540.11 1759.16 7792.98 10779.1
19616.7 17653.1 -2192.51 26661.6
-2879.43 2373.29 3983.72 5459.38 1 1
-3660.68 -614.134 3809.25 5319.71 -1 1
10902.7 7851.69 -1625.15 13534 1 2
8713.96 9801.42 -567.362 13127.6 -1 2
event 97
-6280.36 2232.44 5909.14 9430.55
-5377.55 -8873.02 9750.58 14571
-552.015 -3433.84 2371.42 4210.79 -1 2
-2713.6 -610.106 2394.28 3671.46 -1 1
-4825.53 -5439.19 7379.16 10360.2 1 2
-3566.75 2842.54 3514.86 5759.09 1 1
event 98
-7105.5 -5157.34 -2829.25 9730.46
-11969.2 -7531.38 -31451.4 34623.2
-3224.21 -3416.2 -148.079 4700.96 -1 1
-3881.29 -1741.14 -2681.18 5029.5 1 1
-6800.05 -5342.77 -16074.9 18253.8 1 2
-5169.18 -2188.61 -15376.4 16369.4 -1 2
event 99
-3340.25 -11147.3 42178.8 43864.1
-735.204 -10257.4 480.039 10750.6
-1837.05 -6367.2 18253.9 19419.9 1 1
-1503.2 -4780.14 23924.9 24444.2 -1 1
-1842.09 -6949.54 854.475 7240.91 -1 2
1106.88 -3307.82 -374.436 3509.74 1 2
event 100
-6452.11 -5958.73 -22469.6 24323.1
-918.418 6509.35 -20218.3 21484.5
962.7 4052.77 -11249.5 11996.4 1 2
-2278.73 -3673.01 -13402.5 14082.7 1 1
-1881.12 2456.57 -8968.82 9488.11 -1 2
-4173.38 -2285.72 -9067.15 10240.4 -1 1
event 101
4993.6 -728.894 -1760.24 6177.12
3745.59 -9260.79 7554.04 12901.4
2903.14 931.855 -143.736 3054.25 -1 1
2090.45 -1660.75 -1616.51 3122.88 1 1
1849.61 -4730.02 5738.82 7664.16 1 2
1895.97 -4530.76 1815.22 5237.25 -1 2
event 102
-5749.57 8285.77 12950.7 16704
5473.29 -7.81063 -15431.7 16663.9
3094.93 1415.23 -6930.89 7722.04 1 2
-2584.96 4320.45 4066.32 6472.59 -1 1
2378.36 -1423.04 -8500.85 8941.89 -1 2
-3164.61 3965.32 8884.36 10231.4 1 1
event 103
-7061.98 13676.8 12278.7 19932
734.299 4363.9 1943.92 5740.57
-4384.01 7831.52 9012.59 12719.7 1 1
-2677.97 5845.29 3266.15 7212.34 -1 1
1901.43 2659.07 1608.5 3644.79 -1 2
-1167.13 1704.83 335.425 2095.78 1 2
event 104
-13526.1 27010.2 34046.8 45621
4726.26 2099.46 -18565.2 19519.3
-8871.19 14985.1 18176.2 25172.1 -1 1
-4654.87 12025.1 15870.6 20448.9 1 1
2503.66 2723.17 -10717.8 11338.7 -1 2
2222.6 -623.714 -7847.46 8180.63 1 2
event 105
-2288.95 7382.67 -253.845 8330.53
-9429.46 2071.58 18052.9 20705.2
-7207.59 2862.58 13240.5 15344.9 1 2
-763.037 3080.34 -1619.76 3564.48 -1 1
-2221.87 -790.999 4812.37 5360.27 -1 2
-1525.91 4302.33 1365.91 4766.06 1 1
event 106
-293.367 -6906.43 -2353.19 7931.78
7826.91 -1840.63 -868.326 8659.86
5565.09 -823.481 -1946.09 5953.72 1 2
-1623.77 -2730.31 -1210.44 3401.11 -1 1
2261.82 -1017.15 1077.77 2706.14 -1 2
1330.4 -4176.12 -1142.74 4530.67 1 1
event 107
2078.72 -8532.18 -7534.92 11978.5
-4527.48 5157.09 9480.42 12270
-4086.5 2040.98 6411.26 7872.77 -1 2
-539.531 -4266.69 -3652.92 5643.64 1 1
2618.25 -4265.49 -3881.99 6334.88 -1 1
-440.976 3116.11 3069.16 4397.22 1 2
event 108
-7645.69 -2742.7 -6867.02 11078.2
1770.32 19148.3 23871.2 30809.3
-3978 -1504.17 -5539.02 6984.19 1 1
-3667.69 -1238.53 -1328 4093.98 -1 1
-505.186 11121.2 13755 17696 1 2
2275.5 8027.12 10116.1 13113.3 -1 2
event 109
-341.02 -7366.79 3558.91 8754.57
9234.54 -2611.28 3487.09 10669.9
3777.42 -779.859 3008.55 4892.81 -1 2
-1534.92 -2198.05 993.713 2861.13 1 1
5457.13 -1831.42 478.535 5777.06 1 2
1193.9 -5168.74 2565.19 5893.44 -1 1
event 110
1800.29 -4040.76 -18379.2 19156.1
4125.15 -7838.1 6618.38 11482.4
-72.2987 -3242.14 -13128.6 13523.6 -1 1
1872.59 -798.615 -5250.68 5632.51 1 1
3198.6 -3509.92 2225.64 5245.49 1 2
926.551 -4328.18 4392.74 6236.9 -1 2
event 111
-5417.88 -5350.42 8547.51 11858.8
2296.07 5032 7976.46 10188.5
340.937 4183.17 5069.29 6582.1 -1 2
-3003.13 -978.526 4048.8 5136.17 -1 1
-2414.75 -4371.9 4498.7 6722.65 1 1
1955.14 848.827 2907.17 3606.37 1 2
event 112
-915.261 -6494.75 9126.64 11657.9
7848.34 895.721 14286.1 16615.7
3887.25 -492.435 4505.04 5971.58 1 2
916.989 -2811.79 5124.68 5917.81 1 1
3961.09 1388.16 9781.08 10644.1 -1 2
-1832.25 -3682.96 4001.96 5740.05 -1 1
event 113
463.248 -10481.7 5475.34 12233.2
5936.77 2321.83 7750.7 10502.4
-850.789 -5873.56 4206.19 7275 -1 1
1314.04 -4608.18 1269.15 4958.22 1 1
3504.75 2911.92 4576.56 6458.99 -1 2
2432.02 -590.083 3174.14 4043.42 1 2
event 114
-12742.7 -5489.45 -16360.4 21674
-7341.66 -4118.03 8834.31 12589.4
-2785.62 -2805.85 2509.48 4684.14 1 2
-3389.18 -1080.21 -2366.77 4273.89 1 1
-9353.52 -4409.24 -13993.7 17400.1 -1 1
-4556.04 -1312.18 6324.82 7905.3 -1 2
event 115
10289 -6647.1 37518.9 39589.3
-2943.29 -5082.93 -5875.14 8866.08
4996.59 -4126.93 23873 24737.2 1 1
5292.4 -2520.17 13645.9 14852 -1 1
-1950.61 -2666.97 -1213.58 3521.58 -1 2
-992.68 -2415.96 -4661.57 5344.5 1 2
