event 0
10680.5 5428.82 18904.6 22594.7
-5519 -3263.05 -5931.83 9267.37
-2587.69 -2645.09 -1680.36 4065.39 1 2
5344.1 2489.4 6510.56 8783.8 -1 1
-2931.31 -617.956 -4251.47 5201.98 -1 2
5336.38 2939.42 12394.1 13810.9 1 1
event 1
-1748.78 -4884.71 12759.3 14117.8
2517.21 -10445.5 -4776.09 12159.2
-2171.84 -2136.61 4801.49 5687.48 1 1
423.055 -2748.11 7957.85 8430.28 -1 1
761.371 -5446.05 -4004.66 6803.5 1 2
1755.84 -4999.48 -771.434 5355.74 -1 2
event 2
5811.62 -1771.12 -21300.9 22365.8
8371.81 1499.79 6407.77 11089.9
3028.01 1204.23 841.223 3367.17 -1 2
2205.3 682.874 -5325.97 5805.76 1 1
5343.8 295.555 5566.55 7722.77 1 2
3606.32 -2454 -15974.9 16560.1 -1 1
