event 0
7988.13 -5083.09 4817.83 11065.8
4382.75 -3627.8 9172.27 11405.5
3863.78 -1655.64 3835.45 5691.38 -1 2
2446.32 -3129.92 2762.75 4839.92 1 1
5541.81 -1953.17 2055.08 6225.84 -1 1
518.976 -1972.16 5336.82 5714.16 1 2
event 1
-6627.98 5443.91 -29808 31171.7
-1635.4 -6968.24 1112.15 7877.74
-4457.99 1673.54 -16070.2 16761.2 1 1
-2169.99 3770.38 -13737.8 14410.6 -1 1
-526.583 -5086.67 -531.26 5142.46 -1 2
-1108.82 -1881.57 1643.41 2735.28 1 2
event 2
-2562.28 -4651.52 -3164.34 6914.18
9278.2 14131 64473.6 66724.9
-361.926 -3118 -2795.93 4204.91 1 1
-2200.35 -1533.52 -368.414 2709.27 -1 1
3564.24 8211.09 34459.6 35603.4 -1 2
5713.96 5919.9 30014.1 31121.5 1 2
event 3
5016.75 -196.212 4649.64 7511.09
-8043.05 2284.73 -4033.18 9786.15
3046.54 213.254 788.75 3155.98 -1 1
1970.21 -409.466 3860.89 4355.11 1 1
-4389.56 355.124 -666.345 4455.28 -1 2
-3653.5 1929.6 -3366.84 5330.87 1 2
event 4
7227.94 3585.97 1831.79 9057.81
-10054.8 -52.2384 217.575 10523.4
-3559.99 -949.598 -1075.8 3839.76 -1 2
2040.13 2851.32 1474.77 3805.04 -1 1
-6494.77 897.359 1293.38 6683.66 1 2
5187.8 734.647 357.021 5252.78 1 1
