event 0
-6341.32 -2386.98 13016.2 14997.4
7648.54 -2435.94 -4405.96 9666.29
4241.89 135.867 -2888.85 5135.05 1 2
-2432.84 498.896 5650.3 6172.89 -1 1
-3908.49 -2885.87 7365.94 8824.56 1 1
3406.65 -2571.8 -1517.11 4531.25 -1 2
event 1
6601.31 -1343.23 5906.39 9479.34
7867.4 -4765.85 4134.59 10549.6
3607.56 -2090.51 4332.68 6013.98 1 1
2993.75 747.28 1573.71 3465.36 -1 1
5079.48 -1357.25 1759.46 5545.28 -1 2
2787.91 -3408.59 2375.13 5004.34 1 2
event 2
-8221.43 5505.2 2376.33 10636.6
7161.65 -3904.75 -11477.4 14417.3
-5738.48 2031.48 1604.59 6296.26 -1 1
-2482.95 3473.72 771.741 4340.33 1 1
3919.47 -895.241 -7286.24 8322.5 -1 2
3242.18 -3009.51 -4191.19 6094.77 1 2
event 3
543.112 -8944.44 -11342.3 14783
13342 -11411.8 11342.1 21129.9
4506.69 -3562.73 5468.38 7932.07 -1 2
-980.552 -1995.72 -3875.73 4469.55 1 1
8835.33 -7849.08 5873.7 13197.8 1 2
1523.66 -6948.72 -7466.6 10313.5 -1 1
event 4
1692.9 6764.97 -14386.2 16284.4
6804.57 -5903.32 -4650.75 10600.6
3436.58 -2882.07 -4033.37 6032.88 -1 2
-829.875 2282.25 -5561.59 6069.58 1 1
2522.78 4482.72 -8824.56 10214.9 -1 1
3367.99 -3021.24 -617.371 4567.67 1 2
