event 0
-7006.47 4072.37 -6538.73 10863.7
-494.346 -5289.48 -14477.2 15729
1164.19 -3336.73 -7389.35 8191.63 1 2
-3167.71 2610.96 -1522.72 4379.65 -1 1
-1658.54 -1952.75 -7087.85 7537.42 -1 2
-3838.76 1461.41 -5016.01 6484.08 1 1
event 1
8493.07 -7371.08 -29138.2 31386.1
-4804.37 2071.5 18180.3 19169.9
-3051.33 -353.061 9823.17 10292.8 1 2
3747.72 -1479.2 -11789.9 12459.8 1 1
-1753.04 2424.57 8357.09 8877.15 -1 2
4745.35 -5891.88 -17348.2 18926.3 -1 1
event 2
817.863 4907.24 -3918.89 7049.74
3420.64 7888.96 -769.224 9171.89
-647.909 3329.54 -3457.75 4844.88 -1 1
1465.77 1577.7 -461.14 2204.87 1 1
3021.92 3810.67 475.985 4887.83 1 2
398.728 4078.29 -1245.21 4284.06 -1 2
event 3
-10841.4 -3447.71 48980.7 50379.8
-1168.39 6296.28 -12819.9 14661.1
-1277.86 3055.93 -3628.71 4914.3 1 2
-4645.98 -1231.74 14485 15262 -1 1
109.467 3240.35 -9191.14 9746.8 -1 2
-6195.42 -2215.98 34495.7 35117.8 1 1
event 4
-3987.29 -1586.52 -2430.83 5823.72
6566.43 -6890.72 -2653.56 10355.4
-3112.73 377.512 -1357.38 3418.36 1 1
-874.567 -1964.03 -1073.45 2405.36 -1 1
2507.85 -4778.65 -1001.73 5489.94 1 2
4058.58 -2112.08 -1651.83 4865.46 -1 2
event 5
2825.86 4710.94 2521.81 6791.76
-11931.9 -11983.5 -45907.6 49021.2
1963.67 2318.13 -223.216 3048.07 -1 1
862.194 2392.81 2745.02 3743.69 1 1
-8382.51 -8942.45 -29117.6 31592.4 1 2
-3549.4 -3041.06 -16790 17428.7 -1 2
event 6
-7264.01 -2421.6 -4812.81 9559.5
2753.02 6322.05 12547.7 14648.6
1465.06 4262.06 10647.3 11562.3 -1 2
-3319.1 488.207 -1963 3888.36 -1 1
-3944.91 -2909.81 -2849.81 5671.14 1 1
1287.96 2059.98 1900.45 3086.3 1 2
