event 0
-6445.63 705.408 -18293.8 19654.5
16268.3 -2151.86 40613.6 43912.9
3459.45 491.664 6547.55 7422.34 1 2
-1587.08 1270.76 -8032.45 8286.44 1 1
12808.8 -2643.53 34066.1 36490.6 -1 2
-4858.55 -565.354 -10261.4 11368 -1 1
event 1
-2452.68 -6975.55 2798.23 8490.87
2472.27 7271.89 -35105.2 36068.8
2444.29 2723.67 -13345.8 13838.9 -1 2
-726.564 -2014.45 2405.49 3222.33 -1 1
-1726.12 -4961.1 392.74 5268.53 1 1
27.9792 4548.21 -21759.4 22229.9 1 2
event 2
-4000.23 2907.94 12154.4 13482.5
-6344.42 11693.8 35718.6 38241.4
-1355.6 2864.78 6107.79 6881.92 1 1
-2644.63 43.1682 6046.57 6600.61 -1 1
-5256.78 7663.98 21511.5 23433.4 1 2
-1087.65 4029.82 14207.1 14807.9 -1 2
