event 0
-9709.31 5251.63 -43414.9 44903.2
-7486.34 -1852.59 627.685 8334.42
-4114.49 -226.55 -1014.75 4245.15 -1 2
-3244.63 1965.21 -21119.6 21457.8 1 1
-6464.68 3286.42 -22295.4 23445.4 -1 1
-3371.84 -1626.04 1642.44 4089.27 1 2
event 1
-1896.65 11603.5 4428.14 12939.8
11663 1365.57 5768.86 13444.8
5704.5 -266.974 1410.49 5883.31 1 2
304.699 3780.53 2627.52 4615.22 1 1
-2201.35 7823.01 1800.63 8324.59 -1 1
5958.5 1632.54 4358.37 7561.45 -1 2
event 2
6100.67 4102.91 -20395.4 21900.1
-3061.9 -13102.6 -63884.8 65359.8
3118.09 3733.55 -10820.1 11863.7 1 1
2982.58 369.357 -9575.29 10036.4 -1 1
-2910.33 -10701.3 -56920.7 57991 -1 2
-151.564 -2401.26 -6964.11 7368.79 1 2
event 3
-5625.54 -1498.06 -15458.6 16806.2
4857.23 9263.68 -35361.1 37005.5
-3827.28 544.727 -8810.9 9622.26 -1 1
-1798.25 -2042.78 -6647.68 7183.98 1 1
1540.17 6200.84 -21110.6 22056.5 1 2
3317.06 3062.84 -14250.5 14949 -1 2
event 4
3318.53 -19470.1 78908.1 81401.3
1163.29 4079.19 16315.8 17256.5
-789.998 2907.54 6297.09 6981.57 1 2
828.946 -8676.95 40517.7 41444.8 1 1
1953.29 1171.65 10018.7 10274.9 -1 2
2489.58 -10793.2 38390.4 39956.5 -1 1
event 5
-4915.5 -5148.69 20241.3 21678.9
-3259.72 -10328.9 -7738.04 13666.7
-2964.98 -3823.48 9278.16 10464.5 1 1
-1950.52 -1325.21 10963.2 11214.4 -1 1
-379.931 -6110.37 -3694.62 7151.39 1 2
-2879.79 -4218.48 -4043.42 6515.3 -1 2
event 6
2319.61 4110.1 -23316.4 23990
-7138.41 -5593.15 21814.1 23826.1
2813.19 1948.63 -13866.8 14283.2 -1 1
-493.579 2161.47 -9449.56 9706.75 1 1
-3437.73 -3233.69 14955.1 15682.5 -1 2
-3700.68 -2359.46 6858.95 8143.61 1 2
event 7
-17698.4 -10292.2 -103645 105693
5451.33 4830.21 1502.13 8055.78
-9729.08 -7319.04 -63531.6 64687.7 -1 1
-7969.32 -2973.17 -40113.7 41005.7 1 1
3392.29 2732.69 -657.798 4406.71 -1 2
2059.05 2097.52 2159.93 3649.07 1 2
event 8
-4476.86 -8090.99 12642.9 15966.9
-11294.9 1501.49 -16664.1 20423.3
-3433.4 627.098 -7780.22 8527.87 -1 2
-2270.18 -1537.15 2653.63 3817 1 1
-7861.51 874.392 -8883.83 11895.4 1 2
-2206.68 -6553.85 9989.3 12149.9 -1 1
