event 0
6191.91 9167.38 -14501.5 18500.4
-8135.9 2107.79 -19311.9 21288
-4362.76 2394.91 -8733.34 10052.4 -1 2
1145.58 4030.41 -6510.59 7743.09 1 1
5046.33 5136.96 -7990.95 10757.3 -1 1
-3773.15 -287.12 -10578.6 11235.5 1 2
event 1
-2919.05 -8178.88 2165.54 9470.71
-576.282 -4819.06 1905.54 6064.41
-349.592 -5012.67 451.42 5046.19 -1 1
-2569.46 -3166.21 1714.12 4424.52 1 1
-1757.8 -2449.17 477.928 3054.16 -1 2
1181.52 -2369.89 1427.61 3010.25 1 2
event 2
-6993.67 -5616.85 16505.8 19039.2
-4784.58 5178.23 22471.5 23754.3
-893.782 2936.03 11396.7 11803.2 1 2
-1501.99 -1641.51 7121.69 7461.92 -1 1
-5491.67 -3975.33 9384.1 11577.3 1 1
-3890.8 2242.2 11074.8 11951.1 -1 2
event 3
-5543.94 597.56 -13992.7 15377.9
-2510.87 7484.57 3457.78 9158.08
-1556.07 2591.09 2811.94 4129.56 -1 2
-1586.65 1516.22 -3582.7 4202.77 1 1
-954.8 4893.47 645.844 5028.52 1 2
-3957.29 -918.665 -10410 11175.2 -1 1
event 4
-9682.54 -1877.56 -38082 39460.2
-6696.13 5180.92 37642.5 38707
-5336.02 2325.34 22877.1 23606.2 -1 2
-3124.82 -618.548 -7356.03 8016.82 1 1
-6557.72 -1259.01 -30726 31443.4 -1 1
-1360.11 2855.58 14765.4 15100.8 1 2
event 5
4799.5 6074.69 -7443.79 11177.6
-20.5432 -8183.94 -728.237 8780.57
35.2783 -3140.47 -1802.32 3622.61 1 2
399.087 2852.69 -2656.33 3919.74 -1 1
4400.41 3222 -4787.46 7257.81 1 1
-55.8216 -5043.47 1074.09 5157.96 -1 2
