event 0
-6465.84 -2272.71 659.383 7549.69
-6953.19 5715.94 39593.8 40722
-2024.5 2627.57 9293.38 9868.17 -1 2
-2104.51 644.856 663.671 2301.4 -1 1
-4928.69 3088.37 30300.5 30853.8 1 2
-4361.33 -2917.56 -4.28795 5248.29 1 1
event 1
-4606.55 -5678.08 -3500.45 8677.86
-1539.57 8849.26 21572 23571.6
-198.445 6112.47 17080.5 18142.7 1 2
-981.109 -3207.19 -2478.85 4171.87 1 1
-1341.13 2736.79 4491.44 5428.89 -1 2
-3625.44 -2470.9 -1021.6 4506 -1 1
event 2
571.109 8622.91 7693.55 11977.6
4609.83 6581.11 15090.1 17374.3
1847.82 4623.08 4210.04 6520.96 -1 1
-1276.71 3999.83 3483.51 5456.62 1 1
937.307 4023.22 7435.97 8507.04 -1 2
3672.52 2557.89 7654.18 8867.23 1 2
event 3
-859.798 -8867 -7933.79 12324.7
5104.95 2748.3 9655.05 11680.1
2728.58 1793.66 2604.61 4178.22 1 2
892.112 -4100.26 -2496.36 4883.75 1 1
2376.37 954.643 7050.43 7501.88 -1 2
-1751.91 -4766.74 -5437.44 7440.96 -1 1
event 4
-7891.97 -3485.73 8078.77 12218.5
6144.42 -2193.8 -21339.5 22528.5
-3571.81 -3016.59 3107.31 5614.64 -1 1
-4320.16 -469.137 4971.46 6603.83 1 1
3872.65 -469.978 -8181.35 9064.43 -1 2
2271.78 -1723.82 -13158.1 13464 1 2
event 5
-2516.15 13903.2 1201.59 14651.2
5724.6 -3639.27 21521.2 22776.5
2479.17 -2706.89 7456.42 8311.61 1 2
445.455 4404.69 -804.546 4500.91 -1 1
3245.43 -932.381 14064.8 14464.9 -1 2
-2961.61 9498.52 2006.14 10150.3 1 1
event 6
-14063.1 -4307.9 44004.9 46501.1
-249.252 -5352.39 6428.53 8923.43
-1583.58 -2747.69 2593.66 4098.26 1 2
-5142.25 -2862.97 14721.6 15854.8 -1 1
1334.33 -2604.71 3834.87 4825.18 -1 2
-8920.85 -1444.93 29283.3 30646.3 1 1
