event 0
5219.36 -726.515 9042.1 10914.2
-5614.69 4840.31 -526.028 8051.17
-1536.34 3169.53 399.732 3546.44 1 2
1309.8 -1617.02 2706.65 3415.76 1 1
-4078.34 1670.78 -925.76 4504.73 -1 2
3909.57 890.501 6335.45 7498.45 -1 1
event 1
5905.87 -6648.91 10400.7 14030.4
3252.89 -5344.01 -12031.3 13909.8
3002.6 -2334.92 -8121.17 8968.39 1 2
2106.14 -3689.17 3006.91 5205.62 -1 1
250.294 -3009.09 -3910.12 4941.4 -1 2
3799.74 -2959.74 7393.75 8824.78 1 1
event 2
6775.59 4333.76 -18475 20386.4
3588.94 -15044.3 -14514.6 21435.4
5324.52 1697.13 -11369.2 12668.9 -1 1
1451.07 2636.63 -7105.81 7717.59 1 1
3174.06 -8572.47 -7035.72 11535.8 -1 2
414.878 -6471.86 -7478.88 9899.59 1 2
event 3
-3578.76 4271.4 14109.7 15483.2
3150.31 -11365.8 27603.9 30177.3
-3697.48 2255.98 10187.4 11070.5 -1 1
118.719 2015.43 3922.29 4412.66 1 1
3349.42 -6568.61 17500.5 18990.7 1 2
-199.115 -4797.2 10103.3 11186.7 -1 2
event 4
-5140.38 -3640.56 -7856.09 10535
-2521.45 7232.39 19814.1 21467.5
-653.413 3558.2 13078.9 13570.4 1 2
-2198.84 115.746 -1960.79 2950.29 1 1
-2941.54 -3756.31 -5895.3 7584.74 -1 1
-1868.04 3674.18 6735.2 7897.04 -1 2
event 5
10200.8 -6868.71 -3577.76 13176.7
3972.6 6056.52 2629.28 8304.54
2138.76 3392.26 3052.47 5040.87 1 2
2498.12 -3210 -452.268 4093.95 1 1
1833.84 2664.26 -423.183 3263.66 -1 2
7702.66 -3658.7 -3125.49 9082.78 -1 1
event 6
9306.89 -3426.36 -21500.6 23879.3
-4118.45 5133.71 27790.7 28726.9
-1641.82 3770.77 12023.9 12708.3 1 2
4703.94 -1031.84 -13589.9 14418.3 1 1
-2476.63 1362.94 15766.8 16018.6 -1 2
4602.95 -2394.52 -7910.67 9461.02 -1 1
event 7
-7449.22 -3561.78 15205.3 17577.5
-6377.48 -3741.15 -1102.12 8335.12
-3088.28 -912.415 1181.01 3431.6 -1 2
-1651.72 -2360.35 5455.02 6169.92 -1 1
-5797.51 -1201.43 9750.3 11407.6 1 1
-3289.2 -2828.73 -2283.14 4903.52 1 2
event 8
-295.845 6744.53 29980.2 30886.6
-7012.99 11675.3 -51211.4 53081.9
777.161 4900.94 24644 25138.8 -1 1
-1073.01 1843.59 5336.19 5747.71 1 1
-4970.73 6716.36 -26141.6 27444.7 1 2
-2042.25 4958.95 -25069.8 25637.3 -1 2
event 9
-858.292 -7500.52 -891.888 8208.52
-224.997 23836.7 -113089 115616
-244.754 3626.38 -12595.1 13109.5 -1 2
996.843 -3350.26 -1072.25 3657.7 -1 1
19.7571 20210.3 -100494 102506 1 2
-1855.13 -4150.26 180.358 4550.81 1 1
event 10
-717.541 -8812.2 28412 29916.6
-9158.39 -3247.6 16452.8 19357.4
-4084.09 -1720.28 4678.12 6444.77 1 2
-1456.13 -3606.76 9004.21 9808.98 1 1
-5074.3 -1527.32 11774.7 12912.6 -1 2
738.589 -5205.43 19407.8 20107.6 -1 1
event 11
-8996.95 -7093.71 -9031.12 14913.7
-563.205 5926.21 -29186.1 29947.5
-5784.68 -4364.42 -7495.87 10426.4 -1 1
-3212.27 -2729.29 -1535.25 4487.3 1 1
-1800.25 3184.85 -17643.3 18019 -1 2
1237.04 2741.36 -11542.7 11928.6 1 2
