event 0
-5908.96 -4906.54 35926.8 36868.9
-18577.1 -577.217 -39516.4 43778.7
-2902.73 -4154.57 19249.4 19905.7 -1 1
-3006.23 -751.972 16677.5 16963.3 1 1
-10072.7 1021.07 -19505.3 21976.6 1 2
-8504.32 -1598.29 -20011.1 21802.1 -1 2
event 1
-14668.6 -7034.42 24104 29244.6
-1694.32 6132.42 -25334.2 26303.8
290.029 4459.58 -16622.7 17213.3 -1 2
-3096.57 -1537.13 7611.3 8360.29 -1 1
-11572.1 -5497.29 16492.7 20884.3 1 1
-1984.35 1672.84 -8711.54 9090.55 1 2
event 2
-2608.63 -7973.77 -2528.46 9506.12
-6930.02 8035.27 -17587 20772.2
-4402.63 6987 -12256.2 14779.3 1 2
351.464 -4452.28 -1927.62 4865.51 1 1
-2527.39 1048.27 -5330.77 5992.9 -1 2
-2960.09 -3521.49 -600.842 4640.61 -1 1
event 3
-4852.06 1849.72 16714.8 17774.7
8165.08 5486.02 153.881 10314.1
-3038.64 215.413 5417.2 6215.86 1 1
-1813.43 1634.3 11297.6 11558.8 -1 1
4380.57 3913.38 -1200.92 5996.44 1 2
3784.51 1572.64 1354.8 4317.68 -1 2
event 4
7555.92 -314.956 -369.459 8180.4
2792.32 12142.9 34880.9 37168.8
86.3208 5002.22 17100.4 17817.5 -1 2
1765.71 -1023.65 -1065.27 2304.68 -1 1
2706 7140.72 17780.6 19351.3 1 2
5790.21 708.69 695.808 5875.72 1 1
event 5
5914.12 5520.87 718.825 8692.76
2096.77 -8933.77 11440.1 14989.2
1223.18 -3267.19 2236.71 4145.45 -1 2
1528.61 2790.67 -845.756 3294.08 -1 1
873.589 -5666.58 9203.36 10843.7 1 2
4385.51 2730.2 1564.58 5398.68 1 1
event 6
7949.22 -4894.93 -11313.6 14991.3
-4310.17 -5444.27 9925.03 12502.6
3323.31 -3717.6 -6693.23 8347.18 -1 1
4625.92 -1177.33 -4620.35 6644.09 1 1
-2070.68 -3660.51 3517.5 5483.7 -1 2
-2239.49 -1783.76 6407.53 7018.88 1 2
event 7
2806.23 -6584.49 28330.8 29384.6
4364.02 6562.52 -7193.31 11110.6
1615.04 3283.14 -5273.49 6419.36 -1 2
2123.23 -2258.26 16020.9 16318.4 -1 1
683.005 -4326.23 12309.9 13066.3 1 1
2748.98 3279.39 -1919.82 4691.29 1 2
event 8
18639.8 -12079.8 -20410.7 30324.1
-2902.77 -5789.66 -12778.1 14656.5
13727.8 -9228.2 -13315.7 21235.2 -1 1
4911.99 -2851.64 -7094.92 9088.92 1 1
-1235.99 -4214.2 -5583.89 7104.8 -1 2
-1666.78 -1575.46 -7194.18 7551.66 1 2
