event 0
-2570.24 -8754.06 7001.13 11909.9
-5007.62 -1929.09 3318.05 7028.39
-2801.93 -4153.15 3988.25 6404.43 1 1
231.69 -4600.91 3012.89 5505.52 -1 1
-2544.94 -2371.14 2810.59 4473.21 -1 2
-2462.69 442.057 507.457 2555.17 1 2
event 1
-6224.76 5194.92 19496.3 21340.8
1854.24 -10404.3 43239.9 44620.3
2205.13 -4663.59 17464.1 18210.3 -1 2
-2822.53 502.934 5905.51 6565.5 1 1
-3402.23 4691.99 13590.7 14775.3 -1 1
-350.894 -5740.67 25775.8 26409.9 1 2
event 2
-2555.07 -6938.37 -2074.67 8280.37
5428.59 -7381.37 33254.5 34632.4
-2981.36 -3721.99 -1224.04 4924.55 1 1
426.293 -3216.37 -850.631 3355.82 -1 1
3976.82 -5711.29 29137 29956.8 -1 2
1451.76 -1670.08 4117.51 4675.67 1 2
event 3
-6277.61 -3449.68 -29844.5 30847.9
9930.4 -3323.49 -8855.03 14059.3
-3717.25 -764.241 -10874.2 11517.9 1 1
-2560.35 -2685.44 -18970.3 19330 -1 1
5905.58 -3408.43 -4763.79 8318.55 1 2
4024.82 84.948 -4091.23 5740.71 -1 2
event 4
-751.132 8819.4 -8003.53 12328.6
-3324.39 -11320.3 35692.1 37719
-1596.23 -4137.9 9165.39 10182.6 1 2
-313.101 2352.82 -4165.07 4795.08 -1 1
-1728.16 -7182.42 26526.7 27536.4 -1 2
-438.031 6466.58 -3838.46 7533.49 1 1
event 5
-6288.36 -3189.61 38220.2 38988.4
8062.21 -6855.17 -6976.52 13048.2
-3168.64 -3215.64 20077.5 20579 -1 1
-3119.72 26.0281 18142.8 18409.4 1 1
4848.75 -2558.9 -2361.3 5970.36 -1 2
3213.46 -4296.27 -4615.22 7077.83 1 2
event 6
4420.52 -1883.7 -5136.58 7685.33
-6186.53 7121.94 -56316.2 57184.8
3389.37 -88.0979 -4230.87 5422.82 -1 1
1031.15 -1795.6 -905.708 2262.5 1 1
-4625.84 3001.56 -32319.3 32786.5 -1 2
-1560.69 4120.38 -23996.9 24398.3 1 2
event 7
2183.12 -5149.97 -19235.5 20270.2
4799.3 8902.41 -45974.2 47175.2
2711.57 -2798.22 -13406.2 13961.4 1 1
-528.444 -2351.75 -5829.29 6308.87 -1 1
2246.22 4982.9 -31279.7 31753.8 -1 2
2553.08 3919.51 -14694.5 15421.4 1 2
event 8
8293.99 -6967.09 -33900 35723
-3822.72 2917.32 6867.33 8937.36
5963.68 -3037.65 -19761 20863.8 1 1
2330.3 -3929.44 -14139 14859.1 -1 1
-3134.96 789.552 2727.7 4231.18 -1 2
-687.764 2127.77 4139.63 4706.18 1 2
event 9
4962.88 -3384.97 -202.84 6761.66
-15493.8 514.082 5765.14 16827.1
4332.29 -1441.74 -786.439 4634.33 1 1
630.586 -1943.23 583.599 2127.33 -1 1
-8228.15 1168.46 4401.37 9404.84 -1 2
-7265.7 -654.379 1363.78 7422.24 1 2
event 10
7842.13 3800.95 8120.86 12307.9
4708.41 2582.42 -15086.2 16310.2
3273.77 330.575 -10481.4 10986.3 1 2
4013.39 1040.61 2076.47 4638.22 -1 1
1434.64 2251.84 -4604.74 5323.89 -1 2
3828.74 2760.34 6044.39 7669.71 1 1
event 11
5470.6 -504.133 18773 19804
-5775.59 -12582.5 -12538 18933.3
3174.16 1133.52 12038 12501.4 1 1
2296.43 -1637.66 6735.03 7302.56 -1 1
-2582.62 -7711.2 -5602.3 9875.7 1 2
-3192.97 -4871.27 -6935.7 9057.57 -1 2
event 12
-7179.06 -10012.8 -32537.6 34929.6
-5225.69 10898.8 -9244.38 15528.7
-4793.01 -7439.83 -19268.7 21204.2 1 1
-2386.05 -2572.92 -13268.9 13725.5 -1 1
-5385.09 8466.05 -7566.77 12567.4 -1 2
159.401 2432.75 -1677.61 2961.29 1 2
event 13
4469.89 -2000.24 -16853.6 17821.8
9157.68 7011.18 -1552.57 12042.5
2457.56 -1809.86 -5516.45 6305.36 -1 1
2012.34 -190.374 -11337.1 11516.4 1 1
3888.53 4482.98 204.305 5938.91 1 2
5269.15 2528.2 -1756.87 6103.57 -1 2
event 14
-7709.82 -5476.16 -27541.4 29283.9
-6817.07 4263.5 4660.97 9796.2
-3323.55 653.134 2934.91 4483.02 1 2
-2183.09 -38.0258 -5512.45 5930.06 1 1
-5526.73 -5438.13 -22028.9 23353.9 -1 1
-3493.52 3610.37 1726.05 5313.18 -1 2
event 15
16227.5 4919.68 -11153.4 20531
4287.28 4532.42 -23510.6 24520.6
10849.7 3772.65 -5851.62 12892 1 1
5377.75 1147.03 -5301.75 7639.09 -1 1
2153.5 3602.98 -10596.2 11397.8 -1 2
2133.77 929.443 -12914.4 13122.9 1 2
event 16
6686.73 -6543.46 -41873.4 43017.5
-5223.27 -4965.41 33001.8 33921.2
-4673.48 -2533.58 20995.8 21658.6 -1 2
2495.55 -2593.63 -10017.8 10645.3 -1 1
4191.17 -3949.82 -31855.6 32372.2 1 1
-549.787 -2431.83 12006 12262.6 1 2
event 17
-3279.43 -6844.47 18548.8 20279.3
6021.58 -2545.69 11175.6 13312.6
3303.94 -2457.52 4483.35 6088.27 -1 2
-1844.83 -2873.03 12079 12552.8 1 1
-1434.6 -3971.45 6469.77 7726.55 -1 1
2717.64 -88.1723 6692.26 7224.32 1 2
event 18
-7649.9 1320.26 7388.7 11155.6
10941.5 -5137.61 56000.7 57374.1
3168.06 -400.111 19197.6 19461.6 -1 2
-3048.59 -909.839 2196.01 3867.21 1 1
7773.45 -4737.5 36803.1 37912.4 1 2
-4601.31 2230.1 5192.69 7288.39 -1 1
event 19
-12686.1 2764.9 -42514.6 44560.8
-6483.1 -4169.74 -15466.3 17556
-2765.03 -2288.22 -10359 10963.7 1 2
-2773.31 621.906 -5636.57 6313.49 -1 1
-9912.78 2142.99 -36878 38247.3 1 1
-3718.07 -1881.53 -5107.25 6592.37 -1 2
event 20
-2136.84 -5698.06 24779.9 25703.5
6771.57 -6343.34 2061.85 9996.72
1748.5 -3631.25 1303.33 4237.1 1 2
-1786.23 -1089.95 10016.7 10233.5 -1 1
5023.07 -2712.09 758.522 5759.62 -1 2
-350.612 -4608.12 14763.1 15469.9 1 1
event 21
9945.47 1211.84 18319.5 21108.7
-5042.82 4473.46 28016 28981.5
5046.88 1593.34 7065.81 8828.74 1 1
4898.59 -381.502 11253.7 12280 -1 1
-3841.28 2452.02 22909.6 23358.7 -1 2
-1201.55 2021.44 5106.37 5622.82 1 2
event 22
-4988.08 -1225.83 -10298.8 11918.1
8878.13 5761.12 18099.7 21194.4
-2563.1 -2198.05 -5564.24 6509.44 -1 1
-2424.98 972.224 -4734.58 5408.62 1 1
4745.9 3141.03 6718.98 8805.99 -1 2
4132.24 2620.09 11380.7 12388.4 1 2
event 23
5445.59 -2967.3 -16204.2 17624.6
-9908.13 -3763.91 -33747.8 35564.6
2826.04 -2949.03 -11931.1 12611.3 -1 1
2619.55 -18.2722 -4273.18 5013.34 1 1
-5235.16 -2269.94 -23767.8 24443.4 -1 2
-4672.96 -1493.97 -9980.06 11121.2 1 2
event 24
81.7316 -7466.02 -3462.34 8793.58
-6141.48 4210.47 2593.12 8471.18
1105.07 -4005.04 -3059.06 5160.48 1 1
-1023.34 -3460.98 -403.285 3633.1 -1 1
-3907.94 4008.05 2715.49 6222.66 -1 2
-2233.54 202.426 -122.372 2248.52 1 2
event 25
70.9285 5448.51 25903 26650.5
-7975.21 -62977.6 100659 119044
-1482.83 2927.21 12520.8 12944 -1 1
1553.76 2521.3 13382.2 13706.4 1 1
-7012.63 -50595.4 78917.4 94005.5 1 2
-962.579 -12382.2 21741.2 25038.7 -1 2
event 26
1152.36 -10442.1 -17952.3 21029.5
-1730.49 -4429.76 -4263.02 7098
-608.509 -5916.57 -8152.97 10092.5 -1 1
1760.86 -4525.57 -9799.32 10937.1 1 1
-2342.37 -2359.1 -1669.31 3721.53 -1 2
611.878 -2070.66 -2593.71 3376.47 1 2
event 27
7779.83 4956.84 -19722.6 21992.4
2761.58 -8920.15 -15864.4 18667.2
3261.74 3832.13 -11237.7 12313.4 1 1
4518.1 1124.7 -8484.92 9679.01 -1 1
2806.49 -6165.64 -8963.21 11235.7 -1 2
-44.9113 -2754.5 -6901.16 7431.45 1 2
event 28
6677.98 3437.44 -18094.5 19834.7
5221.12 -9173.94 -39023.6 40544.4
4004.04 -6775.64 -23336.4 24628 1 2
1983.1 2458.51 -9220.13 9746.74 -1 1
1217.08 -2398.3 -15687.2 15916.4 -1 2
4694.88 978.933 -8874.41 10087.9 1 1
event 29
-3969.95 5083.83 12642 14526.5
5695 3374.29 502.243 7325.42
3180.29 175.403 649.548 3252.4 -1 2
-102.523 2374.38 3431.56 4175.52 1 1
-3867.42 2709.46 9210.49 10351 -1 1
2514.71 3198.89 -147.305 4073.03 1 2
event 30
-2148.09 -19254.1 64215.9 67146.1
-11834.2 4945.35 32729.7 35289.2
-2481.41 -12970.1 46820.7 48647.4 1 1
333.322 -6284.03 17395.2 18498.8 -1 1
-6205.19 993.948 16839.7 17974.4 -1 2
-5628.97 3951.4 15890 17314.8 1 2
event 31
-10229.2 3364.33 -2780.93 11544.7
6859.69 4517.58 32791.3 33945.9
4149.02 1485.02 21412.3 21861.3 1 2
-4875.25 943.227 -2729.97 5667.6 -1 1
2710.68 3032.56 11379 12084.5 -1 2
-5353.97 2421.11 -50.9609 5877.12 1 1
event 32
546.249 -9942.18 -50604.6 51667.8
-2102.19 5214.3 290.032 6425.26
1607.13 -5884.34 -25848.3 26558.5 -1 1
-1060.88 -4057.84 -24756.3 25109.3 1 1
-2267.94 2621.82 -873.993 3576.66 -1 2
165.75 2592.48 1164.02 2848.6 1 2
event 33
-58.2329 -6628.61 -6119.01 9538.08
1214.75 7693.11 -19867.1 21562.8
1499.86 5372.52 -16816.7 17717.9 1 2
1494.62 -2731.91 -2777.85 4174.31 -1 1
-285.108 2320.6 -3050.47 3844.87 -1 2
-1552.85 -3896.7 -3341.16 5363.78 1 1
event 34
-1959.33 -15398.3 55817.7 58018.6
11519.9 -29906.4 -19765 37780.3
2113.7 -4805.08 -4608 6985.8 -1 2
297.118 -3547.9 9206.58 9871.58 1 1
9406.2 -25101.3 -15157 30794.5 1 2
-2256.45 -11850.4 46611.2 48147 -1 1
event 35
-12790.2 3477.93 848.923 13638.1
5656.2 -3982.97 -26476.8 27540.3
3915.7 -887.885 -13325.7 13917.9 1 2
-6062.34 1896.64 -1120.41 6451.03 1 1
1740.51 -3095.09 -13151.1 13622.5 -1 2
-6727.85 1581.29 1969.33 7187.06 -1 1
event 36
2708.33 6058.74 -24476 25548.1
5440.16 -6403.45 38420 39449.8
63.051 3610.81 -14404.5 14850.7 -1 1
2645.28 2447.93 -10071.4 10697.4 1 1
3959.67 -2507.46 17408.3 18028.5 -1 2
1480.49 -3895.99 21011.7 21421.3 1 2
event 37
6516.14 6460.48 -5975.28 11379.5
2705.87 11024 8804.09 14695.3
2830.77 8705.2 5581.52 10721.9 1 2
3847.67 1900.6 -3525.4 5554.86 -1 1
-124.905 2318.79 3222.57 3973.47 -1 2
2668.46 4559.88 -2449.87 5824.62 1 1
