event 0
8650.26 116.694 18319.6 20494.9
-4212.45 -7581.55 8310.09 12404.6
-690.973 -3414.91 1842.48 3942.71 1 2
1859.78 -1082.69 6017.51 6391.61 -1 1
6790.48 1199.39 12302.1 14103.3 1 1
-3521.48 -4166.64 6467.61 8461.84 -1 2
event 1
6807.4 9188.57 20787.2 23926.3
-7912.7 117.516 -26085.6 27434.9
-3506.08 -1313.51 -9431.36 10147.9 1 2
289.404 2123.93 2758.39 3494.96 -1 1
6517.99 7064.64 18028.8 20431.4 1 1
-4406.62 1431.02 -16654.3 17287.1 -1 2
event 2
-4473.5 5941.44 39020.9 39843.8
7171.97 10570.5 -6544.61 14683.2
-3581.61 2365.63 18249.5 18747.8 1 1
-891.891 3575.81 20771.4 21096 -1 1
3546.06 7017.21 -2698.52 8313.18 1 2
3625.91 3553.28 -3846.09 6369.98 -1 2
event 3
2080.57 5101.11 23832.5 24656.2
-2328.13 -10144.6 878.147 10894.7
-1954.78 -2403.97 54.1158 3100.7 1 2
1907.81 901.239 8301.57 8566.17 1 1
-373.352 -7740.58 824.031 7793.99 -1 2
172.763 4199.88 15530.9 16090.1 -1 1
event 4
10623.2 -110.128 46705.3 47998.3
4386.66 4913.01 7983.73 10803.3
7139.61 -1120.96 26411.5 27382.6 1 1
3483.55 1010.83 20293.8 20615.6 -1 1
1228.31 1922.15 828.892 2429.33 -1 2
3158.34 2990.86 7154.84 8373.96 1 2
