event 0
-9779.38 -3179.46 11305.4 15593.3
8254.23 -12616.2 -28686.3 32554.5
2931.83 -3009.66 -10488.6 11299.3 1 2
-3230.35 -531.639 5702.8 6576.54 1 1
5322.39 -9606.56 -18197.7 21255.1 -1 2
-6549.02 -2647.82 5602.64 9016.73 -1 1
event 1
1424.92 -7718.31 -29838.3 31008.4
2389.51 -10810.7 -34812.9 36662.2
-138.231 -4365.53 -20563 21022 1 1
1563.15 -3352.78 -9275.32 9986.36 -1 1
-155.708 -5963.54 -19924 20798.2 1 2
2545.22 -4847.2 -14888.9 15864 -1 2
event 2
9251.42 7066.12 -4467.18 12847.8
-606.388 -5430.88 32.2272 6281.24
5422.4 5041.06 -4186.08 8505.83 -1 1
3829.02 2025.06 -281.098 4341.94 1 1
-1835.24 -2687.91 -215.634 3263.53 -1 2
1228.85 -2742.97 247.861 3017.71 1 2
event 3
15936.5 -8552.87 -7638.87 19876.3
7238.79 -2572.19 21798.1 23318.7
5852.06 -626.034 15144.5 16248.3 -1 2
3956.71 -1940.71 -3347.81 5535.42 -1 1
11979.8 -6612.16 -4291.06 14340.9 1 1
1386.73 -1946.16 6653.55 7070.46 1 2
event 4
2626.54 -9564.45 30810.3 32515.2
7152.64 -7090.88 -4865.49 11606.2
3179.03 -1143.85 -1706.11 3786.37 1 2
268.742 -1993.68 3136.76 3727.92 1 1
2357.8 -7570.77 27673.5 28787.3 -1 1
3973.61 -5947.02 -3159.38 7819.82 -1 2
