event 0
4844.76 5215.91 -22488.2 23790.4
20128.5 -976.284 -37089.9 42324.5
3136.85 270.484 -8207.14 8790.98 -1 2
127.131 2056.9 -6796.1 7102.47 1 1
16991.6 -1246.77 -28882.8 33533.5 1 2
4717.63 3159.01 -15692.1 16687.9 -1 1
event 1
5140.81 -11799.6 -26117.8 29281.2
5288.25 -16741.1 10207 20542.7
1009.32 -6874.58 2842.39 7507.92 1 2
2239.71 -2022.37 -6655.45 7308.38 -1 1
4278.93 -9866.49 7364.63 13034.8 -1 2
2901.1 -9777.23 -19462.4 21972.8 1 1
event 2
-12633 -9999.68 -29031.3 33346.6
-5354.2 -5256.67 7365.75 10961.2
-3664.67 -3635.14 2910.11 5926.55 -1 2
-2399.28 -3594.51 -8181.85 9253.7 -1 1
-10233.8 -6405.17 -20849.5 24092.9 1 1
-1689.53 -1621.53 4455.64 5034.65 1 2
event 3
-3290.38 -6349.59 20323.1 21766.1
-971.062 -8514.32 15946 18365.7
-1588.22 -6408.01 9611 11660.5 1 2
-879.275 -3157.72 13145.1 13548 -1 1
617.163 -2106.31 6334.96 6705.24 -1 2
-2411.1 -3191.87 7178.07 8218.11 1 1
event 4
-12843.4 -3245.28 -43929.9 45988.1
5208.45 -3478.27 -876.513 7041.71
4680.8 -1469.31 -624.067 4946.65 -1 2
-4307.83 -462.864 -19081.9 19567.9 -1 1
-8535.54 -2782.41 -24848 26420.3 1 1
527.653 -2008.97 -252.446 2095.06 1 2
event 5
2701.11 6703.74 6651.06 10298.7
-12667.6 -7331.34 111.229 14960.6
391.395 4914.04 4403.55 6610.85 -1 1
2309.72 1789.7 2247.51 3687.86 1 1
-7175.04 -5734.81 683.129 9211.25 1 2
-5492.52 -1596.53 -571.899 5749.34 -1 2
event 6
-4912.85 -2535.89 -1967.35 6635.38
41806.5 21990.6 41485.3 62944.4
-4184.51 -566.675 -1130.55 4372.7 1 1
-728.346 -1969.22 -836.798 2262.68 -1 1
25272.3 14515.6 26943.4 39690.7 1 2
16534.2 7475.06 14541.9 23253.7 -1 2
event 7
5243.61 4317.63 -1753.31 7668.28
-9590.5 3879.24 28659.7 30626.7
-2982.31 1495.31 13678.2 14079.6 1 2
1727.55 1253.71 -2092.6 2991.04 -1 1
-6608.19 2383.93 14981.4 16547.1 -1 2
3516.06 3063.92 339.286 4677.24 1 1
