event 0
-8701.36 -5240.74 1732.31 10759.7
8523.19 4574.09 -36086.4 37488.5
5803.89 1546.66 -23740.8 24489.1 1 2
-4812.14 -1424.66 -68.3065 5020.17 -1 1
2719.3 3027.43 -12345.6 12999.4 -1 2
-3889.22 -3816.08 1800.62 5739.5 1 1
event 1
-3961.73 -15971 -5201.47 17533.3
3680.83 3887.88 -768.539 6232.58
3472.89 1833.84 232.683 3935.64 1 2
-2676.32 -7173.04 -3742.07 8522.3 1 1
207.935 2054.04 -1001.22 2296.94 -1 2
-1285.41 -8797.98 -1459.4 9010.98 -1 1
event 2
-4810.34 -7712.84 17048.1 19566.7
7990.64 4134.64 -5253.62 10869.1
-1501.22 -4452.51 6324.77 7879.87 -1 1
-3309.13 -3260.33 10723.3 11686.8 1 1
5567.92 3843.72 -2564.36 7236.22 -1 2
2422.72 290.922 -2689.26 3632.84 1 2
event 3
13788.2 -4809.88 -23731.6 28036.2
-141.331 -5926.5 18040.1 19240
-116.592 -3825.39 15375.3 15844.8 1 2
5633.17 -3499.98 -11526.7 13298.8 1 1
-24.7392 -2101.11 2664.74 3395.18 -1 2
8154.99 -1309.89 -12204.9 14737.4 -1 1
