event 0
5006.78 2560.89 14738 16075.6
-2922.21 12030.3 8552.27 15362.3
3950.99 821.899 7067.3 8139.02 -1 1
1055.8 1738.99 7670.7 7936.6 1 1
-2423.23 6977.77 6649.67 9939.34 -1 2
-498.972 5052.52 1902.61 5422.91 1 2
event 1
-10904.2 -453.855 9498.82 14796.1
-598.003 -6089.57 24233.1 25184.8
-6961.85 -1752.12 5676.25 9152.49 1 1
-3942.32 1298.27 3822.57 5643.63 -1 1
1180.33 -1953.04 6541.24 6928.67 -1 2
-1778.33 -4136.54 17691.9 18256.1 1 2
event 2
2933.42 7099.74 2867.03 8764.81
-1656.02 6548.01 -6310.44 9748.41
-2037.54 2428.04 -3615.8 4809.58 1 2
814.109 2622.08 2631.1 3804.2 -1 1
2119.31 4477.65 235.93 4960.61 1 1
381.513 4119.97 -2694.64 4938.82 -1 2
event 3
-360.58 4912.41 -5684.17 8134.05
-6209.88 -11607.8 3505.51 13970.7
1135.73 3552.7 -3098.75 4850.26 -1 1
-1496.31 1359.71 -2585.42 3283.8 1 1
-4338.33 -5596.08 2872.1 7641.81 -1 2
-1871.54 -6011.68 633.41 6328.93 1 2
event 4
7455.19 -6.75904 9509.32 12473.9
-3880.8 -12888.3 -60645.7 62198.6
-2530.25 -9935.65 -51000.9 52021.4 1 2
3373.79 1535.79 4387.5 5744.77 1 1
-1350.56 -2952.66 -9644.81 10177.2 -1 2
4081.4 -1542.55 5121.82 6729.16 -1 1
event 5
-7976.63 -820.076 -24021.6 25513.3
-1630.85 6011.31 -5967.06 9164.49
83.525 3507.25 -4719.75 5881.75 1 2
-3714.59 -1542.17 -8559.26 9457.73 -1 1
-1714.38 2504.06 -1247.32 3282.74 -1 2
-4262.04 722.095 -15462.4 16055.6 1 1
