event 0
-12189 -7459.52 803.736 14644.2
3490.24 5222.39 4184.97 8158.52
2763.28 2163.05 930.857 3632.1 1 2
-5863.87 -3094.75 -1110.82 6723.66 -1 1
726.958 3059.35 3254.11 4526.42 -1 2
-6325.11 -4364.77 1914.56 7920.54 1 1
event 1
-7633.83 -1088.51 2968.66 8823.98
-4639.47 11191.9 -7751.54 14712.6
-2791.06 3780.94 -1817.63 5039.89 -1 2
-1859.95 -784.3 -497.847 2081.72 1 1
-1848.41 7411.01 -5933.91 9672.75 1 2
-5773.88 -304.214 3466.51 6742.26 -1 1
event 2
2779.53 -5300.51 301.917 6745.62
-11955 8600.51 -2283.18 15221.5
3219.92 -3229.84 614.421 4603.09 1 1
-440.39 -2070.67 -312.504 2142.53 -1 1
-7220.57 6416.75 -2577.76 9998.37 -1 2
-4734.41 2183.76 294.583 5223.16 1 2
event 3
5102.91 -1802.76 2861.6 6860.71
6408.48 18737.3 26590.2 33298.4
2396.91 -1842.79 151.162 3029.04 -1 1
2706 40.0319 2710.44 3831.67 1 1
4639.12 12286.7 19852.9 23804 -1 2
1769.36 6450.62 6737.3 9494.39 1 2
event 4
4140.72 -7237.72 21832.6 23575.1
1972.04 -19580.3 27507.8 33963.9
-271.721 -5466.75 5813.41 7985.37 -1 2
987.496 -2199.59 3141.89 3961.81 1 1
2243.76 -14113.5 21694.4 25978.5 1 2
3153.22 -5038.13 18690.7 19613.3 -1 1
event 5
-1626.45 -4984.14 -499.588 6109.64
-2515.36 -9793.14 29033 30898.8
37.8691 -3104.06 -1443.45 3425.11 1 1
-1664.32 -1880.08 943.867 2684.53 -1 1
-1807.73 -5370.4 11762.2 13056.4 1 2
-707.624 -4422.74 17270.8 17842.4 -1 2
