event 0
-3867.85 4822.86 -16593.2 17976.2
827.997 -7151.3 9230.55 12108.8
1646.37 -2607.82 2637.7 4059.54 1 2
-390.426 2528.53 -4404.09 5094.42 1 1
-818.369 -4543.48 6592.86 8049.21 -1 2
-3477.43 2294.33 -12189.1 12881.8 -1 1
event 1
11307.3 -3919.05 14100.9 18752
-720.555 4445.33 10022 11415.5
1083.53 2862.48 5533.91 6324.8 1 2
4886.62 -3326.89 6771.61 8989.61 1 1
-1804.09 1582.85 4488.14 5090.65 -1 2
6420.63 -592.158 7329.26 9762.39 -1 1
event 2
2069.11 9872.92 2905.92 10945
-8621.9 1022.32 5428.72 10697.9
-4021.95 -1026.22 2029.85 4621.76 -1 2
860.454 1983.91 1936.29 2904.59 1 1
1208.65 7889.01 969.634 8040.44 -1 1
-4599.95 2048.53 3398.88 6076.14 1 2
event 3
3793.43 6387.15 10180.4 12977.6
-6956.69 7662.73 56239.8 57267.9
909.711 4014.92 3909 5677.91 -1 1
2883.72 2372.23 6271.44 7299.69 1 1
-3241.68 5703.97 36651.2 37233.9 1 2
-3715.01 1958.77 19588.6 20034 -1 2
event 4
6934.05 2813.42 2453.11 8461.98
-635.758 10615.2 -6679 12934
-1209.46 2935.6 -889.739 3298.99 1 2
2879.52 1151.58 2641.03 4074.8 1 1
573.706 7679.63 -5789.26 9634.97 -1 2
4054.53 1661.84 -187.929 4387.18 -1 1
event 5
258.695 -10470.4 5805 12368.7
2249.55 -5354.41 -145.753 6583.5
643.005 -3879.2 -1262.05 4131.06 1 2
-736.241 -5096.4 4271.84 6691.42 1 1
1606.55 -1475.2 1116.3 2452.45 -1 2
994.936 -5374.03 1533.16 5677.31 -1 1
event 6
11566.6 -2177.18 6844.62 13963
11093.3 -2791.51 -3394.25 12327.5
6192.14 115.287 2493.43 6677.14 1 1
5374.48 -2292.47 4351.19 7285.91 -1 1
6273.03 -323.435 -837.259 6337.8 -1 2
4820.29 -2468.08 -2556.99 5989.66 1 2
event 7
802.666 -7787.21 2679.54 8834.91
6354.84 -1912.37 -1266.77 7432.15
4198.77 -2523.33 -1620.85 5160.92 1 2
1879.73 -3719.68 1767.43 4528.17 -1 1
2156.08 610.953 354.08 2271.23 -1 2
-1077.06 -4067.53 912.111 4306.74 1 1
event 8
-3624.29 -5855.72 1958.62 7800.77
-9607.84 -5423.44 -15960.4 19648.1
-3107.29 -2763.89 2102.13 4660.95 1 1
-517 -3091.83 -143.51 3139.82 -1 1
-5741.42 -3883.58 -7464.39 10187 1 2
-3866.42 -1539.86 -8496 9461.16 -1 2
