event 0
-483.305 9820.39 46365 47497.2
-8902.28 -10119.5 9645.6 16860.7
-8357.3 -7798.56 7714.06 13790.6 1 2
680.946 4575.94 27299.8 27689.2 1 1
-544.979 -2320.92 1931.54 3070.13 -1 2
-1164.25 5244.45 19065.3 19808 -1 1
event 1
6166.56 -3595.65 1323.54 7892.9
14161.5 -30748.2 -70769.4 78510.5
2683.89 -3592.31 -8334.08 9464.46 1 2
2190.11 -1390.75 2022.72 3291.4 -1 1
11477.6 -27155.9 -62435.3 69046.1 -1 2
3976.45 -2204.91 -699.18 4601.5 1 1
event 2
20817.8 21946 -61101.7 68249.6
-6819.47 3956.37 -7229.61 11136.1
-3786.1 2992.82 -2505.22 5438.64 -1 2
2264.84 2332.8 -4659.83 5683.01 -1 1
18553 19613.2 -56441.9 62566.6 1 1
-3033.37 963.549 -4724.39 5697.44 1 2
event 3
1574.31 -8864.85 -30152.8 31620.3
-3328.06 4509.9 13657.9 15084.5
1415.88 -4924.53 -12084.2 13126.1 -1 1
158.429 -3940.32 -18068.6 18494.3 1 1
-2044.72 720.368 3023.49 3721.88 -1 2
-1283.35 3789.53 10634.4 11362.6 1 2
event 4
6450.33 4153.41 9497.23 12595.5
2010.17 7024.88 -39726.2 40511.2
-207.219 4323.79 -18582.9 19080.7 1 2
3987.39 827.725 5467.29 6818.12 1 1
2217.38 2701.09 -21143.3 21430.5 -1 2
2462.95 3325.68 4029.94 5777.35 -1 1
event 5
3393.26 9586.22 -34248.2 35860
7370.55 490.419 -26452 27638.1
4079.39 1404.34 -18236.3 18740 -1 2
-154.484 3650.71 -10107.1 10747.8 -1 1
3547.74 5935.51 -24141.1 25112.2 1 1
3291.17 -913.925 -8215.7 8898.08 1 2
event 6
-15.8215 -8676.15 6690.26 11385.4
-10618.1 3541.26 12702 17210.9
916.424 -5371.03 2583.68 6031.12 1 1
-932.245 -3305.12 4106.58 5354.26 -1 1
-7721.23 3948.7 9131.69 12594 -1 2
-2896.87 -407.441 3570.28 4616.92 1 2
event 7
-4292.18 -8124.97 19909.7 22145.6
-6821.47 -4073.71 23220.1 24736.5
-2676.22 -2281.35 6216.86 7143.33 -1 2
191.552 -2434.03 5400.47 5927.68 1 1
-4483.73 -5690.94 14509.3 16217.9 -1 1
-4145.25 -1792.37 17003.3 17593.1 1 2
