event 0
9581.04 -4853.16 -39719.5 41262.3
2991.81 6608.19 11183.5 13685
2461.06 2070.01 3577.87 4811.87 -1 2
2345.13 189.309 -8030.94 8369.14 -1 1
7235.91 -5042.47 -31688.6 32893.2 1 1
530.747 4538.18 7605.61 8873.18 1 2
event 1
-9248.54 12107.3 20172.2 25468.2
4542.73 -3022.92 1744.68 6512.19
-4336.19 7760.67 12988.7 15740 1 1
-4912.35 4346.62 7183.45 9728.18 -1 1
2291.82 -3268.12 1323.9 4206.77 -1 2
2250.91 245.198 420.781 2305.42 1 2
event 2
5496.1 -6367.22 -43583.5 44495.6
13562.6 -11187.2 -76598.2 78650.9
3335.77 -5839.31 -31762.2 32466.5 -1 1
2160.33 -527.907 -11821.3 12029.1 1 1
7872.76 -7458.6 -52631.5 53737.3 -1 2
5689.86 -3728.63 -23966.7 24913.6 1 2
event 3
34347.2 2448.91 93844.3 100010
4122.86 -2438.47 15738.1 16739.9
2942.29 -589.096 5474.63 6243.94 1 2
9029.56 -692.329 23866.7 25527.3 -1 1
1180.57 -1849.37 10263.5 10495.9 -1 2
25317.6 3141.24 69977.7 74483.1 1 1
event 4
-3752.72 -3533.52 -8228.56 10191.8
2599.1 -12263.5 32214.3 34705.9
-3357.5 -1272.26 -5985.22 6980.36 -1 1
-395.218 -2261.26 -2243.34 3211.42 1 1
2921.36 -7212.44 21220.7 22602.7 1 2
-322.257 -5051.02 10993.7 12103.2 -1 2
