event 0
9474.31 1440.49 33032.2 34533.3
-6243.47 1457.42 804.714 7165.44
-3880.92 2368.33 870.648 4630.31 -1 2
3019.03 487.4 16076.2 16364.8 1 1
6455.28 953.09 16956 18168.6 -1 1
-2362.54 -910.917 -65.9337 2535.13 1 2
event 1
8712.63 -1227.1 1836.42 9506.77
7426.39 12222.2 -48565.5 50722.1
4432.67 -1451.97 2287 5195.99 1 1
4279.96 224.875 -450.577 4310.78 -1 1
5304.37 5832.77 -25052.2 26263.6 -1 2
2122.03 6389.44 -23513.3 24458.4 1 2
event 2
7630.83 11714.8 -64276 65851.8
-7197.5 5903.07 6587.06 11816.6
2940.5 6665.98 -28403.4 29323.1 1 1
4690.33 5048.87 -35872.6 36528.6 -1 1
-4761.78 3867.97 2463.4 6611.75 -1 2
-2435.72 2035.1 4123.66 5204.82 1 2
event 3
527.1 9767.75 7464.42 12688.4
-1071.27 7313.9 16397.8 18251.5
-1428.79 3030.17 4577.38 5673.36 1 2
299.062 2477.44 392.179 2528.26 1 1
228.039 7290.31 7072.24 10160.1 -1 1
357.516 4283.73 11820.4 12578.2 -1 2
event 4
24961.1 37305.2 94262.4 104450
4443.28 1077.21 2982.78 6276.26
3160.57 -630.182 1042.17 3388.75 1 2
10777.1 16280.4 44579.3 48667.5 -1 1
1282.71 1707.39 1940.62 2887.51 -1 2
14184 21024.8 49683 55782.1 1 1
