event 0
15599.7 2660.82 8843.44 18390.9
-5384.2 -1908.47 15219.8 16548.8
9316.71 2047.56 6938.49 11796.1 -1 1
6282.95 613.262 1904.95 6594.81 1 1
-3727.31 -276.641 6260.47 7292.05 -1 2
-1656.89 -1631.83 8959.29 9256.79 1 2
event 1
9458.22 1334.69 -2144.24 10267.8
1015.86 4810.06 14868.3 15963.2
-755.595 2909.88 5856.76 6584.16 1 2
3582.01 1789.29 -1716.04 4357.55 1 1
1771.45 1900.18 9011.5 9379.08 -1 2
5876.22 -454.598 -428.204 5910.25 -1 1
event 2
5418.7 -6120.47 -3987.16 9607.84
9198.66 6052.69 -13659.1 17816.1
2603.63 3503.87 -5315.94 6879.42 -1 2
3757.79 -2020.26 -2463.79 4927.87 -1 1
6595.03 2548.82 -8343.19 10936.7 1 2
1660.91 -4100.21 -1523.37 4679.97 1 1
event 3
6415.73 -5604.84 31956.2 33217
1732.52 5166.29 24629.5 25414.4
2379.91 -3804.69 19158.7 19677.6 -1 1
4035.81 -1800.16 12797.4 13539.4 1 1
-367.999 3626.34 13503.5 13987.2 -1 2
2100.52 1539.95 11126 11427.3 1 2
event 4
-11723.6 1284.4 -8893.6 15092.4
6594.23 -2933.78 -24286.4 25602.9
4004.25 -330.814 -16658.2 17136.2 -1 2
-3485.76 1709.66 -3561.89 5269.88 -1 1
-8237.89 -425.257 -5331.71 9822.52 1 1
2589.98 -2602.96 -7628.18 8466.62 1 2
