event 0
6308.58 1228.49 18689 20004.4
6660.9 2926.65 24724.8 25958.4
2067.55 2223.99 12897.5 13250.5 -1 2
1788.33 939.654 10027.5 10229.5 -1 1
4593.35 702.652 11827.3 12707.8 1 2
4520.25 288.84 8661.53 9774.93 1 1
event 1
6360.3 18683.1 -56796.6 60207.6
-7134.08 820.646 10277.6 13068.5
4751.93 9170.79 -29530.4 31284.9 1 1
1608.37 9512.3 -27266.2 28922.8 -1 1
-3809.97 -1324.14 6103.43 7316.57 -1 2
-3324.11 2144.78 4174.16 5751.92 1 2
event 2
-3129.63 7020.65 33221.5 34239.5
-9267.48 13433.4 38337 41781.1
-1328.88 5547.38 27003.1 27599.2 -1 1
-1800.75 1473.27 6218.47 6640.31 1 1
-6295.06 6744.98 19533.1 21602.7 -1 2
-2972.42 6688.39 18803.9 20178.4 1 2
event 3
4886.61 3180.41 -20290.3 21337.3
11043.4 -15815.8 66340.6 69157.5
2530.39 2410.97 -7083.88 7899.88 1 1
2356.22 769.437 -13206.4 13437.4 -1 1
7130.59 -8094.32 33435.4 35132.6 -1 2
3912.76 -7721.45 32905.2 34024.9 1 2
event 4
21.2473 -10744.3 738.421 11206.1
7214.79 85.5629 -15648.1 17507.6
-1301.2 -6043.73 -382.479 6194.93 1 1
1322.45 -4700.56 1120.9 5011.16 -1 1
2110.28 569.048 -2148.59 3066.7 -1 2
5104.51 -483.485 -13499.5 14440.9 1 2
event 5
3875.03 6332.21 21717.4 23159.2
-5818.28 -8444.98 -18740.1 21585.9
3400.95 2605.62 11627.4 12392.1 1 1
474.072 3726.59 10090 10767.2 -1 1
-4739.05 -6176.75 -16385.9 18141.7 -1 2
-1079.23 -2268.23 -2354.18 3444.25 1 2
event 6
-5878.07 401.279 5137.2 8408.01
10626.2 3100.41 -21271.6 24178.5
-3381.86 -1237.58 3388.75 4946.04 1 1
-2496.21 1638.86 1748.45 3461.96 -1 1
6264.71 1822.51 -15600.4 16910.1 1 2
4361.49 1277.9 -5671.15 7268.34 -1 2
