event 0
-5260.37 -18781 55285.7 58706.9
-3555.92 -6068.3 12845.8 14969.1
-4946.69 -13503.1 37994 40624.6 1 1
-313.684 -5277.91 17291.7 18082.3 -1 1
-1299.84 -4239.54 9812.11 10768.1 -1 2
-2256.08 -1828.76 3033.68 4201.03 1 2
event 1
4789.3 -6533.34 12462.7 15183.4
4394.74 3311.98 -5316.16 8254.39
1303.91 -4318.6 5879.79 7411.72 -1 1
3485.39 -2214.74 6582.93 7771.69 1 1
2855.94 1370.67 -4751.15 5711.37 -1 2
1538.8 1941.3 -565.011 2543.02 1 2
event 2
-5902.31 -3696.79 -32736.2 33611.8
6582.47 -5738.66 7876.28 12160.9
-2393.72 -3241.25 -19362.5 19777.6 1 1
-3508.58 -455.542 -13373.8 13834.2 -1 1
3882.91 -2639.96 2290.3 5225.23 -1 2
2699.56 -3098.7 5585.98 6935.7 1 2
event 3
2636.71 9682.82 4291.98 11345.5
1219.31 -10043.3 -2847.47 10956.9
1339.57 5378.53 695.163 5587.26 -1 1
1297.14 4304.29 3596.82 5758.28 1 1
2159.16 -7109.33 -1443.67 7569.67 -1 2
-939.851 -2933.96 -1403.8 3387.22 1 2
event 4
-10301.7 -2918.71 -575.799 11161
-3327.3 -4307.36 10906.1 12576.1
-6536.09 -1551.78 -1827.22 6962.64 1 1
-3765.66 -1366.93 1251.42 4198.32 -1 1
-2753.48 -1830.66 3854.61 5079.59 -1 2
-573.817 -2476.69 7051.48 7496.52 1 2
event 5
-7223.46 2629.03 -14597.3 16785.8
6.18607 6259.36 -11424.1 13389.5
-1474.4 4077.9 -7399.82 8577.39 1 2
-3587.28 450.306 -9439.81 10109 1 1
1480.59 2181.46 -4024.23 4812.12 -1 2
-3636.18 2178.72 -5157.48 6676.78 -1 1
event 6
3903.41 -2720.18 2542.18 6220.1
-11609.4 2671.88 -14248.6 18829
1769.5 -2726.53 2467.51 4082.26 1 1
2133.91 6.34342 74.6687 2137.83 -1 1
-6715.79 2857.15 -9741.53 12172.7 1 2
-4893.63 -185.274 -4507.12 6656.36 -1 2
event 7
8626.09 -285.804 -1071.93 9232.19
5773.49 375.092 5129.58 8329.32
4246.83 -1138.79 3207.64 5443.58 -1 2
4031.69 1407.78 -535.643 4305.17 1 1
4594.4 -1693.58 -536.288 4927.02 -1 1
1526.66 1513.88 1921.93 2885.74 1 2
event 8
3274.04 -5931.94 8475.62 11284.2
7858.12 92.1543 5500.86 10080.1
3377.35 947.62 950.032 3635.69 1 2
1814.57 -1790.18 5241.64 5829.53 -1 1
4480.77 -855.466 4550.83 6444.4 -1 2
1459.46 -4141.76 3233.98 5454.72 1 1
event 9
-5135.07 -5980.32 4201.8 9454.07
-7083.74 2800.89 2017.98 8466.84
-5394.05 605.562 1044.11 5528.45 1 2
-3710.99 -1969.72 1868.12 4599.17 -1 1
-1689.69 2195.33 973.872 2938.39 -1 2
-1424.08 -4010.6 2333.68 4854.91 1 1
event 10
7488.74 1763.17 -21438 22986.3
3086.34 4780.28 -7159.67 9655.48
1147.32 4266.6 -5457.9 7022.82 -1 2
3484.89 -748.058 -9138.88 9809.91 -1 1
4003.84 2511.23 -12299.2 13176.4 1 1
1939.03 513.679 -1701.77 2632.66 1 2
event 11
4056.59 -5872.17 -3205.92 8414.69
-7865.84 4322.97 -9542.8 13461.6
1394.54 -4033.06 -2905.14 5163.46 1 1
2662.05 -1839.11 -300.776 3251.23 -1 1
-5761.33 2589.04 -4596.41 7812.44 -1 2
-2104.51 1733.93 -4946.39 5649.19 1 2
event 12
9162.17 9135.3 7134.34 15096
8730.58 -1568.01 -9202.54 13151.4
4597.13 -842.145 -2662.24 5379.73 1 2
4193.03 2165.35 2963.23 5573.34 -1 1
4133.45 -725.863 -6540.3 7771.68 -1 2
4969.14 6969.95 4171.11 9522.7 1 1
event 13
16072.7 -17452.8 4521.75 24350.9
7725.2 8113.43 -514.963 11634.5
8740.02 -11228.4 1723.96 14333.5 -1 1
7332.66 -6224.32 2797.79 10017.4 1 1
6354.29 4680.7 -754.942 7928.88 -1 2
1370.91 3432.73 239.979 3705.64 1 2
event 14
1567.28 6946.15 32001 32929.6
-12768 2296.59 -57280.5 58812.7
-387.343 3738.52 11882.8 12463.5 -1 1
1954.63 3207.63 20118.2 20466.1 1 1
-6144.23 2606.1 -30725.7 31442.4 -1 2
-6623.77 -309.51 -26554.8 27370.4 1 2
event 15
4650.36 9191.16 -3379.14 11274.4
2779.1 6190.56 16234.8 17866.4
4571.2 6088.87 -2816.61 8118.79 -1 1
79.1609 3102.29 -562.523 3155.64 1 1
87.434 2827.01 4041.61 4934.1 -1 2
2691.66 3363.56 12193.2 12932.3 1 2
event 16
6268.3 -191.011 8269.66 11013.7
-2115.23 10042.5 -933.731 10760.6
4268.04 -88.0772 7891.38 8972.68 -1 1
2000.26 -102.934 378.276 2041.05 1 1
-2120.64 5122.91 -1655.06 5787.2 1 2
5.41041 4919.62 721.328 4973.35 -1 2
event 17
-5836.17 8427.2 9802.74 14654.6
-4930.59 -6575.26 -42268.5 43171.3
-734.317 -3415.57 -18763.9 19086.7 -1 2
-1794.35 1909.72 628.753 2696.89 -1 1
-4041.82 6517.48 9173.99 11957.7 1 1
-4196.27 -3159.69 -23504.6 24084.6 1 2
event 18
-6643.45 323.959 -4922.43 8835.27
-6288.23 4640.31 2775.55 8852.77
-3779.17 1704.52 -2574.12 4881.06 1 1
-2864.28 -1380.56 -2348.3 3954.21 -1 1
-3955.08 3909.35 629.065 5597.55 -1 2
-2333.15 730.961 2146.49 3255.22 1 2
event 19
3790.84 -4143.44 22518 23413.4
-5140.41 24584.1 20419.3 32516.8
3120.35 -2089.52 18202.5 18586.1 -1 1
670.483 -2053.92 4315.5 4827.3 1 1
-3260.2 13692 13326.3 19383 1 2
-1880.21 10892.1 7092.95 13133.7 -1 2
event 20
-5309.31 3425.65 22321.6 23404.5
10178.3 -1797.3 12171.6 16265.5
-3561.88 806.962 8954.02 9670.77 1 1
-1747.44 2618.69 13367.6 13733.7 -1 1
5493.43 501.363 7058.1 8958.63 -1 2
4684.83 -2298.66 5113.53 7306.9 1 2
event 21
6708.33 -901.015 -3576.09 8257.9
-6957.43 -6049.61 12281.7 15666.3
3915 1017.2 -2121.97 4569.01 1 1
2793.33 -1918.22 -1454.12 3688.89 -1 1
-4455.01 -4401.69 5852 8571.99 -1 2
-2502.41 -1647.92 6429.66 7094.32 1 2
event 22
3636.17 -6594.86 -25215.2 26497.4
7774.25 3234.65 -39360.3 40369.9
3215.54 2768.56 -22542.2 22938.3 1 2
362.196 -2639.71 -12558.6 12838.6 1 1
3273.97 -3955.15 -12656.6 13658.8 -1 1
4558.72 466.095 -16818.1 17431.6 -1 2
event 23
3449.32 -3018.62 -20986 21702.9
10266 -5847.79 9971.85 15767.5
1030.94 -2898.49 -10606.3 11044 -1 1
2418.37 -120.13 -10379.7 10658.9 1 1
6632.36 -3576.26 4361.33 8706.91 -1 2
3633.63 -2271.53 5610.52 7060.61 1 2
event 24
-4228.28 -2904.51 27491.9 28137.3
-4745.58 8274.52 2728.58 10584.1
-2114.26 -3218.23 17541.4 17959.3 1 1
-2114.02 313.719 9950.54 10178 -1 1
-3898.58 3289.11 767.378 5159.19 -1 2
-846.999 4985.41 1961.21 5424.87 1 2
event 25
-5082.18 19325.7 906.585 20340.2
8751.28 -8543.33 -70421.1 71542.2
2792.39 -4739.76 -27895.6 28433.1 -1 2
-1164.93 2666.4 -1092.32 3109.83 1 1
-3917.25 16659.3 1998.9 17230.3 -1 1
5958.89 -3803.57 -42525.4 43109.2 1 2
event 26
-4289.34 -7295.33 10661.7 13960.1
-10863.3 -3803.9 1720.85 12043
-3352.17 -3182.39 4222.64 6261.51 1 1
-937.169 -4112.93 6439.11 7698.56 -1 1
-7076.48 -3991.9 1245.99 8220.43 -1 2
-3786.8 187.997 474.859 3822.54 1 2
event 27
-9890.79 2851.39 5620.11 12129.9
-8747.55 -7044.46 -9746.2 15189.6
-2076.49 -3029.07 -4457.24 5776.26 1 2
-2371.64 2136.82 1764.84 3649.18 -1 1
-6671.06 -4015.39 -5288.96 9413.32 -1 2
-7519.15 714.57 3855.27 8480.71 1 1
event 28
-7363.06 6.37248 -33838.1 34768.1
-5542.43 -3001.7 -33498.9 34227.1
-2920.51 -3254.62 -19901 20376 -1 2
-2626.6 -1461.04 -14007.7 14326.9 -1 1
-4736.46 1467.41 -19830.4 20441.2 1 1
-2621.93 252.921 -13597.9 13851.1 1 2
event 29
7841.87 -8983.48 -2032.41 12486.8
5435.11 -1038.37 -2430.42 6791.05
3001.71 -5324.58 -86.2859 6113.92 -1 1
4840.16 -3658.9 -1946.13 6372.85 1 1
2767.81 -2088.09 -1207.84 3673 -1 2
2667.3 1049.72 -1222.58 3118.05 1 2
event 30
-3771.35 -6332.49 1449.6 8125.01
8985.16 -4885.31 32807.1 34503.6
2028.32 -2714.56 9830.1 10398.3 -1 2
-466.834 -2235.79 -768.858 2412.26 -1 1
6956.84 -2170.76 22977 24105.3 1 2
-3304.52 -4096.7 2218.46 5712.75 1 1
event 31
6782.98 1020.23 2658.99 7981.9
-3056.9 -7281.58 3948.69 9356.76
-487.525 -3163.61 174.647 3207.46 -1 2
2995.24 -316.958 2572.98 3962.74 -1 1
-2569.38 -4117.96 3774.04 6149.3 1 2
3787.75 1337.19 86.0068 4019.16 1 1
event 32
-9889.6 -4670.23 -13990.5 18026.1
-5552.71 2730.53 6392.45 9420.38
-6664.15 -4662.38 -9752.96 12699.6 -1 1
-3225.45 -7.85217 -4237.5 5326.46 1 1
-727.981 1880.34 1900.48 2772.84 -1 2
-4824.73 850.191 4491.97 6647.54 1 2
event 33
-2254.14 21901.8 -65710.8 69370.6
4247.08 1577.18 -16054.7 16966.9
2359.14 2448.45 -9618.37 10202.2 1 2
-2244.32 8806.3 -29231.3 30611.6 -1 1
1887.95 -871.269 -6436.33 6764.69 -1 2
-9.82283 13095.5 -36479.5 38759 1 1
event 34
12321 -3769.11 31384.5 34067.5
-1194.09 5301.55 -853.511 6312.71
7832.94 -1538.3 22384.6 23765.6 -1 1
4488.07 -2230.81 8999.9 10301.9 1 1
-1843.93 3048 506.111 3599.68 -1 2
649.84 2253.55 -1359.62 2713.03 1 2
event 35
7852.48 -4081.44 10662.5 14198.6
2702.04 -9287.66 -4794.28 11231.1
3925.85 -3557.83 4989.14 7278.26 1 1
3926.63 -523.613 5673.33 6920.29 -1 1
2691.08 -5703.7 -4246.87 7604.03 -1 2
10.953 -3583.96 -547.41 3627.08 1 2
event 36
-4682.03 7494.36 -322.652 9369.19
-3081.12 -11274.3 -28779.5 31216.3
-2084.15 -2987.24 -10680.5 11285.1 -1 2
-119.278 2818.71 63.3941 2823.92 1 1
-996.967 -8287.02 -18099 19931.2 1 2
-4562.76 4675.65 -386.046 6545.28 -1 1
event 37
-4757.49 6753.27 35997.7 37063
-7417.66 4390.35 18700.2 20822.7
-4389.82 3146.29 8165.35 9790.49 1 2
-767.282 3739.75 15228.8 15700.4 1 1
-3027.84 1244.06 10534.9 11032.2 -1 2
-3990.21 3013.52 20768.8 21362.5 -1 1
event 38
506.107 10948.9 -13796.2 17890.3
-5019.9 1019.76 -10839.7 12382.6
-686.876 6530.4 -6261.89 9074.16 1 1
1192.98 4418.54 -7534.35 8816.14 -1 1
-2493.94 1719.5 -7795.74 8364.27 -1 2
-2525.96 -699.738 -3043.94 4018.32 1 2
event 39
1260.67 10698.4 7336.7 13396.4
2779.49 -3291.29 -11012.2 12223.6
2954.92 -1212.13 -7178.14 7857.33 1 2
829.846 3940.88 4539.45 6069.34 1 1
-175.428 -2079.16 -3834.03 4366.31 -1 2
430.82 6757.54 2797.26 7327.06 -1 1
event 40
-11165.9 -2559.26 5705.5 13167.2
-2355.24 -5099.36 -14718.2 16055.1
-2651.78 -2737.65 -10970.2 11613.9 1 2
-5361.74 -48.3678 3760.4 6549.99 -1 1
296.54 -2361.7 -3748.01 4441.21 -1 2
-5804.12 -2510.9 1945.1 6617.18 1 1
event 41
-7157.09 5241.78 -2767.33 9795.38
2115.45 -6046.92 -2211.74 7451.43
-3816.7 2366.53 174.215 4495.46 1 1
-3340.4 2875.25 -2941.55 5299.93 -1 1
1557.91 -3029.48 385.449 3429.95 -1 2
557.544 -3017.44 -2597.19 4021.48 1 2
event 42
2060.43 4777.05 12197.4 13617.4
-3061.18 7523.77 4162.97 9638.4
60.8168 3198.6 8839.07 9400.81 -1 1
1999.61 1578.44 3358.33 4216.57 1 1
-259.57 4338.81 1370.12 4558.62 -1 2
-2801.61 3184.96 2792.85 5079.78 1 2
event 43
6908.51 3487.01 -25396.1 26729
5777.88 3515.44 6062.23 9596.2
4558.39 1622.21 2681.85 5532.99 1 2
3437.17 1438.55 -17143.6 17544.1 -1 1
1219.49 1893.23 3380.39 4063.21 -1 2
3471.34 2048.45 -8252.57 9184.9 1 1
event 44
-13014.6 14715 -14433.5 24572.9
6307.03 1318.29 -4673.7 8541.08
3695.5 -779.081 -2790.93 4697.25 1 2
-5605.69 7963.39 -5745.69 11307.7 -1 1
2611.53 2097.37 -1882.76 3843.83 -1 2
-7408.94 6751.63 -8687.8 13265.2 1 1
event 45
-15678.1 34499 2520.46 38104.1
682.663 -4557.42 -14385.8 15420
-785.853 -3184.5 -11018.9 11497.2 1 2
-3516.7 5392.27 1057.79 6524.87 1 1
1468.52 -1372.92 -3366.86 3922.8 -1 2
-12161.4 29106.7 1462.66 31579.3 -1 1
event 46
-9278.85 -1695.11 -13141.2 16469.7
6871.63 -7149.61 -18056.7 20831.9
2086.84 -4294.6 -9249.18 10409.5 -1 2
-2151.7 127.857 -1271.6 2504.86 -1 1
-7127.15 -1822.97 -11869.6 13964.8 1 1
4784.8 -2855.01 -8807.48 10422.5 1 2
event 47
6548.54 1245.54 -3575.05 8173.56
6596.73 -2206.37 -10379.8 12873.2
4030.95 -745.761 -1591.33 4398.66 -1 1
2517.59 1991.31 -1983.72 3774.9 1 1
4172.58 -187.371 -7573.59 8649.62 -1 2
2424.15 -2019 -2806.24 4223.62 1 2
event 48
-5498.55 -7240.39 -34065 35393.2
-3377.26 -9801.91 3022.66 11234.3
-3517.72 -7752.71 1430.71 8633.48 1 2
-2157.86 -3061.44 -8746.68 9515.48 -1 1
140.461 -2049.2 1591.94 2600.84 -1 2
-3340.69 -4178.94 -25318.4 25877.7 1 1
event 49
-8903.95 904.018 -14850.5 17613.3
4833.59 3386.48 4801.75 8214.59
-5366.31 1078.08 -11499.8 12736.4 1 1
-3537.64 -174.062 -3350.76 4876.88 -1 1
2003.94 -264.642 1764.71 2685.36 -1 2
2829.66 3651.12 3037.03 5529.23 1 2
event 50
3637.15 -5297.66 22202.6 23320.4
-2610.89 8509.5 2577.35 9770.52
-2434.89 3157.95 1731.58 4348.66 1 2
1270.7 -2031.2 13707.7 13915.9 -1 1
-175.997 5351.55 845.773 5421.86 -1 2
2366.45 -3266.46 8494.94 9404.52 1 1
event 51
-8798.24 -79.3498 25820.4 27453.6
6827.39 -2837.63 -6664.44 10424.5
-4858.88 74.2244 18619.3 19243.3 -1 1
-3939.36 -153.574 7201.07 8210.28 1 1
2847.09 -666.346 -4576.14 5431.59 -1 2
3980.3 -2171.28 -2088.29 4992.93 1 2
event 52
-3224.65 6481.58 29165.2 30209.4
-8666.53 -3261.37 28503.4 30129.4
-4004.86 31.6984 10292.4 11044.6 -1 2
-818.811 3116.68 18322.1 18603.6 -1 1
-4661.67 -3293.07 18211 19084.8 1 2
-2405.84 3364.9 10843.1 11605.8 1 1
event 53
-3569.53 3517.63 -560.995 5917.82
-16503.6 5062.54 11343 20886.6
-1365.61 2785.9 823.998 3211.89 -1 1
-2203.92 731.728 -1384.99 2705.93 1 1
-8287.35 2735.85 7557.86 11545.5 1 2
-8216.2 2326.7 3785.15 9341.19 -1 2
