event 0
-4223.45 -2719.9 -25772.4 26439.4
-16050.2 2481.12 -5707.12 17490.8
-3353.16 -415.524 -16650.9 16990.6 -1 1
-870.294 -2304.38 -9121.48 9448.82 1 1
-11000.8 381.812 -3127.94 11443.7 -1 2
-5049.41 2099.31 -2579.18 6047.07 1 2
event 1
5996.72 -6455.59 -5150.71 10665.6
5256.36 -4758.26 25292.3 26449.2
1407.45 -3353.3 11954 12495.4 -1 2
795.515 -2925.89 -1362.88 3326 -1 1
5201.21 -3529.7 -3787.83 7339.63 1 1
3848.91 -1404.97 13338.2 13953.8 1 2
event 2
-3418.14 12435.6 -7713.36 15343.3
-7485.01 -6655.37 -17737.2 20603.9
-4539.91 -5257.16 -9708.93 11938.3 1 2
-2674.82 5907.46 -5180.95 8300.97 1 1
-2945.1 -1398.22 -8028.25 8665.6 -1 2
-743.321 6528.17 -2532.41 7042.29 -1 1
event 3
5253.28 -1702.85 1338.69 6471.61
18464.8 1350.43 50831.5 54186.8
3200.26 -812.239 2308.75 4030.25 -1 1
2053.02 -890.615 -970.06 2441.36 1 1
11081.8 1814.04 27293.4 29513.4 1 2
7383 -463.607 23538.1 24673.4 -1 2
event 4
8012.34 -2833.29 -15464.7 17915.7
-1062.78 11191.6 -21524.1 24479.7
-298.949 5403.95 -7173.1 8986.47 -1 2
3134.98 440.809 -5225.17 6110.32 1 1
4877.36 -3274.1 -10239.6 11805.4 -1 1
-763.834 5787.65 -14351 15493.3 1 2
event 5
1973.74 4637.49 -1754.83 6170.28
-7073.27 4433.49 -23030.4 24691.6
1715.42 2463.78 -2444.32 3872.82 1 1
258.322 2173.71 689.488 2297.46 -1 1
-3135.31 3511.42 -10115 11157.3 -1 2
-3937.96 922.067 -12915.4 13534.3 1 2
event 6
7158.21 2843.94 19571.4 21259.3
6192.49 -912.392 16715 18115.2
3958.24 3094.72 13199.6 14123.9 -1 1
3199.97 -250.785 6371.8 7135.38 1 1
1865.9 -1532.23 8122.52 8474.42 -1 2
4326.6 619.842 8592.48 9640.82 1 2
event 7
-6676.85 -114.205 30381.1 31260.1
-316.268 6538.48 -3677.96 8122.19
1386.29 2736.55 -1712.23 3514.74 1 2
-2659.37 1451.3 13582.7 13916.9 1 1
-4017.48 -1565.51 16798.4 17343.2 -1 1
-1702.56 3801.93 -1965.73 4607.45 -1 2
event 8
-6450.39 5234.27 2946 9342.09
-4307.35 3594.07 -13273.2 14739.1
-2597.22 3933.51 2213.36 5208.47 -1 1
-3853.17 1300.75 732.638 4133.62 1 1
-1780.97 2716.83 -4395.52 5466.69 -1 2
-2526.38 877.245 -8877.69 9272.36 1 2
event 9
4710.17 5208.77 5150.73 9243.27
13602.9 -1073.6 -14313.2 20016.2
4304.6 2955.93 4408.11 6834.45 -1 1
405.572 2252.84 742.618 2408.82 1 1
7689.84 -248.28 -5884.89 9687.02 -1 2
5913.07 -825.317 -8428.27 10329.2 1 2
event 10
-2966.69 7197.9 618.148 8401.57
-8265.35 -3601.89 -47510.5 48457.5
-6745.97 -1855.42 -39643.8 40256.6 1 2
-134.427 3683.26 -574.387 3731.7 -1 1
-1519.38 -1746.47 -7866.67 8200.87 -1 2
-2832.26 3514.64 1192.54 4669.88 1 1
event 11
-6780.62 -1690.37 21306.6 22636.2
-12108.7 225.336 24777.4 27752.1
-2944.64 869.709 8808.92 9329.28 1 2
-1997.8 277.293 3028.54 3640.23 1 1
-9164.04 -644.373 15968.5 18422.8 -1 2
-4782.82 -1967.66 18278.1 18996 -1 1
event 12
11369.1 473.501 -23185 26011.8
-4573.35 -10029.1 40116.1 41718
-4604.93 -6937.89 30514.2 31630.2 1 2
4559.12 1696.68 -10026.8 11145 -1 1
31.5722 -3091.19 9601.87 10087.8 -1 2
6809.94 -1223.17 -13158.2 14866.8 1 1
event 13
6126.17 -5839.59 20887.7 22749
-15114.7 5173.59 -74878.3 76626.2
-2898.58 2036.97 -12934.1 13410.9 1 2
2986.22 -875.341 6466.69 7177.26 -1 1
-12216.1 3136.61 -61944.2 63215.3 -1 2
3139.95 -4964.25 14421 15571.7 1 1
event 14
11781.9 302.491 15296.8 19557.3
-560.729 -6086.45 -21758.1 22811.5
1252.45 -3241.5 -10969.2 11507 1 2
5290.2 -1078.88 5370.18 7615.78 -1 1
-1813.18 -2844.95 -10788.9 11304.6 -1 2
6491.68 1381.37 9926.67 11941.5 1 1
event 15
784.305 8355.94 438.378 8956.57
13082.1 350.76 -39284.9 41571
1578.9 5894.56 1277.12 6235.46 1 1
-794.6 2461.39 -838.747 2721.11 -1 1
6827.57 1705.24 -17402.3 18771.7 -1 2
6254.49 -1354.48 -21882.5 22799.3 1 2
event 16
6939.31 3777.55 -2084.22 8738.36
-8775.1 11418.3 26421.6 30250.1
-7826.61 9517.24 20061.5 23543.7 1 2
3828.15 456.002 -1543.6 4154.1 -1 1
-948.49 1901.03 6360.13 6706.41 -1 2
3111.16 3321.55 -540.619 4584.26 1 1
event 17
-3201.78 -7640.4 9483.34 12967.2
-1888.41 6889.25 -2589.09 8205.03
-1725.3 2510.23 -2288.64 3811.42 1 2
-2238.22 -1722.39 2630.5 3860.95 1 1
-963.562 -5918.01 6852.84 9106.25 -1 1
-163.108 4379.02 -300.454 4393.61 -1 2
event 18
2839.17 3870.14 -492.318 6071.92
3269.08 9139.64 -14230.6 17502
3085.07 1619.92 -1217.55 3692.61 1 1
-245.9 2250.23 725.231 2379.31 -1 1
525.427 5899.58 -8795.96 10604.8 -1 2
2743.65 3240.06 -5434.67 6897.28 1 2
event 19
4664.55 -5333.73 1307 7842.7
13350.4 -3821.99 -9477.09 17095.2
2383.03 -1834.83 -1337.76 3293.36 -1 2
1958.86 -1541.99 -944.404 2667.94 -1 1
10967.4 -1987.16 -8139.33 13801.9 1 2
2705.7 -3791.74 2251.41 5174.75 1 1
event 20
-10434.4 5410.59 -2347.99 12379.6
4274.05 3034.42 18119.5 19115
-5952.05 4605.91 -802.839 7569.48 -1 1
-4482.32 804.681 -1545.15 4810.13 1 1
1777.96 2996.87 8773.86 9441.09 -1 2
2496.09 37.5569 9345.68 9673.93 1 2
event 21
-10128.5 10118.8 11017.2 18328.8
4948.81 228.4 -1464.97 6346.38
3129.47 1769.8 -1640.14 3953.1 1 2
-3731.15 3974.05 2384.8 5950.88 -1 1
1819.34 -1541.4 175.167 2393.28 -1 2
-6397.33 6144.72 8632.37 12377.9 1 1
event 22
-359.571 7268.93 -6321.97 10125.4
1441.24 -7549.06 7902.98 11450.5
218.369 -3274.86 1394.04 3567.48 -1 2
-1055.39 2574.03 -915.887 2930.79 -1 1
695.821 4694.89 -5406.08 7194.66 1 1
1222.87 -4274.21 6508.93 7882.99 1 2
event 23
-8205.21 67.2072 -21308.4 23042.8
8886.79 634.009 -33483.8 34786.9
6207.84 -536.968 -26342.7 27069.9 1 2
-3066.98 1138.79 -10967.8 11445.8 1 1
2678.95 1170.98 -7141.04 7717.09 -1 2
-5138.24 -1071.59 -10340.6 11597 -1 1
event 24
617.187 -7330.47 4145.54 8993.99
2410.03 -6966.01 3024.47 8548.08
1233.83 -2833.61 2913.7 4248.82 1 2
319.728 -2700.56 3299.16 4276.79 -1 1
297.459 -4629.91 846.383 4717.21 1 1
1176.21 -4132.4 110.766 4299.26 -1 2
event 25
4962.42 9422.72 -17922.4 21076.5
3694.27 -4329.5 -15435.9 16740.7
1387.65 -3885.49 -9698.38 10540 1 2
3225.89 3381.46 -6085.74 7673.85 1 1
2306.61 -444.007 -5737.57 6200.68 -1 2
1736.53 6041.26 -11836.7 13402.6 -1 1
event 26
-7489.55 -9116.17 5876.37 13539.6
4412.08 -2259.74 -8244.07 10105.9
-5820.07 -4738.88 3819.98 8422.21 -1 1
-1669.47 -4377.29 2056.4 5117.4 1 1
3353.06 -443.091 -6662.43 7472.51 -1 2
1059.03 -1816.65 -1581.63 2633.34 1 2
event 27
7467.87 7374.12 25909.2 28125.2
-4685.45 -4880.16 25690.1 26745.9
4826.69 3379.02 11201.5 12657 -1 1
2641.18 3995.11 14707.7 15468.2 1 1
-1458.95 -3662.13 12199.7 12821.2 -1 2
-3226.49 -1218.04 13490.4 13924.6 1 2
event 28
597.156 -5737.75 -10918.4 12731.1
7016.11 5272.06 4269.17 10239.1
1353.87 -2875.49 -7832.05 8453.02 -1 1
-756.711 -2862.27 -3086.36 4278.08 1 1
2650.24 3922.96 2124 5189.98 1 2
4365.87 1349.11 2145.16 5049.14 -1 2
event 29
1262.35 9788.13 18801.9 21459.4
-2067.31 -6397.84 691.589 7434.74
34.5199 6856.82 10223 12310.1 -1 1
1227.83 2931.31 8578.91 9149.26 1 1
199.606 -2140.4 1386.84 2560.4 -1 2
-2266.91 -4257.44 -695.25 4874.35 1 2
event 30
4449.62 8992.9 2062.65 10701.2
-3597.6 5883.15 7131.5 10392.5
1240.06 5383.15 217.371 5529.41 -1 1
3209.56 3609.75 1845.28 5171.83 1 1
-3512.49 2952.61 3849.69 5990.56 -1 2
-85.1109 2930.53 3281.82 4401.9 1 2
event 31
3514.96 -2992.91 13695.1 14780.3
-6399.95 -10929.6 10810.3 16937.2
1453.02 -3021.58 9997.72 10545.5 1 1
2061.94 28.6697 3697.34 4234.84 -1 1
-4394.71 -5810.57 7778.64 10658.1 -1 2
-2005.24 -5118.99 3031.64 6279.1 1 2
event 32
-11195.7 -7529.54 14193.9 19826.7
-5171.33 2195.45 -3664.2 7387.81
-2645.88 2714.29 -1757.85 4179.62 1 2
-3556.86 -3955.9 6598.62 8476.63 1 1
-2525.45 -518.842 -1906.35 3208.19 -1 2
-7638.88 -3573.64 7595.3 11350 -1 1
event 33
8746.49 -5598.47 7318.29 13076.4
4197.17 4594.37 16599 17995.6
4751.33 -4770.78 4951.03 8358.19 -1 1
3995.16 -827.685 2367.27 4718.21 1 1
2159.38 574.567 7722.45 8039.93 -1 2
2037.79 4019.8 8876.54 9955.68 1 2
event 34
-6833.85 -3801.87 5605.21 10107.7
-7408.6 -4573.09 26560.4 28122
-4228.6 -1068.38 4260.09 6097.7 -1 1
-2605.25 -2733.5 1345.12 4009.97 1 1
-4284.23 -4042.69 19743 20603.3 -1 2
-3124.37 -530.397 6817.44 7518.76 1 2
event 35
4439.97 2226.86 18201.5 19223.8
-5303.58 -9764.37 -39110.4 40776
2200.55 2891.23 13383.5 13868.3 1 1
2239.42 -664.372 4818.05 5355.48 -1 1
-3042.21 -5296.4 -15940.8 17071.3 -1 2
-2261.38 -4467.97 -23169.6 23704.8 1 2
event 36
-8542.59 8417.55 -32817.4 35077.1
-5283.34 1508.36 -18126.1 19192.1
-2724.95 2122.04 -12687.4 13149.5 1 2
-3145.62 4882.77 -18044.5 18956.6 -1 1
-2558.38 -613.674 -5438.72 6042.57 -1 2
-5396.96 3534.77 -14772.9 16120.5 1 1
event 37
1885.33 4683.41 -115.539 5923.94
-9180.51 24242.9 144397 146739
-117.897 3630.94 -325.232 3648.91 -1 1
2003.23 1052.47 209.693 2275.03 1 1
-5558.78 17063.1 105937 107446 1 2
-3621.73 7179.78 38460.6 39292.5 -1 2
event 38
1894.93 -5403.7 2288.93 6900.78
5751.1 -6122.48 -2942.5 9423.81
2079.77 -3466.73 -44.9834 4044.36 1 2
-540.916 -2000.65 -105.886 2077.88 1 1
3671.33 -2655.75 -2897.52 5379.45 -1 2
2435.85 -3403.05 2394.82 4822.91 -1 1
event 39
4590.46 -3161.84 -25062.9 25861.3
74.8063 10085.9 9597.77 14263.2
3880.75 -979.661 -13934.1 14497.9 -1 1
709.71 -2182.18 -11128.8 11363.4 1 1
-1221.42 5210.27 3729.62 6523.81 1 2
1296.23 4875.61 5868.15 7739.39 -1 2
event 40
-5566.38 -3150.93 -31995.1 32774.9
716.065 8307.37 -2546 9251.94
-2253.75 -3035.21 -16253.8 16687.9 1 1
-3312.63 -115.716 -15741.4 16086.9 -1 1
-1141.54 4642.77 -1257.07 4944.68 1 2
1857.61 3664.6 -1288.93 4307.26 -1 2
event 41
-3925.67 -7394.83 5970.99 10739.6
10002.8 -4079.99 8691.93 14207
3887.52 -931.276 1544.12 4286.68 1 2
-2068.4 -3130.2 904.449 3860.77 -1 1
6115.25 -3148.71 7147.81 9920.33 -1 2
-1857.28 -4264.63 5066.54 6878.78 1 1
event 42
-8031.75 -2078.68 19285.6 21221.6
-7456.41 7809 -6809.09 13135.2
-4239.24 -2352.44 12994.6 13869.9 1 1
-3792.5 273.76 6291.05 7351.63 -1 1
-4372.63 3318.41 -4908.99 7364.86 1 2
-3083.78 4490.59 -1900.1 5770.32 -1 2
event 43
2788.96 10324.6 -47518 48805
-6080.68 552.971 -6926.23 9738.84
-3769.28 -196.797 -6092.42 7167.63 1 2
-150.931 5147.24 -23794 24345.1 1 1
-2311.4 749.768 -833.801 2571.21 -1 2
2939.89 5177.34 -23723.9 24459.9 -1 1
event 44
-7090.87 4108.48 45687.8 46520.1
2736.87 10901.2 -43808.2 45333
-329.244 3823.28 -11820.9 12428.6 -1 2
-1725.23 2653.75 18580.3 18848.3 -1 1
3066.11 7077.91 -31987.3 32904.3 1 2
-5365.64 1454.73 27107.5 27671.9 1 1
event 45
-2999.82 6618.18 -6458.5 10203.1
-8115.31 -16123.4 -830.766 18441.8
-2748.68 -3572.92 1137.82 4650.46 1 2
-1928.92 1045.86 -1435.1 2623.97 -1 1
-5366.64 -12550.4 -1968.58 13791.3 -1 2
-1070.91 5572.32 -5023.4 7579.14 1 1
event 46
2605.54 4847.54 20248.3 21210.1
-9019.13 1410.31 -85.0222 9640.14
2077.61 2494.33 6667.72 7416.72 -1 1
527.926 2353.21 13580.5 13793.4 1 1
-4791.79 -812.487 31.8261 4861.44 1 2
-4227.34 2222.79 -116.848 4778.7 -1 2
event 47
789.393 7761.21 10516.6 13455.5
9605.76 19195.4 2133.8 21791.7
372.25 4456.33 8372.72 9492.69 -1 1
417.143 3304.88 2143.92 3962.8 1 1
7821.79 14099.1 432.745 16129.6 -1 2
1783.97 5096.28 1701.06 5662.1 1 2
event 48
9514.04 -5945.07 14411.9 18524.5
866.814 -4908.77 -10962.2 12434.2
4696.9 -3814.83 5531.39 8198.85 1 1
4817.14 -2130.24 8880.56 10325.6 -1 1
-891.978 -3488.03 -6932.1 7811.98 -1 2
1758.79 -1420.74 -4030.15 4622.24 1 2
event 49
11795.8 -616.447 -11400.5 16705.8
571.955 7779.79 -5323.23 9938.63
1830.71 5202.91 -3316.4 6436.72 -1 2
3344.65 -141.42 -1472.24 3658.6 1 1
8451.13 -475.026 -9928.3 13047.2 -1 1
-1258.75 2576.89 -2006.83 3501.91 1 2
event 50
-2158.86 -9178.86 2162.52 10157.5
6821.91 6302.6 -7947.1 12609.9
-2891.05 -6048.08 1582.85 6888.69 1 1
732.191 -3130.78 579.67 3268.8 -1 1
6095.63 4132.41 -6895.02 10088.9 -1 2
726.28 2170.19 -1052.08 2520.96 1 2
event 51
11774.9 5017.53 1314.98 13234.2
-4592.63 75.9878 -7119.38 9020.79
-3180.58 -1401.74 -4805 5931.28 1 2
5993.59 1867.11 2058.79 6607.5 1 1
-1412.05 1477.73 -2314.38 3089.51 -1 2
5781.35 3150.42 -743.81 6626.73 -1 1
event 52
31512.5 10371.6 9493.43 34645.7
1304.39 4105.24 23571.9 24161.5
2255.32 2181.32 14935.5 15261.8 1 2
14955.5 4333.98 5949.72 16669.2 1 1
-950.922 1923.93 8636.44 8899.71 -1 2
16556.9 6037.61 3543.71 17976.5 -1 1
event 53
4856.08 8382.97 -1880.28 10343.2
-5365.48 2147.46 -14798.7 16309.2
-3788.85 634.441 -12732.9 13300.2 1 2
592.821 3998.06 -512.772 4075.53 1 1
-1576.63 1513.02 -2065.82 3008.95 -1 2
4263.26 4384.92 -1367.5 6267.7 -1 1
event 54
6432.8 183.998 8176.17 10856.1
7549.08 6543.49 27607.5 29522.3
2272.5 3054.89 14122.3 14626.9 1 2
1596.43 -1273.62 2925.91 3569.7 1 1
5276.58 3488.6 13485.2 14895.4 -1 2
4836.37 1457.62 5250.27 7286.4 -1 1
event 55
8434.46 1461.01 -19604.1 21614.5
7559.35 -5587.94 -12531.1 15968.4
3478.25 -2805.83 -3511.64 5684.51 1 2
3933.9 -849.429 -9347.13 10177.3 -1 1
4500.57 2310.44 -10257 11437.2 1 1
4081.1 -2782.11 -9019.51 10283.9 -1 2
event 56
13526.7 -7757.09 -1839.8 16003.7
6183.06 1322.72 6526.75 9600.47
3900.94 1951.17 2799.67 5183.99 1 2
4180.93 -3457.01 -1795.85 5715.54 -1 1
2282.12 -628.456 3727.09 4416.49 -1 2
9345.76 -4300.08 -43.9516 10288.2 1 1
event 57
4760.44 -4705.96 2931.05 7936.61
-3091.42 14411.9 -15340.9 21498.7
3656.26 -1627.17 961.858 4117.31 1 1
1104.18 -3078.79 1969.19 3819.3 -1 1
-1033.8 10952.6 -10581 15264.3 1 2
-2057.63 3459.24 -4759.86 6234.39 -1 2
event 58
5226.5 10312 -23013.2 25939.4
-7770.2 -8110.84 -5673.46 12959.2
-1917.25 -4019.07 -2796.77 5259.45 -1 2
673.817 1939.89 -7087.81 7380.07 -1 1
4552.68 8372.11 -15925.4 18559.3 1 1
-5852.95 -4091.78 -2876.69 7699.75 1 2
event 59
12568 -5639.16 -6568.05 15571.9
3319.45 -2542.3 -867.544 5274.99
1314.4 -2875.52 -421.601 3191.42 1 2
4651.84 -3422.67 -1716.75 6026 -1 1
2005.05 333.221 -445.944 2083.57 -1 2
7916.16 -2216.49 -4851.3 9545.92 1 1
event 60
11412.7 4196.64 31310.5 33731.3
-9311.18 -11756.4 8058.01 17304.1
-7278.4 -9527.93 7734.86 14268.7 1 2
4059.42 525.695 13666.7 14267 -1 1
-2032.78 -2228.46 323.149 3035.43 -1 2
7353.26 3670.95 17643.7 19464.3 1 1
event 61
681.386 -6072.32 19575.5 20739.5
-3755.36 -11696.1 11556.8 17147.9
-285.593 -3967.8 8011.54 8945.45 -1 1
966.979 -2104.52 11564 11794.1 1 1
-661.454 -6612.19 6993.4 9647.66 -1 2
-3093.91 -5083.87 4563.41 7500.26 1 2
event 62
-6542.74 -11666.9 -26736.9 30056.2
-7744.12 1076.84 -740.757 8442.18
-2572.06 1697.01 398.461 3108.9 -1 2
-34.7858 -2143.89 -5180.55 5607.74 1 1
-6507.95 -9523.04 -21556.3 24448.5 -1 1
-5172.06 -620.17 -1139.22 5333.27 1 2
event 63
-4134.54 -1242.17 -17741.5 18520
6508 -12225 -8446.47 16514.8
-3200.19 587.923 -10834.8 11313.3 -1 1
-934.353 -1830.1 -6906.75 7206.71 1 1
3155.09 -8599.22 -6364.74 11154.5 1 2
3352.92 -3625.74 -2081.73 5360.3 -1 2
event 64
-5910.97 -5699.19 -6112.05 10694.3
5806.56 -1202.91 -23515.1 24448.2
3268.02 -1310.95 -18418.8 18752.6 1 2
-2264.58 -3440.33 -4524.54 6119.38 1 1
2538.53 108.042 -5096.3 5695.55 -1 2
-3646.38 -2258.86 -1587.51 4574.92 -1 1
event 65
3695.42 4896.28 147.829 6873.48
-11573 2985.72 -8930.71 15238
-3264.7 -495.496 -1905.57 3813.94 1 2
1832.81 1343.21 1398.21 2670.12 1 1
-8308.29 3481.22 -7025.14 11424.1 -1 2
1862.61 3553.07 -1250.38 4203.36 -1 1
event 66
-11269.8 -8108.72 13877.6 19973.3
-4405.86 -2296.38 385.563 5867.28
-3762.18 -324.716 226.461 3784.43 1 2
-2228.06 -3440.83 5022.16 6483.58 -1 1
-643.676 -1971.67 159.102 2082.85 -1 2
-9041.7 -4667.89 8855.41 13489.7 1 1
event 67
7029.89 3799.83 -18807 20667.7
-3571.59 -5349.32 10.7956 7138.79
-2818.85 -3405.91 1392.07 4636.29 -1 2
3040.59 25.5462 -7618.49 8203.56 -1 1
3989.29 3774.28 -11188.5 12464.1 1 1
-752.741 -1943.41 -1381.27 2502.5 1 2
event 68
-5621.91 1433.28 -4840.8 8166.04
5050.73 4718.77 -14627.8 16472.4
3249.33 1071.28 -7898.29 8608.14 -1 2
-2076.42 -966.613 -1758.1 2889.28 -1 1
-3545.48 2399.89 -3082.7 5276.76 1 1
1801.4 3647.48 -6729.51 7864.27 1 2
event 69
-7496.25 -7958.87 -21083.2 23950.6
6677.24 -1522.8 30312.3 31230.3
4170.08 -2431.85 18441.5 19063.1 -1 2
-2083.65 -2374.85 -3455.01 4682.92 -1 1
-5412.59 -5584.02 -17628.2 19267.6 1 1
2507.16 909.042 11870.8 12167.2 1 2
event 70
2029.5 -5618.66 15901.3 17266.5
-4845.77 5171.35 -23260.7 24512.7
-2814.36 1435.73 -13506 13871 -1 2
-408.074 -2250.74 8203.03 8516.64 -1 1
-2031.41 3735.62 -9754.7 10641.7 1 2
2437.57 -3367.92 7698.27 8749.81 1 1
event 71
-3795.2 5442.97 -12551.3 14531.2
-8954.56 -4696.72 -44224.8 45471.6
-3252.81 2654.1 -5438.26 6871.01 -1 1
-542.391 2788.86 -7113.03 7660.18 1 1
-4419.72 -3877.49 -21888.9 22665.1 1 2
-4534.84 -819.23 -22335.9 22806.6 -1 2
event 72
2642.44 5768.75 18282.1 19598.1
11561.6 3503 12711.6 17807.8
3849.82 -171.533 4872.32 6212.99 -1 2
1348.22 1972.12 3220.48 4011.19 -1 1
7711.8 3674.53 7839.27 11594.8 1 2
1294.22 3796.63 15061.6 15587 1 1
event 73
6307.2 2736.8 10806.8 13177.6
8869.95 2867.74 32222.4 33686.4
2930.45 2092.68 8773.23 9484.07 1 2
1340.73 1808.12 4969.88 5456.9 -1 1
5939.51 775.06 23449.2 24202.3 -1 2
4966.47 928.687 5836.95 7720.71 1 1
event 74
-3256.25 7795.32 -14872.5 17382.5
-6019.96 4757.22 -28157.7 29348.3
-3287.79 1296.06 -8582.46 9282.2 1 2
25.7666 2783.07 -3064.02 4140.71 1 1
-3282.01 5012.25 -11808.5 13241.8 -1 1
-2732.17 3461.16 -19575.3 20066.1 -1 2
event 75
-3477.41 8457.88 -1886.33 9837.55
-5044 296.933 1850.73 6208.61
-2458.75 4082.74 422.283 4785.78 -1 1
-1018.66 4375.14 -2308.61 5051.77 1 1
-2970.54 -1187.56 283.127 3213.37 -1 2
-2073.46 1484.5 1567.6 2995.25 1 2
event 76
423.222 5562.56 4167.48 7621.12
-12122.5 -106.341 -2467.62 12753.1
-1315.44 3022.56 2043.37 3879.79 1 1
1738.66 2540 2124.11 3741.33 -1 1
-7877.61 -1426.2 -2176.72 8296.99 1 2
-4244.92 1319.86 -290.909 4456.14 -1 2
event 77
5990.13 2125.28 18360.5 19674.8
-3864.8 5811.29 -6117.41 9783.73
-499.497 3197.75 -1748.72 3680.26 1 2
1994.26 910.391 10949.6 11167.4 1 1
-3365.3 2613.54 -4368.69 6103.48 -1 2
3995.87 1214.89 7410.94 8507.41 -1 1
event 78
3698.14 5202.67 945.874 7157.52
-6601.5 -2972.07 -9057.71 12001.9
-2256.84 -2637.13 -3400.91 4860.57 -1 2
601.922 2505.19 -791.529 2697.4 -1 1
-4344.65 -334.939 -5656.8 7141.34 1 2
3096.22 2697.48 1737.4 4460.12 1 1
event 79
8583.64 -5662.64 16990.5 20100.1
-5377.57 -6495.76 -14957.6 17448
5759.49 -2189.03 11159.9 12748.3 1 1
2824.15 -3473.61 5830.59 7351.78 -1 1
-2128.8 -3325.57 -4169.96 5743.77 -1 2
-3248.77 -3170.19 -10787.6 11704.2 1 2
event 80
-12108 3082.65 2728.03 13158.2
-1678.45 -6817.56 4250.98 8772.58
-117.112 -3982.44 847.543 4074.68 1 2
-3503.61 2357.53 624.652 4270.19 1 1
-1561.34 -2835.13 3403.43 4697.9 -1 2
-8604.4 725.121 2103.38 8888.02 -1 1
event 81
2769.99 7541.7 3877.13 9443.15
20886.7 -6679.12 -2562.41 22383.4
4423.89 -26.0296 -1141.07 4569.98 1 2
1800.51 1879.04 2324.63 3491.09 -1 1
16462.8 -6653.09 -1421.34 17813.5 -1 2
969.484 5662.66 1552.51 5952.06 1 1
event 82
-16472.4 -7846.59 31939.8 36914.1
5455.38 -612.884 -60.1991 6303.28
3437.72 -723.577 -1498.47 3820.74 1 2
-4223.1 -1467 5539.39 7119.18 1 1
2017.66 110.693 1438.27 2482.54 -1 2
-12249.2 -6379.59 26400.4 29794.9 -1 1
event 83
158.739 12585.1 -3642.41 13463.6
7911.68 2989.48 -1756.35 9176.5
5071.31 3196.8 -1989.25 6317.12 -1 2
-789.615 3131.95 145.912 3234.98 1 1
948.354 9453.19 -3788.32 10228.6 -1 1
2840.36 -207.318 232.9 2859.38 1 2
event 84
4399.26 7123.14 38752.1 39767
7165.4 -5676.63 -13752.7 16801.7
5931.9 -2921.37 -8953.27 11130.8 1 2
2832.29 2162.71 19547.9 19870.4 1 1
1233.5 -2755.26 -4799.46 5670.89 -1 2
1566.96 4960.43 19204.2 19896.6 -1 1
event 85
2584.49 -11000.4 -13034.5 17526.5
-6925.87 7786.29 2980.69 11272.5
-2937.04 3412.87 -282.155 4512.72 -1 2
1380.81 -3560.51 -6554.28 7586.41 1 1
1203.68 -7439.93 -6480.24 9940.13 -1 1
-3988.83 4373.43 3262.85 6759.81 1 2
event 86
-4584.21 -9663.39 -3776.86 11758
-4142.6 -11799 9144.76 15798.6
-806.593 -5302.18 2475.9 5908.04 -1 2
320.73 -2016.09 -558.251 2119.03 -1 1
-4904.94 -7647.3 -3218.61 9639 1 1
-3336 -6496.86 6668.87 9890.55 1 2
event 87
-667.184 -7714.09 -18653.2 20432.5
4425.3 -7082.64 19217.5 21181.5
1908.49 -5094.82 9502.45 10950.2 1 2
1105.35 -3388.88 -9644.83 10283 -1 1
2516.81 -1987.82 9715.01 10231.2 -1 2
-1772.54 -4325.21 -9008.4 10149.5 1 1
event 88
-998.769 -6568.51 8323.82 11091.4
8145.98 1166.01 -11929 14953.5
3247.66 54.2857 -1973.53 3802.14 1 2
898.175 -2323.15 1780.56 3063.55 -1 1
4898.32 1111.73 -9955.47 11151.3 -1 2
-1896.94 -4245.36 6543.26 8027.88 1 1
event 89
-6564.75 -4723.46 8774.33 12328.3
4258.87 -10833.1 2505.73 12303
2033.1 -2617.18 1769.74 3758.5 1 2
-2509.86 -266.847 3523.04 4335.15 1 1
2225.77 -8215.96 735.993 8544.53 -1 2
-4054.9 -4456.62 5251.3 7993.18 -1 1
event 90
8908.57 -5887.74 4295 11919.2
6912.76 -2713.53 -36853.7 37721.8
4268.22 -3221.87 -24071.6 24658.7 -1 2
2893.03 -2088.44 3050.46 4695.5 -1 1
6015.54 -3799.3 1244.54 7223.67 1 1
2644.54 508.34 -12782 13063.1 1 2
event 91
-8480.89 -2748.63 36706.1 37899.9
-1864.36 4995.44 22068 22913.3
-4550.88 -1331.14 25557.1 25993.4 -1 1
-3930.01 -1417.49 11149 11906.5 1 1
-2519.32 2584.64 11503.7 12057.1 -1 2
654.958 2410.8 10564.3 10856.2 1 2
event 92
-14246.9 -9151.75 15741.1 23326
-589.344 -5137.26 -3066.83 6762.73
-8761.63 -6538.29 11782.6 16073.4 -1 1
-5485.31 -2613.46 3958.55 7252.59 1 1
1009.74 -3785.67 -1797.46 4311.95 -1 2
-1599.08 -1351.59 -1269.37 2450.79 1 2
event 93
-6174.54 507.55 -24014.4 24993.3
8181.58 -464.491 18182.7 20183
3690.2 -1584.28 6851.61 7942.49 1 2
-1690.25 1495.88 -6294.51 6687.8 1 1
4491.38 1119.79 11331.1 12240.5 -1 2
-4484.29 -988.331 -17719.9 18305.5 -1 1
event 94
-7411.01 -1613.94 -8100.52 11521.1
-6190.91 -887.096 -24318.6 25300.2
-3928.41 -1875.44 -12829.3 13548.1 -1 2
-2340.93 -1881.67 -3945.34 4959.59 -1 1
-5070.08 267.735 -4155.18 6561.56 1 1
-2262.5 988.345 -11489.3 11752.1 1 2
event 95
-6810.6 -6052.48 -583.902 9640.97
-7540.94 2763.41 6425.77 10741.6
-3286.36 932.012 4669.92 5786.89 1 2
-1921.29 -1588.71 1221.07 2778.05 1 1
-4889.3 -4463.77 -1804.98 6862.92 -1 1
-4254.58 1831.4 1755.85 4954.76 -1 2
event 96
-3188.72 -9655.07 8985.63 13918.4
19636.9 -2211.07 36423.3 41554.2
-1014.23 -7486.16 6310.06 9843.74 -1 1
-2174.5 -2168.91 2675.58 4074.61 1 1
9925.94 -1477.99 21600.4 23818 -1 2
9711 -733.081 14822.9 17736.2 1 2
event 97
6664.18 -5822.52 12325.5 15486.2
-6073.53 -4136.88 -34400.9 35313.1
-3897.58 -4281.63 -25106.7 25765.9 1 2
2531.47 -2998.88 7823.85 8753.59 -1 1
-2175.95 144.75 -9294.15 9547.16 -1 2
4132.7 -2823.64 4501.67 6732.63 1 1
event 98
3267.97 6113.63 -5291.71 9254.68
2476.54 18632.5 42748.7 46801.1
2899.32 2811.09 -1766.85 4409.22 -1 1
368.654 3302.53 -3524.86 4845.46 1 1
2459.77 9252.88 19261 21509.6 1 2
16.7688 9379.61 23487.7 25291.5 -1 2
event 99
5861.59 2806.19 25126.2 26137.1
-12489.2 5561.45 27354.7 30737.3
4657.93 1003.25 13665.1 14472.4 1 1
1203.66 1802.94 11461 11664.7 -1 1
-6478.33 4049.45 12635.6 14766.1 -1 2
-6010.89 1511.99 14719.1 15971.2 1 2
event 100
3795.61 7345.46 -3289.77 9422.13
-682.064 -7077.92 21359 22723.6
411.992 -5131.68 11280.7 12400.4 -1 2
2591.4 1912.86 -773.147 3314.11 1 1
1204.21 5432.61 -2516.62 6108.02 -1 1
-1094.06 -1946.25 10078.3 10323.2 1 2
event 101
6314.07 -4524.79 -2078.41 8616.96
-5158.8 -3347.26 -13056 14760.3
-2076.2 -2624.79 -9073.08 9671.19 1 2
2266.35 -3417.61 -1553.82 4386.56 1 1
-3082.6 -722.473 -3982.91 5089.12 -1 2
4047.72 -1107.18 -524.589 4230.39 -1 1
event 102
10849.9 4849.2 -286.005 12284.3
-9149.45 6081.27 26215.1 28592.2
-2858.64 2604.78 6020.15 7156.12 1 2
3480.85 1235.59 1313.95 3921.81 -1 1
7369.04 3613.61 -1599.96 8362.53 1 1
-6290.81 3476.49 20194.9 21436.1 -1 2
event 103
-6037.7 -3581.11 6069.22 9985.07
-5133.51 -5910.84 18437.4 20268.7
-1701.02 -3567.6 6288.78 7428.4 1 2
-3203.25 100.967 3158.82 4501.15 -1 1
-2834.46 -3682.08 2910.4 5483.93 1 1
-3432.49 -2343.24 12148.6 12840.3 -1 2
event 104
-2986.88 -8330.47 16747 19193
-18807.6 -17453.6 18466.2 31763.9
-1204.11 -5277.19 12771.9 13872 1 1
-1782.77 -3053.28 3975.02 5320.97 -1 1
-10864.8 -12032 11056.7 19623.3 1 2
-7942.82 -5421.58 7409.47 12140.6 -1 2
event 105
402.846 9495.52 29635.5 31275.9
-273.96 -4794.36 14250.4 15353.4
-1601.24 -3054.27 7482.54 8239.67 1 2
-1215.19 4230.29 15202 15826.7 -1 1
1327.28 -1740.09 6767.88 7113.71 -1 2
1618.04 5265.23 14433.5 15449.2 1 1
