event 0
8166.65 -7436.83 -3745.71 12067.4
910.183 14663 -44876.3 47321.3
700.984 5407.12 -21431.8 22114.8 -1 2
3134.71 -2789.22 -3035.58 5179.97 1 1
209.199 9255.84 -23444.4 25206.5 1 2
5031.93 -4647.61 -710.137 6887.39 -1 1
event 1
10934.7 -2419.04 2030.55 11795.4
-4443.32 -3803.53 4841.92 8200.3
-2151.15 -3733.97 2921.83 5207.52 1 2
4608.24 -1722.15 -498.531 4945.84 1 1
-2292.17 -69.5647 1920.09 2992.79 -1 2
6326.42 -696.888 2529.09 6849.58 -1 1
event 2
-4828.12 9066.81 3741.34 11362.4
-4253.93 -10179.7 27297.4 29605
-4268.87 -8107.94 24202.1 25878.9 1 2
-3511.61 3362.39 1446.92 5073.64 -1 1
14.9451 -2071.75 3095.3 3726.18 -1 2
-1316.51 5704.42 2294.42 6288.81 1 1
event 3
-6210.8 11797.5 1095.35 13731.2
4739.58 5524.4 -4031.06 8878.15
3514.63 3489.78 -4200.15 6494.89 1 2
-1495.82 5696.15 1235.16 6018.34 1 1
1224.95 2034.62 169.086 2383.26 -1 2
-4714.98 6101.31 -139.818 7712.83 -1 1
event 4
-2616.99 6783.92 7183.33 10679.9
-7856.84 1278.52 29427.9 30642.3
-12.5468 4120.89 3145.37 5185.21 -1 1
-2604.44 2663.02 4037.96 5494.64 1 1
-5070.54 1835.94 22816.7 23445.6 -1 2
-2786.3 -557.423 6611.13 7196.69 1 2
