event 0
-4530.36 -7222.31 274.781 9074.87
-159.953 7269.59 4193.95 8947.2
1421.09 3482.7 1584.31 4082.88 -1 2
-1951.03 -775.08 -213.847 2112.86 -1 1
-2579.33 -6447.23 488.628 6962.01 1 1
-1581.04 3786.89 2609.64 4864.32 1 2
event 1
2123.26 4697.49 287.823 6020.63
7205.24 -12098.1 9413.74 17218.9
2175.8 2572.2 -1020.94 3521.9 1 1
-52.5444 2125.29 1308.76 2498.73 -1 1
5740.44 -7085.76 5129.18 10463.3 1 2
1464.8 -5012.34 4284.56 6755.57 -1 2
event 2
-1781.3 7907.9 -20747 22488.6
3261.49 -16320.7 -81955.3 83685.5
2647.93 -12907.7 -70322.7 71546.6 1 2
-1320.6 3720.98 -13888.2 14438.9 1 1
613.556 -3413 -11632.6 12138.9 -1 2
-460.704 4186.92 -6858.85 8049.69 -1 1
event 3
1582.34 -8764.11 11803.6 15107.3
-12100.9 -255.499 36828.8 38890.2
-3805.5 -1399.44 10252.6 11025.7 1 2
1274.86 -3025.13 6516.17 7297.15 1 1
-8295.37 1143.94 26576.2 27864.5 -1 2
307.481 -5738.98 5287.4 7810.13 -1 1
event 4
11737.7 5645.42 -15044.1 20138.5
8127.72 -4527.95 38387.3 39620
7002.16 1659.39 -8155.81 10877.1 -1 1
4735.51 3986.02 -6888.25 9261.34 1 1
5252.84 -2540.33 17646.8 18586.7 -1 2
2874.88 -1987.62 20740.6 21033.3 1 2
event 5
5278.09 6720.84 23954.2 25620.7
-2749.91 -7631.82 -15533.7 17795.9
-3013.86 -4354.19 -8253.5 9806.82 1 2
2754.87 2590.4 14672.2 15152 1 1
263.95 -3277.63 -7280.23 7989.08 -1 2
2523.22 4130.44 9281.95 10468.7 -1 1
event 6
-7674.41 4374.91 10651.1 14180
-797.783 9233.16 -7895.65 12562.6
-1469.3 3467.76 -1909.88 4224.1 -1 2
-2358.76 1.43537 3755.84 4436.35 1 1
-5315.65 4373.47 6895.26 9743.68 -1 1
671.52 5765.41 -5985.77 8338.55 1 2
