event 0
248.004 12594.7 -23519.6 26859.8
-3621.53 3445.09 -14889.4 16008.4
-1102.37 2965.6 -9958.28 10449.3 1 2
-715.421 4991.84 -6793.04 8460.9 1 1
-2519.17 479.485 -4931.1 5559.05 -1 2
963.424 7602.87 -16726.6 18398.9 -1 1
event 1
1631.09 -5728.51 2055.26 7020.75
9973.4 -88.3535 -11769.4 15734.9
3977.09 -384.129 -2578.92 4756.76 -1 2
-776.043 -2142.18 1328.33 2639.47 -1 1
5996.31 295.775 -9190.5 10978.2 1 2
2407.14 -3586.33 726.93 4381.28 1 1
event 2
7526.18 -1643.62 -239.252 8306.14
-6968.16 -8404.54 -471.011 11358
-1445.3 -3917.24 363.139 4192.45 1 2
2706.4 664.109 -877.179 2923.39 -1 1
-5522.86 -4487.3 -834.15 7165.53 -1 2
4819.78 -2307.73 637.927 5382.75 1 1
event 3
-12772 -8656.83 -7888.09 17603.3
4824.49 -3763.92 9259.99 11523.2
1953.47 -3012.46 6701.53 7603.46 1 2
-7132.43 -3091.43 -3288.97 8441.38 -1 1
2871.02 -751.461 2558.46 3919.74 -1 2
-5639.57 -5565.4 -4599.12 9161.96 1 1
event 4
14291.1 -9218.66 -8858.64 19423.9
9641.81 5352.08 -11139.9 15978.1
10424.4 -5243.82 -5173.6 12764.9 -1 1
3866.75 -3974.84 -3685.04 6658.97 1 1
1928.87 2649.09 -3328.52 4672.09 -1 2
7712.94 2703 -7811.4 11306 1 2
event 5
-10967.5 -8210.09 -38335.9 40828
-910.766 5872.68 -29547.3 30297.7
-5338.72 -5425.83 -17980.2 19525.4 1 1
-5628.78 -2784.26 -20355.7 21302.6 -1 1
-1682.47 3646.92 -22773.9 23125.5 -1 2
771.703 2225.76 -6773.46 7172.2 1 2
event 6
-2670.9 -12333.6 804.869 13018.8
3950.19 -3080.76 -3419.33 6810.09
1326.71 -2976.58 -1961.81 3805.26 1 2
419.141 -4431.65 851.708 4533.4 -1 1
2623.48 -104.184 -1457.52 3004.83 -1 2
-3090.05 -7901.96 -46.8388 8485.44 1 1
event 7
-1790.52 6356.17 -6825.67 9989.38
12988.2 1590.38 11134.8 17572.6
-1069.13 3567.01 -5869.84 6952.18 1 1
-721.391 2789.16 -955.835 3037.2 -1 1
8192.9 2764.85 7389.42 11374.6 1 2
4795.34 -1174.48 3745.42 6197.91 -1 2
event 8
3381.9 -4341.66 -7944.25 10148.4
-7138.34 -9308.27 48708.9 50197.1
2311.91 -2495.81 -2285.5 4099.84 1 1
1069.99 -1845.84 -5658.75 6048.53 -1 1
-2800.78 -5607.31 29541.2 30199 1 2
-4337.56 -3700.96 19167.7 19998.1 -1 2
event 9
-11504.1 -3396.6 -44702.7 46387.6
2625.37 5796.16 2505.35 7506.94
-7811.06 -1067.68 -25332.3 26530.9 -1 1
-3693.02 -2328.93 -19370.4 19856.7 1 1
2495.32 3000.22 2623.68 4703.49 -1 2
130.049 2795.94 -118.334 2803.45 1 2
event 10
12145.7 -2787.74 -873.521 12870.2
4342.8 -1530.44 -9999.19 11435.7
6742.33 -287.765 -1398.05 6892.57 -1 1
5403.37 -2499.97 524.527 5977.67 1 1
3011.68 287.695 -7393.49 7989.23 -1 2
1331.12 -1818.14 -2605.7 3446.49 1 2
event 11
-6879.52 -5742.38 -6597.56 11550.8
7603.78 162.153 -6116.86 10432.8
-4705.22 -2417.95 -2532 5865.82 1 1
-2174.3 -3324.43 -4065.56 5685.01 -1 1
3354.66 1466.67 -4250.27 5610.78 -1 2
4249.12 -1304.52 -1866.59 4822.04 1 2
event 12
4044.79 -3008.75 -9581.38 11260.8
-8233.95 8185.09 -1063.69 12063
3574.43 -862.001 -6595.13 7551.59 -1 1
470.362 -2146.75 -2986.25 3709.26 1 1
-5271.09 4267.32 753.77 6824.49 -1 2
-2962.86 3917.77 -1817.46 5238.49 1 2
event 13
-3572.54 7949.53 45739.4 46665.2
-7769.58 -961.455 23347.9 24819.4
-4502.34 -2083.48 13932 14789.3 -1 2
-2418.5 2645.51 13315.2 13789.6 1 1
-1154.05 5304.02 32424.2 32875.5 -1 1
-3267.24 1122.02 9415.83 10030.1 1 2
event 14
-11099.4 -1765.49 -5395.09 12845.7
4978.38 -3323.76 -9807.08 11899.6
-8512.32 -86.3544 -4515.1 9636.61 1 1
-2587.12 -1679.13 -879.996 3209.08 -1 1
2384.85 57.6521 -4482.72 5079.05 -1 2
2593.53 -3381.41 -5324.36 6820.58 1 2
event 15
-9366.53 -1105.54 -21065.1 23287
-6313.79 5444.4 -13250.3 15958.3
-5632.49 870.92 -12198.8 13464.9 1 1
-3734.04 -1976.46 -8866.39 9822.09 -1 1
-2425.08 3327.3 -4200.2 5882.58 -1 2
-3888.71 2117.11 -9050.12 10075.7 1 2
event 16
600.52 12587.6 -7981.8 15235.1
-5999.56 7758.29 15211.1 18361.9
-1231.99 6395.1 -4208.67 7754.94 1 1
1832.51 6192.45 -3773.14 7480.13 -1 1
-3664.44 6343.6 9216.02 11773.5 -1 2
-2335.12 1414.69 5995.13 6588.39 1 2
event 17
6886.35 -2627.97 -12513.7 14849.6
-4418.27 6300.78 24436.6 25806.2
-2449.11 2803 7175.19 8083.9 1 2
2686.47 243.548 -2835.79 3915.27 -1 1
4199.87 -2871.52 -9677.95 10934.3 1 1
-1969.16 3497.79 17261.4 17722.3 -1 2
event 18
-8805.18 -3031.01 -1931.07 10001.8
966.453 15462.6 -57137.4 59281.5
-4773.68 -2195.2 397.845 5270.33 1 1
-4031.5 -835.808 -2328.92 4731.45 -1 1
2048.25 9626.74 -34170 35559.4 -1 2
-1081.79 5835.82 -22967.3 23722.1 1 2
event 19
-360.054 7434.93 -8306.6 11575.6
8072.52 -1039.36 -4820.28 9953.49
-181.95 3801.71 -2016.2 4308.41 -1 1
-178.104 3633.22 -6290.39 7267.2 1 1
4160.3 -2015.91 -3107.09 5571.1 1 2
3912.22 976.555 -1713.19 4382.39 -1 2
event 20
-4930.53 2376.67 1911.04 6572.79
-7156.73 -6127.41 2653.5 10266.3
-2956.42 2713.35 346.203 4029.11 -1 1
-1974.11 -336.681 1564.84 2543.69 1 1
-3809.86 -3750.01 -54.4802 5347.12 -1 2
-3346.87 -2377.4 2707.98 4919.14 1 2
event 21
4090.33 -5914.27 -21050.7 22548.3
-7220.24 16152.9 24078.6 30040.3
3962.66 -2584.81 -11675.7 12598.3 1 1
127.667 -3329.46 -9374.93 9949.98 -1 1
-3030.14 8993.45 14920.4 17683.2 1 2
-4190.1 7159.47 9158.13 12357.1 -1 2
event 22
2839.49 -9976.55 -1153.07 10886.5
-1619.21 4200.07 9102.08 10616.1
315.361 3317.46 5635.23 6547.67 1 2
1212.35 -4149.03 -2021.66 4773.11 1 1
-1934.57 882.61 3466.84 4068.38 -1 2
1627.14 -5827.51 868.599 6113.36 -1 1
event 23
7750.56 -1143.22 -7797.88 11479.3
-4971.93 -6339.4 -22504.1 24102.6
-2800.75 -2554.45 -14478.1 14966.5 -1 2
2472.24 849.45 -1470.28 3001.07 1 1
5278.32 -1992.67 -6327.59 8478.27 -1 1
-2171.18 -3784.95 -8025.97 9136.04 1 2
event 24
8867.38 -1049.21 3726.33 10159.1
-7550.01 310.828 16937.8 18803.7
-4728.9 1688.41 10181.3 11352.7 -1 2
4014.14 716.38 604.326 4123.46 1 1
4853.24 -1765.59 3122.01 6035.67 -1 1
-2821.11 -1377.58 6756.52 7451.04 1 2
event 25
-2661.31 13437.9 7834.54 16082
2259.95 -6935.4 -13536.2 15685.2
931.059 -4795.91 -5997.25 7736 -1 2
213.514 4698.1 1604.94 4970.39 -1 1
-2874.82 8739.79 6229.6 11111.6 1 1
1328.89 -2139.49 -7538.94 7949.22 1 2
event 26
6230.04 -1818.81 -2480.4 7606.88
4828.19 -6297.38 -14664 16958.5
1399.72 -3906.15 -9069.13 9973.84 1 2
1811.65 875.228 -728.611 2142.46 1 1
4418.39 -2694.03 -1751.79 5464.42 -1 1
3428.47 -2391.24 -5594.87 6984.71 -1 2
event 27
-1838.52 13368.3 29204 32319.6
451.872 6089.21 1427.96 6993.77
-192.475 3519.18 2291.28 4205.09 1 2
349.999 5985.59 15156 16299.3 -1 1
644.346 2570.03 -863.317 2788.68 -1 2
-2188.52 7382.75 14048 16020.3 1 1
event 28
1745.05 6183.63 -20.5825 7132.55
-3336.6 -15253.4 10061.7 18831.5
2237.17 3600.83 -943.119 4344.14 1 1
-492.117 2582.79 922.537 2788.41 -1 1
-3159.14 -8525.54 6786.19 11345.9 1 2
-177.451 -6727.82 3275.47 7485.65 -1 2
event 29
-2234.06 -3902.44 8170.61 9826.98
1810.1 -9727.54 -1096.38 10425.7
-330.378 -3199.88 3623.82 4846.81 1 1
-1903.68 -702.566 4546.79 4980.17 -1 1
-336.106 -6064.41 -1129.09 6178.68 1 2
2146.21 -3663.13 32.7178 4246.99 -1 2
event 30
-5588.83 -3507.09 7852.76 10714.1
10091.3 -7478.18 -6320.71 14397.9
2949.57 -777.156 -2250.04 3791.8 -1 2
-2496.38 80.2338 2125.35 3281.25 1 1
7141.75 -6701.02 -4070.67 10606.1 1 2
-3092.45 -3587.33 5727.41 7432.8 -1 1
event 31
-5691.04 280.496 -19781.6 20817.6
-7425.93 -4345.58 11119.6 14396.7
-3771.55 969.052 -8467.04 9320.17 -1 1
-1919.49 -688.556 -11314.6 11497.4 1 1
-3365.62 -2793.16 7734.66 8886.24 -1 2
-4060.31 -1552.43 3384.96 5510.47 1 2
event 32
6614.26 -5677.51 23906.2 25633.6
-1585.53 -12242.1 -21002.9 24558
4247.5 -2949.63 17822.7 18558 1 1
2366.76 -2727.88 6083.57 7075.59 -1 1
-2028.47 -6725.09 -9751.67 12018.6 -1 2
442.948 -5516.96 -11251.3 12539.4 1 2
event 33
8478.37 3678.61 10794.8 14544.2
10037.2 4782.63 -51236.7 52520.5
3207.71 3130.42 -18109.4 18656.1 1 2
3837.15 1934.64 7319.82 8488.67 -1 1
6829.44 1652.21 -33127.3 33864.4 -1 2
4641.22 1743.97 3475.03 6055.52 1 1
event 34
-3518.31 -16876.6 -25402.9 30856.1
7646.83 -4267.85 -8571.85 12639.6
5275.78 -3097.28 -3857.14 7232.96 -1 2
-2421.56 -5268.31 -7305.4 9327.33 -1 1
-1096.75 -11608.3 -18097.5 21528.7 1 1
2371.05 -1170.57 -4714.71 5406.64 1 2
event 35
-7583.78 -1237.14 -9376.45 12512.1
-7786.71 -6536.41 -1765.27 10773.3
-4027.9 -2173.73 -4687.19 6552.1 -1 1
-3555.88 936.595 -4689.26 5960.02 1 1
-6418.53 -4891.46 -118.82 8071.51 -1 2
-1368.18 -1644.95 -1646.45 2701.81 1 2
event 36
710.486 6502.36 -28097.4 29014.4
-1823.86 6382.81 1911.81 7570.5
-1444.23 4169.26 2716.39 5182.51 1 2
-1182.69 2783.14 -13269.2 13609.9 -1 1
-379.636 2213.56 -804.582 2387.99 -1 2
1893.17 3719.22 -14828.1 15404.6 1 1
event 37
1731.73 4293.14 2116.75 5958.29
3140.03 11937.3 36152.3 38326.8
-250.461 3063.2 494.039 3114.67 1 1
1982.19 1229.94 1622.71 2843.62 -1 1
764.471 7885.55 20245.9 21741.1 1 2
2375.56 4051.79 15906.4 16585.7 -1 2
event 38
3101.05 -11779.9 22442.7 25722.6
-8171.03 -10606.1 14649.1 20085.9
-7201.93 -8394.01 13366.2 17349.2 1 2
1511.46 -4601.62 6007.91 7717.87 1 1
-969.103 -2212.12 1282.83 2736.69 -1 2
1589.59 -7178.29 16434.8 18004.7 -1 1
event 39
4859.39 8109.52 -5231.66 11240.1
-3497.84 -4879.32 -17745.8 18988
3187.19 5410.27 -1734.45 6515.26 -1 1
1672.19 2699.25 -3497.2 4724.81 1 1
-2115.16 -555.31 -6559.01 6914.77 -1 2
-1382.67 -4324.01 -11186.7 12073.2 1 2
event 40
-5963.89 -4618.11 7212.55 10886.1
4230 -11033.1 366.355 12220.8
-4443.19 -1970.73 3111.2 5772.04 1 1
-1520.7 -2647.38 4101.35 5114.04 -1 1
1249.17 -6715.81 1108.41 6921.15 1 2
2980.82 -4317.27 -742.055 5299.61 -1 2
event 41
-4536.87 -2351.82 -20309.6 21170.4
8587.75 16455.9 11253.7 21926.7
-2513.87 -2848.73 -14768 15249.3 1 1
-2023 496.905 -5541.62 5921.16 -1 1
6230.63 9917.99 8396.31 14411.7 -1 2
2357.11 6537.87 2857.42 7515.04 1 2
event 42
-14075.8 -10959.3 16329.2 24381.7
4619.12 916.31 8463.31 10168.3
2440.38 1954.11 5667.85 6473.77 1 2
-6397.56 -5437.18 9711.82 12838.3 1 1
2178.74 -1037.8 2795.46 3694.55 -1 2
-7678.21 -5522.17 6617.33 11543.4 -1 1
event 43
1707.26 17136 73794.1 75840.1
4943.72 -1175.95 -2393.23 6414.07
2581.67 11208.6 47964.3 49324.2 -1 1
-874.415 5927.4 25829.9 26515.9 1 1
2884.2 -1713.8 -210.156 3363.19 -1 2
2059.52 537.858 -2183.07 3050.88 1 2
event 44
-5657.5 -4168.49 168.48 7681.34
318.087 9243.71 -42933.9 44028
-2302.52 -3348.73 -683.96 4122.45 -1 1
-3354.98 -819.756 852.439 3558.89 1 1
-595.451 5075.7 -17236.8 17978.7 1 2
913.538 4168.01 -25697.2 26049.3 -1 2
event 45
-9790.22 -844.991 27998.1 29833.6
-2254.35 -4042.64 -2051.29 6262.62
-5276.16 581.735 11443.7 12615.3 1 1
-4514.06 -1426.73 16554.4 17218.4 -1 1
-2562.63 -1826.06 -2446.99 3987.54 -1 2
308.282 -2216.58 395.692 2275.08 1 2
event 46
9154.36 -2192.61 23185.9 25214.8
-6476.49 6657.28 1905.72 9974.33
5057.67 -12.3916 9497.42 10760.7 1 1
4096.7 -2180.22 13688.5 14454.1 -1 1
-4204.33 5912.03 685.421 7287.62 -1 2
-2272.15 745.253 1220.3 2686.7 1 2
event 47
7594.37 -5156.54 15955.2 18666.1
1078.46 11014.4 10560.8 15607.7
-1088.94 3450.05 3504.69 5038.12 1 2
1045.9 -1710.1 1814.91 2706.18 1 1
2167.4 7564.37 7056.11 10569.6 -1 2
6548.47 -3446.44 14140.3 15959.9 -1 1
event 48
5872.5 -5271.37 8315.97 12042.3
-7712.41 5752.01 -12367.8 15972.5
-2490.38 3017.12 -3119.47 5004.72 1 2
968.911 -3262.94 3065.96 4582.23 1 1
-5222.03 2734.89 -9248.33 10967.8 -1 2
4903.58 -2008.42 5250.02 7460.08 -1 1
event 49
-9152.59 -2529.36 -15250.5 18230.1
4851.68 5637.96 -26157.2 27370
3516.41 2212.33 -17025.3 17525.1 1 2
-4253.55 368.481 -7170.05 8345.62 1 1
1335.27 3425.63 -9131.89 9844.82 -1 2
-4899.05 -2897.84 -8080.46 9884.49 -1 1
event 50
-2728.15 9071.99 -13234.7 16567.8
2815.31 -9182.33 1627.73 10221.6
-2363.24 5134.31 -9870.8 11375 -1 1
-364.907 3937.68 -3363.92 5192.84 1 1
1098.98 -5666.8 -449.8 5790.85 -1 2
1716.32 -3515.53 2077.53 4430.8 1 2
event 51
10450.9 363.216 -9982.12 14784.7
4857.15 7766.89 -27948.4 29574
6392.69 649.72 -4068.71 7606.2 -1 1
4058.19 -286.503 -5913.4 7178.47 1 1
2044.13 2448.93 -5770.72 6594.56 -1 2
2813.02 5317.96 -22177.7 22979.4 1 2
event 52
-8380.72 -8104.1 53456.3 54800.3
1361.59 4447.95 16975.2 17871.4
-566.07 3130.75 11130 11576.3 1 2
-3068.99 -4894.67 22689.4 23413.6 1 1
1927.66 1317.21 5845.25 6295.16 -1 2
-5311.73 -3209.42 30766.9 31386.8 -1 1
event 53
-7892.81 6469.92 -29663.8 31522.8
8115.12 353.138 6521.94 10867.6
-4639.76 2825.78 -11593.8 12803.9 1 1
-3253.05 3644.14 -18070 18718.9 -1 1
5831.1 595.096 6222.33 8548.94 -1 2
2284.02 -241.958 299.619 2318.67 1 2
