event 0
-389.298 -8009.83 -34873.9 35917.8
-4607.57 4699.94 25830.2 26834.9
-809.816 2913.22 12397.3 12761.1 -1 2
-1137.07 -1788.63 -12669.1 12845.6 -1 1
747.767 -6221.21 -22204.8 23072.2 1 1
-3797.76 1786.72 13432.9 14073.7 1 2
event 1
-2353.74 7926.97 -14130.8 16662.7
-5532.5 2828.73 6810.19 9725.23
-1984.49 4582.91 -10932 12019.2 -1 1
-369.248 3344.07 -3198.8 4643.56 1 1
-798.709 1947.81 2408.24 3200.42 -1 2
-4733.79 880.921 4401.95 6524.81 1 2
event 2
10007.4 7134.64 -60985.2 62288.4
-7623.33 4204.71 -18059.4 20286.1
7631.71 4461.25 -48561.9 49360.1 1 1
2375.64 2673.39 -12423.3 12928.3 -1 1
-2333.69 -213.983 -4737.99 5286.93 -1 2
-5289.64 4418.69 -13321.4 14999.2 1 2
event 3
-3041.14 -6452.8 33098.3 33999.7
6490.2 2915 -32132.4 33056.1
3815.09 1607.57 -24767.3 25111.1 -1 2
7.75193 -3523.54 13774.2 14218.2 -1 1
-3048.89 -2929.26 19324.1 19781.5 1 1
2675.11 1307.43 -7365.15 7944.95 1 2
event 4
1703.06 -9199.82 -35558.7 36899.2
3766.54 6012.49 10464.8 13016.9
-353.608 -5171.02 -22114.4 22714 1 1
2056.67 -4028.8 -13444.3 14185.2 -1 1
2585.66 1563.54 5267.26 6073.34 -1 2
1180.88 4448.95 5197.49 6943.54 1 2
event 5
1828.31 -7996.8 22480.2 24129.7
-12478.8 5320.93 8987.95 16565.2
-4478.78 3046.78 4865.72 7282.08 -1 2
1709.4 -1547.07 6406.59 6809.63 -1 1
-8000.01 2274.16 4122.23 9283.1 1 2
118.907 -6449.73 16073.6 17320.1 1 1
event 6
-4554.99 -2243.67 6266.73 8639.72
-10067.8 6688.4 525.867 12488.5
-2664.39 -1496.34 5791.81 6549.37 1 1
-1890.6 -747.328 474.924 2090.36 -1 1
-5143.07 5100.53 -285.879 7249.79 -1 2
-4924.71 1587.86 811.747 5238.72 1 2
event 7
10735.4 -1867.53 -6605.85 13113.5
5599.13 -3729.54 27769 28739.6
3271.73 -3873.13 19196.9 19855.4 -1 2
2471.86 -1796.6 -1975.51 3640.28 -1 1
8263.49 -70.9313 -4630.35 9473.2 1 1
2327.4 143.597 8572.08 8884.2 1 2
event 8
1503.92 -8846.92 49.4196 9493.33
-2215.74 6969.41 -8647.75 11741.3
2171.53 -5061.73 826.48 5570.54 1 1
-667.611 -3785.18 -777.06 3922.79 -1 1
-529.872 2284.92 -5137.69 5648.77 -1 2
-1685.87 4684.49 -3510.06 6092.48 1 2
event 9
-6307 -2592.1 -17197.2 18757.2
-8058.59 -5566.89 30474.8 32159.5
-3079.58 -964.432 13491.2 13872.2 -1 2
-2417.48 161.083 -3531.17 4283.75 1 1
-4979.01 -4602.46 16983.6 18287.4 1 2
-3889.52 -2753.18 -13666.1 14473.4 -1 1
event 10
4321.24 -2395.04 452.523 5848.55
1176.62 -8124.6 -14710.9 17128.8
2228.34 -2913.26 193.867 3674.42 -1 1
2092.89 518.221 258.657 2174.13 1 1
-634.208 -4295.27 -5652.44 7128.31 1 2
1810.82 -3829.33 -9058.47 10000.5 -1 2
event 11
-5290.1 -2905.66 -17547.2 18812.8
9299.92 -864.064 47295 48307.8
-3486.66 -673.534 -6601.74 7496.97 1 1
-1803.44 -2232.13 -10945.5 11315.9 -1 1
4752.83 -1868.41 27677.1 28144.5 -1 2
4547.09 1004.35 19617.9 20163.3 1 2
event 12
-16925.4 7550.74 -7353.99 20178.1
3519.27 3551.78 1794.49 6149.1
1442.37 3512.81 1071.8 3947.17 1 2
-6604.28 4395.54 -2302.78 8261.43 -1 1
2076.9 38.974 722.695 2201.93 -1 2
-10321.2 3155.2 -5051.22 11916.7 1 1
event 13
7590.19 -1852.5 -27055 28330.3
-10803.8 814.181 26275.4 28589.7
-7923.88 1953.96 19498.8 21138.2 1 2
3553.77 669.983 -12785.6 13287.7 -1 1
-2879.9 -1139.78 6776.52 7451.53 -1 2
4036.43 -2522.48 -14269.4 15042.7 1 1
event 14
7272.79 9441.59 -46406.9 48012.8
2621.49 10317.4 7493.04 13381.3
2570.7 5794.28 -25371.3 26151.4 1 1
4702.09 3647.3 -21035.6 21861.4 -1 1
2436.87 5330.1 5394.66 7966.29 -1 2
184.625 4987.35 2098.38 5414.99 1 2
event 15
-5225.41 2255.51 4973.28 8168.03
8680.69 -1411.62 -16366.9 18836.5
3163.69 -255.279 -3176.41 4491.64 -1 2
-2319.22 -594.899 1617.94 2891.64 -1 1
5517 -1156.34 -13190.5 14344.8 1 2
-2906.19 2850.41 3355.34 5276.39 1 1
event 16
8040.85 -1834.98 11920.5 14822.7
-2013.89 4316.51 -2200.3 6092.64
-2566.63 2055.79 -1725.05 3714.95 1 2
4140.47 558.228 4879.2 6424.4 1 1
552.745 2260.72 -475.243 2377.69 -1 2
3900.38 -2393.21 7041.27 8398.28 -1 1
event 17
-8069.94 -4209.09 -20324.3 22483.5
1333.75 -6947.22 2556 8134.31
378.987 -4857.76 3093.6 5772.61 -1 2
-4276.24 -509.477 -9518.36 10447.8 -1 1
-3793.7 -3699.61 -10805.9 12035.7 1 1
954.765 -2089.47 -537.61 2361.7 1 2
event 18
5352.81 6277.87 7202.02 11380.9
86.2577 -14127.3 -10615.7 17940.8
1782.77 4410.41 3482.96 5896.79 -1 1
3570.03 1867.46 3719.06 5484.08 1 1
-121.11 -9286.94 -8710.96 12734 -1 2
207.367 -4840.35 -1904.72 5206.83 1 2
event 19
2358.14 -4608.97 -4657.86 7621.61
15315.4 6259.27 -57547.3 59958.5
2964.45 -2656.99 -2949.69 4955.74 -1 1
-606.309 -1951.98 -1708.17 2665.87 1 1
11126.1 5110.23 -46564.2 48147.1 1 2
4189.24 1149.04 -10983.1 11811.4 -1 2
event 20
-1600.41 11320.8 -22949.6 25826.3
-7282.62 -1448.22 10220.4 13007
-4099.02 -2328.5 6508.35 8037.02 -1 2
-1264.9 4115 -11645.8 12416.4 -1 1
-335.501 7205.8 -11303.9 13409.9 1 1
-3183.6 880.284 3712.01 4969.95 1 2
event 21
-573.023 8288.93 -25295.6 26804.7
-9379.22 2027.8 -46446.8 47528.7
-6334.59 2599.91 -28137.6 28959 1 2
1275.64 3702.29 -10809.1 11497 -1 1
-3044.63 -572.109 -18309.2 18569.7 -1 2
-1848.66 4586.63 -14486.5 15307.7 1 1
event 22
-6852.9 -6944.29 6730.96 12250.8
4335.11 5371.08 11328.3 13622.1
610.4 3143.05 4322.93 5380.54 1 2
-2154.98 -1805.34 3720.58 4664.45 1 1
-4697.92 -5138.94 3010.38 7586.35 -1 1
3724.71 2228.03 7005.33 8241.56 -1 2
event 23
8925.08 -5317.96 -2489.46 11123.3
-536.258 -5979.72 6501.34 9375.65
5055.61 -1881.4 -37.2485 5395.5 1 1
3869.47 -3436.56 -2452.21 5727.76 -1 1
-434.051 -3575.79 1658.36 3966.86 -1 2
-102.207 -2403.93 4842.99 5408.79 1 2
event 24
-9196.27 3839.76 53.2108 10436
5471.15 -2585.31 14328.9 15859.5
-4724.95 2480.01 1497.22 5543.33 -1 1
-4471.32 1359.74 -1444.01 4892.64 1 1
4163.57 -987.666 12025.3 12764.4 -1 2
1307.58 -1597.65 2303.59 3095.15 1 2
event 25
-7366.2 4084.36 2126.54 9436.58
-2217.44 8873.79 3106.41 10144.1
-686.679 3205.16 2716.59 4258.59 -1 2
-2321.05 535.59 2232.66 3266.5 -1 1
-5045.16 3548.77 -106.118 6170.07 1 1
-1530.76 5668.63 389.82 5885.55 1 2
event 26
5712.55 2880.92 -3336.44 7852.11
7059.94 4018.33 12820.9 15490.5
3768.29 1346.8 8702.92 9579.45 1 2
1239.58 2005.66 -2020.69 3107.02 1 1
4472.97 875.262 -1315.75 4745.09 -1 1
3291.65 2671.53 4117.98 5911.09 -1 2
event 27
9225.76 713.524 2991.24 10206
-3545.9 4861.73 -11944.2 13728.2
-1764.01 3658.3 -10124.9 10909.6 -1 2
3077.98 -853.57 11.4523 3195.91 -1 1
6147.77 1567.09 2979.79 7010.08 1 1
-1781.88 1203.43 -1819.28 2818.56 1 2
event 28
3582.5 6897.04 8995.67 12284.8
13366.1 7485.15 -34220.7 37620.8
2540.99 3564.12 7014.01 8268.44 1 1
1041.51 3332.92 1981.65 4016.36 -1 1
6264.48 5265.62 -17509.2 19327.6 -1 2
7101.65 2219.53 -16711.5 18293.3 1 2
event 29
2106.89 -7779.32 34095.1 35171.3
-3037.94 5254.66 511.467 6833.22
-834.893 4156.37 910.119 4337.28 -1 2
5.75168 -3519.05 19706.8 20018.8 -1 1
2101.14 -4260.27 14388.2 15152.5 1 1
-2203.05 1098.28 -398.653 2495.94 1 2
event 30
3483.42 5348.45 -18809.5 20103
-8087.13 -5842.85 12080.5 15970.9
2203.49 2625.68 -14118.6 14529.2 -1 1
1279.93 2722.77 -4690.9 5573.82 1 1
-4615.42 -2623.46 8546.72 10061.9 -1 2
-3471.71 -3219.39 3533.79 5908.99 1 2
event 31
-128.681 10619 -6182.49 12672.6
-5487.22 4127.05 6247.82 9786.12
-3235.17 2763.75 1809.99 4625.14 1 2
-1247.37 4982.4 -1795.05 5441.84 -1 1
-2252.05 1363.29 4437.82 5160.98 -1 2
1118.69 5636.6 -4387.44 7230.73 1 1
event 32
6077.8 -4998.81 26243 27572
7924.36 1860.27 -36374.9 37402.9
5479.1 -183.601 -21295.2 21989.8 1 2
1964.42 -2806.38 15263.9 15643.9 1 1
2445.26 2043.87 -15079.7 15413.1 -1 2
4113.38 -2192.43 10979.2 11928.1 -1 1
event 33
-9160.74 -1189.89 -32006.4 33456.4
974.749 -6521.44 -8192.64 10963
1585.09 -4228.13 -3538.72 5737.88 -1 2
-3861.58 1006.66 -12270.1 12903.2 1 1
-5299.16 -2196.55 -19736.2 20553.2 -1 1
-610.336 -2293.31 -4653.92 5225.12 1 2
event 34
3874.51 -6715.29 -3501.79 9053.18
-8739.55 -566.615 31454.7 32797.8
-3348.65 -845.331 17439.8 17778.8 -1 2
702.824 -3301.73 -2699.91 4323.89 1 1
-5390.9 278.715 14015 15019 1 2
3171.68 -3413.56 -801.875 4729.29 -1 1
event 35
-4645.85 515.706 17093.3 17989.4
-10044.4 -17236.1 106040 107963
-2587.12 1625.4 12009.7 12392.7 -1 1
-2058.72 -1109.69 5083.53 5596.71 1 1
-8226.89 -10919.7 74751.7 75991.8 -1 2
-1817.47 -6316.39 31288.2 31971.2 1 2
event 36
6296.89 -778.786 4488.2 8366.14
7868.78 -2391.1 37167.2 38191.9
3233.7 -1886.48 22241.7 22554.8 -1 2
1561.55 -1443.75 628.692 2220.2 -1 1
4735.34 664.966 3859.51 6145.94 1 1
4635.08 -504.614 14925.5 15637.1 1 2
event 37
-624.268 11408.4 19879.2 23136.8
6573.56 -5911.43 -13438.7 16381.1
3792.8 -5235.07 -8613.19 10769.8 -1 2
-1384.7 2666.97 6099.11 6800.03 -1 1
760.436 8741.39 13780 16336.8 1 1
2780.76 -676.364 -4825.47 5611.27 1 2
event 38
-3936.45 -4946.32 -449.434 7053.7
-9246.68 4427.29 -14478.5 18008.9
-2796.63 -2764.58 1171.4 4104.56 1 1
-1139.82 -2181.74 -1620.83 2949.14 -1 1
-4537.39 3612.12 -9304.46 10964.5 -1 2
-4709.3 815.171 -5174.06 7044.43 1 2
event 39
9383.32 -1485.41 26087.3 27935.5
4942.89 -5175.07 9247.27 12096.2
6100.71 -2122.56 19585.1 20623.1 1 1
3282.61 637.154 6502.22 7312.42 -1 1
1557.6 -2187.42 1371.01 3016.91 -1 2
3385.3 -2987.65 7876.26 9079.26 1 2
event 40
-5109.53 6191.86 5472.56 10197.4
-3890.93 2930.98 -1852.67 6062.43
-1546.89 4251.25 2528.39 5183.62 1 1
-3562.64 1940.61 2944.18 5013.76 -1 1
-1978.67 2327.86 -2503.91 3951.56 -1 2
-1912.27 603.114 651.242 2110.87 1 2
event 41
-4722.26 -1382.78 -4983.56 7657.55
2542.61 23818.8 -1441.68 24196.4
-3282.11 585.358 -2444.61 4135.47 -1 1
-1440.15 -1968.14 -2538.95 3522.08 1 1
1220.53 14318.8 622.919 14384.6 -1 2
1322.07 9500.06 -2064.6 9811.87 1 2
event 42
4884.6 3111.35 1116.67 6661.68
10425.2 -370.878 46294.5 47556.2
3386.06 421.94 91.7791 3415.12 1 1
1498.54 2689.41 1024.89 3246.56 -1 1
5662.52 -1.41416 18282.3 19139.5 -1 2
4762.71 -369.464 28012.2 28416.8 1 2
event 43
-9441.84 -6764.53 -2278.53 12234.8
6396.69 2485.06 -8892.06 11651.3
3011.75 2654.43 -3767.69 5506.65 1 2
-3961.49 -3531.85 -2499.42 5867.33 -1 1
3384.95 -169.365 -5124.38 6144.67 -1 2
-5480.36 -3232.68 220.881 6367.45 1 1
event 44
-4942.31 -4203.42 17972.3 19356.9
-7497.36 -23087.4 -15759.9 29106.8
-2839.47 -2118.02 5542.26 6578.48 -1 1
-2102.83 -2085.4 12430 12778.4 1 1
-3757.1 -16226.3 -10732.2 19814.1 1 2
-3740.26 -6861.16 -5027.65 9292.66 -1 2
event 45
-4827.11 5588.08 1756.89 8197.89
-2637.12 8878.14 9689.99 13757.3
-2422.73 2893.26 3832.43 5379.52 1 2
-2415.71 1354.64 1835.09 3324.06 1 1
-214.391 5984.88 5857.56 8377.76 -1 2
-2411.41 4233.44 -78.1957 4873.82 -1 1
event 46
-4703.48 4401.46 -37057.6 37740.6
9258.01 -3808.97 -46442.8 47610.3
-3850.9 1521.85 -21670.9 22063.2 -1 1
-852.578 2879.62 -15386.7 15677.4 1 1
7253.95 -1737.64 -29803.8 30723.2 -1 2
2004.06 -2071.33 -16638.9 16887 1 2
event 47
7736.53 -7144.04 12451.9 16599.2
7475.98 -1432.61 37465.8 38356.4
5648.04 332.165 26929.4 27517.5 -1 2
2660.47 -4558.02 5976.32 7973.79 -1 1
5076.05 -2586.02 6475.54 8625.4 1 1
1827.94 -1764.77 10536.4 10838.9 1 2
event 48
7518.35 6946.93 -1594.62 10812.9
-11217 6849.73 -951.641 13536.5
-7319.17 5873.35 84.9281 9385.35 1 2
3876.34 1631.65 -155.288 4209.94 1 1
-3897.79 976.386 -1036.57 4151.11 -1 2
3642 5315.27 -1439.33 6602.97 -1 1
