event 0
16583.9 -395.051 39573.9 43021.7
-15815.2 29977.5 -12173 36146.2
-4075.18 5288.28 -2874.24 7269.49 -1 2
2531.28 988.684 7462.01 7942.14 1 1
-11740 24689.3 -9298.77 28876.7 1 2
14052.6 -1383.74 32111.8 35079.5 -1 1
event 1
-5223.38 -612.434 -6873.49 9192.24
-12312.1 12286.4 -8125.89 19446.5
-3374.31 1127.42 -4154.43 5470.6 1 1
-1849.06 -1739.85 -2719.07 3721.64 -1 1
-8722.96 7413.58 -6559.06 13194.1 1 2
-3589.09 4872.87 -1566.84 6252.41 -1 2
event 2
1247.23 11883.9 15310 19666.5
7396.33 2546.57 19890.6 21596.7
5841.86 599.551 14952.1 16064.4 -1 2
991.846 5189.96 9143.31 10560.8 -1 1
255.389 6693.94 6166.71 9105.69 1 1
1554.47 1947.02 4938.5 5532.38 1 2
event 3
1859.06 -8559.18 -42632.2 43632.7
15145 -8751.45 -58169.5 60854.2
2352.17 -4605.8 -27635.9 28115.8 1 1
-493.117 -3953.38 -14996.3 15516.8 -1 1
11201.1 -4624.99 -41565.2 43295.9 -1 2
3943.82 -4126.45 -16604.3 17558.3 1 2
event 4
-935.501 15235.1 5083.27 16383.4
-4542.27 -978.756 -28692 29230.3
699.997 9814.43 3977.3 10613.3 -1 1
-1635.5 5420.72 1105.97 5770.05 1 1
-3240.07 810.367 -15816.3 16165.4 -1 2
-1302.2 -1789.12 -12875.7 13064.9 1 2
event 5
-7040.21 -2092.84 22527.2 23895.8
939.44 -7367.47 43136.1 43880.3
-1114.4 -3287.84 19411.7 19720 1 2
-1603.97 -1510.21 9772.29 10018.1 -1 1
-5436.23 -582.637 12754.9 13877.7 1 1
2053.84 -4079.64 23724.4 24160.3 -1 2
