event 0
-7606.02 2822.12 -2325.65 8989.77
6007.44 -2547.17 -37716.2 38401.6
2957.2 -2813.93 -24236.5 24578.1 -1 2
-3799.89 -223.263 -1046.98 3949.22 -1 1
-3806.13 3045.38 -1278.68 5040.55 1 1
3050.24 266.757 -13479.8 13823.5 1 2
event 1
-11776.6 -9913.91 6223.26 16890.7
2400.06 10587.9 30517.5 32538.9
3151.28 8416.22 24059.1 25683 -1 2
-2588.42 -2068.38 2781.95 4327.64 -1 1
-9188.23 -7845.53 3441.31 12563 1 1
-751.212 2171.67 6458.4 6855.84 1 2
event 2
-5073.52 1909.58 -1628.06 6452.03
9925.56 8300.87 32831.7 35425
-2900.51 2334.09 -1963.16 4210.23 -1 1
-2173.02 -424.502 335.096 2241.8 1 1
5486.69 6141.59 18042.9 19833.8 1 2
4438.87 2159.29 14788.8 15591.2 -1 2
event 3
314.686 -7379.18 11323.6 13869.6
-1543.42 -7793.8 -2151.94 8794.71
-946.168 -3523.47 570.572 3694.16 1 2
1572.37 -2531.74 4678.07 5547.75 1 1
-1257.68 -4847.43 6645.53 8321.88 -1 1
-597.252 -4270.33 -2722.51 5100.56 -1 2
