event 0
-9003.19 -7023.43 -12558.4 17253.7
-9362.54 4265.63 4748.15 11746.9
-5470.93 -2314.96 -6489.18 8798.34 -1 1
-3532.26 -4708.47 -6069.21 8455.36 1 1
-7418.81 3115.32 4996.69 9472.17 -1 2
-1943.73 1150.31 -248.539 2274.7 1 2
event 1
-5423.45 -4467.87 14692.7 16578.4
8396.15 259.158 21496 23285.9
3049.25 327.262 12011.8 12397.5 1 2
-1476.12 -1432.36 7845.44 8111.27 1 1
5346.89 -68.1042 9484.26 10888.4 -1 2
-3947.33 -3035.51 6847.27 8467.11 -1 1
event 2
8325.65 1935.39 11380.2 14565.8
-7834.64 -1221.78 -25133.5 26536.1
-4380.61 -2018.99 -12037.1 12968 -1 2
3537.49 522.289 2455.33 4338.94 -1 1
4788.16 1413.1 8924.89 10226.8 1 1
-3454.02 797.216 -13096.4 13568 1 2
event 3
9260.2 -5276.89 -13590.9 17547.1
-6169.18 -6221.25 -4434.99 10296.9
-3917.13 -3338.92 -4175.19 6628.4 -1 2
2552.03 -2718.88 -6249.31 7278.07 -1 1
6708.18 -2558.01 -7341.62 10269.1 1 1
-2252.05 -2882.32 -259.791 3668.54 1 2
event 4
9882.74 2778.75 27504.4 29520.7
5180.17 -4955.59 12332.9 14597.4
6395.44 1697.76 21472.2 22468.9 1 1
3487.3 1080.99 6032.23 7051.86 -1 1
1146.42 -2844.86 6577.93 7258.64 -1 2
4033.75 -2110.73 5754.99 7338.75 1 2
event 5
-1975.45 4430.69 -6760.05 8878.31
-8263.7 -17230.2 11177.7 22354
-1801.42 2420.55 -1781.91 3505.79 1 1
-174.022 2010.14 -4978.14 5372.52 -1 1
-4916.13 -9605.25 8030.72 13451.1 -1 2
-3347.57 -7624.96 3147.01 8902.87 1 2
event 6
-9952.9 -688.146 -38888.7 40267.3
727.972 5859.01 -3702.31 7626
-5770.4 -642.314 -28140.8 28733.7 1 1
-4182.51 -45.8318 -10747.9 11533.6 -1 1
-111.953 3739.01 -624.325 3793.9 -1 2
839.925 2120 -3077.98 3832.1 1 2
event 7
5306.17 -3284.91 2649.12 7453.5
-3820.79 8083.91 -8301.12 12587.7
109.398 3091.98 -2418.59 3928.49 1 2
670.146 -2061.77 866.794 2337.19 1 1
-3930.19 4991.93 -5882.53 8659.16 -1 2
4636.02 -1223.14 1782.32 5116.31 -1 1
event 8
-2561.81 3666.24 -4006.68 6756.37
11609.6 3906.48 -24512.6 27577.1
-247.538 3011.86 -2037.63 3646.33 -1 1
-2314.27 654.373 -1969.05 3110.05 1 1
6291.64 836.579 -10368.8 12157.6 1 2
5317.93 3069.9 -14143.7 15419.5 -1 2
