event 0
14025.4 -5448.46 -47942.9 50343.9
-2920.65 6851.45 -28530 29648.3
-2781.59 3043.47 -12162.4 12842.7 1 2
4396.63 -1213.37 -10433.7 11387.6 1 1
-139.057 3807.98 -16367.6 16805.7 -1 2
9628.77 -4235.09 -37509.2 38956.4 -1 1
event 1
-5810.57 4699.56 -6821.29 10581.6
9461.21 15103.1 -30245 35241.6
2855.7 2993.86 -9073.15 9972.53 1 2
-1879.45 3216.34 -2169.19 4312.04 1 1
6605.51 12109.2 -21171.8 25269 -1 2
-3931.13 1483.21 -4652.1 6269.52 -1 1
event 2
-3980.82 4646.75 14779.7 16293.2
7512.66 4613.91 -24440.1 26165.6
-1610.17 3167.21 5091.66 6209.67 -1 1
-2370.64 1479.54 9688.04 10083.6 1 1
4415.73 1833.86 -16768.9 17437.6 -1 2
3096.93 2780.05 -7671.15 8727.96 1 2
event 3
-2683.06 3974.25 3799.84 6857.31
3113.66 -12073 -52365 53917.8
-2981.08 1751.6 2429.08 4226.88 -1 1
298.019 2222.65 1370.76 2630.43 1 1
1264.52 -7183.35 -36221.8 36949 1 2
1849.14 -4889.61 -16143.2 16968.9 -1 2
event 4
-3557.3 -6575.29 -6105.11 10136.7
26606.6 1163.88 9938.62 28594.2
-3932.02 -4539.3 -4286.37 7379.03 1 1
374.719 -2035.99 -1818.74 2757.65 -1 1
18183.8 -173.564 7888.91 19822.4 1 2
8422.72 1337.44 2049.7 8771.74 -1 2
event 5
5377.55 -5237.09 -12845.9 15197.2
355.112 -8721.66 -3336.36 9844.57
3621.77 -2010.85 -4731.35 6289.49 1 1
1755.77 -3226.23 -8114.5 8907.73 -1 1
802.209 -5397.27 -3501.94 6484.51 -1 2
-447.097 -3324.39 165.586 3360.06 1 2
event 6
-4270.37 -6292.94 26237.4 27492.3
7348.83 59.0753 -22020.4 23420
-3415.79 -3039.36 11511.5 12386.7 -1 1
-854.578 -3253.58 14725.9 15105.6 1 1
3056.96 640.293 -5349.88 6195.75 -1 2
4291.87 -581.218 -16670.5 17224.3 1 2
event 7
6261.65 -4993 -2060.94 8830.43
7266.44 2732.66 2968.21 8869.59
3942.29 -154.503 1587.74 4254.13 1 2
1905.87 -2782.13 331.509 3390.23 1 1
4355.78 -2210.87 -2392.45 5440.2 -1 1
3324.14 2887.16 1380.47 4615.46 -1 2
event 8
3250.91 5636.22 -5665.3 9166.33
-1313.24 -7577.35 -13069.6 15477.3
-1861.31 -3405.65 -4599.31 6018.95 -1 2
1820.44 1595.65 -3763.03 4475.68 1 1
1430.48 4040.57 -1902.27 4690.66 -1 1
548.069 -4171.71 -8470.26 9458.33 1 2
