event 0
1305.95 -7616.55 -5929.71 10414.7
6376.33 -9751.25 -14179.3 18611.5
60.9417 -4331.8 -1152.68 4484.2 -1 1
1245.01 -3284.75 -4777.03 5930.5 1 1
2727.56 -6902.86 -8549.86 11322.6 -1 2
3648.77 -2848.38 -5629.43 7288.92 1 2
event 1
-5212.42 5719.12 -5055.79 9748.33
2905.95 4686.51 7009.92 9441.28
943.417 4187.21 4620.16 6307.13 -1 2
-1556.69 3332.24 -1060.34 3829.18 1 1
-3655.72 2386.88 -3995.45 5919.15 -1 1
1962.53 499.297 2389.76 3134.16 1 2
event 2
3875.28 5180.74 2209.64 7505.39
7206.38 6885.8 -33339.4 34992.1
3086.5 2694.87 2617.95 4863.5 -1 1
788.777 2485.86 -408.309 2641.89 1 1
4840.63 2617.8 -21330 22028.8 1 2
2365.75 4268 -12009.4 12963.4 -1 2
event 3
-20403.1 168.367 -92588.2 94860.3
14589.1 1617.92 37072.2 39992.5
6235.03 -83.2676 12238.2 13735.6 -1 2
-4344.37 494.996 -14883.1 15512.4 1 1
-16058.8 -326.629 -77705.1 79347.9 -1 1
8354.11 1701.18 24834 26256.9 1 2
event 4
-8550.04 119.899 17749.7 19943.9
-6173.32 -5032.35 15705.1 17879.6
-5086.11 -1368.61 9249.87 10644.9 -1 1
-3463.93 1488.51 8499.82 9299.06 1 1
-4023.79 -4660.75 9701.03 11490.6 -1 2
-2149.53 -371.605 6004.09 6388.96 1 2
event 5
9582.56 -1491.48 -13911.9 17238.9
-33.6075 13391.9 -7868.65 15838.3
1457.11 5187.79 -3472.02 6411.12 1 2
3386.33 506.869 -3112.73 4628.65 1 1
-1490.71 8204.09 -4396.63 9427.14 -1 2
6196.22 -1998.34 -10799.1 12610.3 -1 1
event 6
-31155.2 -19749.9 17146 40795.6
-3048.24 -7865.72 16539.9 18823.4
-3549.91 -5910.53 11739.4 13614.7 1 2
-10370.6 -7563.42 7306.38 14769.9 -1 1
501.667 -1955.19 4800.47 5208.66 -1 2
-20784.6 -12186.5 9839.61 26025.7 1 1
event 7
-12514.1 13945.3 73287.4 75708
5086.19 2021.51 271.347 6294.47
3303.31 281.916 1345.79 3579.61 1 2
-5653.9 6615.09 40182.5 41114.1 1 1
1782.88 1739.6 -1074.44 2714.86 -1 2
-6860.21 7330.2 33104.9 34593.9 -1 1
event 8
3115.3 6038.17 5224.64 9113.3
6436.13 -6180.53 7454.08 12032.3
3345.13 -2290.46 5148.18 6553.7 1 2
2272.63 1235.29 1873.37 3195.54 1 1
3091.01 -3890.07 2305.9 5478.62 -1 2
842.666 4802.89 3351.26 5917.76 -1 1
event 9
10534.2 -1416.55 -57.0646 11250.1
-3939.06 1607.24 155.235 5264.27
-3081.76 -356.098 273.288 3116.07 1 2
4075.16 1196.02 398.702 4267.03 1 1
-857.3 1963.34 -118.052 2148.2 -1 2
6459.03 -2612.56 -455.767 6983.08 -1 1
event 10
9089.92 -2473.07 1358.09 10008.8
8707.09 -5244.99 -16103.4 19293.4
4722.66 -1051.26 -7468.88 8899.66 1 2
2915.78 -2185.52 -139.789 3648.14 1 1
6174.15 -287.548 1497.88 6360.63 -1 1
3984.43 -4193.73 -8634.57 10393.7 -1 2
