event 0
-2309.04 -10350.9 46075.6 47381.7
13982.2 10772.3 -78061.4 80091.9
-979.86 -7536.5 37388.2 38153 -1 1
-1329.18 -2814.4 8687.41 9228.75 1 1
6341.13 6784.47 -42035 43048.7 -1 2
7641.02 3987.82 -36026.4 37043.3 1 2
event 1
9279.25 23340.6 17669.1 30865.5
12332.5 -9442.11 -1634.15 15921.8
8205.13 -7728.22 -1953.5 11440.1 1 2
4665.47 10541.5 9913.39 15204.5 -1 1
4127.36 -1713.89 319.354 4481.71 -1 2
4613.78 12799.1 7755.75 15661 1 1
event 2
15.2625 -6198.82 -25302.7 26234.4
1007.89 -8064.83 -29701.2 30948.5
274.397 -3115.75 -17209.1 17491.4 -1 2
1077.7 -2187.54 -13600.4 13817.7 1 1
733.49 -4949.08 -12492.1 13457.2 1 2
-1062.44 -4011.28 -11702.3 12416.7 -1 1
event 3
417.318 -6610.49 -5706.69 9275.23
1017.15 -7530.76 1022.12 8269.31
1949.94 -3010.75 505.582 3624.04 -1 2
1675.36 -2658.71 -2793.71 4206.13 1 1
-932.79 -4520.01 516.542 4645.27 1 2
-1258.04 -3951.78 -2912.98 5069.1 -1 1
