event 0
3510.7 -4510.76 1645.34 6705.96
-11370.1 -26662.8 -98935.6 103160
2673.48 -2233.92 -429.674 3511.94 1 1
837.222 -2276.84 2075.02 3194.03 -1 1
-7015.38 -12808.2 -45513.5 47799.1 -1 2
-4354.76 -13854.7 -53422.1 55361 1 2
event 1
-5007.85 920.888 5231.99 7930.42
775.103 -8444.47 -1096.75 9094.14
-3199.57 1820.28 4415 5749.26 -1 1
-1808.29 -899.392 816.991 2181.16 1 1
-963.51 -4790.32 46.952 4887.62 -1 2
1738.61 -3654.15 -1143.7 4206.52 1 2
event 2
-8175.75 1530.26 -15107 17521.4
6016.79 5477.51 32743.7 33881.3
2769.46 4341 22217.9 22807 1 2
-3715.53 637.889 -9968.21 10657.8 1 1
3247.34 1136.51 10525.8 11074.3 -1 2
-4460.22 892.375 -5138.83 6863.57 -1 1
event 3
-5720.78 62.0735 -16894.3 18103.6
10627.9 11113.3 -12674.6 20166.6
-3391.33 -681.225 -13384.9 13825 -1 1
-2329.45 743.299 -3509.46 4278.59 1 1
6652.69 7068.01 -9851.83 13830.6 1 2
3975.2 4045.28 -2822.76 6336.06 -1 2
event 4
-5899.09 -4281.66 -3238.05 8556.17
-10989.6 -13515 -45845.4 49181.5
-3805.62 -2361.44 -334.091 4492.43 1 1
-2093.47 -1920.22 -2903.96 4063.74 -1 1
-5073.45 -8715.79 -28668 30390.3 -1 2
-5916.15 -4799.21 -17177.4 18791.2 1 2
event 5
7439.26 -2306.98 17268.6 19195.4
-6841.7 -5810.6 1545.76 9620.56
-2784.39 -1199.24 -639.841 3100.25 -1 2
2585.33 -246.567 2926.13 3913.84 -1 1
-4057.31 -4611.36 2185.6 6520.31 1 2
4853.93 -2060.41 14342.5 15281.5 1 1
event 6
9193.56 11947 -9485.44 18078.1
5010.94 9392.45 -47786.6 49055.8
2509.68 7095.59 -28782.4 29750.3 -1 2
5259.42 5318.56 -6126.87 9669.45 1 1
3934.15 6628.49 -3358.57 8408.66 -1 1
2501.25 2296.86 -19004.2 19305.5 1 2
event 7
3750.02 8158.61 5366.97 10909.7
-5642.96 6609.82 -2630.32 9593.82
-2303.64 2491.76 -2623.98 4290.93 1 2
-348.876 2267.87 975.587 2495.58 1 1
4098.89 5890.74 4391.39 8414.11 -1 1
-3339.32 4118.06 -6.34506 5302.9 -1 2
event 8
-6371.77 -4056.42 24379.2 25709.8
-11246.8 14007.7 35267 39699.6
-4517.53 -2106.17 11219.8 12277.6 -1 1
-1854.24 -1950.24 13159.4 13432.1 1 1
-7732.75 8919.5 19950.6 23181.7 -1 2
-3514.01 5088.21 15316.4 16517.9 1 2
event 9
630.512 -8524.01 20480.2 22407.3
-1707.04 7836.69 -6502.46 10779.7
-2240.53 3096.68 -2755.56 4713.14 -1 2
-1063.96 -2350.77 7536.47 7966.66 -1 1
1694.47 -6173.24 12943.7 14440.6 1 1
533.489 4740.01 -3746.9 6066.52 1 2
event 10
3912.42 -6981.01 21868.9 23492.1
-12257.6 594.071 30133.2 32683.4
1227.23 -5222.55 14008.3 15000.8 1 1
2685.2 -1758.46 7860.59 8491.32 -1 1
-7131.54 -1167.18 16629.2 18131.8 1 2
-5126.1 1761.25 13504 14551.5 -1 2
event 11
1310.19 13161.2 -6528.91 15071.6
5315.14 -5943.98 -31427.7 32571.1
597.164 9916.99 -3383.77 10495.9 -1 1
713.025 3244.24 -3145.14 4575.65 1 1
986.975 -3007.48 -14992.7 15323.6 -1 2
4328.16 -2936.5 -16435 17247.5 1 2
event 12
-4901.62 9639.9 33938 35753.8
391.932 10481.6 28087.8 30141.9
-334.011 6291.6 20457.8 21406.3 -1 2
-2716.33 3559.36 9967.22 10927.2 -1 1
-2185.29 6080.55 23970.8 24826.5 1 1
725.943 4190.01 7629.94 8735.58 1 2
event 13
5452.43 -4947.74 -26246.1 27434.7
-10173 -8630.34 -5822.04 14881.5
-3152.68 -3715.77 -774.501 4935.32 1 2
906.043 -2732.49 -11015.9 11386.3 -1 1
-7020.36 -4914.57 -5047.54 9946.22 -1 2
4546.39 -2215.26 -15230.2 16048.3 1 1
event 14
-4155.19 4188.25 -10477.9 12417.1
-4136.86 20727.7 -21521.6 30323.6
-1805.21 3086.02 -3643.97 5106.07 -1 1
-2349.99 1102.23 -6833.94 7311.04 1 1
-1761.02 11402 -13779.2 17971.8 1 2
-2375.83 9325.64 -7742.4 12351.8 -1 2
event 15
-5119.05 6120.92 -17662.2 19626.8
-3782.31 -12731.2 59848.7 61382.8
-3101.47 5184.83 -10368.6 12000.9 1 1
-2017.57 936.09 -7293.64 7625.96 -1 1
-1771.98 -6736.86 38175.4 38805.9 1 2
-2010.32 -5994.33 21673.3 22576.9 -1 2
event 16
987.146 -15475.6 -53846 56120
7337.27 -2590.6 5102.15 9806.61
2067.94 -8326.96 -29673.5 30889.2 -1 1
-1080.79 -7148.62 -24172.5 25230.8 1 1
4780.32 -421.755 1879.54 5154.92 -1 2
2556.95 -2168.85 3222.61 4651.69 1 2
event 17
450.725 -7024.8 9755.84 12422.5
-19655.9 1104.05 59821 63053.3
-1250.33 -3980.8 4784.88 6349.52 1 1
1701.05 -3043.99 4970.96 6072.98 -1 1
-11826.8 1517.4 39940.4 41682.4 1 2
-7829.07 -413.353 19880.6 21370.9 -1 2
event 18
-8044.97 2742.58 25513.3 27069.6
-8439.5 1504.67 10933.8 14234.8
-3843.26 524.157 2613.49 4678.35 1 2
-2775.78 2425.22 8774.84 9518.17 1 1
-5269.19 317.366 16738.4 17551.4 -1 1
-4596.24 980.512 8320.3 9556.43 -1 2
event 19
2986.72 10750.9 8484.05 14355.2
-5146.33 3015.03 25980.4 26835.6
-3030.35 3281.74 15081.6 15729.5 -1 2
1717.35 3504.09 4606.51 6038.13 1 1
1269.38 7246.77 3877.54 8317.06 -1 1
-2115.98 -266.705 10898.8 11106.1 1 2
event 20
-812.212 -12046.1 24352.2 27356.7
4352.19 -2757.5 -20779.8 21631.8
2729.31 -1312.25 -17022 17289.6 1 2
-912.416 -4585.27 12553.6 13396.3 -1 1
1622.89 -1445.25 -3757.84 4342.24 -1 2
100.203 -7460.81 11798.6 13960.4 1 1
event 21
-4518.25 4438.96 12380.8 14247.6
-7917.36 -932.333 7011.55 11059.2
-3434.78 -1624.51 1985.56 4288.4 1 2
-811.561 2120.58 2182.49 3151.17 1 1
-4482.58 692.176 5025.98 6770.84 -1 2
-3706.69 2318.38 10198.3 11096.4 -1 1
event 22
2359.61 4890.98 15299.9 16527.8
-8799.78 246.449 -11820 15059.9
322.105 3735.83 7542.58 8423.89 1 1
2037.5 1155.15 7757.36 8103.92 -1 1
-4682.45 1112.73 -8199.07 9507.86 1 2
-4117.33 -866.284 -3620.96 5552.06 -1 2
event 23
-5108.05 6794.2 7590.91 11809.6
-5468.4 -10633.1 -17941.8 21782.2
-4520.11 3676.01 4341.91 7266.9 -1 1
-587.935 3118.19 3249 4542.68 1 1
-1860.41 -6009.64 -7354.57 9678.73 1 2
-3607.98 -4623.46 -10587.2 12103.5 -1 2
event 24
11277.8 -2659.46 26954.4 29502.4
-6486.14 3729.97 -20199.7 21762.4
-3422.89 2404.91 -15081 15650.8 -1 2
3349.92 572.966 8655.23 9299.16 1 1
7927.89 -3232.42 18299.2 20203.2 -1 1
-3063.25 1325.06 -5118.69 6111.58 1 2
event 25
-11125.2 -4827.65 1479.01 12603.8
-13664.9 -34320.2 42054.9 56060.8
-6164.05 -1514.56 -364.777 6358.74 1 1
-4961.14 -3313.09 1843.79 6245.02 -1 1
-8164.54 -18405.7 24901.4 32023.7 1 2
-5500.34 -15914.5 17153.5 24037.1 -1 2
event 26
-699.491 8483.59 19321.6 21339.6
3001.47 -6502.72 24514.5 25726.4
-1213.57 4177.26 12687.7 13413.1 1 1
514.077 4306.33 6633.98 7926.51 -1 1
2468.38 -4134.01 11195 12186.9 -1 2
533.085 -2368.72 13319.5 13539.4 1 2
event 27
11529.1 538.945 -14798.8 19021.3
-6124.51 -3808.97 12998.2 15184.3
-3904.32 -1605.19 4715.68 6330.02 -1 2
3785.78 -62.7562 -2730.58 4669.4 1 1
7743.34 601.701 -12068.3 14351.9 -1 1
-2220.19 -2203.78 8282.57 8854.26 1 2
event 28
373.548 8441.66 12192.5 15154.2
-5579.08 28506.6 1690.31 29260.9
-213.223 5733.33 5671.75 8068.24 1 1
586.771 2708.32 6520.74 7085.94 -1 1
-3623.29 22210.6 220.9 22505.5 -1 2
-1955.79 6296.04 1469.41 6755.41 1 2
event 29
-5619.24 -7183.66 -161.483 9633.15
-6904.27 6139.73 -15033.4 17915.3
-2802.33 2185.94 -8685.21 9384.85 -1 2
-2853.98 -1317.27 -11.8371 3145.11 1 1
-2765.26 -5866.38 -149.645 6488.04 -1 1
-4101.94 3953.8 -6348.21 8530.5 1 2
event 30
-17062.2 -754.539 -28915.7 33725.2
-5209.63 12973.2 -25040.8 28845.7
-2016.96 5989.87 -14370.8 15699.6 -1 2
-5311.65 192.151 -11801.2 12943.3 1 1
-11750.6 -946.69 -17114.5 20781.9 -1 1
-3192.67 6983.37 -10670 13146.1 1 2
event 31
-1819.66 -8598.33 4393.97 10302.5
534.93 5468.12 1985.91 6612.22
476.483 -4963.82 2772.84 5706.7 -1 1
-2296.14 -3634.51 1621.13 4595.78 1 1
1707.64 2837.06 442.315 3342.42 -1 2
-1172.71 2631.06 1543.6 3269.8 1 2
event 32
2620.14 -9585.14 -8165.4 13228.9
-5712.25 9654.27 -1370.77 11717.7
-3521.35 7420.94 196.262 8217.05 1 2
390.836 -4863.36 -2362.66 5422.03 -1 1
-2190.89 2233.33 -1567.04 3500.65 -1 2
2229.3 -4721.77 -5802.73 7806.91 1 1
event 33
6115.98 781.754 3879.32 7915.57
-7750.26 7807.07 -234.597 11430.8
-2607.82 2196.72 1328 3660.75 -1 2
1482.94 1350.81 296.965 2030.56 1 1
-5142.44 5610.35 -1562.59 7770.04 1 2
4633.04 -569.057 3582.36 5885.01 -1 1
event 34
-12820.8 -863.892 14862.1 19889.5
-941.941 -5382.73 1824.04 6540.56
-7940.21 959.791 8661.06 11789.5 -1 1
-4880.62 -1823.68 6201.02 8100 1 1
638.881 -4091.39 678.582 4197.53 -1 2
-1580.82 -1291.34 1145.46 2343.03 1 2
event 35
8233.61 3806.77 10870.7 14493
9274.98 -3921 -13165.4 16861.7
4647.09 2141.93 8377.93 9817.54 -1 1
3586.52 1664.84 2492.81 4675.48 1 1
7072.19 -3744.13 -8368.24 11579 -1 2
2202.79 -176.87 -4797.14 5282.73 1 2
event 36
6215.53 1941.24 -24148.1 25201.6
7586.03 -2962.84 2038.08 8948.19
4127.63 2.27227 1322.67 4335.66 1 2
2088.17 -795.678 -6672.11 7037.17 1 1
4127.36 2736.92 -17476 18164.5 -1 1
3458.41 -2965.11 715.406 4612.53 -1 2
event 37
5844.48 -7064.35 2359.97 9961.08
6449.64 -1640.44 -19467 20804.9
3008.18 507.13 -5883.29 6628.02 -1 2
1027.22 -2641.22 -396.02 2863.43 1 1
4817.26 -4423.13 2755.99 7097.66 -1 1
3441.46 -2147.57 -13583.7 14176.9 1 2
event 38
690.459 7213.27 834.511 7924.33
8635.49 -2233.27 2004.81 9652.45
2980.47 -1548.5 2084.83 3954.58 -1 2
675.246 2042.39 -1080.06 2409.36 -1 1
5655.02 -684.773 -80.0193 5697.87 1 2
15.2133 5170.87 1914.57 5514.97 1 1
event 39
4939.66 12504.8 -1564.05 13885.5
1279.01 4371.03 13371.2 14461
3902.67 6290.53 -1644.2 7583.94 -1 1
1036.98 6214.24 80.1452 6301.56 1 1
2217.05 2568.81 9489.31 10078.3 -1 2
-938.041 1802.22 3881.93 4382.74 1 2
event 40
-3773.17 7385.87 -12027.9 14934.9
2307.43 -5745.54 6086.11 9217.78
-1735.7 4343.96 -9149.1 10276.2 -1 1
-2037.47 3041.91 -2878.83 4658.68 1 1
-18.1558 -2094.07 3752.48 4298.58 -1 2
2325.59 -3651.47 2333.62 4919.2 1 2
event 41
-4765.09 -9534.99 12211.3 16502.4
-6643.39 -3071.06 -7526.9 10945.8
-4596.88 -1363.22 -6521.37 8095.01 -1 2
-1845.38 -3137.55 2157.01 4232.44 1 1
-2919.71 -6397.44 10054.3 12269.9 -1 1
-2046.5 -1707.84 -1005.53 2850.81 1 2
event 42
-4214.47 13806.4 -31615.6 34892.9
4105.94 -8069.39 34588 35887.3
2455.62 -6340.79 29369.7 30146.7 -1 2
177.129 3836.46 -7344 8288.27 -1 1
-4391.6 9969.93 -24271.6 26604.7 1 1
1650.32 -1728.6 5218.33 5740.54 1 2
event 43
-5534.96 6840.15 -12575.3 15657.4
-6845.73 4040.89 25881.8 27251.6
-2490.49 2825.11 15028.9 15494 1 2
-296.037 2026.97 -1714.05 2673.08 1 1
-5238.92 4813.18 -10861.3 12984.3 -1 1
-4355.24 1215.78 10852.9 11757.6 -1 2
event 44
-9292.61 6899.59 -5323.17 13110.4
2364.84 6107.04 -777.57 7285.87
-4511.35 3848.08 -1084.65 6028.89 -1 1
-4781.26 3051.51 -4238.52 7081.55 1 1
1327.71 4391.58 891.906 4674.98 -1 2
1037.13 1715.45 -1669.48 2610.89 1 2
event 45
3128 7008.71 15207.7 17313.9
-5747.59 -6460.19 21806.8 23662.1
-1804.4 -3452.23 6576.15 7644 1 2
1912.82 1496.03 2979.46 3845.17 1 1
1215.18 5512.68 12228.3 13468.8 -1 1
-3943.19 -3007.96 15230.6 16018.1 -1 2
event 46
4946.25 192.409 18691.1 19581.9
-10117.8 -5260.37 -2049.75 11993.1
2813.71 1383.15 7551.77 8177.44 1 1
2132.54 -1190.74 11139.3 11404.4 -1 1
-5887.75 -4727.67 -1278.85 7659.18 -1 2
-4230.09 -532.702 -770.897 4333.92 1 2
event 47
3055.56 -9440.17 -20081 22611.7
-5228.84 -2916.66 -25560.9 26434.9
925.214 -7290.07 -14787.1 16512.7 -1 1
2130.34 -2150.1 -5293.9 6099 1 1
-742.886 -1947.71 -9753.14 9973.98 -1 2
-4485.96 -968.946 -15807.8 16460.9 1 2
event 48
6591.34 1771.64 6972.66 10236.9
-6583.4 6003.44 -43864.8 44867.5
3890.55 598.981 1903.61 4373.79 -1 1
2700.79 1172.66 5069.05 5863.09 1 1
-2561.17 4352.94 -25400.6 25898 -1 2
-4022.23 1650.5 -18464.3 18969.5 1 2
event 49
9244.49 10324 23219.3 27217.1
7833.3 -394.054 3331.33 9066.67
5584.22 8236.51 15438 18367.5 1 1
3660.27 2087.46 7781.36 8849.62 -1 1
2422.26 -604.577 -342.348 2522.15 -1 2
5411.04 210.523 3673.68 6544.52 1 2
event 50
-1476.64 -20500.3 -8414.84 22424.2
427.946 -6943.39 12801.3 14894.9
660.621 -10972.8 -5030.16 12089.3 -1 1
-2137.26 -9527.56 -3384.68 10334.9 1 1
1690.76 -3781.75 7980.26 8992 -1 2
-1262.81 -3161.64 4821.03 5902.89 1 2
event 51
-15117 -1203.15 35561.4 38783.7
-9762.49 -1284.89 12831.3 16467.9
-3431.44 -876.605 2473.8 4321.35 1 2
-2126.37 -842.482 7833.04 8160.82 1 1
-12990.6 -360.668 27728.4 30622.9 -1 1
-6331.06 -408.289 10357.5 12146.5 -1 2
event 52
2145.1 -9854.35 16244.9 19370
703.692 -14268.1 -24216.2 28356.4
-1065.49 -10402.9 -18171.2 20965.7 1 2
72.6728 -4683.63 5200.71 7000.02 -1 1
1769.18 -3865.19 -6044.99 7390.72 -1 2
2072.43 -5170.71 11044.2 12370 1 1
event 53
2781.56 12852 -34330.9 36893.2
-16017.3 2417.46 -52570.9 55097.1
1192.57 6665.78 -13477.2 15083.1 -1 1
1588.99 6186.19 -20853.7 21810.1 1 1
-10896.8 752.955 -31153.5 33013 -1 2
-5120.5 1664.5 -21417.4 22084.1 1 2
event 54
-8727.66 5746.53 -17066.7 20249.9
6000.03 1925.38 15580.7 17089.6
3416.47 2636.14 10271.7 11141.9 -1 2
-2465.78 3387.6 -6055.98 7364.91 1 1
-6261.88 2358.93 -11010.7 12885 -1 1
2583.56 -710.765 5308.93 5947.76 1 2
event 55
-1805.28 -7887.41 3166.74 9224.15
4466.41 3599.28 -1613.91 6715.48
208.379 -5158.77 2609.18 5785.79 1 1
-2013.66 -2728.64 557.567 3438.37 -1 1
660.117 2258.51 32.8677 2355.6 -1 2
3806.29 1340.78 -1646.78 4359.88 1 2
event 56
9869.84 -537.275 -1383.98 10450.3
4530.35 -9620.76 30377.3 32333.4
588.857 -3811.48 13835.3 14363.2 -1 2
2837.46 -1471.13 110.06 3199.79 -1 1
7032.39 933.852 -1494.03 7250.51 1 1
3941.49 -5809.28 16542 17970.3 1 2
event 57
-8316.15 -10906.2 -1487.32 14138.8
6491.54 6670.76 -23387 25361.1
-5767.23 -5600.27 -1816.57 8242.27 -1 1
-2548.93 -5305.9 329.252 5896.54 1 1
2699.44 1790.29 -11692.7 12133.5 -1 2
3792.1 4880.47 -11694.3 13227.5 1 2
event 58
-7304.13 -3269.65 2483.69 8933.15
-7096.86 -4780.86 -28620.6 30032.5
-4572.88 -3211.85 -23048.9 23716.9 1 2
-3063.06 -1906.16 2644.07 4474.15 -1 1
-2523.99 -1569.01 -5571.74 6315.67 -1 2
-4241.08 -1363.48 -160.38 4459 1 1
event 59
-10045.9 7109.66 35444.2 37647.7
-4854.06 -3987.27 20472.6 21729.5
-2193.65 -3511.27 8500.31 9455.56 1 2
-5864.67 2272.75 17006.1 18132.3 1 1
-2660.41 -476.005 11972.3 12274 -1 2
-4181.23 4836.91 18438.1 19515.4 -1 1
event 60
14081.8 1894.11 -15496 21251
-7770.81 -444.688 -10189.8 13191.1
-4999.05 -1041.46 -4391.17 6735.63 -1 2
3604.42 338.057 -2149.32 4211.51 -1 1
10477.4 1556.05 -13346.7 17039.5 1 1
-2771.76 596.77 -5798.59 6455.51 1 2
event 61
-3177.18 5943.64 -15619.7 17291.3
5106.27 -9210.47 -24203.1 26576.1
527.579 -4011.64 -8740.38 9632.08 1 2
-1431.64 2150.02 -2812.89 3820.43 -1 1
4578.69 -5198.84 -15462.7 16944 -1 2
-1745.54 3793.63 -12806.8 13470.9 1 1
event 62
736.753 7597.39 -1976.58 8471.15
-7838.69 -897.464 -7131.49 11077.1
-3121.87 -1464.35 -1654.81 3826.22 1 2
679.863 1990.97 -1939.41 2863.33 -1 1
56.8901 5606.41 -37.169 5607.82 1 1
-4716.82 566.885 -5476.69 7250.86 -1 2
event 63
-2388.19 7537.21 5157.01 9934.72
7275.33 1029.54 -11168.2 13867.5
2863.57 1161.64 -1974.6 3668.74 1 2
372.496 2739.88 772.856 2873 -1 1
-2760.69 4797.33 4384.15 7061.71 1 1
4411.77 -132.104 -9193.58 10198.7 -1 2
event 64
-3351.37 5567.22 6028.93 9389.78
8309.92 -3195.74 27938.2 29485.6
3301.4 -1279.63 16159.8 16543.5 -1 2
-1479.54 1936.61 4319.07 4960.34 1 1
5008.52 -1916.11 11778.4 12942.1 1 2
-1871.83 3630.62 1709.86 4429.44 -1 1
event 65
4365.82 4181.4 -10451.9 12465.1
-6717.23 -3698.8 -35757.1 36701
-3833.91 -366.822 -15799.7 16262.7 1 2
2068.21 423.38 -1887.76 2834 -1 1
-2883.31 -3331.97 -19957.4 20438.3 -1 2
2297.61 3758.02 -8564.15 9631.07 1 1
event 66
-8838.47 4103.98 10661.1 14771.9
432.347 4043.82 -10284.4 11484.8
-4676.41 3008.11 4038.57 6873.05 1 1
-4162.06 1095.87 6622.49 7898.88 -1 1
-1177.36 2762.6 -5321.38 6111.17 -1 2
1609.7 1281.22 -4963.06 5373.62 1 2
event 67
-6372.6 -4774.91 28563.3 29813.8
-231.292 -8514.29 -10737.4 14050.9
-539.226 -3425.81 -6707.75 7551.96 1 2
-706.555 -1930.75 9609.16 9827.21 1 1
-5666.04 -2844.16 18954.1 19986.6 -1 1
307.934 -5088.48 -4029.64 6498.97 -1 2
event 68
-2845.77 6140.57 -24649.3 25748.4
6882.51 -7510.98 -10867.6 15214.4
3078.31 -1311.3 -3924.31 5158.19 1 2
-2287.77 1693.75 -7493.9 8017 -1 1
3804.19 -6199.68 -6943.27 10056.2 -1 2
-557.998 4446.82 -17155.4 17731.4 1 1
event 69
-2213.94 13561.3 -2842.16 14369.4
3316.83 3938.22 6467.57 8827.95
-2724.61 7182.99 -1693.41 7867.5 1 1
510.668 6378.31 -1148.75 6501.88 -1 1
2612.14 2025.12 5806.42 6682.07 -1 2
704.693 1913.1 661.156 2145.88 1 2
event 70
-9294.96 6171.99 53736 54969.5
5423.15 6215.1 -11248.2 14288.1
4622.41 3037.7 -7049.35 8960.97 -1 2
-4202.57 1002.19 20170.1 20627.9 1 1
-5092.39 5169.8 33566 34341.6 -1 1
800.738 3177.4 -4198.89 5327.18 1 2
event 71
1175.93 -4395.86 -16268.7 17174.7
-7018.06 4481.46 18858.6 20846.4
-617.132 -3370.18 -10591.8 11132.7 -1 1
1793.06 -1025.67 -5676.89 6041.97 1 1
-4311.15 1092.93 11081.6 11941.2 1 2
-2706.91 3388.54 7777 8905.19 -1 2
event 72
-7882.89 -5297.04 -27378.2 29143.8
5373.52 4646.56 -6237.91 9948.23
3121.33 4474.46 -3990.16 6759.89 -1 2
-3133.99 -909.63 -6297.23 7093.35 1 1
-4748.89 -4387.41 -21081 22050.4 -1 1
2252.18 172.092 -2247.75 3188.34 1 2
event 73
-5557.09 -1321.03 -20827 21817
-17304 -38300.3 -222061 226024
-3173.85 -2051.59 -15174.2 15638.1 -1 1
-2383.24 730.562 -5652.79 6178.9 1 1
-11543.3 -22344.6 -136578 138875 1 2
-5760.73 -15955.7 -85482.6 87149.7 -1 2
event 74
6495.72 -7099.17 15841.1 18791.6
-3795.83 9451.29 -6054.23 12246.6
-2591.83 2544.24 -2055.07 4174.35 -1 2
2556.88 -1001.1 5601.77 6239.46 -1 1
3938.84 -6098.07 10239.3 12552.1 1 1
-1204.01 6907.05 -3999.17 8072.26 1 2
event 75
3657.82 11680.5 20794.2 24327
16282.8 -14770.6 -5246.98 22812.7
1386.25 6919.72 14403.5 16039.9 1 1
2271.57 4760.76 6390.63 8287.11 -1 1
15382.4 -12819.7 -4408.36 20503.8 -1 2
900.451 -1950.85 -838.612 2308.91 1 2
event 76
-8916.25 -13871.2 -25318.9 30439.1
7660.54 -7422.7 960.724 11148.7
-5311.95 -9272.17 -19227 21997.2 -1 1
-3604.3 -4599.06 -6091.93 8441.87 1 1
1142.95 -2969.75 642.887 3248.11 -1 2
6517.59 -4452.95 317.838 7900.63 1 2
event 77
3494.26 5623.81 -16577.9 18117.8
-10106.4 -7108.04 -34361.7 36646.7
2780.32 3071.79 -13125.7 13764.5 1 1
713.941 2552.02 -3452.2 4353.32 -1 1
-6096.88 -4214.45 -16052.8 17681.6 1 2
-4009.57 -2893.58 -18308.9 18965.1 -1 2
event 78
5932.05 917.71 -9350.37 11534.8
10441.9 23574.3 48008.9 54618.9
3869.14 67.1233 -8093.38 8971.54 1 1
2062.91 850.587 -1257 2563.26 -1 1
7405.75 12197.6 26322.5 29941.8 -1 2
3036.2 11376.6 21686.4 24677.1 1 2
event 79
6568.67 -9393.83 -42182.3 43821.5
2089.93 8686.44 7680.9 12182.3
414.505 4796.13 5822.56 7555.66 1 2
4083.84 -3435.57 -16600.8 17437.9 1 1
1675.42 3890.31 1858.34 4626.68 -1 2
2484.83 -5958.27 -25581.4 26383.6 -1 1
event 80
4675.59 -677.965 -4635.32 7307.39
7540.98 3403.72 -3978.51 9688.71
3017.66 -1842.15 -2324.76 4232.66 1 1
1657.94 1164.18 -2310.57 3074.73 -1 1
4425.75 455.07 -1323.5 4642.97 1 2
3115.22 2948.65 -2655.02 5045.73 -1 2
