event 0
-1183.12 7468.31 -10595.5 13380.2
-9341.8 -1199.01 -10753.6 14626.6
-1728.36 3678.38 -3724.51 5513.69 1 1
545.238 3789.93 -6870.99 7866.54 -1 1
-6097.1 -1161.63 -9009.75 10941.2 -1 2
-3244.71 -37.3756 -1743.81 3685.32 1 2
event 1
228.879 -6210.9 -5966.54 9155.22
11079.1 -2241.54 -35657.6 37534.3
300.108 -3407.86 -5236.53 6255.87 -1 1
-71.2289 -2803.04 -730.01 2899.35 1 1
6400.4 -1518.27 -15701 17023.6 -1 2
4678.68 -723.266 -19956.6 20510.8 1 2
event 2
4538.98 -10534.4 -12809.6 17471.5
-8195.32 6558.05 -10113.9 14901.4
3441.6 -5364.72 -8650.04 10745.2 -1 1
1097.38 -5169.68 -4159.53 6726.27 1 1
-4376.54 2343.05 -3032.81 5818.34 -1 2
-3818.79 4215 -7081.1 9083.08 1 2
event 3
6182.22 -3377.75 20217.7 21632.7
3291.12 10036.8 1470.38 11105.1
2063.95 3831.44 -715.367 4411.66 -1 2
1791.91 -1959.32 11099.8 11413.5 -1 1
1227.17 6205.4 2185.74 6693.4 1 2
4390.32 -1418.43 9117.84 10219.2 1 1
event 4
1316.85 9459.76 23988.8 26005.3
-6652.72 1984.79 -17974.7 19516
-3444.64 2579.32 -11107.4 11912.3 -1 2
-959.074 3213.05 7027.19 7786.91 -1 1
2275.93 6246.71 16961.7 18218.4 1 1
-3208.09 -594.531 -6867.31 7603.71 1 2
event 5
-6861.76 22469.2 -6710.39 24628.6
-7446.03 1866.29 27293.9 28521.5
-6381.03 17166.8 -5903.53 19242.6 -1 1
-480.729 5302.39 -806.862 5385.97 1 1
-4330.73 -263.819 17361.5 17895.7 -1 2
-3115.3 2130.11 9932.4 10625.7 1 2
