event 0
-12551.4 4781.73 -1852.83 13907.7
-7920.91 2778.34 -32605.2 33810.5
-3437.2 2693.74 -18523.1 19031.3 -1 2
-2320.85 1146.16 835.668 2722.04 -1 1
-10230.5 3635.57 -2688.5 11185.7 1 1
-4483.71 84.5992 -14082 14779.2 1 2
event 1
6874.39 727.107 1698.08 7762.87
8426.69 1278.42 -19716.2 21701.7
2789.96 1775.29 -8883.81 9479.91 1 2
2311.97 -246.152 2025.15 3085.16 1 1
5636.73 -496.868 -10832.4 12221.8 -1 2
4562.42 973.259 -327.072 4677.72 -1 1
event 2
5519.55 4451.78 3325.69 8422.3
12457.5 2337.28 18459.1 22604.9
4035.84 2597.24 652.09 4844.59 1 1
1483.7 1854.55 2673.6 3577.71 -1 1
7862.18 620.218 9137.86 12071 -1 2
4595.31 1717.06 9321.22 10533.8 1 2
event 3
2450.12 4229.33 8807.11 10537.9
-4519.84 -8935.34 33331.6 34998.1
2526.41 1694.43 6156.83 6868.16 -1 1
-76.2944 2534.9 2650.28 3669.7 1 1
-4096.69 -4625.17 16539.8 17656.4 -1 2
-423.155 -4310.18 16791.8 17341.7 1 2
event 4
-1913.25 -6219.34 -19522.5 20810.2
5032.44 4995.28 -6172.83 9898.13
225.849 -4026.11 -12826.1 13445.5 1 1
-2139.09 -2193.23 -6696.37 7364.68 -1 1
4574.01 2636.88 -3694.35 6444.7 -1 2
458.431 2358.39 -2478.47 3453.43 1 2
event 5
2768.46 8593.31 -10597.8 14262.4
9487.78 -5169.99 1170.86 11300.8
3281.12 -2605.82 1786.85 4556.32 1 2
86.5035 3216.72 -5541.22 6408.67 1 1
6206.66 -2564.17 -615.995 6744.5 -1 2
2681.96 5376.59 -5056.61 7853.73 -1 1
event 6
-12203.7 5586.74 -10786.2 17495
4118.45 3335.18 -5560 8281.95
-8036.42 5178.26 -7976.99 12451.6 -1 1
-4167.32 408.476 -2809.19 5043.42 1 1
3531.34 1201.9 -4439.41 5799.53 -1 2
587.108 2133.27 -1120.58 2482.42 1 2
event 7
4186.78 8847.4 35523.4 36977.1
-16185.4 1570.55 -46004.1 48891.7
-5597.07 -591.452 -18614.9 19447.5 -1 2
2470.83 2755.01 17110.7 17506.6 -1 1
-10588.3 2162 -27389.1 29444.2 1 2
1715.95 6092.39 18412.7 19470.5 1 1
