event 0
3380.18 5416.15 6416.34 9566.65
13442.9 -6861.16 -8549.05 17733.1
2875.16 -1500.18 -3720.98 4937 1 2
1307.18 1587.85 4205.76 4682.9 1 1
10567.8 -5360.98 -4828.07 12796.1 -1 2
2073 3828.3 2210.58 4883.75 -1 1
event 1
-6658.79 1324.04 22246.4 23464.6
4533.77 7981.59 1195.44 9761.27
604.543 3391.78 -505.117 3483.66 -1 2
-1829.63 -1007.09 5775.09 6142.03 -1 1
3929.23 4589.82 1700.56 6277.61 1 2
-4829.16 2331.13 16471.3 17322.6 1 1
event 2
-993.919 11042.1 -17360.5 20830.1
391.312 4756.07 -8518.68 10243.6
618.97 6897.67 -12088.2 13931.9 -1 1
-1612.89 4144.38 -5272.28 6898.22 1 1
1652.9 2549.71 -3650.18 4750.58 -1 2
-1261.59 2206.36 -4868.5 5493 1 2
event 3
-3189.16 4748.3 24650.3 25494.1
-6284.85 2191 -2212.4 7667.1
-2029.09 2317.27 -950.374 3225.11 -1 2
-2149.41 648.776 7494.36 7824.16 -1 1
-4255.76 -126.271 -1262.03 4441.99 1 2
-1039.75 4099.52 17156 17669.9 1 1
event 4
4594.64 1167.66 4850.81 7456.21
1147.49 -11288.6 49260.2 50644.9
3144.95 -609.266 1930.71 3741.75 -1 1
1449.69 1776.93 2920.1 3714.46 1 1
-593.772 -6067.06 30003.6 30616.8 1 2
1741.27 -5221.55 19256.6 20028.1 -1 2
