event 0
7893.3 -3621.8 1979.26 9430.27
-6409.18 -2613.28 -7413.75 10604.8
5017.44 -613.62 1162.86 5187.93 1 1
2875.87 -3008.18 816.402 4242.34 -1 1
-2294.59 -515.696 -701.483 2456.49 -1 2
-4114.59 -2097.59 -6712.27 8148.34 1 2
event 1
-1087.71 7591.54 3862.89 9128.43
-2082.51 6550.97 -14168.8 16049.9
-151.238 4280.33 -6157.83 7501.61 1 2
-1921.48 3403.8 1179.25 4084.08 1 1
-1931.27 2270.64 -8010.98 8548.25 -1 2
833.771 4187.74 2683.64 5044.35 -1 1
event 2
7260.67 3640.64 5731.27 10412
-10236 -293.289 -27762 29752
-3726.27 1130.52 -12638.4 13225.1 1 2
2818.08 2111.58 825.43 3618.4 -1 1
-6509.69 -1423.81 -15123.6 16526.8 -1 2
4442.59 1529.07 4905.84 6793.61 1 1
event 3
-4752.66 -7265.83 26867.9 28405.2
1744.86 7108.06 -30884.8 31891
-2327.67 -5399.17 14138 15312.2 1 1
-2424.99 -1866.66 12729.9 13093 -1 1
1673.42 1438.63 -6911.49 7256.02 -1 2
71.442 5669.44 -23973.3 24634.9 1 2
event 4
-6902.47 -4468.05 -10692.1 13839.1
-5526.38 -3599.49 1839.82 7514.86
-3878.67 -3756.77 -8362.12 9954.58 1 1
-3023.79 -711.275 -2329.99 3884.49 -1 1
-2021.52 -413.733 1855.93 2777.29 -1 2
-3504.87 -3185.75 -16.11 4737.57 1 2
event 5
3892.76 -4115.75 11645.2 13315.2
-14045.8 1741.83 -51714.2 53705.4
3432.1 -1541.47 5847.79 6954.37 1 1
460.66 -2574.28 5797.37 6360.8 -1 1
-7889.93 1016.8 -23237.6 24561.8 1 2
-6155.86 725.035 -28476.6 29143.5 -1 2
event 6
-2061 6406.45 8904.62 11583.3
4584.13 8823.83 31785.5 33448.3
1360.74 4120.77 9502.15 10446.7 1 2
-2099.89 1839.52 4019.43 4894.93 -1 1
3223.39 4703.07 22283.4 23001.5 -1 2
38.8866 4566.93 4885.19 6688.39 1 1
