event 0
-2071.83 9897.74 -31460.3 33190.4
7531.68 1698.89 39653 40516.2
2856.44 1968.83 13033.9 13488.1 -1 2
481.425 2080.76 -9574.25 9810.14 -1 1
-2553.26 7816.98 -21886.1 23380.2 1 1
4675.24 -269.939 26619.1 27028.1 1 2
event 1
4215.75 -8200.11 8605.6 13139.7
6114.94 5402.3 11659.5 14564.1
3568.27 1563.11 3739.63 5401.1 1 2
54.3788 -3409.57 1891.75 3901.03 1 1
4161.37 -4790.54 6713.85 9238.68 -1 1
2546.66 3839.19 7919.88 9162.99 -1 2
event 2
-5641.07 3783.76 27239.4 28243.8
-4385.16 -5874.6 7304.29 10802
-2690.19 -1546.44 4153.14 5185.4 -1 2
-2140.96 184.558 4976.97 5422.1 1 1
-3500.11 3599.2 22262.4 22821.7 -1 1
-1694.97 -4328.16 3151.14 5616.65 1 2
event 3
9214.42 -8488.27 -2227.8 13096.2
-1356.03 6778.4 -2492.34 7974.19
5092.62 -5558.23 -2718.17 8014.26 1 1
4121.8 -2930.04 490.371 5081.93 -1 1
658.065 4417.09 -1564.74 4733.21 -1 2
-2014.09 2361.31 -927.597 3240.98 1 2
