event 0
1808.94 -7480.46 -10412.4 13313.2
-7856.47 6569.1 11224.5 15635
975.527 -3917.28 -2949.51 5000.75 1 1
833.408 -3563.18 -7462.85 8312.41 -1 1
-5636.02 2486.64 7291.41 9545.88 1 2
-2220.45 4082.47 3933.12 6089.14 -1 2
event 1
-10001.5 -6394.16 1348.79 12342
-6976.23 3058.46 37721.5 38607.3
-6423.04 -2292.5 612.155 6848.13 1 1
-3578.46 -4101.66 736.63 5493.89 -1 1
-3072.79 2934.83 17214.7 17731.7 -1 2
-3903.45 123.627 20506.8 20875.6 1 2
event 2
-9882 -15057.9 4288.02 18771.6
-3181.19 -6294.56 -7911.23 11041.7
-3231.43 -3168.85 -4066.75 6085.5 1 2
-6048.24 -6430.26 2295.69 9121.99 1 1
50.2354 -3125.72 -3844.49 4956.2 -1 2
-3833.77 -8627.64 1992.33 9649.59 -1 1
event 3
5346.31 4616.28 929.255 7768.32
7698.14 5996.32 -24217.8 26292.8
3033.23 2069.63 -1020.29 3812.62 -1 1
2313.08 2546.65 1949.54 3955.71 1 1
3458.78 4485.54 -15007.7 16041.4 1 2
4239.36 1510.78 -9210.01 10251.3 -1 2
event 4
6243.04 -4293.95 8974.58 12146.9
-7916.38 -2380.3 -1662.07 8982.67
-3175.78 -2183.48 255.863 3863.91 -1 2
1915.64 -1228.9 824.619 2423.02 1 1
4327.4 -3065.05 8149.96 9723.88 -1 1
-4740.6 -196.815 -1917.93 5118.76 1 2
event 5
-5639.73 2514.32 -7855.89 10461.1
-13141.1 9566.66 -45262.3 48192.1
-3636.57 799.346 -2487.55 4479.14 -1 1
-2003.15 1714.97 -5368.34 5981.98 1 1
-7289.17 5487.18 -20859.2 22767.5 1 2
-5851.97 4079.49 -24403.1 25424.6 -1 2
