event 0
2567.53 4877.62 -14315.4 15649.4
-17070.5 4280.51 -70801.4 73021.6
102.784 3456.33 -8402.6 9086.9 -1 1
2464.75 1421.29 -5912.75 6562.53 1 1
-12779.4 2463.33 -47039.2 48806.6 1 2
-4291.1 1817.18 -23762.2 24215.1 -1 2
event 1
-1354.05 14458.4 22426.9 26896.7
-5341.68 -4420.08 12315.6 14468.4
-4642.52 -2414.86 10223.8 11485.7 -1 2
94.1783 3239.12 3006.93 4421.95 1 1
-1448.22 11219.3 19420 22474.8 -1 1
-699.156 -2005.22 2091.76 2982.67 1 2
event 2
5736.59 3097.53 7410.39 10344.4
7451.03 659.135 -1772.52 8287.64
2766.27 1566.5 42.8898 3181.06 1 2
2970.72 80.0412 2107.96 3645.03 1 1
4684.76 -907.367 -1815.41 5106.58 -1 2
2765.87 3017.49 5302.43 6699.41 -1 1
