event 0
4341.14 1080.84 9707.37 11128.3
-701.353 9266.46 -13762.4 16892.4
2354.85 1933.62 4036.84 5058.8 1 1
1986.29 -852.777 5670.53 6069.48 -1 1
730.207 5321.62 -5900.49 7979.96 -1 2
-1431.56 3944.84 -7861.93 8912.48 1 2
event 1
-2578.41 -4637.21 4495.68 7612.75
-10916.2 9591.6 -14147 20515.6
-2646.37 -1911.04 3268.17 4620.33 -1 1
67.9639 -2726.17 1227.51 2992.42 1 1
-8637.86 5953.29 -10929 15149.5 -1 2
-2278.32 3638.31 -3218.04 5366.1 1 2
event 2
5122.01 -7301.12 2375.53 9735.25
13213.6 1929.24 -1244.29 13764.5
5712.32 -485.5 265.674 5740.04 1 2
547.609 -2430.88 1700.88 3018.81 1 1
7501.33 2414.74 -1509.96 8024.46 -1 2
4574.4 -4870.23 674.651 6716.44 -1 1
event 3
1429.89 -7066.63 -18771.6 20345.7
-7553.74 3145.08 19421.3 21300.9
-2897.57 2604.63 10884.5 11561.3 -1 2
517.414 -3163.54 -4530.86 5551.18 1 1
-4656.17 540.455 8536.79 9739.61 1 2
912.479 -3903.09 -14240.8 14794.5 -1 1
event 4
5595.81 8318.77 -1593.8 10613.5
8155.05 2841.94 12042.1 15138.8
3284.02 1745.64 7570.81 8435.66 -1 2
1875.1 941.015 -1005.92 2329.07 1 1
3720.71 7377.75 -587.878 8284.42 -1 1
4871.04 1096.3 4471.3 6703.17 1 2
event 5
6085.49 -5650.79 3000.07 9357.15
4740.67 -154.276 4222.65 7065.48
4002 -1962.33 2440.77 5082.85 1 1
2083.49 -3688.46 559.294 4274.3 -1 1
2975.49 1330.36 1825.74 3737.36 -1 2
1765.18 -1484.64 2396.91 3328.12 1 2
event 6
10494 555.832 12564.6 16670.1
-20.5489 -5723.11 -20465.8 21475.4
-421.538 -3065.27 -15704.8 16007 1 2
4822.1 1672.58 4966.08 7122.02 1 1
400.989 -2657.84 -4760.96 5468.35 -1 2
5671.93 -1116.74 7598.51 9548.11 -1 1
event 7
-4694.11 -16456.2 -53218.2 55987.6
675.243 5927.81 14844.2 16295.3
387.093 3180.31 4118.13 5218.65 1 2
-1627.65 -7293.38 -18577.1 20024.1 -1 1
288.15 2747.5 10726 11076.6 -1 2
-3066.46 -9162.87 -34641.1 35963.6 1 1
