event 0
4011.1 -2738.89 -23287.3 23989.1
-8489.03 -3542.87 11906.8 15361.6
1469.01 -2654.12 -9644.43 10110.8 -1 1
2542.08 -84.7711 -13642.8 13878.3 1 1
-5584.93 -690.545 6650.08 8712.23 1 2
-2904.1 -2852.32 5256.75 6649.37 -1 2
event 1
-27219.8 4682.77 28122.9 39539
-1174.11 5296.14 -13438.2 14819.1
-1998.5 2387.24 -5454.39 6281.28 1 2
-13087.2 3807.49 14056.1 19579.5 -1 1
824.396 2908.9 -7983.84 8537.81 -1 2
-14132.5 875.276 14066.8 19959.5 1 1
event 2
6335.22 7255.29 -20762 23096
-2586.16 4520.94 -2909.8 6721.99
-2109.53 2286.61 -3142.36 4423.15 1 2
2670.77 3715.4 -13252.7 14020.8 1 1
-476.637 2234.33 232.553 2298.84 -1 2
3664.45 3539.89 -7509.29 9075.23 -1 1
event 3
8882.76 -3393.18 29611.3 31254.4
4421.45 -2636.7 -8293.03 10240.4
4952.76 -796.05 11633.3 12669.2 -1 1
3930 -2597.13 17978 18585.2 1 1
2152.18 -3001.66 -4794.85 6053.4 -1 2
2269.27 364.959 -3498.18 4187.03 1 2
