event 0
-8387.51 1043.71 34374.4 35533.5
12714.5 -2767.49 13678.4 19131.3
9874.1 -2178.77 8567.42 13253.6 1 2
-3308.78 -830.082 10047 10610.8 -1 1
2840.36 -588.72 5110.97 5877.7 -1 2
-5078.73 1873.79 24327.5 24922.7 1 1
event 1
425.828 -6030.35 21274.9 22332.9
3508.61 -15443.4 -79526.5 81147.1
1751.71 -3496.54 13092.2 13664.2 -1 1
-1325.89 -2533.81 8182.68 8668.65 1 1
399.27 -8639.41 -41527.8 42419 -1 2
3109.34 -6804.02 -37998.7 38728.2 1 2
event 2
-9878.11 467.31 10023.7 14417.4
4831.16 -3776.9 -8841.24 11196.6
2881.51 -1587.75 -6994.43 7730.29 1 2
-4583.21 1354.89 6182.53 7815.14 1 1
1949.64 -2189.15 -1846.81 3466.32 -1 2
-5294.9 -887.581 3841.2 6602.25 -1 1
event 3
6689.58 8189.25 27307.3 29446.5
2125.93 4546.93 19596.8 20465.1
3905.48 5165.42 20448.8 21449.9 -1 1
2784.1 3023.83 6858.49 7996.55 1 1
2455.72 1787.49 8567.61 9090.7 -1 2
-329.794 2759.44 11029.1 11374.4 1 2
event 4
6029.72 1247.38 -4705.95 8345.68
623.332 -7232.92 -1614.05 8056.01
1167.2 -2879.64 -1924.86 3656.63 1 2
2205.16 -631.411 -484.821 2346.83 1 1
-543.869 -4353.27 310.813 4399.38 -1 2
3824.56 1878.79 -4221.13 5998.85 -1 1
event 5
578.084 -8616.49 15098.4 17667.2
-3378.37 -2869.71 4111.31 6792.81
-2936.8 -732.464 3255.01 4446.07 1 2
-808.423 -4196.51 5153.29 6695.66 1 1
-441.576 -2137.24 856.299 2346.74 -1 2
1386.51 -4419.98 9945.09 10971.5 -1 1
event 6
-7631.79 -12167.7 -6645.84 16126.2
6396.53 192.595 13832.5 15552.6
-2709.5 -7153.78 -3092.21 8251.72 -1 1
-4922.29 -5013.93 -3553.63 7874.5 1 1
3927.05 -898.174 10597.2 11337.6 -1 2
2469.48 1090.77 3235.22 4214.97 1 2
event 7
-5991.02 -5091.91 -38011.5 38939.5
7960.74 1100.35 -29798.7 31018.4
3436.93 -639.64 -8851.79 9517.72 -1 2
-2567.24 -374.328 -10400.7 10719.9 1 1
-3423.78 -4717.58 -27610.8 28219.6 -1 1
4523.81 1739.99 -20946.9 21500.6 1 2
event 8
3407.16 7883.69 -13505.5 16301.9
-8448.03 13941 66073.5 68125
913.873 5344.93 -6686.21 8609.3 1 1
2493.29 2538.76 -6819.28 7692.56 -1 1
-6823.96 11892.6 50271.9 52108.3 -1 2
-1624.07 2048.39 15801.6 16016.7 1 2
event 9
-3371.84 -5628.94 28838.8 29737.5
-4510.37 -5784.16 16263.3 18107.6
-752.693 -3393.15 7908.87 8639.53 1 2
-2099.24 -988.804 7024.12 7398.24 -1 1
-1272.6 -4640.14 21814.7 22339.3 1 1
-3757.68 -2391 8354.41 9468.08 -1 2
event 10
8473.29 -7690.1 -39036.3 40796.5
6381.67 -1525.57 -1210.32 7355.87
4795.1 -3292.84 -24233.6 24922.1 -1 1
3678.19 -4397.26 -14802.7 15874.4 1 1
4064.28 480.228 -102.507 4095.2 -1 2
2317.38 -2005.8 -1107.81 3260.66 1 2
event 11
10485.5 -2443.88 16417.5 19875.7
10560.5 -515.679 -15665.3 19151.6
6594.46 -2883.6 9407.14 11845.1 1 1
3891.07 439.721 7010.36 8030.57 -1 1
7855.31 -526.91 -13716.8 15816 -1 2
2705.23 11.2313 -1948.45 3335.57 1 2
event 12
-10483 -1213.4 18033.4 21122.5
1492.73 -7356.78 2322.64 8446.05
-7287.36 -702.81 9491.1 11987.1 1 1
-3195.68 -510.593 8542.29 9135.37 -1 1
986.724 -2966.26 2526.09 4020.53 -1 2
506.002 -4390.52 -203.45 4425.52 1 2
