event 0
-3530.3 -10393.3 9974.47 15151.4
-5234.38 5797.12 -18142.7 19993.8
-3375.76 -6544.87 7798.07 10726.2 -1 1
-154.544 -3848.45 2176.39 4425.19 1 1
-1728.01 1928.8 -2940.22 3919.49 -1 2
-3506.37 3868.33 -15202.5 16074.3 1 2
event 1
7184.66 -4463.58 -28488.8 29878.8
-8074.36 -1602.64 -5914.93 10599.1
-3065.3 601.357 -1113.09 3317.81 -1 2
2288.21 -1363.22 -4793.18 5484.52 -1 1
4896.45 -3100.36 -23695.6 24394.3 1 1
-5009.05 -2204 -4801.84 7281.28 1 2
event 2
-5527.59 11783.2 -2653.42 13639.3
10705.3 -15565 -6201.33 20122.7
4951.31 -6136.88 -4065.66 8872.29 1 2
-915.375 5036.55 -277.086 5127.64 1 1
5754.02 -9428.16 -2135.67 11250.4 -1 2
-4612.22 6746.66 -2376.33 8511.65 -1 1
event 3
6017.64 -4275.38 -8164.08 11433.8
7971.89 -2523.39 -5167 10305.6
4020.69 -1095.79 -5096.3 6584.08 1 1
1996.95 -3179.59 -3067.78 4849.74 -1 1
5140.91 -2295.7 -1827.19 5920.22 -1 2
2830.98 -227.688 -3339.81 4385.4 1 2
event 4
-7845.25 -1923.58 34492 35560.4
-5252.86 -5207.55 -37047.5 37905.3
-2342.13 -3952.26 -26347.2 26744.9 1 2
-4123.89 540.852 15271.3 15827.9 -1 1
-2910.73 -1255.29 -10700.3 11160.4 -1 2
-3721.36 -2464.44 19220.7 19732.4 1 1
event 5
-10331 -2585.53 11462.3 15949.6
3010.71 -5711.77 13737.3 15620.2
-5636.48 -2983.21 6553.78 9145.09 -1 1
-4694.48 397.684 4908.49 6804.46 1 1
439.045 -4615.15 8570.48 9744.57 -1 2
2571.67 -1096.62 5166.81 5875.64 1 2
event 6
2476.83 5761.81 5326.26 8791.64
-8488.28 -826.63 -42965.5 43913.1
-2781.15 -1490.86 -11419.1 11847.6 -1 2
1933.84 967.085 1525.66 2648.35 1 1
-5707.13 664.234 -31546.3 32065.5 1 2
542.989 4794.73 3800.6 6143.29 -1 1
event 7
-9289.68 -194.248 7034.83 12058.8
-2806.12 -4673.9 8673.01 10702
-190.874 -3294.6 4280.09 5405.65 1 2
-4609.51 -1631.1 3736.37 6154.65 -1 1
-2615.24 -1379.3 4392.93 5296.31 -1 2
-4680.18 1436.85 3298.46 5904.2 1 1
event 8
-7105.17 -13708.2 7327.14 17483.5
-2360.7 4515.5 9568.02 11273.9
-747.964 3050.52 2967.69 4322.44 1 2
-4074.23 -4659.31 1763.67 6436.63 -1 1
-1612.73 1464.98 6600.33 6951.44 -1 2
-3030.94 -9048.89 5563.47 11046.8 1 1
event 9
-599.369 5591.08 5452.12 8422.33
6286.27 4956.94 32688.8 33797
1527.1 3130.44 13376.7 13823.1 1 2
961.494 1756.37 3002.79 3610.71 1 1
4759.17 1826.5 19312.1 19973.9 -1 2
-1560.86 3834.71 2449.33 4811.62 -1 1
event 10
-5439.47 -6856.76 -41768.3 42787.7
8256.18 1058.58 33880.9 35025.6
-2039.82 -4180.97 -27011.9 27409.8 1 1
-3399.65 -2675.79 -14756.4 15377.9 -1 1
6357.7 -364.243 21700.6 22616 -1 2
1898.48 1422.82 12180.2 12409.6 1 2
event 11
-4857.75 -5475.19 21076.3 22525
7570.27 -163.243 -23220.4 24619.4
3366.99 -1610.52 -10483.7 11128.8 -1 2
-1470.29 -3152.29 6405.91 7290.1 -1 1
4203.27 1447.28 -12736.7 13490.6 1 2
-3387.46 -2322.9 14670.4 15234.9 1 1
event 12
6060.08 3286.76 24925.5 26046.1
4357.89 7560.01 20051.1 22085.8
3261.78 2663.51 10012.3 10862.3 -1 2
2429.07 -268.517 7069.24 7480.5 1 1
3631.01 3555.28 17856.2 18565.6 -1 1
1096.11 4896.5 10038.9 11223.5 1 2
event 13
-188.59 7885.4 137.516 8474.95
5452 -1910.24 2784.65 7121.66
-978.191 4933 1313.19 5198.75 1 1
789.601 2952.4 -1175.68 3276.2 -1 1
2107.72 730.164 510.872 2290.8 -1 2
3344.28 -2640.4 2273.77 4830.86 1 2
event 14
-4125.66 2545.83 -15695.9 16716.9
7665.4 3545.88 22692.8 24410.8
-2116.97 2594.92 -6607.81 7408.74 1 1
-2008.7 -49.0925 -9088.11 9308.18 -1 1
3661.27 2931.87 14990.1 15707.1 1 2
4004.13 614.003 7702.76 8703.67 -1 2
event 15
-8004.18 3209.11 -29957.6 31327.5
5243.34 11656.4 -4567.42 13921.8
-5763.18 1413.57 -23855.7 24582.8 1 1
-2241 1795.54 -6101.92 6744.67 -1 1
1469.21 6785.97 -2991.68 7561.04 -1 2
3774.13 4870.42 -1575.73 6360.75 1 2
event 16
-9697.46 4766.99 -11633.6 16177
7533.76 -1957.45 37599.3 38521.2
3242.95 525.984 18437.2 18727.9 -1 2
-2058.71 1981.26 -4647.67 5456.71 1 1
-7638.74 2785.72 -6985.9 10720.3 -1 1
4290.82 -2483.43 19162.1 19793.4 1 2
event 17
-686.292 10222 965.392 10746.3
4722.93 -9.65927 1262.71 5787.21
-1588.14 6084.92 1530.66 6473.22 -1 1
901.852 4137.08 -565.266 4273.11 1 1
2748.93 -1533.08 614.9 3208.77 -1 2
1974 1523.42 647.81 2578.43 1 2
event 18
10140.5 1301.84 -27071.6 29103
2054.27 7396.77 3548.98 9006.57
2595.2 4749.95 1510.19 5620.4 -1 2
4471.88 -922.976 -10633.3 11572.7 -1 1
5668.62 2224.81 -16438.3 17530.3 1 1
-540.934 2646.82 2038.79 3386.17 1 2
event 19
1740.85 7009.09 5464.44 9571.28
-10823.3 -309.097 -10588.9 15458.2
-3595.49 1288.21 -3013.13 4865.92 1 2
1348.91 2255.71 483.908 2674.53 -1 1
-7227.82 -1597.31 -7575.8 10592.3 -1 2
391.94 4753.39 4980.53 6896.75 1 1
event 20
7159.91 7685.74 41818.4 43228.5
3442.02 -3210.74 -5723.4 8031.48
3101.83 -835.521 -3595.25 4822.49 1 2
3305.18 3418.12 13022.1 13863.4 -1 1
340.188 -2375.22 -2128.15 3208.98 -1 2
3854.73 4267.63 28796.4 29365.2 1 1
event 21
-9959.29 2283.85 2270.33 10915.5
7058.53 3710.99 -9393.78 12705.4
4475.84 3249.96 -8017.44 9740.93 1 2
-4916.07 508.398 -358.933 4956.43 -1 1
2582.69 461.029 -1376.35 2964.51 -1 2
-5043.22 1775.45 2629.27 5959.07 1 1
event 22
-6380.48 4588.77 8339.74 11870.6
6189.72 -2378.28 4917.85 8817.31
-3325.68 4087.79 6016.22 7998.52 1 1
-3054.8 500.981 2323.52 3872.04 -1 1
2358.47 361.315 2716.84 3617.36 -1 2
3831.24 -2739.6 2201.02 5199.95 1 2
event 23
3936.63 -4674.66 -1784.45 7079.85
-10147.8 -458.289 -26632.6 28671.9
2585.16 -1907.88 -2304.33 3955.27 -1 1
1351.47 -2766.78 519.886 3124.58 1 1
-5922.29 1218.91 -16165.2 17259.3 1 2
-4225.49 -1677.2 -10467.4 11412.6 -1 2
event 24
4412.72 -5457.54 -8601.16 11525.1
9376.68 -3158.02 -2498.35 10664.3
3488.03 357.971 -884.843 3617.82 -1 2
1170.03 -2436.83 -5455.72 6089.59 1 1
5888.64 -3515.99 -1613.51 7046.48 1 2
3242.69 -3020.71 -3145.44 5435.5 -1 1
event 25
12575.1 2786.85 41206.3 43283.3
-6388.33 -2136.71 -33858.5 34660.8
6816.16 2400.45 26958.8 27910.8 1 1
5758.94 386.394 14247.4 15372.6 -1 1
-4047.04 -2771.42 -24917.4 25395.8 -1 2
-2341.29 634.707 -8941.19 9265.02 1 2
event 26
-1354.68 -8379.52 -30526.8 31835.9
4922.09 6093.85 -8486.8 11957.2
2637.1 5418.9 -6347.69 8753.46 1 2
-2106.1 -3872.41 -16757.7 17328.1 -1 1
2284.99 674.953 -2139.1 3203.7 -1 2
751.421 -4507.11 -13769.1 14507.8 1 1
event 27
9402.33 -1618 17081.4 19808.8
6242.81 3656.66 10309.5 12970
4334.04 1761.81 4176.6 6272.41 -1 2
3042.61 529.06 3570.58 4722.03 1 1
6359.73 -2147.06 13510.8 15086.7 -1 1
1908.77 1894.85 6132.94 6697.61 1 2
event 28
4493.58 -2827.27 739.478 6190.58
-19665.7 -1810.45 -3142.47 20235.7
3257.96 -233.666 495.802 3305.43 1 1
1235.61 -2593.6 243.676 2885.14 -1 1
-12036.4 -2207.46 -2972.55 12593.5 -1 2
-7629.28 397.013 -169.914 7642.22 1 2
event 29
10470.2 -30386.9 -139110 142809
-2851.47 -6713.62 6564.28 10290.1
8683.46 -22996.2 -101152 104096 1 1
1786.73 -7390.71 -37958.3 38712.5 -1 1
-2989.72 -4590.97 5915.92 8063.79 -1 2
138.243 -2122.64 648.362 2226.27 1 2
event 30
2577.86 -12425.7 7907.8 15400.2
-7690.93 3956.65 -7336.71 11756.9
-5798.21 2888.43 -3544.95 7385.12 -1 2
1876.99 -5646.04 5686.26 8230.77 1 1
700.871 -6779.61 2221.54 7169.43 -1 1
-1892.72 1068.22 -3791.76 4371.74 1 2
event 31
7099.58 13596 -28283.9 32323.7
-2126.41 7589.17 5072.51 9871.06
-1501.86 4300.49 1123.1 4692.8 -1 2
1550.74 4027.83 -5459.15 6960 1 1
5548.85 9568.2 -22824.7 25363.7 -1 1
-624.546 3288.68 3949.4 5178.26 1 2
event 32
15926.3 12052.5 -70298.2 73146
3723.59 3385.36 3814.33 7033.14
12845.2 9407.3 -51113.6 53536.1 -1 1
3081.11 2645.16 -19184.6 19609.9 1 1
3133.48 797.385 2361.69 4005.4 -1 2
590.113 2587.98 1452.64 3027.74 1 2
event 33
-9214.22 6294.57 14752.7 18755.2
5436.73 -4681.37 -36475 37302.6
-4685.77 4741.28 9917.19 11949.8 -1 1
-4528.45 1553.29 4835.55 6805.39 1 1
983.308 -2012.4 -6371.29 6754.34 -1 2
4453.42 -2668.97 -30103.7 30548.3 1 2
event 34
-2164.15 15724.4 -3614.36 16570.8
9582.89 7560.32 5840.5 13881.4
76.8459 8873.9 -1131.3 8946.67 1 1
-2241 6850.46 -2483.06 7624.15 -1 1
2725.98 3300.43 3338.03 5429.31 -1 2
6856.9 4259.89 2502.48 8452.06 1 2
event 35
-2065.7 -5662.55 -18462.6 19667.1
8674.93 3603.21 -7551.95 12444.3
2692.21 2516.55 -1925.79 4159.43 -1 2
381.034 -2421.25 -4498.3 5123.82 -1 1
5982.72 1086.66 -5626.16 8284.84 1 2
-2446.74 -3241.3 -13964.3 14543.2 1 1
event 36
-6999.64 -4082.56 1719.6 8843.72
-4895.36 -7668.29 270.967 9614.12
-4803.42 -4985.57 211.234 6927.09 1 2
-3527.69 -731.434 -289.117 3615.85 1 1
-91.9437 -2682.72 59.7329 2687.04 -1 2
-3471.95 -3351.13 2008.72 5227.87 -1 1
event 37
5261.2 5920.83 -4891.44 9810.88
-13926.7 -7476.27 -26268.8 30813.7
2290.19 3406.5 -4167.63 5850.6 -1 1
2971.01 2514.34 -723.81 3960.28 1 1
-8943.48 -3645.82 -17989.9 20418.8 -1 2
-4983.27 -3830.45 -8278.84 10395 1 2
event 38
4694.96 4046.58 6390.55 9425.89
6900.73 7333.5 -3976.4 11260.7
3024.35 2616.14 1908.51 4432.2 -1 1
1670.61 1430.44 4482.04 4993.69 1 1
4215.04 4122.98 -689.027 5937.3 1 2
2685.69 3210.51 -3287.37 5323.37 -1 2
event 39
4590.17 -3794.43 5904.23 8939.65
6017.69 6439.42 9642.93 13425.9
3387.51 2111.99 2655.13 4795.48 -1 2
1011.17 -1742.7 394.46 2055.78 1 1
2630.18 4327.43 6987.8 8630.47 1 2
3579 -2051.73 5509.77 6883.86 -1 1
event 40
6740.38 5072.73 11519.1 14609.8
-3380.28 6959.42 5664.78 10076.7
4309.77 1518.58 4794.67 6624.22 1 1
2430.61 3554.14 6724.46 7985.57 -1 1
-2745.7 3263.99 1629.03 4566.99 -1 2
-634.579 3695.43 4035.74 5509.75 1 2
event 41
5064.4 -3983.59 8029.53 10750.9
-15178.8 11063.4 24378.7 30930.7
2788.85 -3365.25 6813.74 8095.73 -1 1
2275.55 -618.344 1215.79 2655.15 1 1
-11307.6 6566.7 17497.7 21844.1 -1 2
-3871.2 4496.74 6880.97 9086.57 1 2
event 42
479.414 -6880.77 5479.77 9337.83
-421.698 -18601.9 -68717.8 71259.7
-1171.04 -4565.79 3340.66 5778.32 -1 1
1650.45 -2314.98 2139.12 3559.51 1 1
996.162 -11028.1 -37179.5 38793.5 -1 2
-1417.86 -7573.86 -31538.3 32466.1 1 2
event 43
-7083.46 -2518.84 10968.1 13653.2
308.092 5625.38 8505.73 10662
-1113.55 4034.49 4673.01 6274.17 -1 2
-2823.75 -2263.1 3412.1 4974.82 1 1
-4259.7 -255.744 7555.95 8678.37 -1 1
1421.64 1590.89 3832.72 4387.82 1 2
event 44
-11667.2 -2957.3 -9726.93 15782.1
9802.16 -3835.93 -16047.4 19439.8
4687.95 -365.902 -8165.73 9423.43 1 2
-4537.51 -500.767 -2001.29 4985.59 -1 1
-7129.7 -2456.53 -7725.64 10796.5 1 1
5114.21 -3470.03 -7881.63 10016.4 -1 2
event 45
559.622 -5843.82 256.437 6642.32
-4258.91 8244.31 -1841.02 9954.19
-1016.84 -4325.11 104.783 4445.53 -1 1
1576.47 -1518.71 151.654 2196.79 1 1
-2031.23 4182.38 645.483 4695.31 1 2
-2227.69 4061.94 -2486.5 5258.88 -1 2
event 46
7238.35 13400.2 2029.99 15673.9
6544.29 -1908.16 21341.2 22616.5
3207.53 -1229.5 15297.5 15678.8 1 2
3402.27 6609.5 2541.97 7857.08 -1 1
3336.76 -678.66 6043.72 6937.74 -1 2
3836.08 6790.73 -511.972 7816.83 1 1
event 47
-7174.88 -4878.19 10413.7 13903.7
-266.696 -4621.59 2658.37 6171.53
1160.32 -3215.26 984.749 3558.81 1 2
-4313.2 -1072.82 4824.47 6560.59 1 1
-1427.02 -1406.32 1673.62 2612.72 -1 2
-2861.68 -3805.37 5589.24 7343.08 -1 1
event 48
-7972.32 -8828.39 31487.5 33801.7
4195.11 2945.75 3693.93 7036.51
2136.49 3138.36 1696.46 4159.69 1 2
-4810.83 -3051.42 14011.8 15126.1 -1 1
2058.61 -192.613 1997.47 2876.81 -1 2
-3161.48 -5776.97 17475.6 18675.6 1 1
event 49
-8360.6 -21265.9 89621.2 92540.2
4996.59 -7440.03 -5397.76 10910.8
-6669.33 -12923.1 55790.7 57655 -1 1
-1691.27 -8342.83 33830.5 34885.2 1 1
3604.23 -3471.94 -1632.08 5264.95 -1 2
1392.36 -3968.09 -3765.68 5645.88 1 2
event 50
-7238.63 3592.92 34160.7 35239.9
5275.87 5420.85 31324.3 32373.1
2946.18 914.513 10974.8 11400.6 -1 2
-2568.09 -216.687 8631.55 9008.71 1 1
-4670.55 3809.61 25529.2 26231.2 -1 1
2329.7 4506.34 20349.5 20972.6 1 2
event 51
488.464 10546.8 -45855.2 47156.8
-4015.35 -1799.11 -3174.92 6247.44
-2014.62 -2423.58 -2557 4059.79 1 2
1177.78 4804.34 -16045.1 16790.7 -1 1
-2000.72 624.473 -617.924 2187.66 -1 2
-689.313 5742.47 -29810 30366.1 1 1
event 52
-5647.89 673.143 -346.012 6485.55
3606 -7990.95 20586.2 22588.5
-3844.16 -377.923 -1443.13 4124.83 -1 1
-1803.72 1051.07 1097.12 2360.72 1 1
594.159 -4769.4 12195.1 13108.5 -1 2
3011.84 -3221.55 8391.06 9480.02 1 2
event 53
7265.75 -9827.46 10511.4 16414.9
-4755.95 2126.02 26493.3 27177.6
-3654.09 -1.11608 16632 17029 1 2
1453.44 -4158.46 2826.18 5234.86 1 1
-1101.86 2127.13 9861.31 10148.7 -1 2
5812.3 -5669 7685.23 11180.1 -1 1
event 54
-6471.33 7210.46 -4814.12 11253.2
5313.29 3762.88 -18272.4 19643.3
-3533.9 5848.71 -3977.73 7907.55 1 1
-2937.43 1361.75 -836.39 3345.68 -1 1
1168.27 2380.92 -9163.33 9539.99 -1 2
4145.03 1381.96 -9109.07 10103.3 1 2
event 55
-7767 3635 -2562.23 9470.75
-7555.54 -4397.4 5042.33 10556.5
-3045.33 -140.687 1329.81 3327.67 -1 2
-1246.25 1820.75 64.0732 2209.87 -1 1
-6520.75 1814.25 -2626.3 7260.88 1 1
-4510.21 -4256.71 3712.52 7228.8 1 2
event 56
7609.42 -5513.59 3467.35 10484.2
7005.1 -1705.99 3822.23 8728.24
4770.42 -3780.6 3740.66 7145.18 1 1
2839 -1732.99 -273.306 3339.02 -1 1
2713.82 -830.622 3240.41 4308.84 -1 2
4291.28 -875.363 581.824 4419.39 1 2
event 57
1147.46 4851.2 458.087 5886.56
-8444.09 -3840.26 -13929.3 17019.6
2051.84 2471.1 809.714 3314.09 -1 1
-904.383 2380.1 -351.627 2572.47 1 1
-4922.19 -1761.27 -10297.5 11549 1 2
-3521.9 -2078.99 -3631.8 5470.57 -1 2
event 58
-6543.17 3948.77 -2378.19 8582.1
3033.58 6427.26 13936.8 15948
-4594.59 990.727 -1293.99 4876.21 -1 1
-1948.58 2958.05 -1084.2 3705.89 1 1
274.977 3149.97 8187.49 8777.47 -1 2
2758.6 3277.29 5749.33 7170.53 1 2
event 59
-7410.36 6448.02 -6574.39 12219
2686.41 -21289.1 -45228.5 50156.3
-3115.07 4581.38 -2830.5 6222.19 -1 1
-4295.29 1866.64 -3743.89 5996.81 1 1
1114.71 -17969.3 -37331.8 41446.5 -1 2
1571.69 -3319.9 -7896.66 8709.78 1 2
event 60
8011.99 -3658.84 11278.7 14777.5
4414.27 -1190.88 -7582.62 9380.34
2941.13 778.562 -3832.91 4894.77 1 2
3892.04 -1281.99 8032.54 9018 -1 1
1473.14 -1969.44 -3749.71 4485.57 -1 2
4119.95 -2376.85 3246.18 5759.54 1 1
event 61
-7688.69 5947.59 14154.5 17447.9
4687.84 3240.84 6638.33 9280.99
-3979.85 4380.03 10261.4 11846.1 1 1
-3708.85 1567.56 3893.11 5601.81 -1 1
3475.36 1439.57 2252.13 4385.63 -1 2
1212.48 1801.26 4386.2 4895.36 1 2
event 62
-13427.7 1978.41 18705.3 23317.3
122.153 -14754 -11559.3 18997.5
-6820.57 1814.29 11859.7 13801.3 -1 1
-6607.16 164.121 6845.62 9516.05 1 1
-450.118 -12830.8 -11012.7 16915.2 -1 2
572.271 -1923.21 -546.653 2082.36 1 2
event 63
4461.26 -5256.37 5872.36 9571.43
1123.71 6663.12 -14487.1 16282.7
1434 -3985.14 3770.93 5671.75 -1 1
3027.25 -1271.23 2101.43 3899.67 1 1
2164.92 3732.01 -8122.65 9198.01 -1 2
-1041.2 2931.11 -6364.44 7084.69 1 2
event 64
-9369.61 -2277.17 23709.7 25782.2
-9040.66 5497.71 -14548.2 18253.7
-5619.53 4280.88 -11568.8 13555.6 1 2
-4193.66 -1154.1 6897.58 8155.15 1 1
-3421.13 1216.84 -2979.35 4698.14 -1 2
-5175.95 -1123.07 16812.1 17627 -1 1
event 65
-4279.62 -4745.42 -23655.2 24698
7203.35 -8700.2 -57398.1 58580.9
-1237.59 -3665.11 -12657.2 13235.6 1 1
-3042.03 -1080.31 -10998 11462.5 -1 1
5782.14 -4668.16 -37133.4 37869.8 -1 2
1421.2 -4032.04 -20264.7 20711 1 2
event 66
-6379.01 -2979.9 -17774.5 19367.3
5266.59 4937.88 3242.55 8498.53
3372.7 1065.81 1307.54 3772.51 1 2
-2371.1 171.052 -7947.64 8296.24 1 1
-4007.91 -3150.95 -9826.82 11071.1 -1 1
1893.89 3872.08 1935.01 4726.02 -1 2
event 67
5336.11 -10333.2 -20298.2 23597.9
-15388.2 400.805 15519.7 22077.3
-6346.54 -1353.93 6314.21 9054.95 1 2
557.549 -3533.85 -7882.91 8657.39 -1 1
-9041.67 1754.73 9205.47 13022.4 -1 2
4778.57 -6799.4 -12415.3 14940.5 1 1
event 68
-8497.78 3962.61 3366.39 10432.5
-5387.34 7458.09 -36341.4 37615.7
-3901.73 2846.33 -19632.9 20218.5 -1 2
-2627.02 -7.84733 1762.34 3165.17 1 1
-5870.75 3970.46 1604.06 7267.35 -1 1
-1485.61 4611.75 -16708.5 17397.2 1 2
event 69
-5743.59 5823.07 -7317.59 11403.3
-3733.96 -6965.95 -8446.51 12140.7
-2074.47 -5820.74 -4300.68 7529.37 1 2
-2455.54 1798.73 -4655.81 5563.52 1 1
-1659.49 -1145.21 -4145.83 4611.34 -1 2
-3288.05 4024.34 -2661.79 5839.76 -1 1
event 70
5877.92 1730.54 -20267.6 21398.9
5204.19 4250.09 -38168.7 38879.1
1318.46 3057.8 -17504.9 17819.1 -1 2
1809.28 1800.28 -10711.6 11012 1 1
4068.64 -69.741 -9555.98 10386.8 -1 1
3885.73 1192.29 -20663.8 21060 1 2
event 71
-5408.55 -2018.75 -10839.3 12665.3
4087.87 -9342.21 -21425.7 23929.9
57.3985 -3715.06 -6836.12 7781.31 1 2
-1179.89 -1619.31 -5417.01 5776.64 -1 1
4030.47 -5627.15 -14589.6 16148.6 -1 2
-4228.65 -399.44 -5422.33 6888.68 1 1
event 72
1286.78 -9404.91 5829.97 11562.4
-0.0652828 -6407.83 -29290.7 30143
-620.132 -5385.75 4057.91 6772.64 -1 1
1906.92 -4019.16 1772.06 4789.71 1 1
-1495.89 -4064.27 -17432.8 17963 -1 2
1495.82 -2343.56 -11857.9 12179.9 1 2
event 73
7223.28 -5888.61 -1690.87 9965.02
9837.28 7382.25 -9809.38 16033.9
4047.9 4370.75 -6098.92 8526.25 -1 2
1328.13 -2757.16 -1135.3 3265.88 -1 1
5895.15 -3131.45 -555.565 6699.15 1 1
5789.39 3011.5 -3710.46 7507.65 1 2
event 74
4882.59 3072.47 -2456.1 6993.09
5751.59 10643.7 26855.6 29617.3
2571.49 3160.55 -818.445 4157.24 -1 1
2311.1 -88.0762 -1637.65 2835.84 1 1
2985.92 6325.89 11869 13777.4 1 2
2765.67 4317.86 14986.6 15839.8 -1 2
event 75
-2416.03 9864.6 -7510.23 13005.6
3987.1 6227.59 -14407.7 16487.9
-2595.32 4816.02 -4761.29 7253.33 1 1
179.287 5048.58 -2748.95 5752.23 -1 1
1059.76 4056.62 -9403.05 10296 -1 2
2927.34 2170.96 -5004.65 6191.93 1 2
event 76
-813.856 -5466.18 3803.41 7389.08
7858.47 -12206 57221.4 59115.3
-483.124 -3140.01 332.072 3196.01 1 1
-330.732 -2326.17 3471.34 4193.07 -1 1
4314.19 -6354.65 24097.1 25291.8 -1 2
3544.28 -5851.37 33124.3 33823.5 1 2
event 77
-11464.8 -1897.03 -2084.61 12205.6
4624.78 -167.206 -4651.61 7255.64
3043.24 1333.45 -2271.52 4026.21 1 2
-4987.7 -10.8981 -2212.5 5457.44 1 1
1581.54 -1500.66 -2380.09 3229.43 -1 2
-6477.1 -1886.14 127.888 6748.18 -1 1
event 78
4331.24 10243.9 -28549.7 30795.7
5791.48 -1488.14 12377.6 14090.8
3024.09 -1670.69 4112.75 5372.36 1 2
435.246 4510.82 -9562.63 10582.6 1 1
2767.39 182.555 8264.88 8718.43 -1 2
3895.99 5733.04 -18987.1 20213 -1 1
event 79
-6115.05 -5447.75 -815.162 8793.55
-6201.03 -7387.98 26928 28770.6
-4869.38 -5067.91 15285 16823.7 1 2
-1313.02 -3183.63 -351.548 3463.28 1 1
-1331.65 -2320.06 11643 11946.8 -1 2
-4802.02 -2264.12 -463.614 5330.27 -1 1
event 80
3089.85 3906.81 6572.17 8808.91
-6191.61 6947.69 19685.6 21993.6
1118.69 3152.57 2356.36 4093.14 -1 1
1971.15 754.246 4215.81 4715.78 1 1
-2229.57 4762.57 9835.58 11153.6 -1 2
-3962.04 2185.12 9850 10840 1 2
event 81
-7966.42 1486.16 -42747.7 43619.1
-761.389 -10556.7 -3867.4 11686.4
-862.255 -4842.15 -3339 5945.58 1 2
-2218.31 1758.75 -11346 11694.4 1 1
-5748.11 -272.588 -31401.6 31924.7 -1 1
100.865 -5714.6 -528.396 5740.83 -1 2
event 82
10809.1 2357.47 13663.4 17851.3
-6433.33 -1011.79 -3595.45 8057.91
5943.97 1285.31 5072.36 7919.77 1 1
4865.12 1072.16 8591.04 9931.57 -1 1
-4174 -1914.24 -1461.83 4820.24 -1 2
-2259.32 902.452 -2133.63 3237.67 1 2
event 83
-6898.22 -4365.54 -10988.4 14034.9
-4845.68 -3068.05 5469.98 8509.11
-4404.78 -1171.81 -4656.39 6516.78 -1 1
-2493.43 -3193.73 -6332.02 7518.16 1 1
-2829.35 -2325.25 5170.49 6336.97 -1 2
-2016.33 -742.801 299.487 2172.14 1 2
event 84
2968.67 -4146.78 -1272.66 6100.75
2463.4 -8045.14 -24004.9 25624.6
844.335 -3371.6 -1574.01 3816.97 -1 1
2124.33 -775.181 301.348 2283.78 1 1
-111.99 -4816 -13671.4 14495.7 -1 2
2575.39 -3229.14 -10333.5 11128.9 1 2
event 85
-1358.4 6973.12 29205.4 30216.2
-9793.67 -7624.96 27240 30094.3
-1914.02 -3081.74 6439.54 7391.85 1 2
838.343 3050.59 14351.3 14696.2 1 1
-7879.66 -4543.22 20800.5 22702.4 -1 2
-2196.74 3922.52 14854.2 15520 -1 1
event 86
-8395.67 1504.54 -12249.5 15244.4
-6651.74 9774.15 23448.1 26442.1
-4034.67 3326.99 11021.2 12199.4 1 2
-3439.72 -493.309 -6648.76 7502.81 -1 1
-2617.07 6447.17 12426.9 14242.7 -1 2
-4955.96 1997.85 -5600.74 7741.6 1 1
event 87
-1150.24 -6396.15 -10554.3 12775.7
-14484.6 4375.18 2376.34 15626.4
443.03 -3741.09 -7655.07 8532.49 -1 1
-1593.27 -2655.07 -2899.23 4243.18 1 1
-7722 3290.73 57.5541 8394.8 1 2
-6762.56 1084.44 2318.78 7231.61 -1 2
event 88
3669.29 -8991.62 9638.9 14029
4124.71 -3801.29 -20963.4 21920.7
2147.54 -5236.06 7642.79 9510.61 1 1
1521.75 -3755.55 1996.12 4518.36 -1 1
238.018 -2174.16 -6873.51 7213.87 -1 2
3886.7 -1627.13 -14089.9 14706.8 1 2
event 89
10098.8 -4120.83 -1151.61 11396.7
655.862 -8023.93 -3194.46 9198.33
6116.06 -3395.55 -1963.26 7266.46 -1 1
3982.77 -725.278 811.651 4130.19 1 1
1651.25 -2423.51 -989.665 3096.88 -1 2
-995.387 -5600.41 -2204.79 6101.45 1 2
event 90
3593.05 -8502.83 44330.9 45387.5
5028.38 -6885.03 -24272.2 25911.8
2159.1 -2608.46 -14203.7 14602.1 -1 2
1545.22 -2322.61 7886.98 8366.48 1 1
2047.82 -6180.21 36443.9 37021.1 -1 1
2869.29 -4276.57 -10068.5 11309.6 1 2
event 91
-9796.9 3409.92 20929.6 23563.7
12652.8 -1179.96 -42986.8 44932.7
-5844.14 405.371 11216.1 12654.3 1 1
-3952.76 3004.55 9713.5 10909.4 -1 1
8289.36 -2240.71 -28380.3 29651 -1 2
4363.47 1060.74 -14606.6 15281.6 1 2
event 92
5751.8 1589.97 -1740.41 6944.85
-10697.6 -6048.83 17531.1 21632.4
-3413.23 -2908.83 8506.12 9616.48 1 2
1193.76 1716.13 -1015.86 2326.65 1 1
-7284.37 -3140 9024.94 12015.9 -1 2
4558.04 -126.16 -724.555 4618.21 -1 1
event 93
-11036.1 10603.8 -2840.62 15871.2
-12812.4 -10215.7 857.492 16698.7
-8195.18 -6705.6 -925.628 10629.9 1 2
-5603.69 3842.1 -2324.03 7181.6 1 1
-4617.25 -3510.06 1783.12 6068.79 -1 2
-5432.4 6761.71 -516.589 8689.64 -1 1
event 94
-5853.35 2461.05 29469.8 30304.7
-3773.09 6901.79 -11037.8 13903.2
-2404.62 2950.55 -7554.5 8459.88 -1 2
-1408.46 1682.99 5671.94 6082.62 1 1
-4444.89 778.064 23797.8 24222.1 -1 1
-1368.46 3951.25 -3483.3 5443.31 1 2
event 95
7635.11 5447.19 30771.1 32317.4
4966.57 -5193.33 -19803.2 21293
3900.45 4559.92 20077.7 20955.5 1 1
3734.66 887.271 10693.4 11362 -1 1
2732.88 -1042.06 -9918.87 10341.6 -1 2
2233.69 -4151.28 -9884.28 10951.4 1 2
event 96
-1291.51 -3912.64 -9042.84 10599
22012 -3052.81 11551.3 25236.4
-2467.37 -2116.96 -6508.96 7276.48 1 1
1175.85 -1795.68 -2533.88 3322.48 -1 1
14591.7 -3134.43 6628.83 16330.8 1 2
7420.3 81.6203 4922.46 8905.58 -1 2
event 97
-1691.03 5270.16 11970.5 13693.6
14108.9 7698.41 -52795.8 55274.9
-1016.68 3377.4 3436.27 4925.41 -1 1
-674.355 1892.75 8534.2 8768.18 1 1
9776.57 6776.03 -36649.3 38531.5 -1 2
4332.34 922.372 -16146.5 16743.4 1 2
event 98
9694.94 -1912.97 -19921.3 22452.2
-9836.72 1848.47 -2704.26 10820.4
-3617.35 -678.637 -1606.87 4017.34 1 2
3284.2 803.045 -6058.45 6938.79 1 1
6410.74 -2716.01 -13862.9 15513.4 -1 1
-6219.36 2527.1 -1097.39 6803.1 -1 2
event 99
-8187.9 -5272.62 -41488.5 42728.5
7486.01 7538.32 35380.2 37070.4
3046.92 1212.71 12329 12758.1 -1 2
-2949 -347.365 -14271.8 14577.8 -1 1
4439.09 6325.6 23051.2 24312.3 1 2
-5238.9 -4925.25 -27216.7 28150.7 1 1
event 100
-3766.9 -7033.93 6396.77 10685.3
2591.64 -7420.03 9225.07 12508.6
3116.53 -4500.31 6169.3 8248.45 1 2
-663.617 -3729.03 1688.29 4148.2 1 1
-524.898 -2919.72 3055.77 4260.18 -1 2
-3103.28 -3304.9 4708.48 6537.1 -1 1
event 101
5597.78 -5514.38 -3088.03 8992.84
14776.5 -1870.11 62308 64138.3
3829.42 -410.194 11005.3 11660.2 -1 2
1203.6 -2093.94 -2355.59 3375.38 -1 1
10947.1 -1459.92 51302.7 52478 1 2
4394.18 -3420.44 -732.44 5617.46 1 1
event 102
-10911.1 -8224.82 8035.42 16151.1
-5108.11 3838.75 31627.6 32414.8
-4589.25 1789.53 23907.7 24410.1 1 2
-4738.94 -3164.95 1662.14 5937.03 1 1
-518.858 2049.22 7719.81 8004.7 -1 2
-6172.17 -5059.87 6373.28 10214.1 -1 1
event 103
103.531 -39149.9 181600 185798
-7794.5 4479.47 -398.145 9516.77
-889.693 -31612.7 149751 153054 -1 1
993.224 -7537.17 31849.2 32744.2 1 1
-4484.85 2180.68 1281.14 5149.93 -1 2
-3309.65 2298.78 -1679.28 4366.85 1 2
event 104
3902.33 4650.98 8020.22 10525
12661.5 12414.6 2916.62 18235.5
1411.57 3301.09 2689.05 4486.85 1 1
2490.76 1349.89 5331.17 6038.1 -1 1
6816.15 8181.44 646.072 10668.8 1 2
5845.32 4233.15 2270.54 7566.63 -1 2
event 105
-2633.73 -10580.9 27887.9 30103.5
1139.87 8244.37 8419.34 12237.1
159.028 3989.24 6101.01 7291.97 -1 2
-2008.53 -2408.48 7642.63 8261.72 1 1
-625.194 -8172.44 20245.3 21841.8 -1 1
980.841 4255.13 2318.34 4945.1 1 2
event 106
4660.97 1335.85 -9656.21 11240.2
-6780.82 -9544.52 -24124.8 26994
2528.41 2253.4 -6371.42 7216.42 -1 1
2132.56 -917.55 -3284.79 4023.77 1 1
-5484.45 -5145.24 -14730.8 16539.6 1 2
-1296.37 -4399.28 -9394.07 10454.4 -1 2
event 107
-7486.35 -5043.77 -5558.43 11044.1
4645.18 6370.84 16166.7 18251.6
3529.3 2270.65 8695.8 9656.08 1 2
-1024.1 -1837.6 -2327.28 3138.94 -1 1
-6462.25 -3206.17 -3231.15 7905.17 1 1
1115.88 4100.19 7470.89 8595.47 -1 2
event 108
5891.68 -1370.35 12802.1 14493.9
-2956.47 16406.3 36148.5 39927.6
3898.58 651.327 7345.51 8342.11 -1 1
1993.1 -2021.68 5456.57 6151.82 1 1
-3192.43 11506.8 23483.8 26345.7 1 2
235.962 4899.53 12664.7 13581.9 -1 2
event 109
-6598.4 -1538.22 14248 16078
13410.8 227.231 13677.9 19405.5
-4169.16 -890.969 5409.95 6888.72 1 1
-2429.24 -647.248 8838.09 9189.3 -1 1
7683.94 1333.53 9134.94 12011.6 1 2
5726.82 -1106.3 4542.93 7393.89 -1 2
event 110
5152.45 -2079.2 6508.29 9100.53
8800.33 -648.795 35893.1 37091.4
2769.44 1228.75 12079.4 12454 -1 2
1935.3 646.383 1403.8 2478.91 -1 1
6030.89 -1877.54 23813.8 24637.4 1 2
3217.15 -2725.58 5104.49 6621.62 1 1
event 111
265.478 5704.58 13301.1 14802.8
-1014.78 13847.7 8787.8 16721.4
-1363.52 3381.83 7079.46 7964.04 1 1
1629 2322.75 6221.66 6838.78 -1 1
-2041.61 7201.95 4257.42 8612.38 -1 2
1026.83 6645.74 4530.38 8108.99 1 2
event 112
1046.03 10107.5 20488.7 23078.9
8267.68 -23.6137 -232.139 8831.73
6257.43 -900.009 857.65 6380.6 1 2
21.6013 4162.64 5331.15 6764.65 -1 1
2010.26 876.395 -1089.79 2451.12 -1 2
1024.43 5944.86 15157.6 16314.2 1 1
event 113
-3267.36 6829.55 3089.66 8743.87
-8564.19 -6724.06 7338.39 13490.8
-3362.22 -1262.16 3544.54 5047.03 1 2
-224.495 2192.29 -324.423 2230.01 1 1
-5201.97 -5461.9 3793.84 8443.77 -1 2
-3042.86 4637.26 3414.08 6513.86 -1 1
event 114
4795.09 -1886.04 -2442.54 6488.99
9907.74 1391.7 -5678.01 11913.5
2086.72 -2451.42 -1036.65 3383.74 1 1
2708.37 565.382 -1405.89 3105.25 -1 1
5047.92 1467.97 -1409.09 5443.63 -1 2
4859.83 -76.2634 -4268.93 6469.83 1 2
event 115
8043.02 -252.074 1977.29 8846.13
-9799.87 331.908 4866.03 11376.2
-4129.76 536.711 3723.77 5587.54 -1 2
2521.43 1138.71 1453.69 3127.08 1 1
5521.6 -1390.78 523.605 5719.06 -1 1
-5670.12 -204.803 1142.26 5788.62 1 2
event 116
-5898.34 675.164 -17977.9 19184.4
-12247 -854.075 14272.9 19079.4
-3749.97 -982.525 -12171.6 12774.5 -1 1
-2148.36 1657.69 -5806.3 6409.96 1 1
-8007.97 227.921 11029.5 13632.3 1 2
-4239.04 -1082 3243.42 5447.11 -1 2
event 117
8199.99 5777.26 -23045.9 25324.4
926.781 -5690.62 13778.9 15384.6
4185.64 4252.05 -15947.3 17027.3 -1 1
4014.35 1525.2 -7098.6 8297.14 1 1
-1410.34 -2011.43 4363.83 5008.9 -1 2
2337.12 -3679.19 9415.12 10375.7 1 2
event 118
-10445.7 12372.8 -5874.77 17501.5
9549.66 -2028.99 11.3033 10242.3
3941.94 -2266.66 640.858 4593.31 -1 2
-3099.46 2023.14 -2113.82 4263.7 1 1
-7346.25 10349.7 -3760.95 13237.8 -1 1
5607.72 237.674 -629.555 5648.94 1 2
event 119
5101.05 -7192.63 -1303.4 9436.32
-1481.28 -7595.74 -33262.8 34291.3
-2142.87 -3074.93 -13945.5 14440.8 1 2
2460.54 -2567.4 -1971.91 4067.6 1 1
2640.51 -4625.23 668.511 5368.72 -1 1
661.584 -4520.81 -19317.2 19850.5 -1 2
event 120
-12788.4 -8968.44 -37340.7 40594.2
-6640.24 -5009.01 34435 35560.4
-8270.4 -4058.91 -20267.5 22263.3 1 1
-4517.97 -4909.53 -17073.2 18330.9 -1 1
-4348.05 -3390.75 28023.8 28561.3 -1 2
-2292.19 -1618.26 6411.12 6999.04 1 2
event 121
-7582.41 3783.93 -33625 34814.4
6183.12 7993.86 -17287.6 20262.9
-3505.32 2972.63 -21802 22281.5 -1 1
-4077.1 811.296 -11823 12533 1 1
3890.52 6834.74 -14308.4 16327.6 -1 2
2292.6 1159.12 -2979.2 3935.27 1 2
event 122
5253.24 2764.27 -11359.9 13186.2
-4843.3 12408.9 -47149.8 49093.1
3458.46 1372.25 -9644.68 10338 1 1
1794.78 1392.02 -1715.25 2848.19 -1 1
-1987.88 9048.31 -31894.4 33212.7 1 2
-2855.41 3360.56 -15255.5 15880.4 -1 2
