event 0
-2363.84 -7462.7 -5824.29 10236.8
733.266 -7440.64 9937.38 12815.7
-794.189 -3331.37 2738.06 4385.99 -1 2
627.865 -2793.48 -1788.91 3377.74 1 1
-2991.7 -4669.22 -4035.38 6859.11 -1 1
1527.46 -4109.27 7199.32 8429.74 1 2
event 1
-6978.18 -7128.22 22453.1 24763.7
-4230.67 1784.6 7335.91 9191.85
-2375.85 2581.61 4872.25 6004.95 1 2
-3570.59 -3312.52 7355.28 8822.32 -1 1
-1854.81 -797.005 2463.66 3186.9 -1 2
-3407.59 -3815.7 15097.9 15941.4 1 1
event 2
812.424 -9581.95 37891.2 39214.9
-7498.34 2920.36 -2717.01 9040.4
1360.33 -6301.7 19896.9 20915.5 1 1
-547.901 -3280.25 17994.3 18299.3 -1 1
-2634.59 -86.2917 151.194 2642.45 -1 2
-4863.75 3006.65 -2868.2 6397.95 1 2
event 3
-4242.96 6486.78 15480.5 17587.4
-4201.89 -2867.09 -348.971 5965.68
-979.222 4173.49 6977.91 8190.19 -1 1
-3263.74 2313.29 8502.58 9397.26 1 1
-1285.87 -2730.63 28.8406 3020.23 -1 2
-2916.02 -136.457 -377.812 2945.45 1 2
event 4
-3748.42 -8453.86 -1325.24 9842.04
3931.85 8596.57 11982.7 15573.5
2378.83 7177.95 10716.1 13115.9 1 2
-2085.67 -2219.95 603.951 3107.11 1 1
1553.03 1418.61 1266.62 2457.61 -1 2
-1662.75 -6233.91 -1929.19 6734.93 -1 1
event 5
-5888.8 -10199.5 -14353.6 18823.5
-6783.41 -1498.92 -6933.05 10291.7
-3730.59 -2283.21 -3295.65 5477.48 1 2
-1192.21 -5023.1 -6683.24 8445.69 1 1
-3052.82 784.285 -3637.4 4814.22 -1 2
-4696.59 -5176.44 -7670.36 10377.8 -1 1
event 6
9067.74 -4099.71 -55451.6 56422.6
5590.03 3839.76 16571.6 18171.5
3491.39 3195.68 14051.5 14827.6 -1 2
1951.74 -2397.47 -15295.6 15605.2 -1 1
7115.99 -1702.24 -40156.1 40817.4 1 1
2098.64 644.073 2520.17 3343.88 1 2
