event 0
-3072.88 7912.81 -24915.6 26503.5
-7437.36 3036.86 27923.8 29221
-3804.85 167.633 15530.2 15990.7 -1 2
-2201.98 1781.29 -8334.88 8803.59 -1 1
-870.894 6131.52 -16580.7 17699.9 1 1
-3632.51 2869.23 12393.6 13230.3 1 2
event 1
-4118.11 -2192.99 -5147.33 7606.18
7575.12 -8898.62 -17371.9 21164.6
-3386.85 -189.342 -3731.2 5043.77 1 1
-731.262 -2003.65 -1416.13 2562.41 -1 1
5350.53 -3920.87 -9733.28 11779.2 -1 2
2224.59 -4977.76 -7638.61 9385.44 1 2
event 2
-6283 -118.696 24856.3 25824.8
-7049.47 3161.89 -21242.3 22814.9
-2501.81 2799.44 -9214.47 9950.55 -1 2
-2066.93 -1487.69 8088.46 8480.55 -1 1
-4547.66 362.45 -12027.8 12864.3 1 2
-4216.06 1368.99 16767.9 17344.2 1 1
event 3
-486.945 -7062.51 19842.7 21294.1
-7446.04 516.63 -33524.5 34484.6
789.826 -4213.82 14330.8 14958.7 -1 1
-1276.77 -2848.7 5511.91 6335.42 1 1
-5066.14 -1108.22 -22367.5 22961.1 -1 2
-2379.9 1624.85 -11157 11523.6 1 2
event 4
-3707.4 -2321.01 -360.06 5371.44
4534.07 8962.36 -42470.9 43752.2
-3296.57 -354.022 -498.635 3354.47 1 1
-410.827 -1966.98 138.575 2016.97 -1 1
3580.9 3880.73 -19166.4 19880.8 -1 2
953.16 5081.63 -23304.5 23871.4 1 2
