event 0
10088.6 19888.4 44580.7 49943.6
-1823.05 -5121.23 2296.78 6664.57
-48.7328 -3963.2 740.36 4033.44 1 2
4465.62 10172.8 19037.6 22042.5 -1 1
-1774.31 -1158.03 1556.42 2631.13 -1 2
5623 9715.56 25543.1 27901.1 1 1
event 1
6277.59 -3044.91 15116.6 16934.7
9064.93 4502.43 -17764.2 20678.6
4007.22 -615.776 6111.7 7334.92 -1 1
2270.38 -2429.13 9004.94 9599.76 1 1
7973.49 2632.88 -14610.1 16851.5 -1 2
1091.44 1869.55 -3154.15 3827.05 1 2
event 2
6913.56 -522.785 3705.8 8449.52
9179.46 4576.42 9177.85 14107.8
3811.89 642.24 3348.6 5115.39 -1 1
3101.67 -1165.02 357.202 3334.13 1 1
4809.07 4045.57 5869.46 8599.74 1 2
4370.4 530.85 3308.39 5508.07 -1 2
event 3
-8249.37 323.902 -44443.1 45309.3
-6919.57 -11506 16200.6 21267.8
-5774.23 1356.72 -34693.2 35196.7 1 1
-2475.14 -1032.82 -9749.88 10112.6 -1 1
-2398.63 -6479.36 9513.49 11758.1 -1 2
-4520.94 -5026.62 6687.08 9509.68 1 2
event 4
-5745.27 -6726.92 -16784.1 19223.8
5929.71 3570.61 -4170.39 8654.14
5005.46 1365.13 -2856.56 5923.63 -1 2
-1123.83 -3460.98 -5432.69 6539.62 -1 1
-4621.44 -3265.95 -11351.4 12684.2 1 1
924.25 2205.48 -1313.83 2730.51 1 2
event 5
12177.5 6517.13 -44353.4 46557.3
-7614.07 -5125.55 19194.7 21500.6
8201.54 3527.32 -24074 25676.3 -1 1
3975.99 2989.81 -20279.4 20880.9 1 1
-2033.98 -2215.85 3655.58 4735.13 -1 2
-5580.1 -2909.7 15539.2 16765.5 1 2
