event 0
-10742.3 -3634.82 -15512 19463.3
1776.99 -8108.09 23003.8 24650.9
1952.14 -3758.02 8341.29 9355.32 1 2
-1926.09 -654.424 -5134.3 5523.61 1 1
-8816.16 -2980.4 -10377.7 13939.7 -1 1
-175.151 -4350.06 14662.5 15295.6 -1 2
event 1
-10083.6 -5443.23 -16442.2 20279.2
-1985.16 7227.84 7166.01 10822.4
-2792.64 4862.03 4972.81 7495.21 -1 2
-3523.84 -337.092 -4452.35 5689.08 1 1
-6559.77 -5106.14 -11989.8 14590.1 -1 1
807.487 2365.81 2193.2 3327.22 1 2
event 2
8757.2 1866.47 366.256 9481.44
4979.47 491.657 -5271.7 7900.5
2970.13 -1220.29 -3285.76 4595.45 1 2
4065.24 -221.411 1269.69 4265.97 -1 1
2009.35 1711.95 -1985.94 3305.05 -1 2
4691.96 2087.88 -903.434 5215.47 1 1
event 3
7604.06 325.684 -21790.5 23288.3
7178.31 4222.72 -8501.57 12297.4
2798.84 1421.12 -5387.99 6236.56 -1 2
1791.91 1360.12 -4825.29 5324.98 1 1
5812.15 -1034.43 -16965.3 17963.4 -1 1
4379.48 2801.6 -3113.58 6060.89 1 2
event 4
14783.5 -5878.82 -16276.6 22970.3
-8212.07 2257.93 39251 40283.6
-3671.83 -484.32 18302.9 18674.1 1 2
1625.86 -1204.42 -954.264 2239.61 1 1
13157.7 -4674.4 -15322.4 20730.7 -1 1
-4540.24 2742.25 20948.2 21609.5 -1 2
event 5
5645.53 -3018.31 -12149.9 14078.1
-9012.71 9220.01 -15144.1 20129
4701.97 -898.955 -8075.59 9388.45 1 1
943.554 -2119.35 -4074.31 4689.68 -1 1
-5966.54 4050.27 -9101.18 11612.4 -1 2
-3046.17 5169.73 -6042.94 8516.67 1 2
event 6
5605.96 5774.96 11949.3 14736.2
4772.64 -4785.98 -16504.5 18101.8
1832.16 -3784.56 -11056.5 11829.5 -1 2
3316.7 1279.57 5455.95 6512.78 -1 1
2289.26 4495.39 6493.34 8223.38 1 1
2940.48 -1001.42 -5448.03 6272.28 1 2
event 7
-857.091 6028.37 -17574 18855.1
2130.32 -8189.95 -9967.79 13437.3
2250.04 -3160.33 -5335.66 6597.79 1 2
-1661.29 2031.85 -8720.27 9107.28 1 1
-119.728 -5029.62 -4632.13 6839.53 -1 2
804.202 3996.51 -8853.77 9747.79 -1 1
