event 0
-5920.43 3587.15 20071.6 21456.4
5610.89 -9179.69 8684.09 14168.7
-3353.78 2243.22 15702.7 16213.1 -1 1
-2566.66 1343.93 4368.88 5243.3 1 1
4800.51 -5178.69 4849.41 8566.9 1 2
810.381 -4000.99 3834.68 5601.84 -1 2
event 1
-2461.93 -9053.59 1750.21 10034.1
1512.98 -4018.06 1216.55 5431.88
-1046.24 -4978.01 -594.566 5122.49 1 1
-1415.69 -4075.57 2344.77 4911.58 -1 1
-341.838 -3125.09 250.577 3155.47 -1 2
1854.82 -892.976 965.975 2276.41 1 2
event 2
11415 3618.93 -20993.9 24366.7
-5533.91 -13797 -8833.2 17567
-559.458 -4297.52 -3597.88 5633.61 1 2
2021.05 1708.53 -6150.4 6696.44 1 1
-4974.45 -9499.51 -5235.32 11933.4 -1 2
9393.96 1910.4 -14843.5 17670.2 -1 1
event 3
-5680.93 2650.47 26571.1 27475.6
-5398.67 -9509.24 -30141.1 32212.5
-3652.75 2989.68 21292.5 21809.7 1 1
-2028.19 -339.213 5278.59 5665.97 -1 1
-3467.93 -4376.89 -18847.6 19657.7 -1 2
-1930.73 -5132.34 -11293.5 12554.8 1 2
