event 0
4544.24 3082.68 -26833.2 27563.9
7213.79 265.609 -3186.5 8476.66
2967.33 1628.8 -1554.69 3726.43 -1 2
2094.68 -237.499 -7282.79 7582.5 1 1
4246.46 -1363.19 -1631.8 4750.23 1 2
2449.56 3320.18 -19550.4 19981.4 -1 1
event 1
-7174.78 -2106.04 -7382.91 10955
-6307.92 36.9947 32660.5 33408
-4107.41 -1362.25 17709.5 18230.9 1 2
-2924.06 -1849.11 -4978.4 6063.42 1 1
-2200.51 1399.24 14951 15177.1 -1 2
-4250.71 -256.925 -2404.51 4891.56 -1 1
event 2
5605.19 -6669.03 -16360.3 18792.1
3150.07 5067.94 5243.82 8526.13
3708.05 -3113.64 -6243.21 7901.47 -1 1
1897.14 -3555.39 -10117.1 10890.6 1 1
1779.82 2650.76 4715.65 5695.86 -1 2
1370.25 2417.18 528.168 2830.28 1 2
event 3
6247.31 -1874.41 -34529.1 35275.9
-4665.55 6004.05 -2250.16 8512.93
-2780.14 4772.98 -300.923 5532.83 1 2
3086.68 630.836 -13477.9 13841.7 1 1
-1885.41 1231.07 -1949.24 2980.1 -1 2
3160.63 -2505.25 -21051.1 21434.3 -1 1
event 4
1679.09 10213.1 -12119.2 16235.5
2419.84 -6086.6 3261.78 7945.59
374.579 -3439.29 296.399 3473.91 1 2
1816.07 3629.76 -3319.35 5244.28 1 1
2045.26 -2647.31 2965.38 4471.68 -1 2
-136.978 6583.32 -8799.88 10991.3 -1 1
event 5
-1814.69 -5112.7 35682.9 36225.6
4735.5 9402.58 -21856.9 24457.1
-2520.08 -2550.87 20652.3 20961.5 -1 1
705.391 -2561.83 15030.6 15264.1 1 1
2909.04 5540.36 -9448 11332.9 1 2
1826.46 3862.22 -12408.9 13124.2 -1 2
