event 0
-9144.04 -413.364 -1533.81 9784.1
-3287.91 -6379.82 -344.247 7824.47
-3542.33 -3921.72 208.911 5289.87 1 2
-4475.23 267.965 -2238.83 5012.29 1 1
254.416 -2458.11 -553.158 2534.59 -1 2
-4668.81 -681.329 705.026 4771.81 -1 1
event 1
8752.49 3595.51 25855.8 27706.5
7133.79 -2016.01 5789.09 9902.54
4381.63 -1336.46 1620.45 4860.22 -1 2
2747.18 2709.38 9107.66 9891.84 1 1
6005.31 886.13 16748.1 17814.6 -1 1
2752.17 -679.545 4168.65 5042.32 1 2
event 2
565.1 -5921.31 16921.2 18201.6
-19758 14042.9 75275.6 79142.9
-1030.6 -4129.58 11818.7 12562.2 1 1
1595.7 -1791.73 5102.51 5639.44 -1 1
-16489.7 10937.2 57733.2 61030.1 -1 2
-3268.36 3105.65 17542.4 18112.8 1 2
event 3
-9661.74 -567.199 10597.8 14682.5
-6764.79 -4858.56 10938.6 14093
-5787.92 -1774.59 5635.69 8271.72 1 1
-3873.82 1207.39 4962.15 6410.8 -1 1
-3017.4 -2712.4 2971.59 5030.24 -1 2
-3747.39 -2146.16 7967.06 9062.79 1 2
event 4
-7107.91 -4705.42 -19103.9 21147.4
-6128.04 1467.16 -35128.4 35823.2
-4563.17 -1889.57 -13526.1 14400 1 1
-2544.74 -2815.86 -5577.82 6747.45 -1 1
-1905.07 -960.537 -11727 11919.9 -1 2
-4222.97 2427.7 -23401.4 23903.2 1 2
event 5
-12951.3 -3177.42 21915.2 25839.9
-1488.67 6425.34 2451.09 7687.67
-7767.81 -3205.94 15042.2 17230.6 1 1
-5183.47 28.5184 6873.03 8609.24 -1 1
-2309.58 3210.23 1536.83 4244.14 -1 2
820.904 3215.12 914.252 3443.53 1 2
event 6
7357.07 -2217.46 -16808.8 18739.5
-4643.27 -6333.97 -14578.5 16846.4
-3265.64 -1887.77 -6071.69 7148.75 1 2
3647.46 497.868 -7209.97 8096.09 1 1
-1377.63 -4446.2 -8506.82 9697.62 -1 2
3709.6 -2715.33 -9598.83 10643.4 -1 1
