event 0
-4034.36 -7359.35 -34296.6 35444.1
-4719.47 1933.37 -1808.84 6234.89
-1318.33 -4237.83 -22723.4 23153 -1 1
-2716.04 -3121.51 -11573.2 12291.1 1 1
-3273.41 -315.511 -1045.23 3452.31 -1 2
-1446.06 2248.88 -763.603 2782.59 1 2
event 1
-12733.3 -4605.93 -1921.39 14022.6
6322.54 -4673.28 -3884.93 9300.26
-7392.08 -1036.36 -997.398 7531.46 1 1
-5341.18 -3569.57 -923.988 6491.14 -1 1
3802.92 -3792.64 -3884.24 6629.09 -1 2
2519.62 -880.635 -0.693669 2671.17 1 2
event 2
-4673.8 -4113.84 -7213.34 10019.5
12226.1 -4867.57 -15718.5 20732.4
-2775.82 -2825.48 -6504.39 7616.22 1 1
-1897.98 -1288.36 -708.945 2403.32 -1 1
6281.93 -2626.02 -5756.35 8916.57 -1 2
5944.2 -2241.55 -9962.2 11815.9 1 2
event 3
-3547.44 4866.22 -1289.66 6893.35
-2784.3 14105.4 38231.6 40962.9
-2684.63 2748.89 643.623 3897.31 1 1
-862.815 2117.33 -1933.28 2996.04 -1 1
-844.828 7274.97 15413.2 17065.1 -1 2
-1939.47 6830.41 22818.4 23897.8 1 2
event 4
3880.78 -1995.02 8416.91 9973.77
691.424 -8810.23 -48742.7 49634.1
3060.46 100.266 5399.78 6208.48 1 1
820.317 -2095.29 3017.13 3765.29 -1 1
-1126.86 -4849.29 -27789.2 28231.8 1 2
1818.28 -3960.95 -20953.5 21402.2 -1 2
event 5
4825.93 -5749.39 5121.93 9600.3
1973.83 9966.58 -25481.8 27607
1561.21 -4121.69 3386.1 5559 -1 1
3264.72 -1627.7 1735.83 4041.29 1 1
109.067 5543.18 -16722.1 17617.6 -1 2
1864.76 4423.41 -8759.72 9989.38 1 2
event 6
6381.82 -3064.46 -21674.6 23010.8
4093.68 -5677.42 38137.1 38897.6
559.774 -3283.75 18986.6 19276.8 1 2
1763.21 -1258.01 -3086.02 3771.76 -1 1
4618.61 -1806.46 -18588.5 19239 1 1
3533.91 -2393.67 19150.5 19620.7 -1 2
event 7
16855.7 6517.17 -2982.94 18576.3
1274.34 3882.16 -6251.43 8328.31
-769.068 3275.32 -3703.17 5004.38 1 2
4662.29 414.289 -1118.17 4813.53 1 1
2043.41 606.847 -2548.25 3323.93 -1 2
12193.4 6102.88 -1864.77 13762.8 -1 1
event 8
6821.21 1559.92 9136.79 11917.8
-4214.71 -6872.5 22462.1 24065.2
-696.69 -3971.73 11726.9 12401.2 -1 2
1683.44 1750.72 2169.97 3258.67 -1 1
5137.77 -190.794 6966.82 8659.15 1 1
-3518.02 -2900.77 10735.2 11663.9 1 2
event 9
6239.1 -8138.67 -52150.2 53276.6
-2695.64 -5272.91 -11401.8 13216
4813.75 -3359.43 -25966 26621.4 1 1
1425.36 -4779.24 -26184.2 26655.2 -1 1
-2077.34 -2557.81 -8824.41 9420.15 -1 2
-618.301 -2715.1 -2577.42 3795.83 1 2
event 10
2093.22 5035.08 -21287.3 22191.7
6932.02 1634.21 -1645.98 7938.73
3585.12 -603.898 -1420.69 3904.78 1 2
1927.52 902.55 -7549.22 7844.22 -1 1
165.7 4132.53 -13738.1 14347.5 1 1
3346.9 2238.1 -225.291 4033.95 -1 2
event 11
-7539.03 -4437.9 34822 36037.4
-512.011 15131.1 24436.2 28912.4
-4504.78 -2220.19 25418.7 25910.3 1 1
-3034.25 -2217.71 9403.32 10127.1 -1 1
-1120.77 12727 18550.6 22524.8 -1 2
608.764 2404.09 5885.6 6387.62 1 2
event 12
4781.9 -1232.74 -11692 13064.5
2170.91 -9483.89 -1106.04 10270
3578.5 395.657 -9002.57 9696.37 1 1
1203.4 -1628.4 -2689.42 3368.09 -1 1
2607.33 -5102.04 -1239.52 5863.16 -1 2
-436.417 -4381.85 133.483 4406.82 1 2
event 13
-696.984 -9700.8 -7408.43 12612.2
-6715.17 3437.65 -2527.39 8537.56
811.537 -6298.59 -3667.87 7334.52 1 1
-1508.52 -3402.21 -3740.57 5277.66 -1 1
-2462.63 505.144 476.853 2560.91 -1 2
-4252.54 2932.51 -3004.25 5976.65 1 2
