event 0
8983.43 24994.8 11687.7 29182.8
4376.83 -990.672 3418.79 6435.6
2597.36 -2014.45 2709.24 4260.92 1 2
4366.45 11001.9 3592.83 12370.4 1 1
1779.47 1023.78 709.544 2174.68 -1 2
4616.98 13992.9 8094.89 16812.4 -1 1
event 1
2029.91 -4056.81 1123.73 5606.46
8937 -1580.65 14396.5 17297.9
63.1947 -3030.08 1450.2 3361.49 -1 1
1966.72 -1026.72 -326.475 2244.97 1 1
4747.15 -2023.71 6087.72 7981.37 1 2
4189.84 443.068 8308.76 9316.53 -1 2
event 2
-6312.87 -5203.41 3682.64 9491.07
1777 7971.6 17357.8 19431.7
-4358.23 -2097.11 3170.11 5783.84 -1 1
-1954.64 -3106.3 512.527 3707.23 1 1
317.783 6124.05 14385.9 15638.7 -1 2
1459.21 1847.55 2971.96 3792.95 1 2
event 3
4307.03 3935.87 -15393.2 16750.6
-4048.35 18259.9 -38772.2 43158.9
3851.22 1520.61 -9394.56 10267.1 1 1
455.803 2415.27 -5998.6 6483.49 -1 1
-1734.29 10181 -24629.8 26707.7 -1 2
-2314.05 8078.92 -14142.4 16451.2 1 2
event 4
6606.86 -981.509 21877.7 23083.3
4512.32 -9377.84 -22954.2 25392.7
2696.22 -3906.59 -13593.6 14398.9 -1 2
1918.28 1117.43 6848.92 7200.51 1 1
1816.1 -5471.24 -9360.61 10993.9 1 2
4688.58 -2098.94 15028.8 15882.8 -1 1
event 5
-8162.49 13851.3 -82429.3 84039.7
-4783.34 6855.56 9012.95 12676.8
-411.722 3155.16 3080.58 4430.09 -1 2
-1468.25 2809.03 -10814.3 11269.7 1 1
-6694.25 11042.2 -71615 72770 -1 1
-4371.62 3700.4 5932.38 8246.71 1 2
event 6
9078.18 -4755.7 98.3594 10706.6
1990.96 8465.92 14199.2 16936.5
2356.79 5559.8 11306.2 12818.2 -1 2
3622.69 -573.803 -850.59 3766.67 -1 1
5455.49 -4181.9 948.95 6939.91 1 1
-365.822 2906.12 2893.03 4118.27 1 2
event 7
-4154.2 8640.39 -18692.4 21234.7
1974.01 -5323.51 -11074.9 12825
1742.99 -3086.47 -9315.65 9967.78 1 2
-416.858 4372.77 -7758.36 8916.17 -1 1
231.025 -2237.04 -1759.25 2857.24 -1 2
-3737.34 4267.61 -10934.1 12318.5 1 1
