event 0
9535.9 850.916 -10526.8 14562.3
-6627.58 -5035.32 -4273.18 9855.5
-4578.25 -1558.64 -2514.72 5452.04 -1 2
4487.05 -1124.31 -4482.3 6442.04 1 1
5048.85 1975.23 -6044.48 8120.31 -1 1
-2049.33 -3476.69 -1758.46 4403.46 1 2
event 1
-4035.57 -4174.89 -1647.25 6783.79
-8718.65 -15454.9 5416.37 18809.5
-1037.65 -3287.45 -752.941 3530.18 1 1
-2997.92 -887.436 -894.305 3253.62 -1 1
-6217.99 -12312.6 2983.57 14113 1 2
-2500.66 -3142.3 2432.8 4696.49 -1 2
event 2
6608.05 -839.213 9959.47 12375.5
-5732.07 -6140.01 -901.921 8997.81
-1851.81 -2644.26 1087.4 3408.07 -1 2
2483.72 -1768.08 3369.27 4545.13 1 1
-3880.26 -3495.75 -1989.32 5589.75 1 2
4124.33 928.872 6590.2 7830.38 -1 1
event 3
-3829.76 8837.09 -15380.6 18409.6
6616.86 3273.21 5138.23 9512.57
3925.65 2072.65 1213.06 4603.18 -1 2
-2813.88 3318.6 -5167.41 6756.06 1 1
-1015.87 5518.49 -10213.2 11653.6 -1 1
2691.21 1200.56 3925.17 4909.39 1 2
event 4
-3182.6 -4251.58 -1912.81 6438.59
-8895.44 1793.2 -578.884 9605.91
-1015.15 -3405.1 -2053.14 4105.1 1 1
-2167.45 -846.476 140.338 2333.5 -1 1
-4656.06 1187.61 -1830.52 5143.08 -1 2
-4239.38 605.586 1251.63 4462.83 1 2
event 5
-8189.28 -7176.92 -9486.17 14769.9
-6548.18 711.858 21845.5 23026.1
-3899.93 -3832.95 -6728.83 8671.18 1 1
-4289.35 -3343.97 -2757.34 6098.75 -1 1
-4762.8 -914.437 14000.4 14817 -1 2
-1785.38 1626.3 7845.09 8209.08 1 2
event 6
7327.75 -118.843 -19307.5 20882.5
-4973.88 3575.51 6794.15 9657.92
4169.13 1037.18 -7952.79 9039.66 1 1
3158.62 -1156.03 -11354.7 11842.9 -1 1
-2706.72 98.3037 2598.81 3755.12 -1 2
-2267.16 3477.21 4195.35 5902.8 1 2
event 7
3966.59 5571.62 6705 10066.1
-1824.76 -7321.81 -40577.7 41389.4
-2211.14 -2712.95 -19222.1 19538.5 -1 2
743.465 2909.06 4288.26 5236 -1 1
386.381 -4608.86 -21355.6 21850.9 1 2
3223.13 2662.56 2416.74 4830.08 1 1
event 8
3644.62 7653.04 -2670.9 9411.51
1578.99 -7338.83 -1452.37 8249.37
3148.82 3591.57 -571.978 4811.73 1 1
495.798 4061.47 -2098.92 4599.78 -1 1
1696.23 -3708.17 524.045 4112.6 -1 2
-117.238 -3630.66 -1976.41 4136.77 1 2
event 9
7480.04 -4462.62 4461.2 10264.4
-4595.53 4838.6 -1774.67 7567.76
4249.42 -2488.48 787.823 4988.18 -1 1
3230.62 -1974.14 3673.38 5276.27 1 1
-438.115 2447.69 -1109.05 2724.76 -1 2
-4157.41 2390.9 -665.617 4843 1 2
event 10
10387.3 -5611.38 -18252.3 21957.2
-4484.45 2258.26 -15122 16231.9
6274.29 -2847.77 -7924.11 10501.4 1 1
4112.97 -2763.61 -10328.1 11455.8 -1 1
-3158.55 21.3415 -6532.57 7256.9 -1 2
-1325.9 2236.91 -8589.42 8975.02 1 2
event 11
-8029.49 3034.11 -618.115 9146.17
8178.64 -519.065 -40867.4 41795.9
-5022.95 1375.9 -1803.25 5512.35 1 1
-3006.53 1658.21 1185.13 3633.81 -1 1
5550.81 987.361 -23585.4 24250.1 -1 2
2627.84 -1506.43 -17282 17545.8 1 2
event 12
4853.15 820.266 -386.23 5828.05
15293.6 -3530.44 -9055.45 18383.4
2821.05 1960.74 127.439 3439.51 1 1
2032.1 -1140.47 -513.669 2388.54 -1 1
11407.8 -2488.73 -5103.91 12743.3 -1 2
3885.8 -1041.71 -3951.53 5640.07 1 2
event 13
2066.86 6248.31 -6012.57 9436.91
2032.13 -6815.17 8385.19 11422.7
1752.99 -2716.05 5570.24 6441.17 -1 2
1324.55 1561.37 -404.438 2089.75 -1 1
742.312 4686.94 -5608.13 7347.16 1 1
279.148 -4099.13 2814.95 4981.55 1 2
event 14
3561.03 -4580.5 -1293.86 6702.78
8608.48 -838.827 23424.1 25161.3
3252.82 -1830.11 9957.14 10634.2 1 2
1957.67 -750.893 -1442.27 2547.08 1 1
5355.66 991.278 13467 14527.1 -1 2
1603.35 -3829.61 148.409 4155.7 -1 1
event 15
6107.52 -3820.08 2322.47 8178
18317.8 -2191.01 100903 102623
16007.4 -2716.64 91171.6 92606.1 1 2
3289.13 -744.258 2151.09 4001.33 1 1
2310.48 525.633 9731.83 10016.7 -1 2
2818.4 -3075.82 171.38 4176.67 -1 1
event 16
-8977.2 -4324.12 -8853.97 13684.7
-7011.15 -10.1576 530.488 7682.97
-5477.49 -2099.2 -3233.24 6698.85 -1 1
-3499.71 -2224.92 -5620.73 6985.84 1 1
-2154.24 -1445.47 274.107 2610.83 -1 2
-4856.91 1435.31 256.382 5072.14 1 2
event 17
2227.31 -11485.1 -30951.1 33233
6888.69 2355.54 3338.43 8587.14
2941.82 -7944.66 -20893.1 22545.6 1 1
-714.517 -3540.48 -10058.1 10687.4 -1 1
2133.13 1180.46 -335.204 2463.18 -1 2
4755.56 1175.08 3673.63 6123.96 1 2
event 18
4893.44 8961.33 -5760.77 12125.5
5633.83 -7321.07 -5725.53 11300.9
1643.11 5049.67 -4297.93 6832.44 -1 1
3250.33 3911.66 -1462.85 5293.09 1 1
4386.95 -3896.97 -4685.76 7509.94 -1 2
1246.88 -3424.1 -1039.77 3790.97 1 2
event 19
-2123.41 10798.1 -33570 35463.3
-341.873 -4829.13 2109.11 6439.62
1488.66 -3160.11 625.864 3550.38 1 2
-2166.65 4584.44 -17938.3 18641.5 1 1
-1830.53 -1669.02 1483.25 2889.23 -1 2
43.2372 6213.62 -15631.7 16821.8 -1 1
event 20
-8408.62 -5208.02 -11310.7 15341.1
2006.28 7212.99 -7594.2 11104.7
2775.93 4578.94 -4992.71 7321.94 -1 2
-3568.18 -1416.31 -6432.12 7491.41 -1 1
-4840.44 -3791.7 -4878.56 7849.74 1 1
-769.655 2634.04 -2601.49 3782.78 1 2
event 21
5198.65 4592.87 3445.93 8341.82
-9222.82 5692.51 157.943 11273
-3671.07 2484.89 1575.04 4705.67 1 2
2226.63 1277.72 2868.51 3850.97 -1 1
-5551.75 3207.62 -1417.1 6567.35 -1 2
2972.02 3315.15 577.422 4490.84 1 1
event 22
-4537.37 -11261.4 -4259.82 13234.2
14179.9 1789.65 -17654.8 22925
6566.69 2375.67 -8180.04 10755.9 1 2
-13.1815 -3567.95 -1666.36 3939.34 -1 1
-4524.19 -7693.46 -2593.46 9294.88 1 1
7613.25 -586.02 -9474.72 12169.1 -1 2
event 23
-2763.8 8921.12 22913.5 24936.8
5596.51 -6024.42 -3181.04 9344.67
2526.89 -2661.35 193.067 3676.47 -1 2
-1905.32 2005.89 8234.26 8687.23 1 1
-858.485 6915.23 14679.2 16249.5 -1 1
3069.63 -3363.07 -3374.1 5668.21 1 2
event 24
-6135.47 6080.3 22079.3 23910.3
-655.404 5358.05 12454.4 13922.7
1111.24 3413.98 6996.78 7864.87 1 2
-2078.87 3718.43 13127.3 13801.6 1 1
-1766.64 1944.08 5457.6 6057.8 -1 2
-4056.6 2361.87 8952.02 10108.6 -1 1
event 25
13265.5 6522.98 7040.37 16663.7
148.63 -5372.99 5413.75 8233.5
6514.07 4024.69 5122.14 9212.96 1 1
6751.42 2498.29 1918.22 7450.76 -1 1
1271.7 -3209.96 4394.54 5589.65 -1 2
-1123.07 -2163.03 1019.21 2643.85 1 2
event 26
-7520.65 -4516.83 15798 18333.8
-6371.99 272.241 -19680.7 20918.8
-4441.6 -896.955 -10020.2 10997.6 -1 2
-2902.91 -2460.33 4126.27 5614.03 1 1
-4617.74 -2056.49 11671.7 12719.8 -1 1
-1930.4 1169.2 -9660.45 9921.13 1 2
event 27
6350.95 1018.61 -26126.4 27084.1
11772.5 6221.08 -15611.8 20751.2
3733.14 -373.288 -18960.5 19328.4 -1 1
2617.82 1391.9 -7165.83 7755.68 1 1
8060.06 2568.25 -9523.78 12738.7 1 2
3712.47 3652.84 -6087.99 8012.52 -1 2
event 28
-625.735 8402.13 -26613.5 28086.6
-789.703 9771.76 -6577.93 12205.3
-500.509 3123.77 -3921.57 5039.68 1 2
1103.89 2772.71 -11030 11427.1 -1 1
-289.194 6647.99 -2656.36 7165.67 -1 2
-1729.63 5629.42 -15583.5 16659.5 1 1
event 29
31.8249 6066.44 -893.257 6869.63
1542.97 -10683.1 -8728.59 14222.8
-850.213 3430.01 -1768.61 3953.1 1 1
882.038 2636.43 875.356 2916.53 -1 1
2359.28 -6130.09 -5655.94 8668.62 -1 2
-816.314 -4553.04 -3072.65 5554.18 1 2
event 30
5015.46 -3135.91 1745.56 6901.54
7570.03 7764.04 -1327.55 11355.1
3715.22 -769.02 228.614 3802.33 1 1
1300.23 -2366.89 1516.94 3099.21 -1 1
4734.56 4383.12 713.718 6492.17 -1 2
2835.47 3380.93 -2041.27 4862.97 1 2
event 31
-2596.54 8554.22 2891.27 9892.76
6395.67 505.548 32287.7 33064.2
4530.73 1741.26 23440.2 23937.7 -1 2
-21.4172 3957.86 172.409 3963.08 -1 1
-2575.12 4596.35 2718.86 5929.68 1 1
1864.93 -1235.71 8847.48 9126.56 1 2
event 32
5241.64 -1636.24 21913.6 22802.4
13977 3886.54 -71194.8 72723.8
2608.29 -2334.87 14034.5 14464.9 -1 1
2633.35 698.63 7879.11 8337.52 1 1
8219.34 3220.3 -48720.4 49513.8 -1 2
5757.7 666.234 -22474.4 23210 1 2
event 33
-16748.6 4715.42 -2277.59 17819.3
-3476.29 -4791.71 -2091.58 7000.76
-1160.28 -3981.21 -795.605 4223.8 1 2
-3719.25 2394.75 -268.789 4432.95 1 1
-2316 -810.499 -1295.97 2776.96 -1 2
-13029.3 2320.67 -2008.8 13386.4 -1 1
event 34
-7146.94 -300.135 -7066.9 10521.5
-2970.47 4762.75 -5292.96 8313.47
-3910.68 1006.3 -5127.17 6527.25 -1 1
-3236.26 -1306.43 -1939.73 3994.23 1 1
-966.3 3982.49 -4304.22 5944.03 -1 2
-2004.17 780.267 -988.733 2369.44 1 2
event 35
2964.59 -5804.18 -25985.8 26969.1
-1973.28 7486.03 -34534.4 35526.7
260.431 2997.47 -8594.01 9106.09 -1 2
70.1437 -2747.09 -13931.1 14199.9 1 1
-2233.71 4488.56 -25940.4 26420.6 1 2
2894.44 -3057.09 -12054.7 12769.1 -1 1
event 36
5517.56 5906.18 28240.9 29537.6
-5507.27 5195.32 11862.8 14409.7
-1848.94 2926.28 3108.32 4653.44 1 2
840.81 3069.46 10542.5 11012.9 -1 1
4676.75 2836.72 17698.4 18524.7 1 1
-3658.33 2269.04 8754.52 9756.26 -1 2
event 37
-14698.4 2025.05 57834 59787.2
196.603 -6051.95 -364.588 6810.9
-7648.09 2223.89 34651.5 35555.3 -1 1
-7050.31 -198.839 23182.4 24231.9 1 1
1637.97 -3293.41 -353.309 3696.69 -1 2
-1441.37 -2758.53 -11.2784 3114.21 1 2
event 38
-3668.87 -8437.79 -11459.9 15019.2
1853.04 -4445.47 -4358.73 7196.36
-3372.47 -4283.64 -5475.93 7727.88 -1 1
-296.405 -4154.15 -5983.93 7291.33 1 1
2096.2 -2206.93 -1108.77 3241.16 -1 2
-243.162 -2238.54 -3249.97 3955.2 1 2
event 39
-7036.39 -794.755 -4078.52 8738.88
2371.44 -6960.13 -5045.95 9440.32
1518.26 -2905.29 -3986.13 5161.99 -1 2
-2014.38 842.901 -2277.6 3157.03 -1 1
-5022.01 -1637.66 -1800.91 5581.84 1 1
853.179 -4054.84 -1059.83 4278.33 1 2
event 40
3262.81 -8346.55 15783.8 18412.7
1051.91 4493.86 28591.5 29195.3
1237.95 -4779.5 5792.93 7612.18 1 1
2024.87 -3567.05 9990.84 10800.6 -1 1
-1099.8 3186.26 17356.8 17681.4 -1 2
2151.71 1307.59 11234.7 11513.8 1 2
event 41
272.015 8625.68 1323.47 9263.88
-4104.62 -4000.66 10822.1 12631.7
-1864.12 -3715.16 7996.05 9012.51 -1 2
-1152.37 3641.2 1425.13 4077.8 -1 1
1424.39 4984.48 -101.668 5186.08 1 1
-2240.5 -285.505 2826.01 3619.23 1 2
event 42
-8600.7 -2265.01 8714.52 12830.9
-572.805 -6203.75 13837.2 15487.8
-4917.95 -134.776 6095.03 7833.58 1 1
-3682.76 -2130.24 2619.48 4997.35 -1 1
-1810.83 -3410.15 6918.44 7923.65 -1 2
1238.03 -2793.59 6918.74 7564.19 1 2
event 43
-7381.68 608.562 -20246.6 21780.2
-3317.78 5510.99 31237.7 32043.2
-3311.56 2671.59 17000.1 17524.8 -1 2
-2631.25 1635.72 -9287.8 9791.5 1 1
-4750.43 -1027.16 -10958.8 11988.7 -1 1
-6.21944 2839.4 14237.6 14518.3 1 2
event 44
7202.87 1769.67 1057.67 8106.86
2121.33 -9242.66 -5117.58 11211.9
1526.08 -3310.14 -3449.86 5019.83 -1 2
2657.22 2028.44 1191.87 3550.65 1 1
595.252 -5932.52 -1667.72 6192.05 1 2
4545.65 -258.771 -134.202 4556.22 -1 1
event 45
-1684.18 9940.94 -20985 23486.6
-4534.71 2843.02 5452.63 8244.33
-2211.79 2722.5 4552.21 5747.86 1 2
-1500.26 3919.46 -11575.9 12313.6 1 1
-2322.92 120.521 900.415 2496.48 -1 2
-183.92 6021.49 -9409.14 11173 -1 1
event 46
-4262.45 644.213 -9119.08 10551.4
-19051.2 3562.31 -27247.9 33581
-2396.86 1896.74 -5268.4 6091.78 1 1
-1865.59 -1252.53 -3850.67 4459.61 -1 1
-11951.8 3646.97 -18260.3 22126.8 -1 2
-7099.4 -84.6557 -8987.66 11454.2 1 2
event 47
1171.82 6788.79 3668.09 8396.82
-2853.18 13992.5 -57665 59487.6
-141.639 4407.16 874.656 4496.59 -1 1
1313.46 2381.63 2793.44 3900.23 1 1
-2569.64 8086.92 -28853.4 30075.4 1 2
-283.537 5905.58 -28811.6 29412.2 -1 2
event 48
-2182.91 8167.85 -4880.29 10241.4
-3344.57 -17774.1 -42447 46243.3
-2250.59 3893 -1350.87 4696.45 1 1
67.6821 4274.85 -3529.42 5544.99 -1 1
-1263.04 -10143.6 -27381.9 29227.8 -1 2
-2081.53 -7630.51 -15065.1 17015.5 1 2
event 49
-8986.27 1821.38 -39787.9 40948
-2067.82 -7705.26 23025.4 24564.3
-1877.79 -4210.94 9053.32 10160.3 -1 2
-4246.09 -370.755 -21984.3 22393.9 1 1
-4740.19 2192.14 -17803.6 18554.1 -1 1
-190.023 -3494.31 13972.1 14404 1 2
event 50
-6577.09 9075.4 14345.4 18466.2
2244.25 -6030.62 817.748 7460.87
1891.26 -2991.18 -1263.01 3759.04 1 2
-1307.97 4370.16 5672.74 7280.13 1 1
352.996 -3039.44 2080.76 3701.83 -1 2
-5269.12 4705.24 8672.64 11186.1 -1 1
event 51
-4207.75 5673.48 5438.32 9437.14
-9314.15 -673.583 34504.4 35879.7
-4210.1 -1333.99 20194.8 20672.3 -1 2
-139.623 2592.31 1609.19 3056.17 -1 1
-5104.06 660.406 14309.7 15207.4 1 2
-4068.13 3081.17 3829.13 6380.97 1 1
event 52
-8180.51 -2001.81 -28150.1 29545.7
-5926.18 4484.51 9698.54 12604.9
-1526.62 3044.44 3755.48 5070.89 -1 2
-1838.55 -1517.15 -10949.4 11206.4 1 1
-6341.96 -484.658 -17200.7 18339.3 -1 1
-4399.55 1440.07 5943.06 7533.99 1 2
event 53
-8187.95 -1408.66 -7640.03 11704.2
154.161 8663.13 -35959.4 37117.9
-5721.61 427.145 -4357.89 7205.67 -1 1
-2466.34 -1835.81 -3282.14 4498.51 1 1
-778.754 6071.54 -28860.3 29502.5 -1 2
932.915 2591.58 -7099.06 7615.41 1 2
event 54
-11417.6 -2801.04 -195.747 12158.9
12688.3 -3641.11 -13884.7 19406.8
5306.94 -3090.67 -5858.96 8488.48 -1 2
-3552.46 565.778 -166.943 3602.65 -1 1
-7865.19 -3366.81 -28.8046 8556.2 1 1
7381.33 -550.442 -8025.74 10918.4 1 2
event 55
11559.6 3083.1 -30591.8 32993.6
12128.8 2851.02 52134.9 53692.5
4386.82 2362.15 17261.5 17966.4 -1 2
3759.66 -454.139 -9790.21 10497.7 -1 1
7799.96 3537.24 -20801.6 22496 1 1
7742.02 488.874 34873.5 35726 1 2
event 56
-8380.06 1693.8 26455.6 27974.7
-13594.3 -14154.8 1520.58 19926.5
-5454.82 -56.5008 19152 19914 -1 1
-2925.24 1750.3 7303.66 8060.72 1 1
-6866.65 -8894.64 -78.3054 11237.6 -1 2
-6727.65 -5260.16 1598.89 8688.97 1 2
event 57
-4508.53 -8169.18 -14373.3 17413.9
2187.55 5588.17 -8475.65 10837
-282.897 3381.35 -3670.73 4999.89 1 2
-1470.58 -4342.95 -4647.63 6529.58 -1 1
2470.45 2206.83 -4804.92 5837.09 -1 2
-3037.95 -3826.23 -9725.7 10884.4 1 1
event 58
10067.7 2204.11 20036.8 22743.8
783.165 -10586.7 -46034.6 47344.1
-1179.6 -4896.37 -21151 21742.6 1 2
2807.44 -640.593 4233.37 5121 -1 1
7260.23 2844.7 15803.4 17622.8 1 1
1962.77 -5690.32 -24883.6 25601.5 -1 2
event 59
784.715 21053.1 65617.2 68985.9
-12444.9 2415.16 -24793.4 28018.2
-242.356 15121.1 43045.3 45624.7 1 1
1027.07 5931.99 22571.9 23361.2 -1 1
-5829.38 -433.35 -11146.2 12586.4 -1 2
-6615.54 2848.51 -13647.3 15431.7 1 2
event 60
-12797.7 5323.13 -37568.6 40163.5
3407.96 5092.94 -2607.34 7344.48
-7224.51 2476.06 -24691.2 25845.5 -1 1
-5573.18 2847.07 -12877.5 14318.1 1 1
2234.41 3259.69 -3199.86 5086.1 -1 2
1173.56 1833.26 592.519 2258.39 1 2
event 61
3495.5 12939.3 18616.9 23147.8
1388.42 5819.02 8894.08 11157.3
2020.34 3839.72 7459.44 8630.16 1 2
216.154 6656.19 9401.84 11522 -1 1
-631.92 1979.3 1434.65 2527.12 -1 2
3279.35 6283.08 9215.03 11625.8 1 1
event 62
8865.05 5157.58 26224.3 28328.4
8928.96 6915.06 18898.1 22232.3
7624.44 4767.93 12870.1 15700.8 1 2
3746.71 573.694 10669.5 11323.3 1 1
1304.52 2147.13 6028.04 6531.49 -1 2
5118.34 4583.89 15554.9 17005.1 -1 1
event 63
8682.02 -5078.51 2342.66 10781.8
-2709.15 5750.8 2088.5 7373.18
-1920.79 3621.6 2829.83 4982.42 1 2
4319.7 -2380.86 2727.42 5637.22 1 1
-788.361 2129.2 -741.333 2390.76 -1 2
4362.33 -2697.65 -384.755 5144.55 -1 1
event 64
-10271.5 -1638.88 429.485 10861.1
-4920.89 -5071 -4423.11 8892.98
-5383.38 661.498 -148.641 5426.93 -1 1
-4888.1 -2300.38 578.126 5434.21 1 1
-3523.63 -1561.38 -2873.71 4808.67 -1 2
-1397.26 -3509.63 -1549.4 4084.31 1 2
event 65
-8705.39 -13306.2 21135.4 26629.6
8958.5 -2938.75 -3305.49 10459.8
3019.12 -2579.71 -1344.23 4193.81 -1 2
-2715.47 -1949.23 4845.63 5887.66 1 1
-5989.93 -11357 16289.8 20741.9 -1 1
5939.39 -359.048 -1961.26 6266.02 1 2
event 66
3405.41 -6681.39 1032.35 8178.92
6921.38 6237.56 12059.9 15551.4
2031.44 3894.01 5539.69 7070.32 -1 2
2663.15 -2127.27 1034.28 3563.5 -1 1
4889.93 2343.55 6520.23 8481.05 1 2
742.258 -4554.12 -1.92703 4615.42 1 1
event 67
-2933.81 8349.43 1626.05 9516.13
-10642.6 -13227.1 1292.1 17305.3
-1078.27 -3015.15 812.635 3305.35 1 2
-151.066 3176.91 -591.97 3236.84 1 1
-9564.29 -10211.9 479.463 14000 -1 2
-2782.74 5172.53 2218.02 6279.29 -1 1
event 68
10184.3 -4935.45 -19450.9 22715.8
12841.6 10182.6 12628 20920
8709.87 8627.69 9113.29 15276.2 1 2
4343.36 -3755.63 -8727.85 10447.8 1 1
4131.69 1554.88 3514.68 5643.82 -1 2
5840.97 -1179.82 -10723.1 12268 -1 1
event 69
4477.68 2079.11 14111.9 15267.9
975.513 -8584.03 3769.22 9921.46
1929.4 2469.74 9196.88 9716.79 -1 1
2548.29 -390.63 4915.04 5551.14 1 1
-892.964 -4767.15 1373.63 5041.93 -1 2
1868.48 -3816.88 2395.58 4879.52 1 2
event 70
-411.841 -9494.7 40404.6 41622.6
7081.61 -1807.2 -14958.9 16934.4
4213.98 464.945 -8833.13 9798.43 1 2
-1702.61 -4115.87 18830.2 19350.1 -1 1
2867.63 -2272.14 -6125.81 7136.01 -1 2
1290.77 -5378.83 21574.4 22272.5 1 1
event 71
-10986.2 -7008.67 -57250.2 58796.2
-3921.91 5158.27 -25991.4 26965.4
-800.16 3596.3 -12903.7 13419.8 1 2
-5610.3 -2850.03 -33788.7 34369.8 1 1
-3121.75 1561.97 -13087.7 13545.7 -1 2
-5375.86 -4158.64 -23461.4 24426.3 -1 1
event 72
-15571.7 1418.6 55655.1 57892.7
6078.07 590.699 -627.733 6875.78
3935.66 1093.17 -1700.06 4425.59 1 2
-7177.7 2039.32 23665.6 24814.3 1 1
2142.41 -502.474 1072.33 2450.19 -1 2
-8393.98 -620.718 31989.4 33078.4 -1 1
event 73
-4357.79 -4872.78 -765.121 7273.93
-117.429 9517.54 -9207.83 13600.5
-882.23 4015.06 -5703.31 7031.22 1 2
-2270 -608.273 -910.152 2522.39 1 1
764.801 5502.48 -3504.52 6569.25 -1 2
-2087.79 -4264.51 145.031 4751.54 -1 1
event 74
-5016.51 629.939 7525.91 9580.83
-10526.1 5628.25 -1825.59 12465.9
-2571.59 1867.41 4270.16 5324.07 1 1
-2444.92 -1237.47 3255.75 4256.76 -1 1
-5689.37 4176.12 -2220.6 7399.4 1 2
-4836.72 1452.13 395.009 5066.53 -1 2
event 75
14293.4 2853.45 -54245.7 56255
11757 6536.94 33327 36072.6
10362.1 4438.76 26720.8 29001.6 1 2
4587.03 2143.64 -21828.8 22408.6 1 1
1394.86 2098.17 6606.14 7071.09 -1 2
9706.37 709.815 -32416.8 33846.4 -1 1
event 76
8920.86 -21969.4 5113.95 24453.6
-5476.39 -897.585 -12720.5 14219.6
5841.49 -16663.4 4851.43 18312.2 -1 1
3079.37 -5306 262.519 6141.36 1 1
-3329.51 338.594 -9966.21 10513.6 -1 2
-2146.88 -1236.18 -2754.27 3705.99 1 2
event 77
-2396.82 -5994.4 -21635.9 22789.9
6627.71 -4312.97 21173.2 22812.8
3399.47 -529.408 7200.36 7980.79 1 2
-2026.67 -1277.68 -6325.83 6765.14 1 1
3228.24 -3783.57 13972.8 14832 -1 2
-370.15 -4716.71 -15310.1 16024.8 -1 1
event 78
43.7192 4750.81 12370.6 13608.7
9496.37 -41.135 -2151.69 10217.8
-1230.1 2797.88 4845.41 5729.78 -1 1
1273.81 1952.93 7525.24 7878.9 1 1
5624.61 1043.25 -2362.65 6190.14 1 2
3871.76 -1084.38 210.955 4027.67 -1 2
event 79
7207.15 507.064 32582.9 33517.7
6081.47 5206.38 -10120.1 13270.2
2605.44 2433.75 -6938.84 7801.92 1 2
2650.63 1380.9 16900.6 17163.2 -1 1
4556.52 -873.84 15682.3 16354.6 1 1
3476.03 2772.64 -3181.25 5468.25 -1 2
event 80
62.4153 -7998.79 6832.51 10966.2
24765.9 28558.3 121543 127324
577.685 -4770.36 5807.4 7538.38 -1 1
-515.269 -3228.43 1025.1 3427.87 1 1
11987.1 15569.4 59578.3 62735 -1 2
12778.9 12989 61965.1 64588.7 1 2
event 81
-5550.95 -7692.84 -49683.2 50675.5
15407.8 1438.21 -12893.7 20476.9
-4639.03 -4471.69 -37026.7 37583.3 -1 1
-911.915 -3221.15 -12656.5 13092.2 1 1
8914.11 2514.45 -6638.03 11395.5 1 2
6493.66 -1076.24 -6255.72 9081.36 -1 2
event 82
18788 -526.037 8643.54 20918.1
7317.83 101.586 3654.07 8746.67
3400.76 1489.2 1124.26 3880.46 1 2
2417.2 -785.659 2050.07 3267.12 1 1
16370.8 259.621 6593.47 17650.9 -1 1
3917.07 -1387.62 2529.81 4866.21 -1 2
event 83
8050.69 2911.76 -2951.21 9570.36
3650.78 5752.97 1193.1 7578.92
4085.55 3102.1 -1762.54 5425.17 1 1
3965.14 -190.332 -1188.68 4145.19 -1 1
530.447 2338.07 1675.49 2926.84 -1 2
3120.33 3414.9 -482.387 4652.08 1 2
event 84
-5554.38 4003.32 -10897.6 13237.4
-2749.51 -8588.79 41313.7 42399.8
-1613.79 -3275.76 10672.6 11280.5 -1 2
-1167.46 2548.19 -3173.45 4235.35 -1 1
-1135.72 -5313.03 30641.1 31119.2 1 2
-4386.92 1455.13 -7724.17 9002.02 1 1
event 85
5816.34 -4793.01 -45092 45822.3
5909.5 -4741.7 -3299.98 8825.32
2449.55 -3896.1 -2152.54 5081.79 1 2
3780.44 -1131.33 -22998.6 23335 1 1
3459.95 -845.592 -1147.44 3743.53 -1 2
2035.9 -3661.68 -22093.3 22487.3 -1 1
event 86
1888.77 5841.06 -5897.89 9058.77
-8747.46 -2420.32 17808.8 20226.7
-409.064 3399.67 -2226.49 4085.77 1 1
2297.83 2441.39 -3671.4 4973 -1 1
-4798.82 -69.5355 7072.54 8547.83 1 2
-3948.64 -2350.79 10736.2 11678.9 -1 2
event 87
4961.59 -6420.72 -5925.32 10513.9
7284.38 8494.6 -9881.16 15246.3
3373.59 1820.48 -2692.67 4685.82 1 2
3007.49 -2282.58 -1269.43 3984.7 1 1
3910.79 6674.12 -7188.49 10560.5 -1 2
1954.1 -4138.13 -4655.89 6529.25 -1 1
event 88
2938.06 -5086.67 -8576.21 10846.6
7720.27 -4310.05 -1334.09 9463.12
2827.25 -3292.59 -251.539 4348.43 1 2
1902.86 -684.263 -3530.18 4069.69 1 1
4893.02 -1017.46 -1082.55 5114.68 -1 2
1035.2 -4402.4 -5046.03 6776.9 -1 1
event 89
-9039.6 -9136.78 29002.5 31873.7
-7085.3 -4627.68 2345.09 9311.69
-6291.26 -4782.55 15012.4 16965.8 1 1
-2748.34 -4354.23 13990.1 14907.9 -1 1
-2529.02 -292.482 1521.99 2968.01 -1 2
-4556.28 -4335.2 823.101 6343.68 1 2
event 90
-2704.22 -6476.22 -32226.8 33127.2
-13204.4 -7414.57 -25063.8 29446.8
43.2256 -3904.04 -16551.8 17006.3 1 1
-2747.45 -2572.18 -15675.1 16120.9 -1 1
-7872.82 -4405.71 -17725.6 19889.7 -1 2
-5331.56 -3008.86 -7338.15 9557.11 1 2
event 91
8637.43 -2790.31 -10556.7 14262.7
6532.04 6215.04 -38968.6 40117.8
5199.44 -63.0367 -5766.95 7765.76 -1 1
3437.99 -2727.27 -4789.74 6496.97 1 1
5746.17 4214.38 -33307.9 34061.8 -1 2
785.867 2000.66 -5660.73 6056.01 1 2
event 92
120.183 -9842.79 -1175.89 10386
5555.46 -2474.12 8299.27 10744.9
3107.24 -502.097 6227.38 6978.43 1 2
998.312 -4405.24 687.871 4570.24 -1 1
2448.22 -1972.02 2071.89 3766.51 -1 2
-878.13 -5437.54 -1863.77 5815.74 1 1
event 93
-11104.3 -6272.71 -2534.67 13366.8
9241.44 123.185 -17533.5 20060.7
7391.13 1083.27 -11875 14029.6 -1 2
-1967.58 -2632.3 -592.207 3340.99 1 1
-9136.77 -3640.42 -1942.47 10025.8 -1 1
1850.31 -960.081 -5658.47 6031.16 1 2
event 94
-8526.97 3800.53 -4812.15 10950
-7498.33 9265.31 -16255.6 20393.8
-5222.74 3738.7 -3919.26 7525.06 -1 1
-3304.24 61.8298 -892.888 3424.94 1 1
-6192.9 7639.01 -15062.7 17989 -1 2
-1305.42 1626.3 -1192.88 2404.81 1 2
event 95
-1789.06 -14586.7 529.889 15028.1
-4011.04 5317.07 1442.16 7485.37
-2937.06 3496.2 -522.871 4597.2 -1 2
40.6272 -3926.97 -1124.12 4086.26 -1 1
-1829.69 -10659.7 1654.01 10941.9 1 1
-1073.97 1820.88 1965.03 2888.17 1 2
event 96
-9651.12 -130.505 -53301.6 54256.9
-6168.03 7570.23 41218.4 42472.4
-3350.4 3544.05 14308 15116.7 1 2
-3363.91 -1514.88 -18444.4 18810.1 1 1
-6287.21 1384.37 -34857.1 35446.8 -1 1
-2817.63 4026.18 26910.4 27355.6 -1 2
event 97
-7139.86 -180.398 -1783.38 7986.3
-2742.06 -7647.02 24379.8 25883.6
-781.529 -3314.56 6016.09 6913.87 1 2
-2329.98 240.313 -2098.48 3146.63 -1 1
-4809.88 -420.711 315.091 4839.67 1 1
-1960.53 -4332.45 18363.7 18969.7 -1 2
event 98
3828.43 -3372 29.144 5968.17
13886 6873.77 41615.3 44514
3217.1 -1393.52 1044.07 3659.62 -1 1
611.334 -1978.48 -1014.93 2308.54 1 1
10335 4435.34 33309.5 35157 -1 2
3550.96 2438.42 8305.84 9357 1 2
event 99
-3856.34 -3602.65 -5059.5 7939.74
25114.3 6963.47 40537 48291.4
-3459.65 -1377.48 -2328.45 4393.11 -1 1
-396.693 -2225.17 -2731.05 3546.62 1 1
14954.9 5371.02 26317 30742.3 1 2
10159.4 1592.45 14220.1 17549.1 -1 2
event 100
-10872.8 -7852.84 35965.3 38509.5
-5257.52 4120.73 18641.3 20042.7
-3006.72 737.242 5828.05 6600.09 1 2
-1249.97 -2084.47 4706.87 5298.41 1 1
-9622.87 -5768.37 31258.4 33211.1 -1 1
-2250.8 3383.49 12813.2 13442.6 -1 2
event 101
-1756.35 -7067.22 -8010.54 11260.1
1231.99 -5761.07 7428.74 9974.16
-1823.39 -4002.7 -6479.6 7832.16 -1 1
67.0441 -3064.52 -1530.94 3427.93 1 1
1855.79 -1807.18 2286.22 3456.56 -1 2
-623.798 -3953.89 5142.52 6517.6 1 2
event 102
5899.91 -6069.17 6699.42 11230.1
7029.45 2711.61 21976.3 23437.5
3984.97 -111.158 11176.9 11867 1 2
2859.16 -873.934 2157.04 3688.16 1 1
3040.75 -5195.24 4542.38 7541.95 -1 1
3044.48 2822.77 10799.4 11570.5 -1 2
event 103
-10495.1 6028.75 -53154.4 54602.9
4249.12 4819.48 14043.7 15751.1
-6375.02 2601.37 -24398.9 25352.1 -1 1
-4120.08 3427.38 -28755.5 29250.8 1 1
3073.79 1922.34 4965.36 6148.95 -1 2
1175.33 2897.14 9078.29 9602.15 1 2
event 104
6086.84 4121.49 44175 44889.4
-20205.6 -11895.4 -31326.8 39252.1
-3196.5 -705.616 -3864.18 5065.43 -1 2
2641.3 53.7765 14347.1 14588.7 -1 1
-17009.1 -11189.8 -27462.6 34186.6 1 2
3445.54 4067.72 29827.8 30300.6 1 1
event 105
-14967.3 930.059 -3503.7 15708.3
7788.84 832.838 7809.27 11486.3
4701.87 -1019.4 4197.47 6385.67 -1 2
-4006.02 -1119.4 -935.111 4264.61 1 1
-10961.3 2049.46 -2568.59 11443.7 -1 1
3086.96 1852.24 3611.79 5100.62 1 2
event 106
-1952.72 9615.12 -5386.01 11613
-3474.51 -6964.47 18829.3 20608.5
-2815.59 -2667.28 10822.6 11497 -1 2
621.274 2203.64 -428.575 2331.71 1 1
-2573.99 7411.47 -4957.43 9281.3 -1 1
-658.924 -4297.19 8006.69 9111.44 1 2
event 107
-5421.86 2512.21 -13078.9 14709
-5604.49 9878.29 2581.21 12051.7
-2629.7 1639.97 -9960.64 10432.2 1 1
-2792.16 872.24 -3118.25 4276.87 -1 1
-4014.5 5967.56 182.907 7195.31 -1 2
-1589.99 3910.73 2398.3 4856.43 1 2
event 108
-10358.1 1299.39 -28952.9 30932.8
-3609.02 -5047.51 -2530.05 7382.08
-3470.91 -2358.24 -1139.1 4349.4 1 2
-4325.85 961.528 -16593.5 17175.3 1 1
-138.102 -2689.27 -1390.94 3032.68 -1 2
-6032.25 337.866 -12359.4 13757.5 -1 1
event 109
-6054.32 -2783.24 14615.5 16358.6
-2353.52 -7898.2 32760.4 33922.8
382.736 -3140.9 9133.04 9666.2 -1 2
-2470.56 -320.07 8470.27 8829.65 -1 1
-2736.26 -4757.3 23627.4 24256.6 1 2
-3583.76 -2463.17 6145.18 7528.94 1 1
event 110
-11763 -75.0219 42404.5 44114.7
4672.36 -3694.59 -2093.68 7032.47
-6095.78 1140.67 25512.3 26255.4 -1 1
-5667.18 -1215.69 16892.2 17859.3 1 1
2677.41 -2888.66 122.346 3941.95 -1 2
1994.95 -805.938 -2216.02 3090.52 1 2
event 111
-4671.91 14532.3 8335.06 17665.8
6500.44 -4142.36 34884.7 35860.1
-2202.27 11236.4 5925.6 12893.1 1 1
-2469.64 3295.9 2409.46 4772.71 -1 1
3523.83 -478.028 13572.4 14031 -1 2
2976.61 -3664.33 21312.3 21829.1 1 2
event 112
13100 8144.43 -34017.2 37479.3
2077.99 -7594.11 8920.53 12294.5
2696.2 -4332.27 4849.54 7040.4 -1 2
4422.55 1143.49 -9183.95 10257.8 -1 1
8677.41 7000.93 -24833.2 27221.5 1 1
-618.208 -3261.83 4070.99 5254.13 1 2
event 113
-6570.3 -2264.19 -33.9475 7608.39
862.789 -5728.83 2040.9 6878.96
-3325.83 -2675.36 478.5 4296.38 -1 1
-3244.47 411.17 -512.448 3312.01 1 1
-600.443 -1993.7 1965.63 2865.35 -1 2
1463.23 -3735.13 75.2745 4013.61 1 2
event 114
3933.34 -4177.28 11574.5 13284.6
-5595.93 4220.82 -5493.05 9637.98
-1481.86 3008.35 -3681.11 4980.74 -1 2
468.729 -2001.57 6177.49 6511.42 1 1
-4114.06 1212.47 -1811.95 4657.24 1 2
3464.61 -2175.7 5397 6773.19 -1 1
event 115
6056.73 6059.73 489.425 9123.34
5819.6 1125.17 -14737.6 16184
3147.37 -621.457 -5053.9 5987.08 1 2
3772.99 2080.35 -738.355 4372.6 1 1
2672.23 1746.63 -9683.74 10196.9 -1 2
2283.74 3979.38 1227.78 4750.74 -1 1
event 116
-3720.57 10243.5 -14182.3 18152.1
-12879.8 -2793.91 -43172.9 45245.9
-4573.15 -2514.43 -17336.5 18105.3 -1 2
-635.439 3127.34 -6463.39 7209.07 1 1
-8306.65 -279.482 -25836.5 27140.6 1 2
-3085.13 7116.13 -7718.89 10943 -1 1
event 117
-657.539 -5098.64 -23651.3 24400.8
9846.98 -4769.85 24347.9 26872.4
-1897.8 -2800.61 -13745 14155.6 -1 1
1240.26 -2298.03 -9906.22 10245.2 1 1
5334.17 -2427.52 16600.7 17605.1 -1 2
4512.81 -2342.33 7747.24 9267.3 1 2
event 118
-4966.49 -2705.37 1785.09 6690.42
-10647.7 468.917 -42066.6 43506.1
-2698.92 1461.2 -10615 11050.3 -1 2
-2311.96 325.211 1169.97 2613.6 -1 1
-7948.8 -992.286 -31451.6 32455.9 1 2
-2654.53 -3030.58 615.126 4076.82 1 1
event 119
1701.71 -7226.46 30774 31808
9135.61 -1962.36 3715.28 10521.7
2272.6 -4120.95 15021.2 15741.5 -1 1
-570.887 -3105.51 15752.8 16066.5 1 1
4425.56 -1734.67 3298.18 5786.52 -1 2
4710.05 -227.692 417.099 4735.14 1 2
