event 0
-12829.5 -12426.8 -33132 37766.9
5194.66 -1848.88 -2274.2 6720.54
-8714.21 -8736.27 -19753.7 23291.2 -1 1
-4115.3 -3690.52 -13378.4 14475.8 1 1
3142.79 -2562.19 -2018.34 4530.66 -1 2
2051.87 713.313 -255.863 2189.89 1 2
event 1
9689.65 9289.62 10233.7 17161.2
7500.93 -1010.68 18188.6 19942.4
5227.83 -1696.41 14925 15905.2 1 2
5775.37 3397.53 4973.83 8345.55 1 1
2273.1 685.728 3263.52 4037.19 -1 2
3914.28 5892.09 5259.83 8815.63 -1 1
event 2
2907.74 7082.76 6750.84 10667
7539.64 1982.28 23069.8 24547.5
2716.3 1379.46 13170.7 13518.9 -1 2
-407.031 2631.49 2712.96 3802.85 -1 1
3314.77 4451.27 4037.88 6864.2 1 1
4823.34 602.818 9899.09 11028.7 1 2
event 3
-3863.04 -4968.71 -10063 12266.5
6970.67 4723.48 35306.7 36428.8
1952.26 2646.09 9414.31 9972.64 1 2
-2704.04 -1021.17 -3893.81 4850.52 1 1
5018.41 2077.39 25892.4 26456.2 -1 2
-1159 -3947.54 -6169.23 7415.99 -1 1
event 4
-4602.54 1437.21 -6958.94 9014.76
-8590.24 -13445.6 -7446.24 17877.7
-3229.95 -583.662 -3891.26 5091.79 -1 1
-1372.58 2020.87 -3067.68 3922.97 1 1
-4989.33 -6474.15 -2293.3 8489.9 1 2
-3600.91 -6971.41 -5152.94 9387.81 -1 2
event 5
-5579.49 -11177.4 8310.12 15320.4
-8642.82 7627.71 3069 12324.5
-3120.36 4773.1 1157.17 5819.74 1 2
-1427.21 -2646.16 3707.06 4774.16 -1 1
-4152.28 -8531.27 4603.06 10546.2 1 1
-5522.45 2854.61 1911.84 6504.81 -1 2
event 6
12037.4 -27834.5 24326.5 39000.4
-441.613 -5269.67 30001.5 30620.9
6828.5 -16515.6 12402 21753.5 -1 1
5208.88 -11318.9 11924.5 17246.9 1 1
-1766 -2669.7 16354.8 16665.5 -1 2
1324.38 -2599.96 13646.6 13955.5 1 2
event 7
8403.71 -8831.41 -13558.4 18494.2
-11604.4 711.224 19356.2 22790.8
5267.65 -6318.93 -7001.24 10803 1 1
3136.06 -2512.48 -6557.13 7691.2 -1 1
-3714.65 220.107 3683.28 5236.87 -1 2
-7889.72 491.117 15673 17554 1 2
event 8
68.9094 5990.39 -3564.86 7628.08
12173.6 -3354.05 -15120.9 20041.9
-1343.45 4346.3 -2706.43 5294.44 1 1
1412.36 1644.09 -858.431 2333.64 -1 1
6985.54 -1002.57 -5881.77 9187.46 -1 2
5188.08 -2351.48 -9239.13 10854.4 1 2
