event 0
3139.94 14386.4 21946.9 26609.9
3084.31 -4677.98 1870.86 6669.89
378.714 8345.08 13289.5 15697.3 -1 1
2761.23 6041.37 8657.37 10912.6 1 1
2611.59 -2696.7 2527.9 4527.03 -1 2
472.719 -1981.28 -657.041 2142.85 1 2
event 1
7333.63 -7739.67 2697.53 11426
5221.14 7435.91 -33751.4 35089.9
4538.97 4819.16 -19776.9 20855.8 1 2
4511.21 -2947.43 390.473 5403.89 -1 1
682.166 2616.75 -13974.6 14234.2 -1 2
2822.43 -4792.24 2307.05 6022.07 1 1
event 2
-8350.44 -16978.5 -31403.5 36793.5
1790.35 4365.05 5075.24 7589.99
-6115.36 -12990 -26116.9 29803.4 1 1
-2235.08 -3988.46 -5286.52 6990.13 -1 1
-364.584 3137.2 2914.64 4298.98 -1 2
2154.94 1227.85 2160.59 3291 1 2
event 3
-8096.46 -3616.13 -1060.17 9452.28
-1397.56 -12106.6 -17919.3 21891
-4553.14 -2362.21 -2111.35 5547.98 -1 1
-3543.31 -1253.93 1051.18 3904.3 1 1
-2355.82 -9626.06 -14296.4 17395.7 -1 2
958.262 -2480.58 -3622.85 4495.3 1 2
event 4
5363.44 623.329 -6785.01 9207.73
9767.24 -10708.2 36003 38934.2
3849.52 -842.626 -5392.08 6679.41 -1 1
1513.92 1465.96 -1392.93 2528.32 1 1
6216.28 -4718.76 20645.4 22071.5 -1 2
3550.96 -5989.4 15357.6 16862.7 1 2
event 5
-1052.56 -7014.32 -12206.4 14453.3
-3307.79 -7851.41 25393.7 26963.3
-226.825 -4385.85 13519.2 14215 1 2
-1588.83 -2317.89 -6209.63 6816.72 1 1
536.277 -4696.43 -5996.81 7636.55 -1 1
-3080.97 -3465.57 11874.6 12748.3 -1 2
event 6
9666.66 -1495.32 277.401 10263.9
1661.75 10004.2 -48455.8 49602.4
2101.44 4426.44 -26154.1 26609.4 -1 2
2086.93 -1587.84 -391.363 2653.45 -1 1
7579.73 92.5133 668.764 7610.47 1 1
-439.681 5577.73 -22301.7 22993 1 2
event 7
4848.74 2694.12 -8396.12 10528.7
-8531.02 4047.29 -142.465 9938.36
3787.45 741.68 -3773.7 5398.78 -1 1
1061.3 1952.44 -4622.43 5129.95 1 1
-4080.58 2988.42 -1289.89 5220.81 1 2
-4450.43 1058.86 1147.42 4717.55 -1 2
event 8
1911.5 20520.6 102884 104974
-11637.7 2883.57 -1788.64 12511.7
2627.43 16797.8 81282.1 83041.3 -1 1
-715.934 3722.82 21602.3 21932.7 1 1
-2199.72 1437.98 -1341.72 2952.61 -1 2
-9437.97 1445.6 -446.915 9559.07 1 2
event 9
7616.96 793.818 1981.64 8495.06
3195.28 -7081.6 762.35 8398.27
4630.54 -565.364 10.9853 4666.13 -1 1
2986.42 1359.18 1970.65 3828.93 1 1
2738.98 -5028.16 1862.58 6022.02 -1 2
456.294 -2053.45 -1100.23 2376.24 1 2
event 10
2821.89 12301.2 22684.1 26142.7
8160 2542.8 -21845.9 23661.9
3107.12 2342.64 -7492.25 8443.17 1 2
-347.526 2882.31 3600.84 4626.63 -1 1
3169.41 9418.87 19083.2 21516.1 1 1
5052.89 200.158 -14353.6 15218.7 -1 2
event 11
-7187.58 -489.802 21529.6 22913.2
2523.53 -11874.1 -10983.5 16661
1672.68 -2813.07 -4114.01 5258.09 -1 2
-2771.66 133.87 12936.7 13231.3 -1 1
850.85 -9060.98 -6869.46 11402.9 1 2
-4415.92 -623.672 8592.96 9681.91 1 1
event 12
-462.345 -5316.7 1067.64 6261.92
11744.4 -5960.62 -32385.3 35097.8
1183.97 -2970.05 1129.85 3392.74 1 1
-1646.31 -2346.66 -62.2124 2869.18 -1 1
6403.02 -4718.6 -21117.2 22565.7 -1 2
5341.42 -1242.02 -11268 12532.1 1 2
event 13
-10989.7 -4458.78 3292.79 12692
-6103.2 8770.06 -45123.3 46474.4
-8170.05 -3150.17 970.961 8810.63 -1 1
-2819.61 -1308.62 2321.83 3881.33 1 1
-2645.7 1493.11 -10954.7 11368.6 -1 2
-3457.5 7276.95 -34168.6 35105.8 1 2
event 14
4385.93 1595.9 20773.1 21515
11764.8 -2576.23 -28219.1 30837.5
2268.33 2393.43 11082.5 11563.2 1 1
2117.6 -797.529 9690.55 9951.8 -1 1
7280.21 -1294.32 -20779 22055.7 1 2
4484.55 -1281.91 -7440.09 8781.84 -1 2
event 15
13079.5 -814.507 -12030.6 18057.2
205.384 5430.73 665.101 6290.11
-967.33 3749.23 -538.19 3910.66 1 2
5462.92 -1250.86 -6771.61 8790.56 -1 1
1172.71 1681.5 1203.29 2379.45 -1 2
7616.54 436.356 -5259.01 9266.63 1 1
event 16
-7153.41 -4055.56 -12477.8 15261.2
-4873.85 -15370.7 34495.5 38204
-3262.81 -5499.22 12502.6 14043.2 -1 2
-1093.35 -1694.29 -1556.15 2549.28 1 1
-1611.04 -9871.43 21993 24160.8 1 2
-6060.07 -2361.27 -10921.7 12712 -1 1
event 17
3190.02 8940.85 -25497.8 27383.3
-4880.31 -5501.67 7113.55 10690.1
-4002.73 -2271.14 4548.64 6471.57 -1 2
2322.96 3667.61 -14807.8 15431.5 -1 1
867.065 5273.24 -10690 11951.8 1 1
-877.58 -3230.53 2564.9 4218.58 1 2
event 18
1789.24 6381.28 -10145.5 12507.7
4127.82 -12873.6 514.895 13878.9
2570.94 4079.51 -7465.18 8887.76 1 1
-781.704 2301.77 -2680.27 3619.98 -1 1
1689.69 -7371.86 -1109.92 7644.77 1 2
2438.13 -5501.76 1624.81 6234.18 -1 2
event 19
11672 10539.5 -54236.7 56555.6
4314.02 2263.79 -12609.1 13867.9
9600.91 6870.84 -39198.6 40938.1 1 1
2071.07 3668.66 -15038.2 15617.5 -1 1
3681.5 318.083 -8744.32 9493.63 -1 2
632.511 1945.71 -3864.82 4374.23 1 2
event 20
8166.07 -8808.62 50554.7 52054.2
2391.85 -4776.45 -4316.34 7533.71
4555.54 -6686.25 36627.2 37510.2 1 1
3610.53 -2122.37 13927.5 14544 -1 1
2446.68 -1990.99 -3299.72 4566.14 -1 2
-54.8358 -2785.45 -1016.62 2967.57 1 2
event 21
-2940.17 8859.72 537.423 9849.81
-2984.76 8145.77 8610.05 12608.9
-668.953 3154.64 1346.88 3496.35 1 2
-2013.05 2113.01 -492.095 2961.51 -1 1
-927.113 6746.71 1029.52 6888.3 1 1
-2315.81 4991.13 7263.17 9112.58 -1 2
event 22
5314.8 -1755.91 -3818.38 7449.89
13036.5 -7185.47 -80111.1 81541.2
3394.76 -2552.31 -2042.94 4714.18 1 1
1920.04 796.4 -1775.43 2735.71 -1 1
10101.2 -4000.46 -56163.3 57204.6 -1 2
2935.29 -3185.01 -23947.8 24336.6 1 2
event 23
6404.31 7913.04 -5616.34 12031.9
-3569.31 5236.99 3387.48 7825.16
3239.35 4403.53 -1276.32 5614.68 1 1
3164.97 3509.51 -4340.02 6417.21 -1 1
-2656.91 2072.01 2989.55 4505.65 -1 2
-912.407 3164.99 397.937 3319.51 1 2
event 24
9776.63 4823.06 17782.4 21086.7
-2858.53 3181.69 -20020.4 20705.1
-2870.24 928.806 -10940.7 11349.5 1 2
5410.22 1001.66 7938.26 9659.24 -1 1
11.7175 2252.88 -9079.76 9355.68 -1 2
4366.41 3821.4 9844.09 11427.4 1 1
event 25
-9624.45 -13185.9 -8379.87 18609.5
-3905.95 6027.66 8117.21 11448.3
-3723.28 3950.52 7522.71 9277.49 -1 2
-2529.6 -2416.26 -609.408 3552.43 -1 1
-7094.85 -10769.7 -7770.47 15057 1 1
-182.669 2077.14 594.497 2170.82 1 2
event 26
11125.4 8680.4 532.33 14456.8
-2118.53 -4619.2 5367.01 8259.41
-52.857 -3976.62 4253.42 5824.01 1 2
4804.27 1875.27 181.416 5161.56 -1 1
-2065.67 -642.584 1113.6 2435.4 -1 2
6321.17 6805.13 350.913 9295.23 1 1
event 27
828.577 -10641.3 -124.031 11114.4
3528.97 -5900.36 -19390.2 20804.8
865.204 -5592.32 1416.59 5834.42 -1 1
-36.6266 -5048.96 -1540.63 5279.96 1 1
1487.44 -3813.87 -14864.5 15418.3 -1 2
2041.53 -2086.49 -4525.71 5386.51 1 2
event 28
5516.5 1151.86 1996.85 6733.27
-17907.6 -10887.6 -26335.5 33799
3132.22 -681.219 1888.68 3721.98 -1 1
2384.28 1833.08 108.167 3011.29 1 1
-9925.44 -4241.53 -13107.9 16980.4 -1 2
-7982.13 -6646.08 -13227.6 16818.6 1 2
event 29
-12335.4 -5055 -55458.6 57122.3
-9505.7 -2262.4 -9641.35 14072.1
-3791.69 -1898.44 -2519.81 4933.72 1 2
-1612.03 -1345.2 -5424.4 5817.51 1 1
-10723.4 -3709.8 -50034.2 51304.8 -1 1
-5714.01 -363.963 -7121.54 9138.37 -1 2
event 30
8253.68 1503.96 16959.4 19172.7
5020.79 -4464.53 8389.21 11185.3
4135.5 1709.61 11423.3 12269 1 1
4118.18 -205.654 5536.11 6903.72 -1 1
2950.32 -3901.25 7270.06 8762.94 -1 2
2070.46 -563.276 1119.15 2422.35 1 2
event 31
-5544.3 9454.19 33711.7 35583.6
-11871.8 3100.38 9980.32 16116.7
-5462.98 1324.66 2639.77 6211.15 1 2
-3014.11 2279.85 11303.5 11919 1 1
-2530.2 7174.34 22408.3 23664.6 -1 1
-6408.78 1775.73 7340.56 9905.58 -1 2
event 32
-6730.66 2118.73 -20564.1 21960.5
1638.18 -8894.68 15934.7 18582.4
-4293.87 630.375 -8286.16 9354.48 -1 1
-2436.79 1488.36 -12277.9 12606 1 1
1957.31 -4294.91 10067.4 11119.4 1 2
-319.128 -4599.78 5867.35 7463.02 -1 2
event 33
5240.45 -1599.48 -8140.84 10290
12405.4 10690.6 -22992.6 28397.8
4118.71 123.718 -4463.81 6075.84 -1 1
1121.74 -1723.2 -3677.03 4214.19 1 1
10141.9 7158.94 -18157.7 21995.9 -1 2
2263.47 3531.63 -4835 6401.88 1 2
event 34
-8122.7 -8947.37 58660.1 59971.9
9552.28 -184.392 -22616.8 24746.5
6351.8 529.005 -17898 18999.3 -1 2
-1662.65 -3797.68 22605 22982.2 1 1
-6460.05 -5149.7 36055.1 36989.7 -1 1
3200.49 -713.397 -4718.85 5747.24 1 2
event 35
-1709.47 10297.4 9764.58 14625.3
6947.74 -790.321 -9861.62 12479.5
3335.48 -1879.72 -4305.02 5762.21 1 2
-301.279 4352.4 2158.48 4868.72 1 1
3612.27 1089.39 -5556.6 6717.31 -1 2
-1408.19 5945.04 7606.1 9756.56 -1 1
event 36
-8961.61 11384.8 39326.4 42024.7
6799.17 -3315.77 -19974.2 21582
3978.83 -1665.72 -7180.04 8376.75 1 2
-3745.4 2551.03 10978.8 11877.7 -1 1
2820.34 -1650.05 -12794.2 13205.3 -1 2
-5216.2 8833.74 28347.6 30147 1 1
event 37
-4971.49 1651.99 8014.56 10063.2
-931.931 -11103.5 1150.51 11622
-3267.26 281.54 2484.74 4115.74 -1 1
-1704.22 1370.45 5529.82 5947.49 1 1
-1122.53 -6570.1 -736.381 6706.69 1 2
190.596 -4533.44 1886.89 4915.27 -1 2
event 38
-5757.46 4596.94 6702.75 10430.6
478.57 9282.46 2868.21 10208.2
-2884.13 3103.31 5568.55 6997.76 1 1
-2873.33 1493.63 1134.2 3432.86 -1 1
-676.016 6528.38 2999.83 7217.12 -1 2
1154.59 2754.08 -131.623 2991.07 1 2
event 39
-1362.61 12121.3 39840.1 41780.5
-5186.47 -1932.21 -16975.5 18121.5
585.806 7467.71 25547.5 26623.2 -1 1
-1948.42 4653.61 14292.6 15157.3 1 1
-2692.42 -2225.12 -6863.46 7701.85 -1 2
-2494.05 292.908 -10112 10419.7 1 2
event 40
1103.98 -8857.22 -33055.8 34379.5
4904 -6575.91 -14549.8 16987.6
-337.018 -5501.61 -15601.5 16546.8 -1 1
1441 -3355.62 -17454.4 17832.6 1 1
2960.6 -1499.96 -5942.36 6807.19 -1 2
1943.4 -5075.94 -8607.44 10180.4 1 2
event 41
877.65 11259.9 12053.3 16805.6
-4854.69 3278.12 -23899.8 24801.3
-3764.26 909.194 -11672.6 12298.7 1 2
737.11 4069.79 2452.53 4809.64 -1 1
-1090.43 2368.93 -12227.2 12502.7 -1 2
140.54 7190.06 9600.77 11995.9 1 1
event 42
-2671.59 -6761.83 3422.63 8611.93
8220.63 -456.443 -16261 18487.8
3971.15 -60.2758 -11101.3 11790.8 1 2
-2138.73 -1650.57 688.493 2789.94 1 1
-532.856 -5111.26 2734.14 5821.99 -1 1
4249.48 -396.168 -5159.7 6696.92 -1 2
event 43
-10084.3 -2844.62 28108.7 30157.5
1278.29 6008.93 -9564.76 11782.1
-615.613 3984.65 -6486.62 7638.31 -1 2
-2448.14 -2082.86 9439.85 9972.64 1 1
-7636.21 -761.765 18668.9 20184.9 -1 1
1893.9 2024.28 -3078.14 4143.75 1 2
event 44
-11842.1 877.49 7943.25 14618.2
-8535.7 -12815.2 53839.6 56083.7
-4083.02 -4221.51 16675.6 17679.9 1 2
-4710.61 -989.187 2310.8 5340.35 1 1
-4452.68 -8593.68 37164 38403.8 -1 2
-7131.46 1866.68 5632.45 9277.81 -1 1
event 45
554.343 -9323.3 -30074.1 31642.9
-2846.29 -6480.2 16755.8 18451.1
-1156.2 -4578.39 13594.9 14392 -1 2
1738.11 -3751.42 -13231.7 13863 -1 1
-1183.76 -5571.87 -16842.3 17779.8 1 1
-1690.08 -1901.81 3160.91 4059.04 1 2
event 46
8484.08 -6324.04 27796.3 29903.2
-9712.75 -6096.62 12457.8 17213.2
-4330.78 -1262.36 3575.74 5757.29 1 2
2555.34 -1802.04 4814.4 5741.67 -1 1
5928.73 -4521.99 22981.9 24161.5 1 1
-5381.96 -4834.26 8882.05 11455.9 -1 2
event 47
-2635.59 -4698 -16502.7 17633.7
7001.75 31032.5 22090.5 38853.8
-708.896 -4049.22 -12184.3 12859.5 -1 1
-1926.69 -648.785 -4318.44 4774.22 1 1
4760.81 24254.7 15780.6 29325.6 -1 2
2240.94 6777.82 6309.95 9528.24 1 2
event 48
4742.1 3149.15 7683.69 10051.6
14572.5 10589.7 78901.1 80990.6
1631.14 2744.22 4939.16 5882 -1 1
3110.96 404.932 2744.53 4169.61 1 1
9595.07 8042.61 49237.5 50804.4 -1 2
4977.39 2547.13 29663.6 30186.2 1 2
event 49
-1197.31 7544.3 10005.4 12963.3
-7199.65 3905.09 32325.5 33490.5
-2119.79 4049.2 6318.05 7798.61 -1 1
922.473 3495.1 3687.35 5164.72 1 1
-5783.15 2156.37 19050.4 20025.6 -1 2
-1416.5 1748.72 13275.1 13464.9 1 2
