event 0
-3774.19 3103.94 2550.74 6322.65
6316.54 9410.24 3260.77 12193.2
-1508.56 3153.3 1798.66 3932.61 1 1
-2265.63 -49.3643 752.075 2390.04 -1 1
4916.88 4700.01 1451.24 6955.8 1 2
1399.66 4710.23 1809.52 5237.45 -1 2
event 1
-4976.55 -5514.22 -3939.93 8960.29
8298.93 -3325.5 -19625.1 21786.9
3514.78 -2089.73 -12198.4 12865.9 1 2
-3299.41 -1672.35 -2721.48 4593.53 -1 1
4784.14 -1235.76 -7426.8 8920.96 -1 2
-1677.14 -3841.87 -1218.45 4366.76 1 1
event 2
-8372.72 1817.37 -20612.5 22536
18039.3 -1686.57 -5625.61 19222.2
3237.45 -1429.14 -619.001 3594.14 1 2
-2875.4 -807.93 -5965.65 6672.4 1 1
14801.8 -257.433 -5006.61 15628.1 -1 2
-5497.32 2625.3 -14646.9 15863.6 -1 1
event 3
6424.09 -2785.36 4050.47 8661.68
-2083.05 -6943.28 -4864.51 9262.97
-2278.03 -2568.97 -2744.85 4397.09 1 2
1583.83 -2290.03 1354.75 3098.26 -1 1
4840.26 -495.332 2695.72 5563.42 1 1
194.983 -4374.32 -2119.66 4865.88 -1 2
event 4
-9286.66 -78.9187 -6477.08 11738.5
1046.92 4883.22 -6849.07 9024.57
1819.93 2607.5 -2468.58 4026.94 1 2
-4620.93 431.04 -4986.38 6812.78 1 1
-773.003 2275.72 -4380.48 4997.62 -1 2
-4665.73 -509.958 -1490.7 4925.69 -1 1
