event 0
641.448 -7583.69 26309.9 27563.1
853.691 6817.04 28700.8 29673.7
1707.05 -4622.22 13490.2 14362.3 1 1
-1065.61 -2961.48 12819.8 13200.9 -1 1
1922.89 5057.02 18964.2 19721.2 -1 2
-1069.2 1760.03 9736.54 9952.5 1 2
event 1
3325.99 -3251.38 -9863.7 11336.5
-23469 3485.94 -6114.98 24696.8
3193.98 -1095.48 -6712.8 7514.94 1 1
132.018 -2155.89 -3150.9 3821.6 -1 1
-16142 3575.07 -3384.9 16876.4 1 2
-7327.02 -89.133 -2730.08 7820.34 -1 2
event 2
-7334.94 7988.32 5656.41 12617.5
7834.51 2508.25 -301.348 8794.99
5309.63 923.023 1096.31 5500.66 -1 2
-1201.51 3231.31 2386.32 4194.12 1 1
-6133.43 4757.01 3270.1 8423.35 -1 1
2524.88 1585.23 -1397.66 3294.33 1 2
event 3
-2999.7 -5948.99 3818.73 8280.26
-1720.38 -9796.21 -710.095 10441.3
800.491 -3393.26 228.46 3495.48 1 2
-1746.83 -1395.34 2541.59 3386.63 1 1
-2520.87 -6402.95 -938.555 6945.84 -1 2
-1252.88 -4553.65 1277.14 4893.64 -1 1
event 4
7112.23 -6898.13 -9426.96 14022.4
-10617.5 5672.83 1998.06 12589.5
-4744.2 2101.23 2368.51 5704.7 -1 2
3137.55 -1662.6 -1899.9 4028.55 1 1
-5873.32 3571.6 -370.449 6884.81 1 2
3974.68 -5235.53 -7527.06 9993.83 -1 1
event 5
-664.775 -7932.06 4391.15 9603.87
-7069.02 -4087.11 3356.83 9356.02
-3972.01 -1195.15 359.782 4164.84 1 2
-195.369 -2130.81 -252.826 2157.22 1 1
-469.406 -5801.26 4643.97 7446.65 -1 1
-3097.01 -2891.96 2997.05 5191.18 -1 2
event 6
10502 901.169 51122 52289.2
-876.775 6983.29 -6395.71 10001.6
-1791.52 2680.74 -2080.25 3838.56 1 2
2696.82 645.25 8052.07 8516.82 1 1
7805.22 255.919 43070 43772.4 -1 1
914.742 4302.54 -4315.46 6163.04 -1 2
event 7
6428.05 9911.18 -27177 29794.8
-1336.43 -6585.71 8875.62 11555.3
4510.78 5091.78 -18151.6 19384.7 -1 1
1917.27 4819.4 -9025.34 10410.1 1 1
682.664 -4113.49 4469.44 6113.42 -1 2
-2019.09 -2472.22 4406.18 5441.89 1 2
event 8
-5738.68 -8631.44 3573.95 11392.9
-7929.14 6675.97 -6235.61 12486.5
-3040.33 4343.04 -2248.13 5759.42 -1 2
-2160.76 -3240.52 2959.32 4892.71 -1 1
-3577.92 -5390.93 614.629 6500.2 1 1
-4888.8 2332.93 -3987.48 6727.12 1 2
event 9
5948.59 -1797.46 5014.43 8564.58
-4408.7 9184.36 43440 44726
3442.32 -2416.39 3947.97 5769.42 1 1
2506.26 618.936 1066.46 2795.16 -1 1
-2627.9 4430.23 15660.8 16486.5 -1 2
-1780.8 4754.13 27779.2 28239.5 1 2
event 10
3162.12 6662.82 -17354.2 19108.9
-211.448 6960.14 22410.1 23670.5
-1603.72 2749.22 9408.41 9932.74 -1 2
2311.08 1707.9 -7781.57 8295.9 1 1
851.042 4954.92 -9572.61 10813 -1 1
1392.27 4210.92 13001.7 13737.7 1 2
event 11
10456.7 -3076.26 -50283.8 51544.7
5592.81 5679.17 -7204.62 11181.7
3065.56 1261.69 -1867.93 3806.55 1 2
2650.14 442.352 -14792.7 15035.1 -1 1
7806.56 -3518.61 -35491.1 36509.6 1 1
2527.25 4417.48 -5336.69 7375.13 -1 2
event 12
-2870.87 7228.65 -10162.7 13166.8
-15392.8 10103.1 18189.3 26066.3
-2465.24 2846.94 2770.36 4676.38 1 2
-2292.41 2150.63 -4959.12 5872.34 1 1
-12927.6 7256.11 15419 21389.9 -1 2
-578.466 5078.02 -5203.53 7294.43 -1 1
