event 0
11559.3 -4769.74 -8555.51 15464.7
6241.5 -3789.82 2026.72 8186.45
5431.47 -1717.5 1605.94 5919.53 -1 2
4463.81 -2189.19 -5220.89 7210.2 1 1
7095.48 -2580.55 -3334.63 8254.45 -1 1
810.029 -2072.32 420.779 2266.91 1 2
event 1
-732.829 7522.51 10459.6 13271
2715.26 -7401.9 -1410.83 8587.05
-278.657 -3177.14 98.1142 3192.59 1 2
1123.71 1902.23 3421.78 4074.43 -1 1
-1856.54 5620.28 7037.83 9196.55 1 1
2993.91 -4224.76 -1508.95 5394.46 -1 2
event 2
-5249.4 4453.58 23901 25064.8
4877.25 -11607.5 -7602.64 15030.4
-3166.52 3127.52 19646 20144.1 1 1
-2082.89 1326.05 4255.03 4920.7 -1 1
4190.55 -6037.95 -4159.22 8445.59 -1 2
686.701 -5569.54 -3443.41 6584.8 1 2
event 3
784.097 -24004.8 10450.2 26375.1
-3845.28 2134.29 10450.6 11753.6
1757.27 -19537.5 7983.96 21179.1 1 1
-973.176 -4467.34 2466.26 5195.94 -1 1
-1909 2640.85 5247.96 6178.24 -1 2
-1936.28 -506.558 5202.67 5575.37 1 2
event 4
-3087.28 -3472.02 7170.18 9087.82
2594.12 -11976.6 23537.1 26716.2
-3071.98 -1445.16 3399.34 4805.44 -1 1
-15.2949 -2026.86 3770.84 4282.38 1 1
1562.91 -7686.54 11731.6 14112.7 -1 2
1031.2 -4290.1 11805.4 12603.5 1 2
