event 0
-6604.87 -12234.4 -27793.9 31231.3
-4910.06 -198.065 -15395 16454.3
-5271.87 -6717.39 -15732.1 17900.4 -1 1
-1333 -5516.97 -12061.8 13330.9 1 1
-3291.84 1350.15 -9050.14 9724.98 -1 2
-1618.22 -1548.22 -6344.89 6729.37 1 2
event 1
9984.18 -17071.6 86088.8 88385.5
-4003.88 -9345.47 3790.54 11284
-2387.96 -6473.33 4007.2 7979.67 1 2
4193.78 -7933.34 45698.2 46571 -1 1
-1615.92 -2872.14 -216.656 3304.32 -1 2
5790.39 -9138.24 40390.6 41814.5 1 1
event 2
7320.01 3615.04 13128 15766.6
840.623 11921.7 4334.79 13084.9
3166.89 3199.56 7678.97 8901.92 -1 1
4153.12 415.485 5449.02 6864.7 1 1
1565.96 6990.85 3687.3 8058.01 1 2
-725.333 4930.83 647.487 5026.89 -1 2
