event 0
-24.2443 -6311.05 -5428.41 8881.9
-5703.01 -7006.25 4826.06 10700.2
-1379.17 -3507.01 -3851.9 5389.77 -1 1
1354.93 -2804.04 -1576.51 3492.14 1 1
-1973.28 -4798.14 3015.27 6001.58 1 2
-3729.73 -2208.12 1810.78 4698.59 -1 2
event 1
975.438 6310.71 -2181.77 7424.88
5732.15 -5495 4087.1 9452.34
1773.05 -3215.08 640.62 3728.54 -1 2
-820.379 2105.71 194.65 2270.7 1 1
1795.82 4205 -2376.42 5154.17 -1 1
3959.1 -2279.92 3446.48 5723.8 1 2
event 2
-6451.15 4271.78 5955.24 10243.1
-771.462 -9116.17 3412.14 10243.7
-3259.19 2357.68 4963.83 6389.97 -1 1
-3191.96 1914.1 991.417 3853.11 1 1
304.384 -6106.19 907.868 6181.71 -1 2
-1075.85 -3009.99 2504.27 4062.02 1 2
event 3
-4059.05 2350.45 12707.2 13894.8
2046.89 17074.9 36733.6 40677.8
-1970.64 2329.12 4589.77 5512.3 1 1
-2088.4 21.3229 8117.44 8382.48 -1 1
-101.71 10970.4 21937.6 24528.1 -1 2
2148.6 6104.59 14795.9 16149.7 1 2
event 4
8296.48 -6767.47 54628.4 55789.7
2937.58 -7415 179.461 8557.7
1126.06 -3508.83 -1437.72 3957.03 -1 2
2323.26 -52.626 12185.9 12405.9 -1 1
5973.22 -6714.85 42442.5 43383.7 1 1
1811.52 -3906.17 1617.18 4600.67 1 2
event 5
14819.4 6669.37 25538.2 30494
-9244.99 -575.56 2510.32 10084.4
-6396.65 -1287.5 542.423 6548.29 1 2
5528.08 3932.02 8295.57 10716.7 -1 1
-2848.34 711.937 1967.9 3536.06 -1 2
9291.3 2737.35 17242.6 19777.2 1 1
event 6
-7995.69 -3698.79 6334.42 11284
2523.57 -8465.29 -1215 9439.09
1260.93 -5067.24 810.265 5285.32 1 2
-3525.28 -1427.95 4616.97 5982.82 -1 1
1262.65 -3398.04 -2025.26 4153.77 -1 2
-4470.41 -2270.84 1717.45 5301.14 1 1
event 7
7790.1 8664.42 12072 17061.1
-6700.57 -1451.88 -4292.98 8661.74
-3605.95 -174.482 -574.579 3657.13 1 2
3617.39 3157.82 7001.21 8490.31 1 1
-3094.62 -1277.4 -3718.4 5004.6 -1 2
4172.71 5506.6 5070.81 8570.79 -1 1
event 8
-1581.94 -5885.78 -1143.11 6931.32
-9759.61 1124.71 -12416.1 16132.7
-3662.67 596.263 -2486.11 4467.95 -1 2
-1980.22 -1713.74 -163.441 2626.03 1 1
-6096.94 528.446 -9929.95 11664.8 1 2
398.281 -4172.05 -979.669 4305.29 -1 1
