event 0
5180.38 -6431.44 40.2959 8820.08
-1965.82 -7182.07 20027.7 21590.4
-937.984 -4153.44 15297.9 15879.8 -1 2
1154.93 -3806.01 403.945 3999.23 -1 1
4025.45 -2625.43 -363.649 4820.84 1 1
-1027.84 -3028.63 4729.79 5710.62 1 2
event 1
5012.65 5970.03 780.57 8424.25
4812.47 -4327.21 29509.9 30369.7
4200.98 -1921.94 21126.5 21625.9 1 2
3247.63 1908.73 -528.429 3805.36 1 1
611.49 -2405.27 8383.45 8743.72 -1 2
1765.02 4061.3 1309 4618.89 -1 1
event 2
-8573 454 -1128.47 9196.02
8983.7 -1860.05 3022.37 10338.7
-4766.26 -441.032 767.33 4848.89 -1 1
-3806.74 895.032 -1895.8 4347.13 1 1
7207.38 -230.501 1190.97 7309.52 -1 2
1776.32 -1629.55 1831.4 3029.18 1 2
event 3
-2976.32 7036.32 1732.65 8423.82
6981.93 6063.15 12280.6 15681.6
2179.17 2547.58 2322.18 4079.54 -1 2
-138.958 3284.76 -290.882 3302.23 1 1
4802.76 3515.57 9958.43 11602 1 2
-2837.36 3751.56 2023.53 5121.59 -1 1
event 4
-1917.89 12163.1 -1545.04 12790.5
22397.7 -3640.59 27194.2 35553.2
6572.87 -561.374 10023.6 12000.1 1 2
-728.031 5481.68 844.204 5594.88 -1 1
15824.9 -3079.22 17170.6 23553.1 -1 2
-1189.86 6681.43 -2389.24 7195.62 1 1
event 5
-2594.63 7713.27 4988.34 10035
-1937.66 7141.51 -26.5686 8021.7
-1821.52 5080.51 -1353.7 5565.35 1 2
-1328.74 2953.94 333.889 3257.91 1 1
-116.146 2061.01 1327.13 2456.35 -1 2
-1265.89 4759.33 4654.46 6777.08 -1 1
event 6
8406.73 15289.8 5103.34 18441.5
6398.62 -4502.47 -22994.3 24485.6
7979.52 12311.3 4687.01 15401.9 -1 1
427.211 2978.52 416.337 3039.5 1 1
1912.4 -610.339 -9969.47 10170.1 -1 2
4486.21 -3892.13 -13024.8 14315.4 1 2
event 7
2141.61 -13078 -5723.01 14763.6
3538.84 -4497.2 -8235.49 10495.8
2719.98 -7134.33 -3143.04 8257.53 -1 1
-578.371 -5943.68 -2579.98 6506.1 1 1
2447.73 -2087.01 -6705.35 7437.73 -1 2
1091.12 -2410.19 -1530.14 3058.11 1 2
event 8
-5729.43 3456.5 -11420.4 13593.7
8791.33 -2993.41 6471.81 11735.6
-3302.82 1320.24 -8581.18 9289.75 -1 1
-2426.61 2136.27 -2839.18 4303.97 1 1
4423.78 -2392.62 1883.33 5371.46 1 2
4367.55 -600.791 4588.47 6364.09 -1 2
