event 0
-1390.67 -4841.4 22396.2 23163.6
-1994.96 11688.4 6062.33 13672.6
-1844.23 -2425.86 16423.5 16704.2 1 1
453.568 -2415.55 5972.61 6459.4 -1 1
-1405.57 6215.99 1562.58 6562.54 -1 2
-589.39 5472.41 4499.76 7110.1 1 2
event 1
5354.48 -8959.12 -23935.1 26294.8
5491.13 3279.65 -19829.1 21064
2639.15 3115.99 -13794.4 14386.5 -1 2
276.184 -3149.17 -7384.24 8033.16 1 1
5078.3 -5809.96 -16550.8 18261.6 -1 1
2851.98 163.662 -6034.73 6677.55 1 2
event 2
2888.73 11717.8 -2020.92 12622.4
5108.94 967.759 -4631.54 7621.01
2588.66 1923.17 -1736.87 3664.38 1 2
-84.8181 5217.08 -101.102 5219.82 -1 1
2520.28 -955.416 -2894.68 3956.63 -1 2
2973.55 6500.72 -1919.82 7402.58 1 1
event 3
-11004.1 5533.77 -44959.8 46719.2
-978.337 -4190.08 900.953 5377.41
-6239.39 4799.72 -28564.1 29629.2 -1 1
-4764.71 734.044 -16395.6 17090 1 1
-2070.01 -2192 632.28 3082.33 -1 2
1091.67 -1998.08 268.674 2295.09 1 2
event 4
8288.44 7579.71 14668.7 18732.7
6156.04 995.183 -14219.4 15832.5
4157.2 624.409 -5760.24 7131.88 -1 2
3490.5 1612.53 3564.7 5244.24 -1 1
4797.94 5967.19 11104 13488.5 1 1
1998.84 370.774 -8459.14 8700.64 1 2
event 5
-1765.46 13235.6 3995.42 14277.7
-5942.22 -2667.57 -3915.48 8206.53
-1353.58 9708.65 1455.41 9910.57 -1 1
-411.879 3526.96 2540.01 4367.14 1 1
-1673.04 -2265.06 -2246.69 3603.93 -1 2
-4269.18 -402.51 -1668.79 4602.6 1 2
event 6
6574.65 3287.63 9342.56 12284.5
5863.32 -2273.89 12755.8 14555.1
3811.31 1379.44 7305.84 8355.56 -1 1
2763.34 1908.2 2036.72 3928.95 1 1
3558.51 -2574.86 6202.64 7601.1 -1 2
2304.81 300.968 6553.19 6954 1 2
event 7
-7310.66 -5517.06 9060.9 13250.5
3318.16 -6254.43 33486.9 34367
1901.93 -4669.34 28534.5 28976.7 -1 2
-1717.41 -2504.38 1545.2 3408.85 1 1
-5593.25 -3012.67 7515.7 9841.62 -1 1
1416.23 -1585.09 4952.44 5390.37 1 2
event 8
6833.99 931.575 -16291.9 17960.7
-11091.4 427.588 -634.611 11541
3786.43 -1010.72 -9197.18 9997.9 -1 1
3047.56 1942.3 -7094.76 7962.84 1 1
-6368.77 1674.04 178.343 6588.37 1 2
-4722.59 -1246.45 -812.954 4952.63 -1 2
