event 0
8204.06 -3483.41 13311.9 16316.8
-8192.63 2562.82 -29115.3 30512
-3914.07 -362.591 -13245.2 13816.6 1 2
2389.14 -2160.09 2992.89 4398.02 1 1
5814.92 -1323.32 10319 11918.8 -1 1
-4278.56 2925.41 -15870.1 16695.4 -1 2
event 1
-5922.72 7019.02 31122.7 32596.9
6278.83 3102.1 -8796.57 11662.6
-2759.63 5475.96 18347.2 19345.1 1 1
-3163.08 1543.06 12775.5 13251.8 -1 1
2687.25 265.153 -1621.96 3151.75 -1 2
3591.58 2836.95 -7174.61 8510.81 1 2
event 2
-8526.72 8806.68 -17310 21435.7
8185.35 1876.64 -310.492 8955.96
4549.22 367.231 1228.36 4727.61 1 2
-4070.12 3957.88 -10648 12067.4 1 1
3636.13 1509.41 -1538.85 4228.35 -1 2
-4456.6 4848.8 -6661.98 9368.31 -1 1
event 3
5906.37 19338.1 109011 110914
3559.4 5765.16 -1115.23 7532.66
4688.49 10360 58055.5 59158.8 1 1
1217.89 8978.1 50955.9 51755.2 -1 1
788.696 3514.88 453.641 3632.26 -1 2
2770.7 2250.29 -1568.87 3900.4 1 2
event 4
902.491 -7520.9 15191.3 17255.3
1288.33 5334.52 10246.9 12029.3
826.197 -4148.24 5168.47 6679.43 1 1
76.2941 -3372.66 10022.8 10575.9 -1 1
-932.185 1870.08 4475.93 4940.77 -1 2
2220.51 3464.45 5770.93 7088.57 1 2
event 5
-8393.4 -1920.66 -27718.8 29190.1
5831.22 -5558.08 7062.83 11152.1
3564.41 -1301.78 3390.07 5089.53 -1 2
-2311.08 396.254 -11023.5 11270.6 -1 1
-6082.32 -2316.91 -16695.3 17919.5 1 1
2266.81 -4256.3 3672.77 6062.58 1 2
event 6
-2661.47 -7802.13 22125.2 23813.3
-6763.88 9835.69 17830.8 21679.9
-2126.53 -4293.34 16311.8 17001.2 -1 1
-534.947 -3508.79 5813.39 6812.08 1 1
-6442.81 7258.16 14624.5 17552.1 -1 2
-321.075 2577.53 3206.32 4127.76 1 2
event 7
-332.024 -6223.33 6563.93 9566.4
5935.6 -7285.25 -723.957 9920.76
1196.35 -3660.09 308.41 3864.43 1 2
1305.99 -2161.75 2969.93 3900.06 -1 1
4739.25 -3625.16 -1032.37 6056.33 -1 2
-1638.02 -4061.57 3594 5666.35 1 1
event 8
1116.02 -7090.48 -35425.2 36277.5
-7091.14 1326.38 -11896.9 14253.8
-3081.92 1975.79 -6917.49 7827.18 1 2
-136.682 -2220.23 -5520.76 5952.99 1 1
1252.7 -4870.25 -29904.5 30324.5 -1 1
-4009.23 -649.408 -4979.38 6426.59 -1 2
