event 0
977.634 -6103.18 4159.51 8068.26
3299.6 -18008.3 -1004.8 18595.3
1529.35 -4100.21 1366.65 4585.8 -1 1
-551.719 -2002.97 2792.86 3482.46 1 1
955.397 -9202.41 -1875.53 9440.65 -1 2
2344.2 -8805.89 870.731 9154.68 1 2
event 1
-6597.25 -3390.61 25190.5 26441.9
3986.52 7862.67 -2528.01 9679.66
1305.58 3541.48 422.403 3799.5 1 2
-2199.7 -419.855 3888.45 4488.45 -1 1
-4397.55 -2970.76 21302.1 21953.4 1 1
2680.94 4321.2 -2950.41 5880.16 -1 2
event 2
5967.21 -2815.05 27574.1 28521.2
-1312.51 11111.6 42043.1 43616.5
-862.676 4412.6 22695.3 23136.7 -1 2
2503.05 74.5953 6436.72 6907.49 -1 1
-449.829 6699.03 19347.7 20479.9 1 2
3464.15 -2889.64 21137.4 21613.7 1 1
event 3
818.825 5897.92 2237.71 7074.91
-10263.6 -3484.21 -26370 28678.4
882.339 3724.59 -165.089 3832.69 1 1
-63.5135 2173.33 2402.8 3242.22 -1 1
-5556.45 -557.937 -10950.8 12293 1 2
-4707.17 -2926.27 -15419.2 16385.4 -1 2
event 4
4258.03 6267.01 -10968.3 13685.7
9297.2 -4022.64 8845.89 13800.7
5437.92 -3118.34 7089.38 9463.9 1 2
821.782 3957.16 -5352.64 6707.93 -1 1
3859.27 -904.3 1756.51 4336.85 -1 2
3436.24 2309.85 -5615.65 6977.81 1 1
event 5
6423.57 -7103.44 36847 38197
6306.97 -15495.7 -8166.84 18872.8
5398.25 -3872.13 22978.8 23920.1 -1 1
1025.33 -3231.31 13868.2 14277 1 1
2943.82 -8354.04 -2665.75 9250.59 -1 2
3363.16 -7141.69 -5501.09 9622.25 1 2
event 6
11622.6 -1712.43 -25393.7 28150.5
-581.715 7722.9 -19024.8 20772.9
8157.13 -2202.92 -15474 17630.9 -1 1
3465.45 490.48 -9919.72 10519.6 1 1
1023.55 3337.43 -6088.01 7018.63 -1 2
-1605.27 4385.47 -12936.8 13754.3 1 2
event 7
-53.5113 -7740.95 1455.64 8463.77
-4057.22 -4536.04 13022.4 14704.1
24.6011 -4110.51 -798.042 4188.67 -1 1
-78.1123 -3630.44 2253.69 4275.1 1 1
-3964.4 -2398.49 8030.55 9272 -1 2
-92.8234 -2137.55 4991.84 5432.06 1 2
event 8
-3391.11 -3333.26 11794 13088.2
-7574.27 4450.67 -1052.44 9374.39
-3030.51 -1025.48 5367.84 6249.84 1 1
-360.598 -2307.79 6426.17 6838.33 -1 1
-4913.33 1116.81 -370.789 5053.39 -1 2
-2660.94 3333.86 -681.65 4321 1 2
event 9
11132.7 -9359.94 17182.6 22724
2595.8 8130.17 20451.2 22375.9
6523.7 -6080.07 12632.9 15463.7 1 1
4608.96 -3279.86 4549.73 7260.25 -1 1
-103.482 3054.26 4691.96 5600.44 -1 2
2699.28 5075.91 15759.3 16775.5 1 2
event 10
16160.4 11150.8 -754.191 19891.1
1417.79 5772.23 -1846.08 6951.85
11206.4 7921.86 888.873 13752.8 1 1
4953.99 3228.93 -1643.06 6138.31 -1 1
-365.527 3279.84 -2036.64 3879.44 -1 2
1783.32 2492.39 190.564 3072.41 1 2
event 11
5675.01 7162.98 17025.8 19569.9
6924.79 3207.39 1499.15 8371.29
4903.41 2286.62 -428.531 5428.34 -1 2
1924.97 2803.92 9548.79 10137 1 1
3750.04 4359.06 7477.01 9432.97 -1 1
2021.38 920.769 1927.68 2942.95 1 2
event 12
5097.2 5182.99 36727.2 37567.6
7400.2 -5454.98 -13409.2 16550.4
1956.25 -2505.97 -2665.79 4150.23 1 2
2702.62 1222.03 9605.44 10053.5 -1 1
5443.96 -2949.01 -10743.4 12400.2 -1 2
2394.58 3960.96 27121.7 27514 1 1
event 13
-10931.6 1359.16 -29430.5 31576.8
5804.76 -1713.27 3772.46 7775.16
-6761.26 864.048 -13805.5 15396.9 -1 1
-4170.31 495.111 -15625 16179.8 1 1
2327.28 834.752 1158.89 2732.62 -1 2
3477.48 -2548.02 2613.57 5042.54 1 2
event 14
-5090.8 -2656.62 28507.1 29244.1
1778.17 7078.73 31897.7 32868.3
2003.97 3058.33 11198.2 11780.5 1 2
-2034.69 524.62 9870.91 10092.6 -1 1
-3056.11 -3181.24 18636.2 19151.5 1 1
-225.797 4020.4 20699.4 21087.7 -1 2
event 15
-1188.28 -12549.3 743.473 13001.5
-3397.24 5246.57 1610.55 7432.92
-1523.51 -7104.19 1698.04 7462.25 -1 1
335.234 -5445.09 -954.571 5539.29 1 1
-3280.91 1737.17 492.878 3746.49 -1 2
-116.332 3509.4 1117.67 3686.43 1 2
event 16
7954.03 -2405.42 -17860.9 19941.3
-5499.67 1792.97 -1558.68 6744.03
-4054.35 110.85 -46.1222 4057.5 -1 2
3735.54 447.796 -7113.56 8047.9 -1 1
4218.49 -2853.22 -10747.3 11893.4 1 1
-1445.32 1682.12 -1512.55 2686.53 1 2
event 17
-3284.79 14093.5 -12348.4 19274.1
1621.98 11425.7 -8872.74 14882.7
2142.85 5188.96 -5025.5 7535.51 -1 2
-1813.11 3070.38 -4055.15 5400.93 1 1
-1471.68 11023.2 -8293.26 13873.2 -1 1
-520.867 6236.75 -3847.24 7347.16 1 2
event 18
-5322.4 -4654.99 -6314.61 9973.04
17874.5 -819.71 22321.7 28775.3
3856.96 438.589 6737.16 7776.18 -1 2
-1883.89 -1923.84 -591.877 2758.93 1 1
14017.5 -1258.3 15584.5 20999.1 1 2
-3438.51 -2731.15 -5722.73 7214.11 -1 1
event 19
3854.97 -3586.48 958.598 6183.32
6387.59 -16387.6 -10186.8 20560.1
1042.62 -2974.67 981.83 3303.16 1 1
2812.35 -611.807 -23.2315 2880.16 -1 1
3289.72 -9734.87 -7588.05 12774.2 -1 2
3097.87 -6652.77 -2598.78 7785.95 1 2
event 20
-512.069 7582.81 -5592.05 9930.9
15518.8 -7330.24 -938.707 17465.4
-757.954 5517.13 -2280.48 6018.72 -1 1
245.884 2065.67 -3311.57 3912.18 1 1
9658.35 -5929.18 184.199 11335.1 -1 2
5860.47 -1401.05 -1122.91 6130.27 1 2
event 21
2721.03 7019.44 21233.6 22740.6
4736.9 4956.44 32857.3 33707.5
3760.27 2351.71 24510.2 24908.4 1 2
1055.53 3357 5747.91 6740.42 -1 1
976.631 2604.73 8347.08 8799.05 -1 2
1665.5 3662.43 15485.7 16000.2 1 1
event 22
-8048.68 -1862.79 -31487.6 32700.3
-2926.36 -15770.3 -2629.28 16546
93.507 -4529.24 305.144 4541.7 1 2
-2267.44 833.244 -7595.83 7971.41 -1 1
-3019.87 -11241.1 -2934.42 12004.3 -1 2
-5781.24 -2696.03 -23891.8 24728.9 1 1
event 23
-4415.41 -5209.77 25903.8 26967.3
3551.26 -6046.33 27255.6 28313.1
243.627 -3447.48 12247.2 12725.9 -1 2
-1531.72 -1867.17 4454.42 5068.09 -1 1
-2883.69 -3342.6 21449.4 21899.2 1 1
3307.64 -2598.85 15008.5 15587.2 1 2
event 24
-5445.98 -8073.72 -4835.94 11305.8
4239.15 -10667.4 10491.3 15856.3
4099.6 -8470.62 7005.27 11732.1 1 2
-1438.12 -4531.38 -1438.13 4968 1 1
139.552 -2196.82 3485.99 4124.17 -1 2
-4007.86 -3542.34 -3397.81 6337.78 -1 1
event 25
4339.5 3322.41 -6303.15 8898.9
-4982.32 -10432 26310.1 28904.4
3869.36 1143.72 -3768.68 5522.15 -1 1
470.14 2178.69 -2534.47 3376.75 1 1
-2983.37 -6561.87 19792.3 21064.3 1 2
-1998.95 -3870.11 6517.82 7840.07 -1 2
event 26
-20816.8 -16538.3 88167 92140.5
5330.79 -4009.63 3493.9 8142.03
-11044.6 -10629.8 52149.6 54356 1 1
-9772.25 -5908.54 36017.4 37784.5 -1 1
3453.33 -2942.02 672.678 4587.44 -1 2
1877.46 -1067.61 2821.22 3554.59 1 2
event 27
5421.35 -633.922 14650.8 15938.3
-34527.7 -8656.25 47570.3 59494.7
3133.55 1081.05 9247.81 9824.51 1 1
2287.8 -1714.98 5402.96 6113.78 -1 1
-30185.8 -6951.2 42674 52731.3 1 2
-4341.89 -1705.04 4896.25 6763.4 -1 2
event 28
-2456.1 -5784.65 9087.39 11474.6
-10679.1 377.426 11463.7 15974.8
-21.1577 -3862.03 5629.14 6827.45 1 1
-2434.94 -1922.62 3458.25 4647.15 -1 1
-6545.79 -256.923 4859.01 8156.87 -1 2
-4133.3 634.348 6604.73 7817.94 1 2
event 29
-2538.88 7005.25 15007.4 17039.1
-5955.48 -6986.61 24233.9 26098.9
-3198.13 -2630.37 7254.92 8354.16 1 2
-2130.77 2415.68 8273.38 8878.95 1 1
-2757.35 -4356.24 16979 17744.8 -1 2
-408.103 4589.57 6733.99 8160.18 -1 1
event 30
276.561 9175.52 -1231.46 9765.96
9527.41 203.587 -437.198 10227
7030.68 -1503.99 -260.668 7195.25 1 2
1591.14 3323.83 -586.482 3732.92 1 1
2496.73 1707.58 -176.531 3031.8 -1 2
-1314.58 5851.69 -644.981 6033.04 -1 1
event 31
16915.9 4538.66 38054.4 42005.7
-441.129 5201.07 -13946 15209.5
12019.3 3438.91 23641.2 26743.4 1 1
4896.62 1099.75 14413.2 15262.3 -1 1
-1431.88 2898.95 -10203.4 10703.9 -1 2
990.752 2302.12 -3742.67 4505.56 1 2
event 32
-5012.43 -4098.43 -10044 12344.9
9243.99 18055.3 -64771 67943.5
-4668.24 -2127.09 -6594.96 8355.94 1 1
-344.188 -1971.34 -3449.01 3988.92 -1 1
7585.43 12144 -47635.1 49740.6 -1 2
1658.56 5911.33 -17135.9 18202.9 1 2
event 33
-2291.14 10056.4 19985 22701.8
-909.281 -4789.38 -13800.9 14960.5
941.364 -3157.86 -8299.08 8929.96 1 2
-2296.35 4109.95 10480.8 11490.2 -1 1
-1850.64 -1631.52 -5501.81 6030.57 -1 2
5.20729 5946.43 9504.14 11211.6 1 1
event 34
2469.61 -6505.49 -2559.18 8035.01
3695.26 5263.96 -1421.98 7278.57
3323.58 2675.46 65.0122 4268.45 1 2
2538.09 -2378.98 -1351.96 3733.69 -1 1
371.68 2588.5 -1486.99 3010.12 -1 2
-68.4864 -4126.51 -1207.23 4301.32 1 1
event 35
-3044.02 -7508.25 1949.04 8889.83
-8134.3 3133.8 -24594.8 26277
-4447.44 352.862 -9594 10581.1 1 2
-1832.87 -2448.65 2052.83 3685.18 1 1
-1211.15 -5059.6 -103.787 5204.65 -1 1
-3686.86 2780.94 -15000.8 15695.9 -1 2
event 36
-5175.93 629.479 -25690.7 26396.8
8125.16 12526.3 -57559 59544.5
-3229.33 1888.4 -15582 16025.1 -1 1
-1946.6 -1258.92 -10108.8 10371.7 1 1
5450.46 9095.59 -35057.2 36625.8 1 2
2674.7 3430.71 -22501.8 22918.7 -1 2
event 37
5683.65 -1441.41 -2506.75 7089.19
-1090.4 -10557.8 40466.7 41949.9
3198.52 517.08 -2179.82 3906.5 -1 1
2485.12 -1958.49 -326.931 3182.7 1 1
-269.138 -6529.67 30013.7 30717.2 -1 2
-821.263 -4028.14 10452.9 11232.8 1 2
event 38
1458.04 -6477.22 24017.7 25110.2
1727.69 6208.98 -4625.01 8515.88
-392.303 4093.09 -3116.73 5160.67 1 2
1934.45 -2400.51 12746.1 13114 -1 1
2119.99 2115.89 -1508.28 3355.21 -1 2
-476.409 -4076.71 11271.6 11996.1 1 1
event 39
-16982.2 -6191.86 -18647.2 26230.5
2465.79 -6761.39 -4435.15 9003.24
-8920.52 -5000.64 -9228.17 13775.1 1 1
-8061.63 -1191.22 -9419.01 12455.4 -1 1
154.218 -4266.64 -3362.2 5435.4 -1 2
2311.57 -2494.74 -1072.95 3567.84 1 2
event 40
-3108.11 -7279.96 -18752.4 20588.9
-6281.58 3029.53 2329.92 7978.45
-3233.81 9.49072 1653.4 3633.52 1 2
-1711.93 -2370.91 -3846.43 4833.02 -1 1
-1396.19 -4909.05 -14906 15755.9 1 1
-3047.77 3020.04 676.52 4344.92 -1 2
event 41
10412.2 -3568.66 -9695.84 14991.6
15047.1 3917.43 12956.2 20474.7
7043.81 3060.23 7604.71 10808.5 -1 2
2614.26 -2339.76 -2498.29 4308.3 1 1
8003.26 857.202 5351.51 9666.27 1 2
7797.93 -1228.91 -7197.55 10683.3 -1 1
event 42
-1874.94 8061.61 24510.6 26055.1
-5677.31 3006.23 -4473.24 8418.17
-2672.95 5000.53 15545.4 16547.6 1 1
798.01 3061.08 8965.18 9507.51 -1 1
-2214.57 -417.901 -1282.29 2595.07 -1 2
-3462.73 3424.13 -3190.95 5823.1 1 2
event 43
-775.659 8532.25 3568.45 9784.01
-6471.29 21073.6 49249.6 54047
-6253.65 18952.6 46179.8 50308 1 2
-1287.7 3137.44 2607.84 4279.45 -1 1
-217.639 2120.98 3069.75 3739.04 -1 2
512.045 5394.81 960.607 5504.56 1 1
event 44
4929.46 3504.13 1577.09 6975.41
-4033.41 6121.78 11181.7 13724.6
-3115.68 1975.68 4718.03 5990.13 -1 2
2565.16 77.0628 150.017 2572.87 1 1
-917.729 4146.1 6463.64 7734.48 1 2
2364.3 3427.07 1427.07 4402.54 -1 1
event 45
-4663.49 4548.56 -14856.1 16514.6
-4417.63 22827.7 -2457.68 23585
-2691.77 3648.69 -6817.65 8188.41 1 1
-1971.71 899.877 -8038.47 8326.2 -1 1
-2677.99 14310.3 -32.4296 14559.2 -1 2
-1739.63 8517.42 -2425.25 9025.84 1 2
event 46
8381.17 5299.19 -12439.5 16206.7
-7423.49 4551.98 -33080 34405
4906.04 3735.87 -9766.78 11551.1 -1 1
3475.13 1563.32 -2672.72 4655.66 1 1
-2997.75 499.787 -6809.6 7457.75 -1 2
-4425.74 4052.19 -26270.4 26947.2 1 2
event 47
3015.62 -8814.78 -19390.1 21733.8
16.0911 8198.88 19629.6 21497.3
1264.26 4473.73 12787.9 13607.1 1 2
2909.52 -3744.96 -9151.74 10308 1 1
-1248.17 3725.15 6841.67 7890.14 -1 2
106.093 -5069.82 -10238.3 11425.8 -1 1
event 48
-5194.65 8391.59 -47356.3 48472.8
-4303.27 756.128 -11346.9 12547.2
-2516.24 1955.91 -6360.15 7114.75 1 2
-1322.28 4037.46 -14760.7 15360.3 -1 1
-1787.03 -1199.79 -4986.76 5432.49 -1 2
-3872.37 4354.13 -32595.5 33112.4 1 1
event 49
17887.5 10719.2 80658.1 83367.8
6666.62 551.751 -11119.7 13341.2
4178.53 649.39 -9415.38 10321.9 1 2
6766.09 2377.09 26439.6 27395.1 -1 1
2488.09 -97.6384 -1704.27 3019.24 -1 2
11121.4 8342.15 54218.5 55972.7 1 1
event 50
-4667.81 847.82 12049.4 13314.9
-14979 3244.67 22585.7 27470.1
-3038.64 -437.962 9717.03 10191 1 1
-1629.17 1285.78 2332.38 3123.87 -1 1
-10580.9 3676.39 16705.5 20113.6 1 2
-4398.08 -431.716 5880.24 7356.49 -1 2
event 51
7648.06 -9867.1 -34140.2 36482.8
-861.334 6010.06 -6160.91 9187.47
4073.22 -5421.36 -14099.8 15646 1 1
3574.84 -4445.74 -20040.4 20836.8 -1 1
-1611.47 3417.01 -2139.61 4343.03 -1 2
750.136 2593.05 -4021.31 4844.45 1 2
event 52
-8890.51 -2689.7 -16601.1 19273.4
3597.17 3642.59 7044.9 9242.86
-5061.21 -22.594 -9705.87 10946.8 -1 1
-3829.3 -2667.1 -6895.25 8326.62 1 1
1179.25 3188.97 3157.66 4641.35 -1 2
2417.92 453.624 3887.24 4601.52 1 2
event 53
-7807.16 2650.25 6921.01 11201.2
-5198.7 1298.39 4083.15 7414.58
-4151.9 709.946 1713.06 4548.41 1 1
-3655.25 1940.3 5207.95 6652.78 -1 1
-2993.3 1061.21 525.509 3220.77 -1 2
-2205.4 237.181 3557.64 4193.81 1 2
event 54
8782.22 -3225.87 -5878.27 11475.1
1505.82 7011.21 -5939.51 9812.89
4187 -2403.43 -4514.7 6610.68 -1 1
4595.22 -822.439 -1363.57 4864.46 1 1
1325.8 4298.1 -5417.49 7042.15 -1 2
180.022 2713.11 -522.014 2770.75 1 2
event 55
-6233 698.656 6221.7 9361.58
-3567.61 12109.6 1098.44 13044.8
-3371.72 728.155 5353.54 6369.48 1 1
-2861.28 -29.4986 868.159 2992.1 -1 1
-2673.78 5968.09 -711.794 6579.14 -1 2
-893.822 6141.47 1810.23 6465.66 1 2
event 56
3670.97 6515.76 -27840.6 28993.5
6096.82 4540.08 25832.2 27104.9
2113.92 3500.18 12893.4 13526.7 1 2
512.521 3570.82 -15632.3 16043.5 -1 1
3158.45 2944.94 -12208.3 12950 1 1
3982.9 1039.9 12938.8 13578.2 -1 2
event 57
3648.13 -4580.95 -17619.6 18823.8
8822.45 11563.4 61441.4 63215.3
786.647 -3457.98 -9271.55 9927.2 1 1
2861.48 -1122.98 -8348.05 8896.64 -1 1
7203.9 7642.65 39842.4 41203.5 -1 2
1618.55 3920.7 21599 22011.8 1 2
event 58
4811.61 -6271.69 4487.99 9603.14
-1781.53 -19571.6 -29312.9 35426.8
4404.26 -3437.09 2538.9 6137.44 1 1
407.352 -2834.6 1949.09 3465.7 -1 1
-1098.9 -13028 -21978.1 25573.1 -1 2
-682.631 -6543.63 -7334.84 9853.74 1 2
event 59
-2903.16 -2746.7 10147.7 11337.3
-10638.5 -8250.2 -44881.8 46959.6
-2917.11 -732.577 6659.56 7308.02 1 1
13.9501 -2014.13 3488.18 4029.33 -1 1
-5529.92 -6092.8 -25056.1 26372.8 -1 2
-5108.54 -2157.39 -19825.7 20586.9 1 2
event 60
-5412.1 8461.38 -44949.4 46161.9
1175.93 9309.67 40349.8 41542.1
-2634.28 6246.57 -33264.1 33948.1 -1 1
-2777.82 2214.82 -11685.3 12213.8 1 1
-1038.54 3331.87 13238.2 13690.9 -1 2
2214.47 5977.79 27111.6 27851.2 1 2
event 61
1730.21 33950.3 136982 141171
1210.87 -8473.5 3619.56 9795.85
2503.75 19933.3 81953.1 84379.7 1 1
-773.534 14017 55028.6 56791.2 -1 1
1622.4 -5015.73 3463.74 6308.59 -1 2
-411.53 -3457.77 155.821 3487.26 1 2
event 62
7883.95 -4762.42 -10746 14488.1
6735.88 -4458.34 6224 10657.3
4043.54 -3411.41 5591.38 7698.22 -1 2
3700.04 -799.787 -5607.62 6766.57 1 1
4183.91 -3962.63 -5138.39 7721.51 -1 1
2692.35 -1046.92 632.622 2959.08 1 2
event 63
7668.45 -3625.92 -19794.7 21757.1
-7671.54 -2290.39 -4255.55 9581.16
-2991.95 -2413.82 -1377.5 4084.97 1 2
2237.89 -951.194 -2767.91 3685.83 1 1
5430.56 -2674.72 -17026.8 18071.2 -1 1
-4679.59 123.436 -2878.05 5496.2 -1 2
event 64
7153.87 5679.25 9097.07 13258.2
7404.75 -6362.68 22402 24632.4
5267.21 2714 4353.15 7353.25 1 1
1886.66 2965.25 4743.93 5904.93 -1 1
6449.25 -3910.05 15315.9 17072.5 -1 2
955.504 -2452.63 7086.07 7559.89 1 2
event 65
-2639.59 -4668.46 23044.8 23862.4
5992.51 3103.18 -11946.3 14065.7
3021.5 -8.97892 -6076.87 6787.42 -1 2
-2012.03 -652.975 7280.98 7582.77 -1 1
2971.01 3112.16 -5869.43 7278.31 1 2
-627.558 -4015.49 15763.8 16279.7 1 1
event 66
4953.4 3042.52 5780.63 8763.56
-12575 -413.018 19781.1 23647.1
3524.49 654.524 2127.08 4169.66 -1 1
1428.91 2388 3653.55 4593.9 1 1
-7300.89 -89.0516 8615.16 11293.5 1 2
-5274.12 -323.966 11165.9 12353.6 -1 2
event 67
190.87 13679.2 57542.1 59227.1
-10277.4 -13451.7 -13921.1 22135.1
1458.23 7633.19 35089.4 35939.8 -1 1
-1267.36 6045.99 22452.8 23287.3 1 1
-6757.75 -9624.91 -11307.4 16314.8 -1 2
-3519.68 -3826.74 -2613.74 5820.21 1 2
event 68
3830.85 5344.24 13072.4 14957.1
8504.3 901.581 34488.3 35667.5
3010.77 855.203 7535.63 8160.45 1 2
317.95 2917.48 6294.2 6945.57 -1 1
5493.53 46.3772 26952.7 27507.1 -1 2
3512.9 2426.77 6778.18 8011.52 1 1
event 69
-7233.13 6321.34 -2940.64 10512.6
4601.23 -3231.15 13104.8 14592.4
2629.23 -2707.86 11121.9 11745.4 1 2
-2763.31 3972.99 -2486.72 5442.01 -1 1
1972.01 -523.292 1982.83 2847.01 -1 2
-4469.82 2348.35 -453.926 5070.63 1 1
event 70
-747.899 11878.8 -7577.86 14445.7
-6130.4 4075.23 135.879 7987.4
-3864.64 4202.41 214.423 5714.26 -1 2
-1188.27 3377.49 -1096.73 3746.12 -1 1
440.375 8501.28 -6481.13 10699.6 1 1
-2265.76 -127.175 -78.5443 2273.14 1 2
event 71
-1703.34 -5222.12 -2793.4 6896.83
-8666.22 6594.56 -492.746 11332.5
-2221.23 -2486.94 -691.526 3407.07 -1 1
517.898 -2735.18 -2101.87 3489.76 1 1
-3966.86 4943.95 -233.272 6343.83 -1 2
-4699.36 1650.61 -259.474 4988.69 1 2
event 72
12833.3 3338.72 62856.1 64314.2
1877.39 4527.15 -18627.8 19509.1
-322.03 3047.41 -8375.4 8919.02 1 2
4309.63 1536.13 15427.4 16091.9 1 1
2199.42 1479.74 -10252.4 10590.1 -1 2
8523.66 1802.59 47428.6 48222.3 -1 1
event 73
4019.99 5589.46 -11123 13443
-10680.4 -7485.91 -11668.8 17772.5
-2919.64 -1643.41 -1388.61 3628.29 1 2
1102.64 2187.74 -6745.98 7177.84 -1 1
-7760.81 -5842.5 -10280.2 14144.2 -1 2
2917.34 3401.72 -4377.06 6265.17 1 1
event 74
29408.2 16246.2 -41064.1 53147.2
4029.12 16405.9 19222.2 25777.3
2836.53 13272.4 17000.5 21753.9 -1 2
4293.68 1271.72 -6098.65 7566.88 1 1
25114.5 14974.5 -34965.4 45580.3 -1 1
1192.59 3133.51 2221.63 4023.43 1 2
event 75
-1479.41 8580.52 16852.2 19219.8
-12905.2 3391.13 44605.2 46661.1
-8986.31 3193.17 27353.7 28968.7 1 2
-2140.28 3581.75 8328.4 9315.75 1 1
-3918.88 197.959 17251.5 17692.4 -1 2
660.873 4998.78 8523.75 9904.04 -1 1
event 76
-5797.53 5877.82 -17744.6 19814.7
4965.34 -4076.95 25686.8 26733.4
-2507.14 4205.19 -12270.4 13211.5 -1 1
-3290.4 1672.63 -5474.25 6603.25 1 1
454.086 -2439.27 11196.1 11468.2 -1 2
4511.25 -1637.69 14490.7 15265.1 1 2
event 77
5171.9 -4762.22 35241.8 36069.4
-6392.01 -127.804 -6259.11 9676.72
-4771.48 -1469.93 -3094.38 5874.87 1 2
3163.53 -1100.85 19331.7 19620.1 -1 1
-1620.53 1342.12 -3164.73 3801.85 -1 2
2008.37 -3661.37 15910.1 16449.3 1 1
event 78
11701.5 3490.23 4778.76 13473.4
-2564.48 4661.29 9317.6 11167.5
6507.5 3525.54 2863.34 7936.43 -1 1
5193.97 -35.3079 1915.42 5537.02 1 1
-2090.06 2306.88 2683.5 4111.25 -1 2
-474.419 2354.42 6634.1 7056.26 1 2
event 79
5469 -28248 -13167.1 31793.4
-506.498 -4597 -1196.01 5692.96
661.739 -2932.02 -1877.2 3545.37 1 2
792.087 -10289.4 -3729.08 10973.5 -1 1
-1168.24 -1664.98 681.186 2147.58 -1 2
4676.91 -17958.5 -9438.04 20820 1 1
event 80
-8348.12 -9440.91 6176.56 14372.3
1989.14 -7129.65 27524.4 28670
365.97 -4597.88 20760 21266.5 1 2
-2475.06 -4027.26 940.222 4820.78 1 1
1623.17 -2531.76 6764.33 7403.5 -1 2
-5873.06 -5413.64 5236.34 9551.48 -1 1
event 81
-7216.8 -6837.73 15891 18998.8
-11295.9 6297.78 12028.4 17931.4
-4248.79 3844.57 4122.81 7059.86 -1 2
-2595.65 -1920.16 2819.7 4287.92 1 1
-7047.11 2453.21 7905.61 10871.5 1 2
-4621.15 -4917.57 13071.3 14710.8 -1 1
event 82
-9249.14 1181.16 4183.4 10678.6
5654.65 -298.818 2116.24 6792.19
3419.68 336.647 -284.387 3449.58 1 2
-3943.87 -1027.54 1791.85 4453.29 -1 1
2234.96 -635.465 2400.63 3342.61 -1 2
-5305.27 2208.7 2391.55 6225.35 1 1
event 83
6311.53 -3081.93 -39129.2 39875
7748.72 1695.67 -43646.1 44469
3825.81 -737.667 -19931.9 20309.4 -1 2
3396.3 -23.3475 -19759.6 20049.7 -1 1
3922.92 2433.34 -23714.3 24159.7 1 2
2915.22 -3058.59 -19369.6 19825.4 1 1
event 84
5717.8 1388.98 29040.9 29792.4
10240.9 3264.38 -10203.5 15140.5
3203.38 2153.79 13978.3 14501.8 1 1
2514.42 -764.808 15062.6 15290.6 -1 1
6114.34 886.687 -7289.95 9556.46 1 2
4126.52 2377.69 -2913.51 5584.03 -1 2
event 85
17561.1 -3467.19 -47475.8 50832.6
-20235.4 2129.74 -6335.19 21534.4
9991.86 -498.182 -24734.5 26681.3 1 1
7569.25 -2969.01 -22741.3 24151.3 -1 1
-12571.5 587.27 -5267.87 13643.6 -1 2
-7663.91 1542.47 -1067.32 7890.82 1 2
event 86
3547.08 5469.11 -6784.05 9904.98
-6949.06 5027.46 7683.58 11924.5
-1839.68 2465.67 1261.5 3326.63 1 2
512.417 2601.5 -1150.89 2892.41 1 1
-5109.38 2561.8 6422.08 8597.84 -1 2
3034.66 2867.61 -5633.16 7012.57 -1 1
event 87
3158.07 -6309.72 19778 21226
1867.42 -6563.95 12138.1 14265.4
2242.78 -2306.63 5136.73 6061.99 1 2
2308.92 -1400.88 6243.56 6803.44 -1 1
849.151 -4908.84 13534.4 14422.6 1 1
-375.362 -4257.33 7001.4 8203.44 -1 2
event 88
7863.2 -1724.52 2948.43 9115.18
-3947.78 5947.43 -12016.9 14316.2
-3825.86 3424.73 -6824.06 8540.78 1 2
3518.97 -1799.83 2647.8 4758.63 1 1
-121.925 2522.71 -5192.83 5775.43 -1 2
4344.23 75.3144 300.634 4356.55 -1 1
event 89
4587.35 -7348.89 11608.4 14812
-4963.61 5313.53 -26209 27374.7
-3094.58 2968.52 -20291.3 20739.7 -1 2
737.397 -3605.19 3456.32 5049.6 -1 1
3849.95 -3743.7 8152.04 9762.39 1 1
-1869.02 2345.02 -5917.66 6634.92 1 2
event 90
6354.89 1245.14 17639.7 19044.3
-8199.78 -1714.12 -3331.61 9532.32
-3506.87 -2213.94 -1000.74 4267.59 1 2
2157.92 1325.96 3693.95 4480.09 1 1
-4692.91 499.827 -2330.87 5264.72 -1 2
4196.97 -80.8232 13945.8 14564.2 -1 1
event 91
7433.63 -1529.24 3499.54 8912.65
7340.86 14179.8 79263 80914.6
3209.28 3387.21 20295.6 20825.4 -1 2
1966.39 847.979 360.271 2174.1 1 1
4131.58 10792.6 58967.4 60089.2 1 2
5467.24 -2377.22 3139.27 6738.55 -1 1
event 92
-5617.13 7277.38 -24352 26213.1
-4043.53 -7522.25 -9721.45 13305.2
-3831.99 -3953.78 -5982.04 8130.96 1 2
-3823.11 2456.46 -12024.5 12854.9 -1 1
-211.543 -3568.48 -3739.41 5174.28 -1 2
-1794.02 4820.92 -12327.5 13358.1 1 1
event 93
4344.73 191.056 7005.45 8808
24381.7 -57.6361 -138036 140207
2634.4 1450.46 5246.55 6048.25 -1 1
1710.33 -1259.4 1758.9 2759.75 1 1
19019.7 1211.63 -108534 110195 1 2
5362.03 -1269.27 -29502.3 30012.7 -1 2
event 94
-10497.6 -4249.65 38187.4 39951.5
4422.4 1299.15 1139.98 5668.9
2259.77 2166.18 1149.96 3336.53 1 2
-3711.72 -1937.6 9510.07 10391.5 -1 1
2162.62 -867.031 -9.975 2332.37 -1 2
-6785.93 -2312.05 28677.3 29560 1 1
event 95
7610.7 -3536.45 -27829.1 29231.6
1666.66 5362.58 -1309.33 6545.28
3342.2 -3203.51 -15688.3 16357.4 1 1
4268.51 -332.941 -12140.9 12874.1 -1 1
1331.68 3095.68 -2263.35 4060.85 -1 2
334.975 2266.9 954.015 2484.43 1 2
event 96
-2853.56 16722.1 18993.3 25653.6
-5920.1 614.706 -12404.1 14102.4
-606.846 11974.4 13289.8 17899.3 1 1
-2246.72 4747.68 5703.51 7754.31 -1 1
-3082.65 1599.11 -8446.06 9132.74 -1 2
-2837.45 -984.405 -3958.02 4969.63 1 2
event 97
-3661.22 -4698.07 -22402.5 23386.7
-9721.56 1024.55 14697.9 17921.4
-2512.17 -2675.98 -18343.8 18707.7 -1 1
-1149.05 -2022.09 -4058.72 4679.05 1 1
-5325.27 1079.93 5531.47 7754.55 -1 2
-4396.29 -55.3812 9166.41 10166.8 1 2
event 98
-8382.71 -2027.38 -18994.7 21089.6
-9422.29 892.843 7765.68 12628.3
-4614.37 589.383 5770.75 7412.99 1 2
-2993.33 698.958 -7452.15 8061.9 -1 1
-5389.38 -2726.34 -11542.6 13027.7 1 1
-4807.92 303.46 1994.93 5215.28 -1 2
event 99
7040.98 -1046.88 4772.75 9112.71
-2567.65 7231.14 26405.5 27671.7
-327.212 3277.35 15682.9 16025.4 1 2
3046.75 1034.52 1547.22 3571.83 1 1
-2240.43 3953.79 10722.6 11646.3 -1 2
3994.24 -2081.4 3225.54 5540.89 -1 1
event 100
-5755.31 -1770.71 -11019.7 12933.7
9937.25 4314.45 33263.3 35119.8
-3410.81 -2320.31 -8489.19 9439.01 -1 1
-2344.51 549.596 -2530.47 3494.74 1 1
4558.22 3584.46 18623.1 19505.3 1 2
5379.02 729.992 14640.2 15614.5 -1 2
event 101
-4543.26 5422.23 6145.27 9869
-7666.55 706.784 -20073.7 21721.4
-2974.82 1630.91 -10206 10755.6 -1 2
-779.03 2823.99 1305.14 3208.8 -1 1
-4691.73 -924.128 -9867.76 10965.9 1 2
-3764.23 2598.24 4840.13 6660.21 1 1
event 102
1413.98 5772.42 122.276 6702.72
-3853.11 8518.68 29664.5 31256.8
2317.78 3531.72 499.381 4255.08 -1 1
-903.799 2240.7 -377.105 2447.64 1 1
-798.569 4891.32 17853.3 18528.7 1 2
-3054.55 3627.36 11811.2 12728 -1 2
event 103
1963.21 -4289.09 -5529.58 7900.48
441.616 -12062.8 51623.7 53106.5
2586.59 -2035.63 -3451.98 4770.91 1 1
-623.377 -2253.45 -2077.6 3129.57 -1 1
-1239.33 -7354.52 30393.8 31295.6 1 2
1680.94 -4708.3 21229.9 21810.9 -1 2
event 104
-5884.35 -4664.74 3889.52 9005.83
5177.24 5736.15 -7028.41 10894.9
-3499.71 -2345.49 3803 5676.56 -1 1
-2384.63 -2319.25 86.5212 3329.27 1 1
4961.85 3654.74 -5815.28 8473.83 -1 2
215.388 2081.4 -1213.13 2421.05 1 2
event 105
-9222.72 2534.43 -4421.77 10982.9
-1944.33 -9348.44 -2628.4 10376.5
-5316.46 1776.09 -4183.64 6995.23 1 1
-3906.25 758.337 -238.136 3987.7 -1 1
-1370.21 -7302.86 -3320.99 8139.38 -1 2
-574.121 -2045.57 692.589 2237.15 1 2
event 106
-3170.24 3387.67 -2599.05 6154.08
5645.63 11761.9 18270.5 22663.1
-936.693 3125.99 -1982.92 3819.99 -1 1
-2233.55 261.687 -616.13 2334.09 1 1
3501.15 8300.17 14727.3 17264.3 1 2
2144.48 3461.68 3543.26 5398.88 -1 2
event 107
5431.04 -1504.93 -4816.67 8034.24
8317.1 -5433.39 41237.4 42530.1
3739.34 185.136 -4060.33 5523.98 -1 1
1691.71 -1690.06 -756.34 2510.26 1 1
3572.84 -4162.88 20996.9 21702 -1 2
4744.26 -1270.51 20240.5 20828.1 1 2
event 108
-7157.64 -3844.3 -9412.8 12814.2
-5287.63 10527.4 7063.88 14081
-3786.56 -2932.62 -7299.03 8730.71 1 1
-3371.08 -911.686 -2113.78 4083.45 -1 1
-5078.17 8536.49 4722.74 10998.9 -1 2
-209.464 1990.89 2341.14 3082.14 1 2
event 109
-2649.4 7716.88 19041.8 20946.4
-6102.03 4780.07 -3668 9334.12
-3121.27 270.897 -905.932 3263.06 1 2
289.84 2963.64 8616.71 9117.35 1 1
-2939.24 4753.24 10425.1 11829.1 -1 1
-2980.76 4509.17 -2762.06 6071.06 -1 2
event 110
-1964.52 -19620.9 -75547.6 78140
-1445.02 4305.54 -6412.91 8446.44
-2419 -10471.6 -37969.4 39461.2 1 1
454.482 -9149.3 -37578.2 38678.8 -1 1
-2069.96 2300.21 -2406.17 3921.29 -1 2
624.944 2005.33 -4006.73 4525.15 1 2
event 111
-2644.07 -4679.31 1862.81 6476.73
4079.64 9083 1866.26 10593.3
413.477 3394.16 -425.378 3447.23 -1 2
501.785 -1983.4 791.178 2196.08 1 1
3666.16 5688.83 2291.64 7146.07 1 2
-3145.86 -2695.91 1071.63 4280.65 -1 1
event 112
-6469.32 -1730.12 -12023.6 14106.8
5043.47 5356.2 -26345.7 27528.4
2825.2 1189.06 -7563.6 8161.79 1 2
-2208.1 816.353 -4715.84 5271.85 -1 1
-4261.22 -2546.47 -7307.74 8834.97 1 1
2218.26 4167.14 -18782.1 19366.6 -1 2
event 113
3676.05 12692.8 -5449.63 14625.7
-304.818 -5888.67 -7418.43 9969.63
-1651.96 -3896.21 -4355.3 6073.65 -1 2
1415.51 3719.33 -3184.76 5098.13 -1 1
2260.54 8973.49 -2264.87 9527.56 1 1
1347.14 -1992.46 -3063.14 3895.98 1 2
event 114
6334.43 -2533.9 8655.91 11448.2
-13416.6 -4861.21 51680.9 53704.2
-4028.43 -44.0964 15565.8 16079 -1 2
2228.91 -452.478 940.428 2463.4 -1 1
-9388.12 -4817.11 36115.2 37625.2 1 2
4105.52 -2081.42 7715.49 8984.85 1 1
event 115
-12820.9 6898.46 -49170.9 51374.4
4330.56 -7702.62 26660.1 28256.6
-7131.38 4912.7 -24774.7 26244.8 -1 1
-5689.55 1985.76 -24396.2 25129.7 1 1
1103.08 -4971.79 13247 14192.6 -1 2
3227.48 -2730.83 13413.1 14064 1 2
event 116
-4320.82 -614.974 -3846.57 6590.55
-622.108 -9047.18 44632.5 45649.6
-2952.07 1078.25 -2594.2 4076.57 1 1
-1368.75 -1693.23 -1252.37 2513.98 -1 1
-1862.51 -5129.51 24234.6 24841.7 -1 2
1240.41 -3917.67 20397.9 20808 1 2
event 117
1789.87 -16327.2 -16400.1 23416.6
4359.5 -5001.25 -11928.5 13996.3
1811.12 -3208.49 -8972.72 9700.28 1 2
1144.99 -7935.29 -10137 12924.7 1 1
2548.38 -1792.76 -2955.78 4296.05 -1 2
644.886 -8391.96 -6263.11 10491.8 -1 1
event 118
1173.24 -6206.23 -8395.31 10952.9
11483.5 -18339.4 11633.9 24761.7
-288.499 -3885.39 -3068.49 4960.47 -1 1
1461.74 -2320.84 -5326.82 5992.42 1 1
7313.3 -9700.14 5226.69 13225.2 -1 2
4170.21 -8639.22 6407.24 11536.5 1 2
event 119
3470.78 5119.97 11421.8 13353.1
12742.9 1420.14 -8783.62 15847.4
3740.88 3054.9 7869.76 9234.22 1 1
-270.099 2065.06 3552.02 4118.92 -1 1
7998.26 -540.672 -5938.02 9976.76 -1 2
4744.62 1960.81 -2845.6 5870.67 1 2
event 120
5277.41 -119.899 20431.4 21328.3
-4248.51 -22463.7 11658.3 25849.1
3541.06 1379.97 11855.8 12450.5 1 1
1736.35 -1499.87 8575.54 8877.81 -1 1
-1620.74 -14548.5 8518.61 16937.1 1 2
-2627.77 -7915.16 3139.72 8912.01 -1 2
event 121
-9650.9 824.42 10345.7 14506.7
11646.3 6241.73 49472.8 51300.5
-6086.4 -382.824 4609.16 7645.03 -1 1
-3564.49 1207.24 5736.57 6861.66 1 1
6500.1 1908.58 22259.5 23267.8 1 2
5146.21 4333.15 27213.2 28032.7 -1 2
event 122
3710.1 -8226.9 -765.254 9572
2558.06 7761.46 4768.85 9955.73
1426.61 3781.14 610.827 4088.58 -1 2
2789.44 -2525.14 -357.575 3781.05 -1 1
920.657 -5701.77 -407.679 5790.95 1 1
1131.45 3980.32 4158.02 5867.15 1 2
event 123
1580.61 6173.62 -24081.7 25102.4
-2750.04 8790.48 6665.98 11783.9
1260.09 4058.89 -20442.5 20879.9 -1 1
320.525 2114.73 -3639.17 4222.51 1 1
-2256.24 4461.45 5126.88 7161.79 1 2
-493.801 4329.02 1539.11 4622.15 -1 2
event 124
1683.37 -11282.9 36294.7 38171.1
403.837 8009.58 -14420.7 16788.8
1758.84 4583.65 -8138.42 9505.17 -1 2
-687.04 -4663.99 16702.5 17355.4 1 1
2370.41 -6618.9 19592.2 20815.7 -1 1
-1355.01 3425.93 -6282.29 7283.64 1 2
event 125
9109.71 -7248.41 -7325.51 14098.9
-7849.47 4072.95 26668.6 28266.7
-3641.87 234.499 9474.61 10153.7 -1 2
2201.78 -2850.33 -967.67 3730.92 -1 1
6907.93 -4398.08 -6357.84 10368 1 1
-4207.6 3838.45 17194 18113 1 2
event 126
8376.57 -1165.92 -15138.7 17615.2
1956.45 -6886.4 12649 14860.7
1630.82 -4041.28 10194.9 11087.8 1 2
4022.65 -1164.34 -4652.06 6260.21 1 1
325.635 -2845.12 2454.14 3772.89 -1 2
4353.92 -1.57205 -10486.6 11355 -1 1
event 127
-4511.2 3888.01 -14346.7 15839.4
-11547.5 2400.08 -8866.24 15076.7
-3236.64 1489.38 -5253.4 6348.5 -1 1
-1274.55 2398.63 -9093.27 9490.87 1 1
-6880.08 493.794 -3584.85 7774.42 1 2
-4667.4 1906.28 -5281.38 7302.24 -1 2
event 128
8024.38 -3882.9 -38107.6 39258.8
4332.37 -5778.45 1383.66 7979.07
5706.23 -1616.09 -28728.7 29334.7 -1 1
2318.15 -2266.8 -9378.89 9924.06 1 1
1030.95 -2714.64 -739.821 2998.44 -1 2
3301.42 -3063.81 2123.48 4980.63 1 2
event 129
4192.52 -5529.4 5283.76 9255.32
-4785.1 4969.51 1802.64 8026.86
-989.169 3504.95 187.953 3648.24 1 2
2671.26 -1080.68 2268.41 3668.84 -1 1
1521.27 -4448.72 3015.35 5586.48 1 1
-3795.93 1464.56 1614.69 4378.63 -1 2
event 130
7907.39 -4042.01 13963.4 16835.5
885.93 -7934.71 -20112.3 21859.6
3824.19 -2852.39 4989.07 6903.81 1 1
4083.2 -1189.62 8974.34 9931.65 -1 1
1954.3 -3604.07 -9771.2 10597 -1 2
-1068.37 -4330.65 -10341.1 11262.6 1 2
event 131
5131.94 -7688.44 12884.2 16156.8
5315.06 2166.99 13673.3 15149.1
4010.37 560.034 6298.36 7488.47 1 2
3023.22 -3220.17 8364.74 9459.88 -1 1
1304.7 1606.96 7374.96 7660.67 -1 2
2108.72 -4468.27 4519.5 6696.95 1 1
event 132
264.15 -6370.61 -20109.8 21322.5
-719.813 8030.13 -15369.5 17629.9
-483.967 3938.39 -10718.1 11429.5 -1 2
-1145.08 -2247.89 -9989.89 10304 -1 1
1409.23 -4122.72 -10119.9 11018.5 1 1
-235.846 4091.74 -4651.36 6200.34 1 2
event 133
14727.2 -17186.7 -56525.5 60967.1
-4384.79 2823.74 -34274.4 34807
-1794.31 2966.3 -19357.3 19665.6 1 2
4406.29 -5898.7 -14894.7 16615.4 -1 1
-2590.48 -142.561 -14917.1 15141.4 -1 2
10320.9 -11288 -41630.8 44351.7 1 1
event 134
5414.33 -7310.99 -9111.51 13243
4426.48 -6049.8 -31996.1 33008.1
2629.84 -2177.84 -19644.5 19939.4 1 2
276.385 -2393.82 -3116.65 3940.99 -1 1
5137.94 -4917.18 -5994.86 9301.97 1 1
1796.64 -3871.95 -12351.5 13068.7 -1 2
event 135
-10422.8 -2059.49 -45866.3 47182.4
4467.52 3507.06 4786.57 8047.41
-7031.22 -23.3029 -26588.9 27503.1 -1 1
-3391.61 -2036.19 -19277.4 19679.3 1 1
618.168 2339.84 2130.49 3226.01 -1 2
3849.35 1167.22 2656.08 4821.39 1 2
event 136
7288.07 -5312.86 -9324.88 13486.4
-4907.97 4724.36 -12406 14488.2
-2397.06 4312.45 -8042.68 9436.05 -1 2
3540.59 -1380.44 -6041.96 7138.48 1 1
3747.48 -3932.42 -3282.92 6347.93 -1 1
-2510.91 411.903 -4363.33 5052.15 1 2
event 137
-10112.2 -1249.12 -50350 51463.8
10728.9 -811.924 -21113.4 23898.4
6284.93 -566.844 -15487.6 16724.2 1 2
-4624.25 413.59 -16932.1 17557.4 1 1
4443.96 -245.08 -5625.82 7174.25 -1 2
-5487.94 -1662.71 -33417.9 33906.5 -1 1
event 138
8800.52 -2454.03 -31728.3 33162.4
-516.323 7332.33 439.346 7988.35
4732.01 -342.305 -20329.3 20875.8 -1 1
4068.51 -2111.73 -11399 12286.6 1 1
1227.26 4012.6 -99.551 4198.59 -1 2
-1743.58 3319.73 538.897 3789.76 1 2
event 139
-6952.01 9048.38 7354.82 13924.4
-8902.45 -2819.35 1755.06 9993.63
-5975.99 -3350.08 1010.97 6925.95 -1 2
-1359.56 3509.05 1264.68 3971.45 1 1
-5592.46 5539.33 6090.15 9952.93 -1 1
-2926.45 530.733 744.09 3067.68 1 2
event 140
-1922.64 -11365.9 9905.75 15511.1
-5317.58 -2083.19 -769.542 6542.15
199.73 -6692.63 4573.33 8109.11 -1 1
-2122.37 -4673.29 5332.42 7402.02 1 1
-3193.69 109.856 -1281.89 3444.72 -1 2
-2123.89 -2193.04 512.35 3097.42 1 2
event 141
-3472.37 10678.8 28372.7 30670.7
3552.68 8063.2 -6872.53 11595.7
2685.33 4970.32 -6049.87 8278.11 -1 2
200.148 3983.15 8869.7 9725.66 -1 1
-3672.52 6695.6 19503 20945.1 1 1
867.345 3092.89 -822.658 3317.56 1 2
event 142
-138.988 -9150.07 23557.3 25461.4
7027.68 -6637.58 6795.24 12215.2
4072.46 -1795.12 2565.45 5138.1 1 2
-184.472 -2048.9 9393.37 9616.58 1 1
45.4841 -7101.18 14163.9 15844.8 -1 1
2955.22 -4842.46 4229.79 7077.07 -1 2
event 143
13329 3309.51 13645.4 19606.2
5952.71 -141.82 15711.8 17085.3
6966.08 3000.55 8687.53 11533.2 1 1
6362.96 308.966 4957.89 8073.07 -1 1
3689.47 -1445.44 11066.6 11755.1 -1 2
2263.25 1303.62 4645.21 5330.18 1 2
event 144
-7530.43 -2622.35 -14606.8 16927.3
-5319.8 11660.7 -65310.7 66628.4
-1164.61 4537.87 -17756.3 18364.3 -1 2
-2281.32 -829.173 -7665.21 8041.05 1 1
-4155.19 7122.86 -47554.3 48264.1 1 2
-5249.11 -1793.17 -6941.6 8886.26 -1 1
event 145
-6077.73 4390.1 -22758.9 24161.3
-4434.58 -6859.62 17346.7 19422.1
-2732.58 -5083.09 14770.8 15858.5 1 2
-3725.46 852.615 -11968.5 12564.3 1 1
-1701.99 -1776.53 2575.96 3563.65 -1 2
-2352.27 3537.48 -10790.4 11597 -1 1
event 146
1185.08 -8585.14 -553.521 9219.89
-495.919 6488.99 -7340.56 10479.7
354.132 3376.47 -6174.86 7047.41 1 2
-95.8939 -4225.26 1124.48 4374.66 -1 1
-850.05 3112.52 -1165.7 3432.26 -1 2
1280.98 -4359.88 -1678 4845.23 1 1
event 147
-8863.19 -5764.2 -2490.5 11294.9
-9801.32 7892.62 -18705.7 22756.4
-6161.38 6757.17 -13154.2 16020.8 1 2
-4343.66 -2869.32 355.463 5218.99 -1 1
-3639.94 1135.45 -5551.48 6735.62 -1 2
-4519.53 -2894.88 -2845.96 6075.95 1 1
event 148
-10111.7 7662.59 -54935 56466
-225.253 -6287.17 38176.3 38815
1421.17 -3280.4 18691.2 19030.4 1 2
-3896.39 1483.99 -21535.9 21936 -1 1
-1646.42 -3006.77 19485.1 19784.6 -1 2
-6215.3 6178.6 -33399.1 34530 1 1
event 149
7309.33 -8939.96 32535.1 34662.3
-3602.94 4732.63 11533.5 13341.3
4980.05 -4133.62 20427.8 21428.9 -1 1
2329.29 -4806.34 12107.2 13233.4 1 1
-1516.71 3120.42 3690.63 5066.49 -1 2
-2086.22 1612.21 7842.85 8274.84 1 2
event 150
-1992.66 6343.47 -1318.85 7452.52
1360.71 -19020.1 69659.2 72288.4
-2503.91 2851.18 -512.019 3830.42 -1 1
511.251 3492.29 -806.83 3622.1 1 1
-214.186 -14747.3 52014.2 54064.9 1 2
1574.89 -4272.89 17645.1 18223.5 -1 2
event 151
4678.58 4527.64 4997.62 8997.28
-3737.95 -19980.8 -67831.5 70879.5
2454.25 3281.44 942.452 4206.01 -1 1
2224.33 1246.2 4055.17 4791.27 1 1
-2238.95 -16007.2 -56912.1 59162.8 -1 2
-1499 -3973.61 -10919.4 11716.7 1 2
event 152
-9693.55 -18153.2 -27067.4 34142.9
1224.53 -4270.82 4423.51 6992.56
-3639.43 -10086 -13773.5 17455.4 -1 1
-6054.12 -8067.23 -13293.9 16687.5 1 1
2134.07 -2421.11 1954.68 3774.64 -1 2
-909.544 -1849.71 2468.83 3217.91 1 2
event 153
-10.1375 7154.62 39963.8 40766.2
-5075.29 3591.5 -11310.4 13273
-2557.07 3403.96 -8403.67 9421.16 -1 2
-1644.6 3138.6 13952.6 14395.9 -1 1
1634.47 4016.02 26011.2 26370.3 1 1
-2518.22 187.541 -2906.74 3851.87 1 2
event 154
7011.85 -7663.89 -6904.68 12851.7
-843.573 11958.4 -27589.3 30240.3
5078.3 -5266.99 -6416.22 9731.87 1 1
1933.55 -2396.9 -488.469 3119.86 -1 1
-1871.01 9920.43 -22637.3 24786.6 -1 2
1027.44 2037.99 -4952 5453.67 1 2
event 155
-4045.15 -6626.51 -18550.3 20346.5
-3962.63 -8470.37 -7795.55 12562.3
-2732.67 -2844.09 -2134.22 4485.8 -1 2
-534.316 -3803.67 -9032.71 9816.03 1 1
-1229.96 -5626.28 -5661.33 8076.49 1 2
-3510.83 -2822.84 -9517.62 10530.5 -1 1
event 156
7860.96 -2914.83 -11569.1 14619.4
5038.7 2453.32 3147.02 7134.55
3140.98 726.172 3230.35 4565.02 1 2
3423.17 -2683.05 -4426.85 6206.85 -1 1
1897.72 1727.14 -83.3288 2569.53 -1 2
4437.8 -231.781 -7142.25 8412.53 1 1
event 157
-5501.42 -952.799 22959.1 23830.3
-7388.17 6748.18 -1339.9 10559.8
-1797.38 3335.82 313.322 3803.63 1 2
-1731.05 1044.44 9394.18 9609.85 1 1
-5590.79 3412.36 -1653.22 6756.14 -1 2
-3770.37 -1997.23 13564.9 14220.5 -1 1
event 158
-647.097 5453.06 21529.8 22433.8
-2680.32 -8211.37 -21310.2 23201.8
902.467 3908.71 11910.4 12568.3 -1 1
-1549.56 1544.35 9619.34 9865.55 1 1
-2953.52 -4193.79 -12638.1 13639.8 -1 2
273.205 -4017.58 -8672.09 9562 1 2
event 159
-12597.8 6121.88 4195.54 14945.7
8119.42 -7482.7 3482.49 11984.7
6986.8 -5573.19 3850.02 9731.89 -1 2
-2132.64 2268.36 288.469 3128.58 1 1
-10465.1 3853.52 3907.08 11817.1 -1 1
1132.63 -1909.51 -367.524 2252.84 1 2
event 160
6078.44 -3225.47 8370.26 11269.6
-8395.97 -4326.04 -7855.18 12668.9
-3590.33 -1859.47 -1467.12 4302.52 -1 2
2855.36 -445.488 1694.58 3351.76 1 1
-4805.64 -2466.58 -6388.06 8366.4 1 2
3223.08 -2779.98 6675.68 7917.85 -1 1
event 161
-5508.99 -4073.5 16843.7 18445.7
-12270.6 -2601.45 -9412.2 15984.9
-3284 -3434.48 13956 14743.1 -1 1
-2224.98 -639.02 2887.76 3702.6 1 1
-6468.67 -2834.16 -5856.27 9175.14 1 2
-5801.94 232.715 -3555.92 6809.73 -1 2
event 162
-11864 -4649.99 -17692.2 22022.3
6727.9 -6630.57 3035.98 10394.1
-5579.31 -3728.39 -8130.3 10542.4 -1 1
-6284.74 -921.597 -9561.92 11479.9 1 1
3054.24 -1023.73 730.241 3304.67 -1 2
3673.66 -5606.84 2305.74 7089.43 1 2
event 163
4657.45 6220.68 -12997.2 15456.6
7880.16 7043 15943.6 19377.6
1950.56 2779.11 7364.67 8110.35 1 2
763.095 2359.87 -2078.32 3237.57 1 1
5929.6 4263.89 8578.96 11267.2 -1 2
3894.35 3860.81 -10918.9 12219 -1 1
event 164
4693.72 324.408 -4762.49 7376.22
-10977.6 -16400.9 6376.3 20970.1
2902.09 1692.46 -2585.02 4240.28 -1 1
1791.63 -1368.05 -2177.48 3135.93 1 1
-6918.3 -10643.5 5623.76 13884.7 -1 2
-4059.27 -5757.37 752.542 7085.37 1 2
event 165
12944.8 -923.002 5104.88 14285.4
-2104.41 -12613.9 216.794 13310.7
-960.836 -5824.2 -1734.61 6153.42 -1 2
4874.98 -1344.63 3190.05 5980.06 1 1
8069.85 421.63 1914.83 8305.3 -1 1
-1143.57 -6789.72 1951.4 7157.31 1 2
event 166
-9414.1 4561.62 -8396.23 13766.7
7270.9 528.476 17271.2 19000.8
5467.18 -593.167 14496.3 15504.7 -1 2
-4115.57 2223.66 -5708.47 7381.09 1 1
-5298.52 2337.96 -2687.76 6385.58 -1 1
1803.72 1121.64 2774.95 3496.14 1 2
event 167
15498.3 -2897.34 3863.83 16526.1
7489.59 -735.497 -1853.17 8346.33
9424.12 -2265.52 893.498 9734.27 -1 1
6074.22 -631.816 2970.34 6791.86 1 1
5552.92 -1833.63 -881.248 5914.8 -1 2
1936.67 1098.13 -971.918 2431.53 1 2
event 168
-8377.21 -498.387 -22911.2 24595.6
5500.95 5765.31 18893.4 20737.6
3548.76 3897.51 8533.77 10031 1 2
-3591.57 -1731.73 -10905.3 11611.8 1 1
1952.19 1867.8 10359.6 10706.7 -1 2
-4785.65 1233.35 -12006 12983.8 -1 1
event 169
5324.98 4321.14 5172.29 9130.8
-3322.11 -6548.26 -13707.3 15855.5
-2887.07 -2531.6 -5519.73 6724.78 -1 2
2501.88 198.17 1464.96 2907.91 -1 1
2823.11 4122.98 3707.33 6222.89 1 1
-435.043 -4016.66 -8187.56 9130.72 1 2
event 170
8493.74 -815.448 -5275.8 10499.2
3227.31 -8882.6 3021.03 10393.9
4822.26 -1991.79 -3145.91 6093.38 -1 1
3671.48 1176.34 -2129.88 4405.8 1 1
869.224 -6605.06 2128.56 6994.59 -1 2
2358.09 -2277.54 892.468 3399.33 1 2
event 171
6779.87 2581.99 10077 12797.3
-6584.29 -188.946 7263.46 10282.9
3739.86 3014.87 6469.88 8058.93 1 1
3040.01 -432.876 3607.16 4738.34 -1 1
-2098.74 -1440.03 1892.65 3173.59 -1 2
-4485.55 1251.08 5370.81 7109.3 1 2
event 172
3630.84 -11833.2 -6854.96 14484.1
-13678.4 8554.49 -30372.3 34530.4
-11364.9 7905.59 -27465.8 30757.8 1 2
621.34 -6007.19 -4435.54 7493.84 1 1
-2313.56 648.902 -2906.5 3772.6 -1 2
3009.5 -5826.02 -2419.42 6990.3 -1 1
event 173
9246.01 -3923.28 -11820.1 15817.4
-1676.47 5463.76 17980.8 19224.1
-2243.11 3316.91 7422.9 8434.69 1 2
3174.07 -2995.74 -4771.6 6467.49 1 1
566.641 2146.85 10557.9 10789.4 -1 2
6071.94 -927.546 -7048.53 9349.96 -1 1
event 174
5068.67 -7281.23 -14722.8 17465.9
-5017.28 -2196.91 26149.1 26895.4
-3549.83 17.0439 12759.9 13244.9 1 2
3660.15 -2799.25 -8486.24 9657.12 1 1
-1467.45 -2213.95 13389.2 13650.5 -1 2
1408.52 -4481.98 -6236.56 7808.83 -1 1
event 175
5559.41 -13831 54871.8 56944.8
-4868.97 -6952.28 -10797.6 14079.1
-2763.19 -1692.12 -2840.55 4310.26 1 2
1886.12 -2565.3 15695.1 16015.2 -1 1
3673.28 -11265.7 39176.7 40929.6 1 1
-2105.78 -5260.17 -7957.08 9768.83 -1 2
event 176
-9310.3 -560.591 4540.49 10826
8767.59 3490.93 -10714.5 14609.9
3818.05 2701.64 -3583.94 5893.4 -1 2
-3434.53 -1397.2 754.064 3785.23 1 1
-5875.77 836.607 3786.43 7040.79 -1 1
4949.55 789.289 -7130.61 8716.52 1 2
event 177
5580.53 11235 167.015 12922.4
6384.96 6140.68 -370.051 9391.64
4286.97 5217.4 -187.312 6756.16 -1 1
1293.55 6017.64 354.327 6166.2 1 1
4714.18 2419.38 -72.9833 5300.32 -1 2
1670.78 3721.29 -297.068 4091.32 1 2
event 178
10934.2 -6866.12 -14465.6 19635.3
18367.6 -3124.81 4304.7 19371.5
6484.88 -2493.87 -8755.46 11177.8 -1 1
4449.28 -4372.25 -5710.13 8457.5 1 1
15617 -2274.31 4691.34 16464.6 -1 2
2750.65 -850.507 -386.643 2906.9 1 2
event 179
10485.6 -6200.28 -7984.55 14890.8
4576.81 1711.51 22968.8 23686.1
2300.69 2311.93 10457.5 10954.8 1 2
3511.54 -3416.09 -2019.43 5299.98 1 1
2276.13 -600.424 12511.4 12731.3 -1 2
6974.09 -2784.19 -5965.12 9590.8 -1 1
event 180
4513.85 8696.04 18309.1 20995.5
212.292 -4981.98 21862.2 22636.5
-1314.91 -3488.68 14146 14629.5 1 2
554.923 4341.3 8301.65 9385.28 -1 1
1527.2 -1493.3 7716.15 8007.02 -1 2
3958.92 4354.75 10007.5 11610.2 1 1
event 181
-6438.6 -5213.31 1515.85 8973.46
-6562.02 7638.79 -33044.8 34683.7
-1683.32 4304.37 -14131.9 14868.8 1 2
-2722.24 -711.836 -365.832 2839.42 1 1
-4878.7 3334.42 -18912.9 19814.9 -1 2
-3716.37 -4501.47 1881.68 6134.05 -1 1
event 182
11135.9 14530.1 20412.8 27593.6
5662.89 1280.74 -3817.94 7607.65
6203.47 6956.09 8307.54 12485.9 -1 1
4932.41 7574.01 12105.3 15107.7 1 1
3682.61 -719.878 -1977.95 4243.03 -1 2
1980.27 2000.62 -1839.99 3364.62 1 2
event 183
-3885.32 -2884.22 2655.94 6329.25
10597.4 4910.94 6553.65 13746.3
-2973.98 -981.952 273.664 3145.61 1 1
-911.342 -1902.27 2382.28 3183.64 -1 1
6190.65 4105.89 5190.05 9062.58 1 2
4406.7 805.044 1363.6 4683.77 -1 2
event 184
-10538.1 -2736.79 -23473.3 26060.1
8530.98 1393 -12499.7 15509.8
3760.27 1150.22 -3264.85 5112.05 1 2
-3666.99 197.702 -5717.96 6796.48 1 1
-6871.08 -2934.5 -17755.3 19263.6 -1 1
4770.71 242.779 -9234.89 10397.7 -1 2
