event 0
7175.53 227.879 24708 25915.5
4036.75 5837.19 22986.8 24255.9
4117.11 -524.065 9240.62 10130.4 -1 1
3058.42 751.944 15467.3 15785.1 1 1
3521.16 3001.16 16868.8 17492.1 -1 2
515.597 2836.03 6117.92 6763.8 1 2
event 1
6445.94 -2328.32 -2316.9 7869.53
3205.7 -8909.49 3995.05 10733.4
3989.89 -44.6582 -2092.25 4506.65 -1 1
2456.05 -2283.66 -224.647 3362.87 1 1
271.148 -5214.78 2436.21 5763.14 -1 2
2934.56 -3694.7 1558.84 4970.27 1 2
event 2
397.841 11524.8 37650.1 39498.1
6511.18 1723.13 -10083.8 12515.5
3579.77 801.169 -7998.78 8800.47 1 2
48.7418 5667.69 13434.2 14581.3 -1 1
2931.41 921.957 -2084.98 3715.03 -1 2
349.099 5857.15 24215.9 24916.9 1 1
event 3
-6092.65 -7179.27 -1965.75 10105.3
-31291.6 8945.18 -38537.9 50536.5
-2627.21 -4273.91 337.44 5029.27 1 1
-3465.44 -2905.37 -2303.19 5076.05 -1 1
-22755.1 7466.88 -29805.8 38235.4 -1 2
-8536.5 1478.3 -8732.12 12301.1 1 2
event 4
9646.91 -8243.15 31882.7 34454.5
-465.303 4083.23 -178.456 5149.01
4407.5 -4934.39 19775.4 20853.1 -1 1
5239.41 -3308.75 12107.4 13601.4 1 1
-1743.04 2452.84 282.884 3024.2 -1 2
1277.74 1630.39 -461.339 2124.81 1 2
event 5
-279.228 5492.61 -11872.5 13445.9
9673.45 1263.63 11801.3 15621.5
-1666.67 3447.57 -6893.23 7886.15 -1 1
1387.44 2045.03 -4979.24 5559.78 1 1
4671.12 2165.88 5813.39 7766.41 1 2
5002.34 -902.246 5987.86 7855.13 -1 2
event 6
-4719.81 -2535.11 -1992.18 6501.01
2832.89 8088.23 -351.11 9119.15
-2584.99 -2985.78 -1685.15 4295.11 -1 1
-2134.82 450.673 -307.035 2205.9 1 1
2947.77 3944.05 235.927 4930.69 1 2
-114.886 4144.18 -587.037 4188.47 -1 2
