event 0
-2457.26 4030.02 7906.11 9714.76
5851.64 17740.1 -58990.9 61955.3
-2495.11 1974.21 2917.96 4318.42 1 1
37.8477 2055.81 4988.14 5396.34 -1 1
3197.78 12287.4 -35819 38002.9 1 2
2653.85 5452.75 -23171.8 23952.5 -1 2
event 1
-4024.71 -5089.1 -11868.9 13876.6
6527.75 8447.68 14264.4 18084.2
-2766.09 -3107.13 -10134.7 10955.8 1 1
-1258.63 -1981.97 -1734.2 2920.78 -1 1
2968.19 5973.66 7383.3 9950.83 -1 2
3559.56 2474.01 6881.05 8133.34 1 2
event 2
2212.15 -8462.68 -13859.8 16679.2
-2774.25 5355.93 -25144.7 26042.8
2417.14 -4027.19 -5678.46 7369.99 1 1
-204.991 -4435.49 -8181.36 9309.21 -1 1
-2964.52 2554.05 -12960.4 13538.6 -1 2
190.272 2801.88 -12184.3 12504.2 1 2
event 3
-6641.56 2211.85 -31460.2 32378
-7025.87 -1730.87 -3236.59 8510.33
-4646.5 405.864 -1759.8 4986.25 1 2
-2578.18 2175.51 -18143.8 18455 -1 1
-2379.37 -2136.74 -1476.79 3524.08 -1 2
-4063.38 36.3436 -13316.4 13923 1 1
event 4
-7687.78 2921.89 -10324.4 13558.2
6601.82 -7059.32 22014.4 24241.3
2667.88 -2232.98 11561 12073.6 1 2
-3306.68 -71.0239 -5311.76 6258.21 1 1
3933.94 -4826.35 10453.4 12167.8 -1 2
-4381.1 2992.91 -5012.67 7299.97 -1 1
event 5
-9104.49 -3256.28 40463.3 41717.7
-1315.69 -4756.4 1445.01 6002.71
33.6145 -3094.5 2123.42 3754.62 1 2
-4301.4 -1402.07 12732.8 13513.1 -1 1
-1349.31 -1661.9 -678.411 2248.1 -1 2
-4803.09 -1854.21 27730.5 28204.6 1 1
event 6
8037.14 10722.5 62681.3 64172.5
-4509.93 -5059.34 650.475 7480
3465.85 6064.77 38337.9 38969.2 -1 1
4571.29 4657.76 24343.4 25203.3 1 1
-2638.17 -4197 -709.034 5008.85 -1 2
-1871.77 -862.337 1359.51 2471.15 1 2
