event 0
7500.27 -5278.09 41388.4 42505.4
5497.49 -5075.67 2563.99 8494.11
4513.4 -1877.47 16528.1 17236.2 -1 1
2986.87 -3400.62 24860.3 25269.2 1 1
3108.78 -2319.97 -247.121 3888.32 -1 2
2388.71 -2755.7 2811.11 4605.79 1 2
event 1
-17657.3 1350 -26691.3 32181.1
-4702.1 -1703.43 -20426.2 21256.4
-12025.1 -527.101 -17607 21328.3 1 1
-5632.21 1877.1 -9084.37 10852.7 -1 1
-3015.9 158.157 -7462.4 8051.04 -1 2
-1686.2 -1861.59 -12963.8 13205.3 1 2
event 2
-5690.71 -3596.25 5954.37 9505.92
-5161.16 -14534.5 79427.5 80970.4
-4644.01 -1808 5419.64 7363.38 -1 1
-1046.7 -1788.24 534.733 2142.54 1 1
-4509.81 -9270.86 56919.3 57845.5 1 2
-651.347 -5263.68 22508.2 23124.9 -1 2
event 3
-7664.71 -31129.2 -27780.5 42533.8
18644.5 -14107 26303.7 35328.5
12848.4 -7864.77 16681.4 22477 -1 2
-2120.95 -9472.81 -10316.4 14165.8 -1 1
-5543.76 -21656.4 -17464.2 28368 1 1
5796.13 -6242.19 9622.35 12851.5 1 2
