event 0
-15326.8 -7911.84 8690.48 19560.7
15681.8 4658.19 -3269.44 16967.5
-7725.07 -5661.02 4315.69 10505.3 -1 1
-7601.69 -2250.82 4374.78 9055.48 1 1
10413.4 2960.76 -3631.93 11419.6 -1 2
5268.36 1697.43 362.49 5547.93 1 2
event 1
-15891.8 -6731.3 9307.61 19851.5
6202.7 1503.72 -763.81 7135.06
4762.65 -217.625 -1010.9 4874.76 1 2
-7354.09 -2339.07 5699.06 9593.97 -1 1
1440.05 1721.34 247.089 2260.3 -1 2
-8537.76 -4392.24 3608.55 10257.6 1 1
event 2
-13856.1 224.884 15134.5 20753
15570.2 622.246 75773 77420.6
-7056.75 128.151 9958.99 12206.8 -1 1
-6799.32 96.7329 5175.5 8546.17 1 1
10598.4 -575.264 45765 46979.8 -1 2
4971.84 1197.51 30008 30440.8 1 2
event 3
-1530.4 -7199.8 16927.9 18717
4030.1 8909.62 9748.46 14150.8
2634.27 2506.97 2732.43 4549.9 1 2
-122.022 -2603.5 9632.72 9979.66 -1 1
1395.83 6402.65 7016.02 9600.94 -1 2
-1408.38 -4596.3 7295.2 8737.32 1 1
event 4
-7237.75 4831.22 41.0879 9236.83
7671.79 -7526.75 -46012.3 47352.2
4643.06 -2599.05 -19277.3 19998.5 -1 2
-2611.03 613.167 -1047.22 2881.2 -1 1
-4626.72 4218.06 1088.31 6355.64 1 1
3028.72 -4927.7 -26735.1 27353.8 1 2
event 5
-2031.43 -14230.9 -4830.9 15478.2
-7034.86 -4794.45 -28590.5 29991.4
-3946.58 -2581.65 -20734.7 21264.5 -1 2
12.4686 -4017.28 -2712.04 4848.2 -1 1
-2043.9 -10213.6 -2118.86 10630 1 1
-3088.28 -2212.8 -7855.76 8726.86 1 2
event 6
-2827.84 -11456.1 18626.2 22265.8
3939.82 -8440.01 12989.9 16281.4
-2033.05 -6209.9 7561.7 9994.33 1 1
-794.787 -5246.2 11064.5 12271.5 -1 1
3987.05 -6299.54 11361.1 13589.2 -1 2
-47.2284 -2140.47 1628.83 2692.23 1 2
event 7
-2159.75 -9369.3 11616.7 15394.4
5927.19 -6325.63 14151.6 16882.1
-2648.59 -4647.97 6342.95 8298.36 1 1
488.846 -4721.34 5273.71 7095.99 -1 1
3295.06 -5433.88 10749.5 12487.9 -1 2
2632.13 -891.746 3402.13 4394.2 1 2
event 8
4769.04 11071.3 16792 20901.7
-6348.11 -8137.15 -2878.99 11330.9
-6006.35 -5961.14 -1175.38 8544.25 1 2
2586.39 4881.22 5239.72 7614.56 1 1
-341.758 -2176.01 -1703.61 2786.62 -1 2
2182.65 6190.11 11552.3 13287.2 -1 1
event 9
-7961.54 -9002.71 -2556.77 12671.3
4530.11 8645.76 12043.2 15808.2
-5025.39 -7160.32 -2824.4 9193.1 -1 1
-2936.14 -1842.4 267.627 3478.24 1 1
1906.31 2859.64 2166.25 4063.91 -1 2
2623.79 5786.12 9876.96 11744.3 1 2
event 10
-14710.9 -6402.93 27714.7 32173
2971.61 10110.4 21642.7 24270.2
-7953.85 -2091.36 15802 17814.3 1 1
-6757 -4311.58 11912.8 14358.7 -1 1
3497.97 8099.32 16268.3 18506.9 -1 2
-526.367 2011.07 5374.38 5763.38 1 2
event 11
2556.91 7121.18 -672.998 8203.24
2567.28 -11719.6 2760.73 12694.6
1480.67 4269.84 -1916.41 4909.96 1 1
1076.24 2851.34 1243.41 3293.28 -1 1
2813.49 -6345.69 2211.81 7286.07 1 2
-246.205 -5373.91 548.921 5408.51 -1 2
event 12
6048.29 551.498 10270.5 12327.2
-12994.9 994.348 -19960.5 24038.9
-3203.09 216.528 -7595.89 8247.14 1 2
2064.12 -1200.1 2805.12 3685.2 -1 1
-9791.77 777.82 -12364.7 15791.8 -1 2
3984.17 1751.6 7465.35 8642.01 1 1
event 13
-11102.4 1879.21 -17746.1 21244.1
5981.46 1554.74 8484.61 10944.2
-7594.29 2640.74 -11369 13925.3 -1 1
-3508.07 -761.525 -6377.09 7318.8 1 1
1876.63 2016.72 2956.28 4042.23 -1 2
4104.84 -461.971 5528.33 6901.93 1 2
event 14
-2683.23 5175.22 -24838.5 25700.7
-7843.22 1733.93 -1849.69 8805.39
-2408.63 1881.98 10.0411 3058.53 1 2
-2275.25 1153.87 -9163.55 9512.62 1 1
-5434.58 -148.044 -1859.73 5746.86 -1 2
-407.983 4021.35 -15675 16188.1 -1 1
event 15
-10666.4 5069.85 49102.2 50597.4
-9152.54 -3646.55 10571.5 14778.8
-3790.48 -639.156 2329.76 4496.13 1 2
-1699.39 2021.94 8323.48 8733.14 -1 1
-8966.98 3047.91 40778.7 41864.2 1 1
-5362.06 -3007.4 8241.73 10282.7 -1 2
event 16
-6080.45 -2757.93 -21745.6 22957.4
6787.62 8411.16 -12960.3 17157.5
1938.05 2954.66 -6544.12 7437.93 1 2
-3132.42 84.8845 -7365.69 8005.24 1 1
4849.57 5456.5 -6416.21 9719.6 -1 2
-2948.03 -2842.82 -14380 14952.1 -1 1
event 17
-7495.15 -653.495 31108.7 32155
5828.85 13230.8 35700.2 38641
1451.81 3752.63 6669.79 7790.2 1 2
-3395.24 -1780.11 16495.1 16935 1 1
4377.04 9478.21 29030.4 30850.8 -1 2
-4099.91 1126.61 14613.7 15220 -1 1
event 18
10151 2033.74 -27027.1 29107.3
10768.4 1392.12 -5883.92 12732.1
6927 -480.812 -4328.48 8183 1 2
5057.81 -127.366 -10068.9 11269.1 -1 1
3841.36 1872.93 -1555.44 4549.12 -1 2
5093.2 2161.1 -16958.2 17838.2 1 1
event 19
20021.8 5312.71 -63229.4 66608.2
11726.5 1858.66 -6023.71 13669
11776.4 2839.26 -41613 43340.5 -1 1
8245.42 2473.45 -21616.4 23267.7 1 1
6397.19 2424.22 -2660.62 7341.04 -1 2
5329.29 -565.559 -3363.09 6327.93 1 2
event 20
-1975.37 -7436.96 28637.9 29815
4238.76 3858.34 12626.3 14208.1
210.433 -5026.2 16780.5 17518.6 1 1
-2185.8 -2410.76 11857.5 12296.3 -1 1
2009.79 525.465 2156.11 2995.89 -1 2
2228.97 3332.87 10470.2 11212.2 1 2
event 21
23607.6 10544.8 -4952.29 26507.1
-25115.2 16886.5 -14294 33613
-22919.7 14527.8 -12090.9 29708.1 1 2
11463.2 3514.55 -1802.13 12125 1 1
-2195.44 2358.71 -2203.11 3904.91 -1 2
12144.5 7030.21 -3150.16 14382.2 -1 1
event 22
8526.97 -748.268 1420.99 9213
-6215.31 7077.64 -690.364 9939.33
-4351.95 5425.82 852.086 7008.3 1 2
4149.35 1123.67 241.549 4306.89 -1 1
-1863.36 1651.82 -1542.45 2931.03 -1 2
4377.62 -1871.94 1179.44 4906.11 1 1
event 23
-5453.45 13310 14782.7 20856.9
5576.81 -9339.24 19541.9 22578.8
3010.04 -4055.62 11989.7 13010.4 -1 2
-3013.74 3590.84 4912.63 6791.31 1 1
-2439.71 9719.12 9870.03 14065.6 -1 1
2566.77 -5283.62 7552.27 9568.33 1 2
event 24
-5544.48 13645.2 -17664.7 23207
-13516 8085.8 -25194.8 29873.6
-4705.42 2344.97 -5932.72 7927.69 1 2
229.612 2266.47 -2987.4 3758.37 1 1
-5774.09 11378.7 -14677.3 19448.6 -1 1
-8810.57 5740.83 -19262.1 21945.9 -1 2
event 25
-6488 14742.1 -15182.7 22350.1
-7075.88 5784.45 -19721.4 21955.7
-2372.26 9171.79 -8874.58 12981.5 -1 1
-4115.74 5570.27 -6308.16 9368.63 1 1
-5969.98 3064.82 -13613.4 15177.9 -1 2
-1105.91 2719.62 -6108.03 6777.8 1 2
event 26
-5927.21 11635.5 -10921.1 17417.7
-6888.73 6524.62 -21546.6 23746
-1795.85 3386.08 -10580.3 11253.7 1 2
-274.1 2533.3 -786.436 2668.78 1 1
-5653.11 9102.22 -10134.7 14748.9 -1 1
-5092.88 3138.54 -10966.3 12492.4 -1 2
event 27
3285.37 -6903.75 -8526.56 11863.9
-5857.17 -4687.57 -6844.07 10616.6
-4178.47 -2711.51 -6179.45 7937.8 1 2
2798.83 -2470.37 -3219.52 4930.79 -1 1
-1678.7 -1976.06 -664.624 2678.76 -1 2
486.54 -4433.39 -5307.04 6933.07 1 1
event 28
4598.76 3188.7 -17947.7 19053.3
-12291.7 -11211.1 4623.76 17542.6
4186.27 1220.69 -11549.4 12345.7 1 1
412.491 1968.01 -6398.26 6707.61 -1 1
-6604.18 -7142.45 4008.64 10521.9 1 2
-5687.48 -4068.61 615.125 7020.73 -1 2
event 29
-2151.4 24253.5 -93636.3 96799.8
-23305.7 -16923.4 -156090 158755
-6200.24 -6107.8 -50073.6 50824.4 1 2
-885.339 5150.88 -25177.5 25714.5 -1 1
-17105.5 -10815.6 -106017 107931 -1 2
-1266.06 19102.6 -68458.8 71085.3 1 1
event 30
-6444.71 362.107 -3753.5 8083.6
12377.7 -6243.11 47675.4 49746.6
-3730.74 926.91 -614.43 3894.39 -1 1
-2713.97 -564.803 -3139.07 4189.22 1 1
8401.06 -5689.8 35806.7 37216.7 1 2
3976.66 -553.306 11868.8 12529.9 -1 2
event 31
-4328.41 -4190.81 10813.7 12760.3
-9982.91 11173.7 41423.5 44158.9
-2073.24 -3216.03 4093.91 5604.68 1 1
-2255.17 -974.78 6719.79 7155.61 -1 1
-6130.89 4675.41 19440.6 20914 1 2
-3852.03 6498.27 21982.9 23244.9 -1 2
event 32
-9062.1 8057.16 29786.9 32309.3
-3151.91 -4665.59 13373.4 14971.3
-214.779 -3430.67 5629.61 6596.91 1 2
-2613.69 4319.26 12710.8 13677.1 -1 1
-2937.13 -1234.92 7743.82 8374.34 -1 2
-6448.41 3737.9 17076.1 18632.2 1 1
event 33
-2193.88 6941.9 -838.832 7955.96
7077.61 -713.112 2344.1 8104.64
5077.84 -1835.37 1167.75 5525.2 1 2
510.191 3009.79 -892.683 3182.32 -1 1
1999.77 1122.26 1176.35 2579.44 -1 2
-2704.07 3932.11 53.8514 4773.63 1 1
event 34
4364.77 -7451.88 13386.8 16228.9
-3494.28 -22599.2 11075 25596.5
425.701 -5416.61 2188.22 5858.36 1 2
2568.93 -1980.92 6387.46 7164.8 -1 1
-3919.98 -17182.6 8886.81 19738.1 -1 2
1795.84 -5470.96 6999.3 9064.09 1 1
event 35
-397.109 -22411.1 11259.9 25274.4
5582.76 -8556.51 14990 18403
-1635.44 -16832.8 8385.44 18877.1 -1 1
1238.33 -5578.38 2874.47 6397.31 1 1
862.154 -2111.76 5756.88 6193.2 -1 2
4720.6 -6444.75 9233.08 12209.8 1 2
event 36
-3954.98 -6079.66 -4410.01 9035.64
12414 -3941.3 6327.17 14807.6
10001.1 -2769.86 3609.91 10988 1 2
-694.23 -3556.96 -2903.97 4645.22 1 1
2412.87 -1171.45 2717.26 3819.54 -1 2
-3260.75 -2522.7 -1506.04 4390.42 -1 1
event 37
-3304.12 -7112.52 2283.33 8735.52
9799.97 13070.7 -18610.6 24956.5
-2022.88 -4587.34 -125.771 5016.25 -1 1
-1281.24 -2525.18 2409.1 3719.28 1 1
4613.76 8131.17 -9067.76 13024.5 -1 2
5186.21 4939.56 -9542.8 11932 1 2
event 38
-2598.64 -7093.53 -640.475 8189.77
5212.84 7973.08 -13169.8 16546.3
3630.38 5661.19 -6693.25 9488.91 1 2
-2315.68 -2302.75 357.153 3286.9 1 1
1582.46 2311.89 -6476.6 7057.38 -1 2
-282.963 -4790.78 -997.628 4902.86 -1 1
event 39
-15473.4 5410.92 -40496.5 43797.9
9294.44 5198.09 -18091.8 21314.5
-8294.79 1436.98 -22320 23855 -1 1
-7178.62 3973.94 -18176.5 19942.9 1 1
1474.64 2511.95 -5933.6 6610.84 -1 2
7819.8 2686.14 -12158.2 14703.6 1 2
event 40
2136.03 -12582.1 -38129.5 40327.7
-4706.19 9130.78 4577.5 11664.7
-87.3254 -8335.93 -23939.7 25349.9 -1 1
2223.35 -4246.21 -14189.8 14977.8 1 1
-2181.27 2889.15 187.983 3626.51 -1 2
-2524.93 6241.64 4389.51 8038.18 1 2
event 41
-3157.67 5314.61 -5292.94 8707.45
6991.75 -3141.59 -29843.5 30967.4
3652.5 -211.712 -16584.3 16983.4 1 2
-1977.54 1087.62 -2997.49 3753.63 1 1
3339.25 -2929.88 -13259.2 13984 -1 2
-1180.13 4226.99 -2295.45 4953.83 -1 1
event 42
7891.54 7689.24 9215.73 14694.2
-4441.39 -4698.46 2393.31 7557.83
3603.36 5543.61 4759.45 8147.35 -1 1
4288.17 2145.63 4456.28 6546.89 1 1
-2242.42 -4170.57 2364.39 5293.73 -1 2
-2198.97 -527.885 28.9205 2264.1 1 2
event 43
-10610.7 9714.23 -10342.3 17986.3
4855.68 6900.25 3045 9489.7
-6641.8 7350.2 -8340.78 12950.6 -1 1
-3968.94 2364.03 -2001.48 5035.7 1 1
1147.5 2637.76 2500.34 3812.79 -1 2
3708.18 4262.5 544.665 5676.91 1 2
event 44
-9444.27 11030.4 -11832.1 18985.6
6778.42 9291.27 1406.46 11993.5
-3803.1 6718.94 -6718.47 10235.1 1 1
-5641.17 4311.47 -5113.6 8750.52 -1 1
2960.86 5910.28 -291.426 6617.71 -1 2
3817.56 3380.99 1697.89 5375.76 1 2
event 45
7733.82 -1745.52 -23955.1 25422.3
-2154.52 5317.19 847.109 6574.43
-2584.29 3322.72 -317.743 4222.69 -1 2
3364.6 314.221 -13300.1 13723.1 1 1
4369.22 -2059.74 -10655 11699.3 -1 1
429.763 1994.48 1164.85 2351.74 1 2
event 46
-17198.1 4409.49 29517.4 34584.5
-485.95 12533.6 14341.2 19302.6
-1591.87 4461.03 5950.33 7606.08 -1 2
-3286.58 17.1324 7286.24 7993.89 -1 1
-13911.5 4392.36 22231.1 26590.6 1 1
1105.92 8072.56 8390.92 11696.5 1 2
event 47
-12542.8 5609.33 23606.2 27488.7
475.643 12720.1 13269.3 18646.6
-1005.61 4831.81 3779.1 6216.95 -1 2
-2455.74 1002.29 2500.13 3646.51 1 1
-10087 4607.04 21106 23842.2 -1 1
1481.25 7888.29 9490.25 12429.6 1 2
event 48
11026 9164.63 -37736.8 40487.3
-6652.07 4446.28 -10559.3 13605.4
8984.13 6504.38 -25696.5 27988.2 -1 1
2041.92 2660.24 -12040.3 12499.1 1 1
-2558.61 1395.78 -1688.36 3369.93 -1 2
-4093.46 3050.51 -8870.89 10235.5 1 2
event 49
19296.9 15327.9 -65405.2 69962.5
-7727.13 5069.63 -13653.5 16775.5
-5800.01 4457.77 -8365.78 11113.5 -1 2
2487.27 2496.13 -6822.12 7679.17 1 1
16809.6 12831.8 -58583.1 62283.3 -1 1
-1927.12 611.853 -5287.67 5662.05 1 2
event 50
4992.61 7811.84 -7196.69 12138.2
-4908.11 1847.13 -13856.3 15135.8
-3206.45 -439.735 -7359.82 8040.7 1 2
2103.67 3715.75 -1447.06 4509.7 1 1
-1701.67 2286.87 -6496.46 7095.11 -1 2
2888.94 4096.09 -5749.63 7628.45 -1 1
