event 0
-6295.31 8675.61 -49223.6 50472.3
7696.53 -7785.69 -36116.9 37866.6
-4863.45 4380.78 -26015.6 26826.6 1 1
-1431.86 4294.82 -23208 23645.7 -1 1
6600.44 -5227.14 -24020.3 25453.4 -1 2
1096.09 -2558.55 -12096.6 12413.2 1 2
event 1
10389.4 -9387.52 -41128.4 43556.9
-8628.93 11755.1 -71468.1 73006.3
-4110.62 3747.66 -22123.4 22812.2 1 2
3433.32 -1361.04 -11753.9 12321 -1 1
6956.04 -8026.47 -29374.4 31235.9 1 1
-4518.31 8007.45 -49344.7 50194.1 -1 2
event 2
2458.13 9376.31 11094 15054.1
2924.62 11691.1 16614.3 20757.2
1250.28 7439.7 12538.1 14633.1 1 2
619.087 4668.42 7480.33 8839.91 -1 1
1674.34 4251.42 4076.17 6124.08 -1 2
1839.05 4707.88 3613.68 6214.18 1 1
event 3
2587.66 12990.5 12966.4 18792.8
-2082.33 -9889.1 35864.3 37389.4
-2318.16 -4110.67 14076.2 14846.6 -1 2
729.434 3759.13 1945.4 4296.38 -1 1
1858.23 9231.4 11021 14496.4 1 1
235.831 -5778.43 21788.1 22542.8 1 2
event 4
1970.06 11712.1 12450.5 17483.1
-279.991 -10008.1 32602.5 34245.5
2299.38 6171.86 5453.84 8551.87 1 1
-329.318 5540.21 6996.63 8931.2 -1 1
958.106 -7593.83 21721.6 23030.9 -1 2
-1238.1 -2414.28 10880.9 11214.6 1 2
event 5
-2607.09 6211.3 4926.25 8901.47
1518.62 -8095.95 20812.3 22596.3
897.428 -5515.54 17378 18254.6 1 2
86.459 3243.26 1304.5 3498.44 -1 1
621.19 -2580.4 3434.34 4341.68 -1 2
-2693.55 2968.04 3621.75 5403.03 1 1
event 6
7451.6 4882.86 19720.4 21859.9
-7347.99 2434.7 4864.9 9857.63
-2822.96 1572.29 107.696 3234.81 -1 2
1139.1 2094.1 3542.48 4271.19 -1 1
6312.5 2788.76 16177.9 17588.7 1 1
-4525.03 862.406 4757.21 6622.82 1 2
event 7
-696.513 -5215.25 16117.3 17234.9
-8000.4 3983.73 24632.7 26386.3
862.364 -3659.02 8294.78 9107.51 -1 1
-1558.88 -1556.22 7822.5 8127.4 1 1
-3837.85 3617.52 13379.8 14382.2 -1 2
-4162.55 366.207 11252.9 12004.1 1 2
event 8
-7133.48 -3471.2 -25319.4 26713.3
-3777.4 13370.2 -3265.21 14604.2
-3389.09 -3287.53 -15430.7 16137.3 -1 1
-3744.39 -183.666 -9888.67 10576 1 1
-3478.58 8269.72 -3095.29 9491.09 -1 2
-298.818 5100.49 -169.926 5113.15 1 2
event 9
-7245.94 779.52 -37806.1 38626.5
7701.17 -10706.4 -19992.1 24149.8
1866.48 -3001.57 -3171.86 4750.27 1 2
-2105.65 1248.67 -7686.8 8067.9 -1 1
5834.69 -7704.83 -16820.3 19399.5 -1 2
-5140.29 -469.148 -30119.3 30558.6 1 1
event 10
12168.8 4108.26 11655.9 17618.4
5716.46 12521.8 -3696.92 14585.3
6667.62 1404.05 4366.48 8093.56 -1 1
5501.2 2704.22 7289.44 9524.87 1 1
5805.59 10028.7 -3360.76 12065.9 -1 2
-89.1311 2493.07 -336.159 2519.42 1 2
event 11
6305.29 15812.2 -5570.4 18176.9
11650.8 4308.35 11911.3 17486.4
9541.94 2153.87 8945.88 13256.2 -1 2
3672.59 5256.71 -2358.21 6833.24 -1 1
2632.71 10555.5 -3212.19 11343.6 1 1
2108.9 2154.48 2965.41 4230.14 1 2
event 12
-9828.01 15730.3 -5831.17 19688.2
5714.21 -5698.19 -6695.02 10933.2
2803.96 -3416.48 -1743.86 4752.55 1 2
-4836.24 7739.22 -1253.08 9212.28 -1 1
2910.25 -2281.71 -4951.17 6180.7 -1 2
-4991.77 7991.11 -4578.08 10476 1 1
event 13
-7497.01 4466.4 44351.4 45307.7
10132.3 3611.26 -856.284 11403
7599.09 3005.79 955.831 8228.34 1 2
-4090.6 753.378 17538.9 18025.7 -1 1
2533.2 605.469 -1812.12 3174.69 -1 2
-3406.41 3713.02 26812.4 27282 1 1
event 14
-5828.97 5138.37 25730.7 27056.3
-7912.47 -11572.4 17816.7 22881.3
-6312.25 -10278.4 16488.6 20429.8 1 2
-3112.77 768.702 10553.1 11029.9 1 1
-1600.23 -1294 1328.08 2451.56 -1 2
-2716.2 4369.67 15177.7 16026.4 -1 1
event 15
-5990.42 -252.338 15753.5 17138
6974.03 -3895.68 4701.87 9773.21
3104.24 -2490.06 3908.62 5579 -1 2
-2044.05 1050.1 8195.35 8512.09 1 1
-3946.37 -1302.44 7558.11 8625.91 -1 1
3869.79 -1405.62 793.253 4194.21 1 2
event 16
-436.799 -5607.27 35077.5 35660.3
635.112 8106.51 1232.52 8788.01
1178.71 -3652.76 23092.2 23409.2 -1 1
-1615.51 -1954.51 11985.3 12251.1 1 1
1731.43 4147.3 1294.05 4678 -1 2
-1096.32 3959.21 -61.5292 4110.02 1 2
event 17
7702.17 3462.59 -2082.82 9232.66
10580.7 7928.68 -947.202 13758.6
5725.53 1153.71 -671.982 5880.09 -1 1
1976.64 2308.89 -1410.84 3352.57 1 1
8342.9 6730.11 -2172.98 10937.6 -1 2
2237.83 1198.56 1225.78 2821.02 1 2
event 18
8014.43 6730.55 -1939.69 11085.3
7199.34 2106.22 -1216 8205.86
4489.07 2672.18 -121.239 5226.68 -1 2
2098.63 2391.29 750.041 3270.51 1 1
5915.8 4339.26 -2689.73 7814.83 -1 1
2710.26 -565.964 -1094.76 2979.18 1 2
event 19
5126.68 -6987.6 -38001.5 39100
-5946.69 3408.93 2652.29 7975.57
-3011.81 3151.51 2493.8 5023.27 1 2
3430.45 -2754.72 -14233.6 14898.4 1 1
-2934.88 257.415 158.492 2952.3 -1 2
1696.23 -4232.87 -23767.9 24201.7 -1 1
event 20
-102.376 9088.61 -8354.56 12728
2055.44 -7329.86 -1706.76 8393.84
-1505.68 6252.25 -5773.46 8643.01 1 1
1403.3 2836.36 -2581.1 4085.03 -1 1
203.815 -2425.25 -1985.71 3142.86 -1 2
1851.63 -4904.61 278.942 5250.97 1 2
event 21
-13129 -921.256 -17924.3 22451.9
9144.29 2047.99 5946.62 11522.4
3408.51 1320.18 4002.89 5421.72 -1 2
-2721.02 938.014 -2967.83 4135.58 1 1
-10407.9 -1859.27 -14956.5 18316.4 -1 1
5735.79 727.806 1943.73 6100.67 1 2
event 22
5096.47 -12860.4 -1552.4 14260.6
-3668.79 5081.8 19315.1 20541.3
3276.06 -7070.05 -2345.89 8138.34 1 1
1820.41 -5790.32 793.488 6122.29 -1 1
-3030.2 3172.3 8785.35 9820.34 -1 2
-638.584 1909.5 10529.7 10721 1 2
event 23
2468.16 -12814.9 -23033.6 26654.3
-8208.3 2064.17 -16594.7 18884.2
-4278.07 -509.122 -8226.71 9287.14 1 2
2081.85 -3392.39 -6900.82 7967.11 1 1
386.31 -9422.53 -16132.8 18687.2 -1 1
-3930.23 2573.29 -8368.01 9597.05 -1 2
event 24
10179.7 -6716.18 91.2376 12583
-9050.37 5246.67 -7333.36 13145.6
-6695.8 4898.89 -6741.37 10690.7 1 2
3703.63 -3660.85 -1099.19 5323.35 -1 1
-2354.56 347.776 -591.986 2454.9 -1 2
6476.04 -3055.33 1190.43 7259.64 1 1
event 25
5955.78 -21777.1 39123.1 45276.1
6670.53 -13336.9 17930.2 23525.6
4726.8 -11917.5 15095.7 19805.6 -1 2
-165.676 -3192.77 4823.57 5787.85 1 1
6121.45 -18584.3 34299.5 39488.2 -1 1
1943.73 -1419.41 2834.43 3719.95 1 2
event 26
9300.21 -14449.1 19277.9 26009.6
5686.8 -21757.1 37741.1 44041.9
8175.44 -10332 14083.6 19285.9 1 1
1124.77 -4117.13 5194.27 6723.65 -1 1
4580.65 -19479.9 31661.6 37455.6 -1 2
1106.14 -2277.17 6079.5 6586.39 1 2
event 27
4993.79 5020.62 4335.51 8861.84
6025.52 -1246.54 5818.01 9016.72
3856.59 -1993.68 2594.04 5058.48 1 2
3193.52 1092.8 2290 4080.2 -1 1
2168.94 747.139 3223.97 3958.24 -1 2
1800.27 3927.82 2045.51 4781.63 1 1
event 28
12795 2491.4 -11403.4 17594
6639.18 2860.18 -10699.3 13278.7
8484.43 3045.65 -7081.52 11463.9 -1 1
4310.57 -554.253 -4321.89 6130.1 1 1
1727.41 1950.24 -2163.43 3388.06 -1 2
4911.77 909.941 -8535.86 9890.68 1 2
event 29
-12651.2 -7817.65 -24956.1 29215.8
8250.07 6485.61 -32117.4 33930
6201.57 5667.71 -28289.2 29510.5 -1 2
-3412.32 -2126.66 -9637.51 10443.2 1 1
-9238.83 -5690.99 -15318.6 18772.7 -1 1
2048.5 817.896 -3828.24 4419.49 1 2
event 30
3377.5 2518.65 -16048.7 16879.1
-12822.6 -6851.98 -23733.2 28004
1354.53 2859.29 -9243.54 9770.59 -1 1
2022.98 -340.642 -6805.2 7108.47 1 1
-8261.54 -4376.25 -17907 20200.9 -1 2
-4561.04 -2475.72 -5826.15 7803.04 1 2
event 31
134.757 -8905.26 6537.08 11473.6
6348.33 8413.57 40746.8 42249
-731.013 -5010.96 5214.2 7269.33 1 1
865.769 -3894.3 1322.89 4204.32 -1 1
4513.93 3283.92 17353.4 18229.4 1 2
1834.4 5129.65 23393.4 24019.6 -1 2
event 32
15891.9 11516 27743 34123.9
-11577.9 -11678.9 41384.4 44639.7
9342.69 5939.08 17943.1 21083.8 1 1
6549.25 5576.96 9799.87 13040.1 -1 1
-5230.53 -5817.79 23687.7 24946.4 -1 2
-6347.37 -5861.07 17696.7 19693.2 1 2
event 33
25811.1 13167.4 9377.87 30612.5
-18630.8 4918.15 29506.8 35433.5
-8786.38 590.753 11944.5 14840.2 -1 2
2719.15 2438.75 1593.55 3986.46 1 1
23091.9 10728.6 7784.32 26626.1 -1 1
-9844.39 4327.4 17562.3 20593.3 1 2
event 34
11618.8 5716.2 4905.32 14188.9
-14314 3788.14 21769.5 26509.2
-6521.3 3207.61 11500.6 13604.8 -1 2
2852.22 2987.65 1545.64 4411.51 1 1
8766.62 2728.54 3359.68 9777.38 -1 1
-7792.66 580.529 10268.9 12904.5 1 2
event 35
5901.49 -5952.05 -15239.6 17666.1
-3704.59 5840.86 -33886.1 34723.1
-1867.09 5041.05 -27786.3 28301.7 1 2
3377.67 -1300.38 -6797.77 7701.98 1 1
-1837.5 799.818 -6099.75 6421.39 -1 2
2523.82 -4651.67 -8441.8 9964.08 -1 1
event 36
-5648.27 -3587.86 -10886.9 13148.8
7452.6 555.944 -431.227 8101.08
2799.18 1542.13 -895.21 3320.57 -1 2
-1691.18 -2305.09 -6502.76 7104.27 1 1
4653.42 -986.184 463.983 4780.51 1 2
-3957.1 -1282.77 -4384.16 6044.52 -1 1
event 37
-4077.53 -13347 -57592.7 59340.4
3255.01 7129.6 -13665.3 16054.9
-1947.4 -8662.76 -41703.2 42638 -1 1
-2130.13 -4684.26 -15889.6 16702.4 1 1
186.797 1995.01 -1523.82 2519.55 -1 2
3068.21 5134.6 -12141.5 13535.3 1 2
event 38
-427.385 -9908.98 -45403.6 46577.4
1740.45 9001.15 -12324 15669
-662.538 4531.69 -6349.99 7829.98 -1 2
-1487.03 -2760.77 -12283.6 12678 1 1
1059.64 -7148.21 -33120 33899.4 -1 1
2402.99 4469.46 -5973.99 7839.02 1 2
event 39
19798.1 6340.04 2797.72 21203.3
-12967.1 -3467.17 -13086.1 19000
-8047.22 -2936.34 -6460.4 10729.8 1 2
9364.62 4332.19 2265.84 10564.5 -1 1
-4919.85 -530.827 -6625.67 8270.27 -1 2
10433.5 2007.85 531.88 10638.8 1 1
event 40
12032 3395.33 1193.16 12934.9
-14557.3 -2939.53 -14875.5 21246.8
-4027.84 -2067.4 -3519.06 5735.21 -1 2
1988.57 -336.34 -516.455 2084.57 1 1
10043.5 3731.67 1709.62 10850.4 -1 1
-10529.4 -872.124 -11356.5 15511.6 1 2
event 41
21776.7 6677.07 3028.65 23185.6
-8847.89 -2033.41 -8366.36 12728.1
-6924.1 -1250.74 -7932.16 10603.7 1 2
7036.35 860.876 1649.83 7279.04 1 1
-1923.79 -782.67 -434.207 2124.44 -1 2
14740.3 5816.2 1378.81 15906.6 -1 1
event 42
-3519.76 -4928.03 -12386.1 14130.9
-968.612 7623.27 -3143.67 8861.48
839.871 3731.12 -2366.31 4498.58 1 2
-794.485 -1860.71 -1572.92 2564.9 -1 1
-1808.48 3892.15 -777.36 4362.9 -1 2
-2725.27 -3067.32 -10813.2 11566 1 1
event 43
5356.68 -4891.17 -24333.4 25579.8
-3683.1 9717.66 -2456.19 11118.5
101.748 3745.52 -1205.97 3937.62 1 2
2555.9 -885.944 -5615.12 6233.64 -1 1
-3784.84 5972.14 -1250.22 7180.93 -1 2
2800.77 -4005.23 -18718.3 19346.1 1 1
event 44
18456.3 14390.1 47639.5 53167.9
2494.17 8566.13 22794.9 24673.8
1188.36 5213.64 9519.23 10918.8 1 2
5280.17 5732.83 17361.5 19031 1 1
1305.81 3352.48 13275.7 13755 -1 2
13176.2 8657.23 30278 34136.9 -1 1
event 45
4636.28 6850.45 24623.3 26159.5
13007.8 12420 36100.7 40451.3
3856.05 2228.4 10750.5 11636.9 -1 2
354.613 2110.54 3624.46 4210.46 1 1
9151.73 10191.6 25350.3 28814.4 1 2
4281.67 4739.91 20998.8 21949 -1 1
event 46
-278.712 -6634.13 -18332.6 19742.5
-6466.51 8943.72 11233 16049.2
-1557.37 -4236.3 -12899.4 13666.7 -1 1
1278.66 -2397.83 -5433.2 6075.8 1 1
-3874.13 5026.49 4271.9 7650.8 1 2
-2592.39 3917.23 6961.06 8398.37 -1 2
