event 0
-11746.3 -1106.36 -3981.53 12831.4
4782.97 4201.2 1001.41 7149.93
-6918.1 771.214 -1679.5 7161.48 1 1
-4828.22 -1877.57 -2302.03 5669.88 -1 1
2789.19 2302.06 -988.906 3750.75 -1 2
1993.78 1899.13 1990.32 3399.17 1 2
event 1
-9994.68 462.933 -1823.44 10631.3
5156.39 5880.91 2569.74 8795.91
3901.86 3955.19 301.507 5565.08 -1 2
-2930.15 -780.365 -1653.4 3455.38 1 1
-7064.53 1243.3 -170.045 7175.9 -1 1
1254.53 1925.71 2268.23 3230.83 1 2
event 2
677.704 13599.8 5946.68 15177.9
-7341.05 -18238.1 -5750.83 20716.7
-2458.03 -7721.57 -923.008 8156.45 -1 2
942.185 3473.44 2827.89 4578.27 1 1
-4883.02 -10516.5 -4827.82 12560.3 1 2
-264.481 10126.4 3118.79 10599.6 -1 1
event 3
1093.01 10138.9 4178.6 11447.4
-3237.79 -12182.8 -3181.55 13364.7
437.376 5833.93 740.014 5897.86 1 1
655.636 4304.99 3438.58 5549.58 -1 1
-1386.9 -9238.17 -1371.28 9442.4 -1 2
-1850.89 -2944.59 -1810.26 3922.32 1 2
event 4
1019.17 15781 7027.51 17580
-5015.77 -14241.5 -4517.7 16061.8
-413.937 11972 5911.31 13358.7 1 1
1433.11 3809.04 1116.19 4221.33 -1 1
-2151.81 -2642.24 -1581.33 3758.12 -1 2
-2863.96 -11599.3 -2936.38 12303.6 1 2
event 5
-5577.49 -10353.9 17843 21593.4
-1157.45 8685.82 10053.7 13691.2
-4207.75 -7424.92 15129.6 17371 1 1
-1369.74 -2929.01 2713.41 4222.45 -1 1
-188.197 2062.61 4637.14 5079.77 -1 2
-969.255 6623.2 5416.56 8611.42 1 2
event 6
2307.56 -4230.88 -1366.06 5889.11
6222.22 -9361.28 -5828.4 13035
289.663 -3595.88 -799.758 3696.63 -1 1
2017.9 -635.002 -566.306 2192.49 1 1
4655.7 -5061.51 -2288.96 7248.79 -1 2
1566.52 -4299.77 -3539.44 5786.26 1 2
event 7
6764.15 3833.97 37877 38790.7
-4866.05 -6460.53 7333.21 11348.3
-1307.69 -4066.26 4509.84 6212.43 -1 2
2035.03 1928.24 7909.24 8392.06 -1 1
4729.11 1905.72 29967.8 30398.6 1 1
-3558.36 -2394.27 2823.37 5135.86 1 2
event 8
-155.296 -11075.6 -8699.37 14420.9
-5670.07 12870.3 -18406 23370.2
-3346.31 4016.7 -6139.77 8064.71 -1 2
-485.964 -4593.12 -5502.13 7184.54 1 1
-2323.77 8853.58 -12266.3 15305.5 1 2
330.667 -6482.49 -3197.24 7236.41 -1 1
event 9
8914.1 9482.51 27494.1 30641.3
-3818.36 3820.16 4163.3 7752.22
6191.78 3933.22 14384.2 16147 -1 1
2722.32 5549.29 13109.8 14494.3 1 1
-4066.42 1733.59 3052.36 5373 -1 2
248.058 2086.57 1110.95 2379.22 1 2
event 10
-4383.29 -2646.34 1597.87 6193.57
-12295.8 13255.8 -29643.4 34860.1
-1638.71 -2743.78 511.399 3238.27 -1 1
-2744.58 97.4464 1086.47 2955.3 1 1
-5173.68 7847.31 -15096.9 17784.1 -1 2
-7122.14 5408.46 -14546.5 17075.9 1 2
event 11
-4956.18 -809.34 2281.33 6325.7
8660.86 674.749 8740.87 12706.7
-2382.25 -1853.11 605.582 3080.1 1 1
-2573.93 1043.77 1675.75 3245.59 -1 1
4433.13 548.285 6585.87 7958.53 -1 2
4227.73 126.464 2155 4748.14 1 2
event 12
-11255.3 -3743.98 21965.9 25234.6
7098.76 4206.37 -270.537 8817.6
-6553.31 -938.217 9119.02 11269.2 -1 1
-4702.02 -2805.76 12846.9 13965.5 1 1
3748.78 3386.1 980.979 5147.09 -1 2
3349.98 820.272 -1251.52 3670.51 1 2
event 13
6941.06 -2685.49 -12996.5 15293.5
-10336.7 1010.52 26310.3 28455
-3300.42 1788.75 9407.42 10129.3 1 2
1920.9 -1807.23 -6640.63 7145.98 -1 1
-7036.25 -778.234 16902.9 18325.7 -1 2
5020.17 -878.259 -6355.9 8147.52 1 1
event 14
-6523.88 -6312.68 1837.32 9766.14
2570.86 16724.4 1933.32 17310.3
-160.781 6069.29 -323.685 6080.96 1 2
-1945.01 -1780.14 2014.78 3320.01 1 1
2731.64 10655.1 2257.01 11229.4 -1 2
-4578.87 -4532.54 -177.46 6446.13 -1 1
event 15
-4827.82 -31100.2 12150.2 33878.5
-5721.08 -3227.35 2754.41 7766.87
-3499.95 -3562.3 1642 5258.04 1 2
-3488.55 -14452.5 4727.23 15601.4 1 1
-2221.14 334.959 1112.41 2508.84 -1 2
-1339.26 -16647.7 7422.99 18277.1 -1 1
event 16
10745.9 -7329.3 -63313.7 64710.2
-795.107 5909.93 -8377.59 10739.4
-1899.23 2949.16 -5045.73 6146.15 1 2
3608.15 -3048.61 -16538.4 17200.1 1 1
1104.12 2960.77 -3331.86 4593.23 -1 2
7137.76 -4280.69 -46775.3 47510.1 -1 1
event 17
-3099.91 17361.4 67767.1 70092.8
-7884.69 -21526.5 21941.1 31883.5
-892.268 -3348.81 1970.49 3988.07 1 2
-560.847 2601.83 15292.7 15523 -1 1
-6992.42 -18177.6 19970.6 27895.5 -1 2
-2539.06 14759.5 52474.4 54569.8 1 1
event 18
-8380.67 -22042.7 23112.3 33164.6
-3833.81 15026.9 57295.4 59437.9
-3881.45 9591.61 35784.9 37251 -1 2
-2681.24 -7960.22 6268.48 10481.4 1 1
-5699.43 -14082.5 16843.9 22683.2 -1 1
47.639 5435.31 21510.5 22186.9 1 2
event 19
-6375.58 4806.68 -1613.58 8714.74
4413.72 -11391.9 16941.9 21115.7
2403.2 -3670.93 8049.87 9168.57 1 2
-2144.83 187.02 -1122.75 2430.43 -1 1
2010.52 -7720.94 8891.99 11947.1 -1 2
-4230.75 4619.66 -490.833 6284.31 1 1
event 20
-6837.49 3395.02 5119.81 9699.53
11895.5 -2209.99 12346.5 17561.7
-3961.99 2027.97 4720.74 6488.96 -1 1
-2875.5 1367.04 399.074 3210.57 1 1
6679.15 -1382.59 9057.13 11338.7 1 2
5216.33 -827.402 3289.4 6223.02 -1 2
event 21
3470.21 -7863.85 -14409.8 17062.1
5153.38 -544.054 -8410.36 10544
3173.06 565.032 -7370.61 8045.16 1 2
285.657 -4319.54 -6065.43 7452.56 1 1
1980.33 -1109.09 -1039.75 2498.8 -1 2
3184.55 -3544.3 -8344.36 9609.53 -1 1
event 22
3612.99 7677.02 4530.99 10105
5897.93 -2857.27 31966.1 32777.6
3700.13 -2531.98 26491.4 26868.3 -1 2
2221.07 2190.7 513.971 3163.49 1 1
1391.92 5486.31 4017.02 6941.52 -1 1
2197.8 -325.291 5474.7 5909.28 1 2
event 23
-1605.4 11921.6 -33360.8 35598.3
3619.74 -11150 -31079.9 33361.3
803.841 -5585.87 -11472.8 12786.1 -1 2
-1465.49 2303.29 -5917.71 6517.92 -1 1
-139.918 9618.36 -27443.1 29080.4 1 1
2815.89 -5564.14 -19607.1 20575.2 1 2
event 24
946.034 -10240.9 6402.35 12504.1
-7137.58 12072 -6049.73 15584.2
-3848.42 3594.4 -2124.06 5679.15 1 2
1628.37 -2624.07 1720.05 3536.53 -1 1
-3289.16 8477.6 -3925.67 9905.06 -1 2
-682.339 -7616.86 4682.31 8967.57 1 1
event 25
-12452 -422.143 18742 22717.5
7279.78 -2339.23 -30509.2 31604.9
-7305.71 1275.87 10977 13247.9 -1 1
-5146.27 -1698.01 7765.05 9469.66 1 1
2031.46 307.375 -4632.11 5068.43 -1 2
5248.32 -2646.61 -25877.1 26536.4 1 2
event 26
-22030.9 18275.4 61203.4 67637.2
-6228.62 6649.22 18680 21107.8
-1909.59 4702.88 9119.04 10437 1 2
-9320.08 6817.23 27866.5 30164.4 1 1
-4319.03 1946.34 9560.92 10670.7 -1 2
-12710.8 11458.1 33336.9 37472.9 -1 1
event 27
-9478.16 2479.48 32411 34000.7
-841.031 -7977.83 27386.1 28704.4
856.93 -5325.02 18779.4 19538.9 -1 2
-3611.28 2492.02 12877.1 13604.5 1 1
-5866.88 -12.5323 19533.9 20396.2 -1 1
-1697.96 -2652.82 8606.69 9165.53 1 2
event 28
7365.29 6319.28 12531.2 16149.4
5024.9 12813.9 8592.44 16518.7
1134.67 5080.18 1780.65 5502.5 -1 2
3199.42 1898.61 7026 7950.9 -1 1
3890.23 7733.75 6811.78 11016.2 1 2
4165.87 4420.66 5505.16 8198.45 1 1
event 29
9692.17 8280.29 13982.2 19172.8
4307.11 14035 8841.08 17415.1
4533.21 11142.3 7768.16 14319.8 1 2
3125.85 4418.81 4741.05 7196.21 -1 1
-226.1 2892.7 1072.92 3095.34 -1 2
6566.32 3861.49 9241.17 11976.6 1 1
event 30
4841.71 13448.4 -20352.7 25062.5
2435.99 5198.33 -4830.29 8116.53
2247.06 10078.9 -13504 17000 1 1
2594.65 3369.53 -6848.78 8062.44 -1 1
525.839 4097.17 -2195.07 4678.98 -1 2
1910.15 1101.16 -2635.22 3437.55 1 2
event 31
-126.26 -17103.6 8960.12 19555.6
3963.35 5444.38 20639.5 21930.1
2585.32 3599.28 17388.9 17945 1 2
-218.412 -6050.61 4864.72 7767.52 1 1
1378.03 1845.1 3250.64 3985.12 -1 2
92.1521 -11053 4095.4 11788.1 -1 1
event 32
-9388.19 -2948.17 -9764.66 14204.6
5050.85 5764.16 -33141.8 34157
-6158.44 -1051 -7733.31 9942.14 -1 1
-3229.75 -1897.17 -2031.36 4262.41 1 1
2139.35 661.539 -12310.2 12512.7 -1 2
2911.5 5102.62 -20831.5 21644.3 1 2
event 33
-8766.18 -5725.38 -3011.14 11326.2
4146.66 20352.1 -4534.31 21483.7
2262.07 4657.1 -792.098 5238.71 1 2
-3171.15 -3161.58 -12.2023 4479.19 -1 1
1884.59 15695 -3742.21 16245 -1 2
-5595.03 -2563.79 -2998.93 6847.06 1 1
event 34
-7322.7 -6000.72 -4000.87 10734.4
4310.53 18911.1 -4489.72 20148.4
-352.951 3976.14 -1033.91 4124.85 1 2
-2466.56 -639.663 -188.905 2557.33 1 1
4663.48 14935 -3455.81 16023.6 -1 2
-4856.13 -5361.05 -3811.97 8177.11 -1 1
event 35
-6756.35 -4976.06 -10843.8 14056.7
8487.1 4172.38 -19343.3 21753.1
6106.86 2484.12 -10120 12078.5 1 2
-3062.79 -447.219 -3909.52 4987.6 1 1
2380.23 1688.26 -9223.36 9674.57 -1 2
-3693.56 -4528.84 -6934.27 9069.07 -1 1
event 36
4710.13 754.041 5815.59 8134.23
-16486 -7676.13 -17530 25448.1
3268.84 -898.334 2765.08 4375.98 -1 1
1441.28 1652.38 3050.52 3758.25 1 1
-10518.1 -4855.04 -9048.3 14699.8 -1 2
-5967.88 -2821.09 -8481.72 10748.2 1 2
event 37
-11633.4 9914.42 -34725.5 38066.8
11282.2 -7141.33 37442.1 39872.2
9652.11 -5603.59 27471.6 29652.4 1 2
-2905.96 4365.89 -12250 13325.9 1 1
1630.08 -1537.74 9970.48 10219.8 -1 2
-8727.42 5548.53 -22475.6 24741 -1 1
event 38
-9168.72 6717.01 -13531.4 17940.9
10273.4 7088.37 9782.65 16158
5012.67 2732.02 6257.13 8470.75 1 2
-3017.67 1168.28 -5618.2 6484.33 1 1
-6151.05 5548.72 -7913.17 11456.6 -1 1
5260.72 4356.35 3525.52 7687.22 -1 2
event 39
11559.9 -4311.83 4172.05 13387.3
-6145.24 -1848.01 1156.08 7218.48
6860.86 -3462.85 3860.15 8600.85 -1 1
4699.01 -848.978 311.897 4786.43 1 1
-3700.13 -135.001 -601.283 3752.58 -1 2
-2445.12 -1713.01 1757.36 3465.9 1 2
event 40
-9064.21 -4561.93 -10349.2 14821.2
7724 4747.91 -7750.44 12323.3
3961.48 1047.52 -2154.47 4630.72 -1 2
-1465.76 -2121.54 -1950.59 3235.01 1 1
-7598.45 -2440.4 -8398.58 11586.2 -1 1
3762.52 3700.4 -5595.97 7692.56 1 2
event 41
16998.6 245.42 50896.5 53749.9
-2726.92 -6546.82 -13059.6 15180.3
-1625.35 -3341.52 -9780.74 10463.3 1 2
8174.8 1652.98 25092.6 26442.5 -1 1
-1101.57 -3205.3 -3278.89 4716.96 -1 2
8823.76 -1407.57 25803.9 27307.4 1 1
event 42
-135.619 8943.08 16738.4 19229.2
-3660.38 7727.93 14111.4 16788.2
-2659.37 4175.83 5400.22 7326.9 -1 2
1439.82 3794.01 7818.76 8809.76 -1 1
-1575.44 5149.07 8919.6 10419.5 1 1
-1001.01 3552.1 8711.2 9461.27 1 2
event 43
-3261.41 -8901.28 -1413.8 10072.7
757.411 9665.68 -6144.21 11888.7
-461.891 4479.17 -1302.5 4688.71 1 2
-1812.67 -1333.78 -547.127 2318.46 -1 1
-1448.75 -7567.49 -866.67 7754.23 1 1
1219.3 5186.51 -4841.71 7199.99 -1 2
event 44
-619.182 -5020.63 95.5556 5932.13
1221.26 9027.88 -8324.29 12723.2
-1841.42 -3277.61 387.106 3780.82 -1 1
1222.24 -1743.01 -291.55 2151.31 1 1
682.807 4987.72 -2522.09 5631.67 -1 2
538.456 4040.15 -5802.2 7091.51 1 2
event 45
6225.43 1350.15 923.104 7142.86
-10061.2 -608.055 -5549.07 11915.6
3821.82 2306.09 271.111 4473.14 1 1
2403.61 -955.933 651.993 2669.72 -1 1
-5173.59 -1805.32 -3346.66 6421.57 -1 2
-4887.61 1197.26 -2202.41 5493.99 1 2
event 46
-3716.67 13051.6 -4365.32 14587.8
-7934.3 -2267.66 -1229.05 8899.24
-4936.93 180.475 -758.113 4999.17 1 2
-2917.09 5033 -1272.93 5955.84 -1 1
-2997.38 -2448.13 -470.933 3900.07 -1 2
-799.587 8018.58 -3092.39 8631.97 1 1
event 47
4839.62 6047.13 18813.8 20580.1
-11464.4 -5484.19 -14544.8 19561.5
4064.79 2882.53 9794.35 10989.6 1 1
774.83 3164.6 9019.48 9590.47 -1 1
-5734.65 -3353.94 -9716.36 11770.9 -1 2
-5729.79 -2130.25 -4828.48 7790.63 1 2
event 48
5929.54 10407.4 1858.49 12669.8
-15938.5 -2683.89 -13661.4 21388.4
-12852.2 -1133.38 -11686.8 17408.5 1 2
2972.75 2589.19 1737.94 4309.61 -1 1
-3086.29 -1550.52 -1974.58 3979.88 -1 2
2956.79 7818.18 120.554 8360.16 1 1
event 49
4066.28 6775.25 2610.36 8879.4
-10618.4 -2523.49 -9747.95 14957.7
-4593.22 -1186.22 -2266.83 5258.75 -1 2
2990.72 2071.38 1432.74 3911.38 1 1
-6025.19 -1337.27 -7481.12 9698.95 1 2
1075.56 4703.87 1177.62 4968.01 -1 1
event 50
-12230.1 -1956.26 -8893.22 15559
5003.77 7961.51 1253.2 9979.19
-6363.21 244.076 -5594.54 8477.03 -1 1
-5866.86 -2200.33 -3298.68 7081.94 1 1
1654.22 5189.37 -19.1909 5447.71 -1 2
3349.55 2772.14 1272.39 4531.49 1 2
event 51
5633.71 -6702.19 -33366 34634.4
-8904.32 7178.38 -49712.3 51105
-3269.88 1650.79 -21460 21770.7 1 2
1404.55 -2702.95 -16824.3 17098.2 1 1
-5634.44 5527.59 -28252.3 29334.4 -1 2
4229.16 -3999.24 -16541.7 17536.2 -1 1
event 52
4920.79 364.815 -19203.9 20068.1
-7800.96 -7588.75 -6038.6 12825.7
2489.95 1713.58 -9186.19 9671.27 -1 1
2430.84 -1348.77 -10017.7 10396.8 1 1
-3423.1 -5407.96 -3816.94 7452.77 1 2
-4377.85 -2180.79 -2221.66 5372.93 -1 2
event 53
4193.39 -12244.2 11992.6 17914.2
-18651.1 -8802.75 24507.9 32180.5
-6670.05 -4739.6 8934.42 12115.6 1 2
2500.06 -4198.62 3027.64 5749.48 1 1
-11981.1 -4063.15 15573.4 20064.8 -1 2
1693.33 -8045.61 8964.99 12164.8 -1 1
event 54
-8413.35 4652.68 -17332.5 20060.9
4365.63 -14540.7 -4980.62 16275.4
-227.704 -3824.99 -1350.15 4064.04 1 2
-2765.94 1013.67 -8267.17 8776.97 1 1
4593.33 -10715.7 -3630.47 12211.3 -1 2
-5647.41 3639.01 -9065.37 11284 -1 1
event 55
5293.09 -4930.42 -4603.6 9116.51
-10706.3 -449.313 -1949.84 11323.4
-3883.76 -200.854 -2240.37 4489.36 1 2
2068.37 -978.904 -70.192 2291.83 -1 1
-6822.51 -248.459 290.531 6834.03 -1 2
3224.72 -3951.52 -4533.41 6824.68 1 1
