event 0
9679.17 3929.68 40082.9 41537.5
-5676.3 -7995.15 745.381 10309.6
-5231.73 -4978.71 720.36 7258.69 1 2
4733.06 732.999 13974 14772.4 -1 1
-444.574 -3016.44 25.0208 3050.96 -1 2
4946.1 3196.68 26108.9 26765.1 1 1
event 1
-2659.84 -8530.62 -23706.1 25522.8
-3237 6392.52 -9835.38 12556.7
-1010.34 4910.36 -7392.33 8932.53 -1 2
-956.611 -3323.23 -13527 13962.5 1 1
-1703.23 -5207.39 -10179 11560.4 -1 1
-2226.66 1482.16 -2443.05 3624.15 1 2
event 2
14298.4 -14118.1 -19000.7 27827.7
24163.5 -7250.02 -77403.2 81469.5
7619.75 -9639.28 -11641.8 16926.9 1 1
6678.66 -4478.86 -7358.89 10900.9 -1 1
12077.7 -3905.27 -43809.7 45611.6 -1 2
12085.8 -3344.75 -33593.5 35857.9 1 2
event 3
-2044.78 -5017.25 3554.53 7181.89
-5484.14 11625 10973.9 17182.4
-1287.44 -2784.41 3711.76 4816.51 -1 1
-757.335 -2232.84 -157.233 2365.38 1 1
-4734.78 6639.05 6280.91 10293.5 1 2
-749.363 4985.99 4692.99 6888.9 -1 2
event 4
-2441.5 -4699.01 5039 7938.77
-4713.98 10107.7 8340.18 14266.6
-2448.31 -2358.77 1553.86 3739.47 -1 1
6.80269 -2340.24 3485.14 4199.31 1 1
-1230.01 5654.64 5291.78 7842.32 -1 2
-3483.97 4453.04 3048.4 6424.29 1 2
event 5
6003.63 5934.25 5954.86 10784.6
-5373.57 7434.2 4639.17 10735.7
-3448.35 2235.51 1588.67 4407.23 -1 2
2673.64 748.301 1340.66 3084.94 1 1
3329.99 5185.94 4614.21 7699.67 -1 1
-1925.21 5198.69 3050.5 6328.47 1 2
event 6
23803.3 -7069.58 -4573.39 25437.8
4217.83 -6693.34 1204.22 8581.04
16004.9 -3710.15 -4095.79 16932.5 -1 1
7798.42 -3359.43 -477.599 8505.32 1 1
1118.74 -4028.7 -372.502 4199.04 -1 2
3099.09 -2664.64 1576.72 4382 1 2
event 7
981.818 8736.69 -7406.81 11905.7
-9855.92 -10176.6 -22684.9 26923.9
67.0529 5988.12 -6566.15 8887.5 1 1
914.765 2748.57 -840.657 3018.16 -1 1
-6105.53 -5391.99 -10345.2 13167.6 1 2
-3750.39 -4784.61 -12339.7 13756.3 -1 2
event 8
5995.47 5773.83 2056.76 9116.15
-6416.4 -1699.26 -23016.8 24154.1
-4097.39 -1418.74 -9589.97 10525.2 -1 2
3232.8 1875.03 -367.893 3756.76 -1 1
2762.66 3898.79 2424.65 5359.38 1 1
-2319.01 -280.525 -13426.8 13628.9 1 2
event 9
-2004.26 -6312.06 15881 17483.1
-9970.07 2970.95 17290.1 20414.9
-3431.13 1029.89 8945.45 9636.67 1 2
811.813 -1965.14 4795.93 5247.18 1 1
-6538.94 1941.06 8344.67 10778.2 -1 2
-2816.08 -4346.92 11085.1 12235.9 -1 1
event 10
-5272.5 3637.99 -16496.7 17965.7
9534.79 -2858.03 -45194.2 46380.9
-4243.58 1179.53 -9304.07 10294.5 -1 1
-1028.92 2458.46 -7192.65 7671.25 1 1
4980.38 -1235.23 -29993.7 30429.6 1 2
4554.42 -1622.8 -15200.5 15951.3 -1 2
event 11
-498.565 -8167.55 -6290.87 10776
5463.03 -15340 -5187.26 17368.3
1277.03 -4379.98 -3369.56 5672.76 1 1
-1775.6 -3787.57 -2921.3 5103.29 -1 1
4980.49 -9718.35 -3724.75 11538.5 1 2
482.548 -5621.69 -1462.51 5829.78 -1 2
event 12
4828.26 -18153 -7398.31 20424.7
-151.755 -8249.3 -4712.15 9993.5
2517.96 -11990.5 -6209.14 13736 -1 1
2310.31 -6162.56 -1189.17 6688.8 1 1
-643.781 -5778.19 -1686.17 6054.45 -1 2
492.026 -2471.11 -3025.98 3939.06 1 2
event 13
5134.26 -17014.2 -6098.39 19042.7
572.151 -7045.24 -3144.47 8333.14
1650.73 -3543.41 -2413.43 4595.26 1 2
1049.29 -4965.58 -3178.22 5989.17 -1 1
-1078.58 -3501.84 -731.046 3737.88 -1 2
4084.97 -12048.6 -2920.17 13053.5 1 1
event 14
-10329.4 2239.71 -38885.8 40415.4
5294.92 -2054.73 -10683.4 12489.4
-7101.12 2843.85 -24893.5 26042.5 -1 1
-3228.25 -604.14 -13992.3 14372.9 1 1
1132.76 -2001.81 -3979.65 4597.73 -1 2
4162.16 -52.9231 -6703.8 7891.67 1 2
event 15
5952.97 1710.11 25232.8 26165.8
-7808.44 5711.25 2991.97 10589.3
-2847.32 1804.2 -440.383 3401.1 1 2
2282.4 -727.502 11333.4 11584.3 -1 1
-4961.13 3907.05 3432.36 7188.19 -1 2
3670.57 2437.61 13899.4 14581.4 1 1
event 16
-5483.34 -5771.82 -2872.56 9012.36
6717.83 6274.16 33134 34524.6
-2083.48 -3858.15 -2602.8 5100.19 1 1
-3399.85 -1913.67 -269.755 3912.17 -1 1
3409.08 4942.86 17988.6 18964.5 -1 2
3308.75 1331.3 15145.4 15560 1 2
event 17
6955.78 7157.56 28592.1 30441.9
7511.09 3489.36 16603.4 18811
4296.17 5594.55 16165.9 17638.2 -1 1
2659.61 1563.01 12426.1 12803.8 1 1
2398.49 -232.046 5971.58 6440.3 -1 2
5112.6 3721.41 10631.8 12370.7 1 2
event 18
-7051.01 3830.76 -798.281 8638.24
7197.06 -3178.84 21096.4 22727.8
3142 -1.46074 10219.4 10692 1 2
-2433.7 1613.6 1173.46 3148.77 1 1
4055.06 -3177.38 10877 12035.7 -1 2
-4617.32 2217.15 -1971.74 5489.47 -1 1
event 19
-140.657 16827.4 -3794.26 17526.2
8593.01 -19762.9 -24415.3 32712.5
859.734 13637.3 -3792.34 14181.2 1 1
-1000.39 3190.09 -1.92325 3344.94 -1 1
6651.17 -17791.2 -21599.4 28763 -1 2
1941.84 -1971.68 -2815.86 3949.49 1 2
event 20
9258.49 -4829.17 -5021.98 11993.9
-5722.68 3914.39 39588.4 40359.6
-5064.93 1479.6 24552.7 25113.5 -1 2
3327.6 -3432.71 -1887.01 5140.86 -1 1
5930.89 -1396.46 -3134.97 6853.08 1 1
-657.759 2434.79 15035.7 15246.1 1 2
event 21
28959.1 1360.13 50731.1 58512.5
5672.89 6122.74 7314.65 11522.4
3752.11 5434.77 6652.96 9374.87 1 2
13413.8 -894.184 22930 26580.5 -1 1
1920.78 687.973 661.685 2147.49 -1 2
15545.3 2254.31 27801.1 31932 1 1
event 22
34201.4 3148.84 58018.3 67493.5
8974.41 6658.59 10029.1 15331.3
25333.6 3575.56 44103.1 50987 -1 1
8867.82 -426.72 13915.2 16506.5 1 1
6182.11 4815.73 5020.94 9307.57 -1 2
2792.29 1842.86 5008.14 6023.76 1 2
event 23
7961.78 -2763.53 6484.33 11075.4
-6434.08 -3292.16 1165.68 7948.9
-2346.7 -2794.67 -60.6681 3651.31 1 2
1972.36 654.445 1429.97 2524.77 -1 1
5989.42 -3417.97 5054.36 8550.64 1 1
-4087.38 -497.485 1226.35 4297.59 -1 2
event 24
-1510.48 14461.8 4155.98 15436.5
6314.42 7900.6 16909.5 19945.2
1595.97 3106.01 3513.96 4955.15 -1 2
-1286.43 2539.42 135.061 2851.84 1 1
-224.054 11922.4 4020.92 12584.6 -1 1
4718.44 4794.59 13395.5 14990.1 1 2
event 25
-2521.28 9058.71 2680.47 10256.3
6187.07 8916.31 17350 20697.6
2422.61 1788.62 3084.77 4312.21 -1 2
613.79 2047 1131.17 2420.25 1 1
3764.46 7127.7 14265.2 16385.4 1 2
-3135.07 7011.72 1549.31 7836.09 -1 1
event 26
-1608.14 -10000.6 44103.4 45357.5
3244.31 4014.03 -7934.05 9958.82
3343.65 1848.27 -4601.76 5981.93 1 2
-2248.37 -4413.63 19538.7 20157.1 -1 1
-99.3398 2165.76 -3332.29 3976.9 -1 2
640.236 -5586.95 24564.8 25200.4 1 1
event 27
-14335.5 24234.7 7772.39 29374
-1775.83 15111.2 15058.8 21630.1
-9140.06 12746.2 3603.79 16093.6 1 1
-5195.46 11488.6 4168.6 13280.4 -1 1
-1145.8 8624.68 10690.2 13783.7 -1 2
-630.033 6486.5 4368.53 7846.45 1 2
event 28
-10234.9 5111.68 1889.83 12001.9
6931.78 281.793 -11864.7 14088.7
-6480.26 1621.44 1579.74 6865.1 -1 1
-3754.66 3490.25 310.087 5136.79 1 1
3646.21 1517.6 -4950.52 6333.77 -1 2
3285.57 -1235.8 -6914.19 7754.96 1 2
event 29
-920.456 -9160.99 4858.31 10861.2
-3337.07 8915.66 -11856.1 15517.2
-2176.6 5968.36 -5453.93 8373.49 1 2
-690.584 -4407.7 654.261 4510.43 1 1
-1160.47 2947.3 -6402.22 7143.73 -1 2
-229.872 -4753.28 4204.05 6350.73 -1 1
event 30
6427.25 4299.07 -26835.2 28098.3
-5790.7 9913.55 -34352.4 36352.3
-931.278 4470.99 -14412.8 15119.4 1 2
2460.51 257.65 -5646.49 6165.59 -1 1
-4859.43 5442.56 -19939.6 21232.9 -1 2
3966.74 4041.42 -21188.7 21932.7 1 1
event 31
-5451.6 4719.63 -5735.87 9720.25
9991.61 3564.06 -24127.9 26538.3
2703.67 1942.97 -5033.42 6035.84 -1 2
-1259.25 2463.78 -847.183 2895.65 -1 1
7287.93 1621.09 -19094.5 20502.5 1 2
-4192.34 2255.86 -4888.69 6824.59 1 1
event 32
-4055.99 -2645.68 -27788.9 28377.2
1101.94 10446.4 -47451.7 48699
-3598.09 -612.875 -18505.4 18862.2 -1 1
-457.902 -2032.8 -9283.51 9515.07 1 1
1792.88 5571.53 -29999.9 30565.7 1 2
-690.937 4874.83 -17451.8 18133.4 -1 2
event 33
-1573.49 -7091.65 38395.1 39198.8
2019.28 -7137.88 -909.383 8089.75
-2448.99 -4111.65 23713.6 24191.9 -1 1
875.497 -2980 14681.5 15006.9 1 1
121.947 -5069.13 -1345.27 5247.08 -1 2
1897.33 -2068.74 435.887 2842.66 1 2
event 34
-11231.5 -4641.51 -42135.8 43962.6
6348.98 2035.1 -17314 18810
-5553.55 -3939.71 -23730 24687.8 1 1
-5677.96 -701.798 -18405.8 19274.8 -1 1
4003.87 540.826 -6588.08 7729 -1 2
2345.1 1494.28 -10725.9 11081 1 2
event 35
19272.8 3135.15 -9884.94 22103.7
8863.06 4293.78 -10360.4 14626
5018.05 856.023 -6016.92 7882.14 -1 2
2257.49 -203.181 -2116.8 3103.15 1 1
17015.3 3338.33 -7768.15 19000.5 -1 1
3845 3437.76 -4343.49 6743.83 1 2
event 36
13633.1 1684.7 -8000.66 16195.7
8922.69 3068.82 -8549.7 13104.1
7308.96 288.556 -5862.49 9374.66 1 1
6324.15 1396.14 -2138.16 6821.07 -1 1
4639.9 3201.15 -5094.21 7598.57 -1 2
4282.79 -132.328 -3455.49 5505.58 1 2
event 37
14428.6 6017.19 5428.47 16836
-5244.1 9088.18 7196.33 13094.8
8972.55 3485.35 4887.28 10795.9 1 1
5456.08 2531.84 541.186 6040.12 -1 1
-763.674 4195.55 3363.21 5432.14 -1 2
-4480.43 4892.63 3833.12 7662.64 1 2
event 38
6641.14 1628.32 -9442.23 12062.5
-4710.3 6226.92 -16674.6 18670.7
-3257.79 1980.5 -9080.1 9848.6 -1 2
2871.64 69.0656 -6257.66 6886.26 1 1
-1452.5 4246.42 -7594.47 8822.07 1 2
3769.5 1559.26 -3184.56 5176.19 -1 1
event 39
-1244.9 6529.16 12891.2 14830.8
-5559.59 -12986.7 -10546.1 17899
-814.748 -2988.9 -925.731 3235.04 1 2
-749.595 2159.04 7666.48 8000.59 1 1
-4744.84 -9997.78 -9620.34 14663.9 -1 2
-495.303 4370.12 5224.7 6830.22 -1 1
event 40
3880.23 -11268.6 -11959.6 17165.7
8969.65 -501.945 -21715.7 23703.8
6753.49 -1623.98 -17180.1 18531.5 -1 2
2827.67 -3645.95 -4663.53 6561.13 1 1
1052.55 -7622.67 -7296.07 10604.6 -1 1
2216.16 1122.04 -4535.57 5172.31 1 2
event 41
10384.2 -4970 -38722.6 40516.2
-10321.6 3113.07 8201.82 13895.6
5331.91 -3550.37 -16965.5 18134.9 -1 1
5052.28 -1419.62 -21757.1 22381.3 1 1
-6154.31 3406.58 4992.73 8626.63 -1 2
-4167.28 -293.513 3209.08 5268.94 1 2
event 42
-5527.05 -4822.56 8130.4 11379.8
6215.02 7122.89 14708.7 17756.7
-3888.69 -1633.72 5500.08 6932.03 -1 1
-1638.36 -3188.84 2630.31 4447.77 1 1
4995.21 4774.73 8162.89 10695.5 -1 2
1219.81 2348.16 6545.83 7061.22 1 2
event 43
-11921.1 -1991.58 2452.24 12715.4
-5781.18 6016.21 -4079.43 9790.22
-4494.48 2864.94 -3384.37 6314.54 -1 2
-4283.81 -2196.86 1304.42 4988.98 -1 1
-7637.24 205.277 1147.82 7726.46 1 1
-1286.7 3151.27 -695.064 3475.69 1 2
event 44
15031.2 2195.61 36385.8 39551
-6037.85 -950.835 19796.2 20948.5
7897.94 2573.14 17937.8 19768 -1 1
7133.22 -377.52 18448 19783 1 1
-3634.54 947.629 11868.3 12449 -1 2
-2403.31 -1898.46 7927.9 8499.58 1 2
event 45
-6390.37 1728.19 -3106.21 7941.26
5274.93 11495.6 -30062.2 32761.2
-3267.4 2339.53 -1063.37 4158.28 1 1
-3122.97 -611.335 -2042.84 3782.99 -1 1
4522.91 6335.48 -17080.6 18771 -1 2
752.016 5160.09 -12981.6 13990.2 1 2
event 46
6231.87 4721.09 -28374.9 29662.4
-13728.6 -1692.76 -5057.64 15050.3
-4551.32 -161.869 -3186.55 5559.31 -1 2
487.741 2230.96 -5772.31 6208.52 1 1
-9177.31 -1530.9 -1871.09 9490.98 1 2
5744.13 2490.13 -22602.6 23453.9 -1 1
event 47
7101.83 5028.18 -35899.4 37068.5
-11893.2 -2170.27 -4963.56 13430.7
5040.88 1778.06 -19143.5 19876.1 -1 1
2060.95 3250.11 -16755.8 17192.4 1 1
-6151.63 -1115.29 -899.985 6317.24 -1 2
-5741.53 -1054.98 -4063.58 7113.5 1 2
event 48
2923.99 8355.69 10785.6 14292.9
-5204.11 13008 8395.54 16624.3
-2948.79 10737.7 6787.97 13041.5 1 2
1411.95 3346.64 6816.84 7724.9 -1 1
-2255.32 2270.3 1607.57 3582.77 -1 2
1512.04 5009.04 3968.75 6568.02 1 1
event 49
-8464.4 553.822 -20347.6 22261.3
4451.72 7293.1 -5025.35 10385.2
-5093.15 -986.624 -9938.64 11211.7 -1 1
-3371.25 1540.45 -10408.9 11049.7 1 1
3095.37 4355.39 -1399.87 5524.63 -1 2
1356.35 2937.71 -3625.48 4860.56 1 2
