event 0
-610.77 35012.2 -189375 192610
-13680.1 -5319.98 -30586.6 34067.2
-10166 -5268.3 -22380.7 25139.8 1 2
-1472.34 14767.2 -85168.4 86451.7 1 1
-3514.17 -51.6822 -8205.86 8927.45 -1 2
861.571 20245 -104207 106159 -1 1
event 1
7089 1901.62 -13393.3 15583.4
9440 -6457.93 -34739.1 36704.4
4660.43 -42.5905 -9634.12 10702.7 -1 1
2428.57 1944.21 -3759.19 4880.64 1 1
7571.95 -4245.57 -22252.8 23886.3 -1 2
1868.04 -2212.36 -12486.3 12818.1 1 2
event 2
2436.44 8314.94 10327.8 13832.2
-5165.4 20736.2 4132.94 21985
-2078.83 3910.75 1499.13 4676.97 -1 2
23.0566 2702.47 1490.31 3088.05 1 1
-3086.57 16825.4 2633.81 17308.1 1 2
2413.39 5612.48 8837.47 10744.1 -1 1
event 3
-1684.49 12776.6 2311.71 13454.1
3013.39 9990.38 11496.2 15957.6
3246.14 7588.79 6872.06 10740.7 -1 2
891.632 3226.58 327.556 3365.16 -1 1
-2576.12 9550 1984.16 10088.9 1 1
-232.753 2401.6 4624.12 5216.84 1 2
event 4
-10248.8 195.109 -21088.9 23651.9
10802.3 2496.89 1647.33 11628.8
4835.39 1540.63 2255.07 5554.37 -1 2
-4302.6 1561.69 -8207.03 9397.75 1 1
-5946.2 -1366.58 -12881.9 14254.1 -1 1
5966.9 956.257 -607.738 6074.44 1 2
event 5
-14312 -948.959 -24891.1 28894.5
7561.84 2807.28 584.585 8659.97
3517.2 -193.542 -332.605 3539.77 1 2
-2074.92 913.729 -4508 5047.12 -1 1
-12237 -1862.69 -20383.1 23847.4 1 1
4044.64 3000.83 917.191 5120.2 -1 2
event 6
-13776.2 -2792.69 76426.1 77769.7
7354.74 7950.47 7648.71 13616
4096.85 3047.07 5043.13 7177.27 -1 2
-3483.42 -1104.67 13563.4 14047.5 -1 1
-10292.8 -1688.01 62862.7 63722.2 1 1
3257.89 4903.4 2605.58 6438.74 1 2
event 7
-3124.47 -6469.82 -24506.3 25724.9
3280.28 11646.7 -11615.7 17056.5
-2615.46 -2751.47 -15678 16131.4 -1 1
-509.012 -3718.35 -8828.31 9593.51 1 1
3236.14 7054.52 -6059.55 9847.24 -1 2
44.1315 4592.21 -5556.2 7209.22 1 2
event 8
-6030.06 -2514.01 -17613.5 19039.7
14810 -4123.42 -28916.9 32895.6
-3656.99 -31.7597 -7238.79 8110.85 -1 1
-2373.07 -2482.25 -10374.7 10928.8 1 1
9400.76 -4093.56 -19665.8 22178.5 -1 2
5409.22 -29.8618 -9251.12 10717 1 2
event 9
7220.12 4264.71 8958.04 12655.2
-10385.9 -760.904 5044.5 11978.5
4244.52 1338.76 6271.5 7690.97 -1 1
2975.6 2925.95 2686.54 4964.27 1 1
-6374.05 -1885.22 3647.89 7582.93 -1 2
-4011.84 1124.32 1396.61 4395.53 1 2
event 10
-6321.18 -8145.6 -6697.82 12679.1
-566.973 6941.5 3668.95 8459.14
-5224.36 -4752.52 -3477.01 7872.81 -1 1
-1096.83 -3393.07 -3220.8 4806.32 1 1
-68.9091 2507.79 3054.66 3954.22 -1 2
-498.064 4433.71 614.296 4504.92 1 2
event 11
-6901.95 -9794.07 -9345.52 15507.8
-4.4577 8259.47 3531.24 9501.55
-2816.86 -6416.92 -4525.9 8343.05 -1 1
-4085.09 -3377.15 -4819.62 7164.7 1 1
1157.37 4735.12 3067.35 5760.27 -1 2
-1161.82 3524.34 463.885 3741.28 1 2
event 12
-8905 -23582.6 -13719.7 28866.2
-1814.85 -18504 -9654.14 21177.5
-5126.25 -17494.8 -9946.06 20767.3 1 1
-3778.75 -6087.78 -3773.6 8098.84 -1 1
-281.958 -4006.49 -727.984 4083.21 -1 2
-1532.89 -14497.5 -8926.16 17094.3 1 2
event 13
-5421.34 -16785.4 -10943.5 20987.9
-1476.65 -11638.8 -4729.36 13023
916.174 -3521.96 -1849.85 4083.71 -1 2
-219.126 -2190.97 -384.122 2237.65 -1 1
-5202.22 -14594.4 -10559.3 18750.2 1 1
-2392.82 -8116.86 -2879.51 8939.33 1 2
event 14
14196.8 31876.9 190663 193854
-898.593 -13064.2 33972.8 36540.7
287.24 -11004.5 26411.7 28614.2 -1 2
2650.24 8690.83 45384.3 46285 1 1
11546.6 23186.1 145278 147569 -1 1
-1185.83 -2059.68 7561.05 7926.48 1 2
event 15
-511.575 7323 13685.6 15835.7
8692.42 -594.005 19837.7 21886.9
3385.94 955.727 5612.35 6624.78 1 2
-1514.43 2145.29 5531.84 6124.39 -1 1
5306.47 -1549.73 14225.4 15262.1 -1 2
1002.85 5177.71 8153.8 9711.33 1 1
event 16
-6198.22 -16622.1 61447.2 64031.7
-5438.54 5833.37 -12284.5 14970.1
-2372.55 -10513.4 35270.9 36881 -1 1
-3825.67 -6108.72 26176.3 27150.7 1 1
-3677.18 2085.78 -7748.74 8827.59 -1 2
-1761.36 3747.59 -4535.72 6142.53 1 2
event 17
-11300.6 -21931.6 79918.4 83697.3
-3527.81 5334.56 -9177.34 11606.8
-2069.05 3938.08 -3764.59 5828.61 1 2
-3339.45 -4371.53 15053.4 16027.4 -1 1
-1458.77 1396.48 -5412.76 5778.17 -1 2
-7961.11 -17560 64865 67669.8 1 1
event 18
-4852.78 4437.33 -7187.54 10222.1
-7796.39 -14326.1 52360.5 54929.4
-2802.45 4075.05 -3773.03 6221.47 -1 1
-2050.33 362.283 -3414.51 4000.64 1 1
-3818.28 -7768.66 32671.9 33799.4 1 2
-3978.1 -6557.43 19688.6 21130 -1 2
event 19
-9517.44 1382.43 -12841.2 16339.7
872.771 9531.59 -31179.1 32761.8
425.07 3942.14 -8209.3 9117.28 1 2
-3262.71 1774.34 -6035.4 7087.37 1 1
-6254.73 -391.905 -6805.81 9252.32 -1 1
447.701 5589.45 -22969.8 23644.6 -1 2
event 20
-1923.34 -7061.74 14120.8 16203.5
12710.7 1037.55 -8504.27 15638.1
4163.27 1605.13 -2047.1 4910.3 1 2
715 -2960.16 4850.87 5728.52 -1 1
8547.42 -567.579 -6457.16 10727.8 -1 2
-2638.34 -4101.58 9269.91 10475 1 1
event 21
8537.55 -7800.81 16581.9 20452.2
2919.07 -5640.63 -714.628 7102
4312.27 -4649.94 11481.6 13117 -1 1
4225.28 -3150.87 5100.34 7335.23 1 1
3124.66 -3289.97 -1191.47 4692.35 -1 2
-205.591 -2350.66 476.841 2409.65 1 2
event 22
-17855.4 -13086.4 -50416.9 55150
-5552.69 2661.45 -11627.2 13516.6
-3098.39 2318.41 -9465.09 10226.1 1 2
-7711.38 -5661.25 -25629.1 27356.5 -1 1
-2454.29 343.037 -2162.12 3290.47 -1 2
-10144 -7425.12 -24787.8 27793.6 1 1
event 23
-5751.09 2724.75 -13186.8 15098.9
-11119.9 -7665.74 -30744 33722.4
-2631.29 3254.27 -7665.67 8734.28 -1 1
-3119.81 -529.52 -5521.14 6364.57 1 1
-7557.01 -4131 -22207.7 23819.5 1 2
-3562.85 -3534.74 -8536.26 9902.89 -1 2
event 24
9713.57 -8146.67 -82.9265 13050.6
-2503.55 4392.68 -12008.8 13392.7
7112.96 -4844.8 1115.51 8678.82 1 1
2600.61 -3301.86 -1198.43 4371.83 -1 1
-2626.27 1491.31 -5990.7 6709.76 -1 2
122.717 2901.37 -6018.11 6682.95 1 2
event 25
17221.5 10188 -107421 109312
-15198.6 -938.834 -55493.2 57627.9
-4995.97 -1653.46 -21044.5 21692.8 -1 2
3844.89 983.631 -23954.9 24281.6 1 1
13376.6 9204.33 -83465.8 85030.6 -1 1
-10202.6 714.626 -34448.7 35935.1 1 2
event 26
-6496.11 1653.78 13089.3 15028.5
11554.7 279.131 -1843.35 12106.9
3526.97 196.774 856.422 3636.33 -1 2
-1943.63 992.813 7374.68 7691.58 -1 1
8027.73 82.3572 -2699.77 8470.61 1 2
-4552.48 660.972 5714.6 7336.88 1 1
event 27
-5257.64 1804.57 8417.14 10739.4
12494.6 1582.19 -4211.26 13636.1
-2333.63 2496.56 5895.89 6815.52 1 1
-2924.02 -691.993 2521.25 3923.85 -1 1
7670.78 206.567 -1153.42 7760.49 1 2
4823.85 1375.63 -3057.84 5875.66 -1 2
event 28
-4316.55 10123 -13345.7 17572.8
1967.65 -13827.8 -32255 35285.4
62.3948 -10256.1 -23106.3 25280.5 1 2
-1563.77 3849.28 -7462.46 8541.77 -1 1
1905.25 -3571.71 -9148.75 10004.9 -1 2
-2752.77 6273.68 -5883.22 9031.08 1 1
event 29
-6109.18 -5778.09 -3623.65 9665.92
-4.63479 -9327.37 -9779.97 13865.1
-1155.63 -7516.89 -8292.69 11252.5 1 2
-3445.8 -1258.73 -1023.13 3809.98 1 1
1150.99 -1810.47 -1487.27 2612.61 -1 2
-2663.38 -4519.36 -2600.52 5855.94 -1 1
event 30
7136.21 -125.797 7535.67 10831.4
-6193.77 -3006.1 1341.03 7667.39
4142.55 -1491.4 3514.95 5634.8 1 1
2993.66 1365.6 4020.72 5196.56 -1 1
-3324.68 -3147.89 1410.51 4792.02 -1 2
-2869.09 141.788 -69.484 2875.37 1 2
event 31
5635.1 -3911.85 -14615.7 16439.8
-4383.59 -7106.37 -14033.5 16620.7
-3125.83 -2318.3 -5226.87 6517.41 -1 2
1449.43 -1724.19 -7992.13 8304.16 -1 1
-1257.76 -4788.07 -8806.66 10103.3 1 2
4185.67 -2187.66 -6623.56 8135.62 1 1
event 32
-15186 1652.29 21031.7 26177.6
15751 -9144.27 9624 20830.8
5960.83 -2836.15 1953.52 6884.95 1 2
-5139.05 -111.871 9336.49 10658.5 -1 1
9790.16 -6308.11 7670.48 13945.9 -1 2
-10046.9 1764.16 11695.2 15519.1 1 1
event 33
4426.36 -11750.9 43187.9 45082.8
2930.34 11776.2 46753.8 48402.2
3279.58 -6898.48 21139.3 22477.2 1 1
1146.78 -4852.45 22048.6 22605.6 -1 1
890.678 8563.57 35180.9 36219.3 -1 2
2039.66 3212.66 11572.8 12182.9 1 2
event 34
6644.62 20143.6 79020 81875.9
2662.27 -11550.7 41271.5 43051.5
5048.76 12457.1 45185.1 47142.1 1 1
1595.87 7686.47 33834.8 34733.8 -1 1
155.921 -6451.65 18995.8 20062.4 -1 2
2506.35 -5099.01 22275.7 22989.1 1 2
event 35
-6758.81 254.11 2794.04 7946.32
5220.23 4964.98 -11935.2 14280.8
2980.72 1449.13 -7461.33 8165 1 2
-2300.61 -45.7274 2598.53 3472.53 1 1
-4458.19 299.837 195.507 4473.79 -1 1
2239.5 3515.85 -4473.85 6115.8 -1 2
event 36
-18915.1 -3158.34 -64359.4 67227
-4916.73 3000.25 -4683.71 8043.89
-11429.2 -944.896 -34107.6 35984.1 1 1
-7485.92 -2213.44 -30251.8 31243 -1 1
-2882.82 3404.45 -3131.36 5451.38 -1 2
-2033.91 -404.203 -1552.35 2592.51 1 2
event 37
2786.72 6152.5 -12490.3 14533.3
-2486.6 -7094.47 -6241.35 10443.1
-115.729 -5492.07 -4395.9 7036.43 1 2
2636.49 2101.5 -5837.64 6742.15 -1 1
-2370.87 -1602.4 -1845.45 3406.69 -1 2
150.232 4051 -6652.63 7791.13 1 1
event 38
4936.98 -5902.08 5357.36 9874.23
-6896.14 6267.16 4.68282 9819.61
-2103.6 3960.71 263.094 4493.63 -1 2
1933.44 -1090.42 241.935 2235.37 -1 1
3003.54 -4811.66 5115.43 7638.85 1 1
-4792.54 2306.45 -258.411 5325.98 1 2
event 39
-10298.8 -4196.31 -25808.4 28272.6
2341.2 7539.27 -9174.87 12493.7
767.662 3354.43 -6293.61 7173.72 1 2
-2580.37 -1771.35 -10505.6 10962.5 1 1
-7718.44 -2424.97 -15302.8 17310.1 -1 1
1573.54 4184.84 -2881.26 5319.93 -1 2
event 40
-3093.17 -4546.16 -17001.8 18135.2
17009.8 -4027.74 -88552.3 90314.2
-2407.35 -2073.97 -12979.7 13363.4 1 1
-685.819 -2472.19 -4022.04 4771.79 -1 1
8725.47 -3587.38 -49296.8 50191.5 -1 2
8284.37 -440.352 -39255.5 40122.7 1 2
event 41
-1903.25 -7127.12 9059.78 12086.7
2113.85 -7698.2 -22881.7 24431.4
2362.54 -2978.7 -11264.7 11889.5 -1 2
-1014.26 -1759.8 778.8 2177.92 -1 1
-888.998 -5367.32 8280.98 9908.8 1 1
-248.69 -4719.5 -11616.9 12541.9 1 2
event 42
-6937.86 1073.9 25712.2 26832.7
3960.26 9323.8 10109.3 14642.6
2629.55 2530 3084.07 4778.93 -1 2
-1849.71 -959.666 9243.41 9475.98 -1 1
1330.71 6793.8 7025.22 9863.64 1 2
-5088.15 2033.57 16468.8 17356.7 1 1
event 43
-12637.1 -24412.6 -81498 86065
8569.13 28368 -4585.02 30212.2
4587.9 10991.6 -491.154 11921.2 1 2
-4740.92 -9662.46 -27375.4 29415.4 -1 1
3981.23 17376.4 -4093.86 18291 -1 2
-7896.17 -14750.2 -54122.6 56649.7 1 1
event 44
-12164.6 -20827.5 -70774.2 74835.4
5698.49 16682 -2212.48 18034.7
-5090.08 -11472.4 -34517.6 36728.8 1 1
-7074.56 -9355.08 -36256.5 38106.6 -1 1
5627.96 12765.2 -2145.79 14115.3 -1 2
70.5279 3916.79 -66.6874 3919.42 1 2
event 45
-17975.6 -31673.2 -107363 113414
7036.63 21920.4 -3428.36 23481.1
2391.64 10210.6 -2859.81 10870.4 1 2
-6252.39 -8217.66 -29885 31618.7 -1 1
-11723.2 -23455.5 -77478.2 81795.4 1 1
4645 11709.8 -568.544 12610.7 -1 2
event 46
1659.75 -8506.36 -5241.05 10591.1
-9383.75 -8175.17 2181.31 13009.1
-7903.73 -5325.04 989.665 9582.04 1 2
1320.58 -3934.19 -4165.22 5880.65 1 1
-1480.02 -2850.13 1191.65 3427.08 -1 2
339.164 -4572.17 -1075.83 4710.45 -1 1
event 47
5964.17 -3118.75 16554.4 18136.6
-1971.45 7916.55 35323.1 36385
-1958.6 2281.81 14762.7 15066.3 -1 2
2020 407.954 3719.59 4253.63 1 1
-12.8563 5634.75 20560.4 21318.8 1 2
3944.18 -3526.7 12834.8 13883 -1 1
event 48
-9386.34 9713.11 -18303.9 22958.1
5268.67 -12727.5 -18300.2 23113.6
5032.15 -8573.81 -12406.2 15898.3 1 2
-3392.98 4993.3 -9999.81 11681.3 1 1
236.52 -4153.72 -5893.98 7215.23 -1 2
-5993.36 4719.82 -8304.13 11276.8 -1 1
event 49
6578.64 -11485.1 -16986.7 21756
-5048.08 6333.19 -10656.2 13738.2
-1705.56 4016.82 -3909.63 5860.04 1 2
4472.44 -4741.13 -8539.32 10743 1 1
-3342.52 2316.37 -6746.53 7878.12 -1 2
2106.19 -6743.95 -8447.42 11013 -1 1
event 50
-6586.64 8617.49 -12506.8 16842.1
2953.63 -9930.92 -15349.9 18776.5
2051.95 -8065.29 -9833.63 12883 1 2
-2666.18 4219.17 -3569.91 6137.21 -1 1
901.677 -1865.63 -5516.23 5893.52 -1 2
-3920.46 4398.32 -8936.88 10704.9 1 1
event 51
-6893.13 -3577.01 -12511.1 15047.6
6028.81 -6488.26 -3419.39 10184.5
2076.69 -4072.16 -266.464 4580.1 -1 2
-2223.61 -1868.32 -2360.82 3744.29 1 1
-4669.52 -1708.69 -10150.3 11303.3 -1 1
3952.12 -2416.09 -3152.92 5604.36 1 2
event 52
8968.29 7034.06 -32674.2 34743.4
-5447.16 -4714.78 -19838.1 21331.7
4577.12 4780.84 -15062 16452.4 1 1
4391.17 2253.22 -17612.1 18290.9 -1 1
-3472.04 -2228.49 -14890.6 15452 -1 2
-1975.12 -2486.29 -4947.46 5879.73 1 2
event 53
-5771.72 4095.26 -42741.1 43433.6
11509 -1940.18 22383.5 25432.9
-5020.92 1865.32 -30793.1 31255.7 1 1
-750.799 2229.95 -11948 12178 -1 1
5647.48 -1683.38 8337.63 10210.5 -1 2
5861.55 -256.802 14045.9 15222.4 1 2
event 54
-1646.76 7600.31 37161 38092.1
-7661.14 -1708.34 39285 40181
489.731 4588.63 18336.9 18908.9 1 1
-2136.49 3011.68 18824.2 19183.2 -1 1
-5620.52 76.3306 29270.9 29805.9 -1 2
-2040.61 -1784.67 10014.2 10375.1 1 2
event 55
7168.85 -1591.17 6050.43 10006.2
1599.47 -18506.4 9673.34 21171
5057.54 -893.766 2263.79 5613.69 -1 1
2111.3 -697.401 3786.64 4392.47 1 1
2208.81 -12268.9 5406.64 13588.5 1 2
-609.34 -6237.48 4266.7 7582.43 -1 2
