event 0
6492.4 3788.54 -7309.3 10932.5
-6025.93 4878.41 -2010.45 8587.41
-3558.21 1090.51 -238.886 3730.73 1 2
2836.39 131.88 -3505.44 4512.4 1 1
3656.01 3656.66 -3803.86 6420.13 -1 1
-2467.72 3787.89 -1771.57 4856.68 -1 2
event 1
10179.9 2837.18 17353.7 20552.9
-8243.59 -3712.29 3532.4 10188.6
-6167.26 -2197.83 1083.35 6637.05 -1 2
3471.06 2220.91 4990.03 6472.42 1 1
6708.89 616.271 12363.7 14080.5 -1 1
-2076.32 -1514.45 2449.06 3551.58 1 2
event 2
5962.27 -5644.51 -35578.1 36644.3
-886.953 6644.44 -15783.3 17425.3
-968.03 4079.9 -12896.8 13561.7 -1 2
2977.59 -1105.96 -16708 17007.6 1 1
2984.68 -4538.55 -18870.1 19636.7 -1 1
81.0762 2564.54 -2886.56 3863.53 1 2
event 3
-12799.9 402.609 7434.45 15128.2
6978.51 -15674.1 -78657.7 80566.7
-7844.39 331.849 6238.79 10028.9 -1 1
-4955.54 70.7602 1195.66 5099.33 1 1
6969.86 -13337 -69932.6 71533.4 -1 2
8.65287 -2337.16 -8725.09 9033.31 1 2
event 4
595.149 -12134.9 -32496.6 34831.5
5424.39 11310.3 6672.55 14541.8
1250.08 5455.01 1902.46 5911.88 -1 2
-1219.96 -5432.18 -13385.4 14497.4 1 1
4174.31 5855.34 4770.09 8629.88 1 2
1815.11 -6702.74 -19111.3 20334 -1 1
event 5
-3096.13 8729.63 -3874.86 10507.1
7.33851 -6309.84 -12126.2 14016
-831.818 5069.09 -762.181 5194.2 -1 1
-2264.31 3660.54 -3112.68 5312.87 1 1
897.633 -4016.51 -9795.84 10625.8 -1 2
-890.294 -2293.33 -2330.35 3390.23 1 2
event 6
1462.23 -14600.7 -45644.2 48044.8
4632.71 20861.2 16863.1 27397.3
369.282 5519.54 3052.36 6319 -1 2
-103.129 -2582.15 -4964.31 5597.65 -1 1
4263.43 15341.7 13810.8 21078.3 1 2
1565.36 -12018.6 -40679.9 42447.1 1 1
event 7
7720.67 -9601.88 -41749.7 43639.8
5133.03 17094.4 6521.11 19253.1
4029.97 -5224.64 -16991.7 18228.2 1 1
3690.7 -4377.25 -24758 25411.7 -1 1
2799.4 12373 3414.7 13137.7 -1 2
2333.63 4721.42 3106.42 6115.44 1 2
event 8
10616.4 -3583.7 -44711.1 46197.7
9675.32 -10999.7 -66594 68256.6
5853.02 -3401.49 -28949.2 29730.4 -1 1
4763.34 -182.211 -15761.9 16467.3 1 1
6000.07 -4502.26 -32465.8 33321.4 1 2
3675.25 -6497.42 -34128.2 34935.2 -1 2
event 9
-3502.82 -6625.18 16263.8 18173.2
12255.2 10583.2 42242.5 45345.5
-3274.24 -3695.24 12160 13124.5 -1 1
-228.58 -2929.94 4103.77 5048.65 1 1
6384.2 6330.77 27186.4 28634.8 -1 2
5871.02 4252.47 15056 16710.7 1 2
event 10
-3659.25 -5708.68 12502.9 14556.5
9310 8774.21 36819.8 39101.8
-906.661 -3940.15 5506.83 6832.51 1 1
-2752.59 -1768.53 6996.03 7723.99 -1 1
4243.01 5985.4 19056.5 20420.3 1 2
5066.99 2788.81 17763.3 18681.5 -1 2
event 11
-7819.34 7148.01 -25501.9 27788
-1408.93 -11976.3 -3995.07 13075.5
590.098 -4464.16 -2524.15 5163.28 -1 2
-3883.32 2251.33 -13709.8 14426.4 -1 1
-1999.03 -7512.13 -1470.92 7912.21 1 2
-3936.02 4896.68 -11792.1 13361.6 1 1
event 12
10292.2 -2424.6 1113.23 11074.2
-8384.27 3990.22 36754.9 38035.9
-3093.41 1008.46 7823.11 8473.4 1 2
2906.48 -1307.71 1638.8 3585.32 -1 1
7385.69 -1116.89 -525.573 7488.87 1 1
-5290.86 2981.77 28931.8 29562.5 -1 2
event 13
2500.86 19555.3 1424.85 20007.1
-4249.54 -4462.18 29806.1 30593.6
-1508.07 -3615.14 19780 20164.4 1 2
-571.845 6743.17 815.911 6817.2 1 1
-2741.47 -847.042 10026.2 10429.2 -1 2
3072.7 12812.1 608.941 13189.9 -1 1
event 14
2712.12 22830.4 -708.828 23209.4
-4793.68 -4153.86 29793.3 30618.1
-4086.24 -1572.98 18300.3 18817.2 1 2
-616.505 6625.2 -225.36 6658.47 -1 1
-707.445 -2580.88 11493 11800.9 -1 2
3328.63 16205.2 -483.468 16551 1 1
event 15
-3704.18 -3566.34 13781.5 15031.9
124.87 9298.89 47752.2 48747.8
-1478.8 -3294.08 10025.8 10656.7 1 1
-2225.39 -272.256 3755.7 4375.26 -1 1
1553.31 4821.46 26799.4 27274.1 -1 2
-1428.44 4477.42 20952.9 21473.7 1 2
event 16
5165.45 14011.8 4885.5 16014.7
-2641.15 8498.18 -3319.4 9990.18
3484.2 10518.7 2199.79 11297.5 -1 1
1681.26 3493.12 2685.7 4717.27 1 1
-1616.31 2085.57 114.999 2643.19 -1 2
-1024.84 6412.62 -3434.4 7346.99 1 2
event 17
856.861 -10689.8 22984.5 25551.5
-5944.73 6177.68 21104.8 22989.3
-5213.49 3545.42 16014.8 17211.5 -1 2
1463.89 -4001.44 6757.04 7988.94 -1 1
-607.033 -6688.37 16227.4 17562.6 1 1
-731.243 2632.25 5089.99 5777.77 1 2
event 18
-876.456 -11511.3 -6085.32 13412.7
2624.84 -5654.23 -2445.22 7377.66
-992.908 -7080.01 -2103.29 7453.01 1 1
116.452 -4431.29 -3982.04 5959.67 -1 1
2031.12 -3537.65 9.71484 4080.65 -1 2
593.724 -2116.58 -2454.94 3297.01 1 2
event 19
11684.8 5742.78 -8766.81 15998.9
-878.952 7287.14 -6699.68 10409.2
-1051.61 3927.6 -5490.57 6832.97 -1 2
3784.94 1358.7 -1157.34 4185.98 1 1
7899.91 4384.08 -7609.47 11812.9 -1 1
172.661 3359.54 -1209.1 3576.23 1 2
event 20
16757.1 11844 -59866.1 63361.1
-10939.8 3679.22 -55292.7 56569.3
10000.3 8761.02 -36768.3 39098.4 -1 1
6756.75 3083.01 -23097.8 24262.7 1 1
-1304.8 1567.28 -7787.42 8050.71 -1 2
-9634.97 2111.94 -47505.2 48518.6 1 2
event 21
7879.73 -4690.83 -22825.8 24793.2
-5609.55 2502.6 -28093.4 28923.3
-4097.59 182.379 -16242.4 16752.6 -1 2
3542.42 -1372.63 -13082.1 13623 1 1
4337.31 -3318.2 -9743.73 11170.2 -1 1
-1511.97 2320.22 -11850.9 12170.7 1 2
event 22
9313.37 -3327.63 21404.3 23781.2
-12191.3 11472.5 30786.7 35180.4
-9291.01 7887.15 24699.8 27543.1 1 2
4857.26 -156.916 11015 12039.9 -1 1
-2900.28 3585.4 6086.9 7637.3 -1 2
4456.11 -3170.71 10389.3 11741.3 1 1
event 23
10037.4 5645.05 -26231 28814.4
3156.95 -4671.19 5103.29 8210.98
1355.23 -3225.34 4705.47 5864.47 1 2
4408.17 3839.39 -10651 12150.3 1 1
1801.71 -1445.85 397.82 2346.51 -1 2
5629.2 1805.66 -15579.9 16664.1 -1 1
event 24
-5505.5 -5051.95 -13267.2 15538.4
5316.82 -4921.18 -11866.1 14243.7
3285.5 -1260.88 -6911.03 7756.15 -1 2
-2786.18 -1026.97 -7029.75 7631.91 -1 1
-2719.32 -4024.98 -6237.47 7906.47 1 1
2031.33 -3660.3 -4955.08 6487.53 1 2
event 25
2028.61 -5980.67 1691.38 7234.34
-6461.13 7531.94 8003.52 13119.6
-3259.15 2514.55 1716.04 4461.05 1 2
-497.409 -2084.23 -326.651 2170.09 1 1
-3201.98 5017.39 6287.48 8658.55 -1 2
2526.02 -3896.44 2018.04 5064.25 -1 1
event 26
-1018.37 -14828.2 -30843.3 34377.5
6675.44 3606.62 -3518.3 8918.42
-429.696 -10128.5 -24008.5 26061.3 1 1
-588.677 -4699.78 -6834.84 8316.29 -1 1
1255.56 1980.3 -1933.82 3041.19 -1 2
5419.89 1626.33 -1584.47 5877.23 1 2
event 27
5539.05 -9116.88 -232.6 11110.5
-376.767 10957.3 -43575.7 45040.4
1554.98 -5511.1 -307.045 5735.47 -1 1
3984.07 -3605.78 74.4443 5375.05 1 1
-59.3974 7256.69 -22558 23696.8 -1 2
-317.37 3700.6 -21017.7 21343.6 1 2
event 28
-4744.12 -5399.03 28999.8 30037.3
-3363.57 5645.34 25160.5 26188.3
-2080.86 -3621.81 11254.3 12004.9 1 1
-2663.26 -1777.22 17745.5 18032.3 -1 1
-279.058 2980.37 7800.81 8356.09 -1 2
-3084.51 2664.97 17359.7 17832.2 1 2
event 29
-27527.2 -16757.9 42403.7 53350.2
24153.8 4325.55 104714 107595
3457.15 -339.478 12701.8 13168.7 -1 2
-3050.66 -986.098 5143.92 6062.18 1 1
-24476.5 -15771.8 37259.8 47288 -1 1
20696.7 4665.02 92012 94426.4 1 2
event 30
12417.7 1569 51896.5 53474.3
-29095.5 -19558.8 48810.4 60175.9
6778.62 56.1116 22324.7 23331.5 -1 1
5639.04 1512.88 29571.8 30142.8 1 1
-15814.3 -10971.4 24192 30914.9 1 2
-13281.2 -8587.43 24618.3 29261 -1 2
event 31
13108.2 1785.34 61398 62883.4
-22428.5 -15432.7 37663.5 46576.1
8068.68 1885.9 43818.7 44595.4 1 1
5039.53 -100.552 17579.3 18288 -1 1
-12921.2 -8470.55 18801.4 24335.4 -1 2
-9507.26 -6962.15 18862.1 22240.7 1 2
event 32
4183.42 -2880.91 -5932.84 8401.9
-9992.7 10361.2 -27068.6 30814.1
3142.26 -748.806 -1979.59 3790.04 -1 1
1041.16 -2132.11 -3953.25 4611.86 1 1
-6003.97 4348.25 -11978.6 14087.3 1 2
-3988.72 6012.98 -15090 16726.8 -1 2
event 33
-3914.73 -6167.02 -7727.29 11075.1
-2765.75 8463.67 20382.3 22456.9
-1267.79 -4740.75 -4436.27 6616.17 1 1
-2646.94 -1426.26 -3291.02 4458.98 -1 1
-996.932 6869.09 13626.2 15292.5 -1 2
-1768.82 1594.58 6756.15 7164.36 1 2
event 34
-1878.14 -5920.68 8439.38 10926.9
443.105 11040.8 10829.8 15778.8
-1060.47 -3537.13 2462.7 4439.81 -1 1
-817.67 -2383.55 5976.68 6487.04 1 1
55.0954 5949.86 3695.51 7005.13 -1 2
388.009 5090.92 7134.32 8773.69 1 2
event 35
21715.4 1774.17 18104.4 28496.7
-6912.51 -6892.56 -2487.78 10539.1
-3645.62 -2266.41 -2300.92 4871.61 1 2
3104.41 283.673 1306.8 3381.82 1 1
18611 1490.5 16797.6 25114.9 -1 1
-3266.89 -4626.15 -186.861 5667.45 -1 2
event 36
-5457.62 -5911.64 -773.935 8655.68
14041.5 404.576 13476.3 19711.2
3726.05 815.943 5355.45 6575.81 -1 2
-2580.3 -847.681 292.043 2733.67 -1 1
10315.5 -411.367 8120.84 13135.3 1 2
-2877.32 -5063.96 -1065.98 5922 1 1
event 37
3778.8 -4967.27 24043.8 25032.9
-18762.4 9617.89 121801 123651
3434.45 -2269.27 16722.8 17222.3 1 1
344.348 -2697.99 7321.03 7810.66 -1 1
-11563.4 7535.91 80957.1 82125.3 1 2
-7198.96 2081.98 40843.5 41525.4 -1 2
event 38
3957.99 -9442.12 1037.22 10746.4
7751.95 6631.49 22474 24874.5
5779.72 5060.71 19587.8 21040.7 1 2
1576.35 -3796.82 1949.07 4550.91 1 1
1972.23 1570.77 2886.2 3833.84 -1 2
2381.65 -5645.3 -911.847 6195.5 -1 1
event 39
-7254.07 75.7711 -8816.17 11829.7
10383.9 -27432 69859.1 75830.2
-4981.72 1089.53 -4295.22 6668.19 1 1
-2272.35 -1013.76 -4520.95 5161.54 -1 1
5607.22 -15761 35943.8 39646.2 1 2
4776.69 -11671.1 33915.3 36184.1 -1 2
event 40
-9154.66 9276.25 -12415.7 18264.6
3248.81 -7283.76 -23038 24575.3
1345.69 -6079.04 -18245.5 19278.9 -1 2
-1295.74 3009.52 -2306.95 4008.66 -1 1
-7858.92 6266.73 -10108.7 14255.9 1 1
1903.12 -1204.72 -4792.46 5296.42 1 2
event 41
-808.747 -7453.29 5332.97 9707.56
-749.911 9725.8 13147.3 16661.2
1199.05 3755.65 5423.9 6706.16 1 2
-1402.17 -1484.03 1922.54 2806.37 1 1
-1948.96 5970.15 7723.39 9955.05 -1 2
593.42 -5969.26 3410.43 6901.19 -1 1
event 42
6311.43 3731.38 -3792.86 8816.67
-1580.37 -10610 -7602.37 13507.7
311.332 -3872.18 -4211.11 5730.21 -1 2
1710.5 2524.7 -665.469 3123.13 -1 1
-1891.7 -6737.83 -3391.27 7777.45 1 2
4600.93 1206.68 -3127.4 5693.54 1 1
event 43
-2598.92 -8632.85 9766.57 13647.6
6620.83 5385.29 6458.52 11141.8
3740.39 3198.61 5535.97 7408.09 -1 2
210.743 -4484.4 4071.91 6061.84 -1 1
-2809.67 -4148.45 5694.66 7585.79 1 1
2880.44 2186.68 922.549 3733.73 1 2
event 44
-1513.6 5344.46 -16254.2 17454.1
3201.49 -10013.8 50108.6 51293.2
265.886 4159 -11733.7 12452.2 1 1
-1779.49 1185.46 -4520.52 5001.81 -1 1
486.604 -5798.09 30723.3 31269.6 1 2
2714.88 -4215.76 19385.4 20023.7 -1 2
event 45
2753.9 -9680.36 51495.2 52560.7
-2512.48 10925.9 -29836.1 32023
-2187.59 7222.58 -23430 24615.6 1 2
-320.346 -4399.27 22481.5 22910.3 -1 1
-324.884 3703.31 -6406.07 7407.36 -1 2
3074.24 -5281.08 29013.7 29650.4 1 1
event 46
16340.3 -19054.4 -125868 128384
-16966.3 -1697.7 -58294 60815.4
11269.9 -10844.3 -78423.1 79967.6 -1 1
5070.45 -8210.15 -47444.8 48416.3 1 1
-2434.39 835.855 -8308.2 8698.4 -1 2
-14531.9 -2533.55 -49985.8 52117 1 2
event 47
-20195.9 -3067.23 -72265 75160.5
16721 -18546.7 -129158 131586
-13607.3 -843.493 -50749.2 52548.6 -1 1
-6588.63 -2223.73 -21515.8 22611.9 1 1
12564.9 -15462.8 -98600.8 100594 -1 2
4156.13 -3083.9 -30556.7 30992.1 1 2
event 48
-15392.1 -4047.42 -52351.2 54804.5
18929.9 -21316.8 -139688 142601
5952.94 -5110.59 -42848.5 43561 -1 2
-4013.54 -1732.53 -18759.2 19262.1 1 1
12976.9 -16206.2 -96839.9 99040.5 1 2
-11378.6 -2314.89 -33592 35542.4 -1 1
event 49
-1032.12 6050.55 20543.8 21663.6
-9556.92 -7941.97 61648.2 62964.3
-2032.25 3708.08 10998.8 11784.1 -1 1
1000.13 2342.47 9544.97 9879.53 1 1
-5461.36 -6261.58 37010.8 37932.1 1 2
-4095.55 -1680.39 24637.5 25032.3 -1 2
event 50
-519.727 5695.65 22702.6 23700.4
-7572.81 -8198.71 54879.9 56088.8
703.296 3549.27 7862.32 8655.58 1 1
-1223.02 2146.38 14840.2 15044.8 -1 1
-5091.68 -3883.94 35903.5 36470.3 1 2
-2481.14 -4314.76 18976.4 19618.6 -1 2
event 51
8551.34 12354.3 -55647.2 57723.1
-8919.96 -10163.9 -19968.3 24314.5
-4299.52 -4907.69 -6946.02 9530.46 -1 2
1682 5002.42 -19098.7 19814.8 1 1
6869.34 7351.9 -36548.5 37908.4 -1 1
-4620.44 -5256.17 -13022.3 14784 1 2
event 52
10301.3 13285.1 -67432.6 69565.5
-22334.6 -22509.5 -44925.5 55076.3
-7252.41 -5727.45 -11616.2 14844.1 1 2
2403.91 1360.16 -12421.4 12725.2 -1 1
-15082.2 -16782.1 -33309.3 40232.2 -1 2
7897.43 11925 -55011.2 56840.2 1 1
