event 0
-4020.16 -5157.69 -25703.3 26702.3
16590.9 6466.16 1297.82 18120.3
2450.46 2041.73 823.375 3295.83 -1 2
-900.212 -2639.44 -6325.03 6913.34 -1 1
14140.5 4424.44 474.446 14824.5 1 2
-3119.95 -2518.25 -19378.3 19789 1 1
event 1
1248.95 7678.85 -27312.3 28567.1
-5991.7 3332.54 -15231.5 16988.1
-3889.41 3466.22 -8885.29 10300.6 1 2
-917.09 3781.22 -13739.2 14279.9 1 1
-2102.28 -133.684 -6346.22 6687.53 -1 2
2166.04 3897.63 -13573.1 14287.2 -1 1
event 2
11950.3 -5651.35 499.586 13586.3
227.197 9066.41 2138.65 9819.16
-1244.29 6534.71 1520.18 6824.43 -1 2
4448.61 -2108.29 -1307.79 5094.75 1 1
7501.68 -3543.05 1807.37 8491.54 -1 1
1471.49 2531.7 618.476 2994.74 1 2
event 3
-7476.21 -6222.04 -8490.61 13277.4
-1919.12 8108.05 1989.8 9109.02
622.753 3975.59 1125.85 4179.93 1 2
-981.974 -1928.2 -735.004 2287.71 1 1
-6494.24 -4293.84 -7755.61 10989.7 -1 1
-2541.87 4132.46 863.952 4929.09 -1 2
event 4
6667.78 -1099.36 31798.7 32656
2236.85 -6381.52 5807.02 9436.08
3700.31 -1881.14 14330.6 14920.1 1 1
2967.47 781.777 17468 17735.9 -1 1
301.439 -5037.83 3546.7 6169.35 -1 2
1935.41 -1343.69 2260.32 3266.73 1 2
event 5
-9811.09 -2908.22 32990.9 34680.1
-1730.09 -5665.93 16368.3 17680.6
-1397.13 -3449.33 5914.45 6988.68 1 2
-4381.86 257.809 14473.8 15125.1 -1 1
-332.96 -2216.6 10453.8 10691.9 -1 2
-5429.23 -3166.03 18517.2 19555 1 1
event 6
9973.11 7038.15 -38913.6 40900.6
-9794.99 -7863.26 -3612.6 13431.9
-8329.84 -5939.02 -1754.54 10380.2 1 2
3716.53 4407.48 -16279.9 17270.9 -1 1
-1465.15 -1924.25 -1858.06 3051.71 -1 2
6256.57 2630.66 -22633.7 23629.6 1 1
event 7
-4680.3 5517.09 16296.9 18097.6
9743.93 -7014.58 -15499.3 19848.7
-2175.95 4097.07 7293.11 8644.15 -1 1
-2504.35 1420.01 9003.8 9453.45 1 1
4943.5 -5108.49 -7572.26 10386.8 1 2
4800.42 -1906.09 -7927.09 9461.88 -1 2
event 8
13411.8 684.171 13919.5 19587.9
9268.69 4282.92 9648.94 14385.6
9459.02 -487.394 8148.38 12494.7 -1 1
3952.76 1171.56 5771.08 7093.2 1 1
1907.55 2193.08 3617.14 4641.46 -1 2
7361.14 2089.84 6031.8 9744.11 1 2
event 9
4506.03 -11804.3 17297.1 21643.2
2255.54 8221.08 8331.36 12315.7
362.7 4889.93 2999.05 5748.78 -1 2
2102.72 -3245.61 7322.28 8281.45 1 1
2403.32 -8558.69 9974.81 13361.7 -1 1
1892.84 3331.15 5332.31 6566.89 1 2
event 10
3388.73 -10068.2 17432.6 20648
2026.79 5986.52 6487.33 9571.98
656.495 3254.07 5373.06 6316.72 1 2
1697.35 -4865.07 11354.9 12469.8 -1 1
1370.3 2732.45 1114.27 3255.26 -1 2
1691.37 -5203.16 6077.63 8178.16 1 1
event 11
-3845.16 -11043.8 -24068.1 26937.3
-5218.58 4435.38 -4935.95 8992.25
-3658.43 1106.64 -2800.63 4739.56 1 2
-1356.39 -4676.55 -13486 14338.5 -1 1
-1560.14 3328.75 -2135.32 4252.69 -1 2
-2488.77 -6367.29 -10582.1 12598.8 1 1
event 12
6579.95 -3595.9 -5263.9 9670.84
-5874.5 1532.66 -32112.1 32827.3
-3525.01 2348.75 -22672.6 23065.2 -1 2
3224.97 -847.055 -768.729 3423.45 -1 1
3354.99 -2748.85 -4495.17 6247.39 1 1
-2349.49 -816.095 -9439.43 9762.18 1 2
event 13
1243.72 -6796.93 3131.01 8193.82
13788.2 2067.54 -8543.16 16642.3
11030.4 2714.69 -6068.21 12879.2 1 2
1705.36 -2566.19 336.247 3101.27 1 1
2757.77 -647.141 -2474.94 3763.06 -1 2
-461.644 -4230.73 2794.76 5092.55 -1 1
event 14
-680.05 15533.1 -10320.9 18916.9
1141.09 -7061.71 -22411.7 23728.6
397.931 -4298.11 -8599.5 9622.61 1 2
928.409 4689.97 -2143.15 5240.42 1 1
743.16 -2763.61 -13812.2 14106 -1 2
-1608.46 10843.1 -8177.72 13676.5 -1 1
event 15
-3862.52 4613.24 7372.95 10007.6
2222.51 -7351.49 24605.7 25961.8
2401.84 -2865.78 12610.5 13153.6 -1 2
-296.69 2352.07 3776.4 4460.12 -1 1
-179.33 -4485.71 11995.1 12808.1 1 2
-3565.83 2261.17 3596.55 5547.47 1 1
event 16
16026.7 -2847.89 -6630.9 17847.3
-9128.53 9872.38 -18902 23402.3
-6084.22 7902.26 -15483 18417.3 -1 2
4815.43 -1274.51 -3538.09 6110.81 1 1
11211.3 -1573.38 -3092.81 11736.5 -1 1
-3044.31 1970.12 -3419.01 4984.98 1 2
event 17
-11288.6 10452.4 -22841.5 27713
16821.7 -3786.73 -4628.36 18119.6
6581.84 -2539.06 -736.246 7093.7 -1 2
-4741.24 3095.69 -10431.9 11870 1 1
10239.8 -1247.68 -3892.12 11025.9 1 2
-6547.35 7356.75 -12409.7 15843 -1 1
event 18
-3961.44 7106.9 -2466.89 9048.62
12338.7 -2605.59 105.153 12985.9
9275.02 -2127.19 -1254.03 9598.68 1 2
-2620.6 2426.93 -2146.98 4168.72 -1 1
3063.67 -478.407 1359.18 3387.25 -1 2
-1340.84 4679.97 -319.904 4879.91 1 1
event 19
-4593.79 12336.3 -15632.6 20670.1
556.612 -10336.6 -20615.2 23275.2
531.391 -6827.36 -10216.2 12299.5 -1 2
-1224.09 3785.98 -7044.56 8091.3 -1 1
-3369.69 8550.3 -8588.01 12578.9 1 1
25.2212 -3509.25 -10399 10975.7 1 2
event 20
-7434.23 15251.6 -21885.1 27864.4
494.419 -5593.14 -12167.4 13753.7
-5506.27 8486.28 -11448.4 15277.8 -1 1
-1927.96 6765.36 -10436.7 12586.6 1 1
-1104.14 -3945.8 -8250.28 9212.31 -1 2
1598.56 -1647.34 -3917.1 4541.36 1 2
event 21
7420.51 7367.93 4133.13 11662.9
3487.9 5500 5079.2 8820.7
3055.53 5197.49 2271.03 6443.51 -1 1
4364.99 2170.45 1862.1 5219.44 1 1
880.804 3599.56 1495.45 3997.52 -1 2
2607.1 1900.44 3583.75 4823.18 1 2
event 22
4100.05 8172.03 6754.65 11781.7
6553.49 5052.58 6256.97 10826.7
3930.04 1486.85 1893.8 4610.16 1 2
145.061 3542.15 2157.68 4151.45 -1 1
3954.99 4629.89 4596.98 7630.28 1 1
2623.45 3565.74 4363.17 6216.54 -1 2
event 23
5171.11 -5575.53 -14901.5 17014
6327.29 -4658 -26188.5 27516.5
4318.7 -2870.72 -11966.7 13042.4 1 2
1655.16 -3536.28 -9347.74 10131 1 1
2008.59 -1787.27 -14221.8 14474.1 -1 2
3515.96 -2039.25 -5553.76 6883.02 -1 1
event 24
1818.06 9765.54 -255.417 10408
2233.27 -10028.6 33176.2 34868.4
-462.005 -3962.82 14850.6 15377.5 -1 2
-361.337 2581.19 1003.47 2794.86 -1 1
2179.4 7184.34 -1258.89 7613.18 1 1
2695.28 -6065.76 18325.6 19490.9 1 2
event 25
-2654.19 6494.62 5648.18 9524.58
6093.47 -7832.21 13162.2 16772.3
1490.15 -3688.29 3526.44 5317.05 -1 2
184.021 3626.51 2670.34 4508.58 1 1
4603.32 -4143.92 9635.78 11455.2 1 2
-2838.22 2868.12 2977.84 5016 -1 1
event 26
3563.26 4518.25 1198.69 6643.69
17220.7 -15101.7 -8157.18 24510
2648.53 1957.87 1939.51 3823.72 -1 1
914.725 2560.38 -740.817 2819.97 1 1
11405.3 -8174.08 -4299.68 14676.4 1 2
5815.32 -6927.58 -3857.5 9833.66 -1 2
event 27
4676 8320.56 3369.18 10584.9
4090.38 -11205.7 3019.23 12688.7
774.633 -5354.52 2445.09 5938.06 1 2
1632.38 2762.21 2731.18 4214.86 -1 1
3315.75 -5851.21 574.142 6750.68 -1 2
3043.62 5558.34 637.995 6370.01 1 1
event 28
5206.75 5170.73 155.652 7966.32
8964.36 740.709 -3642.85 10186.8
4201.44 -93.6554 -124.17 4205.65 1 2
1945.5 1660.7 1527.83 2981.33 -1 1
4762.92 834.364 -3518.68 5981.12 -1 2
3261.24 3510.03 -1372.18 4984.99 1 1
event 29
4586.7 -9852.94 4313.4 12096.1
-5656.59 2633.51 -8201.51 10760.5
-3878.45 979.099 -6965.93 8033.45 -1 2
2844.67 -2698.46 1789.56 4311.32 1 1
1742.03 -7154.48 2523.84 7784.74 -1 1
-1778.14 1654.41 -1235.58 2727.03 1 2
event 30
-4729.69 6632.66 -12957.9 15615.9
9597.18 347.681 -12115.3 15767
4756.42 -1373.19 -5966.48 7753.66 1 2
-1140.2 2769.98 -7246.14 7841.59 1 1
-3589.5 3862.68 -5711.79 7774.35 -1 1
4840.76 1720.87 -6148.8 8013.32 -1 2
event 31
6670.47 -4814.28 -832.595 8829.29
-7855.72 6505.01 -39537.2 40948.8
-2939.32 2127.45 -8891.54 9603.97 1 2
2536.51 -1476 -1775.61 3431.68 1 1
-4916.4 4377.56 -30645.6 31344.9 -1 2
4133.96 -3338.28 943.014 5397.61 -1 1
event 32
17288.7 10279.1 17798.9 27036.2
-15222.2 1102.67 29030.5 32943.7
-9553.52 724.689 14915 17727.5 -1 2
6918.56 2390.76 6358.68 9696.71 1 1
10370.2 7888.33 11440.2 17339.5 -1 1
-5668.64 377.981 14115.5 15216.3 1 2
event 33
8310.23 8229.43 14028.5 18524.9
3994.72 6343.65 16844.9 18696
748.733 3439.92 9791.4 10405.6 -1 2
2322.66 2336.76 2009.53 3860.64 1 1
5987.57 5892.67 12019 14664.3 -1 1
3245.99 2903.73 7053.48 8290.41 1 2
event 34
15822.5 2376.57 10888.3 19599.6
-2557.92 5473.24 20121.1 21235.5
10795.4 3062.81 7541.44 13520.6 1 1
5027.03 -686.237 3346.89 6079.04 -1 1
-1550.25 2825.76 15356.4 15691.4 -1 2
-1007.68 2647.48 4764.67 5544.17 1 2
event 35
8499.62 -60.1073 -4404.42 10061.7
-7132.53 -901.938 7018.75 10513.8
4599.52 -1484.19 -1795.04 5156.72 -1 1
3900.11 1424.09 -2609.38 4904.98 1 1
-2893.1 -1051.44 4857.64 5751.82 -1 2
-4239.43 149.503 2161.11 4762.01 1 2
event 36
5665.18 -7707.51 8833.34 13383.5
-4383.91 15409.5 61527.8 63654.8
-85.9069 4349.82 19801.9 20274.5 -1 2
841.133 -3654.49 3192.42 4926.01 1 1
-4298 11059.7 41725.9 43380.3 1 2
4824.05 -4053.02 5640.92 8457.51 -1 1
event 37
-2349.6 10284.8 37976.7 39536.2
11530.9 -13877.1 15113.8 23739.3
3008.98 -5448.73 6336.68 8882.98 -1 2
-1896.86 2771.02 9314.78 9902.17 -1 1
8521.95 -8428.33 8777.13 14856.3 1 2
-452.744 7513.74 28661.9 29634 1 1
event 38
-5238.62 17720.8 67726.5 70270.4
6302.42 -7602.16 8012.75 13088.5
4266.76 -5249.45 7181.49 9866.46 1 2
-2859.44 7845.82 25207.6 26555 1 1
2035.66 -2352.7 831.264 3222 -1 2
-2379.18 9874.96 42518.8 43715.4 -1 1
event 39
-7364.64 -8604.5 -561.689 11755.1
3968.42 7583.18 -16225.6 18604.1
2116.43 2216.66 -3404.54 4582.02 -1 2
-2059.38 -2019.93 1184.41 3120.13 1 1
-5305.26 -6584.57 -1746.1 8634.95 -1 1
1851.98 5366.51 -12821 14022.1 1 2
event 40
7816.33 9775.05 -24654.2 27822.1
-5491.63 -5993.53 -339.587 8705.56
-3436.26 -5620.97 -14.933 6588.98 -1 2
4267.56 3372.13 -8583.5 10162.2 1 1
3548.77 6402.92 -16070.7 17659.9 -1 1
-2055.37 -372.561 -324.654 2116.58 1 2
event 41
4890.09 6648.71 -15461.9 17798.3
-7649.92 -6189.63 -1278.81 10395.1
-1441.89 -2656.78 -1191.6 3250.94 1 2
2103.49 696.973 -4495.65 5013.23 1 1
-6208.03 -3532.85 -87.2112 7144.19 -1 2
2786.6 5951.74 -10966.3 12785.1 -1 1
event 42
5731.64 8553.61 12725.1 16659.4
5204.69 -6334.47 2633.76 9151.07
2884.46 -3707.78 3077.32 5616.83 1 2
1581.56 5135.43 6350.01 8319.12 1 1
2320.23 -2626.69 -443.558 3534.24 -1 2
4150.07 3418.19 6375.13 8340.3 -1 1
event 43
394.03 -6660.99 -4489.55 8618.1
7642.18 1611.91 -21105.2 22716.1
3374.2 2289.67 -10193.7 10979.5 1 2
-674.536 -2477.45 -276.795 2584.67 -1 1
4267.98 -677.754 -10911.5 11736.6 -1 2
1068.57 -4183.54 -4212.76 6033.43 1 1
