event 0
6619.43 -3762.57 21419.7 22942.7
2971.95 5275.37 3519.93 7657.85
2603.26 -3255.49 10715.2 11497.9 1 1
4016.17 -507.079 10704.5 11444.8 -1 1
719.337 4267.34 2152.23 4834.35 -1 2
2252.62 1008.03 1367.69 2823.5 1 2
event 1
-7085.43 3629.74 7125.18 11123.8
10503.8 -15349.6 934.298 18878.6
2489.15 -1674.59 31.3971 3002.04 -1 2
-2316.56 -311.885 2250.52 3246.5 -1 1
8014.66 -13675 902.901 15876.6 1 2
-4768.87 3941.63 4874.65 7877.31 1 1
event 2
-5354.47 4355.3 1734.11 7761.26
9536.9 7157.48 65708.3 66853.2
-3848.35 1588.46 1.83878 4164.63 -1 1
-1506.12 2766.84 1732.27 3596.63 1 1
8514.1 5428.15 58685.5 59547.9 -1 2
1022.8 1729.33 7022.78 7305.29 1 2
event 3
6499.21 -5511.4 4414.93 10084.5
3865.96 6731.02 6274.84 10450.7
2594.78 1709 1726.07 3555.85 1 2
2101.72 -908.902 -75.8406 2293.53 1 1
4397.49 -4602.5 4490.77 7790.96 -1 1
1271.17 5022.02 4548.77 6894.86 -1 2
event 4
3064.46 7277.32 7394.6 11252.6
5792.06 -5626.14 1670.51 8808.15
3055.65 -2108.12 -668.683 3773.53 -1 2
2451.73 2702.59 2037.57 4180.65 -1 1
612.734 4574.73 5357.03 7071.96 1 1
2736.41 -3518.02 2339.2 5034.62 1 2
event 5
6414.15 -1015.95 1871.37 7434.14
-9868.45 1175.88 -6184.04 12108
3049.57 -1893.11 259.842 3600.33 1 1
3364.58 877.16 1611.53 3833.8 -1 1
-4914.28 1475.87 -4613.7 6901.14 -1 2
-4954.17 -299.991 -1570.33 5206.82 1 2
event 6
7684.28 -3006.31 8771.13 12434.2
3699.41 -5130.5 11014.9 13073.9
4139.8 -1764.53 6895.88 8235.04 1 1
3544.48 -1241.78 1875.25 4199.18 -1 1
1913.75 -1073.02 1771.55 2821.95 -1 2
1785.65 -4057.48 9243.32 10251.9 1 2
event 7
-7889.4 404.272 -16682.3 18822.6
1986.63 4884 -15307.6 16483.8
-3986.41 1556.41 -11230.1 12018.3 1 1
-3902.99 -1152.14 -5452.25 6804.33 -1 1
2688.18 2718.27 -10071.1 10772.8 -1 2
-701.552 2165.72 -5236.53 5710.95 1 2
event 8
-3674.68 -5651.43 13870.2 15729.4
-6238.54 6120.84 -2891.18 9712.57
-783.743 -3977.1 8187.39 9136.53 1 1
-2890.94 -1674.33 5682.77 6592.87 -1 1
-4376.64 4571.73 -3472.08 7219.57 -1 2
-1861.9 1549.11 580.906 2493 1 2
event 9
-7974.63 5486.18 -1990.64 10356
-5255.03 -6599.74 15703.4 18093.1
-4977.83 -4212.84 12348.2 13964.8 1 2
-2336.65 3333.25 -276.902 4081.46 1 1
-277.203 -2386.91 3355.26 4128.33 -1 2
-5637.98 2152.93 -1713.73 6274.55 -1 1
event 10
10411.1 -1527.23 -25383.3 27651.8
-7078.92 -230.151 -9466.51 12221.7
5548.42 101.044 -16318.2 17236.3 1 1
4862.68 -1628.28 -9065.09 10415.6 -1 1
-4150.05 -1434.36 -6722.37 8030.05 -1 2
-2928.87 1204.21 -2744.14 4191.65 1 2
event 11
-30695.9 9031.86 -34619.8 47243.4
13676.5 -19799.1 -5734.01 24930.3
-25045 7388.6 -26389 37124.6 -1 1
-5650.95 1643.26 -8230.8 10118.8 1 1
2776.51 -4816.64 -2601.55 6139.08 -1 2
10900 -14982.5 -3132.46 18791.2 1 2
event 12
-15811.8 4989.09 -16703.3 23738.1
9400.65 -14302.6 -3957.78 17837.8
-8106.77 3780.01 -10333.8 13667.7 1 1
-7705.06 1209.08 -6369.53 10070.3 -1 1
8095.39 -10757.7 -4043.11 14057.8 -1 2
1305.26 -3544.84 85.3369 3779.95 1 2
event 13
-5015.45 -8667.28 -30263.8 32027.6
5728.08 7601.88 -29364.8 31023.9
3565.77 2854.55 -17001.5 17604.7 -1 2
-240.278 -2268.3 -9765.93 10029.3 -1 1
-4775.17 -6398.98 -20497.9 21998.3 1 1
2162.32 4747.33 -12363.4 13419.3 1 2
event 14
1137.56 9248.9 18624.3 21054.5
-2462.87 -15622.4 14494.9 21675.3
-886.702 4895.29 8511.51 9859.36 1 1
2024.26 4353.61 10112.8 11195.1 -1 1
-1235.75 -8512.47 9924.73 13133.9 -1 2
-1227.12 -7109.88 4570.21 8541.33 1 2
event 15
6635.88 -6727.54 29871.4 31546.6
-5422.63 -10994.9 63547.3 64793.1
-5046.08 -8075.95 52674.8 53528.7 1 2
2695.89 -2064.53 5884.28 6794.56 1 1
-376.548 -2918.96 10872.5 11264.3 -1 2
3939.99 -4663.01 23987.2 24752 -1 1
event 16
-11971.9 -5218.16 5059.68 14343.9
-9030.81 -7813.1 3512.59 12827
-8084.15 -5825.69 3665.41 10617.8 1 2
-5254.03 -2018.06 583.167 5659.39 -1 1
-946.657 -1987.41 -152.824 2209.18 -1 2
-6717.86 -3200.11 4476.52 8684.51 1 1
event 17
-5861.24 -2639.01 3006.14 7742.53
-9155.06 -7451.96 3781.41 12776.4
-4294.49 -643.077 2856.03 5198.49 -1 1
-1566.75 -1995.93 150.107 2544.04 1 1
-5054.78 -3267.45 3378.54 6903.09 1 2
-4100.28 -4184.51 402.869 5873.32 -1 2
event 18
-2066.09 7796.59 -16795.1 18887.1
-5354.97 3962.48 -13542.3 15406.4
-412.748 4691.65 -12346.7 13214.9 -1 1
-1653.35 3104.95 -4448.45 5672.22 1 1
-1229.61 2784.44 -5994 6723.41 -1 2
-4125.36 1178.05 -7548.27 8682.97 1 2
event 19
-4359.77 5724.38 12163.3 14467.7
5861.38 104.377 -1892.27 6894.8
-1414.19 4285.49 6316.45 7763.64 -1 1
-2945.59 1438.89 5846.86 6704.02 1 1
1851.28 1428.69 -1140.84 2604.05 -1 2
4010.1 -1324.31 -751.431 4290.75 1 2
event 20
12469.8 -11185.1 -21579.2 27492.9
1295.2 -6888.96 -13824.7 15806.6
-335.184 -3673.8 -9398.59 10097.2 1 2
4647.98 -2268.76 -6463.8 8279.06 -1 1
1630.38 -3215.17 -4426.16 5709.42 -1 2
7821.81 -8916.35 -15115.4 19213.8 1 1
event 21
-14760.9 -2921.71 16180.1 22311.6
9665.99 -3314.23 4252.58 11493.1
3005.01 -436.321 -83.4136 3039.51 1 2
-2501.1 -1678.99 3705.75 4776.85 1 1
-12259.8 -1242.72 12474.4 17534.8 -1 1
6660.98 -2877.91 4335.99 8453.58 -1 2
event 22
-6812.62 -5968.92 19130.6 21391.8
1908.31 7764.07 7039.46 11272.5
-729.325 3667.74 4232.07 5648.52 1 2
-1114.85 -1903.09 7486.69 7805.53 1 1
-5697.77 -4065.83 11643.9 13586.3 -1 1
2637.63 4096.33 2807.39 5624.02 -1 2
event 23
-11308.1 6825.23 -2592.31 13955.7
-8711.59 -1776.62 -22810.6 24677.1
-8909.8 4328.17 -3258.93 10428.3 -1 1
-2398.26 2497.06 666.621 3527.39 1 1
-2456.55 -1589.46 -9993.8 10413.8 -1 2
-6255.04 -187.158 -12816.8 14263.3 1 2
event 24
-10596.1 8121.59 -2716.12 13971.6
-9993.83 1442.93 -21717.3 24149.4
-7968.45 2337.3 -16233.2 18234.3 -1 2
-2402.24 2951.91 -1881.43 4246.82 1 1
-8193.81 5169.69 -834.694 9724.82 -1 1
-2025.38 -894.37 -5484.08 5915.1 1 2
event 25
-1331.45 -18445.9 -38084.9 42450.8
7536.31 13913.1 -33675 37389.4
4714.34 8778.48 -16884.4 19605.7 -1 2
-905.017 -8372.27 -13960.8 16304.2 -1 1
-426.429 -10073.7 -24124.1 26146.6 1 1
2821.97 5134.59 -16790.6 17783.8 1 2
event 26
8368.98 -8554.74 4204.99 13057.4
4021.72 8085.36 19649.3 21845.7
4493.86 -5403.97 3932.74 8054.52 -1 1
3875.12 -3150.77 272.252 5002.92 1 1
485.665 3457.31 9785.35 10390 -1 2
3536.05 4628.05 9864 11455.7 1 2
event 27
1883.15 -12320.9 -23281.1 26588.6
-5814.57 2958.44 -38445.6 39117.9
1400.14 -6856.03 -16065.1 17523.2 -1 1
483.006 -5464.89 -7216.03 9065.35 1 1
-4830.95 873.947 -26742.1 27189.2 -1 2
-983.622 2084.49 -11703.5 11928.8 1 2
event 28
-7225.04 -6866.59 -21234.6 23661.2
9492.48 2676.09 4813.56 11403.1
3026.51 -273.363 2474.83 3920.52 -1 2
-2294.32 -736.435 -3403.98 4171.87 1 1
-4930.72 -6130.15 -17830.6 19489.3 -1 1
6465.98 2949.46 2338.72 7482.57 1 2
event 29
-11335.7 -1496.15 13755.8 18153.5
-6554.44 -3952.38 8776.69 12050
-4534.13 -4217.12 6198.01 8761.79 -1 2
-3059.57 625.615 2388.65 3933.08 -1 1
-8276.08 -2121.76 11367.2 14220.4 1 1
-2020.31 264.743 2578.68 3288.24 1 2
event 30
8837.97 -261.881 -8347.39 12547.9
-4751.26 -7436.24 9739.79 13502.8
-2963.61 -1875.64 3539.79 4984.2 -1 2
1682.99 -1311.37 -1885.33 2849.17 -1 1
7154.99 1049.49 -6462.05 9698.69 1 1
-1787.65 -5560.6 6200 8518.64 1 2
event 31
-3821.93 15422.3 -9766.77 18905.9
3339.02 6384.05 876.494 7890.8
-2326.16 9257.92 -7599.67 12201.9 -1 1
-1495.77 6164.33 -2167.1 6704.01 1 1
3054.06 2508.09 497.013 3984.47 -1 2
284.96 3875.96 379.481 3906.33 1 2
event 32
15564.1 -5573.95 28984 33510.8
-38731.5 3379.01 5115.56 39335.8
-6436.9 1153.41 1868.76 6802.02 1 2
4033.69 -379.356 8856.22 9739.52 1 1
-32294.6 2225.6 3246.8 32533.7 -1 2
11530.5 -5194.59 20127.8 23771.3 -1 1
event 33
-31483.8 2205.42 4841.58 32080
7799.82 -2680.28 13976.8 16521.7
-26352.4 2118.83 2918.03 26598.2 1 1
-5131.41 86.5947 1923.55 5481.8 -1 1
2086.44 -141.988 6193.08 6537.49 -1 2
5713.38 -2538.29 7783.75 9984.17 1 2
event 34
-1560.12 -12421 -5338.86 13957.4
5215.17 5329.65 325.805 8080.82
4725.27 3087.81 889.895 5715.4 -1 2
-1969.46 -4554.32 -2695.26 5647.67 -1 1
409.344 -7866.67 -2643.6 8309.74 1 1
489.899 2241.84 -564.09 2365.42 1 2
event 35
8136.85 -4767.59 1982.52 10122.2
-32.0798 6688.45 8723.74 11420.6
550.054 4240.61 7468.84 8606.97 -1 2
3408.58 -1052.19 -522.902 3606.95 1 1
4728.27 -3715.41 2505.42 6515.3 -1 1
-582.134 2447.83 1254.9 2813.67 1 2
event 36
15762.9 -2353.05 -8085.28 18137.4
6657.33 -2134.82 4691.6 8971.02
11602.7 -836.099 -7000.5 13577.2 1 1
4160.19 -1516.95 -1084.78 4560.29 -1 1
1419.03 -1515.29 2517.45 3264.74 -1 2
5238.3 -619.528 2174.15 5706.29 1 2
event 37
6800 6620.7 2525.72 10297.7
9190.72 3828.34 5678.82 11872.9
3461.47 2384.54 3812.76 5675.93 1 2
1513.6 3203.58 1754.33 3955.09 -1 1
5286.4 3417.12 771.388 6342.63 1 1
5729.25 1443.8 1866.06 6196.95 -1 2
event 38
-9790.4 -4757.15 -1905.12 11476.2
9117.09 -3054.26 43845.1 44993.7
4166.43 -2184.07 15230.8 15941.1 -1 2
-2338.04 -2176.95 489.448 3233.61 1 1
-7452.36 -2580.2 -2394.57 8242.59 -1 1
4950.66 -870.189 28614.3 29052.6 1 2
event 39
-5300.98 -18469.9 -40700.1 45114.6
-2722.84 4829.71 -4028.25 7520.49
-804.45 4243.37 -3033.65 5278.97 1 2
-67.9813 -4819.99 -11063.3 12068.4 1 1
-1918.39 586.337 -994.598 2241.52 -1 2
-5233 -13650 -29636.8 33046.3 -1 1
event 40
6412.64 -10011.7 20445.1 23852.7
-1529.45 8192.49 -10977.3 14126.1
552.941 4221.19 -4072.75 5892.59 1 2
1878.4 -2307.42 2874.69 4138.55 1 1
4534.24 -7704.31 17570.4 19714.1 -1 1
-2082.39 3971.3 -6904.52 8233.53 -1 2
event 41
-895.109 -6014.52 -4268.64 8049.07
17653.4 -2489.23 36318.7 40576.8
1023.73 -3501.96 -2510.6 4430.13 -1 1
-1918.84 -2512.57 -1758.03 3618.95 1 1
12371.2 -3123.92 26341 29268.8 1 2
5282.24 634.682 9977.74 11308 -1 2
event 42
6003.39 -2879.09 9397.21 11926
-6529.97 10352.1 4258.13 13324
4187.9 -1865.15 8501.4 9659.31 -1 1
1815.48 -1013.93 895.812 2266.64 1 1
-4330.34 4600.68 3171.76 7070.31 1 2
-2199.63 5751.41 1086.37 6253.68 -1 2
event 43
2351.34 -6574.24 -8935.6 11755.2
-11326.6 4252.66 -30761.6 33200.1
-2761.15 2173.4 -11323 11856.2 -1 2
1770.49 -1176.69 -3321.37 3944.85 -1 1
-8565.43 2079.26 -19438.6 21343.9 1 2
580.842 -5397.56 -5614.23 7810.36 1 1
event 44
-1294.5 -9784.65 -8774.25 13564.4
-1478.52 9212.99 4478.29 10803.3
-331.735 7147.05 2119.33 7462.78 1 2
300.088 -4986.9 -2766.66 5711.81 1 1
-1146.78 2065.94 2358.96 3340.52 -1 2
-1594.59 -4797.75 -6007.6 7852.61 -1 1
event 45
-528.909 -11018.6 -3176.51 11890
-7514.1 -972.912 15267.6 17323.3
-628.662 -6603.72 -3423.8 7465.78 1 1
99.7529 -4414.87 247.294 4424.18 -1 1
-2033.21 642.347 6639.2 6974 -1 2
-5480.89 -1615.26 8628.37 10349.4 1 2
event 46
9398.15 -1345.91 22526.1 24640.5
2035.27 -9889.89 49270.8 50390
1941.9 -2878.74 13620.3 14056.4 1 2
3103.4 -1164.13 11204 11684.5 1 1
93.3627 -7011.16 35650.4 36333.6 -1 2
6294.75 -181.787 11322.1 12956 -1 1
event 47
2314.2 5751.41 4576.93 8305.02
-6958.44 -8245.55 5740.91 12607.8
2625.36 2987.48 3568.94 5344.72 1 1
-311.168 2763.93 1007.99 2960.29 -1 1
-4247.58 -4797.11 5065.44 8168.48 -1 2
-2710.86 -3448.44 675.467 4439.36 1 2
event 48
-8063.42 11483 7095.24 16149.5
6419.78 -8204.77 -23120 25547.1
-3798.46 6795.62 2057.54 8053.16 1 1
-4264.96 4687.39 5037.7 8096.36 -1 1
3757.15 -2342.31 -9434.26 10422 -1 2
2662.63 -5862.46 -13685.7 15125.1 1 2
event 49
-10550.6 -11464.1 24862.6 29503.9
22249.8 26654.4 -151746 155698
-5384.65 -5891.32 15592.9 17517.2 1 1
-5165.95 -5572.83 9269.74 11986.8 -1 1
13680.6 17585.9 -91485.2 94159.3 -1 2
8569.16 9068.57 -60260.8 61539 1 2
event 50
12987.2 -8435.69 -76380.2 77995.8
-109.34 5981.66 -15736.1 17117.5
8653.66 -4112.95 -42470.5 43538 -1 1
4333.55 -4322.74 -33909.6 34457.8 1 1
-346.819 3503.12 -5130.16 6222.69 -1 2
237.479 2478.54 -10605.9 10894.8 1 2
event 51
-595.732 8386.47 -17356.5 19532.7
12866.7 -10959 -79684.1 81515.6
-1838.94 5837.56 -11751.2 13249.9 -1 1
1243.21 2548.91 -5605.33 6282.79 1 1
8193.68 -6260.04 -54933 55892.5 -1 2
4673.04 -4698.98 -24751 25623.1 1 2
event 52
26189.3 -10717.4 50122.3 57641.8
9960.94 -11985.5 53312.3 55629.7
22097.1 -8520.72 39637.9 46174.3 -1 1
4092.15 -2196.72 10484.4 11467.6 1 1
1807.87 -2672.44 15850.5 16175.9 -1 2
8153.07 -9313.06 37461.9 39453.9 1 2
event 53
28913.1 -12389.5 58466.9 66463.8
7586.78 -9368.62 34880.7 37034.9
16852 -5648.13 31821.9 36449.1 -1 1
12061.1 -6741.34 26645 30014.7 1 1
5942.8 -5240.9 20297.3 21789.4 -1 2
1643.97 -4127.72 14583.3 15245.5 1 2
event 54
7165.54 -1858.3 6340.83 10227.2
-2669.42 6064.8 -2256.62 7654.49
3447.07 -2471.31 3628.81 5582.93 1 1
3718.47 613.016 2712.02 4644.25 -1 1
-1512.28 4026.03 -2939.69 5210.45 -1 2
-1157.15 2038.77 683.073 2444.04 1 2
event 55
5631.88 7708.12 -1898.94 10214.2
411.389 -7333.06 -29863.3 30908.8
-1281.39 -3640.66 -16220.2 16673.4 -1 2
2334.76 1848.05 601.517 3039.64 1 1
3297.12 5860.06 -2500.46 7174.59 -1 1
1692.78 -3692.4 -13643.1 14235.4 1 2
event 56
-408.719 8887.95 26389.5 28020.7
1367.54 -5328.47 10349.8 12123.2
2102.98 -2333.29 4235.33 5274.09 1 2
-1082.95 4278.9 9101.69 10116 1 1
-735.444 -2995.18 6114.49 6849.1 -1 2
674.227 4609.05 17287.8 17904.7 -1 1
event 57
-2761.37 -6376.14 -23094.8 24315.5
-3372.22 13792.5 -53134.8 55086.3
-36.5079 3114.7 -7998.16 8583.96 -1 2
-2132.63 -2160.19 -6391.46 7076.47 1 1
-3335.71 10677.8 -45136.6 46502.4 1 2
-628.734 -4215.95 -16703.4 17239 -1 1
event 58
-12333.2 11081.3 -11303.3 20304.1
10206.3 -14987.8 -23982.7 30225.2
3977.49 -4749.3 -6075.51 8677.51 -1 2
-1182.14 1624 -366.551 2044.59 1 1
-11151.1 9457.26 -10936.8 18259.6 -1 1
6228.8 -10238.5 -17907.2 21547.7 1 2
event 59
736.221 -6266.77 -8932.42 11366.2
8051.79 1052.63 -3163.05 9248.54
3840.65 -531.388 -248.206 3886.61 1 2
1219.83 -2199.33 -5393.84 5952.29 1 1
4211.14 1584.02 -2914.85 5361.93 -1 2
-483.612 -4067.44 -3538.57 5413.93 -1 1
event 60
6631.59 -3563.14 7083.51 10790.8
-5331.94 6056.22 8514.4 12132.3
-3260.09 2384.45 5964.23 7203.96 1 2
2544.6 -2538 4799.19 5996.65 -1 1
-2071.85 3671.77 2550.17 4928.38 -1 2
4086.99 -1025.14 2284.32 4794.13 1 1
event 61
-8635.57 3621.93 -4235.24 10734
-5476.53 1908.8 -5750.76 8734.93
-5240.95 569.515 -2641.57 5897.53 -1 1
-3394.62 3052.42 -1593.68 4836.5 1 1
-2595.07 2210.06 -4314.62 5499.62 -1 2
-2881.46 -301.266 -1436.15 3235.31 1 2
