event 0
9760.82 1791.72 -19926.3 22475.2
-8094.2 -7473.38 -29209.1 31370.8
5576.17 669.635 -14368 15427 1 1
4184.65 1122.08 -5558.29 7048.13 -1 1
-5173.01 -6609.79 -21660.6 23230.2 -1 2
-2921.18 -863.591 -7548.48 8140.63 1 2
event 1
2897.34 8114.92 -797.994 9191
-6045.25 -4763.01 -5627.48 10024.4
2918.14 4389.7 370.832 5285.24 -1 1
-20.7964 3725.22 -1168.83 3905.76 1 1
-1731.02 -3219.18 -3078.73 4780.09 -1 2
-4314.22 -1543.83 -2548.75 5244.35 1 2
event 2
10685.1 -13973.5 -10078.6 20508.5
2973.53 -5113.89 -5510.11 8657.16
862.146 -3364.42 -4602.58 5766.94 1 2
1499.42 -3722.22 -3122.29 5085.57 -1 1
2111.39 -1749.47 -907.528 2890.22 -1 2
9185.69 -10251.2 -6956.34 15422.9 1 1
event 3
4552.21 10509 -3776 12450.3
-4992.82 -3650.86 -4318.49 8154.44
3959.24 6847.32 -1370.83 8028.18 -1 1
592.972 3661.64 -2405.16 4422.13 1 1
-994.685 -2186.98 -548.684 2466.68 -1 2
-3998.13 -1463.88 -3769.81 5687.76 1 2
event 4
4003.95 12617.5 -2937.81 13908.8
-7165.74 -3274.86 -2596.08 8854.55
-3795.81 -117.181 -1636.51 4136.57 1 2
1870.88 1932.84 -406.215 2722.54 -1 1
2133.07 10684.6 -2531.59 11186.2 1 1
-3369.92 -3157.68 -959.573 4717.97 -1 2
event 5
-4313.93 -10573.2 15550.6 19642.2
8195.03 4151.53 14913.7 17787.7
4294.46 2063.54 4878.05 6819.61 1 2
-2273.69 -4547.41 9912.78 11141 -1 1
3900.58 2087.99 10035.7 10968.1 -1 2
-2040.24 -6025.79 5637.83 8501.12 1 1
event 6
-9928.12 4296.25 17751 21017
2671.47 -4612.32 17051.2 18131.3
-6110.49 2789.25 13652.5 15215.8 1 1
-3817.63 1507 4098.53 5801.25 -1 1
2431.03 -1963.54 6020.86 6784.35 -1 2
240.436 -2648.78 11030.4 11347 1 2
event 7
-14355.6 -6488.48 -9008.55 18410
-10555.6 -2895.89 -6097.26 12906.3
-7510.14 -3470.88 -4405.49 9373.84 -1 2
-5548.63 -3261.54 -5243.63 8302.52 1 1
-8806.92 -3226.95 -3764.92 10107.5 -1 1
-3045.43 574.997 -1691.76 3532.49 1 2
event 8
5320.99 2697.6 7252.78 9888.44
-4493.97 -6351.92 -4573.09 9541.84
3592.91 95.587 3826.55 5250.88 -1 1
1728.08 2602.01 3426.24 4637.56 1 1
-3274.56 -2507.58 -3383.23 5335.55 1 2
-1219.42 -3844.34 -1189.86 4206.29 -1 2
event 9
-3486.82 8619.56 -663.094 9822.71
-6958.48 11424.3 5431.95 14765.9
-1822.99 5406.51 1354.39 5865.08 -1 2
319.596 2302.44 -754.274 2446.12 1 1
-5135.49 6017.81 4077.57 8900.85 1 2
-3806.41 6317.11 91.1806 7376.6 -1 1
event 10
278.974 -5921.42 8237.13 10610.5
1121.02 -11882.2 6173.52 13789.4
1276.71 -3950.77 6816.54 7982.17 1 1
-997.734 -1970.65 1420.58 2628.34 -1 1
2062.25 -7670.9 4689.72 9224.98 -1 2
-941.228 -4211.34 1483.79 4564.44 1 2
event 11
20569.4 2938.09 42959.8 47821.2
-13149 -7736.84 27700.7 31775.3
-10372.6 -5486.43 23439.4 26212.8 -1 2
3706.87 1201.57 10522.3 11221.1 -1 1
16862.6 1736.52 32437.6 36600.1 1 1
-2776.38 -2250.4 4261.24 5562.55 1 2
event 12
-9737.17 -5397.93 21582.3 24481.3
13990.8 2917.73 32861.6 35968.5
3738.6 2186.1 9074.34 10055.4 1 2
-3402.56 -324.843 7070.85 7854.36 -1 1
10252.2 731.631 23787.3 25913.1 -1 2
-6334.61 -5073.09 14511.4 16627 1 1
event 13
14399.2 -1889.58 -5380 15793.8
-7557.74 -2378.47 -31099.7 32242.2
-4807.53 -138.654 -14858.6 15618 1 2
7016.48 -981.518 -4268.75 8272.11 1 1
-2750.21 -2239.82 -16241.1 16624.3 -1 2
7382.76 -908.059 -1111.25 7521.69 -1 1
event 14
8439.29 4615.38 10769.7 14768.2
-11214.4 -4411.95 13497 18357.3
4563.34 3801.67 4973.97 7747.8 1 1
3875.94 813.706 5795.7 7020.42 -1 1
-9555.55 -3086.18 9468.27 13801.9 -1 2
-1658.89 -1325.77 4028.72 4555.37 1 2
event 15
5934.76 -4207.2 7752.18 11073
891.833 6758.9 17851.4 19358.2
-803.263 4760.81 10634 11679.2 1 2
2697.74 -1376.27 1252.94 3279.17 -1 1
1695.1 1998.09 7217.34 7678.99 -1 2
3237.02 -2830.93 6499.25 7793.83 1 1
event 16
3371.74 9841.23 54339.5 55412.9
-2185.19 -8285.91 24447.3 26090.1
3277.4 4876.11 30669.1 31227 1 1
94.337 4965.11 23670.4 24185.9 -1 1
-611.194 -7026.48 19956.5 21166.5 -1 2
-1574 -1259.43 4490.77 4923.6 1 2
event 17
720.195 9875.76 11008.5 15127
-5773.98 -5835.21 43845.5 44714.7
-3692.39 -1793.49 24516.3 24857.8 -1 2
980.338 3109.04 5512 6404.73 1 1
-260.143 6766.72 5496.45 8722.28 -1 1
-2081.6 -4041.71 19329.2 19856.9 1 2
event 18
5069.49 11599.9 -19486.4 23442.9
2414.61 -16342.8 -86767.6 88380.6
-335.083 -8077.39 -40131.3 40937.6 1 2
2174.62 2135.62 -3518.5 4656.27 1 1
2894.86 9464.26 -15967.9 18786.6 -1 1
2749.69 -8265.43 -46636.3 47443 -1 2
event 19
875.448 -14586.6 -71360.1 72906.7
4071.72 6693.14 -13769.8 16142.3
1782.49 -10627.4 -55332.7 56372.3 1 1
-907.046 -3959.24 -16027.4 16534.4 -1 1
2862.65 2597.63 -4483.86 5921.03 -1 2
1209.07 4095.51 -9285.96 10221.3 1 2
event 20
2286.96 -9781.83 1558.71 10627.1
2208.39 -6491.08 1860.03 7749.96
826.853 -4407.61 2542.82 5156.33 -1 2
-438.972 -3044.78 -388.198 3102.46 1 1
2725.94 -6737.05 1946.91 7524.64 -1 1
1381.54 -2083.47 -682.794 2593.62 1 2
event 21
-10077.6 -11098 -20263.6 25395.4
-2963.64 7658.05 -5809.1 10524.5
-2706.36 5214.07 -5495.13 8044.78 -1 2
-2762.49 -4421.03 -8955.86 10363.2 1 1
-7315.11 -6676.96 -11307.7 15032.3 -1 1
-257.274 2443.98 -313.969 2479.71 1 2
event 22
6191.38 13914 9814.87 18380.9
-4584.03 -8380.59 -38138.7 39438.6
-4849.22 -6371.94 -30919.3 31939.4 -1 2
3544.84 4666.86 4512.35 7397.15 1 1
2646.54 9247.18 5302.52 10983.7 -1 1
265.194 -2008.65 -7219.48 7499.13 1 2
event 23
1851.48 -10338.1 3160.24 11396.6
4746.72 13673.1 21400 26019.9
-272.401 -6000.29 2553.9 6527.73 -1 1
2123.88 -4337.78 606.34 4868.88 1 1
3118.43 7129.07 8946.99 11857.8 1 2
1628.29 6544.01 12453 14162.1 -1 2
event 24
5568.07 11077.1 17565.6 21722
4341.02 -15685.7 3689.83 17090.7
1699.07 -11915.1 3233.72 12462.9 1 2
1209.04 5333.96 8922.94 10466.3 1 1
2641.95 -3770.66 456.11 4627.85 -1 2
4359.03 5743.16 8642.63 11255.7 -1 1
event 25
4198.61 -19452.7 4946.86 20738.8
4381.4 9637.76 15281 18846.3
2935.66 2963.96 5152.44 6630.38 -1 2
1737.31 -3324.23 1622.3 4088 1 1
2461.3 -16128.5 3324.56 16650.8 -1 1
1445.74 6673.79 10128.6 12215.9 1 2
event 26
10551.9 1296.82 23883.9 26326
-2546.62 -6989.76 3897.1 8950.96
7444.94 243.307 13294.2 15239.2 -1 1
3106.94 1053.52 10589.7 11086.8 1 1
-1155.91 -1927.41 -244.605 2263.19 -1 2
-1390.71 -5062.35 4141.7 6687.78 1 2
event 27
-2764 -6513.79 13987 15977.9
8422.42 2204.27 16179.7 18632.5
-3010.63 -3198.83 8218.11 9319.06 1 1
246.631 -3314.96 5768.87 6658.89 -1 1
5891.2 2958.36 11295.4 13078.9 -1 2
2531.22 -754.088 4884.28 5553.66 1 2
event 28
2040.2 -7738.06 -592.104 8601.28
-6232.72 13662.4 63188.4 65022.1
-366.565 3118.48 9986.88 10469.4 1 2
-568.269 -2851.58 -919.737 3051.48 -1 1
-5866.16 10544 53201.5 54552.7 -1 2
2608.47 -4886.48 327.633 5549.8 1 1
event 29
2587.22 -10327.7 791.724 11294.6
-7041.77 13695.1 65198.1 67063.6
-406.685 -5882.3 639.393 5931.85 1 1
2993.91 -4445.4 152.331 5362.78 -1 1
-5214.38 7577.98 34267.4 35480.7 1 2
-1827.38 6117.14 30930.7 31582.9 -1 2
event 30
-1836.73 10414.8 -18944.1 21916
-11275.5 5618.57 -3024.85 13320.9
-3663.39 3098.63 -148.289 4801.57 1 2
-1881.78 2870.96 -5080.52 6132.4 1 1
-7612.09 2519.94 -2876.56 8519.38 -1 2
45.05 7543.8 -13863.6 15783.6 -1 1
event 31
-7195.66 4079.58 -2237.35 9111.39
-4530.8 -4791.24 6306.05 9635.41
-5160.46 1194 -1434.78 5488.69 -1 1
-2035.2 2885.58 -802.569 3622.69 1 1
-110.876 -2072.83 2104.43 2957.82 -1 2
-4419.92 -2718.41 4201.62 6677.59 1 2
event 32
-7219.92 -2226.83 15081.8 17150.5
-10206.8 -2787.37 29277.7 31348.2
-8080.5 -2780.35 26528.7 27871.3 1 2
-3098.59 255.346 8045.02 8625.54 1 1
-2126.26 -7.0204 2748.96 3476.92 -1 2
-4121.33 -2482.17 7036.8 8524.92 -1 1
event 33
-6054.6 -24857.6 39069.1 46803.3
-2554.77 13011.5 -4858.98 14457.8
-2441.8 5491.54 -1363.11 6163.49 -1 2
108.298 -3362.17 6081.77 6950.9 1 1
-6162.9 -21495.4 32987.3 39852.4 -1 1
-112.97 7519.96 -3495.87 8294.27 1 2
event 34
5856.16 -9526.46 -63028.9 64088
-700.079 11369.5 4153.97 12514.1
-1724.69 4960.34 1230.95 5394.99 -1 2
3572.36 -2981.42 -23668.5 24121.7 1 1
2283.81 -6545.04 -39360.4 39966.3 -1 1
1024.61 6409.13 2923.02 7119.13 1 2
event 35
-1631.33 -6645.3 -14046.9 15928.8
3278.79 -6555.41 -15375.9 17427.5
2831.94 -2415.28 -4903.34 6156.89 -1 2
724.824 -3208.66 -7133.34 7855.99 1 1
-2356.15 -3436.64 -6913.53 8072.8 -1 1
446.856 -4140.13 -10472.5 11270.6 1 2
event 36
-860.089 -6275.42 23698.4 24725
13007.9 9456.43 -16385.9 23167.2
-1826.9 -2991.71 14245.9 14671.2 -1 1
966.815 -3283.71 9452.49 10053.8 1 1
7763.94 5108.48 -7342.76 11844.9 1 2
5243.91 4347.95 -9043.13 11322.2 -1 2
event 37
2320.93 -8058.61 35241.6 36357.8
4236.21 3414.09 11229.7 12856.9
1928.77 3151.73 5081.35 6283.69 1 2
2009.05 -3525.11 21623.7 22001.4 1 1
2307.44 262.364 6148.37 6573.18 -1 2
311.886 -4533.5 13617.9 14356.4 -1 1
event 38
4767.82 -4014.1 5176.53 8673.63
-2089.72 8886.22 847.339 9676.86
2010.4 -3641.88 3367.4 5353.09 1 1
2757.42 -372.222 1809.13 3320.55 -1 1
-2543.27 4285.22 826.619 5052.3 1 2
453.542 4601 20.7197 4624.56 -1 2
event 39
-8310.96 -5385.27 -8728.88 13559.4
2181.52 16254.7 -25524.7 30497.1
932.053 4935.56 -5414.73 7386.4 -1 2
-2621.21 -3247.45 -2552.11 4892.97 -1 1
1249.47 11319.2 -20109.9 23110.7 1 2
-5689.75 -2137.82 -6176.77 8666.44 1 1
event 40
-6489.39 -2618.62 9891.83 12665.1
-5009.48 -9285.69 -12435.7 16599.9
-2978.67 -3144.46 4929.91 6563.18 -1 1
-3510.72 525.841 4961.92 6101.93 1 1
-3769.75 -6624.55 -10854.5 13263.7 -1 2
-1239.73 -2661.14 -1581.23 3336.17 1 2
event 41
19699.1 15477.9 32268.6 40969.2
-5877.51 -3605.06 344.578 7566.46
-3773.76 -2576.8 -1241.35 4736.37 1 2
8555.11 7124.02 11922.6 16312.6 1 1
-2103.75 -1028.26 1585.92 2830.09 -1 2
11144 8353.92 20345.9 24656.5 -1 1
event 42
15934.6 13165.1 24915 32520.4
-6261.73 -6205.34 -498.163 9357.06
8820.51 8125.38 16541.9 20432.1 1 1
7114.1 5039.74 8373.06 12088.4 -1 1
-5501.62 -3580.6 -764.934 6609.45 -1 2
-760.109 -2624.74 266.772 2747.61 1 2
event 43
16056.4 10854.1 22218.5 29645.8
-7524.94 -5152.93 1482.37 9745.01
-4329.49 -4688.64 1265.88 6507.04 1 2
7505.21 3440.25 8317.13 11719.6 1 1
-3195.45 -464.282 216.492 3237.98 -1 2
8551.17 7413.85 13901.4 17926.2 -1 1
event 44
-4913.56 12245.8 -44360.5 46384.8
702.889 -8019.84 -19959.4 21743.5
1251.69 -4328.24 -14034 14739.9 1 2
-3518.79 5516.72 -24926.3 25771 -1 1
-548.798 -3691.59 -5925.4 7003.61 -1 2
-1394.77 6729.08 -19434.3 20613.8 1 1
event 45
-565.052 -9900.35 -32505 34183.3
-4669.98 14222.4 -43215.2 45839.1
-1373.32 4714.37 -10141.5 11268.2 1 2
688.305 -4540.75 -19988.4 20509.5 1 1
-3296.65 9508.05 -33073.7 34570.9 -1 2
-1253.36 -5359.59 -12516.6 13673.8 -1 1
event 46
-14414.6 2621.7 43608.9 46108.4
5365.29 46.6159 1609.73 6400.86
3073.2 966.929 -355.092 3242.96 1 2
-6994.15 -246.664 19246.1 20479.3 -1 1
2292.09 -920.313 1964.82 3157.9 -1 2
-7420.43 2868.37 24362.8 25629.1 1 1
event 47
5128.86 -7731.09 34188.5 35560.2
4655.06 -6281.1 3528.05 9119.15
3857.5 -2872.81 1356.13 4998.37 -1 2
1238.8 -3984.82 11399.9 12140.1 -1 1
3890.06 -3746.27 22788.6 23420.1 1 1
797.562 -3408.28 2171.92 4120.79 1 2
event 48
3763.13 -7911.91 2194.45 9548.1
4348.73 -4176.51 24112.1 25046.7
3827.14 -1611.49 15237.9 15793.9 1 2
672.99 -4245.91 64.7898 4300.7 1 1
521.582 -2565.02 8874.21 9252.79 -1 2
3090.14 -3666 2129.66 5247.39 -1 1
event 49
-5463.93 11030.2 4451.13 13450.8
-4067.79 -5261.35 16392.9 17959.6
-4110.81 -3070.59 11037.8 12172.5 -1 2
-1554.5 3676.78 3004.67 4997.43 -1 1
-3909.43 7353.43 1446.46 8453.4 1 1
43.0161 -2190.76 5355.14 5787.06 1 2
event 50
-5218.66 9283.75 3308.59 11574.1
-5630.76 -6431.13 16584.9 18913.4
-3483.11 -4357.65 13555.5 14658.9 -1 2
-1587.27 3837.63 2795.78 5007.43 1 1
-3631.39 5446.12 512.816 6566.69 -1 1
-2147.66 -2073.48 3029.43 4254.45 1 2
event 51
-14439.2 1376.35 -8673.62 17181.6
9747.63 -5174.38 -1545.48 11565.9
6610.26 -5046.62 -998.34 8376.86 1 2
-6975.06 1235.68 -2563.78 7534.09 1 1
3137.38 -127.756 -547.14 3189.04 -1 2
-7464.14 140.67 -6109.84 9647.51 -1 1
event 52
8112.86 1171.35 19718.3 21577.6
-5481.72 3027.2 4741.6 8443.14
-3219.81 2925.85 1751.74 4691.22 -1 2
3837.78 -998.052 8812.84 9664.47 -1 1
4275.08 2169.4 10905.5 11913.2 1 1
-2261.91 101.35 2989.85 3751.92 1 2
event 53
8760.84 1352.78 17087.2 19497.3
-4294.41 5283.77 -13417.5 15361.6
-1039.72 3635.87 -7689.92 8570.1 1 2
4072.74 2031.56 9790.74 10797.4 1 1
-3254.69 1647.9 -5727.56 6791.52 -1 2
4688.1 -678.781 7296.41 8699.88 -1 1
