event 0
3476.73 -7374.29 -34108.3 35205.6
-2246.99 7206.42 -26664.9 27885.2
-2431.27 2983.48 -10767 11434.6 1 2
2766.78 -2486.78 -12652.9 13188.9 -1 1
709.948 -4887.51 -21455.3 22016.7 1 1
184.275 4222.94 -15897.9 16450.6 -1 2
event 1
24364.3 -9539.29 52696.4 58916.2
-13707.7 -4449.65 54364.3 56327.4
21227.9 -7527.63 43306 48813 -1 1
3136.42 -2011.66 9390.35 10103.2 1 1
-1900.33 -1821.63 10518.4 10843.3 -1 2
-11807.4 -2628.02 43845.9 45484 1 2
event 2
7285.44 -2647.86 2120.92 8612.66
-7404.48 -4896.9 -2392.05 9701.5
-5836.88 -3252.47 -427.912 6696.42 1 2
2155.84 -2296.98 1278.73 3401.48 -1 1
-1567.59 -1644.42 -1964.14 3005.07 -1 2
5129.6 -350.876 842.185 5211.18 1 1
event 3
-9647.78 -933.187 -26837.5 28771.4
6824.52 -73.9181 -22816.2 24015.6
4708.05 -73.5862 -19643.8 20200.6 1 2
-4630.32 -1078.06 -8297.77 9563.8 -1 1
2116.47 -0.331977 -3172.35 3815.02 -1 2
-5017.46 144.875 -18539.8 19207.6 1 1
event 4
6713.22 1505.69 -1950.01 7792.76
-13215.8 -3020.85 -27809.9 31092.9
-3655.88 196.71 -5494.59 6603.47 -1 2
2918.16 -756.718 -148.511 3020.18 1 1
-9559.97 -3217.56 -22315.3 24489.4 1 2
3795.06 2262.41 -1801.5 4772.58 -1 1
event 5
5359.7 2710.64 80.599 6758.08
-8028.81 -1750.77 -14664.4 17092.8
-3340.4 359.237 -7981.38 8660.31 -1 2
956.44 2064.17 -265.824 2292.9 1 1
-4688.41 -2110.01 -6683.05 8432.54 1 2
4403.26 646.472 346.423 4465.18 -1 1
event 6
3732.74 15151.8 -12129.3 20005.5
2067.03 -18953.8 51634 55128.7
1388.83 -7070.68 15707.4 17281.7 1 2
1473 7001.53 -3665.74 8039.9 -1 1
678.2 -11883.1 35926.6 37847 -1 2
2259.74 8150.22 -8463.53 11965.6 1 1
event 7
233.013 -17380.6 52533.8 55421.4
5741.89 15875.2 -12503.7 21235.1
2585.53 7847.28 -4233.27 9284.21 1 2
965.053 -1964.75 7683.09 7989.53 1 1
-732.039 -15415.8 44850.7 47431.9 -1 1
3156.36 8027.96 -8270.48 11950.8 -1 2
event 8
2027.27 -15072.3 41911.5 44692.8
2426.2 7364.69 -7415.92 11167.5
1738.94 4567.07 -2553.73 5514.96 1 2
412.476 -6810.03 23024.4 24014.2 -1 1
687.263 2797.62 -4862.19 5652.53 -1 2
1614.8 -8262.26 18887.1 20678.6 1 1
event 9
8329.53 -1516.66 -14628.4 17183.2
-7685.6 10207.2 -25816.3 28971.2
5137.52 614.224 -8303.03 9783.8 -1 1
3192.01 -2130.88 -6325.4 7399.42 1 1
-5357.9 4789.15 -15568.3 17147.2 1 2
-2327.7 5418 -10248 11824 -1 2
event 10
-957.463 10587.2 4312.93 11882.7
-2024.34 -9299.57 -33782.9 35234.3
844.799 5815.67 3073.02 6632.52 -1 1
-1802.26 4771.54 1239.91 5250.17 1 1
-2792.08 -6041.41 -22894.2 23842.2 -1 2
767.74 -3258.16 -10888.8 11392.2 1 2
event 11
108.07 14660.2 6370.94 16282.3
-3752.73 -11625.2 -44907.3 46642.1
1559.13 9281.03 3993.6 10223.9 1 1
-1451.06 5379.19 2377.34 6058.39 -1 1
-4008.53 -8555.41 -31589.6 32972.3 -1 2
255.8 -3069.79 -13317.8 13669.8 1 2
event 12
-591.095 10458.6 5337.48 12157.8
-2835.57 -10084.4 -33210.6 34960.9
237.079 5376.83 1113.16 5496.98 1 1
-828.174 5081.79 4224.32 6660.82 -1 1
-3426.13 -7880.98 -24851.3 26295.4 -1 2
590.56 -2203.44 -8359.24 8665.56 1 2
event 13
10969.7 2563.74 -14220.2 18404.1
-6771.63 -7937.72 -19411.1 22254.1
6744.94 713.021 -6408.63 9331.9 1 1
4224.77 1850.72 -7811.56 9072.24 -1 1
-3256.74 -2779.85 -5231.59 6761.26 -1 2
-3514.89 -5157.87 -14179.5 15492.8 1 2
event 14
-6151.65 -8568.21 -10985.6 15541.3
-15363.5 -5762 -14129.1 21873.7
-5398.56 -1975.7 -3089.9 6527.36 1 2
-3340.45 -2121.94 -4050.47 5663.81 1 1
-9964.91 -3786.3 -11039.2 15346.4 -1 2
-2811.2 -6446.26 -6935.1 9877.45 -1 1
event 15
-1193.45 9131.7 -4952.65 10905.5
1751.65 -16475.2 1235.95 16900.2
1461.49 -3077.13 750.154 3489.78 1 2
-1411.77 1481.33 -821.785 2207.7 -1 1
290.154 -13398.1 485.8 13410.5 -1 2
218.313 7650.37 -4130.86 8697.75 1 1
event 16
-1426.23 5342.49 -4304.32 7661.22
1508.15 -10773.7 330.319 11315.9
405.73 4017.21 -3138.69 5115.18 -1 1
-1831.96 1325.28 -1165.63 2546.03 1 1
487.465 -6187.23 -1298.7 6341.71 1 2
1020.69 -4586.51 1629.02 4974.21 -1 2
event 17
5575.34 11881.5 -30829 33708.5
5585.15 -7829.22 20265.5 22644.4
1470.33 -4352.3 11083.1 11997.9 -1 2
799.726 4162.34 -6703.34 7931.62 1 1
4775.61 7719.16 -24125.6 25776.9 -1 1
4114.82 -3476.92 9182.37 10646.5 1 2
event 18
-3449.84 8180.3 -24810 26531.9
8.45514 -10051 -9546.31 14203.7
833.236 -4619.16 -2668.5 5400.28 -1 2
-1555.03 2819.2 -13418.4 13799.7 -1 1
-1894.81 5361.09 -11391.5 12732.2 1 1
-824.781 -5431.89 -6877.8 8803.47 1 2
event 19
-5108.72 10023.6 -35047.6 36993.1
1136.93 -10800.7 -12996 17217.3
-5.32795 -5442.88 -8664.26 10232.6 1 2
-2364.93 2099.67 -6340.84 7086.53 1 1
-2743.79 7923.9 -28706.8 29906.6 -1 1
1142.26 -5357.8 -4331.79 6984.72 -1 2
event 20
1277.66 -13860.6 -12902.8 19230.8
-2138.52 5447.84 -19869.7 20943.9
-2236.39 3115.07 -15720 16181.3 1 2
1519.7 -3830.26 -4850.3 6365.29 1 1
97.8708 2332.76 -4149.69 4762.61 -1 2
-242.033 -10030.3 -8052.53 12865.5 -1 1
event 21
6371.05 3813.2 31755.8 32759
3607.77 -10039 24708.9 27090.9
3384.41 3352.14 15198.9 15928.2 -1 1
2986.64 461.063 16557 16830.8 1 1
1151.32 -5526.47 16141.5 17100.5 1 2
2456.44 -4512.52 8567.34 9990.36 -1 2
event 22
1078.42 -10898 22748.4 25436.4
-7157.98 -297.879 36464.9 37290.8
-4309.43 1067.6 25315.4 25702 1 2
-933.328 -5347.26 9753.29 11162.5 1 1
-2848.55 -1365.48 11149.5 11588.9 -1 2
2011.75 -5550.76 12995.2 14273.9 -1 1
event 23
-7631.21 6200.93 -21467.9 23898.5
12881.6 -823.341 -18853.1 23057.4
9865.55 -1890.55 -14912.5 17980.5 1 2
-2927.83 1704.41 -11541.9 12029.3 -1 1
3016.06 1067.21 -3940.56 5076.89 -1 2
-4703.38 4496.52 -9926.05 11869.2 1 1
event 24
-7900.02 6120.4 -23402.4 25634.6
10945.5 501.703 -17776.9 21110.8
-3365.43 4534.35 -12101.2 13354.2 1 1
-4534.58 1586.06 -11301.3 12280.4 -1 1
7132.05 1388.38 -13353.2 15202.4 -1 2
3813.46 -886.677 -4423.67 5908.36 1 2
event 25
-122.849 10347.4 9724.46 14534.1
2643.99 9758.56 10886.2 15176.3
-257.971 4870.59 4698.18 6772.98 1 2
-1073 1852.45 2839.97 3558.02 -1 1
950.15 8494.95 6884.49 10976.1 1 1
2901.96 4887.97 6187.98 8403.33 -1 2
event 26
8808.6 -3061.27 -2863.15 10234.8
8104.65 1880.24 -1427.86 8991.85
3890.06 -218.929 -1747.38 4271.42 1 2
2188.76 -894.703 619.405 2446.63 -1 1
6619.85 -2166.57 -3482.56 7788.18 1 1
4214.59 2099.17 319.517 4720.43 -1 2
event 27
10711.9 3632.84 47915.7 49370.5
-12853.5 -6202.54 11035.8 18304.7
5511.17 3528.96 30493.3 31187.8 -1 1
5200.78 103.88 17422.3 18182.6 1 1
-8107.46 -5313.11 8249.01 12728.6 -1 2
-4746.03 -889.431 2786.75 5576.11 1 2
event 28
11639.7 -8432.67 50618.6 52710.8
-3006.39 4842.58 21623.3 22575.3
-439.193 3605.56 11867.8 12411.7 1 2
3747.32 -2943.99 22333 22836 1 1
-2567.2 1237.02 9755.42 10163.7 -1 2
7892.33 -5488.68 28285.6 29874.8 -1 1
event 29
-7407.53 677.02 5365.67 9680.48
10375.5 -5652.54 10768.7 16283.6
-4935.55 1268.45 2032.28 5487.25 1 1
-2471.98 -591.431 3333.4 4193.23 -1 1
5431.62 -3208.3 7757.2 9999.05 -1 2
4943.85 -2444.24 3011.48 6284.59 1 2
event 30
6044.91 -4179.66 8224.7 11456.3
-10077.6 1068.14 4181.9 11392
-4526.11 1009.1 3472.12 5794.03 -1 2
2306.69 -499.109 4291.38 4898.67 1 1
-5551.45 59.0331 709.779 5597.95 1 2
3738.22 -3680.55 3933.32 6557.67 -1 1
event 31
12124.5 -6719.12 13115.1 19332.6
-9418.58 -143.448 6131.61 11658.4
-7321.93 726.556 3402.97 8107.4 -1 2
4508.72 -3853.99 4241.63 7292.77 -1 1
7615.8 -2865.13 8873.44 12039.9 1 1
-2096.65 -870.004 2728.64 3550.99 1 2
event 32
-1262.76 -7395.9 1240.07 8211.15
-3680.46 -7339.1 5609.46 10414.6
-2573.18 -4965.23 5416.22 7785.97 1 2
94.7528 -3201.44 1939.94 3746.03 1 1
-1107.28 -2373.88 193.237 2628.67 -1 2
-1357.51 -4194.46 -699.863 4465.12 -1 1
event 33
-3070.19 -6217.78 -5087.77 9141.29
10384.5 8313.13 -12804.9 18721.7
-606.984 -4516.39 -3527.67 5763.84 -1 1
-2463.21 -1701.39 -1560.1 3377.45 1 1
5811.85 4866.21 -5163.65 9172.35 -1 2
4572.66 3446.92 -7641.21 9549.33 1 2
event 34
13115 -7013.51 8750.23 17531.4
-10525.6 7203.61 -12585.1 18184
-8355.56 4675.82 -10682.8 14346.1 -1 2
4105.62 -1188.61 1297.74 4468.13 1 1
9009.42 -5824.9 7452.49 13063.3 -1 1
-2170.09 2527.79 -1902.36 3837.85 1 2
event 35
15389.2 4776.58 38180.4 41557
-6251.5 -1058.56 14395.6 16032.1
-3862.74 -44.7439 5212.5 6488.76 1 2
4759.84 1472.78 15691.5 16463.9 1 1
-2388.76 -1013.81 9183.14 9543.33 -1 2
10629.4 3303.8 22488.9 25093.1 -1 1
event 36
31122.5 8522.1 72212.8 79155
-7377.21 -2516.78 20069.2 21751.4
-3395.5 -2400.5 12835.6 13492.8 1 2
9844.63 1787.43 19678 22075.9 1 1
-3981.72 -116.286 7233.57 8258.53 -1 2
21277.9 6734.67 52534.8 57079.1 -1 1
event 37
12213.9 -980.357 -11208.6 16892.7
8972.88 -11248 4021.63 15257.6
2272.85 -4894.75 2286.73 5862.14 -1 2
2503.58 1035.72 -2674.38 3808.42 1 1
9710.36 -2016.08 -8534.19 13084.3 -1 1
6700.03 -6353.2 1734.9 9395.46 1 2
event 38
12491.2 -6880.58 26676.5 30407.2
5496.37 770.17 10597.5 12357.2
7257.51 -5684.13 17216.6 19529.6 1 1
5233.65 -1196.45 9459.85 10877.6 -1 1
3716.08 1715.18 8562.91 9491.35 -1 2
1780.29 -945.008 2034.6 2865.88 1 2
event 39
3560.59 -11608 10197.7 16155.7
6504.04 -12198.6 -4395.35 14832.9
4729.94 -10497.4 -2646.53 11814.5 1 2
263.213 -5068.77 5333.26 7363.19 1 1
1774.11 -1701.2 -1748.82 3018.45 -1 2
3297.38 -6539.22 4864.4 8792.48 -1 1
event 40
-574.059 14327.6 900.082 14697.3
15002.2 -31354.7 69171.6 77475.7
-1797.68 7480.42 847.43 7740.65 -1 1
1223.63 6847.21 52.6516 6956.69 1 1
11163.4 -20010.2 46104.5 51484.6 1 2
3838.77 -11344.5 23067.1 25991.1 -1 2
event 41
13093.2 -17773.3 -57366.4 61545.3
-6306.22 4537.27 2529.6 8737.58
-3139.38 3910.23 817.539 5081.84 -1 2
3006.94 -2702.59 -8252.27 9190.04 1 1
10086.2 -15070.7 -49114.2 52355.2 -1 1
-3166.85 627.036 1712.06 3655.74 1 2
event 42
-9199.15 4181.99 -1174.39 10634
-5472.47 -7231.98 -7976 12468.3
-3098.6 -6048.43 -4758.09 8296.71 1 2
-3171.37 2651.43 -1517.25 4404.64 -1 1
-2373.87 -1183.55 -3217.91 4171.59 -1 2
-6027.78 1530.56 342.855 6229.41 1 1
event 43
-514.08 7467.99 1324.06 8208.42
-3378.92 5852.31 1397.91 7563.92
-1566.5 4242.89 1610.65 4802.23 1 1
1052.42 3225.1 -286.591 3406.19 -1 1
-855.218 2223.76 1986.38 3103.77 -1 2
-2523.71 3628.55 -588.465 4460.15 1 2
event 44
-7797.13 4114.62 3882.82 10118.9
1781.89 10363.3 -30927.4 32812.6
-591.707 5330.18 -16436.6 17289.7 -1 2
-3277.63 307.783 2245.14 3986.15 -1 1
-4519.5 3806.84 1637.68 6132.78 1 1
2373.59 5033.14 -14490.9 15523 1 2
event 45
3896.88 -8542.01 40297.9 41492.9
-12706.9 13034 2402.72 18620.3
1846.41 -5406.72 29878.2 30419.8 1 1
2050.46 -3135.3 10419.7 11073.2 -1 1
-9307.59 7469.69 1283.47 12003.6 1 2
-3399.31 5564.29 1119.24 6616.69 -1 2
event 46
-5790.26 -1995.4 13482.8 15129
13137.8 -6600.35 -6951.13 16555.2
-3274.37 76.0308 9058.1 9632.64 1 1
-2515.89 -2071.44 4424.72 5496.35 -1 1
7696.36 -5415.45 -4973.39 10644.6 1 2
5441.43 -1184.9 -1977.74 5910.65 -1 2
event 47
6206.6 -10914.3 -33066.4 35505.3
-9328.74 93.0794 -44229 45308.2
5660.36 -7279.03 -22460 24279.3 -1 1
546.232 -3635.26 -10606.5 11225.9 1 1
-2506.7 743.236 -7454.25 7900.19 -1 2
-6822.04 -650.156 -36774.8 37408 1 2
event 48
-2697.01 -8038.69 -4077.03 9904.93
6352.77 -12385.1 42634.1 44955.6
470.243 -3926.48 11938.8 12577.1 1 2
-1478.26 -2388.31 34.0418 2810.98 1 1
5882.53 -8458.65 30695.3 32378.5 -1 2
-1218.75 -5650.38 -4111.07 7093.95 -1 1
event 49
6826.56 1653.95 11390.2 13735.5
-6459.18 -1423.11 -889.625 7357.26
4027.76 -603.45 6298.89 7501.61 -1 1
2798.8 2257.4 5091.32 6233.92 1 1
-4584.76 -2133.25 222.107 5062.74 -1 2
-1874.42 710.134 -1111.73 2294.53 1 2
event 50
-4289.81 5697.73 22685 23980.5
-4327.58 -6509.48 13880.8 16228.6
-1524.53 -3543.9 4102.43 5632.45 -1 2
-1517.66 1961.81 3863.67 4592.5 1 1
-2772.15 3735.91 18821.3 19388 -1 1
-2803.04 -2965.58 9778.34 10596.2 1 2
event 51
-5928.44 -2668.81 4246.07 8359.97
6619.61 4588.1 33219.8 34322.3
1722.88 3033.82 13470.9 13915.8 1 2
-1036.92 -1902.85 1883.11 2872.85 1 1
4896.74 1554.29 19748.9 20406.5 -1 2
-4891.51 -765.966 2362.97 5487.11 -1 1
event 52
-10228.9 -2467.92 5955.23 12481.1
9153.74 5969.49 49694.7 50976.3
-7134.8 -417.456 4728.84 8570.45 -1 1
-3094.14 -2050.47 1226.39 3910.67 1 1
7087.77 6004.02 40597.2 41646.5 -1 2
2065.97 -34.5313 9097.5 9329.79 1 2
event 53
3306.34 7443.4 -5904.25 10525.5
-1537.52 4361.94 -7291.9 9173.52
-2233.05 2203.52 -3130.64 4433.29 1 2
161.848 4049.02 -2310.59 4665.91 1 1
695.538 2158.42 -4161.26 4740.23 -1 2
3144.5 3394.38 -3593.66 5859.62 -1 1
event 54
-16777 7478.09 80385.5 82515.5
-7469.06 2674.84 29860.1 31050.9
-11860.5 4712.31 49497.5 51116.4 -1 1
-4916.52 2765.78 30888 31399.1 1 1
-3886.5 2914.35 15232.7 15988.9 -1 2
-3582.56 -239.508 14627.4 15062 1 2
event 55
7818.26 -4786.91 7786.38 12419.9
-9922.36 6142.38 8850.41 14970
-4181.34 1642.3 4994.37 6718.31 -1 2
1890.05 -2778.42 3358.28 4751.96 -1 1
-5741.02 4500.08 3856.04 8251.68 1 2
5928.21 -2008.49 4428.1 7667.92 1 1
event 56
6108 -1475.72 5837.56 9118.85
-9923.78 6182.09 11747.5 16861
-2636.72 1942.78 5364.55 6286.19 1 2
1867.13 -1961.89 1895.58 3307.5 1 1
-7287.07 4239.31 6382.98 10574.8 -1 2
4240.87 486.172 3941.98 5811.35 -1 1
event 57
-6227.85 -3900.9 3169.06 8581.22
8831.73 7023.94 2586.97 11984.1
-2482.14 -3023.62 612.732 3961.05 -1 1
-3745.71 -877.284 2556.33 4620.17 1 1
6223.26 3300.31 2363.83 7431.01 1 2
2608.47 3723.63 223.145 4553.07 -1 2
