event 0
-465.461 -5288.18 802.274 6198.06
81.8462 -11879.2 2075.06 12450.7
-1707.17 -3096.09 -46.6095 3537.44 1 1
1241.71 -2192.09 848.883 2660.62 -1 1
-1132.07 -6747.67 176.326 6845.06 -1 2
1213.92 -5131.54 1898.74 5605.6 1 2
event 1
10010.4 14181.1 -12797.7 21787.2
-13525.2 -10812.8 -28866 33803.6
-5716.53 -3987.02 -8904.43 11308.2 1 2
3799.43 3022.4 -3762.25 6142.98 1 1
6210.95 11158.7 -9035.42 15644.2 -1 1
-7808.67 -6825.83 -19961.6 22495.4 -1 2
event 2
-6677.67 -14941.3 26604.3 31388.1
2915.97 10542.7 -10461.8 15449.7
1425.57 9045.97 -9228.5 13001.5 -1 2
-915.597 -3771.41 8542.87 9383.69 1 1
-5762.08 -11169.9 18061.4 22004.4 -1 1
1490.4 1496.72 -1233.28 2448.19 1 2
event 3
4450.31 5546.06 22554.6 23850.9
-8457.67 4097.52 32340.9 33820.8
-2170.66 2660.52 10532.9 11079 -1 2
344.768 2247.17 9602.79 9868.81 -1 1
-6287.01 1437 21808 22741.8 1 2
4105.54 3298.9 12951.8 13982.1 1 1
event 4
-3499.31 -11337.2 3914.58 13026.4
-3218.16 -7267.53 2952.4 9026.7
-835.126 -3059.35 2727.59 4184.25 1 2
-119.774 -2656.74 2408.99 3589.85 1 1
-3379.54 -8680.45 1505.59 9436.6 -1 1
-2383.03 -4208.17 224.813 4842.45 -1 2
event 5
9331.54 -7612.88 -1019.69 12476.6
-1186.43 9131.29 -1565.23 9840.17
6040.03 -3668.29 -1764.09 7284.34 1 1
3291.51 -3944.59 744.406 5192.22 -1 1
-92.4828 3634.08 851.968 3735.25 -1 2
-1093.95 5497.21 -2417.2 6104.92 1 2
event 6
5201.75 -4942.7 -1304.35 7923.42
-4618.3 15967.6 -3282.27 17223.7
4189.55 -3101.93 381.388 5227.9 1 1
1012.2 -1840.77 -1685.74 2695.52 -1 1
-3795.8 10680.8 -916.611 11372.8 -1 2
-822.504 5286.75 -2365.66 5850.96 1 2
event 7
-24861.8 4887.41 93528.8 96949.6
867.404 7131.76 8114.18 11271.4
-20618 4566.79 73517.7 76490.6 1 1
-4243.81 320.618 20011.1 20458.9 -1 1
1852.81 3652.62 3367.45 5303.33 -1 2
-985.404 3479.14 4746.74 5968.09 1 2
event 8
9840.99 7306.47 -26892.5 29715.8
-7066.49 -5376.85 -9113.4 13095.4
-5028.4 -3230.98 -7871.7 9884.28 -1 2
3851.7 2287.38 -13327.5 14060.6 -1 1
5989.3 5019.09 -13565 15655.1 1 1
-2038.08 -2145.86 -1241.69 3211.15 1 2
event 9
7301.1 7283.8 -20260.7 22944.4
-8001.93 -6154.17 -9138.15 13964.2
2953.05 4959.71 -9678.21 11269.3 1 1
4348.05 2324.09 -10582.5 11675 -1 1
-3927.44 -4860.87 -4880.22 7929.73 -1 2
-4074.49 -1293.3 -4257.94 6034.51 1 2
event 10
10599.4 -4617.2 42419.1 44075.4
-7202.29 -481.302 -4209.97 8911.77
6224.55 -2564.99 18868.3 20033.7 -1 1
4374.89 -2052.21 23550.8 24041.7 1 1
-4462.73 -556.185 -856.009 4579.21 -1 2
-2739.56 74.8828 -3353.96 4332.56 1 2
event 11
-8740.18 13591.4 -21307 26920.2
5213.85 -9643.15 -58075 59181.7
2643.61 -1978.43 -17464.9 17774.6 -1 2
-633.882 2094.38 -1625.69 2728.06 1 1
-8106.3 11497.1 -19681.3 24192.1 -1 1
2570.23 -7664.72 -40610.2 41407.1 1 2
event 12
-8949.22 4376.33 3139.59 10894.5
-27267.5 11145.5 9405.36 31077.2
-3388.02 1582.46 2296.63 4389.6 1 2
-2852.69 437.644 2078.94 3558.44 1 1
-23879.5 9563.02 7108.73 26687.6 -1 2
-6096.53 3938.69 1060.65 7336.01 -1 1
event 13
-18602.5 10207.8 5608.5 22165.2
-31510.6 14114 12353.8 36801.2
-15278.4 5159.48 5869.57 17161.4 -1 2
-3419.5 1187.27 2009.41 4141.43 -1 1
-16232.2 8954.49 6484.2 19639.9 1 2
-15183 9020.57 3599.1 18023.8 1 1
event 14
5476.14 10095.1 -28218.2 30622.9
1290.29 -5686.28 -16642 17903.8
2130.8 6611.1 -18701.4 19949.9 1 1
3345.34 3484.01 -9516.85 10672.9 -1 1
-487.695 -4164.11 -11837.3 12558.3 -1 2
1777.98 -1522.18 -4804.7 5345.52 1 2
event 15
5515.93 12318.6 -34608 37275.7
4498.16 -9242.12 -24495.5 26744.5
3458.79 9053.06 -27906.4 29541.5 1 1
2057.14 3265.55 -6701.59 7734.22 -1 1
1418.76 -3538.92 -12992.4 13540.7 -1 2
3079.4 -5703.2 -11503.1 13203.8 1 2
event 16
-1418.86 4963.41 7400.6 9539.81
9029.08 -5833.75 23462 25992.6
373.182 3689.09 5485.17 6621.7 -1 1
-1792.05 1274.33 1915.43 2918.11 1 1
5474.92 -2873.27 9999.75 11757.4 -1 2
3554.16 -2960.47 13462.3 14235.2 1 2
event 17
-5232.34 -15112.4 4162.36 16813
7953.59 3839.42 -5155.24 10684.9
-3739.48 -11915.4 1931.73 12637.4 1 1
-1492.86 -3197 2230.62 4175.68 -1 1
2740.73 352.941 -358.036 2788.46 -1 2
5212.87 3486.48 -4797.2 7896.44 1 2
event 18
7005.47 3779.45 -27628.9 28919
-2180.3 6620.93 -25904 27003.6
-1227.59 3914.58 -9473.16 10323.9 -1 2
2634.57 2561.19 -16411.9 16818.5 1 1
4370.9 1218.26 -11217 12100.5 -1 1
-952.706 2706.35 -16430.8 16679.8 1 2
event 19
7208.45 3553.55 14359.6 16744.5
-6763.4 3850.7 11290.7 14058.6
-3196.68 905.466 6997.16 7746.61 1 2
1980.35 2465.02 4109.68 5186.39 1 1
5228.1 1088.54 10249.9 11558.1 -1 1
-3566.72 2945.23 4293.5 6311.99 -1 2
event 20
2471.75 -10822.5 3029.16 11916.5
-5424.77 -4465.13 496.418 7694.39
172.906 -6992.52 2444.28 7410.19 -1 1
2298.84 -3829.94 584.887 4506.26 1 1
-1187.99 -2158.71 1323.52 2798.96 -1 2
-4236.79 -2306.42 -827.099 4895.42 1 2
event 21
-10408.2 4962.84 -2395.44 12177.4
5709.39 -3381.64 -4362.39 8523.79
-5330.28 4209.27 -1635.83 6986.91 -1 1
-5077.88 753.566 -759.611 5190.46 1 1
4050.49 -1158.8 -3835.94 5698.68 -1 2
1658.9 -2222.84 -526.447 2825.12 1 2
event 22
-6310.88 -3102.99 23249.8 24486.7
11522.6 5445.34 20842.7 24625.9
2666.25 2331.08 7679.92 8457.85 -1 2
-2679.93 301.449 8671.81 9082.09 -1 1
8856.38 3114.26 13162.8 16168 1 2
-3630.96 -3404.44 14578 15404.6 1 1
event 23
-5962.95 -12350.5 27713.7 31076.2
4200.09 4806.18 3927.72 8109.14
-2971.88 -7882.07 19693.5 21419.8 -1 1
-2991.07 -4468.39 8020.16 9656.46 1 1
1500.2 3110.68 613.486 3509.2 -1 2
2699.89 1695.5 3314.24 4599.94 1 2
event 24
-4502.93 -8172.85 21802.2 23916.5
5829 3918.75 3410.31 8399.79
3321.94 491.465 2067.37 3944.87 1 2
-1849.47 -2582.17 11177.5 11620.4 1 1
-2653.46 -5590.67 10624.8 12296.1 -1 1
2507.07 3427.29 1342.94 4454.92 -1 2
event 25
4834.97 14235.3 -36289.6 39402.4
-30498.8 10171.9 -63947.9 71641.9
2287.35 10953.6 -26831.3 29071.3 1 1
2547.62 3281.61 -9458.32 10331 -1 1
-18384.9 5708.71 -41463.6 45714.7 -1 2
-12113.8 4463.23 -22484.3 25927.2 1 2
event 26
6426.98 18052.6 -54807 58142.9
-28032.8 9966.21 -61577.7 68458.5
5208.62 11281.8 -38074.3 40050.9 -1 1
1218.36 6770.78 -16732.6 18092 1 1
-15421.1 4721.33 -36437.1 39846.9 -1 2
-12611.7 5244.88 -25140.6 28611.6 1 2
event 27
4794.1 14071.1 24177.2 28550.1
1180.86 -4995.23 22201.1 22996.2
1846.95 9789.48 16618.5 19376.1 1 1
2947.15 4281.64 7558.66 9174.02 -1 1
-852.213 -3086.31 12009.4 12429.4 -1 2
2033.07 -1908.93 10191.6 10566.8 1 2
event 28
-1916.56 -13188.5 -7559.93 15631.8
-2783.31 -6314.2 -1162.19 7652.32
-3120.06 -3988.35 -1484.34 5277.89 1 2
-2309.57 -5347.16 -3421.97 6756.28 -1 1
336.747 -2325.85 322.149 2374.43 -1 2
393.01 -7841.31 -4137.96 8875.5 1 1
event 29
-10433.4 -16446.3 48993 52851.1
1845.89 7906.43 -1356.73 8794.9
-6376.19 -13025.3 35049.9 37931.8 -1 1
-4057.16 -3420.98 13943.1 14919.2 1 1
2178.52 4616.44 260.409 5112.38 -1 2
-332.621 3289.98 -1617.13 3682.52 1 2
event 30
-5633.19 -809.468 1370.71 6622.52
7702.81 9235.61 4581.67 13236.8
-3042.91 -1208.59 2110.96 3897.09 -1 1
-2590.29 399.12 -740.247 2725.44 1 1
5388.34 4284.29 1868.08 7133.74 1 2
2314.47 4951.32 2713.59 6103.04 -1 2
event 31
-9654.21 -1116.17 -4775.72 11262.7
8971.6 8858.16 10719.6 16836.2
2239.56 4213.62 3403.42 5862.14 -1 2
-3778.95 -1890.25 -1462.62 4472.57 1 1
6732.05 4644.54 7316.23 10974.1 1 2
-5875.26 774.083 -3313.09 6790.12 -1 1
event 32
-23598.4 25278.2 91839.5 98183.3
13172.2 -11342.6 75595.5 77630.1
8751.39 -6865.02 54133.4 55264.4 1 2
-8742.4 10299.6 32056.7 34787.3 -1 1
4420.84 -4477.6 21462.1 22365.7 -1 2
-14856 14978.6 59782.8 63396 1 1
event 33
-16160.5 17864.9 62685.3 67226.1
11877.3 -10228.1 70301.1 72093.9
-10505.4 9347.36 35959.1 38610.9 1 1
-5655.05 8517.56 26726.2 28615.2 -1 1
3415.32 -2882.87 26927 27295.6 -1 2
8461.95 -7345.2 43374.1 44798.3 1 2
event 34
5950.43 8799.77 -17570.5 20764.3
-6059.09 -10499.4 6219.37 13972.2
-3834.03 -3866.28 2002.26 5802.42 -1 2
1832 4172.61 -5103.4 6842.72 -1 1
-2225.06 -6633.16 4217.11 8169.75 1 2
4118.43 4627.15 -12467.1 13921.6 1 1
event 35
3005.62 -6887.11 -1270.89 8226.33
10244.3 -725.097 -11606.9 15804.5
2007.01 -4146.61 760.488 4670.33 -1 1
998.61 -2740.5 -2031.37 3556.01 1 1
5453.47 1041.06 -6922.09 8874.16 -1 2
4790.79 -1766.16 -4684.81 6930.34 1 2
event 36
549.441 -8227.16 -465.64 8820.25
805.291 -8816.97 -8095.67 12390.3
-141.108 -3903.37 -5515.5 6759.3 1 2
47.1758 -3875.99 -1750.32 4254.44 -1 1
946.4 -4913.6 -2580.17 5630.95 -1 2
502.265 -4351.17 1284.68 4565.8 1 1
event 37
7624.9 -6464.41 36948.9 38402.4
509.114 18336.5 54149.9 57256.4
4706.73 -2681.21 15261.8 16194.9 1 1
2918.17 -3783.2 21687.1 22207.4 -1 1
-30.1945 11919 30540 32783.6 1 2
539.308 6417.46 23610 24472.8 -1 2
event 38
-274.762 -8970.13 11686.6 15056.8
3084.86 11270.8 -21545.4 24785.9
-369.214 -5716.03 4938.38 7563.6 -1 1
94.4513 -3254.11 6748.25 7493.21 1 1
3116.81 8211.36 -12832 15550.3 -1 2
-31.9586 3059.47 -8713.47 9235.65 1 2
event 39
1757.46 -8564.72 13405.6 16301.8
2795.53 9641.12 -18541.5 21310.7
-600.803 -4643.46 6311.59 7859.39 1 1
2358.26 -3921.26 7093.99 8442.37 -1 1
3350.49 6647.89 -13643.9 15543.1 -1 2
-554.96 2993.23 -4897.64 5767.62 1 2
event 40
-316.533 -8895.11 13595.9 16542.7
3951.65 11499.4 -23940.5 27029.4
126.201 -5212.96 5206.4 7369.44 1 1
-442.734 -3682.15 8389.53 9173.31 -1 1
2425.87 9017.24 -20451 22482.2 -1 2
1525.78 2482.16 -3489.48 4547.17 1 2
event 41
15113.1 -5461.93 30144.9 34300.8
-7926.35 -3780.6 366.493 9319.07
7572.37 -2758.95 11879 14355.3 1 1
7540.69 -2702.98 18265.9 19945.5 -1 1
-5419.65 -2236.18 -1195.51 5984.44 -1 2
-2506.7 -1544.43 1562 3334.63 1 2
event 42
7144.8 -7667.07 3480.82 11469.1
1572.8 8881.17 -4217.9 10427.4
1328.94 3612.61 -311.707 3863.34 1 2
3269.72 -1500.6 1646.49 3957.9 -1 1
3875.07 -6166.48 1834.33 7511.16 1 1
243.857 5268.56 -3906.19 6564.04 -1 2
event 43
6002.21 1969.35 14951.6 16524.1
-6028.95 5479.77 13743.3 16274.1
-2491.64 1782.37 8074.01 8636.31 1 2
1415.33 1456.66 2374.21 3126.18 1 1
-3537.31 3697.41 5669.33 7637.79 -1 2
4586.88 512.696 12577.3 13397.9 -1 1
event 44
1774.1 6407.62 17665.9 19128
-28868.8 20361.5 51902.6 62860.7
1949.72 3977.15 7854.41 9017.87 1 1
-175.612 2430.47 9811.45 10110.1 -1 1
-15602.2 10156.9 24879.1 31073.7 1 2
-13266.6 10204.5 27023.4 31787 -1 2
event 45
8015.03 283.829 1510.89 8728.96
6936.39 -10603.5 2911.51 13364.8
6671.88 -8314.01 1829.28 10816.4 1 2
2759.56 -1329.72 172.912 3069.92 1 1
264.512 -2289.54 1082.23 2548.4 -1 2
5255.47 1613.55 1337.97 5659.05 -1 1
event 46
13658.4 -737.413 4235.72 14650.2
5104.17 -7584.03 1887.87 9835.06
2386.14 -5876.61 1905.44 6623.45 -1 2
5756.95 -296.325 3395.95 6691.33 -1 1
7901.44 -441.088 839.767 7958.88 1 1
2718.03 -1707.42 -17.5717 3211.61 1 2
event 47
4495.19 -7304.85 -12640.1 15586.2
-9697.07 -1900.93 -21634.5 23985.2
-7331.5 -550.744 -13057.2 14985.2 1 2
530.1 -3761.42 -5331.55 6547.2 1 1
-2365.57 -1350.18 -8577.27 8999.98 -1 2
3965.09 -3543.42 -7308.57 9039.03 -1 1
event 48
-8672.45 17687.3 32684.5 38287.4
7222.24 -7002.43 -16226.6 19341.4
-5807.54 13357.1 21672.8 26112.5 1 1
-2864.91 4330.24 11011.7 12174.9 -1 1
837.663 -1853.26 -1674.57 2636.59 -1 2
6384.57 -5149.17 -14552.1 16704.8 1 2
event 49
-8525.68 17807.4 31057.7 36931.9
5112.32 -3600.35 -10902.9 12944.6
2569.84 -3202.64 -8413.32 9362.48 1 2
-1252.63 5810.74 8721.18 10554.8 1 1
2542.49 -397.709 -2489.6 3582.13 -1 2
-7273.05 11996.7 22336.5 26377.1 -1 1
