event 0
7213.17 -1950.18 -6725.16 10519.1
-8053.98 4280.65 29972.9 31482.7
-2785.78 3149.6 14519 15115.9 -1 2
2529.09 449.077 -1045.47 2775.27 -1 1
-5268.2 1131.05 15454 16366.7 1 2
4684.08 -2399.26 -5679.69 7743.84 1 1
event 1
-4727.27 -9781.8 11777 16319.3
3939.87 1611.34 3898.43 6550.5
-1449.98 -6473.38 7138.91 9745.88 1 1
-3277.3 -3308.42 4638.07 6573.37 -1 1
2120.46 2463.41 2440.04 4065.67 -1 2
1819.41 -852.072 1458.39 2484.82 1 2
event 2
515.846 -7263.41 13254.8 15565.8
13467.1 3584.3 14851.1 20599.9
4812.73 821.463 3256.21 5869.51 -1 2
-1316.35 -1900.66 2486.99 3397.29 1 1
8654.39 2762.83 11594.9 14730.4 1 2
1832.2 -5362.75 10767.8 12168.5 -1 1
event 3
14437.6 1140.73 19172.3 24226.3
-8181.8 4202.36 11236.5 14847.6
-4687.84 3332.2 4889.74 7549.84 -1 2
4284.64 775.621 8114.6 9209.65 1 1
10153 365.105 11057.7 15016.6 -1 1
-3493.96 870.156 6346.73 7297.75 1 2
event 4
15583 -112.905 19937.2 25493.6
-13177.3 6232.15 16454.5 22199.6
-9427.96 5259.2 10265.3 14897.4 1 2
7127.17 415.033 6793.03 9855.21 1 1
-3749.39 972.951 6189.22 7302.2 -1 2
8455.8 -527.938 13144.2 15638.4 -1 1
event 5
5967.91 -4304.97 24615.4 25877.7
2319.44 6487.36 3147.94 8423.91
3014.71 4517.65 1194.37 5561.96 1 2
3135.53 -720.805 7474.01 8137.75 -1 1
-695.272 1969.71 1953.57 2861.95 -1 2
2832.38 -3584.17 17141.3 17739.9 1 1
event 6
1315.87 -4082.82 6037.21 8027.45
-474.74 10711.4 21661.5 24367.5
2269.76 -2146.2 3418.54 4632.02 -1 1
-953.89 -1936.62 2618.67 3395.44 1 1
-13.6567 5884.44 15112.2 16217.8 -1 2
-461.084 4827 6549.3 8149.67 1 2
event 7
-5529.52 -7164.44 2488.32 9883.58
-204.354 7024.77 6611.52 10133.7
-2639.61 -5196.36 2602.13 6383.72 -1 1
-2889.91 -1968.08 -113.803 3499.86 1 1
-80.3503 2459.27 516.097 2516.34 -1 2
-124.004 4565.51 6095.42 7617.38 1 2
event 8
17462.4 -2752.49 4752.59 18565.8
-31730.1 -18221.1 20934.1 42268.6
-11689.9 -8073.14 9192.63 16921.7 1 2
1802.03 -1192.75 1015.15 2389.9 -1 1
-20040.2 -10147.9 11741.4 25346.9 -1 2
15660.4 -1559.74 3737.44 16175.9 1 1
event 9
-5925.2 -5901.53 16332.6 18608.6
8716.47 7223.42 -16413.5 20177.9
4008.36 1418.05 -6314.53 7613.29 1 2
-672.433 -2077.66 6172.55 6548.31 1 1
4708.11 5805.37 -10098.9 12564.6 -1 2
-5252.76 -3823.87 10160 12060.3 -1 1
event 10
3000.12 4738.39 -17650.4 18777.2
-14085.3 -18102 -481.408 23149.5
1700 2636.81 -5125.6 6010.46 -1 1
1300.12 2101.58 -12524.8 12766.7 1 1
-9769.26 -10682.3 -1254.25 14530.5 1 2
-4316.05 -7419.66 772.837 8619.05 -1 2
event 11
3037.44 -5433.95 -11189.3 13173.6
-10456.7 4859.67 52294.6 53677.6
-4112.45 15.9913 18809.8 19254.4 -1 2
-41.5807 -2454.05 -5717.67 6223.1 1 1
-6344.23 4843.68 33484.8 34423.2 1 2
3079.02 -2979.9 -5471.6 6950.52 -1 1
event 12
6166.93 -3369.04 6035.96 9767.57
5376.44 -4207.38 6672.72 10036.1
2916.95 -2885.29 1938.99 4539.2 -1 2
3189.4 -519.948 4076.87 5203.33 1 1
2977.53 -2849.1 1959.09 4564.23 -1 1
2459.49 -1322.09 4733.74 5496.95 1 2
event 13
8370.31 17577.3 21850.3 29428.7
-5268.52 -5545.17 -1415.23 8372.57
5298.78 11201.3 16053.6 20280 1 1
3071.53 6375.96 5796.66 9148.75 -1 1
-3520.68 -4116.15 458.365 5436.83 -1 2
-1747.85 -1429.02 -1873.59 2935.74 1 2
event 14
8798.68 17141 23094.6 30301.4
-6231.05 -4001.23 -906.582 8321.57
5817.26 7913.25 10116.7 14100.3 1 1
2981.42 9227.73 12977.9 16201.1 -1 1
-4103.28 -4319.16 -1380 6116.18 -1 2
-2127.76 317.936 473.419 2205.39 1 2
event 15
-9047.45 -8270.5 -8775.01 15389.9
6229.48 -6198.67 -26922.9 28489.7
3792.75 -3516.66 -20197.2 20849.2 1 2
-3774.2 -4751.71 -5767.07 8372.19 1 1
2436.74 -2682.01 -6725.7 7640.49 -1 2
-5273.25 -3518.79 -3007.94 7017.68 -1 1
event 16
13820.6 -5090.34 78553.8 79982.6
-2394.67 7497.88 31741.6 32849.3
7690.47 -1218.16 39091.2 39859.2 1 1
6130.11 -3872.18 39462.6 40123.3 -1 1
-800.191 4730.59 23981.6 24457 -1 2
-1594.48 2767.3 7760.03 8392.23 1 2
event 17
4182.24 -2117.76 -5540.39 7890.66
12450.7 9391.32 48929.1 51447.7
3211.63 70.3438 -3384.23 4667.3 1 1
970.609 -2188.1 -2156.16 3223.36 -1 1
9643.84 5671.51 32610.9 34476.8 1 2
2806.86 3719.81 16318.2 16970.9 -1 2
event 18
-8161.77 1154.48 -7945.41 11860.3
-7789.36 -1671.42 -4224.32 9534.32
-3834.66 -183.157 -3595.73 5261.05 -1 2
-2812.43 -971.312 -2015.5 3595.36 -1 1
-5349.34 2125.79 -5929.92 8264.96 1 1
-3954.69 -1488.26 -628.585 4273.27 1 2
event 19
1020.53 10885.1 8825.76 14387.9
7638.27 -2509.48 7991.02 11751.1
3976 -2758.42 3632.05 6051.48 1 2
1554.2 5078.79 2811.1 6010.25 -1 1
3662.27 248.932 4358.97 5699.65 -1 2
-533.671 5806.31 6014.66 8377.67 1 1
event 20
-1658.93 -4374.58 -5376.22 7770.7
5125.7 21086.4 -42518.8 47836.7
100.091 -3304.14 -2159.6 3949.99 1 1
-1759.03 -1070.44 -3216.63 3820.72 -1 1
1431.1 12363.1 -24042.4 27072.9 -1 2
3694.6 8723.28 -18476.5 20763.8 1 2
event 21
2694.57 10270.6 -25002.3 27339.5
-986.357 -4177.5 -4304.66 6822.37
-2085.18 -2284.19 -2350.64 3886.15 1 2
2719.78 4522.74 -13026.7 14055.5 1 1
1098.82 -1893.31 -1954.02 2936.22 -1 2
-25.2163 5747.83 -11975.6 13284 -1 1
event 22
-8624.73 4550.1 -25196.2 27194.3
4652.42 -2891.11 -6636.11 9144.93
-3789.97 3456.94 -15069.9 15919.4 -1 1
-4834.76 1093.16 -10126.2 11274.8 1 1
1819.61 -2850.36 -4299.5 5471.05 -1 2
2832.81 -40.7525 -2336.6 3673.88 1 2
event 23
8190.46 267.277 -14157.7 16768.4
-15112.1 8510.53 -19211.9 26067
-4027.22 784.28 -4332.91 5968.15 -1 2
2015.12 -1541.53 -4378.51 5061.58 -1 1
-11084.8 7726.25 -14879 20098.9 1 2
6175.34 1808.81 -9779.21 11706.9 1 1
event 24
6208.42 -358.078 -7854.49 10486
-13535.7 8212.16 -13449.9 21003.5
4576.91 -1587.93 -4891.1 6885.03 -1 1
1631.51 1229.85 -2963.38 3600.99 1 1
-6899.11 5872.46 -6892.62 11384.3 1 2
-6636.61 2339.7 -6557.3 9619.15 -1 2
event 25
6056.15 1460.92 -19859.5 21042.9
-17474.7 -16157.4 -35004.3 42441.9
3542.72 692.82 -15787 16194.8 1 1
2513.43 768.096 -4072.59 4848.14 -1 1
-13716.9 -13583.7 -29997.7 35672.7 1 2
-3757.83 -2573.73 -5006.57 6769.22 -1 2
event 26
8964.93 62.7864 -22863.5 24752.8
-16016.8 -13656.7 -28907 35892.2
6843.43 -910.571 -14351.8 15926.3 1 1
2121.51 973.357 -8511.66 8826.53 -1 1
-9650.28 -6359.99 -14731.3 18724.3 1 2
-6366.47 -7296.67 -14175.7 17167.9 -1 2
event 27
5961.91 -3787.77 -18823.2 20341.9
-10360.1 -1380.65 6070.45 12477.1
3428.3 -1723.93 -6116.33 7221.21 1 1
2533.61 -2063.85 -12706.8 13120.7 -1 1
-5962.13 -1148 5181.93 7983.01 -1 2
-4397.98 -232.65 888.517 4494.1 1 2
event 28
-7387.9 3365.29 5862.62 10481.7
3961.2 -6936.02 15315.9 17549
-3264.49 3153.67 3409.33 5677.79 1 1
-4123.41 211.613 2453.29 4803.86 -1 1
1840.95 -5889.44 11690 13219 -1 2
2120.24 -1046.58 3625.88 4330 1 2
event 29
-16580.9 203.457 3831.79 17298.6
-3478.72 26444 -119477 122457
-1941.95 8322.31 -33044.2 34131.5 -1 2
-2975.89 -92.1567 -492.059 3019.55 1 1
-1536.77 18121.6 -86432.9 88325.6 1 2
-13605 295.613 4323.85 14279 -1 1
event 30
-10364.3 -9830.94 692.037 14633.5
5780.68 5007.23 -5046.62 9672.01
3180.43 2277.86 -4324.42 5832.29 1 2
-4448.72 -3046.02 1493.38 5595.6 1 1
2600.25 2729.36 -722.196 3839.72 -1 2
-5915.62 -6784.91 -801.346 9037.86 -1 1
event 31
-211.01 6669.43 11266.5 13455.5
-7758.4 -3705.81 35021.6 36194.3
-3168.61 -229.918 16303.7 16610.6 -1 2
-1311.04 1545.96 4121.73 4594.41 1 1
-4589.8 -3475.89 18718 19583.7 1 2
1100.03 5123.47 7144.74 8861.07 -1 1
event 32
13548.9 6984.98 -148.235 15555.6
-8732.1 -6742.43 6158.16 13008.6
-3317.99 -4308.66 2167.69 5855.23 1 2
2153.92 108.692 -591.616 2238.83 -1 1
11395 6876.29 443.381 13316.8 1 1
-5414.11 -2433.77 3990.48 7153.38 -1 2
event 33
10259.6 3655.97 -851.82 11355.2
-5295.2 -3886.68 6482.52 9734.47
5958.26 508.034 -702.474 6021.93 1 1
4301.31 3147.94 -149.347 5333.31 -1 1
-4695.29 -1716.2 4261.5 6569.83 -1 2
-599.905 -2170.48 2221.02 3164.64 1 2
event 34
-6217.05 -1153.77 -7346.65 10175.8
1857.73 7113.72 3992.54 8921.18
2207.52 2714.75 1212.86 3704.75 -1 2
-2385.32 1035.41 -3137.15 4076.11 -1 1
-3831.73 -2189.17 -4209.51 6099.65 1 1
-349.785 4398.98 2779.67 5216.42 1 2
event 35
5448.44 -1571.8 3739.7 7465.04
-8842.07 1751.1 -30518.4 31972.1
3427.28 -1488.8 3938.02 5429.73 -1 1
2021.16 -82.9951 -198.323 2035.31 1 1
-4923.57 528.341 -21495.4 22058.7 -1 2
-3918.49 1222.76 -9022.99 9913.38 1 2
event 36
-7385.66 -56933 53571.9 78609.6
-2972.65 10113.2 260.34 10989.8
-4233.47 -37865.9 33321.3 50616.9 -1 1
-3152.19 -19067.1 20250.6 27992.6 1 1
-1488.21 7432.62 -1054.22 7653.83 -1 2
-1484.44 2680.6 1314.56 3335.93 1 2
event 37
-21559.5 14288.4 -57192.7 62845.6
9117.86 -2216.37 4844.35 11004.8
6601.6 -2944.69 3928.58 8227.83 -1 2
-5377.16 3305.22 -10991.7 12675.5 1 1
-16182.4 10983.2 -46201 50170.1 -1 1
2516.26 728.32 915.771 2777.01 1 2
event 38
19239.3 12069.5 33429.1 40533
3922.56 -5179.82 -8014.33 10772.1
1395.63 -3988.39 -3627.01 5569.69 1 2
4027.57 2173.61 9037.83 10131.1 -1 1
2526.93 -1191.43 -4387.32 5202.36 -1 2
15211.8 9895.94 24391.3 30401.9 1 1
event 39
4297.46 -11085.3 1186.08 12343
-4532.88 -3371.81 -4091.69 7632.1
-4162.84 -1387.96 -2438.89 5021.46 1 2
457.993 -5369.39 280.697 5397.23 -1 1
-370.035 -1983.85 -1652.8 2610.65 -1 2
3839.46 -5715.9 905.387 6945.78 1 1
event 40
-16135.4 -2816.96 -15653.3 22867.1
7020.48 -1874.49 881.801 7948.01
3377.85 -1558.95 1861.46 4161.29 1 2
-3670.49 -1933.01 -4436.53 6074.78 -1 1
3642.64 -315.539 -979.659 3786.72 -1 2
-12465 -883.953 -11216.8 16792.4 1 1
event 41
-5920.87 -1806.86 4745.53 8392.41
10054 -4407.2 47678.9 49024.3
-4029.8 351.618 2639.3 4831.15 1 1
-1891.07 -2158.48 2106.23 3561.26 -1 1
5085.21 -2503.43 31086.6 31599.3 1 2
4968.81 -1903.77 16592.3 17425 -1 2
event 42
-6975.18 -2843.78 5430.23 9788.69
9267.99 -5827.5 42959.4 44440.4
4166.14 -2273.23 12930.8 13774.7 1 2
-3342.41 253.652 2539.62 4206.77 1 1
5101.85 -3554.27 30028.6 30665.7 -1 2
-3632.77 -3097.43 2890.61 5581.92 -1 1
event 43
-16907.3 -2624.54 -4433.89 17944.3
9949.07 -11470.8 -78073.9 79597
3836.15 -6580.16 -41705.6 42395.6 -1 2
-4685.37 -1075.69 -2665.58 5497.85 1 1
-12222 -1548.85 -1768.31 12446.4 -1 1
6112.92 -4890.69 -36368.2 37201.4 1 2
event 44
-15503.6 -1615.92 -4365.8 16601.8
10722.7 -8254.64 -66731.7 68160.3
9179.96 -5442.48 -51226.3 52326.2 1 2
-5677.95 -991.632 -3437.8 6712.09 1 1
1542.77 -2812.16 -15505.5 15834.1 -1 2
-9825.68 -624.285 -927.993 9889.69 -1 1
event 45
2747.51 15100.3 -35350.7 38663
6125.67 -14161.5 -10572.2 18958.8
1758.55 -7500.57 -6072.43 9810.03 1 2
2054.7 5752.92 -16844.2 17918.1 -1 1
692.817 9347.38 -18506.4 20745 1 1
4367.11 -6660.96 -4499.8 9148.74 -1 2
event 46
5230.42 12066.8 32785.9 35460.8
11582.4 -9997.2 -8104.29 17588.8
3820.99 -3783.06 -4500.8 7012.84 1 2
2341.42 2548.46 10484 11041 1 1
2889 9518.38 22301.8 24419.8 -1 1
7761.38 -6214.14 -3603.49 10576 -1 2
event 47
8041.67 14409.4 40926.6 44236.6
12916.4 -12018.8 -7658.82 19481.7
5135.1 8644.66 20866.4 23162.8 -1 1
2906.57 5764.73 20060.2 21073.8 1 1
8743.12 -8130.55 -6716.85 13699.5 -1 2
4173.32 -3888.26 -941.966 5782.18 1 2
event 48
5007.91 9924.31 23812.5 26461.3
10918.7 -8553.06 -7033.16 15982.1
3641.6 -4650.4 -4211.75 7255.17 1 2
1628.58 1572.37 2827.32 3623.46 1 1
3379.33 8351.94 20985.2 22837.8 -1 1
7277.12 -3902.66 -2821.41 8726.9 -1 2
event 49
-13071.7 -17176.5 68996.6 72360.4
-14350.1 -19016.7 85131.5 88456.3
-5386.01 -4846.13 26858.8 27819.1 1 2
-2502.81 -2997.44 8991.13 9803.08 -1 1
-10568.9 -14179.1 60005.5 62557.3 1 1
-8964.05 -14170.6 58272.6 60637.2 -1 2
