event 0
3142.6 -5967.77 -7757.02 10735.5
-3922.85 10084.6 -458.514 11264.5
-2437.37 8738.96 399.034 9081.89 1 2
2688.77 -1939.62 -2879.59 4392.59 1 1
-1485.48 1345.66 -857.548 2182.66 -1 2
453.833 -4028.14 -4877.42 6342.89 -1 1
event 1
-4180.57 -7103.56 -10435.6 13653.9
5586.12 2743.02 19081.3 20308
3403.24 2639.29 8817.21 9813.37 -1 2
-1220 -3471.37 -6761.06 7698.18 -1 1
-2960.57 -3632.2 -3674.5 5955.75 1 1
2182.88 103.731 10264.1 10494.7 1 2
event 2
11138.4 4927.04 20656.9 24179.3
-9035.07 -2479.04 10192.2 14186.2
-4362.74 -1074.99 7119.54 8419.51 -1 2
3154.22 2693.2 8574.51 9525.53 1 1
7984.2 2233.84 12082.4 14653.8 -1 1
-4672.33 -1404.04 3072.66 5766.66 1 2
event 3
2463.01 12250.7 -18212.6 22303.2
4854.82 -7022.39 3634.13 9781.68
943.471 -4006.83 1300.65 4318.3 -1 2
148.769 2704.89 -6330.69 6886.75 -1 1
2314.24 9545.81 -11881.9 15416.5 1 1
3911.35 -3015.56 2333.48 5463.38 1 2
event 4
-2963.23 -10297.2 -52128.4 53308.3
-12889.8 -4219.44 -54260.4 56015.5
-3572.77 -273.986 -18845.3 19183.3 -1 2
-1306.21 -1679.89 -6397.32 6742.78 -1 1
-9316.98 -3945.46 -35415.1 36832.2 1 2
-1657.02 -8617.28 -45731.1 46565.5 1 1
event 5
-3214.71 -18504.2 -82113.6 84314.7
-5962.45 12090.4 -28224.1 31431.2
-806.036 -14032.2 -59604.1 61239 1 1
-2408.67 -4472.08 -22509.5 23075.8 -1 1
-118.21 2464.07 -3745.39 4486.06 -1 2
-5844.24 9626.38 -24478.7 26945.2 1 2
event 6
8359.03 20923.9 3128.95 22957.9
-15692.7 -25538.1 166979 169677
-3758.45 -8805.46 51455.9 52339.1 -1 2
1547.3 3749.28 -621.278 4104.68 -1 1
-11934.2 -16732.7 115524 117338 1 2
6811.73 17174.6 3750.22 18853.2 1 1
event 7
3731.84 4168.51 10203 12041.5
-10633.4 -8061.22 -34571.3 37186.3
1612.49 3781.74 7760.84 8783.13 -1 1
2119.35 386.767 2442.2 3258.33 1 1
-5844.73 -4791.16 -15364.5 17123 1 2
-4788.71 -3270.07 -19206.8 20063.3 -1 2
event 8
3488 7352.22 12300 15069.9
-9410.19 -7048.03 -26763 29395.1
-7100.57 -4399.76 -21500.9 23066.7 1 2
275.912 4181.47 5850.02 7196.86 1 1
-2309.62 -2648.27 -5262.1 6328.39 -1 2
3212.09 3170.76 6450.01 7873.05 -1 1
event 9
10864.6 1850.09 -10262.1 15374.1
4641.6 6473.74 -12229.5 14920
4023.41 3646.5 -6277.15 8300.52 -1 2
3292.07 1674.12 -2149.27 4274.45 -1 1
7572.49 175.97 -8112.87 11099.7 1 1
618.188 2827.24 -5952.35 6619.44 1 2
event 10
-11807.8 7401.43 2291.92 14458.5
3789.28 -4558.88 10500.1 12449.2
2193.38 -2434.78 8534.32 9142.47 1 2
-5363.68 1889.49 1791.7 5963.27 1 1
1595.89 -2124.11 1965.83 3306.71 -1 2
-6444.11 5511.94 500.223 8495.26 -1 1
event 11
604.572 -8676.08 2978.62 9700.67
-1920.44 6240.19 -8584.19 11220.9
876.823 -5038.37 209.285 5119.47 1 1
-272.251 -3637.71 2769.33 4581.2 -1 1
-1496.66 1329.7 -4067.49 4534.72 -1 2
-423.786 4910.49 -4516.71 6686.13 1 2
event 12
13578.8 -13061.1 -14738.2 24120.2
9417.7 10409.8 2000.75 14513.8
6114.5 7906.27 210.088 9997.57 -1 2
3979.15 -2229.61 -2755.63 5330.05 1 1
9599.65 -10831.5 -11982.6 18790.1 -1 1
3303.2 2503.51 1790.66 4516.23 1 2
event 13
-6028.17 -594.984 -17806 19061.4
2551.5 7084.64 -33867.8 34832.7
2272.52 2669.77 -11175.2 11712.8 -1 2
-2215.49 1088.67 -8743.11 9085.53 1 1
278.986 4414.86 -22692.6 23120 1 2
-3812.68 -1683.65 -9062.93 9975.92 -1 1
event 14
1446.68 6040.48 -16555.3 17951.2
1626.65 13499.8 -5354.79 14938.3
1139.76 3826.62 -13981.6 14540.9 -1 1
306.922 2213.87 -2573.67 3410.33 1 1
-258.586 9659.12 -3846.12 10400.5 -1 2
1885.24 3840.66 -1508.67 4537.85 1 2
event 15
-9974.46 2675.71 -26508.6 28687
4430.17 -3760.48 -8788.36 10981.5
1896.58 -3019.96 -3167.81 4771.1 1 2
-3717.33 1613.29 -15064.8 15600.6 1 1
2533.59 -740.517 -5620.55 6210.41 -1 2
-6257.13 1062.41 -11443.9 13086.4 -1 1
event 16
-7311.84 4352.22 -1108.1 9122.7
6430.18 450.23 -26124.6 27085.7
2813.58 -1280.53 -12940.8 13305.4 -1 2
-2307.52 1606.73 -1847.45 3366.07 1 1
-5004.32 2745.49 739.349 5756.63 -1 1
3616.6 1730.76 -13183.7 13780.3 1 2
event 17
-2325.94 -16550 98603.3 100058
1700.53 8951.57 25291 27060.1
342.567 3717.04 6397.46 7407.6 -1 2
-1655.38 -2998.95 20501.1 20785.6 1 1
-670.556 -13551 78102.2 79272 -1 1
1357.97 5234.53 18893.6 19652.5 1 2
event 18
4928.26 9195.19 -13891.4 17646.6
-7565.16 1539.98 2709.55 8748.48
1678.66 6065.51 -7052.76 9453.08 -1 1
3249.6 3129.68 -6838.66 8193.49 1 1
-2900.38 1437.84 -206.106 3245.49 -1 2
-4664.78 102.137 2915.65 5502.98 1 2
event 19
6010.33 5748.2 -10233.4 13545.5
-16135 2276.7 4464.82 17176.9
-3912.29 1768.66 537.563 4328.32 1 2
2439.04 1440.46 -5612.65 6287.83 -1 1
-12222.7 508.046 3927.25 12848.6 -1 2
3571.3 4307.74 -4620.76 7257.65 1 1
event 20
10865 -7670.1 -9140.08 16432
-16544.3 9497.68 -12374 22948.3
-5287.29 3475.51 -5818.8 8596.75 -1 2
2091.18 -160.08 -1584.68 2630.79 1 1
-11257 6022.17 -6555.17 14351.6 1 2
8773.78 -7510.02 -7555.4 13801.3 -1 1
event 21
7128.92 6740.5 -376.037 10295.1
-800.539 -6471.7 -3235.72 8159.68
2862.82 4552.97 562.866 5408.63 -1 1
4266.1 2187.53 -938.902 4886.47 1 1
-1930.32 -4373.46 -3236.94 5774.28 -1 2
1129.78 -2098.24 1.21819 2385.4 1 2
event 22
-5821.11 515.983 -18083.5 19255
8881.94 -4584.09 -6449.34 12291.8
-3725.59 1156.84 -7588.43 8533.09 1 1
-2095.53 -640.853 -10495.1 10721.9 -1 1
4780.15 -2202.37 -5169.16 7377.78 -1 2
4101.78 -2381.71 -1280.18 4913.98 1 2
event 23
2341.53 7401.32 -6118.03 10357.8
-2433.63 -20226.9 -19926.4 28665.3
-1610.44 -3998.87 -4978.54 6586.46 -1 2
351.514 2809.69 -578.897 2892.1 -1 1
-823.192 -16228 -14947.9 22078.8 1 2
1990.02 4591.62 -5539.13 7465.68 1 1
event 24
1675.32 6571.2 -4461.77 8688.22
-2022.38 -14945.9 -17016.5 22948.3
2071.94 3939.33 -1484.27 4693.13 1 1
-396.616 2631.87 -2977.5 3995.09 -1 1
-262.03 -10177.2 -12711.8 16286.4 -1 2
-1760.35 -4768.7 -4304.71 6661.91 1 2
event 25
3537.08 4494.89 -3572.45 7420.83
-10248.2 1015.96 -16697.7 19861
2626.38 2498.33 -525.277 3664.24 -1 1
910.701 1996.56 -3047.17 3756.6 1 1
-5609.67 -494.752 -6831.07 8853.69 -1 2
-4638.53 1510.71 -9866.66 11007.3 1 2
event 26
-7449.52 -1616.97 1742.95 8410.62
-1466.26 -9552.24 28706.9 30447.8
803.34 -2999.3 6964.45 7626 1 2
-1984.21 569.484 -472.243 2120.27 1 1
-2269.6 -6552.94 21742.4 22821.8 -1 2
-5465.31 -2186.45 2215.19 6290.34 -1 1
event 27
7287.23 4147.58 -92.5428 9159.99
-2523.42 -5974.93 6005.39 9366.06
3753.42 2530.41 1754.3 4855.91 -1 1
3533.81 1617.18 -1846.84 4304.07 1 1
-846.336 -2088.02 4190.47 4758.92 -1 2
-1677.08 -3886.91 1814.92 4607.15 1 2
event 28
-9301.09 -1016.46 420.737 9864.69
-3344.48 -8334.07 -4022.94 10507.8
-5307.99 -1205.87 1636.62 5684.95 1 1
-3993.1 189.41 -1215.88 4179.75 -1 1
-2100.66 -6544.22 -4574.64 8257 -1 2
-1243.83 -1789.85 551.699 2250.83 1 2
event 29
-5397.03 -5252.33 -12778.6 15152.4
11738.6 1350.48 -1735.65 12498.7
3435.59 1512.74 -1863.76 4192.43 -1 2
-3139.62 -1047.71 -4365.05 5479.02 -1 1
8303.03 -162.258 128.102 8306.28 1 2
-2257.41 -4204.62 -8413.55 9673.35 1 1
event 30
10803 4765.72 17519.5 21352.7
-7210.22 -4328.9 7130.46 11452.6
5796.78 4040.32 11398.6 13411.4 -1 1
5006.23 725.405 6120.89 7941.35 1 1
-2456.34 -76.3488 1177.2 2726.98 -1 2
-4753.88 -4252.55 5953.26 8725.59 1 2
event 31
12662.4 5819.88 21037.8 25424.1
-9100.16 -7786.14 9691.93 15715
-4461.09 -1882.97 4222.43 6425.5 1 2
3668.84 217.003 5627.15 6721.86 -1 1
8993.52 5602.88 15410.6 18702.3 1 1
-4639.07 -5903.18 5469.5 9289.51 -1 2
