event 0
9829.07 7312.91 -46905.8 48578.1
-6004.14 -2591.67 -4837.44 8703.88
8207.75 4536.18 -33146.9 34448.1 -1 1
1621.32 2776.73 -13758.9 14130 1 1
-1022.21 -1752.61 -2233.17 3019.07 -1 2
-4981.93 -839.064 -2604.27 5684.81 1 2
event 1
7469.21 6232.24 -8176.45 13079.7
-12644.9 -14515.6 -5945.95 20384.8
-3615.23 -6182.31 -1503.4 7318.62 -1 2
773.073 2142.63 -2569.8 3435.63 1 1
-9029.64 -8333.33 -4442.54 13066.2 1 2
6696.14 4089.61 -5606.65 9644.11 -1 1
event 2
-6638.57 7567.32 -18978.2 21704.8
11044.8 -1846.21 5858.51 13011.9
-5366.62 4231.36 -10806.2 12786.3 1 1
-1271.95 3335.96 -8172 8918.48 -1 1
8943.82 -2407.85 5588 10817.9 -1 2
2100.98 561.645 270.508 2194.06 1 2
event 3
8538.49 -1230.38 -25301.6 26910.6
-7425.28 -3549.41 -15450.8 17777.8
-3029.62 -419.271 -3405.14 4578.27 -1 2
2465.82 134.048 -11612.1 11872.3 -1 1
6072.68 -1364.43 -13689.5 15038.3 1 1
-4395.66 -3130.14 -12045.6 13199.5 1 2
event 4
11888.9 6431.98 3447.44 14289.6
-4374.35 -6189.25 8771.93 11999.2
-3737.6 -2633.83 4844.05 6662.03 1 2
4241.74 3558.51 338.278 5548.06 -1 1
-636.749 -3555.42 3927.88 5337.22 -1 2
7647.16 2873.46 3109.16 8741.5 1 1
event 5
-14134 -8615.44 28189.3 32836.3
-6603.39 4942.42 17650 19726.8
-7820.99 -5831.86 18839.7 21216.1 -1 1
-6313.02 -2783.58 9349.55 11620.1 1 1
-3994.03 1845.2 6379.48 7750.22 -1 2
-2609.37 3097.22 11270.5 11976.6 1 2
event 6
3334.83 -12448.8 6572.86 14794.8
-5696.79 -1058.8 5744.29 8727.11
-3463.61 -2109.13 3075.65 5090.76 1 2
2929.61 -5399.02 2426.44 6605.36 1 1
-2233.18 1050.32 2668.64 3636.36 -1 2
405.221 -7049.73 4146.43 8189.44 -1 1
event 7
9337.21 13232.3 -53895.4 56361.2
581.585 -5312.36 2450.14 6644.89
6150.46 9447.55 -32462.6 34364.5 1 1
3186.75 3784.72 -21432.8 21996.7 -1 1
-647.37 -3452.73 2654.1 4404.07 -1 2
1228.96 -1859.63 -203.958 2240.83 1 2
event 8
6375.42 -2964.19 9370.08 12117
-8349.4 19747.5 -6785.37 22700.4
4860.63 -1193.59 7922.98 9372.04 -1 1
1514.79 -1770.6 1447.11 2744.97 1 1
-3778.3 10263.7 -4981.46 12018.5 1 2
-4571.1 9483.79 -1803.91 10681.9 -1 2
event 9
-2822.47 -5008.74 -1704.43 6749.17
-14063.7 4415.93 -26433.6 30423.9
-1107.96 -3451.09 360.739 3644.02 -1 1
-1714.51 -1557.65 -2065.17 3105.14 1 1
-7869.77 1641.33 -11631.5 14139.7 1 2
-6193.93 2774.6 -14802.1 16284.2 -1 2
event 10
7881.41 5345.98 -10043.8 14183.3
-1694.42 -6837.99 443.004 7708.17
3754.64 3492.88 -7195.43 8836.46 1 1
4126.78 1853.1 -2848.38 5346.84 -1 1
-758.339 -3874.76 -1281.79 4152.47 -1 2
-936.081 -2963.23 1724.79 3555.71 1 2
event 11
-1129.67 8497.8 -30777.1 32098.5
11267 -977.778 -12420 17080.6
4780.38 1093.35 -4842.44 6892.6 1 2
-1194.73 2133.25 -5294.43 5832.69 1 1
6486.58 -2071.13 -7577.54 10188 -1 2
65.0589 6364.55 -25482.7 26265.8 -1 1
event 12
12353.3 1513.06 -6927.4 14576.5
5873.36 -7887.06 -19661.4 22200.5
2155.65 -5329.24 -12047 13348.7 -1 2
4338.45 2031.02 -2484.58 5397.36 -1 1
8014.86 -517.957 -4442.83 9179.12 1 1
3717.72 -2557.81 -7614.37 8851.76 1 2
event 13
-12642.5 315.428 21003.8 24792.7
-4009.42 -8420.93 6976.23 12051.8
-941.487 -5415.13 4408.19 7046.51 -1 2
-5160.6 847.198 5620.93 7678.26 1 1
-7481.85 -531.77 15382.9 17114.5 -1 1
-3067.94 -3005.79 2568.04 5005.3 1 2
event 14
2112.21 10157.4 52669.1 53770.5
-5348.87 -2927.5 9116.69 11396.7
-361.081 5463.33 24324.6 24933.5 -1 1
2473.29 4694.09 28344.5 28837 1 1
-4038.68 -625.802 4552.62 6118.83 -1 2
-1310.19 -2301.69 4564.07 5277.9 1 2
event 15
-3475.29 -9523.86 21010.6 23533.4
19347 4823.93 44842.8 49173.6
-1814.18 -6636.34 10924 12910.3 -1 1
-1661.11 -2887.52 10086.6 10623 1 1
11764.8 3270.63 30916.4 33240.6 -1 2
7582.21 1553.3 13926.4 15932.9 1 2
event 16
-3296.51 -8863.17 20661 22932.3
21316.5 4171.58 49514.7 54158
-3528.23 -5733.82 12699 14373.6 -1 1
231.72 -3129.35 7961.95 8558.64 1 1
14375.5 2041.15 35960.1 38780.9 -1 2
6941 2130.43 13554.6 15377.1 1 2
event 17
7199.3 -5480.28 -23205.9 25099.1
-2230.1 8875.09 3160.89 10359.5
-427.556 6004.01 485.581 6039.69 1 2
3574.12 -2155.9 -14610 15195 -1 1
-1802.55 2871.08 2675.3 4319.81 -1 2
3625.18 -3324.38 -8595.83 9904.19 1 1
event 18
6094.58 1439.01 -2315.08 7359.72
1010.56 7133.91 -9087.46 12003.6
-508.606 3220.59 -2192.28 3930.41 -1 2
2040.94 893.95 -2387.76 3267.6 -1 1
1519.17 3913.32 -6895.18 8073.2 1 2
4053.64 545.058 72.6841 4092.13 1 1
event 19
-8715.65 -893.755 3513.39 9934.6
6776.46 2869.21 8713.79 11818.4
2657.19 2770.54 4640.88 6023.75 1 2
-1889.69 1035.12 1224.11 2480.32 1 1
-6825.96 -1928.87 2289.29 7454.28 -1 1
4119.27 98.6683 4072.9 5794.64 -1 2
event 20
-5914.49 13427.9 -11985.6 19197.3
-5190.39 -9283.44 -33253.3 35049.9
-2291.79 -5746.15 -14867 16103.1 1 2
-2107.11 6226.46 -3555.6 7474.1 -1 1
-2898.6 -3537.29 -18386.3 18946.8 -1 2
-3807.38 7201.45 -8430.05 11723.2 1 1
event 21
-3477.82 -8487.82 -24558.4 26397.8
-4726.52 9489.04 -10074.4 14948.8
-165.82 3054.03 -1971.02 3640.15 1 2
-929.891 -2068.47 -10392.6 10637.7 1 1
-4560.7 6435.02 -8103.38 11308.6 -1 2
-2547.93 -6419.35 -14165.7 15760.1 -1 1
event 22
-9676.49 928.915 -18361.1 21005.2
13116.3 -557.68 -31218.2 34007.6
3724.04 -1342.62 -11248.2 11924.9 -1 2
-3724.39 -228.648 -10017.7 10690.6 -1 1
9392.28 784.944 -19970.1 22082.7 1 2
-5952.1 1157.56 -8343.35 10314.6 1 1
event 23
-2392.36 -8614.33 44397.4 45394.4
1582.13 8720.67 2256.19 9655.81
-2948.11 -5171.66 29347.4 29945.3 -1 1
555.753 -3442.67 15050 15449.1 1 1
1956.14 6220.06 2750.12 7077.42 -1 2
-374.009 2500.61 -493.934 2578.39 1 2
event 24
3474.1 6915.44 -950.542 8389.7
-4181.35 -6125.53 2596.49 8446.2
-2155.16 -2571.02 -390.782 3379.16 -1 2
-359.026 2187.12 -565.083 2289.73 1 1
3833.12 4728.32 -385.459 6099.97 -1 1
-2026.19 -3554.5 2987.27 5067.04 1 2
event 25
7877.63 11220 -10444.1 17510.4
-1118.3 -5447.2 -3573.83 7299.66
602.592 -3955.42 -2828.42 4900.98 1 2
4674.7 4251.55 -3885.9 7418.89 -1 1
-1720.89 -1491.79 -745.412 2398.68 -1 2
3202.93 6968.4 -6558.2 10091.5 1 1
event 26
9271.91 -3485.77 17805.6 20609.5
-9960.27 -1192.46 3752.39 11149
-6123.11 -1842.63 3391.86 7239.04 1 2
4260.38 -2341.87 5931.81 7670.25 -1 1
-3837.16 650.174 360.528 3909.95 -1 2
5011.53 -1143.9 11873.8 12939.2 1 1
event 27
-12860.4 -7612.35 -2573.61 15477.5
9549.83 13482.9 -10290.9 19709.9
974.883 2848.05 -2881.15 4168.21 -1 2
-2180.28 -243.993 210.369 2206.48 -1 1
8574.94 10634.8 -7409.71 15541.7 1 2
-10680.1 -7368.36 -2783.98 13271 1 1
event 28
-5441.63 -3433.82 10492.4 12691.9
9996.95 -33.8409 49596.5 50688.7
-3038.24 -2465.37 3562.37 5292.5 -1 1
-2403.39 -968.455 6930.03 7399.37 1 1
5563.89 -1470.19 29809.6 30360.2 1 2
4433.06 1436.35 19786.9 20328.5 -1 2
event 29
-3283.64 5458.77 1310.22 7203.36
7501.61 10119.8 -8074.76 15280
2834.97 3499.49 -1216.86 4666.42 1 2
-2137.71 888.399 848.246 2467.74 -1 1
4666.63 6620.33 -6857.9 10613.6 -1 2
-1145.93 4570.37 461.978 4735.61 1 1
event 30
-2499.84 -8658.46 9629.05 13693.9
-20129 8871.62 93635.7 96234.7
102.384 -5531.49 6646.75 8648.6 1 1
-2602.22 -3126.96 2982.31 5045.27 -1 1
-13400.3 6599.14 68823.8 70426.2 1 2
-6728.64 2272.48 24811.8 25808.5 -1 2
event 31
-2287.23 -5126.7 6703.64 9276.03
-13444.3 5943.66 65171.6 66880.6
-19.6773 -3075.78 4703.48 5620.91 1 1
-2267.55 -2050.92 2000.16 3655.12 -1 1
-6482.22 4211.99 29637.3 30629.1 1 2
-6962.09 1731.66 35534.4 36251.5 -1 2
event 32
8538.05 5149.48 2418.88 10717.2
9011.68 684.61 560.543 9569.98
3189.17 1736.75 326.77 3647.61 1 2
1885.41 2199.74 1800.94 3412.94 -1 1
6652.64 2949.74 617.948 7304.22 1 1
5822.51 -1052.14 233.773 5922.37 -1 2
event 33
7410.74 2332.2 383.591 8372.32
8927.72 6194.75 1020.69 11345.1
4840.75 2213.57 1550.89 5545.2 1 1
2569.98 118.628 -1167.3 2827.13 -1 1
5484.95 1970.98 861.797 5892.65 1 2
3442.77 4223.77 158.891 5452.46 -1 2
event 34
-98.2001 -17916.3 -21128.6 27946.5
-6262.11 18180.8 -88023.2 90152.2
-1779.99 -12160.6 -14469.8 18985.2 -1 1
1681.79 -5755.66 -6658.74 8961.36 1 1
-3744.78 13614.3 -59173.1 60834.5 -1 2
-2517.33 4566.43 -28850.1 29317.7 1 2
event 35
-5557.31 18715 -95423.1 97448.9
-116.167 -11555.1 -11616.6 16675.5
-1439.32 -7007.38 -6083.07 9390.95 1 2
-2942.15 6702.75 -29965.1 30846.4 1 1
1323.15 -4547.75 -5533.55 7284.51 -1 2
-2615.16 12012.2 -65458 66602.5 -1 1
event 36
-13065.4 -4475 7653.01 16090.1
-2201.65 8132.95 5882.36 10732.5
-1880.64 6053.5 5848.56 8625.45 -1 2
-2981.76 -1441.39 3356.94 4716.86 -1 1
-10083.6 -3033.61 4296.07 11373.2 1 1
-321.012 2079.45 33.8017 2107 1 2
event 37
-12164.8 -4925.63 6982.48 15185.2
-3300.75 11076 7865.47 14318.9
-2346.37 2981.67 2134.07 4354.45 -1 2
-2313.72 -950.322 57.8413 2504.18 1 1
-9851.04 -3975.31 6924.64 12681 -1 1
-954.373 8094.35 5731.4 9964.41 1 2
event 38
2461.16 -9252.38 3495.8 10652.5
-5371.3 -7342.79 33351.4 34708.5
2866.07 -4894.27 2227.19 6094.24 -1 1
-404.903 -4358.1 1268.61 4558.24 1 1
-2888.72 -6191.06 22339.2 23360.7 -1 2
-2482.58 -1151.73 11012.3 11347.7 1 2
event 39
6930.99 -1643.89 -3636.96 8576.72
-19545.9 5842 -20158.5 28846.7
-4056.01 144.543 -4962.24 6411.48 1 2
2825.81 -722.568 -3222.48 4347.74 -1 1
-15489.9 5697.46 -15196.3 22435.2 -1 2
4105.18 -921.317 -414.479 4228.98 1 1
event 40
-22283.9 8269.7 -23310.5 33435.4
11174.8 -3170.39 -4548.66 12853.3
8171.88 -864.641 -3418.56 8900.84 -1 2
-5372.18 2070.77 -3898.68 6954.08 -1 1
-16911.7 6198.93 -19411.8 26481.3 1 1
3002.88 -2305.75 -1130.1 3952.48 1 2
event 41
9677.31 -2009.91 -4015.97 11109
-21009.4 4727.27 -21258.7 30418.2
-16897.6 4631.57 -15882.5 23648.4 1 2
4114.15 -4.18505 -305.392 4126.83 -1 1
-4111.84 95.6974 -5376.23 6769.89 -1 2
5563.16 -2005.73 -3710.58 6982.21 1 1
event 42
-9555.06 -3406.76 -357.848 10612.4
5366.4 -4196.02 -1635.54 7659.67
4361.21 -2002.32 -106.917 4801.25 -1 2
-3195.82 -2735.21 -267.9 4216.35 -1 1
-6359.24 -671.554 -89.9481 6396.1 1 1
1005.19 -2193.7 -1528.62 2858.42 1 2
event 43
-2380.61 -9798.79 -31767.1 33472.7
1977.39 15313.3 4632.27 16415.1
2204.43 5504.9 1956.62 6245.24 -1 2
269.129 -4264.42 -15767.1 16336.1 -1 1
-227.035 9808.4 2675.66 10169.9 1 2
-2649.74 -5534.37 -16000.1 17136.6 1 1
