event 0
-7142.47 -758.154 6259.99 10018.4
2419.31 7034.57 -3672.5 8855.3
-4406.69 694.504 4918.76 6641.29 -1 1
-2735.77 -1452.66 1341.22 3377.09 1 1
2949.04 4146.93 -1954.32 5452.01 -1 2
-529.731 2887.64 -1718.17 3403.29 1 2
event 1
3753.23 9552.68 -5264.02 12109.4
-13017.2 258.768 11215.9 17461.5
426.206 5961.92 -3346.57 6851.04 -1 1
3327.02 3590.76 -1917.45 5258.36 1 1
-9387.04 1120.91 6624.22 11544 -1 2
-3630.18 -862.137 4591.69 5917.45 1 2
event 2
4369.12 -1471.91 -5316.04 7688
-7132.82 -16220.8 -86290.3 88145.3
3174.18 393.861 -3946.97 5081.37 1 1
1194.94 -1865.77 -1369.07 2606.63 -1 1
-5295.8 -8400.55 -49930.8 50908.8 1 2
-1837.03 -7820.23 -36359.5 37236.5 -1 2
event 3
-4402.63 -4080.05 7604.4 10170.9
5399.45 6211.29 18544.9 20524.1
2205.65 3419.83 12442.8 13091.8 1 2
-232.038 -1994.17 3041.71 3646.06 -1 1
-4170.6 -2085.87 4562.69 6524.88 1 1
3193.81 2791.46 6102.11 7432.33 -1 2
event 4
-722.616 -10148.3 7241.01 12866
1031.08 10996.7 -13775.1 18036.9
-262.815 5546.63 -9441.76 10954.1 -1 2
1145.07 -2445.5 2028.36 3378.91 -1 1
-1867.68 -7702.83 5212.65 9487.08 1 1
1293.89 5450.06 -4333.3 7082.79 1 2
event 5
-3218 4408.64 -26976.4 27696.7
21202.2 -518.137 -9254.11 23345.9
-3457.92 2356.74 -16961.3 17470.2 -1 1
239.922 2051.9 -10015.2 10226.6 1 1
13056 -1057.33 -4257.87 13773.8 1 2
8146.21 539.195 -4996.23 9572.09 -1 2
event 6
-8796.44 -7981.65 2037.64 12442.9
3412.23 -5994.06 3751.83 8440.3
-5802.13 -6385.86 310.878 8634.34 1 1
-2994.3 -1595.78 1726.76 3808.57 -1 1
1984.97 -2167.45 3152.13 4311.03 -1 2
1427.26 -3826.61 599.702 4129.26 1 2
event 7
10764.9 8239.97 -1531.68 13989.9
-600.689 -7639.53 -18609.5 20362.4
136.328 -4798.37 -7785.83 9147.31 1 2
3986.8 3550.38 -2076.11 5728.98 1 1
-737.017 -2841.16 -10823.7 11215.1 -1 2
6778.09 4689.59 544.422 8260.89 -1 1
event 8
-2665.64 6769.6 7868.37 11155
-695.427 -7687.35 14305.5 16547.4
-1276.02 -5248.83 7128.74 8944.75 1 2
-1318.82 2840.09 5610.26 6425.85 1 1
580.593 -2438.51 7176.71 7602.62 -1 2
-1346.82 3929.52 2258.11 4729.19 -1 1
event 9
-1527.14 11306.6 12407.6 17138
-1035.92 -14277.6 21202 25768.9
268.443 7954.22 9168.6 12141.5 1 1
-1795.59 3352.35 3239.04 4996.49 -1 1
-20.5112 -11876.1 15763.5 19736.9 -1 2
-1015.4 -2401.47 5438.44 6032.08 1 2
event 10
11085.3 -19073.7 86937.4 89746.3
-7203.22 6991.17 7297.41 12790.8
5153.11 -10595.4 41118.5 42773.4 1 1
5932.19 -8478.34 45818.9 46972.9 -1 1
-4648.73 3867.17 6076.92 8573.56 -1 2
-2554.49 3124 1220.48 4217.29 1 2
event 11
11388.1 -18355.8 83151.1 85966.9
-13649.5 13002.7 12381.3 22765.5
-2792.14 4234.39 2432.65 5626.28 1 2
1018.29 -3868.42 15916.8 16412.1 -1 1
10369.8 -14487.3 67234.3 69554.9 1 1
-10857.4 8768.33 9948.64 17139.2 -1 2
event 12
6081.77 -4238.2 -5149.18 9542.28
-8157.56 2164.14 -6659.57 11187.9
-2908.29 1959.76 -1473.82 3805.54 1 2
1972.66 -1394.21 -74.1481 2419.06 -1 1
-5249.27 204.379 -5185.76 7382.4 -1 2
4109.11 -2843.99 -5075.03 7123.21 1 1
event 13
-10100.7 1175.49 -6360.87 12387.8
7136.79 -7978.18 -7274.57 13307.8
2061.93 -2254.9 -3876.57 4937.11 1 2
-2175.07 1562.88 -1884.3 3276.48 -1 1
-7925.61 -387.397 -4476.57 9111.32 1 1
5074.86 -5723.29 -3398 8370.65 -1 2
event 14
-866.084 -8597.91 2766.56 9587.43
56.3462 10341.2 -4648.27 11753.3
1412.03 3975.07 -2466.46 4887.7 1 2
509.795 -3767.53 2510.69 4557.29 1 1
-1355.68 6366.11 -2181.81 6865.62 -1 2
-1375.88 -4830.38 255.865 5030.14 -1 1
event 15
2765.8 4768.17 3349.9 7155.27
6940.7 -4625.58 15941.1 18255.9
699.861 3047.57 386.296 3152.44 1 1
2065.94 1720.6 2963.6 4002.83 -1 1
4066.48 -1619.97 10723.1 11582.6 -1 2
2874.22 -3005.6 5218.03 6673.36 1 2
event 16
-10862.6 -2460.71 -30060.2 32268.5
2332.7 6651.13 -9998.52 12619
2359.38 2167.97 -4458.71 5491.63 -1 2
-2676.89 431.525 -10903.8 11236.4 1 1
-8185.74 -2892.24 -19156.4 21032.1 -1 1
-26.6751 4483.16 -5539.8 7127.41 1 2
event 17
-3323.55 -6534.18 8459.68 11614.8
9899.62 -491.957 3787.15 11053.4
3340.53 -1416.22 520.215 3666.96 1 2
-2338.89 -1819.74 2086.64 3625.89 -1 1
6559.09 924.267 3266.94 7386.47 -1 2
-984.664 -4714.45 6373.03 7988.88 1 1
event 18
-5622.5 -7346.5 9357.92 13518.3
7279.23 1280.26 1904.05 8236.65
4537.87 -240.743 2266.03 5079.01 -1 2
-2732.97 -3041.77 6259.32 7477.42 1 1
-2889.53 -4304.72 3098.6 6040.9 -1 1
2741.36 1521 -361.984 3157.64 1 2
event 19
-7598.29 17721.8 13353.7 23658.2
5942.15 -7541.88 11954.1 15642.2
3331.64 -4085.09 8887.81 10334 1 2
-1820.86 7743.58 6228.81 10103.8 -1 1
2610.51 -3456.78 3066.24 5308.21 -1 2
-5777.43 9978.24 7124.89 13554.3 1 1
event 20
-5701.02 11814.4 9018.98 16217.7
4075.38 -7130.08 8414.67 12159.1
-3749.38 6718.64 6988.22 10394.4 1 1
-1951.65 5095.76 2030.76 5823.3 -1 1
1458.49 -4635.43 6341.95 7990.36 -1 2
2616.89 -2494.65 2072.71 4168.78 1 2
event 21
3590.27 -5963.77 10779.3 13199.9
-7990.12 19398.9 16081.2 26614.9
2415.15 -3608.59 3915.08 5847.56 1 1
1175.11 -2355.17 6864.24 7352.32 -1 1
-6543.62 15150.9 14106 21710.9 1 2
-1446.5 4247.94 1975.13 4904.04 -1 2
event 22
9136.46 -5757.24 -18881.8 22062
3908.35 9119.68 -777.946 10423.1
2663.28 2675.61 222.373 3783.2 -1 2
769.537 -1903.66 -2239.97 3040.51 -1 1
8366.93 -3853.57 -16641.8 19021.5 1 1
1245.07 6444.07 -1000.32 6639.88 1 2
event 23
11788.7 2076.94 -15059.9 19485.4
-6796.98 109.101 -917.038 7526.17
6780.71 288.962 -10372.2 12395.7 1 1
5008.01 1787.98 -4687.74 7089.65 -1 1
-4773.91 -303.349 784.515 4848.59 -1 2
-2023.07 412.45 -1701.55 2677.57 1 2
event 24
-31275.8 776.049 -56296.3 64479.8
13054 -24081.2 -32079.4 42296.5
8335.8 -18131.7 -23872.2 31114.9 1 2
-12378.7 759.948 -25315.9 28190.8 -1 1
4718.18 -5949.54 -8207.26 11181.6 -1 2
-18897.1 16.1012 -30980.4 36289.1 1 1
event 25
12966.2 12062.4 32704.6 37320.3
-13605.3 -15848.2 42380.3 47349.3
5831.45 6776.22 18869.7 20880.6 1 1
7134.78 5286.15 13834.9 16439.7 -1 1
-7715.86 -8270.01 26181.9 28520.7 -1 2
-5889.45 -7578.21 16198.4 18828.6 1 2
event 26
10623.3 10327.9 27839.5 31688.3
-14371.5 -15560.8 44029.5 48957.7
-5027.34 -3967.2 15623.7 16885.6 -1 2
4042.81 2007.68 7723.48 8946.42 -1 1
-9344.12 -11593.5 28405.8 32072.1 1 2
6580.44 8320.23 20116 22741.9 1 1
event 27
10831.4 10014.2 31009.9 34479.2
-9631.47 -11877.4 27469.6 31591.2
-5641.99 -4961.05 11508.1 13743.8 1 2
3450.02 1910.48 6109.23 7272.3 1 1
7381.41 8103.76 24900.7 27206.9 -1 1
-3989.48 -6916.31 15961.5 17847.4 -1 2
event 28
11671.7 9660.24 28814.1 32701.5
-12344.3 -11272.4 33297.9 37387.1
-3582.8 -4131.27 13879.1 14917.9 1 2
2479.07 888.262 3544.25 4416.75 1 1
9192.6 8771.98 25269.9 28284.8 -1 1
-8761.49 -7141.18 19418.8 22469.1 -1 2
event 29
1373.5 -7200.09 3492.71 8690.07
-5735.88 6607.04 24494.7 26194.1
-1824.84 3969.27 14450.9 15097.2 1 2
-944.485 -3132.23 1372.45 3549.32 1 1
-3911.04 2637.77 10043.8 11097 -1 2
2317.99 -4067.86 2120.27 5140.75 -1 1
event 30
-6023.56 -7611.99 -1670.84 10325.1
5276.62 6258.54 22215.2 23877.2
2708.72 5006.12 12218.5 13479.6 1 2
-4040.59 -2727.76 -344.826 4888.46 -1 1
2567.89 1252.42 9996.74 10397.5 -1 2
-1982.98 -4884.23 -1326.01 5436.67 1 1
event 31
6254.91 -4791.94 24619.9 26034.9
-11544.6 -4444.99 16396.3 20771.7
4331.25 -1713.19 11155.6 12089.4 1 1
1923.65 -3078.75 13464.3 13945.5 -1 1
-6991.15 -2957.48 7525.22 10689.4 -1 2
-4553.43 -1487.5 8871.07 10082.3 1 2
event 32
5667.3 -5126.51 -26229.1 27494.7
-5462.62 4101.65 -5869.46 9524.04
2944.88 -3238.37 -19598.7 20081.8 1 1
2722.43 -1888.14 -6630.42 7412.84 -1 1
-2823.96 3935.29 -4024.32 6298.22 -1 2
-2638.66 166.362 -1845.14 3225.82 1 2
event 33
2795.43 14298.7 56502.5 58432.8
6336.18 -2464.21 14556.6 16361.7
2859.62 -2616.44 6250.61 7355.58 1 2
2338.69 6809.24 32337.6 33129.6 1 1
3476.55 152.229 8305.94 9006.08 -1 2
456.735 7489.41 24164.9 25303.2 -1 1
event 34
5851.13 -3369.98 16033.4 17670.6
4221.62 12282.1 56932.2 58476.8
2491.11 4134.24 25891 26337.3 1 2
2146.78 -58.7323 7432.16 7736.94 -1 1
1730.51 8147.84 31041.1 32139.5 -1 2
3704.35 -3311.25 8601.2 9933.7 1 1
event 35
-7788.15 -9926.26 -9343.37 16002.4
10223.3 2268.84 -9275.8 14328.1
5085.27 2202.69 -6291.9 8385.17 1 2
-3168.04 -5433.36 -6196.75 8829.99 1 1
5138.05 66.1524 -2983.89 5942.95 -1 2
-4620.12 -4492.9 -3146.62 7172.45 -1 1
event 36
11460.1 946.23 -11880.9 16821.9
-6586.94 -6202.49 -6553.2 11592.9
-5632.37 -3758.06 -3707.04 7720.1 -1 2
4749.4 -727.625 -3447.46 5914.59 1 1
6710.73 1673.86 -8433.48 10907.4 -1 1
-954.573 -2444.44 -2846.16 3872.76 1 2
event 37
14026.8 16140.9 39190.4 44752.2
-2391.84 -8230.37 1932.34 9315.81
-355.188 -5736.04 439.291 5764.76 1 2
7104.25 5850.13 16871.3 19218.3 1 1
-2036.65 -2494.32 1493.05 3551.05 -1 2
6922.53 10290.7 22319.1 25533.8 -1 1
event 38
-6245.45 -13366.3 1216.22 15124
7274.51 8128.48 21393.9 24213.2
-2568.97 -7404.9 1959.85 8079.87 1 1
-3676.48 -5961.44 -743.637 7044.11 -1 1
1405.9 3778.31 7731.24 8719.83 -1 2
5868.61 4350.17 13662.7 15493.3 1 2
event 39
3099.59 11171.3 2165.27 12193.6
-13246.3 -19031.8 -27318.9 35966.5
-5204.05 -5225.55 -7668.44 10639.8 -1 2
659.271 3137.35 2028.97 3795.46 -1 1
-8042.25 -13806.2 -19650.5 25326.7 1 2
2440.32 8033.95 136.302 8398.17 1 1
event 40
7194.7 18135.9 1898.19 19846.1
-9608.4 -14658.6 -22840.7 28956.6
-3970.1 -5210.88 -10916.4 12731.6 -1 2
1939.41 4205.56 1762.73 4956.45 -1 1
5255.29 13930.3 135.452 14889.7 1 1
-5638.3 -9447.68 -11924.3 16225 1 2
event 41
6263.45 5612.25 29594.2 30921.4
-20840.5 -30709.7 118662 124369
-2813.32 -5453.59 16818.8 17903.6 1 2
635.762 2224.04 9610.61 9885.62 -1 1
-18027.1 -25256.1 101843 106466 -1 2
5627.69 3388.22 19983.6 21035.8 1 1
event 42
-13036.5 -19496 76051.9 79646.3
5903.14 8954.97 32274.7 34150.9
3877.89 4106.07 20346.7 21116.3 1 2
-3681.1 -4452.52 22998.2 23712.9 1 1
2025.25 4848.9 11928 13034.6 -1 2
-9355.44 -15043.4 53053.8 55933.4 -1 1
event 43
-13050.5 -3125.43 54312.3 56031.3
6379.17 3904.53 -12472.4 14869.1
2088.52 2636 -7240.56 7984.19 -1 2
-3321.7 30.6163 18076.3 18379.3 1 1
-9728.85 -3156.04 36236.1 37652 -1 1
4290.65 1268.53 -5231.83 6884.91 1 2
event 44
9082.03 -10299.3 20381.7 24770.2
-7687.11 2580.99 31798.4 32961.8
6731 -7948.4 12884.6 16568.3 1 1
2351.02 -2350.87 7497.15 8201.97 -1 1
-2936.44 574.374 17657 17909.1 -1 2
-4750.67 2006.61 14141.3 15052.7 1 2
event 45
-6499.66 2641.03 36301.7 37102.9
7931.28 -8156.9 15732.7 19660.9
1758.81 -3936.1 5825.01 7247.63 1 2
-1427.71 1893.77 8180.8 8518.3 -1 1
6172.47 -4220.8 9907.71 12413.2 -1 2
-5071.95 747.254 28120.9 28584.6 1 1
event 46
4768.1 11177.6 -3975.26 13155.5
-10693.7 2662.28 33331.2 35242.1
-4017.78 -242.25 9356.59 10186.2 -1 2
2294.6 2126.71 -626.504 3192.45 1 1
2473.5 9050.88 -3348.76 9963.03 -1 1
-6675.92 2904.53 23974.7 25055.9 1 2
event 47
-6474.69 842.772 20260.4 21603.3
4305.99 12190.8 -2973.25 13623.1
987.379 3751.28 -2340.91 4531.89 -1 2
-2528.92 1597.43 5044.22 5865.37 -1 1
3318.61 8439.54 -632.342 9091.21 1 2
-3945.76 -754.66 15216.2 15737.9 1 1
event 48
-2597.51 -6801.71 7303.06 10767.3
-11609.8 -15640.6 103568 105429
-1296.02 -3789.91 6043.86 7251.37 1 1
-1301.49 -3011.8 1259.2 3515.9 -1 1
-7338.32 -11583.5 77489.2 78693.2 -1 2
-4271.46 -4057.08 26078.8 26736.2 1 2
event 49
-2794.26 4767.5 -19093.2 20116.7
-12163.9 3788.99 -34050 36487.2
-2859.39 2653.59 -15108 15603.8 -1 1
65.1206 2113.9 -3985.23 4512.88 1 1
-6059.19 3501.61 -18190.2 19490.2 -1 2
-6104.73 287.373 -15859.9 16997 1 2
event 50
3688.5 5577.89 11046.5 13279
-7409.45 5270.68 -9629.51 13601.4
1005.85 4169.94 7198.81 8380.58 1 1
2682.65 1407.95 3847.69 4898.45 -1 1
-5320.35 3178.56 -4428.56 7617.92 -1 2
-2089.1 2092.12 -5200.95 5983.5 1 2
event 51
6067.74 -6460.81 -3953.78 10187.4
-6660.1 5217.16 -26102.4 27613.5
2603.21 -3641.66 -432.123 4498.48 1 1
3464.52 -2819.14 -3521.65 5688.91 -1 1
-4555.14 3709.07 -21915.5 22689.4 -1 2
-2104.96 1508.09 -4186.89 4924.07 1 2
event 52
-16524.9 -925.294 265.789 16840.2
3730.67 5909.3 -7567.34 10756.1
-12241.3 535.621 811.264 12280.3 1 1
-4283.66 -1460.92 -545.475 4559.91 -1 1
814.861 3963.15 -3230.81 5178.79 -1 2
2915.81 1946.14 -4336.53 5577.28 1 2
event 53
-16546.2 -347.785 1944.33 16949
3959.05 6380.7 -10407.3 13201.9
-9171.83 -455.795 -448.407 9194.7 1 1
-7374.41 108.01 2392.74 7754.35 -1 1
2028.98 5733.4 -7903 9972.82 -1 2
1930.07 647.3 -2504.28 3229.05 1 2
event 54
3260.01 -6060.66 -1817.92 7762.42
10512.8 436.156 745.869 10993.5
445.649 -3897.98 -1483.43 4195.78 1 1
2814.36 -2162.68 -334.483 3566.63 -1 1
6161.86 1399.54 -571.053 6345.43 -1 2
4350.92 -963.385 1316.92 4648.02 1 2
event 55
-128.271 -12152.8 -26946 29788.8
-1732.69 5847.66 -17208.7 18518.3
-57.2099 3367.45 -12430.2 12878.8 1 2
-1214.74 -5858.1 -9694.31 11392.3 1 1
-1675.48 2480.22 -4778.58 5639.57 -1 2
1086.46 -6294.67 -17251.7 18396.6 -1 1
event 56
-8407.3 3576.63 -19785.3 22011.9
2696.57 -4440.81 1372.31 6202.11
-3763.02 3143.57 -11523 12523.3 1 1
-4644.28 433.066 -8262.29 9488.59 -1 1
2516.68 -1659.37 -158.293 3020.5 -1 2
179.891 -2781.43 1530.61 3181.61 1 2
event 57
-31308.1 -489.952 -1414.9 31496.5
9966 6661.55 -26871.6 29586.6
5950.76 3425.9 -18725.4 19944.9 1 2
-6801.39 -1368.64 -117.453 6939.53 -1 1
4015.24 3235.65 -8146.17 9641.72 -1 2
-24506.7 878.692 -1297.45 24557 1 1
event 58
10495.1 7048.71 -28783.2 31589.5
-20722.3 -567.554 -1400.91 21006.9
-3006.74 -978.33 426.501 3192.28 -1 2
1377.52 2278.41 -4761.08 5455.99 -1 1
-17715.6 410.776 -1827.41 17814.6 1 2
9117.62 4770.3 -24022.1 26133.5 1 1
event 59
-480.488 -25433.2 20899.1 33067.2
-1461.45 40175.7 143822 149368
-1668.34 12758.3 48911 50575.3 -1 2
-115.317 -6715.23 7349.82 9956.84 -1 1
206.89 27417.4 94911.4 98792.4 1 2
-365.171 -18718 13549.3 23110.4 1 1
event 60
-430.159 -16635.1 -7217.93 18401.2
-6967.37 -17051.9 -9417.27 20918.6
-1592.65 -4808.2 -4141.49 6543.57 -1 2
-1392.45 -4151.53 -2316.2 4954.8 -1 1
-5374.72 -12243.7 -5275.78 14375.1 1 2
962.287 -12483.6 -4901.74 13446.4 1 1
event 61
-4216.29 -5863.65 9845.26 12596.8
-7625.6 10678.2 33718.4 36313.9
-4185.26 3336.84 12448.8 13551.2 1 2
-2313.18 -827.021 2743.07 3683.8 1 1
-3440.34 7341.4 21269.6 22762.7 -1 2
-1903.11 -5036.63 7102.19 8913.01 -1 1
event 62
-6620.83 -339.22 14373.4 16128.7
-13517.7 3888.26 31179.8 34345.6
-3468.4 392.967 10578.9 11140.4 1 1
-3152.44 -732.186 3794.51 4988.33 -1 1
-10029.9 1908.45 19769.8 22250.7 -1 2
-3487.81 1979.81 11410.1 12094.9 1 2
event 63
5044.52 5264.74 -8806.66 11845.4
468.867 6484.53 -8873.51 11601.5
-251.524 4084.78 -7925.72 8920.59 -1 2
3359.51 1287.89 -3870.13 5285.27 1 1
1685.01 3976.84 -4936.53 6560.11 -1 1
720.392 2399.75 -947.795 2680.9 1 2
event 64
8423.11 -5695.21 3681.5 11248.5
-2354.96 3673.75 3211.4 6240.76
-2672.04 1407.72 1453.48 3353.4 1 2
4684.79 -1673 2726.96 5673.94 -1 1
317.085 2266.03 1757.91 2887.36 -1 2
3738.32 -4022.22 954.547 5574.55 1 1
