event 0
2053.68 -6819.89 -12459.7 14682.1
-3347.35 7686.34 -27030.7 28469.9
137.222 3350.04 -11077.9 11574.6 -1 2
1383 -2721.34 -8115.15 8670.94 1 1
-3484.57 4336.3 -15952.9 16895.3 1 2
670.678 -4098.55 -4344.56 6011.18 -1 1
event 1
13651.7 -7919.98 -27040.8 31462.6
11884.5 -5080.26 -19053.5 23230.9
6283.59 -1064.83 -8455.75 10589.1 -1 2
5396.7 -3369.16 -8053 10263.4 1 1
8255.03 -4550.82 -18987.8 21199.1 -1 1
5600.91 -4015.43 -10597.7 12641.9 1 2
event 2
6861.96 -245.648 20840.7 22160.1
-980.207 -6880.33 30605.2 31536.8
3802.78 -1535.16 13349.4 13965.5 1 1
3059.19 1289.51 7491.26 8194.61 -1 1
526.368 -5015.35 23566 24099.7 -1 2
-1506.57 -1864.98 7039.25 7437.08 1 2
event 3
3695.45 -4689.27 844.998 6778.62
-7364.33 3699.5 -1306 8900.34
-3390.58 1436.03 -2125.82 4253.06 1 2
1986.16 -383.255 697.21 2142.19 1 1
1709.29 -4306.02 147.787 4636.43 -1 1
-3973.75 2263.46 819.815 4647.28 -1 2
event 4
6999.16 -4395.89 2491.49 9171.15
-812.818 6582.16 7126.33 10215.7
2761.66 -3391.17 1920.3 4777.61 1 1
4237.49 -1004.73 571.186 4393.54 -1 1
528.735 4749.9 6020.82 7687.82 -1 2
-1341.55 1832.26 1105.5 2527.89 1 2
event 5
10827.9 -1147.6 1641.93 11438.8
-39627.7 -2768.51 11871.6 41575.8
-4681.69 -657.099 451.061 4750.22 1 2
2858.13 -1692.65 288.68 3335.93 -1 1
-34946 -2111.41 11420.5 36825.5 -1 2
7969.78 545.047 1353.25 8102.89 1 1
event 6
12825.2 -1283.03 419.862 13262.7
-31849.8 -2527.38 9464.23 33465.8
9241.48 -701.898 -1083.43 9331.8 1 1
3583.71 -581.128 1503.29 3930.87 -1 1
-21819.7 -327.099 6785.78 22853.1 1 2
-10030.1 -2200.28 2678.44 10612.7 -1 2
event 7
9220.47 -1687.33 -267.91 9875.49
-40709.9 -4624.55 12645.8 42990.6
5826.3 -2502.35 -585.737 6368.81 -1 1
3394.17 815.016 317.827 3506.69 1 1
-22884.6 -2123.53 8613.65 24544.2 -1 2
-17825.3 -2501.02 4032.17 18446.3 1 2
event 8
1106.35 -8814.67 -25703.1 27370.8
-945.021 5897.39 -26233.8 27082.8
902.617 -5381 -11116.2 12383.5 1 1
203.733 -3433.67 -14586.9 14987.3 -1 1
-1590.55 1478.76 -10742 10959.8 -1 2
645.53 4418.63 -15491.8 16122.9 1 2
event 9
-3405.58 -6924.36 28701.8 29881.9
-5745.93 10892.3 30662.1 33187.6
-3881.4 8915.04 20859.4 23014.5 1 2
-2151.52 -2545.22 17009.4 17333.1 -1 1
-1864.53 1977.23 9802.75 10173.1 -1 2
-1254.06 -4379.14 11692.4 12548.8 1 1
event 10
1483.45 5952.25 -2435.36 7290.55
-4521.33 -8960.31 -4737.06 11694.2
-203.26 -3023.06 -2736.99 4084.42 -1 2
-591.585 2268.95 118.757 2350.18 -1 1
-4318.07 -5937.25 -2000.08 7609.74 1 2
2075.04 3683.3 -2554.12 4940.36 1 1
event 11
-1927.07 -4928.55 12138 13598.8
7205.58 8590.51 8914.13 14655
263.926 -3453.03 6293.89 7184.52 -1 1
-2191 -1475.52 5844.14 6414.26 1 1
5813.57 4670.27 6049.37 9602.87 -1 2
1392.01 3920.25 2864.76 5052.13 1 2
event 12
2832.71 -4677.2 4685.73 7838.78
11446.4 -7237.68 8792.39 16440.8
3038.61 -2177.46 2399.62 4443.41 1 1
-205.904 -2499.74 2286.11 3395.37 -1 1
5648.49 -3915.72 6250.45 9290.73 -1 2
5797.9 -3321.96 2541.94 7150.08 1 2
event 13
-7843.21 13340.3 -42130.2 44989.2
5028.69 4885.8 -9100.22 11898.1
-5927.41 7384.61 -27175.6 28778.3 -1 1
-1915.8 5955.7 -14954.7 16210.9 1 1
4131.08 1962.64 -4927.77 6723.97 -1 2
897.613 2923.17 -4172.46 5174.09 1 2
event 14
-10702.5 2528 33694.1 35578.3
5278.89 1969.43 2733.73 6986.29
2403.83 2393.96 779.625 3482.59 1 2
-4003.22 35.1798 8617.07 9502.21 1 1
2875.06 -424.538 1954.11 3503.7 -1 2
-6699.24 2492.82 25077.1 26076.1 -1 1
event 15
-1804.84 15305.6 -27469.7 31649.6
494.53 -7770.26 9046.37 12330.9
-1551.44 9491.64 -14102.6 17070.3 1 1
-253.397 5813.97 -13367.1 14579.3 -1 1
-795.004 -5710.28 5116.45 7709 -1 2
1289.53 -2059.98 3929.91 4621.88 1 2
event 16
-2882.84 5314.37 1100.37 6881.49
14633.8 -5963.96 -5842.87 17130.3
-2917.25 3149.95 1721.75 4626.9 -1 1
34.4161 2164.42 -621.388 2254.59 1 1
10981 -3300.58 -5091.55 12546.4 1 2
3652.84 -2663.38 -751.314 4583.93 -1 2
event 17
2500.86 7105.83 -35854.6 36768
6581.41 -6875.41 -22954 25041.2
2234.69 -2041.91 -11273.3 11673.1 1 2
-436.802 2045.68 -6280.71 6620.73 -1 1
4346.72 -4833.5 -11680.7 13368.1 -1 2
2937.66 5060.16 -29573.9 30147.3 1 1
event 18
-871.967 -7936.08 -14528.9 16864.8
17085.2 936.343 -49092.9 52081.6
-970.23 -4275.41 -4971.29 6629.13 -1 1
98.2628 -3660.66 -9557.57 10235.6 1 1
9279.67 2003.42 -25714.5 27411.2 1 2
7805.53 -1067.08 -23378.4 24670.4 -1 2
event 19
-4002.18 8089.1 19670.4 21862.4
756.032 7861.23 29968 31145.5
61.8604 3167.99 17889 18167.7 -1 2
-1984.35 1561.49 3589.32 4389.79 1 1
-2017.83 6527.6 16081.1 17472.6 -1 1
694.172 4693.24 12079 12977.7 1 2
event 20
3235.31 6927.39 34230.7 35210.7
-3637.77 6468.73 16025.6 17930.1
-3061.74 2322.75 7225.09 8184.29 1 2
466.901 2078.17 4766.79 5222.09 -1 1
2768.41 4849.22 29464 29988.6 1 1
-576.031 4145.98 8800.49 9745.81 -1 2
event 21
-6430.51 8224.3 -142.082 10890.4
-2076 -6640.38 -4780.05 8991.33
-5461.49 4785.39 -599.622 7286.88 -1 1
-969.017 3438.91 457.54 3603.56 1 1
499.271 -3453.05 -2568.6 4333.79 -1 2
-2575.27 -3187.33 -2211.45 4657.55 1 2
event 22
8918.95 1538.11 -6158.03 11376.6
-4967.99 -354.006 22363.8 23120.1
4473.63 1370.28 -1452.3 4900.14 1 1
4445.31 167.831 -4705.73 6476.43 -1 1
-3360.08 1230.84 14722.3 15151.3 -1 2
-1607.91 -1584.85 7641.53 7968.76 1 2
event 23
-5075.94 927.149 759.071 6065.74
-2634.25 9216.51 -4426.02 11002.9
-3044.65 1947.72 -140.645 3618.63 1 1
-2031.29 -1020.57 899.716 2447.11 -1 1
-827.01 4771.4 -631.892 4884.74 1 2
-1807.24 4445.11 -3794.12 6118.14 -1 2
event 24
4466.1 -9336.91 20138.2 22853
6699.09 9537.03 1034.36 12103.5
2028.31 4034.53 -953.293 4616.43 1 2
113.489 -2552 6838.04 7300.38 1 1
4352.61 -6784.91 13300.1 15552.7 -1 1
4670.78 5502.5 1987.66 7487.03 -1 2
event 25
9798.18 -7727.15 -756.365 12879.3
-7145.32 1475.48 -1044.65 7994.65
-4314.1 1088.51 894.611 4539.58 1 2
3608.03 -3430.3 -1749.79 5278.04 1 1
-2831.22 386.972 -1939.27 3455.06 -1 2
6190.15 -4296.85 993.429 7601.25 -1 1
event 26
-4098.06 5029.76 -2574.14 7636.02
11218.3 4808.23 9262.16 15631.6
8674.84 4724.68 6261.95 11696.1 1 2
-472.965 2967.18 -1281.61 3268.26 -1 1
2543.41 83.5495 3000.21 3935.52 -1 2
-3625.1 2062.58 -1292.53 4367.76 1 1
event 27
-4054.77 -14604.4 -38217.7 41230
-5883.21 8268.09 -49214 50344.6
-1871.31 4229.28 -16383.3 17023.9 -1 2
-2075.11 -2760.24 -9032.36 9670.56 1 1
-1979.66 -11844.2 -29185.4 31559.5 -1 1
-4011.9 4038.8 -32830.7 33320.8 1 2
event 28
4502.37 -6015.96 -24791 26089.2
-5065.67 7614.64 -15247.8 18048
-1743.3 3665.83 -4137.32 5797.06 -1 2
241.757 -2422.63 -5654.79 6157.55 -1 1
4260.62 -3593.33 -19136.2 19931.7 1 1
-3322.37 3948.82 -11110.5 12251 1 2
event 29
17072 18218.8 12755.8 28278.5
-14163 -3392.35 40460.8 43113.5
-10323.6 -3848.05 29533.9 31522.1 1 2
6570.32 8984.83 4278.88 11925.4 -1 1
-3839.46 455.699 10927 11591.3 -1 2
10501.7 9234.01 8476.95 16353.1 1 1
event 30
-9082.29 11017.9 -5010.42 15445.9
5279.54 -9289.72 35879.4 37564.6
2050.32 -4268.16 21088.3 21613.6 1 2
-1853.4 2085.34 -2352.46 3650.89 1 1
-7228.89 8932.55 -2657.95 11795.1 -1 1
3229.22 -5021.57 14791.1 15951 -1 2
event 31
-1654.96 8323.83 -44866.2 45766.7
2733.49 -7499.99 -5861.63 10376.5
-271.359 -3651.61 -2205.97 4276.14 -1 2
-1987.71 2818.52 -14628.4 15029.9 1 1
332.75 5505.31 -30237.8 30736.9 -1 1
3004.85 -3848.38 -3655.66 6100.34 1 2
event 32
-12455 -928.678 64937.2 66199.8
-5770.79 5520.68 17020.7 19054.5
-2820.02 4684.1 10143.6 11523.8 1 2
-5926.5 -1700.98 26825.4 27525.1 -1 1
-2950.77 836.587 6877.06 7530.74 -1 2
-6528.54 772.306 38111.8 38674.7 1 1
event 33
5764.95 7975.17 -7909.55 12999.6
-8106.54 -4833.54 3938.96 10685.7
-4230.11 -742.363 1737.17 4633.99 1 2
1524.65 3802.29 -4712.17 6244.81 -1 1
4240.3 4172.88 -3197.38 6754.81 1 1
-3876.43 -4091.17 2201.79 6051.73 -1 2
event 34
12671.6 -2459.57 13795.4 19144.8
-6177.79 9213.83 -5343.25 12696.5
-3880.65 3060.23 -2478.68 5529.87 -1 2
3238.73 -412.611 1740.6 3701.42 1 1
9432.91 -2046.95 12054.8 15443.4 -1 1
-2297.15 6153.6 -2864.56 7166.63 1 2
event 35
-6153 2620.76 97.1416 7370.76
-23601.7 -10774.2 14346.6 29808.4
-4003.5 1249.18 1504.02 4456.65 1 1
-2149.5 1371.57 -1406.88 2914.11 -1 1
-20006.8 -8163.69 11014 24253.6 -1 2
-3594.86 -2610.55 3332.58 5554.74 1 2
event 36
5335.44 -10112.8 35162.4 37104.1
-4422.49 5555.28 14294.9 16259
3480.7 -5112.94 23121 23934.3 -1 1
1854.75 -4999.87 12041.4 13169.8 1 1
-1790.11 4171.97 10474.8 11416.8 -1 2
-2632.38 1383.31 3820.03 4842.18 1 2
event 37
9568.03 -1311.64 25127.8 27097.4
-2594.8 -5036.8 -2042.74 6772.45
5292.75 798.952 12456.3 13558.1 1 1
4275.29 -2110.6 12671.5 13539.3 -1 1
-648.081 -3868.03 -2192.52 4494.43 -1 2
-1946.72 -1168.77 149.784 2278.01 1 2
event 38
-5582.83 527.263 19627.3 20646.3
-6325.16 16598.6 66847.9 69236.9
-2936.35 1688.49 12584.8 13033.1 -1 1
-2646.48 -1161.23 7042.52 7613.18 1 1
-5643.03 11676.8 51300.4 52914.4 1 2
-682.126 4921.8 15547.5 16322.6 -1 2
event 39
-6138.51 -379.176 12710.3 14455.7
9659.29 3884.4 18485.9 21440.9
-2978.65 -1709.07 5806.53 6746.86 -1 1
-3159.86 1329.89 6903.76 7708.85 1 1
5607.46 2285.1 7617.61 9731.62 1 2
4051.83 1599.3 10868.3 11709.3 -1 2
event 40
4326.86 -5814.12 667.558 7909.64
-7865.81 2594.2 486.906 9078.78
-4074.18 -576.256 56.7582 4116.48 -1 2
279.072 -2597.34 807.666 2736.34 -1 1
4047.79 -3216.78 -140.108 5173.3 1 1
-3791.64 3170.46 430.148 4962.31 1 2
event 41
4518.56 -5434.08 11764.8 14069.4
-6418.12 9681.02 -7436.43 14135.3
1383.43 -3531.24 4187.95 5650.99 1 1
3135.13 -1902.84 7576.89 8418.45 -1 1
-2256.77 6091.65 -4502.41 7904.68 -1 2
-4161.35 3589.37 -2934.02 6230.57 1 2
event 42
-1822.33 -6579.18 22500.6 23716.5
6024.34 10389.8 14722.4 19353.7
658.525 4671.7 5664.97 7373.02 1 2
-916.424 -1835.55 11781.8 11959.6 -1 1
5365.82 5718.12 9057.45 11980.7 -1 2
-905.901 -4743.62 10718.8 11757 1 1
event 43
-5216.56 11566.7 513.412 13071.2
9480.7 -3402.12 11194.5 15374.1
6444.67 -1586.69 9093.36 11258.4 -1 2
-2082.99 3465.45 1531.51 4324.91 -1 1
-3133.58 8101.22 -1018.09 8746.24 1 1
3036.04 -1815.43 2101.11 4115.72 1 2
event 44
-1559.25 6331.47 2361.05 7594.73
4881 -6814.43 37673.9 38719.2
569.705 -3290.31 12733 13164 -1 2
91.3409 2461.17 2320.72 3385.64 1 1
4311.29 -3524.12 24940.9 25555.1 1 2
-1650.59 3870.3 40.3368 4209.09 -1 1
event 45
-13200.7 -1997.67 1710.01 13811.7
26973.2 1034.83 -46247.8 53638.4
8205.43 1298.68 -16284.9 18281.8 1 2
-3171.55 -606.002 1774.1 3685.72 -1 1
18767.8 -263.854 -29962.9 35356.6 -1 2
-10029.2 -1391.67 -64.0891 10126 1 1
event 46
-7490.06 -5344.64 17142.7 19701
7407 2519.45 8390.35 11882.8
3896.34 2820.76 4033.62 6278.48 -1 2
-2510.13 -3184.98 9465.18 10297.8 -1 1
-4979.93 -2159.66 7677.49 9403.13 1 1
3510.67 -301.307 4356.73 5604.27 1 2
event 47
-10331.9 973.073 3397.16 11350.2
3662.84 4115.98 -9051.41 11039.8
-5733.93 -76.6953 374.977 5747.66 1 1
-4597.95 1049.77 3022.19 5602.49 -1 1
1036.04 3296.33 -4002.34 5288.58 -1 2
2626.8 819.647 -5049.06 5751.18 1 2
event 48
9543.23 5258.66 -31662.4 33627.8
-11876.3 1707.38 856.914 12421.2
-3714.18 -483.356 -741.735 3819.7 -1 2
1244.67 1925.31 -4908.7 5418.72 1 1
8298.56 3333.35 -26753.7 28209 -1 1
-8162.11 2190.73 1598.65 8601.52 1 2
event 49
-18697.5 5577.94 19509.5 27765.5
2003.12 8126.62 18200.1 20270.4
-13508.7 5436.27 14568.3 20598.2 -1 1
-5188.81 141.672 4941.26 7167.36 1 1
-669.295 2815.34 7306.34 7859.25 -1 2
2672.41 5311.27 10893.7 12411.1 1 2
event 50
6970.13 -496.607 -17323.9 18935.1
-10181.5 4185.68 -13336 17567.6
-2428.85 2338.98 -2992.43 4509.54 -1 2
2009.49 -1294.55 -7907.22 8261.31 -1 1
-7752.61 1846.7 -10343.6 13058.1 1 2
4960.64 797.946 -9416.7 10673.8 1 1
event 51
-12136.2 -2354.2 56392.6 57814.8
-5023.82 5771.09 24736.9 26077.7
-2505.16 2552.76 16483 16866.9 1 2
-2979.92 405.36 17944 18194.6 1 1
-9156.32 -2759.56 38448.6 39620.2 -1 1
-2518.66 3218.33 8253.93 9210.85 -1 2
event 52
-9345.6 4072.81 -40167.7 41604.8
-9312.45 7180.63 -36568.1 38537
-4653.18 2587.56 -20669.7 21344.7 -1 2
-3484.02 3422.64 -16097.7 16822.6 1 1
-4659.27 4593.07 -15898.4 17192.3 1 2
-5861.58 650.165 -24070 24782.2 -1 1
event 53
-16767.5 12737.7 -68170.6 71415.8
-8913.21 3842.93 -34909.8 36366.2
-5773 1533.63 -16507.8 17555.6 -1 2
-3727.45 3709.67 -13413.6 14408 -1 1
-13040 9028.05 -54757 57007.8 1 1
-3140.21 2309.3 -18402 18810.6 1 2
event 54
1055.58 11114.7 -15207.9 19118.7
-1750.47 14795.2 -10188.8 18313
-2428.71 10360.1 -6245.97 12339.1 1 2
-505.944 4517.61 -4198.72 6189.12 -1 1
678.24 4435.12 -3942.87 5973.92 -1 2
1561.52 6597.14 -11009.2 12929.6 1 1
