event 0
-10375 1206.46 -26602.5 28746.9
6570.09 2060.95 -4535.45 8807.67
-6004.4 1116.83 -19211 20158.8 -1 1
-4370.62 89.6286 -7391.49 8588.11 1 1
3272.25 2010.36 -996.795 3969.12 -1 2
3297.85 50.5907 -3538.65 4838.55 1 2
event 1
-2564.53 -7634.87 6294.98 10681.1
-4315.25 5301.03 -4229.22 8613.92
-1985.7 4630.31 -3255.48 5999.34 -1 2
323.584 -3131.77 1470.61 3476.57 1 1
-2888.12 -4503.1 4824.36 7204.5 -1 1
-2329.55 670.721 -973.739 2614.58 1 2
event 2
1166.82 -6653.92 -2722.69 7914.54
-604.195 9882.93 968.882 10419.5
-146.092 3674.87 1872.68 4128.45 1 2
-762.942 -2211.66 -1867.06 2995.1 -1 1
-458.102 6208.06 -903.799 6291.09 -1 2
1929.77 -4442.25 -855.63 4919.44 1 1
event 3
-8461.9 -4754.98 -1571.61 10501
-8032.13 -915.19 -18738.7 20641.8
-6134.75 -1918.1 -15173.6 16479.2 1 2
-3171.4 -2796.17 927.556 4329.88 -1 1
-1897.39 1002.91 -3565.04 4162.52 -1 2
-5290.5 -1958.81 -2499.16 6171.17 1 1
event 4
-4249.43 -3415.96 9827.82 11657.9
2740.87 -13959.8 36335.2 39143.7
-3830.49 -1212.59 6548.1 7683.21 1 1
-418.943 -2203.37 3279.72 3974.68 -1 1
170.368 -8636.04 22219 23839.1 1 2
2570.5 -5323.79 14116.2 15304.6 -1 2
event 5
-1278.78 -18137.8 77701.5 79860.7
7410.65 4215.35 33373.6 34584.3
4039.15 3981.66 19877 20670.6 1 2
-1509.63 -5479.94 20407.2 21184.3 1 1
3371.5 233.69 13496.6 13913.7 -1 2
230.845 -12657.9 57294.3 58676.4 -1 1
event 6
5998.17 -39.8641 17706.2 19054.7
11121.3 2998.97 16257.5 20163.7
2602.97 2003.01 3604.2 4877.38 -1 2
1803.26 -1532.67 8559.05 8880.84 -1 1
8518.3 995.969 12653.3 15286.3 1 2
4194.92 1492.81 9147.12 10173.8 1 1
event 7
5519.48 4470.67 13598 15650.8
-6557.72 -2763.19 -6518.08 10134.9
2311.04 3519.66 5832.55 7194.36 1 1
3208.43 951.016 7765.41 8456.43 -1 1
-4147.1 -3140.74 -3588.06 6320.44 -1 2
-2410.62 377.548 -2930.02 3814.42 1 2
event 8
24754.3 4776.57 -38458.6 46089.5
7098.45 5727.64 -32502.2 33899.5
4805.06 2948.13 -14881.8 15914.1 1 2
11398.5 3704.88 -17361.1 21096.6 1 1
2293.39 2779.52 -17620.4 17985.4 -1 2
13355.9 1071.69 -21097.6 24992.9 -1 1
event 9
16178.3 11702 -4415.86 20682.5
2437.11 -15064.1 -28175.4 32191.8
2974.51 -9445.91 -17103.8 19764.2 -1 2
7988.75 4122.11 -2735.78 9397.21 -1 1
8189.59 7579.87 -1680.07 11285.3 1 1
-537.401 -5618.24 -11071.7 12427.6 1 2
event 10
-9909.41 583.459 -8058.16 13155.3
5792.84 -3649.92 4983.42 9016.89
2491.43 -2712.72 1126.45 3853.07 1 2
-4121.55 1625.22 -2640.99 5158.92 1 1
3301.41 -937.194 3856.97 5163.82 -1 2
-5787.86 -1041.76 -5417.17 7996.34 -1 1
event 11
-2742.47 -11673.4 37799.6 39776.8
5225.19 -6576.48 9190.57 12830.1
-2966.05 -6097.19 19552.8 20695.3 1 1
223.583 -5576.22 18246.8 19081.5 -1 1
1895.07 -4296.44 6329.07 7881.56 -1 2
3330.13 -2280.04 2861.51 4948.51 1 2
event 12
9314.33 8063.95 9962.07 16143.7
-4589.67 4033.01 4784.45 8355.34
6672.01 5036.26 4938.83 9709.93 1 1
2642.32 3027.7 5023.24 6433.73 -1 1
-2270.5 347.359 2637.61 3499.14 -1 2
-2319.18 3685.65 2146.83 4856.2 1 2
event 13
-3199.46 -5284.04 -20083.2 21238.8
-15408.7 5165.91 -12779.1 20904.9
-1914.99 -2720.89 -15326.3 15683.7 -1 1
-1284.47 -2563.15 -4756.89 5555.07 1 1
-8187.2 4251.5 -6433.37 11247.4 1 2
-7221.52 914.41 -6345.72 9657.42 -1 2
event 14
-4735.07 6728.16 34372.3 35478.6
1912.64 10167.8 13881.5 17587.7
2051.23 3048.35 4901.43 6126.59 -1 2
-2534.83 1565.37 8595.29 9097.58 1 1
-138.583 7119.42 8980.06 11461.2 1 2
-2200.23 5162.79 25777 26381 -1 1
event 15
-18639 12937.3 -486.262 22904.4
16101.5 -14657.9 13620.6 25869.4
5954.58 -6245.9 3786.75 9424.38 1 2
-5766.6 2508.75 490.663 6308.68 1 1
-12872.4 10428.6 -976.925 16595.7 -1 1
10146.9 -8412.03 9833.89 16445 -1 2
event 16
1374.66 -7558.7 -14256.1 16487.9
-8858.61 20911.8 81623.4 84780.6
-497.097 3702.42 11377.6 11975.6 -1 2
-206.645 -2790.11 -2713.59 3898.99 1 1
-8361.52 17209.4 70245.8 72804.9 1 2
1581.3 -4768.59 -11542.5 12588.9 -1 1
event 17
-5275.36 14173.3 56061.8 58148.3
-135.073 -8668.25 -18516.6 20678.8
-331.648 -4046.47 -12132.2 12793.9 1 2
-77.8401 3083.36 8807.58 9332.62 1 1
-5197.52 11089.9 47254.2 48815.7 -1 1
196.575 -4621.78 -6384.41 7884.88 -1 2
event 18
3672.24 12882 -18191.6 22890.1
9447.67 8191.01 -5059.89 13839.9
3667.97 2219.86 -388.857 4306.29 -1 2
1087.05 3335.19 -2382.9 4242 -1 1
2585.19 9546.77 -15808.7 18648.1 1 1
5779.7 5971.15 -4671.04 9533.59 1 2
event 19
4061.9 9086.1 -19847.1 22417.7
-2617.45 -6205.14 -2073 7696.95
254.251 -3297.89 -1174.45 3511.58 -1 2
1475.67 2404.17 -3049.38 4155.42 1 1
2586.22 6681.93 -16797.7 18262.3 -1 1
-2871.7 -2907.26 -898.543 4185.37 1 2
event 20
8757.64 -7780.48 -12241 17223.9
-5200.49 5424.71 -27445 28623.3
-1150.85 3066.43 -8576.01 9180.77 1 2
2505.06 -1309.33 -1467.91 3186.79 1 1
6252.58 -6471.15 -10773.1 14037.2 -1 1
-4049.63 2358.28 -18869 19442.5 -1 2
event 21
6392.16 2151.32 -1226.3 7522.12
5753.82 1238.61 2793.37 7213.55
4170.15 -206.3 -804.574 4253.37 -1 1
2222.01 2357.62 -421.728 3268.75 1 1
3719.4 2172.89 2418.5 4941.22 -1 2
2034.42 -934.275 374.873 2272.32 1 2
event 22
13769.6 -18830.7 -7670.63 24751.3
-6038.03 16351.8 16323.3 24080.7
-6261.42 13980 14200.5 20888 -1 2
3104.92 -4222 -3119.78 6100 -1 1
10664.6 -14608.7 -4550.85 18651.3 1 1
223.384 2371.83 2122.87 3192.68 1 2
event 23
-2996.93 3493.56 -11283.4 12573.6
-4993.27 10661.1 -54809.5 56145.1
-726.967 3130.37 -7223.12 7906.48 -1 1
-2269.96 363.193 -4060.31 4667.11 1 1
-1731.81 5769.78 -21865.1 22680 -1 2
-3261.46 4891.36 -32944.4 33465 1 2
event 24
2.78847 -14726.4 -81053.9 82439
-5967.46 8564.98 -9750.83 14752.5
-3714.41 3277.78 -6417.4 8107.71 1 2
1083.88 -2049.53 -13218 13420.2 1 1
-1081.09 -12676.8 -67835.9 69018.7 -1 1
-2253.05 5287.2 -3333.43 6644.82 -1 2
event 25
416.844 6979.41 32413.2 33303
5515.92 -13977.2 10192 18418.9
1521.3 3678.53 20849.3 21226.2 1 1
-1104.45 3300.87 11563.9 12076.8 -1 1
3673.7 -7060.83 3793.62 8817.83 -1 2
1842.22 -6916.34 6398.36 9601.03 1 2
event 26
-4763.25 3644.61 -13491.8 15086.1
2061.19 6845.43 -18566.2 20134.6
-409.412 3669.73 -7528.35 8385.81 -1 2
-353.115 1974.28 -4635.91 5052.26 1 1
-4410.13 1670.34 -8855.9 10033.8 -1 1
2470.6 3175.7 -11037.8 11748.8 1 2
event 27
-16708.9 -9358.33 40598.7 45039.9
-608.35 7635.73 46921.8 47643.7
-13565.3 -5942.08 29499.1 33008.1 1 1
-3143.59 -3416.25 11099.6 12031.8 -1 1
1262.58 2698.48 17107.2 17365 -1 2
-1870.93 4937.26 29814.6 30278.7 1 2
event 28
9373.8 2053.08 10010.6 14208.6
-8411.61 -2217.2 18628.1 20791.1
6234.09 1175.01 4407.95 7725.66 -1 1
3139.71 878.072 5602.61 6482.99 1 1
-3026.25 622.891 5255.82 6097.62 -1 2
-5385.36 -2840.09 13372.3 14693.5 1 2
event 29
538.311 -6154.69 -7861.69 10467.4
-1213.87 8310.68 -22843.5 24534.8
398.154 3678.29 -6604.44 7570.88 1 2
-594.178 -2253.69 -4938.21 5461.62 -1 1
-1612.03 4632.39 -16239 16963.9 -1 2
1132.49 -3901 -2923.47 5005.82 1 1
event 30
-10884.2 -2646.69 -13847.7 18188.5
2265.84 5270.6 3122.04 7228.49
-6692.07 -949.925 -10774.3 12719.4 1 1
-4192.18 -1696.77 -3073.43 5469.05 -1 1
1402.86 3377.47 3554.25 5100.89 -1 2
862.982 1893.14 -432.205 2127.6 1 2
event 31
1359.67 12785.5 16215.5 20924.9
-1977.49 -6667.01 -26567 27636.2
-2504.05 -3059.91 -13101.1 13685.2 1 2
1450.32 4787.5 4440.13 6689.51 1 1
526.56 -3607.09 -13465.9 13951 -1 2
-90.6501 7998 11775.3 14235.4 -1 1
event 32
-13483.6 154.311 18196.1 22858.8
2401.95 6205.37 28573.6 29501.2
-8658.93 581.505 13881.1 16371 -1 1
-4824.63 -427.193 4315.08 6487.73 1 1
388.654 4713.86 20874.2 21403.6 -1 2
2013.29 1491.51 7699.42 8097.54 1 2
event 33
-16275.9 737.363 21443.7 27108.5
3532.54 4528.37 31824.4 32486.5
-8531.54 1913.82 10939.5 14004.8 -1 1
-7744.35 -1176.45 10504.2 13103.8 1 1
3575.03 2215.76 20114.4 20549.7 -1 2
-42.4962 2312.61 11710.1 11936.8 1 2
event 34
5091.6 -14900.1 9792.29 18799.4
-3302.79 3386.72 10281.7 11733.8
3792.84 -9315.67 7800.27 12728.8 1 1
1298.76 -5584.44 1992.02 6070.59 -1 1
-1007.5 3147.16 5373.58 6309.22 -1 2
-2295.29 239.567 4908.12 5424.63 1 2
event 35
-7969.1 8650.36 22600.1 25665
2252.07 -13129.7 1488.42 13757.5
1694.77 -5968.57 2092 6548.57 -1 2
-3242.48 2752.41 11255.6 12032.9 -1 1
-4726.62 5897.95 11344.4 13632.1 1 1
557.3 -7161.17 -603.587 7208.91 1 2
event 36
-5351.06 6738.09 -8290.9 12343.7
8354.1 -2054.42 -10487.6 13913.7
5767.58 99.9646 -6374.17 8597.45 1 2
-2443.49 3231.53 -1852.46 4456.03 1 1
2586.52 -2154.39 -4113.41 5316.28 -1 2
-2907.56 3506.55 -6438.44 7887.62 -1 1
event 37
19213.6 -8548.69 13417.3 25136.8
-6750.02 10270.3 -1701.21 12787.7
-5015.11 5038.29 -1527.49 7271.86 1 2
8296.23 -2736.04 4096.02 9648.94 1 1
-1734.91 5231.98 -173.726 5515.88 -1 2
10917.4 -5812.66 9321.28 15487.8 -1 1
event 38
-4447.7 6885.1 -11177.4 14202.7
8520.49 9078.86 -51338.9 52955.6
8009.23 6405.65 -39953 41248.4 1 2
-3290.27 2333.58 -4585.07 6107.83 1 1
511.265 2673.21 -11385.9 11707.1 -1 2
-1157.42 4551.51 -6592.38 8094.84 -1 1
event 39
7417.18 1098.02 30957.8 32003
-3369.53 10920.5 16917.5 20649.6
3747.83 979.442 9976.16 10702.4 1 1
3669.35 118.58 20981.6 21300.6 -1 1
-1272.06 6923.82 12420.6 14277.2 1 2
-2097.47 3996.72 4496.94 6372.34 -1 2
event 40
3495.36 40142.3 -205494 209430
5632.02 -488.026 -19177.2 20231.5
2787.81 -1604.65 -12129.5 12549.2 1 2
1829.21 19033.2 -89594.2 91611.9 -1 1
2844.21 1116.62 -7047.68 7682.27 -1 2
1666.15 21109.1 -115900 117818 1 1
event 41
9578.56 -6243.09 15901.5 19828.6
-10384 7235.53 184.519 13031
6613.54 -2672.69 10660.3 12827.1 1 1
2965.02 -3570.41 5241.18 7001.45 -1 1
-8936.52 4780.77 -292.061 10139.7 -1 2
-1447.52 2454.76 476.58 2891.27 1 2
event 42
6387.89 -5794.49 5258.06 10565
-7502.99 5387.88 -23698 25622.5
-4543.19 4606.77 -13435.8 14912.9 1 2
1983.8 -2758.63 560.799 3445.45 -1 1
-2959.8 781.105 -10262.2 10709.5 -1 2
4404.1 -3035.86 4697.27 7119.55 1 1
event 43
-10640.6 -18943.5 18294.3 28571.9
-4293.74 -5712.67 20117.9 21573
-8043.72 -15010.1 15835.6 23254.7 1 1
-2596.93 -3933.48 2458.68 5317.2 -1 1
-3350.12 -2040.92 11688.4 12329.6 -1 2
-943.617 -3671.75 8429.49 9243.35 1 2
event 44
-5468.2 -6038.41 19245.8 21127.1
6417.53 9147.82 2651.04 11894.8
2603.32 1815.91 1620.59 3565.43 -1 2
-2227.89 -1688.64 10223.8 10599.6 1 1
3814.21 7331.91 1030.45 8329.35 1 2
-3240.31 -4349.77 9021.96 10527.4 -1 1
event 45
12975.1 -5011.14 -3029.48 14568.2
-5188.94 -3531.55 2946.44 7594.04
-3011.75 -3713.63 2339.16 5323.96 1 2
4676.71 -3410.17 -1482.28 5975.72 1 1
-2177.2 182.084 607.287 2270.09 -1 2
8298.35 -1600.97 -1547.2 8592.48 -1 1
