event 0
8423.39 1573.12 -8094.49 12350.4
-2339.22 6265.47 -6484.74 9816.87
-583.753 5256.42 -4141.4 6718.12 -1 2
2970.44 1699.54 -5054.94 6105.37 1 1
5452.95 -126.424 -3039.55 6245.05 -1 1
-1755.47 1009.06 -2343.34 3098.75 1 2
event 1
-7025.5 7949.94 18294.1 21373.5
10745.9 -8617.59 9174.59 16837.5
3587.92 -1789.87 1375.65 4240.33 1 2
-1543.94 1861.49 7100.02 7501.36 -1 1
7157.99 -6827.71 7798.94 12597.2 -1 2
-5481.56 6088.45 11194.1 13872.1 1 1
event 2
-2327.54 8753.35 -5703.07 11142.5
9145.3 -2180.22 20952.2 23172.8
3171.37 368.891 9283.51 9817.76 -1 2
-328.874 3066.46 -3636.45 4769.3 -1 1
5973.93 -2549.11 11668.7 13355 1 2
-1998.66 5686.89 -2066.62 6373.18 1 1
event 3
-3873.88 5347.97 -936.057 7353.56
-11955.5 71.3567 -7366.99 14380.6
-3010.88 1351.01 -1692.51 3710.31 1 2
-2214.75 687.104 -22.1667 2321.39 -1 1
-8944.61 -1279.66 -5674.48 10670.3 -1 2
-1659.13 4660.86 -913.89 5032.17 1 1
event 4
4733.85 2368.49 -1293.4 6267.57
21949.8 11638.5 1060.06 25059.2
2330.12 2705.01 -1398.52 3835.83 -1 1
2403.73 -336.52 105.114 2431.74 1 1
11722.9 7357.7 1746.62 13950.8 1 2
10226.9 4280.85 -686.564 11108.4 -1 2
event 5
-9569.42 -4835.91 7376.68 13377.9
6163.66 4160.32 -19928.1 21494.6
-4710.69 -2931.27 5548.22 7847.09 1 1
-4858.73 -1904.65 1828.46 5530.76 -1 1
3473.68 1619.29 -13913.7 14432.3 -1 2
2689.98 2541.02 -6014.38 7062.35 1 2
event 6
-8124.75 -2916.84 7439.89 11809.4
9274.12 9880.84 -31488.5 34420.3
7157.79 8193.67 -27724.4 29783 1 2
-2615.3 -2524.97 2685.83 4521.07 -1 1
2116.32 1687.18 -3764.02 4637.29 -1 2
-5509.45 -391.867 4754.06 7288.33 1 1
event 7
11212.4 -2653.39 2210.24 12134
-10758.1 11832.1 6370.21 17490.1
-5168.53 4724.23 1300.01 7122.73 -1 2
3032.66 -538.117 2015.32 3682.29 -1 1
-5589.53 7107.88 5070.2 10367.4 1 2
8179.73 -2115.27 194.924 8451.72 1 1
event 8
9743.52 -1503.4 2657.79 10670.1
-6655.43 7447.74 5255.97 11703.8
5991.92 -1336.81 128.984 6141.49 1 1
3751.6 -166.593 2528.81 4528.61 -1 1
-5536.11 4125.39 2966.04 7515.05 -1 2
-1119.31 3322.35 2289.93 4188.77 1 2
event 9
7198.2 -12251.9 4510.92 15227
5196.19 7781.35 23395.6 25386.9
6221.09 -8098.19 2528.8 10520.9 -1 1
977.108 -4153.68 1982.12 4706.13 1 1
2530.51 2192.23 11469.4 11948.6 -1 2
2665.68 5589.12 11926.2 13438.4 1 2
event 10
-5097.68 -5451.88 9272.73 12299.7
9820.84 4981.81 2693.12 11920.8
-2884.96 -3220.46 7584.3 8730.82 1 1
-2212.71 -2231.42 1688.43 3568.93 -1 1
5304.16 3181.09 3314.31 7017.79 1 2
4516.67 1800.72 -621.198 4903.06 -1 2
event 11
-8719.06 7859.37 -8006.5 14542.6
4430.48 -1993.21 -1628.31 5987.04
3604.39 -18.2629 -1207.28 3802.72 1 2
-3687.62 4521.11 -5450.58 7984.92 1 1
826.093 -1974.94 -421.032 2184.32 -1 2
-5031.44 3338.27 -2555.92 6557.69 -1 1
event 12
-10097 8600.75 32134 34901.3
6779.49 -1941.09 32286.7 33192.6
-7540.66 4490.14 20453 22256.7 1 1
-2556.3 4110.61 11680.9 12644.6 -1 1
1872.13 -1553.82 6524.94 6964.57 -1 2
4907.36 -387.272 25761.7 26228 1 2
event 13
-14598.2 -5311.08 17287.5 23447.1
-31353.8 -369.373 19365.8 36984.1
-8453.51 -399.043 3694.62 9234.85 -1 2
-2045.65 -1017.44 1162.15 2565.46 1 1
-22900.2 29.6698 15671.2 27749.2 1 2
-12552.6 -4293.64 16125.4 20881.6 -1 1
event 14
-11226.3 -5453.16 15280.2 19971.1
-38294.9 -1159.6 20741.6 43676.6
-33001.6 -1323.75 16676.6 36999.7 1 2
-5484.98 -975.377 6336.31 8437.8 1 1
-5293.28 164.148 4065.05 6676.94 -1 2
-5741.35 -4477.78 8943.89 11533.3 -1 1
event 15
-14468.3 -3976.39 19380.9 24705.4
-35793.7 282.082 18511.1 40416.9
-9069.2 -2500.31 14463.5 17254.2 1 1
-5399.09 -1476.08 4917.44 7451.27 -1 1
-22860.3 489.725 10171.6 25026.1 1 2
-12933.4 -207.643 8339.56 15390.7 -1 2
event 16
6367.52 4717.94 2159.25 8778.26
-7221.02 -956.886 7329.02 10787.3
-2801.08 -1910.55 3160.8 4636.6 1 2
2502.15 313.138 1347.41 2861.03 1 1
3865.37 4404.8 811.838 5917.23 -1 1
-4419.94 953.668 4168.22 6150.66 -1 2
event 17
-14232.2 3363.86 -475.789 14956.3
-5868.21 3104.54 -16359.9 17925.2
-3542.56 3441.53 -11853.6 12841.9 1 2
-7170.07 1045.31 -1645.22 7431.05 -1 1
-2325.66 -336.988 -4506.32 5083.34 -1 2
-7062.17 2318.55 1169.43 7525.2 1 1
event 18
-6805.89 -3708.02 -1007.01 8406.8
1903.28 -6959.97 3030.96 8416.73
-3300.24 -2600.53 847.704 4287.67 1 1
-3505.65 -1107.49 -1854.72 4119.13 -1 1
2573.37 -4059.17 2393.56 5370.23 -1 2
-670.095 -2900.8 637.396 3046.49 1 2
event 19
-7550.72 8451.62 -5945.87 13167.7
6743.33 -1627.6 8589.1 11466.7
3738.3 -2451 4802.12 6561.54 -1 2
-3252.37 2692.63 -3762.09 5656.2 -1 1
-4298.36 5758.98 -2183.78 7511.45 1 1
3005.03 823.399 3786.98 4905.16 1 2
event 20
1622.82 -7915.15 4823.74 9906.67
11692.9 1212.02 -14376.7 18827.4
8904.31 961.829 -8648.14 12450.4 1 2
1562.67 -3500.71 769.051 3911.46 1 1
2788.56 250.192 -5728.55 6376.99 -1 2
60.1483 -4414.44 4054.68 5995.21 -1 1
event 21
5462.75 18229.2 27066.2 33231.2
1219.85 -5802.64 18385.2 19564.4
-30.8925 -3553.59 6555.31 7457.36 1 2
3809.82 7479.73 12305.3 14896 1 1
1250.74 -2249.05 11829.9 12107 -1 2
1652.93 10749.5 14760.9 18335.2 -1 1
event 22
-2598.1 20193.5 49210.3 53383.2
20967.7 11922.4 35715.6 43208.6
9925.55 6728.83 15529.8 19620.9 -1 2
-1051.47 4469.06 7674.79 8943.8 1 1
-1546.64 15724.5 41535.5 44439.4 -1 1
11042.2 5193.6 20185.8 23587.8 1 2
event 23
2179.06 -7421.76 -21379 22945.2
-4062.31 11208 -5570.27 13518.2
-3996.59 8277.86 -5201.36 10562.2 1 2
241.051 -3786.89 -6719.57 7717.67 -1 1
-65.7142 2930.19 -368.907 2955.94 -1 2
1938.01 -3634.86 -14659.4 15227.5 1 1
event 24
4076.06 -8032.58 -27170.6 28861.1
-2841.7 9344.11 -4173.31 11063.3
-2718.96 4068.86 -1348.97 5077.32 -1 2
3119.37 -2604.39 -14129.8 14702.9 1 1
956.693 -5428.19 -13040.8 14158.1 -1 1
-122.739 5275.26 -2824.34 5985.94 1 2
event 25
-9119.24 3347.07 -27690.3 29507.7
7834.24 -1081.56 -36062.3 37048.9
-6087.82 816.04 -18826.7 19803.6 1 1
-3031.41 2531.03 -8863.56 9704.09 -1 1
3438.84 -199.467 -9392.21 10004.5 -1 2
4395.4 -882.094 -26670 27044.4 1 2
event 26
-5910.81 5572.89 41799.8 42694.4
3638.03 -8740.89 14981.1 17990.6
1254.27 -2982.3 8008.3 8637.79 -1 2
-664.993 2280.54 8654.04 8974.78 -1 1
2383.76 -5758.59 6972.77 9352.77 1 2
-5245.82 3292.35 33145.8 33719.6 1 1
event 27
2582.76 -6743.45 7626.02 10949.5
-7137.13 2567.96 -13670.7 16062.8
-3098.51 -643.798 -4006.1 5106.39 1 2
1954.66 -1255.28 2469.54 3392.08 1 1
628.096 -5488.17 5156.48 7557.45 -1 1
-4038.62 3211.76 -9664.62 10956.4 -1 2
event 28
-1651.09 5521.61 -8027.06 10355.6
1370.17 -7221.68 4501.37 9374.41
-817.032 -3821.64 1025.28 4041.64 1 2
-1714.32 1141.81 -1775.18 2721.22 1 1
63.2222 4379.81 -6251.88 7634.38 -1 1
2187.2 -3400.04 3476.09 5332.77 -1 2
event 29
-1988.77 6041.64 7829.78 10552.4
-6276.03 14889.9 24414.3 29440.5
-2468.01 3776.17 8913.18 9990.32 -1 2
697.424 2084.25 1722.64 2794.48 -1 1
-3808.02 11113.7 15501.1 19450.2 1 2
-2686.19 3957.39 6107.14 7757.89 1 1
event 30
3289.33 7898.02 11978.1 15042.1
4879.4 4850.36 601.043 7568.84
3049.97 3919.42 5297.99 7262.51 -1 1
239.358 3978.6 6680.14 7779.59 1 1
4571.7 2795.87 995.834 5451.62 -1 2
307.707 2054.49 -394.79 2117.22 1 2
event 31
4566.67 4909.82 25486.5 26535.1
-1681.33 -8958.31 -18956.5 21260.7
3692.18 1718.35 14307.1 14875.8 -1 1
874.496 3191.47 11179.3 11659.3 1 1
-2400.48 -6088.05 -14520.2 15927.1 -1 2
719.146 -2870.26 -4436.28 5333.6 1 2
event 32
-10572.5 5227.19 17409.8 21255.4
9925.81 -320.525 -3928.36 11119.7
7131.76 -1536.84 -3293.55 8005.16 1 2
-5488.87 1211.55 9402.99 10955.5 -1 1
2794.05 1216.32 -634.809 3114.53 -1 2
-5083.62 4015.63 8006.82 10299.9 1 1
event 33
10895.5 7885.07 -25636.8 29115.6
1525.97 -7798.95 8476.96 12025.1
-148.741 -4564.33 6295.07 7777.81 1 2
4670.69 2261.85 -12421.9 13462.7 -1 1
1674.71 -3234.62 2181.9 4247.26 -1 2
6224.76 5623.22 -13214.9 15652.9 1 1
event 34
-4417.08 -6012.95 1349.54 8190.13
3842.5 -6140.3 -3767.82 8732.4
2184.9 -2445.56 -3301.68 4654.76 -1 2
-13.8187 -2221.53 752.502 2347.93 1 1
-4403.26 -3791.42 597.037 5842.19 -1 1
1657.6 -3694.73 -466.142 4077.64 1 2
event 35
-2993.15 -7847.65 -689.006 8978.37
-12337.5 -8574 -26544.8 30658.5
-9571.62 -7834.56 -20030.7 23542.2 1 2
-228.793 -3621.8 789.92 3715.5 -1 1
-2765.92 -739.446 -6514.08 7116.28 -1 2
-2764.35 -4225.85 -1478.93 5262.87 1 1
event 36
-3787.74 4702.19 -7060.33 9792.69
11753.9 -17612.8 75608.7 78578.8
-3124.47 2687.87 -2659.04 4905.98 1 1
-663.267 2014.32 -4401.29 4886.71 -1 1
7887.87 -10541 41899.4 43919.3 1 2
3866 -7071.78 33709.3 34659.5 -1 2
event 37
4519.69 -8726.46 35021.5 36505.9
-5872.9 4045.51 -11180.2 13617.8
-2927.66 3584.71 -8102.11 9331.49 -1 2
2381.48 -3204.78 19228.9 19639.3 -1 1
2138.2 -5521.68 15792.7 16866.5 1 1
-2945.24 460.802 -3078.06 4286.3 1 2
event 38
4053.04 5572.39 -5530.62 9362.52
-9455.95 -7156.14 -7843.67 14551.3
954.365 3885.36 -2578.01 4760.69 1 1
3098.67 1687.03 -2952.61 4601.83 -1 1
-6879.48 -6763.38 -6163.74 11448.7 -1 2
-2576.48 -392.757 -1679.93 3102.55 1 2
event 39
-7293.24 -311.215 -1380.71 8048.96
9932.88 4023.13 -16904 20253
-4956.24 1254.36 -955.519 5202.11 1 1
-2337 -1565.57 -425.19 2846.85 -1 1
5198.9 1908.48 -11492.7 12757.9 1 2
4733.98 2114.65 -5411.3 7495.04 -1 2
event 40
6939.7 13882.1 -5507.76 16757
-5885.57 -2586.05 1256.9 7245.52
4685.81 11165.6 -5303.12 13219.8 1 1
2253.89 2716.46 -204.644 3537.26 -1 1
-3064.13 282.612 207.444 3085.93 -1 2
-2821.44 -2868.66 1049.45 4159.6 1 2
event 41
5541.08 -5170.92 -2847.6 8668.42
-15772.6 13511.5 -21261.5 29882.8
2782.04 -4576 -2028.73 5727.69 -1 1
2759.03 -594.918 -818.873 2940.73 1 1
-8939.56 8305.09 -14491 18944.4 -1 2
-6833.08 5206.4 -6770.46 10938.4 1 2
event 42
8789.48 2481.38 -8332.4 12744.9
696.058 -11157.8 -1317.49 11675.1
6436.6 318.791 -5484.44 8462.96 1 1
2352.88 2162.59 -2847.95 4281.92 -1 1
-67.72 -8770.58 -2151.39 9031.46 -1 2
763.778 -2387.23 833.903 2643.63 1 2
event 43
-1578.14 -16231.6 7508.18 18218.6
-9350.62 -1024.09 18799.9 21248.8
-3858.14 -1483.79 5751.33 7083.49 1 2
874.689 -2579.77 1355.59 3044.51 1 1
-2452.83 -13651.8 6152.59 15174.1 -1 1
-5492.48 459.703 13048.6 14165.3 -1 2
event 44
25950 -7658.15 86526 90710.5
9663.56 -4260.53 25285.8 27577.2
4596.58 -760.066 8447.95 9648.07 1 2
3443.43 -2019.52 11105.9 11802 -1 1
22506.6 -5638.63 75420.1 78908.5 1 1
5066.98 -3500.46 16837.9 17929.1 -1 2
event 45
7457.5 -2224.07 19801 21499.6
16443.5 -5555.37 55059 57812.9
3214.87 -609.658 7116.88 7833.79 1 2
2760.54 -626.032 11360.6 11708.4 1 1
13228.7 -4945.71 47942.1 49979.1 -1 2
4696.97 -1598.04 8440.42 9791.17 -1 1
event 46
5514 -461.599 1931.83 6923.7
-4733.08 15830.8 14267.1 22048.9
2748.57 -1617.79 2254.49 3907.15 -1 1
2765.43 1156.19 -322.658 3016.56 1 1
-2034.19 8138.27 9195.15 12447.1 -1 2
-2698.89 7692.53 5071.91 9601.8 1 2
