event 0
6191.65 -172.571 15951.6 17390
-7288.2 2210.8 1716.02 8398.86
-3338.7 69.0032 -516.506 3380.77 -1 2
2263.12 759.586 3072.07 3891.98 1 1
-3949.5 2141.8 2232.53 5018.09 1 2
3928.53 -932.158 12879.5 13498 -1 1
event 1
6730.93 -283.864 15118.4 16838.7
-6996.36 660.327 -1188.44 7771
-2820.37 1713.19 -1035.98 3460.34 1 2
2150.98 -1557.02 5219.56 5857.13 -1 1
4579.95 1273.16 9898.81 10981.5 1 1
-4175.99 -1052.87 -152.459 4310.67 -1 2
event 2
10259.3 -6752.25 -21856.3 25261.3
-6424.04 3150.59 10962.6 13452.3
5276.37 -4388.44 -9408.24 11645.8 -1 1
4982.91 -2363.81 -12448.1 13615.5 1 1
-4004.63 3249.69 8817.83 10215.8 -1 2
-2419.41 -99.0995 2144.79 3236.46 1 2
event 3
-6477.87 4594.83 -939.261 8575.9
3774.89 -8768.68 11283.9 15101.6
-43.9534 -3287.16 2934.74 4408.09 -1 2
-1337.93 2340.62 -1207.5 2955.97 -1 1
3818.85 -5481.52 8349.19 10693.5 1 2
-5139.95 2254.21 268.237 5619.93 1 1
event 4
5750.65 -10869 14152.2 19002.1
-4034 3839.58 -1396.51 6823.37
-3918.97 1550.55 -1623.78 4517.78 1 2
3491.85 -4793.06 8709.88 10537.5 1 1
-115.027 2289.03 227.264 2305.58 -1 2
2258.79 -6075.95 5442.29 8464.57 -1 1
event 5
5902.96 10484.7 -5522.78 13596.5
-8711.87 -9934.87 11645.4 17883
2149.83 6861.8 -2865.74 7741.43 1 1
3753.12 3622.9 -2657.04 5855.12 -1 1
-4799.96 -7075.09 6016.55 10455 -1 2
-3911.91 -2859.77 5628.83 7428.07 1 2
event 6
-6492.43 -13266.9 12190.6 19400.2
6839.97 10906.8 -7322.09 15131
-3551.5 -8365.56 9262.49 12976.9 -1 1
-2940.93 -4901.39 2928.14 6423.23 1 1
5373.6 9242.02 -7233.31 12908.2 -1 2
1466.37 1664.77 -88.7823 2222.78 1 2
event 7
-12733 -17048.4 17521.7 27737.6
3510.26 5853.77 -3724.47 8369.66
2696.64 3490.16 -3862.76 5863.88 -1 2
-2036.6 -2208.49 1253.11 3256.78 -1 1
-10696.4 -14839.9 16268.6 24480.8 1 1
813.622 2363.62 138.29 2505.78 1 2
event 8
10350.9 5015.29 6043.67 13357.1
-5841.75 -3947.1 -4296.71 8818.06
6374.01 4301.24 5032.84 9190.72 1 1
3976.89 714.053 1010.83 4166.35 -1 1
-1772.91 -2503.72 -3040.24 4320.42 -1 2
-4068.85 -1443.38 -1256.47 4497.64 1 2
event 9
17509.5 -5079.39 -28069.4 33613.4
12821.2 -1314.79 -26327.4 29476
3926.66 707.389 -10105.8 10865.4 -1 2
2098.27 -979.703 -5591.44 6052.92 1 1
15411.2 -4099.69 -22477.9 27560.5 -1 1
8894.59 -2022.18 -16221.6 18610.6 1 2
event 10
15976 11716 -20839.9 28920.4
1218.76 8469.09 -35538 36684.4
57.079 4756.49 -13706.4 14508.8 1 2
5510.54 5000.31 -9693.98 12221 -1 1
1161.69 3712.6 -21831.5 22175.7 -1 2
10465.5 6715.73 -11145.9 16699.4 1 1
event 11
-3644.71 -7952.15 -26047.1 27650.7
7056.79 1415.18 -17998.9 19630.4
4538.54 -12.0357 -7767.44 8996.82 -1 2
55.2186 -3441.81 -9874.41 10457.7 -1 1
-3699.93 -4510.34 -16172.7 17193 1 1
2518.26 1427.22 -10231.4 10633.5 1 2
event 12
-1554.76 11534.7 -46648 48177.7
15624.5 12141.5 -95432.9 97511.9
4612.49 4677.91 -26105.4 26919.5 -1 2
-175.303 4409.4 -12218.3 12991.2 -1 1
11012 7463.57 -69327.5 70592.3 1 2
-1379.46 7125.31 -34429.7 35186.5 1 1
event 13
646.304 -6537.17 -1605.39 7437.77
-5208.69 8495.05 -11765.6 15726.3
-2786.32 2798.7 -6463.46 7575.21 -1 2
-722.646 -2065.52 592.358 2269.5 1 1
-2422.37 5696.35 -5302.17 8151.1 1 2
1368.95 -4471.65 -2197.75 5168.26 -1 1
event 14
-654.525 -8080.81 313.554 8684.31
-3797.37 6753.98 -8932.92 12223.9
-1838.26 2990.36 -1856.57 3972.34 -1 2
-1296.33 -1980.11 870.214 2523.84 -1 1
641.806 -6100.7 -556.66 6160.48 1 1
-1959.11 3763.62 -7076.35 8251.6 1 2
event 15
-10649.7 -1956.1 -20110.5 23049.1
11731.4 13232.6 20856.8 27519.5
1892.6 3709.12 3729.01 5590.72 -1 2
-2075.61 -369.589 -1823.86 2789.7 1 1
9838.83 9523.52 17127.8 21928.8 1 2
-8574.14 -1586.51 -18286.6 20259.4 -1 1
event 16
-14396.3 -5369.77 -28469.6 32499.2
10433.8 15602.9 21355.4 28600
5526.2 10885 13322.1 18069.7 1 2
-6757.97 -3249.09 -16724 18328.4 -1 1
4907.6 4717.9 8033.24 10530.3 -1 2
-7638.34 -2120.69 -11745.6 14170.8 1 1
event 17
-2100.04 -7398.7 16858.8 18787.2
-8449.95 -10360.4 -1282.35 13783.1
-2672.58 -4143.95 914.406 5016.2 1 2
-1645.39 -1236.89 5165.97 5561.97 -1 1
-5777.37 -6216.44 -2196.75 8766.93 -1 2
-454.65 -6161.81 11692.8 13225.3 1 1
event 18
-5005.5 -6505.94 -7509.85 11548.6
-3376.38 7627.78 -19331.6 21374.7
-2689.84 3009.27 -5857.98 7114.63 -1 2
-2251.08 -915.487 -1334.39 2774.39 -1 1
-2754.43 -5590.46 -6175.45 8774.25 1 1
-686.54 4618.51 -13473.6 14260.1 1 2
event 19
-9105.26 -1468.62 3758.18 10429.6
9686 6285.91 -9786.37 15449.7
7168.25 4191.76 -5147.82 9770.66 1 2
-3456.44 -364.11 -135.419 3479.8 1 1
2517.76 2094.16 -4638.55 5679.07 -1 2
-5648.82 -1104.51 3893.6 6949.85 -1 1
event 20
-5997.73 202.421 -13496 15091.3
8764.91 -6304.07 -7796.22 13672.6
3895.14 -1142.86 -2094.53 4569.08 -1 2
-1763.14 1251.75 -2800.11 3539.39 1 1
4869.77 -5161.22 -5701.7 9103.48 1 2
-4234.59 -1049.32 -10695.9 11551.9 -1 1
event 21
-14184.7 -3395.29 -17386.4 22904.4
8483.12 2770.22 -10249.2 13938.3
2813.91 2236.14 -5230.19 6347.01 -1 2
-1635.94 -1200.57 -1423.11 2480.74 1 1
-12548.8 -2194.72 -15963.3 20423.7 -1 1
5669.21 534.079 -5019.04 7591.26 1 2
event 22
-16004.4 -2486.57 -21801.4 27335.3
13698.7 3949.99 -17975 23150.5
3633.61 -113.122 -3409.05 4984.84 1 2
-2316.67 285.154 -1843.82 2976.42 -1 1
-13687.7 -2771.72 -19957.6 24358.8 1 1
10065.1 4063.11 -14565.9 18165.7 -1 2
event 23
1788.57 -22023.6 -7689.85 23600
7025.27 2630.92 -5752.43 9947.73
2290.34 -17930 -7152.38 19439.6 1 1
-501.772 -4093.54 -537.473 4160.39 -1 1
2801.87 -359.201 -1262.78 3096.01 -1 2
4223.4 2990.12 -4489.65 6851.72 1 2
event 24
5861.01 -6422.42 -24926 26580
-8607.15 -4087.98 5075.1 11231.3
-3599.69 -178.605 2435.3 4351.04 -1 2
2535.02 -1903.64 -5391.38 6255.27 1 1
-5007.45 -3909.38 2639.79 6880.22 1 2
3325.99 -4518.78 -19534.7 20324.7 -1 1
event 25
1913.07 13745.2 55276.4 57076
1119.35 -10712.2 61009.2 62030
2006.43 -8677.79 51500.8 52265.4 1 2
1880.97 4907.18 17096.7 17886.5 1 1
-887.08 -2034.45 9508.44 9764.6 -1 2
32.1067 8837.97 38179.8 39189.5 -1 1
event 26
1074.03 -11228.9 62858.9 63938.1
1209.25 8619.3 37048.4 38182.8
-362.993 4168.51 12430.8 13116.6 1 2
-1004.51 -2104.96 11857 12084.7 1 1
2078.54 -9123.97 51001.9 51853.4 -1 1
1572.24 4450.78 24617.6 25066.2 -1 2
event 27
-292.525 -10730.7 55562.7 56674.9
-4137.66 3442.45 24245.3 25027.9
1287.47 -6988.05 34807.5 35525.5 -1 1
-1579.99 -3742.69 20755.2 21149.3 1 1
-1475.68 3155.6 15175.7 15570.8 -1 2
-2661.98 286.845 9069.57 9457.1 1 2
event 28
9393.82 -820.502 3816.44 10633.6
-12769 3250.34 -14183.5 19605.5
6486.51 -41.9589 3991.22 7616.93 1 1
2907.3 -778.543 -174.772 3016.66 -1 1
-6166.13 2693.03 -8732.15 11024.3 1 2
-6602.85 557.315 -5451.38 8581.2 -1 2
event 29
-11030.5 3435.04 -14946.5 19143.1
6238.61 -1146.99 3458.15 7860.59
3988.78 710.712 2608.64 4819.92 -1 2
-2858.09 2367.17 -4918.47 6162.36 1 1
-8172.4 1067.87 -10028 12980.8 -1 1
2249.83 -1857.71 849.513 3040.67 1 2
event 30
11449.8 -1988.17 6092.39 13481.8
-8364.38 2266.86 -11748.5 15057.2
-2857.06 2110.49 -6697.87 7582.19 1 2
3098.07 776.706 1190.13 3410.11 1 1
8351.69 -2764.88 4902.26 10071.7 -1 1
-5507.33 156.378 -5050.67 7475 -1 2
event 31
9319.35 -931.677 5860.27 11474
-11530 4283.67 -14368.3 19165.8
-3750 2906.34 -4696.45 6676.61 -1 2
1874.35 943.281 1909.17 2838.85 1 1
-7780 1377.33 -9671.82 12489.2 1 2
7445 -1874.96 3951.11 8635.15 -1 1
event 32
10917.1 -5288.22 18497.8 22336.2
-6758.05 -5412.14 16900.5 19240
6360.27 -2412.84 7747.15 10310.4 1 1
4556.86 -2875.39 10750.6 12025.8 -1 1
-3291.08 -791.424 5500.3 6459.26 -1 2
-3466.97 -4620.72 11400.2 12780.7 1 2
event 33
-9803.73 9578.59 -13244.4 19309.8
2633.51 -30055.1 -90917.5 95842.7
115.003 -7150.69 -17918.1 19292.9 -1 2
-982.689 2241.48 -1411.45 2827.23 1 1
2518.51 -22904.4 -72999.4 76549.8 1 2
-8821.04 7337.11 -11833 16482.5 -1 1
event 34
1256.76 -34411.2 -103073 108717
-10894.2 9467.17 -13530.9 20024.7
-6871.19 6430.27 -6781.31 11600 1 2
-888.173 -15876.6 -48901.1 51421.7 1 1
-4023 3036.9 -6749.6 8424.7 -1 2
2144.93 -18534.6 -54172.2 57295.5 -1 1
event 35
4151.39 -10181.8 7087.09 13443.3
1480.24 9286.17 -15386.7 18296.6
-457.281 5598.7 -7432.67 9317.21 -1 2
415.985 -5082.71 3243.51 6044.71 1 1
3735.4 -5099.11 3843.59 7398.55 -1 1
1937.52 3687.47 -7954 8979.34 1 2
event 36
3251.51 -11042.3 7364.66 14011.9
2747.55 10999.9 -18916.7 22270.5
629.586 -6794.44 5151.44 8550.4 -1 1
2621.92 -4247.88 2213.22 5461.54 1 1
2095.68 4325.12 -5757.4 7500.49 -1 2
651.865 6674.74 -13159.3 14770 1 2
event 37
20108.6 7279.86 4126.02 21999.2
-13354.8 1628.57 440.727 13812.6
-3652.87 -840.644 611.456 3799.37 -1 2
3566.6 95.9515 849.042 3669.04 1 1
16542 7183.91 3276.98 18330.2 -1 1
-9701.89 2469.22 -170.729 10013.2 1 2
event 38
17486.5 6215.23 3036.96 19058.3
-9426.07 231.556 -210.225 9926.7
-5279.27 1573.24 401.221 5524.3 1 2
7535.89 3927.12 377.15 8506.78 -1 1
-4146.8 -1341.68 -611.447 4402.39 -1 2
9950.58 2288.11 2659.81 10551.6 1 1
event 39
7315.25 -2369 14337.2 16561
-11655.7 768.761 -8483.19 14764.9
-3794.94 271.669 -4636.52 5998.66 -1 2
2124.18 311.715 2123.79 3021.75 1 1
-7860.78 497.092 -3846.66 8766.24 1 2
5191.07 -2680.71 12213.4 13539.2 -1 1
event 40
-9465.41 -25030.6 8603.05 28279.5
-11355.7 73192.4 -5546.72 74340
-1897.5 8493.98 158.032 8705.42 -1 2
-2351.79 -7554.01 3957.36 8846.8 1 1
-9458.17 64698.4 -5704.75 65634.6 1 2
-7113.61 -17476.6 4645.69 19432.7 -1 1
event 41
-9440.03 -26622.3 10306.3 30227
-9503.01 64526.6 -7021.02 65672.5
-2494.36 20184.8 -3549.89 20646.1 -1 2
-884.384 -5777.59 1503.71 6036.14 -1 1
-7008.65 44341.8 -3471.13 45026.4 1 2
-8555.65 -20844.7 8802.57 24190.9 1 1
event 42
-16093.4 -36478 14219.5 42443.2
-5870.55 38475.9 -2761.03 39141.7
-490.696 8250.43 -1599.54 8419.03 -1 2
-689.809 -2955.49 1725.42 3492.71 1 1
-15403.6 -33522.5 12494 38950.5 -1 1
-5379.86 30225.5 -1161.49 30722.7 1 2
