event 0
-8679.21 -12886 28426.8 32543
-1442.82 -5711.48 10698.1 12599.4
-4532.94 -8356.41 19670.8 21847.9 -1 1
-4146.28 -4529.54 8756 10695.2 1 1
-1614.95 -3291.8 8745.17 9483.31 -1 2
172.133 -2419.67 1952.97 3116.04 1 2
event 1
-8349.31 -12892.5 41656.1 44505.6
5149.76 3940.63 24040.5 25091.5
-4116.39 -7711.83 27327 28691.3 -1 1
-4232.92 -5180.62 14329.2 15814.3 1 1
4528.99 1705.63 15272.2 16021 -1 2
620.769 2235 8768.29 9070.54 1 2
event 2
5186.64 6586.93 -13316.1 16037.4
692.819 8847.2 -7552.01 12057.2
1819.15 3890.4 -3840.46 5762.36 -1 2
1324.36 4051.25 -5525.33 6979.03 1 1
-1126.33 4956.8 -3711.55 6294.86 1 2
3862.29 2535.68 -7790.76 9058.37 -1 1
event 3
5538.69 253.409 -15365.7 16626.4
16718.8 20585.5 -79074.3 83460.2
3341.11 1399.81 -6759.04 7669.3 1 1
2197.58 -1146.4 -8606.65 8957.07 -1 1
11761.5 16164.8 -56722.7 60142.4 -1 2
4957.28 4420.67 -22351.6 23317.8 1 2
event 4
-38408.1 -6028.07 36939.2 53717.9
7142.38 433.013 13093.2 15238.9
3766.06 1707.52 6125.09 7390.99 1 2
-8476.96 -426.019 6833.84 10897.4 -1 1
3376.31 -1274.5 6968.11 7847.91 -1 2
-29931.2 -5602.06 30105.4 42820.6 1 1
event 5
-34227.1 -3647.73 31963.6 47075.1
6599.5 1078.36 9656.91 12147.5
4560.67 1336.42 4303.71 6412.4 1 2
-16284.6 -186.08 15156.3 22247.4 -1 1
2038.83 -258.057 5353.2 5735.09 -1 2
-17942.5 -3461.65 16807.4 24827.7 1 1
event 6
5309.22 2782.91 -12398.7 14115.6
-10311.4 860.343 -19647 22420.1
3360.5 192.084 -4901.9 5947.24 -1 1
1948.73 2590.82 -7496.76 8168.38 1 1
-5642.41 -732.542 -12508.7 13742.4 -1 2
-4669.02 1592.88 -7138.22 8677.69 1 2
event 7
327.128 -6365.44 3143.83 7752.42
1906.94 -11277.5 -5244.34 12958.1
1366.22 -4546.96 3068.39 5653.99 1 1
-1039.09 -1818.47 75.4348 2098.43 -1 1
1983.43 -5663.97 -3981.96 7202.9 1 2
-76.4981 -5613.57 -1262.38 5755.24 -1 2
event 8
-3780.94 -5620.1 16266.7 17890.7
-5859.24 -7553.27 6617.78 12032
-1204.99 -3972.28 2344.35 4768.45 -1 2
-2731.34 -1472.14 5710.9 6500.22 1 1
-4654.25 -3580.99 4273.43 7263.54 1 2
-1049.6 -4147.97 10555.8 11390.5 -1 1
event 9
-4985.53 -6404.2 -18774.9 20687.1
7821.9 904.851 -17319.3 19275.7
3315.99 -682.301 -4794.47 5870.22 -1 2
-2186.98 -1576.72 -3464.73 4391.41 -1 1
-2798.55 -4827.49 -15310.2 16295.7 1 1
4505.91 1587.15 -12524.9 13405.4 1 2
event 10
33188.6 4246.24 66844.5 74815
-18389.9 -14664.3 -15906.6 28562.9
-13955.8 -12474.1 -13377 23007 -1 2
5740.08 -193.596 9939.01 11479.6 -1 1
27448.5 4439.84 56905.5 63335.4 1 1
-4434.06 -2190.19 -2529.62 5555.9 1 2
event 11
48659 7468.26 99477 111035
-12898.2 -11529.9 -13039.7 21975.4
-5941.43 -4016.53 -7310.83 10241.7 -1 2
4063.08 1269.5 7359.04 8502.17 -1 1
44595.9 6198.76 92118 102533 1 1
-6956.74 -7513.36 -5728.91 11733.6 1 2
event 12
-3285.14 -7175.81 12008.7 14699.9
-1861 7446.9 -3253.9 8893.7
-261.57 3187.4 -2917.4 4330.16 1 2
-1485.61 -2089.98 6502.28 6990.41 1 1
-1799.52 -5085.82 5506.42 7709.45 -1 1
-1599.43 4259.5 -336.505 4563.54 -1 2
event 13
6916.61 -222.083 -16666.1 18309.5
-2894.35 6462.88 -14065.9 16049.5
176.62 3310.12 -6449.52 7252.29 1 2
2077.14 1151.63 -3663.92 4367.63 1 1
4839.47 -1373.71 -13002.2 13941.9 -1 1
-3070.97 3152.76 -7616.34 8797.19 -1 2
event 14
1810.14 14653.4 -18533 23896.9
-14071.5 -9966.48 41969 45478.8
-10439 -6888.39 26698.3 29482.8 1 2
-449.953 5842.5 -5775.49 8228.29 -1 1
-3632.55 -3078.09 15270.7 15996.1 -1 2
2260.09 8810.85 -12757.5 15668.6 1 1
event 15
-8773.94 -250.798 -21464.3 23395.5
3672.96 7129.41 -4019.48 9490.34
-4588.58 1390.05 -11747.9 12689 -1 1
-4185.36 -1640.84 -9716.42 10706.5 1 1
3495.77 3570.42 -1926.46 5356.38 -1 2
177.185 3558.98 -2093.02 4133.96 1 2
event 16
-2981.9 11016.4 -4850.37 12781.4
-592.303 -6501.52 16589.2 18094.6
-161.207 -4294.44 6761.73 8012.51 -1 2
-240.588 4094.59 -3074.18 5126.92 -1 1
-2741.31 6921.78 -1776.2 7654.53 1 1
-431.096 -2207.07 9827.49 10082 1 2
event 17
155.533 7489.71 18583.3 20274.4
285.161 -12638.2 -1456.63 13096.5
-1384.21 -5046.19 -368.613 5246.63 1 2
-541.969 2077.2 2536.65 3324.79 -1 1
1669.37 -7591.99 -1088.02 7849.84 -1 2
697.503 5412.51 16046.7 16949.6 1 1
event 18
-14307.1 -4560.22 33231.9 36598.4
2428.05 7803.11 29653.2 30914.2
2183.39 3945.68 20264.3 20760.3 1 2
-5599.03 -3104.24 16062 17291.1 -1 1
244.656 3857.43 9388.93 10154 -1 2
-8708.11 -1455.99 17170 19307.2 1 1
event 19
5372.88 7304.83 32210.5 33605.5
-12983.9 -3405.53 32663.9 35449.9
-5264.68 -1191.93 17163.4 17992.6 1 2
2377.36 2016.43 6849.72 7526.47 1 1
-7719.17 -2213.6 15500.4 17457.4 -1 2
2995.51 5288.4 25360.7 26079.1 -1 1
event 20
-10226.6 -4097.27 27538.8 29821.9
4228.28 7348.29 28212.5 29621.1
357.733 3413.33 12682.9 13139.5 -1 2
-2319.21 -434.296 9484.38 9774.05 -1 1
-7907.4 -3662.97 18054.4 20047.9 1 1
3870.55 3934.96 15529.5 16481.6 1 2
event 21
10494.7 12279.2 -10900.5 19731.5
7865.34 3443.44 -5412.18 10611.5
3545.51 2613.2 -1311.58 4596.83 1 2
3420.07 5491.28 -5750.67 8656.35 -1 1
4319.83 830.241 -4100.6 6014.68 -1 2
7074.67 6787.96 -5149.78 11075.1 1 1
event 22
8810.17 9579.35 -7833.88 15503
8528.09 3186.27 -4867.17 10777.7
6023.12 1598.69 -1749.4 6473.43 -1 2
2110.41 4454.78 -3208.41 5882.52 -1 1
6699.76 5124.57 -4625.47 9620.51 1 1
2504.97 1587.59 -3117.77 4304.3 1 2
event 23
6529.63 5780.78 1854.08 9438.33
-8531.96 -15369.4 18212.1 25500.7
5975.49 3586.09 1139.5 7062.3 -1 1
554.138 2194.69 714.579 2376.03 1 1
-5456.91 -8578.33 12473 16092 -1 2
-3075.05 -6791.1 5739.1 9408.69 1 2
event 24
7574.56 5201.53 -11718.4 15209.9
-6192.74 -4277.76 283.099 8143.73
-2054.82 -2670.66 1256.7 3597.94 -1 2
1643.71 1735.04 -5268.97 5786.65 1 1
5930.85 3466.5 -6449.41 9423.25 -1 1
-4137.92 -1607.1 -973.597 4545.79 1 2
event 25
-6370.77 -4193.02 -86.8825 8232.01
6482.58 4355.44 -8594.58 12018.8
3163.8 357.296 -3658.7 4851.24 -1 2
-943.125 -1865.82 -883.409 2272.08 1 1
-5427.64 -2327.2 796.526 5959.93 -1 1
3318.78 3998.15 -4935.88 7167.54 1 2
event 26
8681.9 -8773.42 -10679.9 16613.2
-8591.81 67.3181 1625.67 9276.71
6806.16 -5103.38 -6215.61 10536.3 1 1
1875.75 -3670.04 -4464.29 6076.9 -1 1
-3805.84 1086.95 -399.991 3979.58 -1 2
-4785.96 -1019.63 2025.66 5297.13 1 2
event 27
-47841.8 -2665.44 33267.8 58414.7
12463.3 -3261.1 1789.04 13370.1
-40140 -3248.78 28523.8 49349.6 1 1
-7701.87 583.336 4744.03 9065.1 -1 1
6574.67 -1951.46 -590.64 6884.36 -1 2
5888.64 -1309.64 2379.68 6485.78 1 2
event 28
-29344.2 -1141.43 20191.5 35772.6
13955.3 -3608.67 3777.08 15219.3
-16190.1 -2143.44 10845.4 19604.8 1 1
-13154.1 1002.01 9346.18 16167.8 -1 1
8088.43 -3651.24 2317.81 9172.66 -1 2
5866.83 42.5693 1459.27 6046.66 1 2
event 29
9383.84 -7320.7 45103.8 46750.3
-13484.9 2749.86 -5930.05 15302.3
-6080.41 884.714 -1035.83 6232.03 -1 2
3962.24 -3138.46 25178.4 25681 -1 1
-7404.52 1865.14 -4894.22 9070.29 1 2
5421.6 -4182.24 19925.4 21069.4 1 1
event 30
12057.7 6461.21 5026.09 14899.2
-10434.6 1770.14 -35922.1 37576.6
-4607.5 2271.42 -18394.7 19098.8 1 2
4086.24 1458.67 2988.5 5269.48 1 1
7971.44 5002.54 2037.6 9629.75 -1 1
-5827.1 -501.273 -17527.4 18477.7 -1 2
event 31
11420.4 1277.73 7462.16 14047.5
-3330.01 -8559.85 28878.1 30461.4
-1001.67 -4480.03 18629 19186.6 1 2
4169.13 987.394 1171.81 4443.07 -1 1
7251.24 290.341 6290.34 9604.39 1 1
-2328.34 -4079.81 10249.1 11274.8 -1 2
event 32
-9173.41 7288.48 10400.9 15970.1
2438.89 -4613.8 -2925.89 6737
713.058 -3121.97 -3084.89 4447.79 1 2
-2866.34 4189.75 4733.69 6941.82 -1 1
1725.83 -1491.83 158.994 2289.21 -1 2
-6307.06 3098.74 5667.23 9028.28 1 1
event 33
9837.18 -11541.4 -67815.4 69559.3
-5937.23 8104.83 -22614.6 24938.9
-2571.94 5302.72 -15511.6 16593.8 1 2
5243.72 -4064.24 -32431.1 33102.9 -1 1
-3365.29 2802.11 -7102.94 8345.05 -1 2
4593.47 -7477.14 -35384.4 36456.4 1 1
event 34
6250.99 8274.28 20551.3 23226.8
-11452.5 -12708.5 36111.4 40078.5
-2847.8 -2612.08 11304.4 11947.1 -1 2
1075.12 2380.45 2862.22 3876.33 1 1
-8604.71 -10096.4 24807 28131.4 1 2
5175.87 5893.82 17689.1 19350.5 -1 1
event 35
-10070.2 -13000.6 37962.2 41486.7
7194.89 10728.8 18819.4 23035.5
6392.28 8629 13435.3 17200 -1 2
-4472.22 -3448.81 13616.4 14741.5 -1 1
-5597.95 -9551.74 24345.8 26745.1 1 1
802.614 2099.8 5384.12 5835.51 1 2
event 36
2142.96 -7480.99 6107.94 10366
6265.64 3986.74 17883.7 19712.6
-311.864 -4375.61 2789.92 5199.81 -1 1
2454.82 -3105.38 3318.03 5166.24 1 1
2804.7 3640.86 12325.9 13155.3 -1 2
3460.95 345.881 5557.75 6557.25 1 2
event 37
-2080.64 9453.65 10332.6 14493.2
-2224.24 9601.73 15015.4 18226.1
647.574 3200.66 3983.9 5152.3 -1 2
38.3985 2600.57 1163.65 2851.26 1 1
-2119.03 6853.08 9168.92 11642 -1 1
-2871.82 6401.07 11031.5 13073.8 1 2
event 38
-2563.71 7670.88 -12724.7 15392.3
-6403.16 9184.1 -5363.94 12794.8
-4369.98 7073.42 -5301.74 9861.52 1 2
-2091.55 2173.3 -5792.15 6531.31 -1 1
-2033.18 2110.69 -62.1904 2933.23 -1 2
-472.156 5497.58 -6932.51 8860.99 1 1
event 39
-879.579 9938.61 -18797.6 21505.6
-5342.89 8071.6 -5412.83 11514.7
250.229 6489.58 -14439.6 15833.2 1 1
-1129.81 3449.03 -4357.95 5672.32 -1 1
-4646.34 5856.71 -2716.58 7954.9 -1 2
-696.556 2214.88 -2696.25 3559.75 1 2
event 40
-5615.59 5561.31 13897.3 16406.9
10149.8 1198.99 14824.6 18270.6
-1692.73 4255.8 7060.45 8416.55 1 1
-3922.86 1305.5 6836.82 7990.39 -1 1
7921.27 -340.92 10339.7 13030.1 -1 2
2228.5 1539.91 4484.89 5240.51 1 2
event 41
-6050.38 2249.05 4331.99 8367.94
7461.64 -5971.06 27.6137 10045.9
3153.68 -1260.4 1101.33 3571.89 -1 2
-2025.44 1867.24 3081.37 4134.61 -1 1
4307.96 -4710.67 -1073.72 6474.02 1 2
-4024.94 381.811 1250.63 4233.34 1 1
event 42
15379.7 -2655.33 77340.6 78960.4
-4430.24 1515.3 15526.2 16510
-2376.16 2217.71 7123.76 7830.94 1 2
6987.21 -1656.04 42953.8 43550 -1 1
-2054.08 -702.414 8402.47 8679.02 -1 2
8392.48 -999.291 34386.7 35410.3 1 1
event 43
-1498.33 5589.3 20540.4 21563.5
7276.93 -6444.72 -8875.37 13522.3
-2369.73 3041.83 12711.7 13284.1 1 1
871.399 2547.47 7828.66 8279.37 -1 1
2716.88 -4427.36 -4117.29 6629.19 1 2
4560.05 -2017.36 -4758.08 6893.06 -1 2
event 44
-4367.54 3106.19 3158.59 6949.16
-9649.18 -16352.6 -12178.4 22768.8
-3575.58 766.8 1407.92 3919.97 -1 1
-791.955 2339.39 1750.68 3029.19 1 1
-6605.93 -11045.5 -6489.57 14414.1 -1 2
-3043.25 -5307.14 -5688.79 8354.68 1 2
event 45
7561.96 1882.02 1899.71 8597.97
-3756.85 -9423.96 -25277.3 27412.7
4099.53 604.646 2524.45 4853.42 -1 1
3462.44 1277.37 -624.736 3744.54 1 1
-2907.16 -7013.22 -21880 23159.9 -1 2
-849.691 -2410.74 -3397.32 4252.84 1 2
event 46
-12147.3 -185.416 61512.6 62777.3
5509.83 -4202.55 -7729.32 10832.9
3170.76 -3369.33 -6699.96 8142.9 -1 2
-4274.5 1283.41 19074.3 19589.8 1 1
-7872.79 -1468.83 42438.3 43187.5 -1 1
2339.07 -833.218 -1029.36 2690.03 1 2
event 47
5884.37 5058.15 -4379.69 9433.2
-6582.37 -5262.14 -6228.61 10927.2
-4213.61 -1392.44 -3156.32 5446.74 -1 2
3273.17 884.533 -2233.81 4061.66 -1 1
2611.2 4173.62 -2145.88 5371.54 1 1
-2368.76 -3869.7 -3072.29 5480.49 1 2
event 48
26604.1 -18500.3 -18903.4 37642.6
-3373.59 6959.33 23520.7 24952.5
15520.9 -12622.8 -11680.3 23166.3 1 1
11083.2 -5877.46 -7223.07 14476.4 -1 1
-2302.13 4434.59 10281.6 11431.9 -1 2
-1071.46 2524.74 13239.1 13520.6 1 2
event 49
9928.71 -3160.64 -12225 16358.8
4636.15 -4377.6 -2508.39 7519.31
3029.59 -3084.93 -71.9891 4325.69 -1 2
3951.65 -38.6111 -5971.77 7161.72 -1 1
5977.07 -3122.03 -6253.26 9197.11 1 1
1606.57 -1292.67 -2436.4 3193.63 1 2
event 50
10562.4 -22566.2 40742.6 47857.6
-8528.68 7792.49 27117.7 29638.1
-2514.07 4315.75 12117.4 13106.8 1 2
2709.96 -3116.86 6865.98 8013.21 -1 1
7852.48 -19449.4 33876.6 39844.4 1 1
-6014.61 3476.74 15000.3 16531.3 -1 2
event 51
6938.59 6704.78 -14911.8 18029.2
4945.04 1096 23097.4 23848.1
3513.65 -551.923 17068.2 17435.1 1 2
3811.24 2658.25 -4712.07 6618.65 -1 1
1431.39 1647.92 6029.19 6413.02 -1 2
3127.35 4046.54 -10199.7 11410.5 1 1
event 52
11822.9 3487.2 -44805.4 46573.1
4295.06 5416.82 -30988.7 31901
2979.98 3266.99 -25221.4 25606.4 1 2
5618.87 1442.54 -15551.1 16598.2 -1 1
1315.08 2149.82 -5767.22 6294.69 -1 2
6204.02 2044.66 -29254.3 29974.9 1 1
event 53
482.745 -13621.2 38151.3 40631
1163.49 -8301.96 23429.2 25075.8
1257.25 -10021 30700 32318.8 1 1
-774.503 -3600.17 7451.24 8312.23 -1 1
1544.79 -2013.42 8499.73 8871.12 -1 2
-381.299 -6288.53 14929.5 16204.7 1 2
event 54
-5060.19 -10720.5 3109.31 12640.9
5934.06 14281.2 8609.46 17968.8
965.611 3049.82 470.686 3235.2 -1 2
-46.8262 -3177.94 1086.19 3360.43 -1 1
4968.45 11231.3 8138.77 14733.6 1 2
-5013.37 -7542.52 2023.11 9280.49 1 1
event 55
-10008.9 -9775.9 -9117.16 16984.1
5340.61 6276.9 -28018.6 29369.2
-6558.58 -7915.62 -5548.45 11682 -1 1
-3450.35 -1860.28 -3568.71 5302.11 1 1
2644.29 1135.85 -7154.68 7712.52 -1 2
2696.32 5141.05 -20863.9 21656.7 1 2
event 56
-12461.5 -12953.9 1978.3 18346.5
7382.02 7188.34 -11816.7 15981
3611.77 4454.62 -4426.68 7245.36 1 2
-4747.47 -5135.27 2285.44 7358.26 1 1
3770.25 2733.72 -7390.06 8735.69 -1 2
-7713.98 -7818.66 -307.14 10988.3 -1 1
event 57
7910.6 -4447.51 8909.79 13089.4
-7201.14 16168.5 -86093.9 87949
-3320.65 4681.11 -23449.2 24141.6 1 2
2983.81 -825.46 1386.32 3393.75 -1 1
-3880.49 11487.4 -62644.7 63807.4 -1 2
4926.79 -3622.05 7523.46 9695.68 1 1
event 58
16712.8 3054.58 -5241.92 18047.6
-9437.72 -10156.3 -3971.13 14750.7
-8965.39 -8189.11 -3770.67 12714.9 1 2
6918.49 2207.94 -3502.9 8063.62 -1 1
-472.336 -1967.19 -200.46 2035.75 -1 2
9794.3 846.64 -1739.01 9984.01 1 1
event 59
16285.2 1056.27 -3712.01 17020.4
-12386 -14605 -7084.55 20651.9
-7792.25 -10000.8 -6111.65 14074.8 1 2
6655.91 660.926 -3072.17 7361.2 1 1
-4593.74 -4604.15 -972.906 6577.11 -1 2
9629.29 395.346 -639.841 9659.2 -1 1
event 60
-9915.35 -14756.8 -7230.91 19441
9583.92 18772.5 11005.8 23978.7
-5100.7 -9373.19 -5533.6 12021.1 -1 1
-4814.65 -5383.57 -1697.31 7419.95 1 1
9191.26 16135.2 8972.31 20623.7 -1 2
392.665 2637.32 2033.53 3355.01 1 2
event 61
-11724 -17258.6 -5833.65 21884.5
10637.3 18482.1 12636.9 25060.3
4573.38 9338.84 4181.11 11208.2 -1 2
-2297.85 -3650.64 -2536.3 5005.12 1 1
-9426.18 -13608 -3297.34 16879.4 -1 1
6063.87 9143.29 8455.79 13852.1 1 2
event 62
-7468.65 -8938.03 -3645.11 12591.6
7298.53 11892.3 7006.51 15917.8
-3968.03 -6377.89 -1187.18 7605.48 -1 1
-3500.61 -2560.14 -2457.92 4986.1 1 1
5184.57 9930.1 4422.65 12044 -1 2
2113.97 1962.2 2583.86 3873.83 1 2
event 63
10979.2 17235.5 12395.1 24100.5
-11726.4 -15596.3 -8157.96 21375.1
-3238.18 -6779.95 -2895.82 8052.98 -1 2
2373.65 6263.39 4584.01 8117.17 1 1
8605.56 10972.2 7811.07 15983.4 -1 1
-8488.26 -8816.32 -5262.14 13322.1 1 2
event 64
-7583.02 11271.2 13532.6 19423.3
9752.13 6139.28 -21278.9 24396.2
-5396.42 6951.34 6760.11 11097.4 -1 1
-2186.6 4319.84 6772.48 8325.86 1 1
2395.92 2787.86 -4855.72 6091.12 -1 2
7356.22 3351.43 -16423.1 18305.1 1 2
event 65
-4988.63 -13258 -36118.1 38920
9300.01 -1474.1 -1773.72 10069.7
7489.44 7.62818 -797.98 7532.57 -1 2
-488.768 -5497.74 -13117.5 14231.8 -1 1
-4499.86 -7760.28 -23000.6 24688.2 1 1
1810.58 -1481.73 -975.74 2537.11 1 2
