event 0
11092.9 1406.8 1972.34 11769.1
10882.2 2343.09 3326.99 12023.8
5452.21 6.98381 2680.52 6076.42 1 2
4454.67 1597.98 1969.93 5127.32 -1 1
6638.18 -191.179 2.40734 6641.77 1 1
5429.96 2336.11 646.478 5947.35 -1 2
event 1
10619.9 3446.29 1471.47 11849.5
7701.32 1518.04 2333.12 8754.95
5768.68 -287.301 1838.81 6062.39 -1 2
2613.46 1683.13 -1031.7 3276.99 -1 1
8006.43 1763.17 2503.17 8572.55 1 1
1932.65 1805.34 494.313 2692.56 1 2
event 2
9812.2 2800.22 2892.16 11048.8
7901.96 3274.93 1934.66 9300.27
5978.11 3225.98 2080.43 7105.21 -1 1
3834.09 -425.759 811.73 3943.55 1 1
1809.35 1831.84 -418.425 2610.68 -1 2
6092.61 1443.09 2353.08 6689.59 1 2
event 3
-7297.66 -14769.8 -30295.8 34624.1
2804.5 7338.44 -5982.35 10348.8
8.10414 4149.36 -2391.09 4790.17 -1 2
-2386.96 -3269.86 -5253.98 6633.63 -1 1
-4910.7 -11499.9 -25041.8 27990.5 1 1
2796.4 3189.09 -3591.25 5558.63 1 2
event 4
-17493.6 -1816.72 19665 26563.7
-4984.49 3791.5 9991.14 12191.5
-11354.8 -2095.91 11061 15990 -1 1
-6138.83 279.195 8603.98 10573.7 1 1
-2992.44 3376.11 8637.42 9745.2 -1 2
-1992.05 415.39 1353.72 2446.33 1 2
event 5
-3953.26 13899.9 57099.2 58980.9
4677.98 -11096.6 11927.1 17229.8
946.955 -5735.57 4602.22 7415.19 -1 2
-1496.71 1442.27 8109.45 8372.25 1 1
-2456.56 12457.7 48989.8 50608.7 -1 1
3731.02 -5361.01 7324.91 9814.61 1 2
event 6
-4750.84 11360.7 -2090.71 12868.5
3702.83 -7673.49 -36635.9 37740.9
3314.05 -3352.37 -19985.1 20533.8 1 2
-3616.34 5135.24 -1793.09 6532.6 1 1
388.782 -4321.12 -16650.8 17207.1 -1 2
-1134.5 6225.46 -297.621 6335.87 -1 1
event 7
-13724.7 7314.53 8883.46 18176.3
-1125.87 -7090.29 14292.1 16291
-8622.07 4100.05 7061.42 11875.4 1 1
-5102.63 3214.48 1822.03 6300.85 -1 1
866.868 -4298.57 7917.24 9051.14 -1 2
-1992.73 -2791.72 6374.9 7239.83 1 2
event 8
-14059.3 9473.26 9693.98 19773
-1943.13 -8345.03 13751 16495.3
-2734.65 -5979.5 10614.7 12486.6 1 2
-7804.64 3413.76 5036.97 9896.89 -1 1
791.519 -2365.53 3136.34 4008.74 -1 2
-6254.68 6059.49 4657.01 9876.1 1 1
event 9
-9382.02 593.027 32982.9 34435.9
7773.96 3287.74 12630.6 15503.8
1905.38 2335.04 3676.75 4755.26 -1 2
-2361.14 -1190.56 9393.2 9758.89 -1 1
-7020.89 1783.59 23589.7 24677.1 1 1
5868.58 952.695 8953.84 10748.5 1 2
event 10
7044.64 4913.97 12638.6 15591.7
-7221.4 1510.11 26171.3 27367
-5431.9 -39.8742 20768.6 21467.5 1 2
2506.8 2505.61 7641.37 8424 -1 1
-1789.5 1549.98 5402.67 5899.55 -1 2
4537.85 2408.36 4997.24 7167.7 1 1
event 11
-10528.5 -9658.62 -24552.7 28575.5
-1533.17 7005.13 -32718.5 33638
-8274.86 -6190.77 -15595.1 18708.7 -1 1
-2253.62 -3467.85 -8957.58 9866.83 1 1
-1726.67 1944.18 -8254.6 8655.1 -1 2
193.505 5060.95 -24463.9 24982.9 1 2
event 12
10984 -11253 -14387.4 21630.1
-13282.4 4890.12 5930.12 15655.4
-10646.3 2810.02 5364.19 12248.5 -1 2
4050.42 -2032.48 -5066.26 6798.17 -1 1
6933.54 -9220.48 -9321.17 14831.9 1 1
-2636.12 2080.09 565.93 3406.96 1 2
event 13
-26193.2 -12720.8 -116487 120111
18520.3 5955.41 -12611.5 23390.4
8710.02 2774.98 -4104.53 10021.1 1 2
-2810.97 -2095.95 -17378.8 17729.3 -1 1
-23382.2 -10624.8 -99108.1 102382 1 1
9810.3 3180.43 -8506.95 13369.2 -1 2
event 14
-7938.67 6417.53 12993.2 16811.3
-7109.52 -6949.6 12012.1 15897.3
-3245.82 -3106.72 3132.01 5477.93 1 2
-2965.55 626.368 3612.42 4716.73 -1 1
-4973.12 5791.16 9380.73 12094.6 1 1
-3863.69 -3842.88 8880.06 10419.3 -1 2
event 15
-7054.33 -2402.83 941.08 8124.9
10278.3 5257.92 -33032.4 35128.6
-3614.56 -1490.17 2023.6 4403.61 -1 1
-3439.77 -912.66 -1082.52 3721.29 1 1
5131.11 3405.39 -21487 22352.3 -1 2
5147.23 1852.53 -11545.4 12776.3 1 2
event 16
-12498.2 -8095.38 -11064.8 18808.5
-267.959 6242.63 -5583.35 8933.4
-1630.25 3870.25 -3811.42 5672.27 1 2
-6118.49 -2283.09 -4038.42 7679.09 -1 1
1362.3 2372.38 -1771.93 3261.13 -1 2
-6379.69 -5812.29 -7026.34 11129.4 1 1
event 17
-13692.1 -7136.43 -11853.9 19710.6
1451.76 7175.34 -7528.69 10948.3
-283.97 3224.45 -4964.6 5927.57 1 2
-3178.64 -372.014 -3028.36 4407.3 1 1
-10513.4 -6764.42 -8825.56 15303.3 -1 1
1735.73 3950.9 -2564.09 5020.76 -1 2
event 18
-8367.94 5780.97 -9743.58 14421.2
4033.67 7010.87 -50622.8 51358.4
3219.79 2504.87 -23700.5 24049.2 1 2
-2532.03 290.413 -3080.37 3999.42 1 1
-5835.91 5490.55 -6663.21 10421.8 -1 1
813.876 4506 -26922.3 27309.1 -1 2
event 19
5339.46 7777.44 -8559.49 13109.2
-7914.11 -11346.8 -9042.46 16814.8
-2840.72 -3907.47 -4969.3 6931.32 -1 2
2165.18 2658.49 -5147.77 6185.97 -1 1
-5073.39 -7439.29 -4073.16 9883.53 1 2
3174.28 5118.94 -3411.72 6923.2 1 1
event 20
4195.24 7889.33 -5215.56 10799.8
-6441.5 -9338.84 -8585.98 14560.8
-1805.3 -4236.4 -4965.85 6773.26 1 2
-131.124 2511.47 -981.036 2701.53 1 1
4326.37 5377.86 -4234.52 8098.22 -1 1
-4636.2 -5102.44 -3620.13 7787.53 -1 2
event 21
-12006.8 -1801.92 27062.4 29822.4
7094.76 5425.91 -9842.46 13647
-7550.55 -2515.51 15874.6 17758.2 -1 1
-4456.27 713.583 11187.8 12064.3 1 1
3246.23 1301.54 -2148.23 4105.85 -1 2
3848.54 4124.37 -7694.23 9541.17 1 2
event 22
12950.2 1832.44 7855.84 15568.3
8755.94 552.198 7819.98 12153.8
8468.56 2666.08 5322.12 10351.8 1 1
4481.67 -833.636 2533.72 5216.43 -1 1
3678.11 -1037.49 2187.19 4404.53 -1 2
5077.83 1589.68 5632.79 7749.25 1 2
event 23
8463.79 959.52 6605.48 11392
11432.8 3708.87 7649.15 14579.6
9010.17 1806.7 4735.87 10338.6 1 2
3312.5 335.462 483.398 3366.01 1 1
2422.62 1902.17 2913.28 4240.96 -1 2
5151.29 624.058 6122.09 8025.98 -1 1
event 24
10127.7 7002.39 -23627.9 26822.9
17936.3 10175.2 -37464.2 42876.6
7168.7 3484.32 -16742.1 18542.9 -1 1
2959.01 3518.07 -6885.8 8279.97 1 1
10312.6 7404.74 -24206.2 27333.7 -1 2
7623.68 2770.5 -13258 15542.9 1 2
event 25
12652.2 7522.42 -30572.5 34072.4
18211.7 11504 -41188.6 46584.3
8996.36 5688.81 -24887.5 27068.3 -1 1
3655.82 1833.61 -5684.97 7004.08 1 1
15279.9 9317.85 -31519.9 36246.6 -1 2
2931.81 2186.19 -9668.63 10337.7 1 2
event 26
-791.792 -5760.72 1191.74 6695.24
11717.3 -7512.05 -33358.7 36278.4
683.561 -3034.71 1709.16 3550.93 1 1
-1475.35 -2726.02 -517.421 3144.32 -1 1
7544.05 -6492.96 -23839.7 25834.3 1 2
4173.23 -1019.1 -9519.08 10444.1 -1 2
event 27
10410.5 7560.5 17684 22087.4
-3259.37 -9289.72 6250.86 12065.9
7124.41 6787 13626.1 16807.8 1 1
3286.06 773.496 4057.88 5279.59 -1 1
-1660.33 -1591.83 2344.57 3286.15 -1 2
-1599.05 -7697.89 3906.29 8779.79 1 2
event 28
181.354 7929.52 -34499.8 35535
-2510.4 -8709.75 -10911.8 14519.6
-707.238 -6981.87 -8733.12 11203.8 1 2
1322.18 3639.09 -12300.8 12896.2 -1 1
-1803.17 -1727.88 -2178.66 3315.83 -1 2
-1140.82 4290.43 -22199 22638.8 1 1
event 29
10762.7 -2180.52 18278.3 21547.1
9710.79 556.913 3422.35 10766.3
7056.58 148.287 964.776 7124.55 1 2
4766.44 -974.732 5274.86 7176.66 1 1
2654.21 408.626 2457.57 3641.79 -1 2
5996.25 -1205.79 13003.4 14370.4 -1 1
event 30
10840.7 -2911.99 17845.5 21308.5
11173.8 -460.972 3331.54 12072.9
4531.73 987.204 2359.84 5204.92 -1 2
2756.64 -1841.25 6931.03 7683.73 -1 1
8084.1 -1070.73 10914.4 13624.8 1 1
6642.02 -1448.18 971.696 6867.97 1 2
event 31
6783.98 8536.78 -51039 52282.6
-9934.23 -13797.4 -4563.7 17873.9
3986.82 3970.26 -19652.2 20442.1 1 1
2797.16 4566.52 -31386.7 31840.5 -1 1
-5579.5 -7090.46 -3959.78 9853.76 -1 2
-4354.73 -6706.95 -603.924 8020.14 1 2
event 32
10733.1 -2483.72 36846.5 38582.7
-1968.27 7353.62 -4144.98 9204.35
-1736.3 2894.59 -3172.27 4633.34 -1 2
2461.73 -1971.07 10315.6 10787.4 1 1
8271.37 -512.65 26530.8 27795.2 -1 1
-231.973 4459.03 -972.714 4571.01 1 2
event 33
-6572.47 15807.2 -44981.8 48228.9
-3371.32 -3288.7 -15441.7 16438.3
-3201.97 11368.2 -29732.3 31992.3 -1 1
-3370.5 4439.06 -15249.6 16236.6 1 1
-3231.13 -1244.55 -11253.3 11774.4 -1 2
-140.191 -2044.14 -4188.39 4663.9 1 2
event 34
7587.28 -24377.2 -134691 137125
-3925.03 24178.8 -34109.6 42107.9
-3236.36 20524.3 -30639.6 37020.5 1 2
1127.11 -7969.3 -38992.1 39814.3 -1 1
-688.674 3654.53 -3469.95 5087.39 -1 2
6460.17 -16407.9 -95699.2 97310.3 1 1
event 35
11727.1 4648.87 20179.2 23998.5
-1848.81 7943.23 10455.2 13616.7
609.244 3188.45 2881.06 4341.55 -1 2
2161.74 -202.39 2431.52 3261.52 -1 1
9565.33 4851.26 17747.7 20736.9 1 1
-2458.05 4754.78 7574.14 9275.17 1 2
event 36
13419.7 6116.77 24697.3 28931.8
-3146.56 6281.26 10130.5 12711.2
-3561.45 4297.51 8126.09 9858.86 1 2
6063.84 3337.12 8805.7 11200.8 -1 1
414.886 1983.75 2004.37 2852.38 -1 2
7355.82 2779.65 15891.6 17731 1 1
event 37
-11210.3 -770.304 25406.2 27952.2
6346.95 7324.26 -36604.7 37992.4
2015.89 4657.24 -17395.4 18120.8 1 2
-3098.02 932.303 9126.01 9683.08 1 1
-8112.24 -1702.61 16280.2 18269.2 -1 1
4331.06 2667.02 -19209.4 19871.6 -1 2
event 38
-6738.73 9487.68 -55528.3 56854.2
-1570.69 -7964.36 -22713.5 24318.5
-2020.48 -5878.37 -13533.6 14893.2 -1 2
-1403.71 5100.83 -25099.1 25650.8 -1 1
-5335.02 4386.85 -30429.2 31203.4 1 1
449.787 -2085.98 -9179.89 9425.24 1 2
event 39
-4468.92 -3618.8 -4511.23 7937.79
-11769.6 -3632.31 -3291.51 13120.4
-3674.39 -1165.08 -2032.19 4358.84 -1 1
-794.532 -2453.73 -2479.05 3578.95 1 1
-6745.84 -3569.43 -1455.99 7770.35 1 2
-5023.79 -62.8823 -1835.52 5350.02 -1 2
event 40
-8931.66 -6529.72 -39919.9 41540.4
10347.3 -411.915 -4677.12 11777.2
6284.5 -1758.53 -2878.16 7133.19 -1 2
-3463.84 -2725.8 -21636.3 22081 1 1
-5467.81 -3803.92 -18283.6 19459.4 -1 1
4062.78 1346.61 -1798.96 4644.02 1 2
event 41
-7608.1 -7852.49 -54772.2 55974.3
5952.36 6083.52 3147.11 9588.26
2175.25 2640.48 2873.45 4468.98 -1 2
-2587.86 -1110.75 -8811.33 9251.03 1 1
-5020.25 -6741.75 -45960.9 46723.3 -1 1
3777.1 3443.03 273.662 5119.28 1 2
event 42
6945.05 2578.57 3153.6 8626.64
-1721.99 9623.11 29003.3 30762.7
-1897.29 2940.48 11705.1 12217.5 -1 2
2129.87 1795.86 -51.8607 2788.43 -1 1
175.305 6682.63 17298.1 18545.2 1 2
4815.17 782.713 3205.47 5838.21 1 1
event 43
1562.99 4784.83 11120.4 12593.3
5439.42 -9253.7 5523.76 12462.8
2452.8 2787.08 7274.65 8167.97 1 1
-889.809 1997.75 3845.7 4425.31 -1 1
4393.71 -4569.76 2681.04 6883.78 1 2
1045.72 -4683.95 2842.72 5578.99 -1 2
event 44
-8553.42 6607.89 -4646.43 12165.8
-8390.2 7054.47 -3149.68 11818.3
-7187.48 4294.24 -2467.79 8729.35 1 2
-2321.51 2205.73 -2935.98 4345.78 -1 1
-1202.73 2760.23 -681.89 3088.94 -1 2
-6231.92 4402.16 -1710.44 7820.01 1 1
event 45
1989.3 8450.38 -9872.24 13506.3
2880.11 6572.53 -20357.5 21806.2
68.8653 3726.66 -8223.23 9029.14 1 2
563.138 3444.44 -1874.03 3962.88 1 1
1426.16 5005.94 -7998.22 9543.38 -1 1
2811.25 2845.87 -12134.3 12777.1 -1 2
event 46
6141.11 -3782.45 4306.1 8952.86
3191.37 -10413.9 26341.3 28672.1
2923.01 -2599.08 3855.12 5492.93 1 1
3218.1 -1183.37 450.979 3459.93 -1 1
2897.26 -5316.67 11857.6 13314.5 -1 2
294.107 -5097.25 14483.7 15357.6 1 2
event 47
1944.72 8362.46 -3298.2 9704.74
-2420.47 -7710.68 1889.37 8858.52
127.5 -3301.37 1800.53 3764.09 1 2
1954 2242.73 -713.732 3060.8 1 1
-9.28376 6119.73 -2584.47 6643.94 -1 1
-2547.97 -4409.31 88.8381 5094.43 -1 2
event 48
1115.64 13532.2 11927.1 18336.1
-4823.97 -5417.2 -16073 17903.9
1538.19 7719.5 5197.39 9432.96 1 1
-422.556 5812.73 6729.7 8903.16 -1 1
-1976.73 -3843.94 -6625.88 7911.81 -1 2
-2847.24 -1573.26 -9447.14 9992.08 1 2
event 49
-1571.17 11429.7 4859.79 12896.4
-6890.69 -5357.85 8835.26 12800
-1468.05 8241.75 4907.77 9704.58 1 1
-103.121 3187.99 -47.9813 3191.77 -1 1
-2745.59 -374.028 2851.97 3977.82 -1 2
-4145.11 -4983.82 5983.29 8822.2 1 2
event 50
6311.11 427.6 38492.2 39131.2
-11745.3 1960.77 23216.5 26275.3
4435.18 1716.71 26847.1 27265.3 1 1
1875.93 -1289.11 11645 11865.9 -1 1
-6667.56 741.686 9788.55 11867.3 -1 2
-5077.73 1219.09 13428 14408 1 2
event 51
324.346 15214.7 26990.8 31139.8
-2002.07 -5670.88 -802.536 6811.91
-1800.13 -3637.95 -1908.42 4486.46 1 2
-1383.27 7344.11 13219 15185.6 1 1
-201.941 -2032.93 1105.88 2325.45 -1 2
1707.61 7870.62 13771.9 15954.2 -1 1
event 52
5349.1 11621.7 -1266.39 13223.9
650.23 -4899.32 -1663.1 6065.02
-580.243 -3175.85 -2161.91 3886.87 1 2
3093.18 3410.05 -946.288 4701.37 -1 1
1230.47 -1723.47 498.807 2178.16 -1 2
2255.92 8211.63 -320.105 8522.54 1 1
event 53
-521.859 5786.64 1551.63 6764.3
1299.27 -6780.39 -8374.07 11286.2
-726.147 -2942.69 -2234.16 3766.88 1 2
-1244.8 1721.9 1553.88 2634.42 -1 1
2025.41 -3837.7 -6139.91 7519.3 -1 2
722.941 4064.74 -2.24831 4129.88 1 1
event 54
-4112.02 -7614.76 -2794.79 9607.03
2270.06 14737.7 -12475.8 19687.3
1566.15 4122.91 -5092.44 6737.6 -1 2
-2407.14 -1502.54 -710.306 2927.05 1 1
703.916 10614.8 -7383.33 12949.7 1 2
-1704.88 -6112.23 -2084.48 6679.98 -1 1
event 55
-4033.13 -8821.9 -1867.26 10352.3
3026.41 15654 -14640.4 21866.4
1264.3 5225.65 -3077.5 6195.81 -1 2
-1289.87 -2741.49 -2081.57 3677.45 1 1
1762.11 10428.4 -11562.9 15670.6 1 2
-2743.26 -6080.41 214.311 6674.87 -1 1
event 56
1198.96 6235.07 1995.6 7340.78
8192.86 3254.91 1055.77 9403.37
3994.81 -49.5361 319.464 4009.26 -1 2
-1017.21 2557.55 548.045 2808.43 -1 1
4198.06 3304.45 736.305 5394.11 1 2
2216.17 3677.52 1447.56 4532.34 1 1
event 57
-9582.22 1412.08 -13875.5 17202.7
7747.62 -1350.57 -5273.15 9962.35
-5939.94 1469.99 -10889.1 12491.1 -1 1
-3642.28 -57.9139 -2986.39 4711.61 1 1
1780.31 -1436.44 -2469.38 3367.77 -1 2
5967.31 85.871 -2803.76 6594.57 1 2
event 58
2185.11 -13312 19693.4 24070.8
-2280.61 5759.96 16466.7 17863.9
-2719.93 3603.2 12941.2 13706.5 1 2
1216.79 -6566.85 7076.58 9731.04 -1 1
439.324 2156.76 3525.46 4157.48 -1 2
968.326 -6745.14 12616.8 14339.8 1 1
event 59
3731.41 -10186.9 -3298.21 11754.4
4091.93 2855.66 2278.96 6299.49
522.193 -5623.87 -1087.24 5752.73 -1 1
3209.22 -4563.01 -2210.97 6001.64 1 1
3403.16 745.4 653.556 3546.19 -1 2
688.768 2110.26 1625.41 2753.31 1 2
