event 0
-9886.88 -3876.73 6111.96 12638.3
-4118.59 -7101.44 8951.25 12534.3
-1539.52 -5088.42 4256.77 6811.27 -1 2
-4682.56 -1317.2 4476.61 6611.54 1 1
-5204.33 -2559.53 1635.36 6026.75 -1 1
-2579.07 -2013.02 4694.48 5723.04 1 2
event 1
-7583.42 -10128 -2130.53 13199
-6175.96 6754.94 25080.4 26877.4
-3125.85 -6699.46 -1434.88 7531.52 1 1
-4457.58 -3428.58 -695.647 5667.48 -1 1
-2644.24 2173.54 5678.46 6631.17 -1 2
-3531.72 4581.4 19401.9 20246.2 1 2
event 2
-4839.78 -5734.93 -1635.05 8281.12
-5894.93 8727.33 38366.7 39906.3
-3548.21 -1944.93 -298.842 4058.69 -1 1
-1291.57 -3790.01 -1336.21 4222.43 1 1
-3720.96 3942.8 24089.2 24692 1 2
-2173.97 4784.53 14277.4 15214.3 -1 2
event 3
12131.7 4317.67 2714.18 13519.5
7362.34 2213.72 1738.09 8468.58
5169.9 195.394 1820.48 5485.56 -1 2
2689.93 2101.63 1551.73 3751.21 -1 1
9441.74 2216.04 1162.45 9768.3 1 1
2192.44 2018.33 -82.3904 2983.02 1 2
event 4
-3997.42 -7958.98 28006.9 29551.6
-9595.02 -1120.75 7012.68 12332.4
-5778.47 -40.6115 2427.15 6268.54 1 2
-508.492 -4019.73 14491.2 15047.4 -1 1
-3816.55 -1080.14 4585.53 6063.91 -1 2
-3488.93 -3939.25 13515.6 14504.2 1 1
event 5
-8606.2 5259.6 -7678.52 13049.2
6331.89 -10353.6 4486.27 13304.4
865.995 -4162.26 1812.67 4622.91 -1 2
-2168.34 2711.83 -1556.68 3806.59 -1 1
5465.9 -6191.39 2673.6 8681.51 1 2
-6437.86 2547.77 -6121.84 9242.58 1 1
event 6
4680.09 8460.81 781.081 10182.8
4646.3 21502 6564.72 23164.9
4634.8 5828.05 1101.55 7528.09 1 1
45.2874 2632.76 -320.473 2654.68 -1 1
4124.57 12556.7 3255.24 13612.2 -1 2
521.729 8945.3 3309.48 9552.71 1 2
event 7
-10296.8 -2319.74 -17850.9 20967.8
-15219.5 -6138.08 -13665.2 21578.6
-13431.1 -4746.08 -12797.6 19149.7 1 2
-3931.31 -2413.38 -8106.98 9328.13 -1 1
-1788.43 -1391.99 -867.576 2428.99 -1 2
-6365.48 93.6401 -9743.89 11639.7 1 1
event 8
-18224.7 -7439.26 -14975.4 25006.7
-7763.84 -1548.54 -14205.6 16554.9
-4387.05 -2376.74 -7657.4 9140.14 1 2
-4954.49 -3672.69 -5566.8 8308.79 -1 1
-3376.78 828.2 -6548.24 7414.79 -1 2
-13270.2 -3766.57 -9408.6 16697.9 1 1
event 9
7792.09 -16344.8 1080.94 18402
-19370.1 10932.6 -18257.2 28942
-8725.21 3195.93 -7839.33 12157.7 1 2
4815.5 -6627.89 837.495 8235.93 1 1
-10644.9 7736.68 -10417.9 16784.3 -1 2
2976.59 -9716.95 243.445 10166.1 -1 1
event 10
-6089.86 3767.95 -6359.57 10065.7
12077.2 -5154.5 -14215.5 19598.5
-3558.33 1561.21 -5239.4 6523.93 -1 1
-2531.54 2206.74 -1120.17 3541.8 1 1
7016.63 -1344.5 -7930.38 10674.4 -1 2
5060.61 -3810 -6285.16 8924.14 1 2
event 11
8666.95 -8205.75 -4905.16 13270.3
10970.8 -8109.38 -3844.34 14508.3
5619.57 -4998.72 -4638.38 8837 -1 1
3047.38 -3207.03 -266.775 4433.27 1 1
8911.27 -7845.44 -2885.62 12218.8 -1 2
2059.57 -263.94 -958.717 2289.5 1 2
event 12
6137.99 -4367.03 -821.867 8186.09
8472.93 -7261.82 -3398 12069.1
4473.43 -1365.45 -112.523 4679.73 1 1
1664.56 -3001.59 -709.344 3506.36 -1 1
5508.43 -5704.83 -1100.73 8006.92 -1 2
2964.5 -1556.99 -2297.27 4062.15 1 2
event 13
10657.6 -9609.55 -1654.75 14773.5
8822.35 -5580.24 -2722.58 11223.9
4719.94 -5863.8 129.03 7529.26 1 1
5937.63 -3745.75 -1783.78 7244.25 -1 1
7055.43 -4325.91 -3404.9 8949.7 -1 2
1766.92 -1254.33 682.316 2274.22 1 2
event 14
9160.55 5666.26 1699.67 11335.9
12030.2 3023.17 -19900.8 23653.7
7528.73 2061.16 -9619.84 12388.8 1 2
4310.81 2931.2 -721.035 5263.66 -1 1
4501.44 962.01 -10281 11264.9 -1 2
4849.74 2735.06 2420.71 6072.19 1 1
event 15
4141.93 -10790.5 -20668.9 23882.8
-3133.65 -8055.88 -14486 17150.9
1009.57 -6876.14 -11878.5 13762.7 -1 1
3132.36 -3914.38 -8790.41 10120.1 1 1
-1401.33 -4137.13 -10167.7 11066.8 -1 2
-1732.32 -3918.76 -4318.3 6084.11 1 2
event 16
3390.66 -8767.74 -21154.3 23440.6
-2529.05 -7157.03 -14977.4 17190.9
2477.82 -4445.61 -7307.5 8905.83 -1 1
912.845 -4322.13 -13846.8 14534.8 1 1
-368.923 -4004.77 -10816.7 11540.7 -1 2
-2160.13 -3152.26 -4160.67 5650.24 1 2
event 17
-8663.47 -1599.91 -11883.9 15114
5143.13 -4425.31 -1029.9 7529.07
3784.98 -2003.32 571.724 4321.74 1 2
-3945.43 -2298.18 -5899.81 7461.03 -1 1
1358.15 -2422 -1601.62 3207.33 -1 2
-4718.04 698.274 -5984.08 7652.97 1 1
event 18
5330.29 -10722.5 2118.24 12548.4
-7175.58 14045.3 9790.7 18820.4
-4807.56 11354.3 6433.27 13907.9 1 2
3970.86 -4594.32 1369.1 6225.84 1 1
-2368.02 2691.04 3357.43 4912.5 -1 2
1359.43 -6128.17 749.141 6322.57 -1 1
event 19
9445.1 -14307.1 790.64 17439.1
-3236.36 8048.25 6546.72 11300.4
5216.56 -8981.82 -915.43 10427.6 -1 1
4228.54 -5325.31 1706.07 7011.51 1 1
-3150.85 4178.87 4591.24 6962.87 -1 2
-85.5122 3869.38 1955.47 4337.56 1 2
event 20
4917.09 7785.84 -788.587 9747.29
7070.37 -16656.9 -63170.2 65783.8
3488.51 3527.21 706.217 5012.06 -1 1
1428.58 4258.63 -1494.8 4735.23 1 1
2994.9 -10898.1 -38958 40564.5 -1 2
4075.47 -5758.79 -24212.2 25219.3 1 2
event 21
16710.1 -3916.48 -7180.84 18860.6
3538.88 -6068.57 1159.48 7764.47
3216.43 -3444.53 1793.61 5043.65 -1 2
3576.16 340.838 -981.112 3725.43 -1 1
13133.9 -4257.32 -6199.73 15135.2 1 1
322.443 -2624.05 -634.127 2720.82 1 2
event 22
10381.8 787.426 -1423.55 10955.4
7519.76 453.842 8454.74 11739.9
4549.23 250.536 7169.13 8495.05 -1 2
3651.14 -242.371 882.713 3765.62 -1 1
6730.66 1029.8 -2306.27 7189.73 1 1
2970.53 203.307 1285.61 3244.9 1 2
event 23
-1386.85 11196.3 -3570.36 12232.1
6453.99 -7657.11 10521.9 14852.1
3349.6 -5629.52 5196.38 8362.1 1 2
-2105.48 5237.19 -1162.89 5764.08 1 1
3104.39 -2027.6 5325.5 6490.03 -1 2
718.624 5959.13 -2407.47 6467.98 -1 1
event 24
2780.5 -10233 13356.6 17333
-4451.41 35110.1 716.8 35533.6
160.508 7615.27 -440.446 7630.42 -1 2
740.848 -2139.53 5152.87 5629.36 1 1
-4611.92 27494.9 1157.25 27903.2 1 2
2039.65 -8093.45 8203.71 11703.7 -1 1
event 25
-5558.18 -4190.53 -6892.33 10273.7
914.757 8258.56 -9735.34 13168.5
1273.88 5517.18 -4449.15 7201.95 1 2
-1549.16 -2764.93 -1835.29 3663.9 1 1
-359.118 2741.38 -5286.2 5966.5 -1 2
-4009.02 -1425.6 -5057.04 6609.79 -1 1
event 26
1442.36 -9460.12 3705.88 10719.1
2929.6 7041.69 -8890.86 12116.4
-158.643 3562.21 -3552.54 5034.5 -1 2
-429.194 -2246.43 -211.092 2299.21 1 1
1871.56 -7213.69 3916.98 8419.85 -1 1
3088.24 3479.48 -5338.33 7081.87 1 2
event 27
-3943.82 5197.31 -4173.96 8341.41
1511.93 -7182.79 -4675.62 9237.49
1931.22 -2812.76 -2976.03 4528.7 1 2
-1607.49 1416.9 136.012 2149.72 -1 1
-2336.33 3780.41 -4309.97 6191.68 1 1
-419.286 -4370.03 -1699.59 4708.79 -1 2
event 28
-5723.77 11358.6 -34455.9 36858.9
5785.52 -6439.3 3439.33 9816.18
2625.75 -5139.82 2283.2 6207.77 -1 2
-2880.92 4132.83 -9968.83 11170 -1 1
-2842.84 7225.78 -24487.1 25688.9 1 1
3159.77 -1299.48 1156.13 3608.41 1 2
event 29
5113.72 7299.36 -3575.13 10089.8
-5635.17 3753.57 -3162.98 8089.45
-3206.54 2524.18 -3457.24 5349.49 -1 2
1453.16 3571.26 -186.719 3861.56 -1 1
3660.56 3728.1 -3388.41 6228.24 1 1
-2428.62 1229.39 294.259 2739.96 1 2
event 30
-10455.2 2129.5 -7609.95 13466.5
-29998 5390.93 -29143.1 42283
-5376.06 1577.13 -3993.33 6880.93 1 2
-3624.66 -590.244 -1777.41 4081.29 1 1
-24621.9 3813.8 -25149.8 35402.1 -1 2
-6830.54 2719.75 -5832.53 9385.25 -1 1
event 31
-12709.6 2395.84 -10937.9 17219.2
-24155.3 4747.58 -23951.1 34485.7
-4715.53 858.822 -6480.27 8060.94 -1 2
-2702.89 658.081 -866.862 2915.69 -1 1
-19439.7 3888.76 -17470.9 26424.8 1 2
-10006.7 1737.76 -10071 14303.5 1 1
event 32
-8110.13 -31230.5 -9227.03 33702.3
6820.73 753.356 4862.86 8962.6
4219.73 1963.59 2894.85 5482.07 1 2
-3684.28 -8885.99 -2262.21 9882.49 1 1
2601 -1210.23 1968.02 3480.53 -1 2
-4425.85 -22344.5 -6964.82 23819.9 -1 1
event 33
2986.18 -9979.12 -7105.93 12984
3748.3 -5191.17 26.933 7112.63
792.713 -7549.92 -4995.03 9087.97 1 1
2193.47 -2429.2 -2110.9 3896.07 -1 1
67.8701 -2324.58 -600.989 2404.29 -1 2
3680.43 -2866.59 627.922 4708.33 1 2
event 34
1717.97 5282 10686.4 12435.4
-26737.4 41358.2 31710 58655.8
164.983 3585.5 8634.38 9351.3 1 1
1552.98 1696.5 2051.98 3084.09 -1 1
-16338.5 26804 18724.4 36551.5 -1 2
-10398.9 14554.3 12985.6 22104.3 1 2
event 35
2326.8 6822.45 11241.7 13708.6
-21952.9 32111.3 24710.3 46187.2
2163.32 3306.93 3835.01 5507.65 -1 1
163.475 3515.52 7406.66 8200.93 1 1
-18788.5 27342.5 19726.9 38597.7 1 2
-3164.39 4768.81 4983.39 7589.48 -1 2
event 36
2119.75 10724.9 -16133.5 19733.2
4441.65 -2635.04 -7282.95 9450.07
2015.84 -2656.17 -2815.84 4365.66 1 2
1653.71 5230.36 -5580.73 7826.05 -1 1
2425.81 21.1309 -4467.11 5084.41 -1 2
466.032 5494.58 -10552.8 11907.1 1 1
event 37
-7588.92 -5861.25 6397.87 11936.1
479.114 6885.75 6350.67 9877.5
-1095.99 4044.36 2682.83 4976.62 -1 2
-2351.82 -3429.74 3677.49 5552.41 1 1
-5237.11 -2431.52 2720.38 6383.67 -1 1
1575.1 2841.39 3667.84 4900.88 1 2
event 38
632.276 11465.6 54534.2 55816.1
5185.26 4261.94 36724.7 37461.2
-506.065 6891.53 26402.9 27292.3 1 1
1138.34 4574.11 28131.4 28523.7 -1 1
2384.87 118.952 11815.9 12055.2 -1 2
2800.39 4142.99 24908.8 25406 1 2
event 39
6466.22 -9401.34 -3303.03 12275.9
1348.77 13375.7 1152.69 13843.7
-955.73 5412.85 686.509 5540.29 1 2
2233.31 -1300.16 -1392.54 2937.41 -1 1
4232.91 -8101.18 -1910.49 9338.51 1 1
2304.5 7962.83 466.182 8303.37 -1 2
event 40
9143.12 4772.35 -20047.2 22756.4
2064.78 -9212.91 -33742.4 35175
-659.152 -3290.8 -13352.4 13768.2 1 2
2715.35 1010.51 -3099.23 4243.89 1 1
6427.77 3761.84 -16948 18512.5 -1 1
2723.93 -5922.11 -20390 21406.8 -1 2
event 41
-16651.7 -20915.4 -20916.2 34085.3
-46917.5 -4293.81 -10204.4 48305.3
-13723 -901.631 -1596.19 13845.3 -1 2
-3047.56 -5141.82 -5964.82 8444.89 1 1
-33194.5 -3392.18 -8608.18 34460 1 2
-13604.1 -15773.6 -14951.4 25640.4 -1 1
event 42
-13529.8 -17192.4 -14740.7 26561.6
-50751.6 -4736.47 -10862.5 52208.6
-8767.01 -1976.4 -2132.87 9237.25 1 2
-5851.62 -5074.65 -4936.89 9185.73 -1 1
-41984.6 -2760.07 -8729.62 42971.4 -1 2
-7678.15 -12117.7 -9803.85 17375.9 1 1
event 43
-4009.38 7095.32 -29107.9 30385.5
7409.53 -3300.17 -17808 19811.8
2726.92 -2373.77 -10276.5 10894.4 1 2
-244.291 2082.49 -11605.6 11793.9 -1 1
-3765.09 5012.83 -17502.3 18591.6 1 1
4682.61 -926.399 -7531.48 8917.37 -1 2
event 44
18158.8 531.465 15902.7 24341.6
4883.59 11582.6 12157.5 17759.5
669.825 5511.45 5364.98 7721.33 1 2
4860.63 -1175.92 4819.14 6945.78 1 1
13298.2 1707.38 11083.6 17395.8 -1 1
4213.77 6071.18 6792.48 10038.1 -1 2
event 45
1813.57 4954.6 -6937.07 9249.38
17902.4 7579.68 -74231.5 76797.4
2598.35 3025.55 -4020.18 5663.78 -1 1
-784.779 1929.05 -2916.9 3585.6 1 1
10136.7 5518.72 -47655.8 49033.6 1 2
7765.7 2060.95 -26575.7 27763.9 -1 2
event 46
-23958.8 -6587.59 -97321.6 100491
-7269.19 1388.35 -29787 30848.4
-12095.9 -4469.99 -54631.8 56133.3 -1 1
-11862.8 -2117.6 -42689.8 44358.1 1 1
-4998.07 192.749 -14301.3 15151.1 -1 2
-2271.12 1195.6 -15485.7 15697.3 1 2
event 47
-20983.2 -7475.64 -83711.9 86680.1
-6618.86 790.629 -28158.8 29102.3
-3901.2 1891.32 -18831.5 19324.5 1 2
-8345.06 -3417.15 -39623.6 40636.9 -1 1
-2717.66 -1100.69 -9327.27 9777.85 -1 2
-12638.1 -4058.49 -44088.2 46043.2 1 1
event 48
-1392.91 -7015.7 -9845.29 12557.1
-9531.93 -2575.66 -16059.8 19105
-3447.91 -1539.06 -3689.5 5280.18 1 2
561.768 -1985.63 -4543.42 4991.2 1 1
-6084.02 -1036.6 -12370.3 13824.8 -1 2
-1954.67 -5030.07 -5301.87 7565.93 -1 1
event 49
-9699.24 815.958 10915.6 14949.4
8315.96 -856.249 36927.1 37988
-5388.89 994.506 8158.21 9828.36 1 1
-4310.34 -178.548 2757.43 5121.09 -1 1
3489.38 1156.74 15981.4 16399.1 -1 2
4826.58 -2012.99 20945.6 21588.8 1 2
event 50
7670.06 -6778.83 -30.5824 10879.8
8096 243.443 -34281.2 35360.9
3514.01 1604.63 -13975.8 14500.3 -1 2
601.601 -2197.1 -809.275 2419.77 -1 1
7068.46 -4581.73 778.693 8460.08 1 1
4581.99 -1361.18 -20305.4 20860.7 1 2
event 51
2095.51 -4858.54 -826.162 6186.29
-9242.11 1733.6 15173.6 18117.7
-322.882 -3149.17 -416.757 3194.75 1 1
2418.39 -1709.37 -409.405 2991.55 -1 1
-5483.95 -483.545 7768.32 9521.84 1 2
-3758.16 2217.14 7405.28 8595.86 -1 2
event 52
11399.4 3176.11 17153.6 21068.1
-5058.95 -6978 32540.7 33804.9
-4434.3 -3926.93 23770.2 24497.3 -1 2
5419.84 1339.18 10761.7 12124.1 -1 1
5979.52 1836.94 6391.84 8944.04 1 1
-624.651 -3051.06 8770.46 9307.59 1 2
