event 0
-11618 -6199.64 -39478 41731.5
16797.1 -3755.57 -69818.4 71975.3
5042.91 -2462.48 -20009.6 20782 -1 2
-2367.91 -2783.56 -11425.5 11996.2 1 1
11754.2 -1293.09 -49808.7 51193.3 1 2
-9250.06 -3416.08 -28052.5 29735.3 -1 1
event 1
-2932.96 7805.84 14555.9 17058.7
3536.98 -6413.87 -2998.7 8498.82
1002.11 -3052.44 -2832.12 4284.12 -1 2
-1940.93 1493.62 3238.63 4061.77 -1 1
-992.034 6312.23 11317.2 12996.9 1 1
2534.87 -3361.43 -166.578 4214.7 1 2
event 2
-12844.2 4422.09 8368.41 16252.7
4892.47 -2890.78 29482.8 30184.7
-9618.56 1905.5 6413.67 11717.3 -1 1
-3225.68 2516.58 1954.74 4535.45 1 1
3949.8 -705.576 16184.8 16675.1 -1 2
942.666 -2185.21 13297.9 13509.6 1 2
event 3
-11362 4407.92 8330.53 15083.5
4258.03 -5051.04 27188.2 28150.2
4090.51 -2658.27 17334.5 18008.2 -1 2
-3903.7 2029.45 1374.36 4610.59 1 1
-7458.28 2378.47 6956.17 10472.9 -1 1
167.517 -2392.77 9853.72 10142 1 2
event 4
14890.8 9821.59 76177 78299
6257.55 7273.3 20733.8 23055.1
4087.5 6625.6 15290.5 17158.6 -1 2
5509.8 1993.61 26701.5 27337.1 -1 1
9381.02 7827.98 49475.5 50961.9 1 1
2170.04 647.695 5443.29 5896.54 1 2
event 5
6138.71 6301.5 17067.4 19449.4
7642.2 5402.54 42038.8 43179.2
4104.74 4704.31 25877.5 26620.2 1 2
3360.51 2090.59 10087.3 10836.4 1 1
3537.46 698.224 16161.3 16559 -1 2
2778.19 4210.91 6980.05 8612.92 -1 1
event 6
7531.74 2966.48 4538.21 9783.31
-7688.56 1323.2 18335.1 20165.1
-3139.19 1038.94 4412.92 5515.34 -1 2
2232.12 1673.55 175.278 2797.32 -1 1
5299.62 1292.93 4362.93 6985.98 1 1
-4549.37 284.258 13922.1 14649.7 1 2
event 7
-1579.29 9907.79 4950.12 11608.3
-448.958 -8354.84 42859.1 43777.9
674.653 -6084.35 34626.9 35164 -1 2
309.449 3419.08 3034.82 4583.36 -1 1
-1888.74 6488.71 1915.3 7024.97 1 1
-1123.61 -2270.49 8232.27 8613.88 1 2
event 8
5326.22 3500.36 -7793.51 10533.4
2163.49 -7937.32 10430.2 13640.4
305.376 -4064.59 3017.57 5072.58 -1 2
638.39 1973.98 -3055.86 3695.07 -1 1
4687.83 1526.38 -4737.66 6838.29 1 1
1858.11 -3872.73 7412.58 8567.86 1 2
event 9
-823.174 -27161.9 64219.5 69801
-4885.78 123.044 6769.65 8905.34
-583.589 -20829.9 45688.6 50216.4 1 1
-239.585 -6331.94 18530.9 19584.6 -1 1
-3132.34 1252.36 2666.46 4301.29 -1 2
-1753.43 -1129.32 4103.19 4604.04 1 2
event 10
-5774.98 -1571.24 10270.9 12284.2
-207.781 -23261.1 56037.4 60752.8
-4385.92 206.078 7681.14 8848.15 1 1
-1389.06 -1777.32 2589.76 3436.04 -1 1
-1253.95 -18803.7 46459.9 50136.6 1 2
1046.17 -4457.36 9577.57 10616.2 -1 2
event 11
-649.951 -6368.9 -6619.9 9715.95
-6680.9 8454.41 -21071.7 23868.7
-1652.56 -3293.51 -4623.89 5913.52 -1 1
1002.61 -3075.39 -1996.01 3802.43 1 1
-3123.24 4918.21 -14294.1 15436.2 1 2
-3557.66 3536.2 -6777.55 8432.56 -1 2
event 12
9306.03 -2509.49 6521.37 12042.4
-25925.1 -12935.2 34234.3 44955.6
5933.89 -3072.05 3945.62 7760.64 1 1
3372.14 562.551 2575.75 4281.76 -1 1
-14896.1 -6004.53 17580.5 23812.4 1 2
-11029 -6930.7 16653.9 21143.2 -1 2
event 13
-19401.3 -7784.04 23307.8 31461.9
7537.82 -2785.54 4324.91 9637.12
4702.6 -124.033 2664.26 5407.34 1 2
-5440.35 -3714.49 7065.92 9660.91 1 1
2835.22 -2661.51 1660.66 4229.78 -1 2
-13961 -4069.55 16241.9 21801 -1 1
event 14
-15322 -7203.57 -7083.49 18612.3
9335.95 -4799.81 9959.6 14798.1
5851.89 -3926.06 4865.55 8564.07 1 2
-7125.79 -3011.44 -4874.74 9144.39 1 1
3484.06 -873.756 5094.05 6233.99 -1 2
-8196.23 -4192.13 -2208.74 9467.94 -1 1
event 15
10394 2346.3 -3397.04 11604.8
-9155.52 3508.44 -7709.42 13006
6007.78 -208.343 -1634.55 6230.55 -1 1
4386.22 2554.64 -1762.49 5374.26 1 1
-6481.54 1472.29 -3191.26 7373.82 -1 2
-2673.98 2036.15 -4518.16 5632.14 1 2
event 16
-4069.25 9610.35 531.303 10899.1
-6253.56 -4344.3 -4085.61 9179.49
-3870.73 -823.42 -1759.25 4332.05 1 2
-234.423 3576.86 -672.615 3648.63 1 1
-3834.83 6033.49 1203.92 7250.48 -1 1
-2382.83 -3520.88 -2326.36 4847.44 -1 2
event 17
-12630.7 -3138.64 -49179.2 50966.4
1156 7862.23 -7161.29 11136.7
-8275.07 -1168 -26427.8 27717.9 1 1
-4355.63 -1970.64 -22751.4 23248.5 -1 1
-1070.1 2439.09 -2215.1 3465.85 -1 2
2226.11 5423.14 -4946.19 7670.85 1 2
event 18
-12555.9 -3207.83 -51334.5 53073.1
1364.49 7729 -6381.76 10579.1
764.697 5614.68 -6155.44 8367.2 -1 2
-4620.25 492.651 -15326.8 16016 1 1
-7935.6 -3700.48 -36007.7 37057.1 -1 1
599.794 2114.31 -226.318 2211.89 1 2
event 19
-1048.35 -5118.06 -1989.97 6390.96
3601.23 -13930.5 -852.43 14742.7
770.943 -3563.97 -887.348 3754.3 1 1
-1819.29 -1554.1 -1102.62 2636.66 -1 1
3620.91 -9453.52 264.469 10127.2 -1 2
-19.6777 -4477 -1116.9 4615.46 1 2
event 20
7979.38 -3160.27 -5927.99 10880.7
-12325.7 15834.2 -625.888 20313.2
3998.12 -1826.04 -4846.17 6543.39 -1 1
3981.26 -1334.23 -1081.82 4337.29 1 1
-8475.2 12888.9 -935.481 15454.4 -1 2
-3850.48 2945.3 309.593 4858.81 1 2
event 21
13258.2 -6216.41 -26046.7 30040.7
-2802.8 -6557.11 588.085 7796.64
7390.75 -2671.99 -16619 18383.8 -1 1
5867.45 -3544.41 -9427.74 11656.9 1 1
-3020.68 -3667.47 1031.62 4863.15 -1 2
217.876 -2889.64 -443.538 2933.49 1 2
event 22
-10552.3 -8649.03 8211.03 16222.5
-3212.7 -8641.96 3807.73 10444.8
-3426.62 -6097.26 3635.21 7883.17 -1 2
-2714.2 -4113.71 3104.98 5825.94 -1 1
-7838.12 -4535.32 5106.05 10396.5 1 1
213.919 -2544.7 172.52 2561.68 1 2
event 23
17718.7 -2753.49 40175.8 44104.7
2590.6 6545.66 18974.2 20473.6
955.357 4886.07 15571.2 16348.1 -1 2
3287.64 688.088 7516.55 8233.58 1 1
14431.1 -3441.58 32659.2 35871.1 -1 1
1635.24 1659.59 3403.02 4125.52 1 2
event 24
8917.89 -790.083 20632.8 22703.6
4108.36 7671.47 22972.8 24760.3
1738.16 6205.03 15742 17010.1 1 2
4568.16 1144.28 10081 11127.3 1 1
2370.2 1466.44 7230.84 7750.13 -1 2
4349.73 -1934.37 10551.7 11576.3 -1 1
event 25
12774.1 2435 4921.62 14244.9
-6910.43 45.555 -4221.49 8670.01
7584.02 1595.21 4516.7 8970.72 -1 1
5190.04 839.792 404.924 5274.17 1 1
-4738.89 655.403 -1264.4 4949.39 -1 2
-2171.54 -609.848 -2957.08 3720.62 1 2
event 26
-3399.4 7440.17 35864.7 36915.9
4077.86 -4690.76 18255.1 19531.3
1660.53 -3879.31 13358.8 14009.8 -1 2
-39.1549 3231.1 10547.2 11031.6 -1 1
-3360.24 4209.07 25317.6 25884.3 1 1
2417.33 -811.444 4896.32 5521.51 1 2
event 27
-3519.25 5807.76 5214.38 9104.69
11976.6 -12723.8 16724.5 24385.1
-1452.24 5053.22 3766.92 6468.76 1 1
-2067 754.546 1447.46 2635.93 -1 1
6969.73 -9414.33 11713.3 16565.6 1 2
5006.88 -3309.44 5011.27 7819.54 -1 2
event 28
-6461.41 8870.12 6221.63 12989.5
11004.1 -12885.6 18278.4 25116.1
3052.31 -5565.42 5701.36 8532.72 -1 2
-2082.18 2030.93 275.077 2923.52 -1 1
7951.82 -7320.13 12577 16583.4 1 2
-4379.24 6839.18 5946.56 10066 1 1
event 29
7446.91 -5728.21 -12546.7 15977.5
6894.31 -2003.44 -9734.76 12486.1
4493.73 -4855.7 -6999.69 9632.14 1 1
2953.18 -872.514 -5547.06 6345.36 -1 1
2543.56 696.836 -2614.7 3715.25 -1 2
4350.75 -2700.28 -7120.06 8770.8 1 2
event 30
5897.13 1108.2 27759.3 28568.7
-10179.8 4487.35 -1385.23 11630.7
2876.71 1867.03 17998.4 18322.5 1 1
3020.42 -758.831 9760.85 10246.2 -1 1
-5998.18 969.958 -547.285 6101.61 -1 2
-4181.59 3517.39 -837.943 5529.11 1 2
event 31
-4602.61 -3079.48 16813.8 17971.1
343.951 7876.83 26308.4 27638.5
-3203.15 -708.738 6317.65 7119.44 1 1
-1399.46 -2370.74 10496.1 10851.7 -1 1
-785.835 4014.47 9304.61 10164.7 1 2
1129.79 3862.36 17003.8 17473.8 -1 2
event 32
-2277.8 4413.99 8966.39 10707.9
-26506.8 1749.6 -52969.1 59337.9
-544.735 3376.94 3571.79 4946.65 1 1
-1733.07 1037.05 5394.6 5761.24 -1 1
-15256.6 2506.43 -31288.6 34900.3 1 2
-11250.2 -756.829 -21680.6 24437.6 -1 2
event 33
-2248.89 -4104.2 3736.87 6742.19
-7361.9 -8463.38 7976.04 14108
-75.4527 -3234.2 2516.78 4100.13 -1 1
-2173.43 -870.004 1220.1 2642.07 1 1
-4221.79 -5589.75 6621.97 9640.05 1 2
-3140.11 -2873.63 1354.06 4467.96 -1 2
event 34
-6159.36 6011.4 -7248.41 11670.7
-5881.63 -241.769 4355.88 7950.91
-2901.83 -1247.72 3444.63 4674.83 1 2
-2124.86 3963.35 -2660.3 5226.04 1 1
-2979.8 1005.95 911.247 3276.08 -1 2
-4034.5 2048.05 -4588.11 6444.66 -1 1
event 35
-9818.61 202.045 4619.41 11285.9
-5963.04 3446.76 -6191.09 9765.13
-4200.54 885.215 -4516.22 6231.81 1 2
-4473.27 -1440.39 1960.77 5093.19 1 1
-1762.5 2561.54 -1674.88 3533.31 -1 2
-5345.34 1642.43 2658.65 6192.73 -1 1
event 36
6963.61 -7977.89 -2095.86 11230.4
-6706.99 2996.39 -10421 13120.6
4268.66 -3576.34 216.427 5574.01 1 1
2694.95 -4401.55 -2312.28 5656.35 -1 1
-2991.81 2377.78 -3240.58 5011.71 -1 2
-3715.18 618.608 -7180.41 8108.92 1 2
event 37
-7670.8 -9697.69 13771.7 18765.3
4241.59 -6384.34 14129.3 16370.1
3039.65 -3658.74 5674.36 7405.09 -1 2
-2604.27 -2239.3 5739.54 6689.56 1 1
-5066.53 -7458.39 8032.21 12075.8 -1 1
1201.94 -2725.6 8454.94 8964.97 1 2
event 38
7222.2 1084.86 -13727.2 15854.4
-3305.72 -5569.33 2785.7 7700.42
-2615.44 -1475.93 1463.7 3342.52 -1 2
2825.86 46.7488 -8430.8 8892.54 -1 1
4396.34 1038.11 -5296.35 6961.89 1 1
-690.285 -4093.4 1322.01 4357.9 1 2
event 39
10413.1 -1954.9 -26693.5 28885.8
-13798.1 4433.07 -69607.7 71167.8
-4619.28 2894.14 -22689.2 23335 1 2
2091.25 -490.843 -9336.74 9581.23 -1 1
-9178.85 1538.93 -46918.5 47832.8 -1 2
8321.84 -1464.05 -17356.8 19304.5 1 1
event 40
-14536.1 -9032.12 -3434.13 17727.4
5944.56 6986.1 2910.09 10109.5
3720.3 3044.79 156.825 4811.15 1 2
-5711.76 -1828.43 -1070.29 6092.95 -1 1
2224.27 3941.31 2753.27 5298.39 -1 2
-8824.36 -7203.69 -2363.84 11634.5 1 1
event 41
-14116.6 -7596.6 -5798.7 17326.4
9408.26 10278 3671.71 14873.7
1247.32 3718.7 664.165 3979.55 -1 2
-2845.56 -306.265 -1488.29 3227.57 -1 1
-11271 -7290.34 -4310.41 14098.8 1 1
8160.94 6559.28 3007.54 10894.1 1 2
event 42
14675.8 -7061.64 -22855.2 28234.7
-13545.4 -283.84 27659.4 30954.7
-11775.3 779.532 22787.4 25662.1 -1 2
3660.95 -1125.73 -7540.24 8457.91 1 1
11014.9 -5935.91 -15315 19776.8 -1 1
-1770.09 -1063.37 4872 5292.59 1 2
event 43
-13578.1 2157.61 -9346.7 17028.5
7240.77 -5819.67 16955.4 19579.9
-9215.64 3184.72 -6374.18 11649.5 -1 1
-4362.43 -1027.11 -2972.53 5378.92 1 1
2900.37 -1789.19 9264.47 9871.93 -1 2
4340.4 -4030.48 7690.94 9708.02 1 2
event 44
-8627.81 2747.31 -7366.69 12241.1
7091.46 -3936.51 15297.9 17589.8
5084.59 -3826.21 9348.78 11309.5 1 2
-2780.65 2619.66 -3802.78 5391.37 1 1
2006.87 -110.296 5949.07 6280.31 -1 2
-5847.16 127.655 -3563.92 6849.69 -1 1
event 45
-6162.87 10032.5 12432 17400.5
-7960.6 3164.2 13078.9 15938.4
-5640.59 1060.6 6638.89 8776.51 -1 2
-2637.28 4336.7 3226.61 6015.35 1 1
-3525.59 5695.84 9205.36 11385.2 -1 1
-2320.01 2103.61 6439.97 7161.84 1 2
event 46
-4177.71 3811.3 -5699.01 8605.17
3201.65 -6901.04 -22192.5 23748
49.704 -3483.79 -12818.9 13284.3 -1 2
-2237.11 89.0299 -2176.59 3124.31 1 1
3151.94 -3417.25 -9373.64 10463.7 1 2
-1940.61 3722.27 -3522.42 5480.87 -1 1
event 47
16390.1 302.248 15664.4 22884.3
-19408.4 6404.87 -6524.63 21676.5
-6310.62 592.392 -1862.25 6607.11 -1 2
3468.87 332.656 5181.09 6244.88 1 1
-13097.8 5812.48 -4662.38 15069.4 1 2
12921.3 -30.4079 10483.3 16639.5 -1 1
event 48
5229.81 6832.66 3698.34 9864.32
-10693.8 5935.34 -6969.82 14413.6
-3780.06 2067.72 -4207.61 6023.24 -1 2
2028.38 2336.75 -205.844 3102.94 -1 1
-6913.7 3867.62 -2762.22 8390.4 1 2
3201.43 4495.91 3904.19 6761.37 1 1
event 49
-9127.03 -1025.91 49048 49996.5
-7134.32 1934.28 40768.5 41548.8
-2613.97 2076 13461 13869.1 1 2
-1995.12 920.704 8505.85 8785.72 -1 1
-7131.91 -1946.61 40542.1 41210.8 1 1
-4520.35 -141.724 27307.5 27679.7 -1 2
event 50
-18827.8 10991 -27925 35562.4
12310.6 -6392.33 -29446.2 32696.8
7428.48 -4993.76 -16176.4 18488 1 2
-7047.74 5806.71 -12278.5 15302.3 -1 1
4882.1 -1398.57 -13269.8 14208.8 -1 2
-11780.1 5184.3 -15646.5 20260.1 1 1
event 51
-7152.68 -2879.87 1222.65 8398.84
4216.45 4715.33 4641.87 8435.07
3738.3 2091.34 3496.63 5530.47 -1 2
-2283.28 -2537.1 282.422 3426.54 1 1
-4869.4 -342.767 940.232 4972.3 -1 1
478.153 2623.99 1145.25 2904.6 1 2
event 52
-4208.26 -3312.01 -3881.5 7303.13
-5426.39 6692.14 -7177.71 11633.6
-2198.3 -2338.91 -3919.46 5067.18 -1 1
-2009.95 -973.102 37.9614 2235.94 1 1
-1653.17 4249.67 -4464.07 6382.14 1 2
-3773.22 2442.47 -2713.64 5251.46 -1 2
event 53
-1415.71 11270 -61968.9 63077.3
7309.55 5987.22 -34163.4 35581
-2089.43 6006.01 -37919.2 38448.9 -1 1
673.712 5263.98 -24049.7 24628.5 1 1
2793.6 4192.24 -15722.8 16510.5 -1 2
4515.94 1794.98 -18440.6 19070.4 1 2
event 54
-2157.17 8944.37 26148.2 27892.2
-5200.96 3535.56 31222.8 32000
-2353.69 4576.98 16813.2 17583.6 -1 1
196.52 4367.38 9335.02 10308.6 1 1
-2777.51 3014.44 24357.2 24699.9 -1 2
-2423.45 521.122 6865.59 7300.15 1 2
event 55
-6297.71 -7774.3 -15844 18992.8
6548.01 6137.47 -30953.5 32438.5
-4468.75 -3065.08 -8291.67 9905.93 -1 1
-1828.95 -4709.22 -7552.36 9086.86 1 1
2597.04 4300.83 -12392.9 13373 -1 2
3950.96 1836.64 -18560.6 19065.5 1 2
event 56
2821.04 23119.5 -9077.43 25188.5
23573.1 4270.44 -56762.1 61688.4
348.799 12552.2 -3797.22 13119.1 -1 1
2472.24 10567.3 -5280.21 12069.4 1 1
18534 4220.12 -42353.5 46423.5 -1 2
5039.15 50.3231 -14408.6 15264.8 1 2
event 57
2065.67 21063.5 -7097.04 22536.6
30360.7 7282.87 -74175.7 80538.5
-101.016 13630.2 -4937.85 14497.8 1 1
2166.69 7433.36 -2159.19 8038.82 -1 1
25533 5176.2 -59841.4 65266.6 -1 2
4827.72 2106.67 -14334.4 15271.9 1 2
event 58
1445.42 16339.6 -5945.02 17720.2
12198.8 2878.55 -28184.8 31001.1
9804.4 1165.79 -23150.9 25168.6 1 2
1430.72 7904.96 -1456.53 8165.05 -1 1
2394.37 1712.77 -5033.96 5832.54 -1 2
14.6946 8434.61 -4488.49 9555.13 1 1
event 59
7123.36 4784.75 2538.69 9469.56
3123.08 5992.31 -19052 20450.7
4988.7 2625.45 211.196 5642.33 1 1
2134.66 2159.3 2327.49 3827.23 -1 1
2002.89 916.643 -4877.37 5352.73 -1 2
1120.19 5075.67 -14174.6 15097.9 1 2
event 60
4518.73 -4279.58 -4899.61 8504.74
-2765.62 8018.5 -11029.6 14254.4
-2405.87 3019.29 -3522.03 5226.87 1 2
2081.35 -534.989 -449.996 2198.15 1 1
-359.745 4999.21 -7507.61 9027.56 -1 2
2437.38 -3744.59 -4449.61 6306.58 -1 1
event 61
7541.93 6220.28 12341.1 16045.8
-4200.79 -2296.19 -1150.56 5816.68
-3400.17 -161.465 -490.455 3440.77 1 2
2747.73 3538.89 3727.75 5829.33 1 1
-800.625 -2134.73 -660.104 2375.91 -1 2
4794.2 2681.39 8613.38 10216.4 -1 1
event 62
500.009 -13203.6 2990.25 13896.7
-5141.82 11531.7 -6094.31 14357.9
-2599.74 4877.18 -1044.95 5625.71 -1 2
1350.41 -3084.47 249.475 3378.01 -1 1
-850.403 -10119.2 2740.77 10518.7 1 1
-2542.08 6654.51 -5049.36 8732.24 1 2
