event 0
2430.2 3690.25 921.093 5473.93
-7378.31 -10591.8 -10449.1 16893.8
2905.2 1744.99 567.984 3437.87 1 1
-475.001 1945.26 353.109 2036.05 -1 1
-4142.9 -7321.65 -5101.49 9839.03 -1 2
-3235.41 -3270.19 -5347.58 7054.77 1 2
event 1
-5204.87 10004.7 323.474 11699.6
2619.59 -4414.51 3742.76 7067.55
3002.97 -2157.84 2179.51 4293.66 1 2
-1674.97 4652.97 1524.94 5176.13 -1 1
-383.385 -2256.67 1563.25 2773.89 -1 2
-3529.9 5351.74 -1201.46 6523.5 1 1
event 2
-6350.07 -6073.79 -3790.26 10058.4
-17753.8 9804.09 -26662.7 33642.3
-4777.34 -2756.92 -1451.47 5704.52 -1 1
-1572.73 -3316.87 -2338.79 4353.87 1 1
-10767.9 5117.34 -13398.2 17934.8 1 2
-6985.88 4686.75 -13264.5 15707.5 -1 2
event 3
-7798.94 -8986.97 -2621.87 12572
-15230.7 8224.03 -21772.1 27986.2
-12477.8 5369.89 -16116.1 21077.7 1 2
-4056.31 -2982.78 -2163.82 5481.24 1 1
-2752.94 2854.14 -5656.04 6908.46 -1 2
-3742.63 -6004.19 -458.051 7090.73 -1 1
event 4
1650.1 8067.93 -3179.98 9566.3
-33299.3 33461.4 15201.6 49690.9
1069.22 5539.74 -3914.97 6868.05 -1 1
580.884 2528.19 734.997 2698.25 1 1
-23829.8 23518.9 12206.8 35637.3 -1 2
-9469.52 9942.44 2994.74 14053.6 1 2
event 5
-19298.3 19144.9 9332.77 28907.5
2138.88 10607.1 -3870.51 11902
2551.65 4936.95 -1655.53 5799.68 1 2
-896.104 2059.34 757.546 2372.54 1 1
-18402.2 17085.6 8575.23 26535 -1 1
-412.77 5670.14 -2214.98 6102.31 -1 2
event 6
10010.3 2083.76 -9344.07 14193.3
-8169.28 -482.265 9221.3 12711.9
-6000.59 -1352.31 7941.47 10045.6 1 2
4682.8 -341.225 -5280.75 7067 1 1
-2168.69 870.042 1279.83 2666.33 -1 2
5327.46 2424.98 -4063.32 7126.3 -1 1
event 7
15275.2 3347.58 -15991.6 22580.1
-11346 58.9622 13344.2 17787.5
-7656.66 -1351.13 9479.06 12260.2 -1 2
4899.45 -344.572 -4484.24 6651.54 1 1
10375.7 3692.15 -11507.4 15928.6 -1 1
-3689.33 1410.1 3865.18 5527.23 1 2
event 8
-11653.9 16846.2 -28314.1 35140.9
3147.27 -9119.26 -10477.5 14575.1
-4563.51 9586.26 -13291.5 17011.7 -1 1
-7090.35 7259.96 -15022.6 18129.3 1 1
3572.62 -6101.98 -7000.09 9950.39 -1 2
-425.343 -3017.27 -3477.4 4624.75 1 2
event 9
4944.12 -10798.9 -11941.1 17124.3
-9818.44 13281 -24853.2 30000.9
2333.73 -8103.8 -9170.35 12458.9 1 1
2610.39 -2695.1 -2770.74 4665.39 -1 1
-7028.16 11543.5 -19927.3 24078.1 -1 2
-2790.28 1737.54 -4925.9 5922.87 1 2
event 10
4910.25 -12273.8 -14228.3 19667
-9486.39 15899.1 -23752.3 30274.3
4183.39 -6381.98 -7657.36 10811 1 1
726.862 -5891.77 -6570.92 8856.04 -1 1
-7084.58 12053.5 -19917.9 24335.4 -1 2
-2401.82 3845.51 -3834.39 5938.89 1 2
event 11
3971.45 3313.11 -9807.98 11684.6
11048.9 7219.08 -13838.9 19372.7
1639.27 3421.97 -4514.87 5898.5 1 1
2332.18 -108.863 -5293.11 5786.11 -1 1
6018.11 5705 -8128.81 11612.6 -1 2
5030.82 1514.08 -5710.14 7760.06 1 2
event 12
3910.67 7440.12 -10389.2 13717.7
-9764.1 -19701.8 119733 121791
-2859.99 -2658.47 21236.5 21592.7 -1 2
1755.16 1053.28 -1403.3 2484.03 -1 1
-6904.11 -17043.3 98496.3 100198 1 2
2155.51 6386.84 -8985.94 11233.7 1 1
event 13
-5076.91 -9.43593 6535.22 8835.97
5452.47 -6474.42 3730.28 9754.66
-3375.55 -1327.22 5052.36 6220.4 -1 1
-1701.36 1317.79 1482.86 2615.57 1 1
1790.55 -4515.43 1973.06 5243.97 -1 2
3661.92 -1958.99 1757.22 4510.69 1 2
event 14
-13480.3 3816.1 41219.7 43645.5
5014.11 -6168.34 5802.9 10317.7
3919.81 -2626.78 2447.24 5316.49 1 2
-4903.2 2570.96 19160 19944.2 1 1
1094.3 -3541.56 3355.65 5001.17 -1 2
-8577.05 1245.14 22059.6 23701.4 -1 1
event 15
-6120.87 2867.36 -5473.3 9232.24
4717.47 -4819.84 1536.01 7578.62
935.026 -3133.61 516.283 3312.32 1 2
-2006.32 1425.45 -3866.36 4584.45 -1 1
-4114.55 1441.91 -1606.94 4647.8 1 1
3782.44 -1686.23 1019.72 4266.29 -1 2
event 16
2447.87 -13738.1 -7752.09 16260.8
-8423 1349.1 -12967.9 15828
2447.42 -9182.89 -6568.99 11553.3 1 1
0.45838 -4555.19 -1183.11 4707.52 -1 1
-2163.54 1774.62 -3963.44 4852.86 -1 2
-6259.46 -425.521 -9004.43 10975.1 1 2
event 17
-4964.82 -813.405 7659.26 9672.95
12647.3 -9961.78 24585.9 29550.8
-2995.41 -1443.86 6495.05 7297.54 -1 1
-1969.41 630.455 1164.21 2375.42 1 1
8661.89 -7395.28 19608.4 22676.4 1 2
3985.42 -2566.49 4977.47 6874.36 -1 2
event 18
-5042.36 -5005.89 27152.4 28237
6143.95 6709.17 -20311.7 22470.4
2390.29 3810.16 -12980.9 13738.5 -1 2
-2141.5 -1492.35 5233.07 5848.87 -1 1
3753.66 2899.01 -7330.81 8731.91 1 2
-2900.86 -3513.54 21919.3 22388.1 1 1
event 19
-11589.7 -6724.94 46842.7 48819.8
5541.9 6865.39 -21799.2 23720.1
3980.56 2540.98 -11966.1 12864.7 1 2
-4925.02 -1198.98 18726.5 19400.7 -1 1
1561.34 4324.41 -9833.11 10855.4 -1 2
-6664.67 -5525.95 28116.1 29419.1 1 1
event 20
-7150.93 7048.68 10325.1 14731.5
10074.4 -7536.86 -2778.91 13251.9
5411.44 -2693.08 -2439.03 6518.92 1 2
-1024.38 1867.87 3926.98 4468.85 1 1
-6126.55 5180.81 6398.12 10262.7 -1 1
4662.99 -4843.78 -339.88 6732.93 -1 2
event 21
15919.2 11119.2 21747.3 29318.8
-6542.17 4834.53 6868.75 11088
-3300.29 4077.16 5099.3 7316.37 1 2
4892.91 2119.28 7271.52 9017.66 -1 1
-3241.87 757.37 1769.45 3771.67 -1 2
11026.3 8999.9 14475.8 20301.2 1 1
event 22
19888.5 15074.1 29169.5 38512.8
-8748.47 5775.02 10645.6 15258
-5932.41 5267.14 8813.75 11858.7 1 2
8483.98 4893.23 10062.4 14042.2 -1 1
-2816.06 507.875 1831.85 3399.26 -1 2
11404.6 10180.8 19107.1 24470.5 1 1
event 23
2774.48 7007.65 -789.417 8186.54
-3121.23 -11553 7260.22 14474.6
56.0562 -5154.86 4401.64 6779.47 1 2
1317.97 1881.95 -1591.39 2796.87 -1 1
-3177.29 -6398.16 2858.58 7695.08 -1 2
1456.51 5125.7 801.97 5389.67 1 1
event 24
-4080.29 3724.72 -14631.4 15943.4
-16451.9 9462.86 -53542.7 56891.3
-1762.51 3596.76 -9020 9869.88 -1 1
-2317.78 127.959 -5611.44 6073.54 1 1
-11260 7863.25 -40352.1 42625.4 -1 2
-5191.84 1599.62 -13190.5 14265.9 1 2
event 25
4680.64 -4708.83 -3664.56 8191.53
11384.8 9152.57 -64923.6 66618.6
2131.94 -3038.3 -416.465 3736.44 -1 1
2548.7 -1670.54 -3248.09 4455.09 1 1
7462.9 6605.63 -49825.4 50812.5 -1 2
3921.92 2546.94 -15098.1 15806.1 1 2
event 26
-7014.67 -2718 1927.45 8360.57
7503.06 3311.4 -4005.6 9638.29
-4489.22 -144.558 680.922 4544.1 -1 1
-2525.45 -2573.44 1246.52 3816.47 1 1
6248.08 1374.84 -2440.95 6848.22 -1 2
1254.98 1936.56 -1564.65 2790.07 1 2
event 27
-9707.02 -9065.76 -4864.21 14479.8
5972.93 6915.59 36035.5 37304.8
-8006.54 -5596.55 -3646.05 10427.4 -1 1
-1700.48 -3469.21 -1218.16 4052.42 1 1
2485.34 1196.47 14155.8 14422.4 -1 2
3487.59 5719.13 21879.7 22882.4 1 2
event 28
-9503.36 -9736.84 -4818.24 14762.4
6611.43 6406.91 30369.6 31885.2
-5364.77 -5551.91 -1098.26 7798.83 1 1
-4138.59 -4184.93 -3719.98 6963.55 -1 1
4535.67 2779.73 20219.7 20908 -1 2
2075.77 3627.18 10149.9 10977.1 1 2
event 29
-5205.67 -5523.33 -4175.81 9199.7
7149.06 6763.35 32854.2 34436.1
2805.61 2505.51 7890.85 8742.18 -1 2
-1220.48 -3534.88 -1986.43 4235.8 1 1
4343.45 4257.84 24963.4 25693.9 1 2
-3985.19 -1988.45 -2189.39 4963.9 -1 1
event 30
3945.65 -3386.31 1263.25 6182.51
-20106 -15255.3 62404.7 67386.3
3061.92 -649.1 294.466 3145.56 -1 1
883.727 -2737.21 968.784 3036.94 1 1
-15529.7 -12955.7 51830.8 55636.9 1 2
-4576.26 -2299.61 10573.9 11749.4 -1 2
event 31
-6079.51 7996.75 40626.3 41964.2
3342.09 6530.45 25252.6 26553.7
-3286.4 4400.58 28186.5 28716.8 -1 1
-2793.12 3596.17 12439.8 13247.4 1 1
827.473 4307.5 9752.67 10694.2 -1 2
2514.62 2222.95 15500 15859.5 1 2
event 32
-6810.24 6153 35618.4 36912
1959.21 6695.63 24610.5 25767
2663.32 3747.88 15063.1 15749.6 -1 2
-1294.51 3011.49 14120.1 14496 1 1
-5515.73 3141.51 21498.3 22416.1 -1 1
-704.109 2947.75 9547.36 10017.4 1 2
event 33
2487.08 -4347.19 -2917.78 6571.77
14366.5 -99.3536 9211.95 17345.2
547.38 -3317.13 -674.498 3430.61 -1 1
1939.7 -1030.06 -2243.28 3141.16 1 1
10373.5 -1115.91 5482.02 11786.4 1 2
3992.94 1016.56 3729.93 5558.82 -1 2
event 34
-240.88 -5651.56 -3476.28 7326.22
11778 -229.001 9297.57 15323.5
1035.15 -3782.74 -1171.27 4094.35 -1 1
-1276.03 -1868.82 -2305.01 3231.87 1 1
6033.87 1259.83 5616.04 8339.41 -1 2
5744.17 -1488.83 3681.54 6984.05 1 2
event 35
10689.9 7520.4 -554.318 13443.5
2918.88 8514.23 -7543.56 12308.8
2086.03 2285.78 -1044.01 3267.64 1 2
1967.18 1011.8 1034.39 2444.31 -1 1
8722.71 6508.61 -1588.71 10999.2 1 1
832.854 6228.45 -6499.54 9041.15 -1 2
event 36
-6301.55 3639.88 -8699.69 11757.3
8878.26 -2057.75 11031.4 14640.3
3521.65 142.519 2475.42 4308.27 -1 2
-2920.33 978.559 -5798.57 6566.62 1 1
5356.62 -2200.27 8555.97 10332 1 2
-3381.22 2661.32 -2901.12 5190.66 -1 1
event 37
5051.65 -1747.39 5176.04 8059.47
-8894.83 1344.62 19824.2 21989
3318.85 478.437 2791.37 4364.24 1 1
1732.8 -2225.83 2384.67 3695.23 -1 1
-5140.97 -776.23 10986.1 12154.7 -1 2
-3753.86 2120.85 8838.17 9834.32 1 2
event 38
-10265.4 3541.03 4748.74 12249.8
7187.95 -6448.45 -4492.27 11091.5
5910.56 -4010.81 -4283.42 8329.48 -1 2
-2198.97 2123.74 827.314 3168.81 1 1
-8066.44 1417.28 3921.43 9081.02 -1 1
1277.39 -2437.64 -208.853 2761.99 1 2
event 39
-8991.2 2870.7 1330.12 10022.2
6758.29 -4852.2 -15903.9 18213.8
1966.9 -3194.66 -5793.21 6902.68 1 2
-2687.4 1151.37 1858.52 3465.98 -1 1
-6303.8 1719.33 -528.391 6556.25 1 1
4791.39 -1657.55 -10110.7 11311.1 -1 2
event 40
-9053.13 -884.457 17624.7 20073.9
6224.78 -7595.07 -5717.32 11777.5
-4634.98 -1841.46 10668.4 11777.1 1 1
-4418.16 957.002 6956.25 8296.78 -1 1
2929.46 -4862.48 -4713.42 7379.22 -1 2
3295.32 -2732.6 -1003.9 4398.32 1 2
event 41
9895 5351.82 -10753.3 15867.5
-15297 -9805.21 688.359 18444.6
6054.55 1790.6 -4761.88 7908.89 -1 1
3840.45 3561.21 -5991.41 7958.61 1 1
-7412.75 -6449.77 -207.982 9828.67 -1 2
-7884.24 -3355.44 896.34 8615.97 1 2
event 42
13331.3 9109.38 16984.9 23638.6
-13977 -15984.7 -11940.8 24638.1
-3269.43 -4432.54 -1396.95 5683.24 1 2
3417.11 3146.14 6731.06 8178.82 1 1
-10707.6 -11552.1 -10543.8 18954.9 -1 2
9914.21 5963.24 10253.9 15459.8 -1 1
event 43
11664 8111.26 15263.9 21081.2
-16658.6 -18043.3 -12476.4 27718.6
-14393.8 -16701.9 -11758.5 24988.2 1 2
4749.11 1637.58 6076.69 7884.99 1 1
-2264.79 -1341.4 -717.84 2730.4 -1 2
6914.9 6473.68 9187.25 13196.2 -1 1
event 44
-9673.37 -5675.12 -10100.8 15407.7
8893.67 90.949 11177.2 14615.9
3803.8 -1439.39 4240.68 5876.67 1 2
-2855.89 -224.811 -1967.85 3477.1 -1 1
-6817.48 -5450.31 -8132.96 11930.6 1 1
5089.86 1530.34 6936.5 8739.27 -1 2
event 45
-8638.9 -3459.64 -7889.05 12586.8
8223.36 -1838.61 10476.7 13797
-5401.31 -835.974 -3292.76 6381.72 -1 1
-3237.59 -2623.67 -4596.29 6205.05 1 1
4966.91 -2296.79 7933.94 9638.68 -1 2
3256.45 458.179 2542.79 4158.28 1 2
event 46
3140.29 -4060.98 -4464.44 7474.96
12872.2 2929.65 -31042.4 33874.6
409.534 -3053.46 -2317.05 3856.32 -1 1
2730.76 -1007.52 -2147.38 3618.64 1 1
6933.98 3139.22 -17867.4 19421.3 1 2
5938.19 -209.57 -13175 14453.3 -1 2
event 47
13443.1 3273.44 -37387.5 39985.6
5256.78 -5127.73 -9223.9 12190.1
2665.89 -1859.43 -6317.96 7105.79 -1 2
2259.72 -407.921 -4483.25 5038.2 1 1
11183.4 3681.36 -32904.2 34947.4 -1 1
2590.89 -3268.29 -2905.94 5084.3 1 2
event 48
7724.08 5429.85 -36754.7 38074.2
-10902.7 -2975.22 603.765 11733.6
4315.55 3584.9 -15874.9 16837.4 1 1
3408.52 1844.95 -20879.8 21236.7 -1 1
-5301.68 -2245.12 1645.56 5988.94 -1 2
-5600.99 -730.104 -1041.8 5744.62 1 2
event 49
11115.2 4459.86 37173.3 39177.6
-5332.88 -4413.78 26666.8 27724.2
-3065.17 -576.773 11464.1 11881.3 -1 2
1711.61 1648.34 4938.04 5481.06 -1 1
9403.55 2811.52 32235.3 33696.5 1 1
-2267.71 -3837.01 15202.7 15843 1 2
event 50
-7874.67 -3210.93 -7850.77 11981.1
12254.1 381.119 -9139.75 15602.4
-3638.79 -2484.16 -2333.97 4987.03 1 1
-4235.87 -726.77 -5516.8 6994.07 -1 1
9212.58 -926.603 -5967.95 11016.3 -1 2
3041.51 1307.72 -3171.8 4586.11 1 2
event 51
10178.8 -4860.92 4868.3 12670
602.164 -10064.4 6456.22 12366.4
1699.48 -3985.43 2168.22 4846.05 -1 2
1875.33 -2330.96 1598.32 3393.53 -1 1
8303.48 -2529.97 3269.98 9276.45 1 1
-1097.32 -6078.93 4287.99 7520.34 1 2
event 52
-5520.26 -5579.97 16839.4 18835.3
4094.47 4307.81 14847.4 16289.8
-3737.19 -1922.13 6704.87 7913.76 -1 1
-1783.07 -3657.84 10134.6 10921.5 1 1
3002.3 2355.86 5616.38 6791.08 -1 2
1092.18 1951.95 9230.98 9498.69 1 2
