event 0
-6514.2 -1871.47 -7931.45 10433.4 1
3884.16 4163.88 -5107.91 7650.26 -1
-2623.8 1721.15 183.91 3145.1 -1
786.237 -2193.47 -13637.3 13835.3 1
event 1
-4422.86 3479.59 -7637.8 9487.7 1
-4820.02 2703.06 -5765.53 7986.97 -1
3886.16 -1217.46 -6167.83 7391.74 -1
1858.61 1198.61 -3011.54 3737.86 1
event 2
4520.05 6961.87 2095.65 8561.62 1
-809.962 -8051.54 705.198 8123.53 -1
1104.34 3259.14 958.282 3573.66 -1
-1710.45 -2393.11 -35.7037 2943.65 1
event 3
234.838 -4547.86 -431.844 4575.57 -1
-2874.01 3113.33 -881.053 4328.99 -1
-769.008 -3633.11 -707.819 3781.94 1
2262.63 -1777.22 1108.1 3084.97 -1
event 4
9669.48 -11375.9 -12098 19216.7 1
-9609.06 9570.19 8329.66 15915.9 -1
-4252.28 4836.52 5834.56 8690.63 1
1400.2 -1541.79 -1522.13 2581.8 -1
event 5
-6089.25 6588.41 6235.68 10926.2 -1
4435.73 -5562.79 -4468.77 8402.46 1
2318.22 -2272.29 -2591.83 4155.26 -1
-1727.89 1790.45 1851.02 3103.02 1
event 6
5608.4 -6234.64 -5569.9 10067.8 1
3251 -4711.35 -4943.4 7564.01 -1
-3839.87 2442.97 2500.43 5193.84 -1
-1578.71 1934.53 2055.2 3235.7 1
event 7
-4343.98 -9524.02 -25491.8 27557.6 1
6833.02 521.94 -10982.2 12945.4 -1
3168.54 724.638 -5014.22 5976.48 1
-1221.04 -1651.55 -5355.96 5737.25 -1
event 8
14065.2 -2357.47 34452.3 37287.6 1
-4646.03 1316.33 12275.4 13191.5 -1
1152.29 3438.63 7508.24 8338.87 1
-868.089 -1931.32 -10235.9 10453.2 -1
event 9
-5340.18 139.119 -20815.6 21490.4 1
5234.17 -776.653 -3656.72 6432.92 -1
-5153.67 166.968 -23810.3 24362.5 -1
1994.37 -361.807 -2720.7 3394.38 1
event 10
-1849.63 -4661.08 -296.409 5024.52 -1
-2461.4 -3633.8 1110.7 4528.56 1
3548.42 -1640.73 -9248.64 10041.5 -1
1684.36 2553.35 -18250 18504.9 1
event 11
-4096.2 3741.5 -11782.1 13023.3 -1
1549.12 -4544.95 -16847.1 17518.3 -1
1959.55 -3514.62 -7085.29 8148.92 1
-1891.99 1066.31 -7317.08 7633.31 1
event 12
-5874.94 5304.47 5756 9787.49 -1
-4510.06 5670.17 6149.01 9503.32 1
-1472.16 -3441.21 5742.5 6855.42 -1
552.04 -2535.03 3679.6 4503.52 1
event 13
6339.14 -941.856 -7229.93 9662.03 -1
2061.4 5550.44 -22054 22835.2 -1
-3268.8 2149.19 4562.04 6010.61 -1
1301 -2282.24 -1022.43 2820.95 1
event 14
177.348 -7058.69 -24837.1 25821.4 -1
-3046.33 5143.37 -543.304 6003.39 1
-928.424 4317.61 371.242 4433.13 -1
789.287 -3554.75 -15519.7 15941.5 1
event 15
-9978.78 7490.81 -18677.5 22462.2 1
-1977.14 5701.35 -10262.4 11905.6 1
-3605.28 3713.39 -7822.82 9380.57 -1
-967.764 2405.81 -5387.55 5980.08 -1
event 16
-7995.19 9216.16 -587.852 12215.5 1
5772.84 -3281.03 -749.382 6683.08 -1
3137.03 -3101.25 -1988.31 4839.76 1
-1742.88 2932.94 -648.837 3474.47 -1
event 17
-9873.26 -16186.7 19120.5 26927.6 -1
2410.32 -3728.44 2990.86 5354.19 -1
-1982.48 -3619.09 5895.93 7197.31 1
1362.09 -3084.1 4551.4 5665.1 1
event 18
2271.26 9527.63 8391.13 12897.9 -1
4088.81 -2565.85 -15078.6 15832.8 1
1421.16 3424.54 2696.84 4585.98 1
-862.643 -1982.31 2911.54 3627.93 -1
event 19
-4023.28 11078.9 22099.2 25046.3 -1
4791.56 -7158.14 4256.51 9608.7 -1
2130.13 -6919.99 1248.2 7347.99 1
-2205.81 5273.36 9059.63 10712.7 1
event 20
-142.02 5426.46 11015.6 12281 -1
2767.47 -3514.63 15056.9 15707.8 -1
477.514 4290.53 8100.39 9179.55 1
1527.96 -3928.31 13309.6 13961.4 1
event 21
4743.42 -6086.61 25816.4 26945.2 1
373.857 4099.79 7658.49 8695.5 -1
1247.65 -3484.09 8757.79 9508.19 -1
930.75 2616.2 5254.13 5943.72 1
event 22
12744.9 4011.24 21741.8 25519.4 1
-4623.18 -5416.4 5628.8 9077.76 -1
-4331.9 -1924.61 3045.33 5635.13 1
2528.2 338.074 4025.82 4767.02 -1
event 23
-126.499 -5710.2 11576.2 12909 1
-3902.59 949.779 10366.5 11117.9 -1
-286.027 -3242.78 5803.02 6654.59 -1
-2232.71 -443.669 7465.12 7805.19 1
event 24
3947.23 -7119.71 -9402.24 12437.2 1
-5095.67 1365.92 -23335.3 23924.5 1
3102.43 -3010.38 -5236.65 6791.26 -1
-4114.63 1168.05 -14523.7 15140.8 -1
event 25
-3874.19 13750.6 68677.5 70147.7 1
-2673.94 -4183.05 16480 17211.9 -1
-3217.38 -2457.15 13750.2 14334.1 1
-905.975 2879.41 14723.8 15030.4 -1
event 26
9598.28 -5306.8 -22785.9 25288.3 1
-7578.99 1902.36 -10943.7 13447.5 1
-2647.01 1914.51 -4438.52 5512.14 -1
-3046.01 -819.072 -2768.12 4197.94 -1
event 27
8224.68 336.261 -2194.49 8519.71 -1
-6598.98 -1862.57 -1188.46 6959.83 -1
-4113.56 63.9979 -1835.15 4506.04 1
2901.36 -415.936 -6.31806 2932.93 1
event 28
7937.56 -2416.15 10439.8 13335.8 -1
-10.6755 -4091.73 3845.43 5616.12 1
3647.7 -1779.15 3111.13 5114.82 1
778.936 -3555 456.672 3669.4 -1
event 29
-163.474 -9383.29 1791.32 9554.73 1
1442.38 -6634.2 1342.75 6921.5 -1
-840.328 -3948.06 1367.64 4263.2 1
-636.087 -2723.78 1711.95 3281.09 -1
event 30
-2235.19 -8022.06 20328.3 21968.2 -1
6477.57 3291.51 16526.5 18053.5 1
2624.65 2432.41 10587.3 11176.2 -1
-510.404 -1984.74 4633.67 5067.72 1
event 31
-3063.53 13516.6 46180 48215 -1
-9093.15 9762.4 39583.6 41771.5 -1
-5437.6 7939.07 29021.4 30575.3 1
6148.31 -3364.47 -11068.3 13101.2 -1
event 32
-10458.2 12838.8 47069.5 49897.5 1
-2240.84 10261.5 38451.6 39860.5 -1
-4853.84 5500.84 26572 27566.3 -1
3856.36 -2295.33 -8215 9361.49 -1
event 33
-10649.5 14973 57643 60500.6 -1
-3857.18 9748.72 30653.4 32396.9 -1
-1664 6813.43 21704.8 22810.1 1
4417.71 -1082.08 15334.6 15995.2 1
event 34
2901.49 3856.47 -901.663 4910.72 1
2716.75 3463.5 -4565.04 6342.5 -1
-3604.11 970.079 -672.577 3793.97 -1
-2958.05 232.773 -1605.09 3375.16 1
event 35
179.165 -5264.76 -7408.19 9090.77 1
-894.114 -3898.94 -6923.07 7996.32 -1
-3136.59 1694.33 -9506.68 10153.7 1
-1618.27 2220.6 -8823.84 9242.36 -1
event 36
-2686.89 -5186.51 186.887 5845.11 -1
2004.97 4697.74 4032.33 6508.42 -1
-2554.74 -2802.78 288.242 3804.8 1
-239.637 2236.78 2132.86 3101.75 1
event 37
-642.781 -8428.65 -11281.4 14097.4 1
-2828.05 3486.88 -670.231 4540.54 -1
-3148.13 931.91 49.6719 3285.24 1
-453.182 -2541.97 -3733.15 4540.33 -1
event 38
-4482.21 2033 -1079.49 5039.82 1
-256.893 -4474.3 -7341.4 8601.9 1
-1320.71 -3999.83 -5567 6981.8 -1
-1753.61 2389.06 164.254 2970 -1
event 39
7989.41 -9831.98 -2502.98 12914.1 -1
7493.05 8879.43 -18726.1 22037.9 1
3305.37 -3873.46 -1949.85 5453.65 1
1990.99 2408.03 -5906.24 6682.63 -1
event 40
15920.3 -7113.84 -90618.4 92280.9 -1
7013.74 -4987.43 -46665.5 47452.6 1
-6730.83 329.608 -5689.87 8820.35 1
114.797 5877.51 9651.72 11301.6 -1
event 41
14539.6 -6719.75 -86960.4 88423.3 -1
7886.38 -3914.02 -42094.5 43005.5 1
-249.484 4836.94 7019.71 8529.11 -1
-3714.9 1286.75 -3511.08 5272.1 -1
event 42
12947.5 -7917.35 -73362.5 74915.9 -1
-888.069 11531.4 17191.6 20720.1 -1
-5732.95 -212.161 -3998.19 6993.45 1
2705.53 -1896.46 -19544.7 19822.2 1
event 43
-2805.62 5805.69 -16318.3 17546.3 -1
2603.58 -4168.53 2147.32 5364.46 1
1249.68 -3040.35 132.959 3291.54 -1
-1591.36 1821.67 -5049.12 5599.62 1
event 44
-12681.1 9705.3 15016.2 21920.4 1
-1155.28 6007.44 4405.43 7539.43 -1
492.876 3397.32 3504.06 4906.56 1
-1700.79 1945.76 1698.45 3094.28 -1
event 45
12106.5 11757.1 -5509.54 17752.9 -1
-4069.3 -5806.22 -2061.81 7384.69 1
1614.67 2653.95 -554.317 3157.38 1
-1120.68 -1835.94 -1156.75 2444.56 -1
event 46
-7427.86 3949.67 5417.41 10006.6 -1
3432.1 2277.37 832.43 4203.55 -1
3462.3 1268.21 176.285 3692.98 1
-2458.79 1532.43 2891.8 4094.84 1
event 47
-7542.39 3977.84 -21916.7 23517.3 -1
-5564.66 859.436 -13742.9 14852 1
4956.5 -952.365 -1997.69 5429.16 1
-3666.93 -254.117 -5157.46 6334.15 1
event 48
12885.1 7253 -8631.6 17121.6 -1
-11413.6 2236.22 42338.7 43907.2 1
2820.33 1495.19 -2690.81 4176.3 1
-2939.26 -542.723 -6010.12 6713.16 1
event 49
3556.86 15189.1 7974.51 17520.4 -1
1155.37 6685.94 4451.92 8115.87 -1
1500.43 6019.29 2358.35 6637.48 1
324.106 2370.03 2611.78 3543.25 1
event 50
-3300.94 6215.85 -42424.9 43004.9 -1
-617.843 5499.33 -30829.7 31322.7 -1
-1969.41 5065.83 -30652.1 31130.4 1
-321.397 2238.11 -7727.2 8051.9 1
event 51
-6938.59 -4379.47 16922.3 18806.9 1
692.704 -5269.42 -6766.71 8605.01 -1
1594.95 -2869.49 -3038.68 4474.66 1
-1763.33 -1199.88 4676.63 5141.12 -1
event 52
2673.18 -7093.37 -633.375 7607.51 -1
-208.344 5285.08 -656.137 5330.77 -1
-839.327 5063.42 383.543 5147.91 1
268.38 -2490.16 -598.167 2577.19 1
event 53
2270.91 -9470.33 -1536.79 9859.87 -1
-36.7275 5921.13 -454.702 5939.62 -1
610.033 -3165.77 -232.256 3234.09 1
702.608 2706.01 -300.215 2813.8 1
event 54
-1443.89 5786.98 -11670.9 13107.1 -1
2863.73 -3612.67 -2370.8 5185 1
-104.52 3511.94 -3490.97 4954.05 1
2255.31 -1487.02 -1882.28 3294.21 -1
event 55
5814.02 1448.39 -12442.9 13810.8 1
-2019.99 -3560.61 -15343.2 15880.3 -1
2963.83 883.428 -2740.66 4133.66 -1
2433.83 -801.652 -1730.79 3094.02 1
event 56
-529.583 -10448.2 3545.17 11046.5 -1
838.508 -5681.81 2608.31 6308.77 1
649.591 2933.67 1069.33 3191.09 -1
286.33 2625.53 89.0971 2644.71 1
event 57
-9211.89 -4627.76 -4439.91 11224.9 -1
9156.35 -433.69 -2843.5 9598.1 1
3852.99 1511.07 -1533.78 4415.03 -1
-2424.1 -915.316 -689.909 2683.51 1
event 58
-128.768 8505.12 -11479.8 14288.1 1
-5668.47 906.073 -11180.6 12568.5 -1
-1491.82 4329.23 -8458.74 9619.21 -1
-2689.58 1409.92 -5049.36 5893.13 1
event 59
3886.66 16191.7 40721.1 43994.2 -1
376.5 10637.4 34849.4 36438.8 1
1055.89 6733.43 14406.4 15937.7 1
-959.571 4322.18 14777.2 15426.5 -1
event 60
1794.11 13540.3 29945.5 32913.5 -1
-111.318 4716.63 16172.7 16847.2 -1
406.29 3404.33 7455.11 8206.37 1
349.667 2544.99 5458.5 6033.7 1
event 61
-7071.7 16591.5 -11531.8 21407.5 -1
-1390.24 4432.22 -2579.27 5314.24 1
-136.03 -3569.95 -641.383 3631.2 -1
466.556 -2787.88 -1702.19 3301.29 1
event 62
7910.77 -3457.9 -21387.7 23064.8 1
-3981.56 3206.58 -2244.85 5584.4 -1
3788.21 -1876.13 -7541.59 8646.22 -1
-1716.92 1503.21 -392.402 2317.89 1
event 63
7555.98 -6723.75 -2069.45 10324.5 1
7432.92 -4020.69 -706.173 8480.8 -1
-7489.44 2003.5 -24394.2 25596.8 -1
-5090.22 2319.15 -21920.8 22623.4 1
event 64
5746.87 -14134.6 17724.4 23387.5 -1
1643.74 -4159.54 3736.19 5828.72 1
-1701.65 3849.02 -7785.23 8850.51 -1
557.671 -2283.85 1254.04 2666.6 1
event 65
186.017 -11206.8 11595.4 16127.4 -1
1866.9 5137.7 10426.2 11772.8 -1
223.863 -4093.02 3543.24 5419.28 1
952.858 -2161.93 3109.67 3906.8 1
event 66
2729.72 -9735.35 9204.43 13673.4 1
1297.52 -5278.4 6125.88 8190.4 -1
972.371 3283.22 7396.22 8151.09 -1
436.395 -3050.15 2580.31 4020.33 1
event 67
1794.3 -8505.76 7660.74 11587.3 -1
2859.74 -6416.11 7132.55 10011.4 1
2280.82 5757.56 11777.7 13307.1 -1
357.265 -5035.39 5893.92 7760.95 1
event 68
12436.4 -4815.53 -3062.98 13683.8 1
-4185.35 2811.11 -11548.5 12601.5 1
3368.42 -2212.23 -851.932 4120.34 -1
-2860.82 1220.85 -12725 13100.1 -1
event 69
-6194.23 -5617.29 10866.3 13711.7 1
-1106.6 6964.7 40094 40709.6 -1
-3564.74 -4966.3 9601.04 11382.6 -1
209.756 3129.36 -3452.33 4665.48 -1
event 70
-4336.41 -8311.76 14218.1 17031 1
-2892.6 -4049.16 7665.78 9139.92 -1
1000.35 4304.76 -5600.89 7135.32 -1
-1563.56 2957.98 18330.8 18634 -1
event 71
-3074.42 -3127.95 -4536.63 6310.97 -1
2658.91 3054.52 -9169.15 10024.2 1
-1158.91 -3767.17 -1475.97 4210.02 1
2694.53 1498.39 -6893.62 7552.41 -1
