event 0
2648.81 15513.7 -27174.8 31403.4 1
-2513.8 -10164.3 -9103.53 13875.1 1
-687.013 5508.67 -10244.8 11652.7 -1
-3128.9 -3221.7 -5286.45 6937.36 -1
event 1
-6465.33 -6326.78 2697.52 9440.15 -1
-8050.93 -3975.15 2638.33 9359.02 1
5739.31 3529.54 2373.79 7144.46 -1
4611.9 1111.28 747.691 4803.62 1
event 2
-3726.9 -3308.5 -972.204 5078.61 -1
-2925.1 -3558.88 -3300.43 5667.97 1
3764.27 -854.3 -4722.69 6100.37 1
3058.41 537.947 -1600.83 3495.3 -1
event 3
-1692.86 -9094.74 -32817.3 34096.4 -1
-681.996 -6929.77 -20396 21552.2 1
5535.06 1695.36 -5077.89 7701.12 -1
2428.68 -185.834 -2735.65 3664.42 1
event 4
15056.8 2317.22 -14085.8 20748.5 -1
-2014.42 -8809.79 -27517.9 28964 1
-882.503 -4664.25 -14123.6 14900.4 -1
3838.6 656.028 -3490.1 5230.41 1
event 5
-6789.95 585.64 15194.7 16653.4 1
-518.784 -4534.17 -22413.9 22874 1
-3455.33 -492.299 11661.4 12173 -1
-554.081 -3148.29 4239.56 5310.72 -1
event 6
13964.8 -6358.73 4952.71 16124.2 1
4754.98 -2214.08 10991.8 12179.6 -1
4177.62 -1564.05 1094.03 4594.22 -1
2421.36 -358.666 3547.77 4311.55 1
event 7
-3482.15 14444.2 32204.5 35466.9 -1
2263.72 -7171.39 628.091 7547.12 1
1410.93 -4475.24 -1220.11 4849.57 -1
-1377 3117.71 6200.71 7076.46 1
event 8
-5770.62 17819.1 40334.3 44471.2 -1
2637.13 -7233.1 -758.687 7736.86 -1
314.374 -3643.14 1133.49 3829.79 1
-516.915 2263.95 3461.38 4169.53 1
event 9
-2660.21 -5952.59 -15295.4 16627.4 -1
-3984.7 -4737.71 -9596.36 11420.4 1
3104.55 5224.13 -4136.42 7351.93 1
2212.01 2830.31 -2823.24 4570.06 -1
event 10
-6574 -1881.78 -578.715 6863.28 1
3436.19 4359.37 -16969.4 17854.5 -1
-4877.15 76.5049 231.367 4884.37 -1
2428.37 1696.9 -9730.17 10171.7 1
event 11
-1205.14 6028.53 21946.4 22791.5 1
1307.85 -4617.44 4275.61 6428.31 1
-980.751 -4192.75 3024.99 5263.34 -1
911.248 1883.66 -3624.8 4186.75 1
event 12
2068.64 7920.63 3107.76 8757 1
6664.06 4467.55 6332.68 10221.7 -1
894.839 -6735.37 31505.4 32229.9 1
3903.41 4782.21 5334.53 8159.32 1
event 13
6992.79 5018.78 7514.55 11426.6 1
223.779 -6752.1 33813.2 34481.7 1
2433.37 5376.19 2627.82 6460.75 -1
1447.65 4718.68 2844.74 5697.83 1
event 14
-1724.53 -5048.11 -5990.03 8021.79 1
-3590.3 3660.4 -17191.3 17939.9 1
-1059.56 2881.81 -8436.07 8978.08 -1
-1769.58 -2451.24 -4907.04 5764.56 -1
event 15
5332.42 7041.04 -4634.3 9974.91 -1
3532.83 6401.77 -6390.27 9711.35 1
-5560.24 -1252.95 -6002.41 8278.06 1
-2292.82 -456.385 -1406.86 2730.52 -1
event 16
-8620.04 -5588.2 -1225.1 10346.3 1
1469.51 9667.2 -11910.3 15410.4 1
-5460.3 -3043.31 -1565.05 6444.93 -1
428.576 2518.43 -3750.05 4538.75 -1
event 17
3409.93 17768.6 -24875 30759.2 1
-11599.1 -8471.66 -1403.52 14432.3 -1
-7555.05 -3673.93 -1847.01 8602.28 1
283.178 2302.55 -2706.07 3565.93 -1
event 18
7476.74 -13810.9 -8066.75 17655.8 -1
-1601.61 -9458.65 -3715.63 10288.3 1
-706.537 -2930.38 -333.686 3034.61 -1
734.117 -2795.9 -1423.17 3223.75 1
event 19
4073.88 -3353.85 12328 13410.3 -1
-1666.16 4560.49 -2998.95 5707.8 1
-1604.85 3096.91 -1373.59 3750.24 -1
1294.33 -1733.8 2149.44 3051.66 1
event 20
6071.77 2881.99 -2583.65 7201.3 1
3232.9 2553.19 -1972.31 4568.54 -1
-3187.64 -815.59 8835.12 9428.51 1
-3077.13 -5.82252 8106.81 8671.81 -1
event 21
7114.4 18580.2 35788.3 40947 -1
6702.96 10458.9 22120.8 25370.4 1
-7267.87 -5794.78 483.547 9308.4 -1
-3051.31 -871.67 11.0115 3175.15 1
event 22
1039.85 -13026.5 1565.56 13161.8 -1
-4771.35 10565.5 16751.6 20372.1 -1
-451.721 4148.67 5366.55 6799.02 1
-1170.23 -3637.54 1264.99 4026.47 1
event 23
12435.8 -8383.11 -47347 49665.7 -1
-5786.18 10844.3 -36278.9 38304.7 1
4670.19 -3494 -15723.6 16770.9 1
-769.129 2634.6 -7661.1 8138.57 -1
event 24
-906.664 -5719.93 11325 12720.3 1
3800.78 3955.25 11508.3 12749.2 1
-1641.73 -4928.26 11817.6 12909.3 -1
1838.54 1427.53 5860.47 6306.69 -1
event 25
-1472.31 6774.49 -4746.05 8402.23 1
4374.65 -3301.22 -4294.82 6963.64 -1
1918.32 -3404.28 -2599.66 4694.52 1
-519.622 3068.03 -1685.46 3540.45 -1
event 26
-9397.44 3588.87 -14268.1 17458 1
5173.85 2490.37 -6539.79 8703.49 -1
-4227.83 856.085 -5137.23 6708.92 -1
3693.4 -22.3584 -3177.45 4873.3 1
event 27
8962.53 -3621.09 -8208.62 12682 1
-716.013 8488.54 960.461 8573.31 -1
-1638.32 5260.55 -1283.53 5658.28 1
1897.33 -2028.53 -2390.76 3666.29 -1
event 28
-7132.33 12544.2 -11937.1 18727.9 1
-5676.32 9231.36 597.361 10853.9 -1
-1165.33 5219.76 1045.29 5450.48 1
325.206 -3809.24 -6557.23 7591.09 -1
event 29
-8201.62 1110.55 5158.09 9752.8 -1
-5870.67 -151.278 2175.7 6263.58 1
2186.64 -2473.45 3790.64 5027.87 1
1634.09 1228.99 -634.934 2143.59 -1
event 30
-13858.8 376.313 8705.22 16370.7 -1
4944.82 -5331.79 8973.1 11550.2 -1
-5295.43 1591.01 3034.95 6308.32 1
1687.14 1585.85 38.5125 2318.19 -1
event 31
-11264.8 511.973 9465.65 14723 1
7359.63 -6771.2 11531.2 15264.1 -1
-5934.63 494.315 3815.36 7073.36 -1
2627.31 -1720.44 3008.36 4350.18 1
event 32
12275.4 2865.12 15848.4 20250.3 -1
-2542.54 -7044.92 -5243.7 9143.47 1
3658.48 -199.544 6311.52 7298.68 1
-582.233 -2355.72 -2265.03 3321.14 -1
event 33
-5670.61 11779.2 -5084.91 14027.6 1
-2822.94 2916.86 1340.84 4276.22 1
-1326.97 3304.19 -529.846 3601.44 -1
-1937.21 999.923 673.855 2284.26 -1
event 34
5913.31 3493.38 -8271.49 10751.7 -1
4987.47 2657.77 -9479.48 11036.8 -1
3137.16 2062.24 -4132.17 5583.96 1
2139.69 188.687 -2689.54 3443.64 1
event 35
-23573.4 -12909.6 -10522.7 28863.5 1
7789.47 7011.55 640.878 10500.5 -1
-5857.98 -3777.34 -1213.13 7075.81 -1
3227.05 2039.18 1277.89 4026.94 1
event 36
4032.61 -2503.71 13340.9 14160.6 1
4200.86 -7.62243 8715.71 9675.85 -1
814.735 -2918.95 2210.55 3752.57 1
1527.59 -1481.09 1274.88 2482.67 -1
event 37
-6602.38 -4510.12 -3023.76 8549.09 1
2488.64 3152.04 985.772 4136.62 -1
2310.23 2776.42 2611.04 4458.07 1
-2551.95 -2517.9 -672.24 3649.02 -1
event 38
-5208.66 -2722.66 -26452.4 27097.7 -1
-4579.55 -3341.28 -30866.8 31383.2 1
4230.05 -2846.65 3236.26 6039.98 -1
3637.99 -1179.34 3045.38 4889.92 1
event 39
17070.3 -8287.82 14141.9 23666.1 1
9876.94 -3500.44 8712.88 13628.4 -1
-3591.47 -3047.37 -25028.8 25468.4 1
3999.19 -1658.72 2688.55 5097.48 1
event 40
1304.63 5986.18 5558.81 8273.32 1
363.001 -4402.35 5298.8 6899.34 1
1399.71 4140.16 7489.48 8672 -1
2486.3 -3067.24 3925.63 5568.78 -1
event 41
-3476.73 -9555.97 -48276.1 49335.6 1
2713.03 7443.77 -16331.3 18151.9 -1
51.9712 4709.79 -11456.2 12387.1 1
2482.35 2022.58 3731.15 4917.88 -1
event 42
13814.9 9479.47 14918.5 22434 -1
4442.04 -2968.74 5545.09 7700.93 1
3243.92 2162.57 3815.67 5456.21 1
1953.88 -3084.23 2319.18 4326.65 -1
event 43
3453.87 2891.71 -2505.17 5155.41 1
-992.648 -4139.23 -898.353 4351.64 1
2241.16 3269.57 -1387.94 4201.24 -1
-472.961 -3031.79 -938.302 3210.45 -1
event 44
-615.969 -7669.18 -35109.4 35942.7 1
-987.911 -4482.34 -21728.8 22208.6 -1
-1877.96 3861.04 -18753.2 19238.7 1
841.572 2091.62 -1189.23 2551.19 -1
event 45
3467.31 -2657.03 -11465.2 12269.6 1
-4160.06 79.2424 2495.13 4852.75 1
-2058.44 2281.88 3529.59 4681.17 1
-1936.54 1235.2 1596.02 2798.99 -1
event 46
-1401.69 -6065 -2238.53 6615.97 1
-810.227 4122.76 372.899 4219.46 -1
-1307.14 2795.79 487.084 3126.25 1
-632.128 -2010.09 -558.333 2182.42 -1
event 47
-5529.98 -34277 -6780.17 35376.2 1
-1193.11 -13256 -2902.02 13622.7 -1
-3698.93 10800 1503.46 11515 -1
-1105.73 1895.09 -379.393 2229.15 1
event 48
122.95 6455.02 22966.1 23856.6 -1
4041.2 -4655.93 17751.3 18791.8 1
-2017.53 3308.48 -11823.4 12442.7 -1
2072.05 -795.203 8238.43 8532.8 -1
event 49
6523.47 -1242.98 178.215 6644.07 -1
-6041.18 2391.03 -21289.8 22259.4 -1
-5265.64 564.494 -26558 27081.1 1
-2617.78 742.48 -5635.64 6259.05 1
event 50
-475.757 -6472.33 11386.1 13106.1 1
1308.74 -5480.58 11799.2 13076 -1
-3793.63 -3894.25 15056.7 16008.5 -1
90.4184 3470.23 -585.618 3522.05 1
event 51
-3925.93 -3420.54 -790.387 5267.72 1
-3537.17 2695.85 11217 12067 1
-1057.08 -2885.7 -1252.44 3320.31 -1
-1597.12 1727.12 9192.48 9489.29 -1
event 52
16958 14299.1 -23129.2 32047 1
7435.91 6349.41 -8230.79 12781.4 -1
-6560.68 -3535.59 4507.59 8710.48 -1
-2023.3 -1441.73 1628.62 2972.52 1
event 53
-4053.59 -3575.87 4113.03 6793.12 -1
3213.45 2699 15868.9 16414.7 -1
-1777.32 -3318.71 2647.82 4603.78 1
-520.498 2974.4 298.967 3036.2 -1
