event 0
7551.67 -3099.11 -6336.01 10333.8 1
-325.846 5122.23 308.217 5142.92 1
-2383.23 3604.66 511.12 4352.67 -1
2572.34 -2401.09 -2484.14 4308.63 -1
event 1
854.468 -11971.9 -11909.2 16908.5 -1
7064.09 4033.44 -1260.98 8232.33 -1
-6831.09 485.491 7154.75 9904.6 -1
-539.196 -2702.68 -3655.7 4579.36 1
event 2
-6595.84 -725.253 -1021.54 6714.59 1
-4591.84 878.987 -655.474 4722.12 1
-1214.76 -3313.93 -11863.8 12378.2 1
-2073.09 -589.703 -780.483 2294.73 -1
event 3
21972.7 -5421.14 -29396.9 37099.6 -1
-8664.31 3565.46 -13918.8 16778.7 1
3060.42 -1234.44 -2858.08 4366.9 1
3087.45 625.195 1175.95 3364.11 1
event 4
8495.78 -3116.22 -12162.3 15159.9 -1
6420.1 -1279.67 -8477.41 10711.3 1
-4540.65 1024.41 -6754.7 8203.91 -1
2849.23 1127.01 1252.69 3311.9 1
event 5
-3342.91 43129.3 32454.5 54079.7 1
2624.75 -12677.7 681.051 12964.9 -1
1553.45 -4153.12 1084.4 4566.03 1
-358.976 2624.34 2568.05 3690.81 -1
event 6
3576.4 -18170 1225.26 18559.4 -1
-865.211 14209.9 10294.4 17568.5 -1
-143.389 6847.8 6454.6 9412.01 1
1307.09 -2011.54 4.25199 2401.25 1
event 7
-2765.23 25609.2 18400.2 31655.3 1
-413.717 8681.01 7994.51 11809.1 -1
1174.15 -4748.27 913.06 4976.9 -1
1089.75 -3209.45 -113.561 3392.96 1
event 8
1556.65 -5871.19 15909.3 17029.8 1
-5057.76 -1273.14 -1600.06 5456.47 -1
3736.36 1198.59 9078.56 9890.83 1
777.482 -2048.83 5479.43 5902.34 -1
event 9
-6910.33 -7716.27 -18656.5 21339.4 1
6757.26 3967.2 11372.1 13810.7 1
2491.04 2678.58 4413.31 5733.11 1
1596.37 2922.19 3669.09 4955.9 -1
event 10
9360.06 10615.1 18887.4 23601.6 1
7521.17 5571.05 12443.4 15570.9 -1
3190.34 3984.13 6747.61 8461.26 1
1134.19 1866.16 3418.57 4057.92 -1
event 11
-4277.04 -4917.67 -11246.3 12998.7 1
2895.47 3974.89 5240.84 7187.56 1
2861.82 3275.09 4613.44 6341.23 1
1913.94 3833.93 3889.7 5788.19 -1
event 12
-11174.4 21333.6 -9998.19 26076.1 -1
-7109.17 -8077.25 2016.47 10948 -1
-4646.13 7003.84 -4788.67 9673.82 1
-3446.62 -5915.07 1649.2 7042.61 1
event 13
-6695.59 -2127.99 -5573.41 8968.46 -1
4480.58 -3402.07 4477.04 7190.6 -1
-3901.39 320.97 -2525.68 4659.84 1
2603.54 -1713.68 3507.03 4693.14 1
event 14
-4490.55 -8017.21 -15415.4 17946.8 -1
1690.7 5574.92 -3383.56 6737.79 -1
-2553.81 -4741.47 -13779.4 14794.8 1
-2067.33 -742.473 -748.979 2323.2 -1
event 15
-484.654 -5470.36 -7586.5 9366.21 1
-3152.07 2702.61 -6127.81 7402.76 -1
-3124.12 2632.99 -6326.78 7532.07 1
-808.46 -2604.35 -4780.47 5504.57 -1
event 16
112.02 -9360.3 16739.4 19179.3 1
6324.38 1070.31 18456.8 19539.9 1
5679.61 -676.329 14587.6 15669.2 -1
660.643 -5425.96 12539.2 13679.2 -1
event 17
6204.4 17208.7 76026.1 78195.9 1
2053.29 6453.94 27073.1 27907.5 -1
-6221.78 -1156.73 15446 16692.4 -1
-1888 -1389.28 4913.19 5444.74 1
event 18
6970.76 -6499.29 -30033.6 31509.7 -1
3146.74 8759.73 -22197.6 24070.3 1
2635.69 -2692.5 -9086.88 9837.63 1
1478.63 2111.75 -7166.02 7616.36 -1
event 19
-10344.8 8041.14 -5112.88 14065.1 -1
-7159.83 6282.58 -3968.91 10319.8 1
1567.45 4154.06 1924.17 4840.12 -1
402.027 3003.06 3219.93 4422.57 1
event 20
-7365.31 2394 -6938.12 10398.4 -1
2757.17 3596.53 1764.05 4864.16 -1
2694.07 2110.2 653.55 3485.58 1
-2241.52 2297.22 -2437.41 4031.59 1
event 21
5964.61 3792.98 -36287.9 36970 1
-4195.21 -1845.46 -12062.1 12904 -1
-2753.27 -1392.62 -13033.7 13394.4 1
1611.76 2312.02 -12090 12414.6 -1
event 22
-8398.63 10700.9 19777.2 24004 -1
-3569.05 3873.7 5899.18 7909.18 1
1900.56 4833.48 13140.7 14130.3 1
2368.64 1143.44 4744.9 5426.16 -1
event 23
-7696.82 9424.49 16208.2 20267.7 1
3904.09 4109.23 11223.3 12573.8 1
-3814.59 3555.03 6004.39 7953.19 -1
1020.07 2334.8 4353.03 5044.98 -1
event 24
-8901.69 -9071.48 -15062 19708 1
-3970.44 -5969.55 -8524.19 11138.8 -1
4066.64 2265.13 -10072.1 11096.3 -1
2275.77 3194.64 -10948.9 11630.8 1
event 25
-2543.71 4249.95 4731.87 6850.86 -1
-454.454 4140.38 3493 5437.05 1
-3369.59 908.498 -2010.88 4029.19 -1
-2016.28 118.472 -2587.33 3284.03 1
event 26
1324.7 7987.5 8156.99 11493.6 -1
-1728.92 -3870.12 10351.1 11185.9 1
-2008.62 -3504.52 4631.66 6146.51 -1
-683.341 2110.54 2107.39 3061.63 1
event 27
-10129.9 -194.794 13393.2 16794.1 1
5101.12 1777.87 -2840.74 6104.36 -1
3497.66 378.659 -2170 4134.86 1
-2754.41 -371.515 -9210 9620.82 -1
event 28
-7446.54 -44618.5 43321.8 62634.2 -1
-844.991 -5201.81 5560.97 7662.14 1
-1000.37 -4464 6197.48 7703.76 1
-1162.12 -1885.21 4123.24 4681.54 -1
event 29
8369.26 -2519.95 7371.11 11434.1 1
4041.35 2395.3 -6071.85 7677.8 1
3507.23 127.76 -3599.52 5028.39 -1
3420.22 -371.035 4370.76 5563.3 -1
event 30
-7303.43 -3838.02 -5944.77 10169.7 1
5097.67 5503.75 -358.886 7511.15 1
2082.63 2999.78 1660.23 4012.92 -1
-2540.09 -66.2032 -2480.39 3552.46 -1
event 31
-13277.1 8160.93 -79960.3 81465 -1
5445.69 -3108.54 -15808.1 17006.6 1
3593.15 167.638 -10877.6 11457.4 1
2021.57 -167.937 -4872.35 5278.82 -1
event 32
7639.27 -3748.71 -21834 23433.9 1
-5138.92 2676.86 -30238.9 30789.2 -1
2283.92 -2935.96 -7965.15 8791.53 -1
2231.38 -156.864 -7735.87 8053.48 -1
event 33
-10081.2 -2565.57 5584.04 11807 1
8062.07 3456.9 17721.8 19774.2 -1
3086.54 794.691 5115.72 6028.27 1
-2089.4 -255.505 793.251 2251.95 -1
event 34
-10516.7 -1360.14 8133.88 13365 1
7316.79 4381.83 15522.4 17711.3 -1
3206.02 1962.82 6527.9 7533.65 1
-2311.34 203.274 1794.17 2934.93 -1
event 35
-9165.06 15661.7 15498.7 23864.3 1
-5147.72 8071.22 7144.99 11945.9 -1
32.2368 5432.54 11917.5 13097.7 -1
-327.2 2770.43 4588.22 5370.78 1
event 36
1246.24 -7978.15 -12068 14520.7 -1
408.096 4502.11 3013.83 5434.14 -1
-3722.74 292.804 -1383.02 3983.52 1
-1196.7 2341.06 2682.47 3757.59 1
event 37
-9847.04 -1219.52 -4725.14 10990.4 1
6799.4 -5689.27 12028.5 14943.1 1
3608.13 -1910.62 3741.15 5538.64 -1
-2896.32 -1166.74 -2943.4 4292.4 -1
event 38
11676.7 -2140.9 -9786.67 15385.7 1
-9364.14 -1605.98 -11537.2 14946 -1
-8279.44 -2433.43 -9836.76 13086 1
4978.45 -1739.25 -4047.73 6648.7 -1
event 39
8444.89 -3149.89 -7359.26 11636.5 -1
-8071.19 -2325.98 -8907.18 12243.5 1
8272.45 -1133.64 -5497.73 9997.74 1
-2658.86 355.969 -3630.62 4515.4 -1
event 40
2040.96 11059.2 -47533.9 48846.2 -1
2341.41 -8961.33 -1714.87 9420.17 1
-3019.11 2201.62 -3994.93 5471.08 1
-26.331 -3400.19 203.917 3408.04 -1
event 41
-5512.36 2042.55 -17442.2 18406.5 1
979.489 -4975.15 5575.04 7536.83 -1
2219.88 -3035.69 2850.56 4720.18 1
-292.868 -2384.81 7569.43 7942.33 1
event 42
1458.75 6252.23 1157.42 6524.51 1
-1180.69 -5248.91 -9828.63 11205.3 -1
109.057 5156.04 -1036.43 5261.37 -1
612.766 -2410.37 -5759.51 6274.43 1
event 43
-3585.98 -6694.57 -32.7457 7595.31 1
5462.21 1853.15 -9474.68 11092.8 -1
-474.001 -3178.6 -5711.48 6554.42 -1
-1783.18 -1415.1 -253.519 2292.97 -1
event 44
-2113.2 -6487.58 9369.19 11590.8 -1
-3635.16 -3932.83 10952.3 12192.1 1
-1985.42 -4714.44 7937.82 9443.94 1
-792.247 2663.75 -4543.6 5327.16 -1
event 45
-8192.27 -1912.72 -5204.19 9892.76 -1
6357.95 2156.86 9268.17 11444.9 -1
5073.43 900.81 8674.85 10090.4 1
-3035.69 -297.622 -1927.13 3609.56 1
event 46
-5145.64 -1397.13 14064 15041.2 -1
-1616.79 4579.67 2549.37 5486.15 1
-3519.89 -3087.18 12638.4 13478.1 1
-55.758 2241.42 1436.31 2664.81 -1
event 47
-6129.2 776.06 -21462.4 22334.2 -1
-5392.89 -76.0513 -14393.7 15371.4 1
2033.15 -2551.84 -1955.79 3805.5 -1
1077.01 -2341.83 -792.726 2698.83 1
event 48
958.31 5632.04 3191.82 6545 -1
-4706.12 -221.529 2115.69 5165.65 -1
1313.16 4325.23 1829.03 4877.35 1
-3172.32 -466.795 3243.53 4562.14 1
event 49
-5451.07 2313.63 -4128.3 7219.49 -1
-5424.13 1559.92 -6551.34 8647.87 1
3776.93 327.802 -18319.9 18708.4 1
-1482.87 -1474.68 2248.51 3072.55 1
event 50
5520.8 -4567.73 3702.18 8066.02 1
4986.35 -3098.6 5493.06 8040.52 -1
-3021.27 2091.23 -14247.5 14714.1 -1
-2714.18 -71.2512 7140.38 7639.9 1
event 51
5061.68 -2560.79 -21251.2 21995.5 1
-55.7546 5062.99 -7913.99 9395.71 1
3264.37 -838.891 -11034.5 11538.2 -1
-1376.85 1777.13 -2682.35 3501.44 -1
event 52
-2954.4 -5479.38 12588.3 14043.8 1
4295.7 2171.65 599.628 4851.79 1
-2896.42 -1438.65 4704.3 5709.7 -1
-2377.96 1057.74 -2012.36 3291.55 -1
event 53
23515.1 -16482.2 -89492.4 93986.9 1
-11150.8 12370.9 -76146.6 77946.7 1
-7251.09 8466.05 -56604 57691.2 -1
2369.53 -2097.95 -9152.11 9684.43 -1
event 54
11720.9 -10257.1 -50764.6 53100.3 1
6126.06 -3880.32 -21218.7 22423.8 -1
-2768.74 3502.01 -22909.7 23340.9 -1
-1735.21 1585.45 -10947.6 11197.6 1
event 55
17203.2 4436.22 -52752 55663.4 1
-11403.4 -1542.7 -15462.5 19274.8 -1
4104.84 742.463 -13498.2 14128.5 -1
-2806.03 -373.761 -5302.84 6012.06 1
event 56
-5710.34 -7301.91 24322.9 26029.6 -1
-5076.8 3827.96 4311.69 7683.04 -1
-3807.94 4971.87 2591.55 6778.43 1
-3109.15 -1023.54 7879.12 8532.65 1
