event 0
6638.71 1753.12 -3265.08 7603.8 1
-92.7924 -4481.97 -3080 5440.06 -1
-1904.33 -3980.79 -2632.6 5139.55 1
3047.31 1157.7 -134.81 3264.31 -1
event 1
-9067.87 -9083.3 -8425.24 15353.5 -1
-4131.66 -3872.69 -4894.88 7485.94 1
2664.99 -2447.89 -10864.9 11452.1 1
-841.81 -2204.18 2272.79 3277.77 -1
event 2
-13056.5 -11430.9 -15168 23048.2 -1
-8737.61 -8977.13 -10778.1 16526.1 1
3419.56 -2232.7 -7566.25 8598.7 1
1659.27 -2313.34 -7873.64 8373.18 -1
event 3
5480.19 3792.73 10124.9 12122 1
577.975 -5662.17 -7986.87 9807.93 -1
-873.566 -4703.96 -7220.25 8662.19 1
3612.13 1804.87 3999 5684.03 -1
event 4
4638.69 989.633 5598.26 7338.15 1
3757.59 1663.24 3225.04 5224.74 -1
374.582 -3763.64 4185.63 5642.34 -1
92.2394 -2384.41 718.094 2494.14 1
event 5
-10871.7 11180.2 -10327.1 18704.3 -1
4360.04 -3726.12 -486.143 5756.86 1
-1968.36 2493.88 -1598.22 3558 1
907.467 -1929.01 694.315 2244.5 -1
event 6
847.642 -13506.9 -74303.9 75526.4 -1
1402.76 -12937.7 -74913.5 76035.5 1
2285.15 3261.19 9615.79 10408.3 1
2361.23 2760.19 4607.96 5868.43 -1
event 7
-2178.09 39960.1 14813.3 42673.2 1
-827.756 9940.11 2511.68 10286.4 -1
-3096.79 8430.57 5215.66 10386.5 -1
-678.51 3084.41 2358.78 3943.22 1
event 8
-2277.91 -5765.63 729.673 6242.99 -1
-2227.02 -3382.62 68.4652 4051.86 1
-91.0724 -3469.52 -285.147 3484.02 1
-921.595 -2861.73 2605.51 3979.78 -1
event 9
-7798.24 -548.14 -43277.1 43977.6 -1
4702.66 5047.71 -13013.4 14729.4 1
-3927.5 824.564 -20386.5 20778 1
2129.95 114.825 -4033.44 4563.95 -1
event 10
-4478.86 -12479.3 6667.6 14841.2 1
-10820.5 -6631.94 10889.8 16723.2 -1
-2465.41 -4171.48 2243.18 5340.65 -1
-3862.25 -2197.36 4410.5 6261.71 1
event 11
5899.71 -2266.08 -9496.9 11408.1 1
5261.51 -2380.74 -15569.2 16606.1 -1
4183.95 -1890.31 -9528.12 10577.1 1
1743.6 -1004.94 -3707.68 4219.96 -1
event 12
7059.83 -2414.38 22523.4 23727.3 -1
2623.31 5882.07 10085.5 11967 -1
2953.56 -2121.1 8700.93 9430.8 1
721.358 2015.79 4387.67 4883.29 1
event 13
3008.76 -9050.96 -35158.3 36429.2 -1
-5694.37 -6298.98 -47120.5 47879.6 1
496.382 3241.09 -1216.1 3498.73 1
-33.5761 2743.8 -591.094 2808.93 -1
event 14
-2672.41 -4720.21 -27342.5 27875.6 1
703.638 4124.82 -494.699 4214.88 -1
1826.75 -3118.92 -8749.46 9467.26 -1
1236.35 -2033.28 -9169.15 9473.5 1
event 15
-4921.37 3258.56 3745.43 6991.25 1
-4738.71 2516.26 4066.58 6733.14 -1
5182.07 -1159.86 -1242.35 5454.69 -1
2775.28 -1711.48 -1458.01 3573.28 1
event 16
1877.02 11194.4 -19054.9 22179.7 -1
4152.3 6616.02 -7882.65 11097.8 1
-4744.66 -540.331 -28416.9 28815.6 1
2071.37 2237.59 -9067.7 9567.22 -1
event 17
8268.71 1149.69 -21113.5 22704.3 -1
6707.81 4094.59 -22131.3 23485.5 1
3709.87 664.023 -9051.55 9805.39 1
1723.72 1500.91 -5512.88 5968.83 -1
event 18
-13232.7 -1387.43 -9131.44 16137.6 1
715.888 -5374.98 17012.9 17856.5 -1
-665.455 -5052.13 13030.9 13992.3 1
-2362.78 362.714 -653.771 2480.49 -1
event 19
6283.92 -1168.6 2038.57 6709.71 1
5477.71 940.562 2262.64 6001.72 -1
-5276.8 -1033.94 -298.872 5386.48 1
-2088.52 -398.43 69.8936 2129.95 -1
event 20
-2983.07 9787.18 329.253 10237.5 1
-79.549 4348.72 -1399.81 4570.38 -1
-137.99 -3103.5 -7230.39 7870.23 -1
1219.9 -1606.73 -3891.07 4384.21 1
event 21
1355.76 8071.4 39935.2 40765.4 1
1008.03 5198.93 20023.2 20711.9 -1
1355.14 4772.37 28394.5 28824.8 -1
1774.41 3368.28 19761.1 20124.8 1
event 22
-1337.84 5453.43 15450.2 16439.2 1
2520.44 5000.72 27045.5 27619.3 1
859.393 5488.34 22931.8 23595.4 -1
-834.014 2585.26 13308.8 13583.6 1
event 23
6167.77 2406.51 -8479.01 10758.1 1
-5436.26 3145.33 478.215 6299.67 -1
-2102.82 3331.86 79.6536 3942.17 1
2103.15 -73.6444 -2868.52 3559.25 -1
event 24
4203.62 -253.539 -9700.98 10576.1 1
1162.2 3904.42 2265.44 4662.47 1
1515.78 3701.66 6449.44 7589.88 -1
2486.24 554.367 -5510.11 6071.35 -1
event 25
4808.84 306.643 6076.52 7755.92 -1
-4181.61 -1371.49 9498.63 10469.1 -1
2769.84 2971.9 3333 5255.88 -1
2000.62 2098.2 2209.24 3646.48 1
event 26
5758.26 9098.28 18159.3 21111.8 -1
4699.04 5925.22 10350.3 12819.1 1
-726.234 -4941.42 -611.967 5032.96 -1
-2167.64 648.76 336.327 2289.94 -1
event 27
3720.59 -10392.9 1107.17 11094.7 1
-375.676 8450.79 8648.4 12098.1 1
-282.67 7466.99 11904.2 14055.5 -1
1722.84 -5366.29 252.58 5642.71 -1
event 28
-2596.37 6236.54 -30799.5 31531.8 1
-2384.03 5659.89 -20781.3 21670.1 -1
-2674.65 -1430.5 -7348.96 7951 1
-2371.45 65.4488 -5288.19 5796.91 -1
event 29
-31714.5 15034 103751 109527 -1
18651 -20188.8 35141.9 44614 1
-6807.61 2754.64 -27377.5 28345.6 1
-4326.72 2325.69 16097.3 16830.5 1
event 30
-12898 6889.07 46768.6 49001.4 -1
5637.06 -7500.98 13445.3 16396 -1
-6817.77 3046.31 -28648.2 29605.6 1
2896.24 -4346.81 4346.8 6796.23 1
event 31
7620.99 -7862.15 14518.9 18185.2 1
-4430.85 1832.21 13778.5 14589.3 1
2959.36 -3298.54 6127.58 7562.84 -1
-3276.99 2236.47 -17394.3 17841.4 -1
event 32
3362.91 4822.11 -9905.71 11519.4 -1
2552.08 3489.7 -10599 11447.3 1
-126.512 3424.28 -8999.94 9630.77 -1
1197.17 2012.02 -5463.16 5944.63 1
event 33
-29.1409 -20007.2 -5085.87 20643.8 1
-328.132 -4508.01 -1256.7 4692.58 -1
-3054.46 378.148 -3357.87 4556.22 1
-2178.85 -187.506 -2039.43 2992.15 -1
event 34
-5136.48 -756.474 -7521.48 9140 1
-5031.34 447.652 -6915.88 8564.77 -1
3583.19 -606.54 4514.57 5796.52 1
2400.11 -715.574 1389.21 2865.94 -1
event 35
-3708.42 4448.93 681.595 5832.76 1
2940.93 -4285.28 3794.82 6436.19 1
3887.04 -1846.21 2635.19 5047.08 -1
-2971.13 1207.03 1694.28 3628.54 -1
event 36
-10710.1 -11530.3 1716.24 15830.7 -1
4021.23 11608.7 9592.26 15587 -1
714.319 -4485.43 2669.99 5269.66 1
-2352.89 1702.81 -699.389 2989.31 1
event 37
4338.41 11043.7 8997.77 14891.5 -1
-7629.54 -7274.98 133.363 10543.4 -1
-10006.1 2382.12 -649.124 10306.8 1
738.254 -3149.43 2450.06 4059.29 1
event 38
-7475.91 8866.33 1189.49 11658.8 1
-1465.3 4795.15 13697.4 14586.7 -1
235.864 4948.16 11155 12206 1
-1510.93 1666.48 402.314 2287.59 -1
event 39
-193.883 7497.41 -43432.2 44075.2 -1
1261.51 4914.37 -28459.8 28908.7 1
1844.83 -4473.43 -11323.5 12314.5 1
-724.51 -2519.77 -5182.93 5809.3 -1
event 40
-7796.42 1371.28 -3136.88 8515.61 -1
-6378.68 1258.85 -4942.24 8167.57 1
-1654.5 4674.77 3211.31 5908.85 1
517.961 2507.15 756.783 2671.7 -1
event 41
-5217.2 -2241.74 4503.95 7248.54 1
-4147.2 -762.123 1299.46 4413.6 -1
1514.17 -2988.57 1299.95 3595.18 1
2883.2 -1500.16 2153.53 3900.28 -1
event 42
-8209.23 -4668.66 20969.5 22998.2 1
-3790.11 6526.1 -4980.91 9042.98 1
-2781.92 5696.03 -3006.49 7016.69 -1
5176.12 -2579.52 3040.81 6534.82 1
event 43
-9590.11 19702.2 -13376.3 25672.6 -1
-4987.84 7486.02 -5860.91 10736.9 1
5671.92 -316.584 4953.08 7537.58 1
-2612.72 -1221.05 5998.75 6656.84 1
event 44
9023.07 -2269.33 -4436.67 10308.3 1
5565.62 -70.0275 -15930.4 16875.1 -1
4907.1 -1235.16 -3032.88 5900.41 -1
3012.4 -932.386 -7710.4 8330.98 1
event 45
-2135.24 -7907.47 -9210.59 12326.1 1
977.724 6407.48 -27577.3 28329 -1
-2973.63 -3024.56 -3996.84 5828.93 -1
3034.18 -190.074 -13411.8 13752.5 1
event 46
5296.01 5519.09 -7475.79 10696.1 -1
-69.7263 5562.93 -1865.23 5868.67 1
723.823 4339.59 732.312 4461.32 -1
713.666 1902.12 -1013.94 2273.02 1
event 47
5928.33 -215.921 -3285.64 6782.2 -1
-4308.25 -3209.46 1351.83 5540.78 -1
-1692.82 -2549.45 922.485 3198.04 1
2037.55 -457.995 -455.872 2140.18 1
event 48
2875.74 10964.8 -7097.38 13374.6 1
-5878.65 -2137.58 -630.603 6287.81 -1
1413.8 2969.77 -2090.83 3898.86 -1
-2386.07 -560.705 -1235.54 2746.89 1
event 49
7497.11 15345.3 -15296.1 22927.4 -1
-19.7952 -4407.67 -12084.5 12863.7 -1
2521.71 3067.24 -2292.61 4586.3 1
-363.134 -2694.92 -9647.77 10024.2 1
event 50
-7507.46 7067.14 -20169.2 22652 -1
253.098 -4167.7 -2012.17 4636.13 -1
-2999.19 2583.88 -9409.5 10208.9 1
595.257 -3268.76 -1693.16 3730.56 1
event 51
8068.6 2298.01 9960.1 13023 1
6396.8 -1101.35 1219.41 6605.32 -1
1816.08 2986.93 5740.69 6722.09 -1
2714.25 138.856 2607.47 3767.82 -1
event 52
16472.9 2504.12 17065.5 23851 1
8154.17 -558.148 3920.14 9065.36 1
-485.429 -4997.6 943.274 5110.05 1
1577.15 2022.18 4678.61 5336.4 -1
event 53
14428.4 2082.48 12719.3 19347 1
9384.16 980.62 3916.16 10216.2 -1
7142.44 -17.7633 2853.78 7692.2 1
-584.971 -4999.81 114.591 5036.32 1
event 54
-11950.6 -11201.8 -1422.76 16441.8 -1
-2613.16 4549.46 2031.62 5627.16 1
-1705.55 3841.58 1252.42 4387.06 -1
-60.2028 2602.59 -13203.4 13458.1 1
event 55
1963.58 4059.63 -10488 11416.9 -1
2287.59 3797.35 -12025.1 12816.6 1
3182.9 -1225.64 -19893.1 20183.7 -1
2851.93 -827.632 -13957.9 14270.7 1
event 56
2627.87 7834.04 -1079.55 8333.93 1
-4113.66 2232.38 -1892.73 5049.68 -1
-3165.17 -1033.97 578.257 3381.26 1
96.3363 3091.63 -1473.35 3427.73 -1
event 57
-12541.9 -71.4504 -19040 22800 1
6889.72 4777.08 -6473.35 10592.6 1
3196.65 1670.64 -1853.54 4056.65 -1
-2782.53 395.273 -5472.49 6152.89 -1
event 58
-4117.37 3564.28 -11083.8 12349.8 -1
-4498.47 1741.73 -9857.02 10974.6 1
3264.48 -2764.66 -19821.1 20277.8 1
2132.34 -881.714 -8848.54 9145.06 -1
event 59
-3260.02 7154.66 -3529.15 8618.75 -1
-1500.35 7442.13 -2924.53 8136.36 1
1473.41 -2885.53 -4672.21 5686.64 1
609.29 -3103.03 -707.562 3242.2 -1
event 60
6788.03 8474.16 -7733.69 13330.8 -1
5429.74 9281.59 -6863.41 12757.3 1
-2401.12 -7381.35 -1720.62 7951.19 -1
232.905 -3015.22 -461.851 3061.09 1
event 61
-2581.53 8221.97 9717.58 12988.7 1
3125.08 -4232.17 -4548.2 6955.19 -1
-1734.44 4568.2 6106.58 7821.65 -1
2544.01 -1326.26 -3603.68 4607.45 1
event 62
-6111.46 -4020.15 -9359.97 11879.9 1
3588.44 1858.21 -6095.11 7313.78 1
-2332.17 -2363.45 -3774.7 5028.36 -1
2066.31 -604.464 -1970.29 2920.31 -1
event 63
-13256.6 -4009.61 8044.87 16017 -1
4475.18 352.971 8503.27 9616.06 1
3187.41 2258.23 837.944 3996.56 1
-2728.72 -773.204 1062.5 3030.49 1
event 64
-17064.6 -3433.28 8648.85 19437.2 1
-12363.7 -1859.05 4848.21 13410.2 -1
4889.61 3232.2 -226.469 5866.67 1
3148.86 1973.57 208.521 3723.57 -1
event 65
453.834 -5681.58 -4297.7 7139.17 -1
1792.23 -5049.31 -4762.14 7169.15 1
-549.275 -4506.72 -2701.37 5284.01 -1
502.12 -3975.7 -1670.29 4342.74 1
event 66
-732.987 9006.48 -8525.43 12423.7 -1
-2027.68 -4931.07 -8269.33 9839.71 1
70.3952 3387 -6039.91 6925.92 1
120.491 -2453.14 -4009.51 4703.16 -1
event 67
-1748.87 -6608.93 26391.1 27262.3 -1
-4580.12 -3899.25 20776.3 21629.8 1
-3179.3 -4906.21 19452.9 20312.6 -1
3144.31 3553.64 2117.42 5197.08 1
event 68
340.624 -9027.21 -14800.1 17339.6 -1
-493.26 -5431.15 -8925.7 10460.4 1
357.724 -3903.66 -5102.65 6435.42 1
-418.153 -3389.06 -5331.21 6331.95 -1
event 69
-5514.86 -2449.55 1915.76 6332.08 1
4027.76 2404.07 -11963.6 12850.7 -1
-4636.8 -308.27 2322.13 5195.99 -1
3877.17 782.448 -9193.19 10008.5 1
