event 0
2434.22 8854.92 -19894.5 21912 1
2082.07 -5937.1 -9960.52 11781.7 1
248.907 5930.61 -16232.9 17284.4 -1
1229.8 -3624.17 -6474.85 7522.09 -1
event 1
-5102.69 666.558 3608.31 6285.92 1
-4039.08 1192.74 4224.21 5965.9 -1
2483.18 -3091.24 1414.24 4211.08 -1
2040.75 -1040.22 1151.22 2565.77 1
event 2
7810.89 10040.9 8200.54 15135.7 1
7418.24 6757.49 7733.15 12669.1 -1
-7321.12 1345.91 -2190.13 7760.03 -1
-3993.87 -338.34 454.008 4035.19 1
event 3
-6279.45 11979.4 -45950.3 47899.7 -1
-4501.08 4407.04 -26599.7 27335.6 -1
-4732.81 1945.01 -21904.5 22494.4 1
-1174.55 1977.29 -8398.99 8708.82 1
event 4
5293.83 8191.1 -39873.8 41049.3 -1
-5143.98 -2428.62 -448.365 5707.09 1
-3202.37 -3775.85 -555.002 4983.12 -1
2145.82 2086.26 -10139.6 10572.6 1
event 5
9602.65 6825.71 30914.6 33083.6 1
44.8961 -6612.86 17499 18707.1 -1
-447.769 -3564.52 13276.8 13754.7 1
1818.53 1379.89 5521.26 5975.5 -1
event 6
8024.44 -9535.12 14366.6 19019 -1
-387.785 11973.3 -4328.38 12738 -1
2330.32 -3651.98 4786.26 6456.54 1
-4269.91 683.345 -8419.86 9465.95 1
event 7
-730.901 15090.9 -5316.27 16016.9 -1
5128.59 -7008.52 7629.61 11560.4 -1
-1480.85 -4196.11 4208.89 6125.86 1
1397.9 -2605.86 4573.81 5447.53 1
event 8
644.293 6688.56 35842.3 36466.9 -1
-1135.4 -4303.74 10684.4 11575 -1
420.954 -3918.44 14457.9 14985.8 1
1450.48 -2801.84 7668.68 8293.01 -1
event 9
2062.11 -7733.14 -8308.2 11536.5 -1
2602 4055.26 13070.8 13931 -1
3347 2102.07 6307.53 7444.28 1
1154.53 -1883.05 -2883.85 3634.08 1
event 10
10138.8 3390.23 18542.6 21403.9 -1
-9017.12 -639.311 25391.5 26952.9 1
-5522.47 18.6882 14652.5 15659.1 -1
2895.27 1256.23 4125.26 5195.15 1
event 11
-4902.37 -106.816 -3090.03 5796.9 1
1729.46 -4371.18 -8002.33 9281.52 -1
2385.13 -2256.55 -3232.72 4608.96 1
-846.816 -2230.58 -8280.89 8618.4 -1
event 12
-7431.92 3549.69 -29041.6 30187 -1
-7357.65 3192.31 -15617.2 17556.6 -1
-4402.74 2543.24 -7262.08 8865.73 1
-2290.51 1184.54 -6593.06 7080.19 1
event 13
-2874.21 4050.6 1997.55 5354.42 -1
932.426 -4025.57 -6658.74 7837.39 1
-301.336 -3206.76 -1880.27 3731.04 -1
-1562.24 1339.71 820.097 2217.91 1
event 14
-12912.4 -1843.22 -12899.5 18344.9 1
8864.41 6894.11 -649.547 11249 1
-5744.62 -1162.99 -4713.83 7522.28 -1
2342.6 1922.12 632.107 3097.27 -1
event 15
11809.5 -658.168 -41409.7 43065.9 -1
8719.67 -808.002 -29628.6 30895.8 -1
5137.88 287.722 -15134.6 15985.8 1
2496.47 163.176 -12361.6 12612.6 1
event 16
26880.6 5097.75 -52941 59592.9 1
-4943.18 845.379 938.542 5103.11 -1
3713.99 462.77 -7599.66 8471.95 -1
-2008.69 404.612 689.867 2164.63 1
event 17
5846.06 1956.19 13182.7 14553.2 1
5207.5 2391.52 18399.9 19271.8 1
5207.69 744.276 12574 13630.5 -1
4315.77 2539.67 9547.9 10781.9 -1
event 18
5702.05 -3134.38 3056.4 7189.61 1
4069.3 -4443.51 3807.31 7128.16 -1
3689.46 4653.01 26813.2 27463.1 -1
139.469 3280.76 17496.5 17802.3 1
event 19
-4808.12 5321.98 6635.08 9771.23 1
-2086.05 -5805.99 19680.6 20625.2 -1
-2595.32 3845.36 3992.79 6121.77 -1
-1338.19 -2968.61 7107.65 7818.78 1
event 20
5267.21 1436.26 2064.25 5837.69 -1
737.334 -4840.36 10724.9 11790.1 -1
-3676.68 -705.278 6313.09 7340.41 1
641.76 2245.87 -1827.22 2967.44 1
event 21
-7298.91 1584.95 4513.89 8727.69 -1
774.766 -3960.52 -12104.3 12759.8 -1
2260.5 -2208.09 -14587.6 14926.3 1
-1852.1 1110.2 1958.22 2916.95 1
event 22
8641.33 -6297.04 -12837.7 16707.6 1
-6071.03 786.799 241.475 6127.47 -1
-4344.13 -386.87 -1048.74 4486.89 1
2927.35 -2395.49 -5025.83 6291.1 -1
event 23
5672.14 -3353.05 10589.9 12472.9 -1
5277.65 -1957.86 12626.1 13824.5 1
-4965.21 -487.943 22524.5 23070.7 1
2174.35 505.293 -7766.9 8082.02 -1
event 24
9204.18 1754.23 -751.275 9400.52 -1
-6162.48 -2074.11 316.683 6510.73 1
-3127.11 -1808.46 -1231.9 3818.13 -1
3093.77 524.612 -615.571 3199.49 1
event 25
7375.07 727.709 -1058.3 7486.82 1
-3817.36 -1649.33 39.4452 4159.96 -1
4096.08 268.729 -617.421 4152.41 -1
-2887.72 -1107.28 -1665.28 3514.16 1
event 26
6287.21 -4228.02 -34886.6 35700 -1
3966.52 1651.52 -14564.6 15185.5 1
3338.38 2195.66 -20776.3 21157.3 -1
2676.2 -2502.97 -13802.8 14281.3 1
event 27
2699.46 -7610.54 15656.6 17616.7 1
971.176 -5975.47 15800 16920.4 -1
19.3682 3163.77 -3512.54 4728.52 1
453.695 2060.4 -1614.94 2659 -1
event 28
3309.95 3419.32 4697.09 6687.41 -1
2896.88 2992.8 984.946 4281.36 1
2987.18 -569.405 6295.88 6992.62 -1
-2015.8 -55.3622 2237.22 3013.78 -1
event 29
9621.35 -274.698 35385.7 36671.6 -1
-3938.18 5033.87 31761.6 32398.4 -1
-3265.82 1250.12 14751.2 15160.4 1
3245.63 550.217 12166.5 12604.5 1
event 30
14831.7 2351.02 55031.8 57044 1
-2985.59 4767.75 20850.7 21596.5 1
-4019.91 3547.68 25806.4 26357.7 -1
4502.26 -1129.23 17577 18179.8 -1
event 31
7771.28 -4294.93 -1538.28 9012.03 1
-2680.82 3198.99 6650.59 7852.51 -1
-2587.44 3059.64 2630.82 4794.65 1
1529.89 -1299.31 161.084 2016.41 -1
event 32
-5469.65 3056.12 -879.679 6327.87 -1
4482.91 -1216.98 5825.79 7451.75 1
2388.26 1825.8 7790.86 8351.41 -1
-2108.73 1069.23 346.261 2391.87 1
event 33
3480.5 -14633.8 -18956.2 24199.4 -1
-1779.3 8503.37 11209.4 14182.2 1
-3041.42 3988.93 6972.19 8589.78 -1
511.219 -2203.05 -3767.51 4395.46 1
event 34
43438 3550.5 20487.4 48158.2 -1
2995.02 6525.1 -3362.57 7928.75 1
4394.82 233.179 2431.48 5029.12 1
2759.5 3083.74 -1231.04 4318.67 -1
event 35
26059.9 3127.03 9896.01 28050.6 -1
7682.62 1087.53 3934.97 8700.6 1
2347.28 4031.35 -1297.84 4843.25 -1
2137.45 2324.31 -835.655 3268.11 1
event 36
4064.56 8206.69 23584.1 25300 1
2947.06 3013.77 10591.1 11399.6 -1
-2986.32 -1539.87 -2541.47 4214.21 1
-2020.92 -1962.8 -1561.64 3222.82 -1
event 37
-5739.62 -2823.43 5707.72 8573.46 -1
-3900.27 -3214.38 7205.81 8802.23 1
-1972.94 3867.95 -6738.78 8017.22 1
178.644 3135.62 -6193.52 6945.13 -1
event 38
-2163.06 -4185.39 -21377.1 21890.3 -1
4037.14 -2332.98 -8167.66 9405.48 -1
3975.07 -2277.18 -5176.42 6913.27 -1
-1972.58 -1364.3 -8850.96 9170.77 1
event 39
-4424.02 -5071.63 -2360.64 7132.82 1
-3813.07 -2227.76 -1252.71 4591.61 -1
3438.87 2173.13 -5948.48 7207.21 1
3862.01 895.565 -5482.87 6766.85 -1
event 40
-7613.92 10074.6 22242.8 25577.8 -1
4078.83 -2029.69 -16392.6 17014.3 -1
2850.56 -2098.41 -12107.5 12614.7 1
-1775.72 2206.38 3829.58 4764.25 1
