event 0
-4918.67 -5605.35 -7321.44 10451.2 1
5524.98 4816.76 -221.743 7333.95 -1
2855.9 3877.49 1317.53 4993.81 1
-1599.08 -1267.37 -1178.04 2358.44 -1
event 1
16948.5 -104.974 -22519.5 28185.1 1
5559.72 670.695 -7747.06 9559.73 -1
-1928.61 5251.39 -3362.72 6528.07 -1
-1971.09 2264 -1189.21 3230.53 1
event 2
-1954.54 6972.06 -9388.06 11856.5 -1
-1183 6692.51 -11849.2 13660.3 1
682.132 3471.79 -8602.91 9302.68 -1
-734.669 1937.33 -6396.57 6724.6 1
event 3
-10596.7 -8073.17 -18981.3 23189.8 -1
4133.62 -978.893 -17883.4 18381.3 1
4123.59 32.9118 -10727.2 11493 -1
-181.318 -2403.25 -12602.3 12831.1 -1
event 4
8609.87 -2454.75 -12421.2 15311.8 1
-5361.03 3569.88 7316.63 9748.28 1
3890.7 -2924.19 -5867.71 7624.27 -1
-2551.53 3649.69 3778.99 5841.45 -1
event 5
-8977.88 6309.95 55692.4 56763.3 1
6970.55 -3687.91 9610.28 12432.1 -1
-2934.62 3599.46 26438.2 26843.2 -1
2758.06 -1928.94 4358.25 5507.56 1
event 6
16366.7 21406.4 1629.62 26995.7 -1
4998.8 8248.69 741.396 9674.18 1
-4852.58 4859.82 -36758.2 37394.4 1
122.683 2078.38 -10603.7 10806.7 -1
event 7
-21670 -21273.1 943.944 30381.5 1
3718.73 4693.96 114.272 5990.53 1
-3397.35 3474.08 -28178.7 28594.8 1
-1830.09 -2329.82 -198.127 2971.15 -1
event 8
10493.7 3740.84 -52266.5 53440.7 -1
-1330.48 -9214.24 -2111.81 9546.9 1
5315.38 2585.56 -30826.7 31388.5 1
-485.108 -2052.4 -423.473 2153.64 -1
event 9
-7224.47 -6279.42 14132.6 17069.4 -1
-4053.16 -2703.1 8225.94 9560.97 1
3188.61 1524.94 4108.49 5420.66 -1
1986.85 1850.3 4423.06 5190.94 1
event 10
-4503.45 3503.01 1241.44 5839.9 -1
-90.2706 -4832.31 10790.2 11823.7 1
-2237.37 3753.88 1414.98 4594.64 1
1288.83 -3966.63 9668.88 10530.6 -1
event 11
-3946.21 -9271.7 10406.2 14485.7 1
-5157.25 -8298.81 10734.6 14515.9 -1
3309.6 8700.96 -45961.3 46894.7 -1
1480.32 6440.45 -27469.3 28253.2 1
event 12
2023.59 7371.53 -26544.7 27623.7 -1
2119.52 6151.96 -27333.3 28097.4 1
-1054.16 -4400.51 4036.55 6064.71 1
-842.626 -2011.08 2431.53 3267.72 -1
event 13
11845.1 1314.17 -4099.38 12603.5 1
-5138.27 1280.73 -8356.21 9893.41 -1
3735.97 -301.309 -1279.24 3961.81 -1
-3274.01 1669.55 -6257.72 7257.87 1
event 14
-5318.64 -7857.61 -7644.22 12185 -1
-4156.07 -7313.21 -8819.09 12187.8 1
-168.583 -4204.14 5272.48 6746.36 -1
-384.419 3083.12 -8383.54 8941.38 -1
event 15
-558.976 12905.4 -35657.2 37925 -1
-6165.51 -9148.36 -7624.9 13411.1 1
1634.75 -5541.74 7012.29 9086.62 -1
-2945.87 -3944.94 -5034.12 7042.31 -1
event 16
-6506.45 5193.46 2352.02 8651.54 1
5904.4 1073.9 -13030.7 14346.6 -1
-3950.67 1506.56 1849.11 4616.04 -1
2230.12 1799.33 -5321.6 6044.97 1
event 17
253.239 7664.79 21836.8 23144.6 -1
3517.66 -6432.94 20804.9 22059.3 -1
-753.388 5806.05 19677.4 20530.2 1
1123.32 -4930.62 9760.44 10993.2 1
event 18
8354.58 -1932.92 10847.6 13828.1 1
-2236.34 5131.87 -2207.35 6018.38 -1
-1456.17 3376.6 -115.297 3680.53 1
2454.18 -563.549 491.403 2567.72 -1
event 19
10468.6 -5841.65 -59089.9 60293.8 1
3784.16 -3316.61 -27754.6 28207.2 -1
-2726.63 1567.54 1452.65 3465.98 1
-2422.77 1272.6 2342.72 3604 -1
event 20
-7430.05 4286.7 6791.98 10941.8 -1
7456.37 -3077.46 -41448.1 42225.9 1
2966.24 -2047.36 -16095.6 16494.6 -1
1573.71 -1782.38 -13298.2 13509.5 1
event 21
10248.9 -7463.22 -14923.4 19582.1 -1
-4595.06 1428.92 149.635 4815.59 -1
-3651.7 1628.21 837.075 4086.3 1
-1495.33 -3012.51 -3234.09 4667.09 1
event 22
-10812.9 3726.19 4081.51 12143.9 1
7916.74 -5287.53 -12030.6 15342.1 -1
-7143.41 3816.99 409.011 8110.25 1
3155.54 -1945.29 -4522.67 5848.7 1
event 23
9443.92 -6676.5 -10976.4 15945.4 -1
-5318.82 -4471.42 -8972.56 11349.1 1
2586.78 -3256.18 -4320.75 5997.85 1
-755.145 2055.39 3499.24 4129.25 1
event 24
5065.41 10212.9 -7093.47 13427.2 -1
3740.07 -2882.47 -11355.6 12298.7 1
3277.22 -1939.46 -6197.8 7275 -1
1211.87 2625.88 -1121.61 3103.72 1
event 25
5858.19 -4275.87 -17635.7 19069.1 1
5240.71 -3469.19 -9880.45 11710.5 -1
1874.51 5187.58 -3092.06 6324.3 1
2921.92 2876.94 -1989.68 4558.99 -1
event 26
14347.2 -11108.5 12480.3 22023 1
14485.2 -9660.92 12829.2 21627.6 -1
-2397.02 -3311.35 -15301.1 15838.1 -1
-1226.2 -1916.24 -12102.7 12315.1 1
event 27
23192.8 -17406.1 19123.7 34736.3 1
5898.27 -3652.53 5521.11 8867.04 -1
-1925.86 -4691.01 -27261.3 27729.1 1
-2007.25 -3404.36 -14259.8 14797.7 -1
event 28
848.646 7845.65 -27084.4 28210.8 1
-4256.89 3856.73 3891.17 6938.86 -1
-4498.36 1980.23 3192.54 5861.74 1
993.831 2887.36 -9344.01 9830.88 -1
event 29
5091.35 12703.7 4936.6 14549.5 1
-2528.76 10663.2 -1946.27 11131 -1
-823.98 3790.57 -1389.95 4121.96 1
1044.34 3360.07 1479.68 3818.55 -1
event 30
-1883.1 7424.44 7146.39 10476.2 1
-1496.48 4023.64 4091.81 5931.54 -1
1112.53 -3672.69 -10278 10971.5 1
2727.78 -2664.03 -8728.54 9525.57 -1
event 31
-6741.01 -2412.54 17710.3 19103.1 -1
4182.69 -3786.67 2898.97 6344.2 1
-3273.07 -1737.81 8877.74 9620.73 1
2182.63 194.201 2211.82 3115.27 -1
event 32
-4825.87 -787.592 6005.22 7744.88 -1
-4122.43 -1069.34 2087.28 4744.03 1
1283.42 2892.43 -630.544 3228.32 1
2253.62 1469.54 1291.43 2986.19 -1
event 33
2561.91 7293.65 -6998.9 10428.6 -1
1398.14 -5271.59 6387.2 8399.52 1
-2858.44 -1347.37 2822.85 4238.6 -1
1074.73 2826.69 -2341.25 3825.95 1
event 34
2587.06 6850.92 3392.57 8071.47 -1
-407.521 4892.71 2734.11 5620.6 1
-352.076 -3417.23 -13148.6 13590.4 1
-1116.3 -1876.02 -10779.4 10998.7 -1
event 35
7559.06 7642.26 -667.765 10770.4 -1
2583.56 6813.24 3367.93 8028.02 1
2573.09 3626.54 785.575 4516.73 1
567.672 2524.63 970.268 2765.61 -1
event 36
2906.35 -3489.36 720.643 4599.24 1
3772.76 -1737.96 458.478 4180.38 -1
-1916.84 3214.88 -17156.5 17560.4 -1
447.523 3108.87 -7993.31 8588.92 1
event 37
-9735.69 -8109.06 -13558.5 18557.6 -1
8236.02 -5521.6 -8659.6 13165.1 -1
-2705.93 -3532.14 -3671.74 5769.82 1
3296.83 -2737.26 -4552.09 6252.55 1
event 38
3899.37 -6406.24 13838.1 15740 1
-1729.51 6116.82 -6139.28 8837.91 -1
2866.79 -1966.38 6085.95 7009.64 -1
-1324.76 2738.45 -2606.88 4007.63 1
event 39
-17402.4 -511.045 35274.2 39336.8 1
4959.16 -191.436 18108.6 18776.7 -1
3543.77 490.149 18695 19034.6 1
-1893.48 671.252 3639.25 4158.26 -1
event 40
14174.9 -11580.2 -76524.3 78682.9 -1
-12073.3 -3326.47 21141.4 24572.4 1
-5887.82 -1855.78 12160.9 13638.5 -1
2281.96 -854.302 -10006.9 10299.8 1
event 41
-11304.2 5772.58 20918.4 24468.3 1
-9462.11 4967.64 20456.2 23079.8 -1
5472.4 -6547.52 18523.1 20394.5 1
3152.08 -4720.92 9752.86 11285 -1
event 42
-9412.27 4998.31 21389 23897.2 1
4157.97 -4506.53 12010.2 13485.3 1
-4203.12 1689.51 8766.79 9868.56 -1
1571.63 -3159.53 7714.32 8483.78 -1
event 43
-13168.5 5942.99 26841.7 30483 -1
8952.71 -11023.7 31349.9 34416.6 -1
-10431.1 4585.8 21642.9 24459.4 1
3538.76 -5225.58 12633.2 14122.3 1
event 44
-42488.9 19816.5 81338.2 93882.5 1
11988.5 -15007.6 42365.7 46516.8 -1
-9897.32 4486.57 20579.2 23272.3 -1
2130.58 -3676.51 7234.65 8390.91 1
event 45
5151.16 -6191.97 -7515.36 11016.7 1
-6438.28 2494.42 3561.5 7769.75 1
-4085.34 637.285 1807.79 4513.91 -1
2461.27 -2718.27 -3900.5 5354.62 -1
event 46
7400.22 12663.7 41091.3 43630.8 1
2029.98 -8132.05 12578.7 15115.7 1
-4345.42 -6188.36 12330 14464.4 -1
771.894 -3618.98 8448.73 9224.15 -1
event 47
3430.05 -14903.3 26599.1 30682.1 -1
1670.53 7551.9 -4448.65 8923.2 1
-3778.79 -6215.1 10709.9 12946.8 -1
4206.98 5207.58 20204.1 21284.6 1
event 48
-6299.26 -11414.6 20889.6 24624.3 -1
983.046 -7665.8 10118.4 12732.8 -1
3790.33 5918.54 18262.4 19568.4 1
1004.33 2858.2 -2746.49 4090.52 -1
event 49
-12660 -9390.06 -3037.8 16052.6 -1
-6505.4 -5301.61 -2181.59 8671.67 1
-3628.79 1540.83 7325.53 8319.67 -1
-1556.18 1453.1 1470.97 2590 1
event 50
10376.9 4736.47 4650 12318.6 -1
1973.89 10109.1 3191.14 10783.6 1
3113.13 2922.72 1349.23 4479.45 1
1163.89 3931.21 1025.78 4227.58 -1
event 51
-8586.04 -15380.7 -22139.6 28292.3 1
-1709.34 -4693.93 -11477.3 12517.8 -1
-1081.74 -3199.34 -4830.37 5894.87 1
-734.762 -1900.65 -3560.95 4104.13 -1
event 52
10358.8 10645 -33428.7 36580.2 1
3410.61 6011.97 -16473.1 17864.7 -1
3113.66 -1190.37 -4403.32 5523.79 -1
1647.45 -1911.35 -4589.29 5238.33 1
event 53
6716.11 -5670.83 -17054.6 19186.9 -1
4623.62 4667.44 -12219 13873.7 1
-5809.15 1.45167 -14810.6 15909.4 -1
3725.19 4219.87 -13435 14566.9 -1
event 54
3049.65 11222.4 39298.5 40983.3 -1
3623.46 -4243.41 20057.2 20819.2 -1
2029.69 -4246.6 23078.6 23553.9 1
-275.68 2417.66 6724.9 7152.38 1
event 55
5923.41 2225.18 -2888.95 6956.68 -1
3526.68 3153.1 -4506.18 6534.25 1
-4461.52 -502.755 -22702.5 23142.4 -1
-2098.55 -612.529 -9890.18 10129.5 1
event 56
-976.819 -8531.47 423.339 8598.29 -1
6529.25 -855.73 -5382.95 8505.93 1
4598.71 -2239.07 -4742.64 6976.05 -1
-4508.84 -1690.52 -7137.46 8610.58 -1
event 57
6234.33 -2009.57 -5692.56 8678.81 -1
-644.828 -4146.39 1393.32 4422.76 -1
2804.35 -1327.65 -2445.7 3952.17 1
110.401 -2986 -47.2793 2990.28 1
event 58
5246.85 745.541 7682.96 9334.04 -1
3533.42 3130.96 6003.83 7638.4 1
3479.91 1467.45 11860.4 12447.7 -1
3107.7 1643.36 9337.26 9977.68 1
event 59
3858.45 2775.24 -3304.05 5789.43 -1
-4480.06 -364.409 5239.62 6904.24 1
-584.264 4300.26 5683.96 7152.07 1
-594.781 -2363.87 14175.1 14383.6 -1
event 60
-17427.7 9244.78 10085.8 22156.9 -1
17285.5 -6029.8 -79357.5 81441.8 1
-12006.7 5057.24 8682.37 15656.7 1
2037.44 -7.28167 -9119.98 9345.39 -1
event 61
4921.62 -2299.78 938.967 5514 1
4144.41 -145.334 0.0381154 4148.31 -1
-3355.75 1875.02 9131.43 9908.12 1
-3044.78 1237.86 14091.1 14469.8 -1
event 62
-8499.97 -16696.7 28454.1 34068.7 1
-1075.07 -5491.32 7747.34 9557.35 -1
271.894 3635.58 -1913.2 4118.6 1
-34.445 -2131.97 1587.79 2660.59 1
event 63
-5885.74 -6110.99 -5383.7 10049 -1
3097.96 2850.63 -5545.8 6963.51 1
-2692.01 -2028.59 -616.15 3428.26 1
2328.33 1154.43 -2403.95 3541.75 -1
