event 0
161.646 -7000.81 -17484 18834.5 1
-132.542 5199.97 3668.47 6366.01 -1
-1259.68 3277.29 801.663 3602.95 1
782.382 -2180.03 -5902.73 6341.77 -1
event 1
-5288.05 -7711.28 11440.8 14776 -1
-929.461 4158.77 580.49 4302.03 1
1240.53 3444.59 2145.3 4244.71 -1
-2050.58 -1878.04 5680.09 6325.07 1
event 2
-3802.42 3815.27 16521.4 17377.6 1
4485.15 -384.921 23536.4 23963.2 1
-756.236 3564.07 11440.2 12006.8 -1
1964.03 1238.91 6462.99 6868.31 -1
event 3
5797.46 -21446.3 44910 50104.6 1
4712.87 8046.92 30096.4 31508.2 1
1459.15 -5181.42 12866.2 13947.2 -1
646.884 3317.52 6884.69 7670.36 -1
event 4
5565.72 12994.7 44246 46449.5 -1
1871.63 -9013.71 20277.3 22269.5 -1
2829.49 -7299.93 15688 17533.3 1
3116.49 6194.53 19191.8 20406.4 1
event 5
-7682.15 715.744 26820.8 27908.7 1
-4123.76 1673.75 14135.8 14820.2 -1
-2615.42 -3578.87 2785 5236.05 1
2187.26 2526.97 17545.9 17861.7 -1
event 6
2990.03 -34571.4 -6668.05 35335.5 -1
-1174.1 5915.02 -14414.5 15625.4 1
-323.76 3112.31 -12320.2 12711.8 -1
142.089 -2728.05 -678.83 2816.81 1
event 7
-2545.31 4930.04 14041.2 15098 -1
-4742.56 1727.32 12813.7 13772.3 1
-242.005 4699 10723.5 11710.9 1
-1840.72 2031.85 7265.67 7766.45 -1
event 8
-2543.09 9293.85 -8118.68 12600.3 1
-2882.6 6850.19 -6429.37 9827.64 -1
-1157.61 4993.99 -4504.24 6824.9 -1
-1720.69 2953.38 -5333.18 6335.39 1
event 9
-7769.95 21107 -20830.2 30655.9 1
1421.14 -7498.12 -10355.6 12864.3 1
-1899.87 7018.05 -6048.95 9458.51 -1
-940.631 1898.04 -2878.28 3575.34 -1
event 10
14133.2 12785.6 -10000.5 21523 -1
-15743.6 3277.08 -12393.8 20303.1 1
4607.04 4783.73 -3974.14 7740.4 1
-5078.26 1202.41 -3152.55 6097.89 -1
event 11
5731.83 1212.82 -2642.97 6428.16 1
4431.64 2806.92 -1715.04 5520.03 -1
-1377.09 3957.24 -1419.34 4425.13 -1
-1247.34 2317.66 -474.17 2676.46 1
event 12
8592.5 3207.75 1265.49 9259.23 1
-2928.31 5623.72 46.9733 6341.5 -1
4273.88 -554.272 1152.67 4462.4 -1
-2345.75 3299.38 -107.431 4051.07 1
event 13
-10336.1 -590.604 24371.3 26479.4 1
8337.03 -1548.56 468.551 8493.22 1
7155.45 -74.7655 2815.5 7690.53 -1
-6162.47 1230.94 16111.9 17294.3 -1
event 14
-3035.44 -17371.4 -18917.5 25862.4 1
1117.63 6323.35 6141.46 8886.09 -1
-847.985 -5131.56 -4971.13 7195.5 -1
776.278 4586.31 3255.63 5678.66 1
event 15
-9376.78 -33130.8 -2888.54 34553.3 -1
-3180.16 -7646.88 163.233 8284.08 1
-232.886 -4559.83 62.0521 4567.41 1
-1196.71 -3516.49 -337.127 3731.31 -1
event 16
-411.383 -9053.42 -2102.91 9304.14 1
-1769.92 -4852.8 -744.521 5219.94 1
-1515.47 -4619.66 377.938 4877.7 -1
-1169.89 -4059.12 -187.949 4229.85 -1
event 17
-12469 5109.74 31260.1 34041 1
6640.29 -135.095 -5309.84 8503.96 -1
-5111.79 2765.09 16392.7 17392.8 -1
3670.11 244.48 -1947.45 4163.32 1
event 18
4084.11 4164.16 7404.18 9426.2 -1
55.4888 -5227.88 -28318.8 28797.6 -1
419.799 4215.76 8876.75 9836.49 1
1779.59 1750.15 1676.84 3008.81 1
event 19
1636.17 5470.55 9998.44 11514.5 1
3307.12 -3703.43 17659.7 18344.7 -1
-3780.92 -1843.94 2412.52 4850.45 -1
-1681.58 -1747.5 -234.001 2438.72 1
event 20
3546.12 14278.8 81274.4 82595.4 1
4372.48 7695.34 43281 44176.8 -1
1243.95 3658.28 22564.2 22892.9 -1
1896.43 2853.49 19352 19653.2 1
event 21
825.291 7467.13 -19419.2 20822 -1
4029.96 -5548 -21644.6 22705.1 1
1169.6 3584.23 -12520.9 13076.6 1
1845.2 -3207 -9298.45 10008.1 -1
event 22
-923.89 -14440.5 10439.2 17842.9 -1
1375.45 -4911.81 5417.63 7441.75 1
-219.714 -3485.78 1559.62 3826.55 -1
-63.3342 -2663.41 1789.03 3210.85 1
event 23
7931.09 9456.5 4157.07 13023.8 1
-1478.14 -5141.94 -10134.5 11460.5 1
-4907.47 -1829.11 11417 12561.4 1
1508.41 1600.61 998.238 2417.62 -1
event 24
-11447 -1302.68 25341.7 27837.8 1
2650.78 3444.05 1124.77 4490.48 1
-2998.83 -691.026 4491.11 5445.34 -1
-42.3261 -2268.27 -3932.32 4541.05 1
event 25
-4408.61 -4627.06 -12826.2 14330.7 -1
3412.58 3565.7 926.116 5022.82 1
-4340.56 -147.667 7044.41 8276.3 1
1462.55 2621.46 865.246 3125.84 -1
event 26
17118 18500.6 5961.63 25900.8 -1
4893.28 5005.31 2524.29 7441.81 1
-5481.79 -1516.45 9299.93 10901.8 1
-348.37 -5229.46 -10952.7 12142.5 1
event 27
22292.6 -24969 -4718.64 33803.6 -1
-9493.98 1206.41 -4968.41 10783.7 1
5003.24 -5469.92 -1916.61 7657.48 1
-4065.23 620.645 -512.774 4145.53 -1
event 28
13304.8 -12980.5 -3360.7 18889.5 -1
-14218 3735.22 -5434 15673 1
6436.47 -8431.8 -2635.51 10930.7 1
-3571.73 66.3583 -923.837 3691.39 -1
event 29
-12451.9 3001.06 -4017.62 13424.2 1
4863.08 -7320.73 -1434.32 8905.67 -1
5570.11 -6177.44 -1213.01 8406.51 1
-3574.84 705.704 -1195.88 3836.5 -1
event 30
12625.1 -13838.6 -2724.75 18929.7 1
-8215.32 971.209 -2551.59 8657.74 -1
-3302.86 -141.474 -1166.62 3507.28 1
1599.63 -1774 -1035.13 2605.49 -1
event 31
-7118.08 508.199 -10133.9 12394.8 -1
-4509.61 -1049.68 -5403.44 7116.65 1
3212.74 2225.7 -12125.8 12740.6 -1
3351.63 303.27 -18775.6 19075.1 1
event 32
-2811.61 5966 12191.4 13861.4 1
3605.92 -4425.65 6734.91 8829.46 -1
-2281.04 -4000.21 3478.29 5771.87 -1
321.912 -3440.89 3964.35 5260.28 1
event 33
-5184.36 7336.99 -20730.9 22594 -1
-2665.52 4285.35 -16193.1 16961.6 1
-3558.63 3376.11 -21012.5 21577.8 -1
-3040 3171.54 -7082.69 8335.22 1
event 34
-8917.49 -6385.94 -17911.3 21003.1 -1
-2355.72 8680.91 34844.2 35986.6 1
2790.53 -4063.11 -4122.18 6426.47 -1
1230.81 -1619.56 -2728.84 3405.23 1
event 35
-5327.06 18.2551 -4324.74 6862.39 1
4854.19 738.274 -5030.75 7030.49 1
-4667.13 502.856 -2072.92 5132.56 -1
3011.54 2648.21 -3853 5562.3 -1
event 36
8007.34 4015.08 -31089.5 32354.4 -1
4228.95 1635.92 -15536.7 16185.2 1
-842.128 -4219.89 -3786.2 5732.63 -1
1300.11 -3319.05 -3010.04 4666.68 1
event 37
-10495 7369.32 57272.9 58691.2 1
-5209.33 3299.33 27822.5 28497.8 -1
3945.41 -2475.85 19225.4 19781.9 1
3317.26 443.793 18031.3 18339.6 -1
event 38
-6858.9 3427.7 35902.5 36712.4 1
5350.68 -2620.83 18265.3 19212.8 -1
-2474.84 1800.38 10992.6 11411.2 -1
2200.23 -861.245 10059 10333.3 1
event 39
7097.23 -4743.34 10798.9 13765.8 -1
-3559.08 3779.98 -3742.14 6400.78 1
4178.91 -1068.56 4464.6 6208.78 1
-1634.03 2039.7 -521.858 2667.19 -1
event 40
-2517.37 7618.82 -9329.73 12306 1
-3095.98 4380.14 -7230.76 9003.65 -1
2564.27 -2182.92 -7231.21 7977.61 -1
2155.32 -1481.12 -6545.6 7049.48 1
event 41
-4862.95 2950.31 3768.92 6824.11 1
-3777.32 1760.59 2352.13 4786.6 1
-3103.29 2545.44 1062.98 4153.41 -1
-2133.6 396.724 673.831 2274.83 -1
event 42
-5344.24 1097.25 5546.07 7780.42 -1
4812.17 -701.519 18209.9 18848.4 -1
-3199.93 433.329 3907.47 5070.19 1
2176.6 -1603.58 10384.5 10731.1 1
event 43
-6442.73 -5430.74 -673.596 8453.79 -1
6439.33 5050.18 -36425.1 37333.2 -1
3571.01 1627.59 -15857.6 16336.4 1
-2510.84 -1687.68 496.782 3067.66 1
event 44
-10929.1 -8317.73 -1392.28 13805.1 -1
9666.29 6465.5 -56890.6 58067.2 1
-6695.17 -4335.38 874.719 8024.78 1
5336.69 4557.12 -28908.1 29747.9 -1
event 45
2272.94 -12133.9 6572.21 13985.8 -1
1028.67 -6103.58 2884.59 6829.63 1
2004.84 -5414.25 1687.24 6015.93 1
447.986 -1999.69 70.0548 2053.18 -1
