event 0
5709.11 4493.89 -10674.1 12912.6 1
-2081.07 -3545.93 -17626.6 18100.1 1
-2700.88 -2198.45 -15139.7 15535.4 -1
-3245.34 153.213 -4113.63 5242.98 1
event 1
5393.47 3510.12 -11002.5 12746.7 -1
5819.76 1759.09 -8783.86 10683.2 1
-2472.76 -4194.16 -21651.1 22192.1 1
-4119.91 187.113 -7526.8 8583.27 1
event 2
7886.32 -7576.2 -6097.65 12521.4 -1
-3298.76 8575.83 -11912.9 15045.1 1
-296.956 3161.42 -4260.97 5315.05 -1
1807.31 -1209.93 -2530.09 3338.09 1
event 3
-14141 -3725.36 1313.63 14682.8 -1
-8386.74 -1095.78 2548.48 8834.26 1
-4230.58 5817.45 1847.69 7427.36 1
-1553.07 -3856.5 14644 15223.1 1
event 4
-1666.3 8349.92 -5314.03 10037.3 -1
-1402.19 -5329.45 -16536.3 17430.7 -1
1178.89 -3778.35 -8470.98 9350.64 1
-1478.46 2090.1 -1782.78 3121.51 1
event 5
1045.54 -5390.81 -3365.47 6441.4 -1
-2021.17 3941.47 -12394.2 13162.3 1
3259.41 2572.23 -19046.6 19494.3 1
2440.96 -1822.07 1177.03 3267.23 -1
event 6
2021.02 -8532.87 -3180.58 9328.54 -1
-2468.4 3217.69 -16244.8 16743.7 1
2496.87 -3021.11 -1851.29 4335.89 1
2996.15 -1307.92 622.632 3329.63 -1
event 7
-18221.8 34659.8 -44860 59546.3 1
12275.6 -16291.4 -14712.1 25150.7 -1
13519.8 -13979.7 -15898.6 25119.6 1
6069.88 -10742.8 -10628.6 16285.8 1
event 8
16520.6 -18142 -17783.5 30303.9 -1
-2657.46 5077.35 -6295.84 8514.13 1
3017.33 -3834.37 -4141.33 6400.66 -1
1787.49 -2551.31 -2666.5 4101.92 1
event 9
-7833.84 14077.8 -18900 24834.9 1
3515.39 -6306.94 -6324.58 9599.32 -1
3727.51 -4285.4 -4390.98 7179.89 1
3507.83 -2455.76 -4006.22 5864.86 -1
event 10
-17828.8 30991.1 -41035.2 54426.2 1
12964.6 -19024.4 -19006.7 29854.2 1
6913.58 -8107.25 -8438.64 13592.2 1
1466.22 -2513.87 -2292.75 3706.38 -1
event 11
13984.4 -22890.4 15367.4 30914.5 -1
4092.61 -913.329 3044.58 5183.08 1
1573.36 -3727.02 2779.95 4909.73 1
1681.28 -1180.53 -76.6007 2058.49 -1
event 12
4023.9 -3090.73 -1494.54 5290.49 1
-4126.49 1749.36 -1771.75 4820.62 -1
-4054.34 323.043 -1774.39 4438.65 1
2629.77 -762.027 327.715 2759.52 -1
event 13
5027.51 229.005 -11298.8 12369.4 1
-3334.64 2890.4 -4311.21 6170.25 -1
3091.91 -1628.67 -207.801 3502.4 -1
1853.04 -851.584 -3981.23 4474.4 -1
event 14
17689.6 9660.54 -19243.7 27867.2 -1
-5658.51 -8272.29 -19812.6 22203.6 1
-5228.14 -5092.82 -15594.5 17218.3 -1
2100.32 860.777 -1438.8 2689.53 1
event 15
-9323.97 -8243.48 -29999 32478.4 1
7853.66 3960.1 -6709.27 11062.9 -1
-3953.52 -4839.56 -12509.3 13983.8 -1
1683.85 1582.82 -2969.67 3764.41 1
event 16
-2900.24 -12904.7 -8150.64 15536.6 -1
-2666.32 -6697.34 -4104 8295.64 1
-2400.36 -3381.65 -5751.18 7091.16 1
-1358.11 -2454.54 -1645.07 3253.71 -1
event 17
2026.5 -13110.8 989.192 13303.8 1
-447.653 7060.85 1559.25 7245.58 1
-1870.18 2427.69 748.375 3156.34 -1
1334.9 -2404.25 206.264 2759.73 -1
event 18
-11896.4 -2429.35 -6118.78 13597 1
5550.09 1693.69 17798.2 18720.5 -1
-4266.63 -26.5442 -1370.04 4482.52 -1
4023.21 1277.62 6957.73 8138.78 1
event 19
1863.25 6895.03 15.8009 7143.15 -1
1765.28 3992.62 216.149 4372.08 1
-3319.15 426.833 -4947.07 5973.58 1
3133.23 -144.094 18834.1 19093.8 1
event 20
5095.51 -2472.09 -18086.4 18952.7 -1
-5411.77 -891.358 -9039.97 10574.2 1
-4102.63 34.2445 -6148.9 7392.76 -1
2039.94 -1404.18 3020.28 3907.21 -1
event 21
2613.08 -5904.79 17442.7 18599.8 1
-5157.71 3040.81 18191.9 19152.2 1
-5266.76 1986.85 13985.5 15076.2 1
-2412.53 1908.56 13441.1 13789 -1
event 22
-19735.7 7780.56 -96990.6 99283.5 -1
3740.55 -6055.44 -7497.44 10338.4 -1
-6314.56 1934.7 -31742.2 32422.1 1
1252.16 -2391.68 -1531.84 3105.76 1
event 23
11890.4 -18017 -20478 29754.9 1
-17176 7156.08 -83913.5 85951.8 -1
2766.69 -2771.66 -3465.22 5230.26 -1
-2400.68 1071.22 -10898.4 11211.5 1
event 24
-15317 6591.06 -73359.4 75230.7 -1
6188.87 -8754.42 -12368.8 16368.9 1
-4101.26 1694.31 -21250.2 21708.8 1
1644.52 -2894.72 -2536 4186.44 -1
event 25
8531.11 2250.62 9978.76 13320.4 -1
5678.93 3767.31 6699.16 9556.81 1
-4400.31 -4417.92 499.607 6256.32 1
-1890.51 -1673.88 -500.611 2576.37 -1
event 26
3657.31 5689.45 2137.27 7094 -1
492.308 -5217.41 2040.71 5624.89 1
2144.37 2747.72 2162.8 4103.32 1
-678.893 -3065.59 7379.98 8020.85 1
event 27
2780.67 4419.65 -9805.44 11109.6 1
-1760.93 -3773.64 -11544.2 12272.8 -1
3182.04 -1272.19 9398.72 10004.5 1
-57.8863 2109.95 -6552.54 6884.93 -1
event 28
5151.14 -3833.2 -6946.97 9460.41 -1
-4595.7 -1610.59 -5023.22 6997.03 -1
1054.2 3994.17 5279.51 6704.41 -1
1985.48 -323.971 -951.039 2227.72 1
event 29
-2042.16 6362.55 -12500.5 14174.8 1
-2713.32 5405.96 -6853.95 9141.9 -1
3368.87 -144.846 5704.87 6627.74 -1
1570.56 -1538.83 2369.21 3234.03 1
event 30
5803.09 -5868.98 10577.5 13417 -1
-3235.72 7433.03 5593.17 9849.59 1
-1878.02 6149.89 5280.8 8321.43 -1
2520.18 -2302.79 2875.58 4464.79 1
event 31
-2688.73 32961.6 25457.8 41734.9 1
4115.26 -9613.12 -41652 42944.7 1
1887.51 -7543.26 -27233.9 28322.4 -1
-60.2085 2463.26 1982.12 3164.05 -1
event 32
12559.4 -37042.3 -159156 163892 -1
-1693.13 15296.1 10652 18716.7 1
-906.762 4288.19 4074.87 5985.53 -1
2010.21 -3211.06 -13799.6 14310.5 1
event 33
-640.237 -11260.3 934.033 11317.6 1
5860.44 2878.62 4555.14 7961.89 1
-833.806 -5935.17 2422.16 6465.25 -1
1397.86 1507.13 1365.67 2470.16 -1
event 34
-3997.03 -22062.5 3329.96 22667.8 -1
4438.94 2517.16 1791.46 5409.32 1
240.052 -4293.24 774.082 4370.35 1
2786.05 758.579 13359.9 13668.8 -1
event 35
21294.4 -4607.43 -8321.66 23322.5 -1
4594.48 -1262.62 -2947.08 5603.56 -1
4064.07 783.562 -2966.73 5093.46 1
3505.04 -736.782 -2666.11 4466.26 1
event 36
6039.72 -6609.93 1812.8 9136.01 1
-7378.98 -224.263 -6706.04 9974.06 -1
3652.69 -2490.21 429.533 4442.85 -1
-2397.26 637.192 -2274.72 3367.25 1
event 37
-935.211 21501.2 24282.1 32447 -1
1494.28 -7857.04 -9214.23 12201.6 -1
738.312 -7382.52 -9953.02 12414.5 1
-1353.55 3636.28 3915.52 5513.36 1
event 38
6203.73 -5908.35 -20040.3 21794.9 -1
-4317.14 -5193.25 30525.3 31263.6 -1
1156.48 -4063.65 -11502.6 12254.5 1
-1929.44 -721.194 9702.45 9919.25 1
event 39
-3815.18 1813.79 14461.1 15065.8 -1
2911.21 -2924.54 824.573 4209.42 1
3336.52 -493.914 604.05 3428.17 -1
-2510.02 238.786 5985.18 6495.44 1
event 40
5580.96 3407.98 -31363.8 32038.4 1
3566.39 -5341.76 -13520.3 14968.7 -1
1941.06 -2693.28 -9671.31 10225.8 1
2688.9 967.219 -12186.9 12517.9 -1
event 41
7936.97 -11515.5 4750.37 14770.9 -1
-1759.66 5058.01 3083.56 6180.56 1
-876.905 4339.27 3959.07 5940 -1
-2248.69 -42.0345 -1423.8 2663.97 -1
event 42
3691.4 -4577.74 515.399 5904.14 -1
-3546.84 2664.2 -955.861 4539.04 -1
-3839.99 1248.95 -761.269 4110.49 1
853.38 -2562.23 1594.97 3138.22 1
event 43
13252.2 -2741.93 63004.2 64441.3 -1
-3709.99 9545.93 7919.27 12946.6 1
4478.3 -1496.06 21180.3 21700.5 1
-777.73 3674.55 2865.45 4725.37 -1
event 44
6427.42 2924.69 -6634.14 9689.61 -1
-6296.87 1446.16 8020.57 10299.6 -1
2834.75 2833.78 -3822.12 5539.48 1
2204.17 1155.4 12029.2 12284.4 1
event 45
9474.38 10080.5 -14880.6 20318 -1
-11623.3 1747.7 14773.9 18879.5 1
-4704.13 662.902 5139.97 6999.91 -1
-988.947 -1876.47 1227.57 2453.01 1
event 46
9027.48 -31832.1 130263 134400 -1
-1276.21 31656.6 15988.5 35488.2 -1
-1299.58 24533.2 14032.5 28292.9 1
3101.61 -11333.8 45072.5 46579.1 1
event 47
6785.93 -25412.2 103954 107230 1
-1089.43 22887.4 12571.6 26135.8 1
-53.2532 11917.2 6352.17 13504.9 -1
968.365 -2850.43 8781.76 9284.03 -1
event 48
178.401 30583.8 15628.5 34346.2 1
2303.58 -8484.34 32704.7 33865.9 1
-559.084 6621.99 4228.65 7877.57 -1
944.594 -2737.43 13000.9 13319.9 -1
event 49
-14660.2 -12922.5 141.956 19543.4 1
10482.7 4844.88 9883.58 15200.5 -1
3236.56 615.474 2412.26 4084.64 1
-1781.44 -1951.98 383.547 2672.45 -1
event 50
-4904.2 -7816.52 -35835.7 37004.8 -1
4194.43 -1787.39 938.548 4656.18 -1
3839.24 -160.426 250.967 3852.23 1
-2350.21 -2770.88 -15358.9 15783.2 1
event 51
-14532.4 8842.88 44576 47711.8 1
5822.42 1422.05 -29941.6 30535.7 -1
-5504.53 2240.75 15076.8 16206.3 -1
4062.89 1702.52 -15348.4 15968.4 1
event 52
-1736.7 7260.45 1235.43 7567.55 -1
5795.12 3.5911 -6319.63 8575.1 1
3124.27 539.074 -2224.65 3874.52 -1
-407.667 1983.94 -845.002 2197.13 1
event 53
8685.45 2332.38 50715.8 51507.1 -1
4660.76 2153.26 23469.8 24025 1
4227.1 -1036.85 5738.52 7203.14 1
2950.48 -965.112 4415.63 5398.68 -1
event 54
11734.7 3203.79 67956.6 69036.7 -1
6658.52 -2717.19 13047.9 14898.9 1
2908.29 1756.99 16008.4 16365.4 1
2486.69 -471.936 3043.57 3959.9 -1
event 55
12616.7 23299.2 -16706.9 31323.5 -1
2931.04 8099.58 -5454.11 10195.7 1
-7286.88 -1070.32 -2996.41 7951.97 1
-918.854 -2665.01 -2865.31 4020.91 -1
event 56
9554.43 19763.1 -14271.5 26183.1 1
2877.19 5245.89 -2569.1 6512.21 -1
-785.375 -4783.18 -3927.62 6239.63 -1
-1146.89 -2485.17 -2634.12 3800.15 -1
event 57
10627.1 24756.6 -17778.6 32278.7 -1
-1957.84 -7473.04 -6779.46 10278.7 -1
-958.331 -3133.72 -2799.3 4311.13 -1
1211.64 2836.98 -1943.17 3647.41 1
event 58
10928.7 4864.59 28653.7 31050.7 -1
5980.44 2025.79 18676.9 19715.6 1
1496.69 -2604.11 -2136.42 3687.4 -1
-1036.88 -2766.23 -2226.67 3700.86 1
event 59
-1436.02 -5539.57 9446.06 11044.8 -1
-1117.51 -4286.16 4486.77 6305.73 1
-2682.55 2230.75 6181.49 7098.9 1
1232.2 3115.69 4892.35 5930.61 1
event 60
-6962.06 1149.99 7890.78 10586.2 1
-3238.42 2713.91 9586.44 10476.8 -1
-3372.07 1651.43 7468.08 8359.51 -1
-2340.55 1318.08 4075.89 4882.58 1
event 61
4762.84 6872.73 -362.011 8370.26 -1
5396.04 3015.51 1805.31 6440.56 1
1880.99 3020.58 5027.48 6160.25 -1
989.333 3400.93 426.051 3569 1
event 62
5963.11 2828.36 1319.82 6731.37 1
3694.4 4380.75 797.39 5786.75 -1
2188.18 3081.84 883.965 3883.09 -1
1284.48 2147.35 -301.619 2522.53 1
event 63
-10630.3 -1618.12 -63451.9 64356.6 1
7548.84 -7079.32 2908.02 10750.3 -1
-5995.97 -2310.6 -26710.5 27472.7 -1
1881.64 4434.19 -23597.3 24084.2 -1
event 64
-8180.79 -5625.06 12325.7 15827.2 1
-7846.75 -2795.08 6336.89 10466.7 -1
-3459.49 -1951.18 5723.44 6967.36 1
-2037.18 -1258.55 1668.64 2920.54 -1
event 65
-9517.45 -3675.32 11182.9 15138 -1
-5377.7 -2285.11 5880.06 8290.22 -1
-4552.26 -232.845 4152.56 6167.02 1
-3705.52 -1895.02 4980.29 6491.26 1
event 66
18.322 -11088.4 -11295.5 15828.8 1
-2146.29 6560.43 -26336.1 27225.8 -1
-395.719 3178.42 -14520 14869.5 1
-677.319 -2839.58 -2503.78 3847.34 -1
