event 0
14853.4 7522.02 23876.9 29272.9
5037.42 860.518 5022.65 7166.18 -1 0
4166.34 2046.77 4431.93 6418.78 -1 1
10687 5475.25 19445 22854.1 1 1
3898 -564.583 8148.15 9050.78 1 0
event 1
5490.09 2863.09 -28484.8 29314
4200.51 608.554 -19722 20173.8 -1 1
1289.57 2254.53 -8762.78 9140.21 1 1
-3526.41 -3519.47 -14665 15488.6 1 0
-4086.69 -1522.08 -22838.3 23251.2 -1 0
event 2
43022.8 -28944.4 52586.8 73944
-3865.37 3760.68 -43.49 5394.15 1 0
9793.33 -4923.98 11933 16203.8 -1 1
-2051.5 -502.354 1001.62 2339.96 -1 0
33229.5 -24020.5 40653.9 57740.2 1 1
event 3
4262.99 1861.42 -16656.9 17569.3
2259.92 2023.5 -5999.53 6723.64 1 1
2003.07 -162.077 -10657.4 10845.7 -1 1
6162.64 2097.42 -6755.5 9382.17 -1 0
4973.82 3599.95 -7075.06 9368.36 1 0
event 4
404.418 14343.9 -7963.62 16700.9
-1252.81 7364.6 -3488.41 8245.42 1 1
1657.23 6979.3 -4475.21 8455.51 -1 1
8929.33 -2331.39 4403.36 10225.9 -1 0
4544.24 -1144.5 1152.22 4826.88 1 0
event 5
2149.55 15223.3 -7435.13 17356.3
6318.85 -1920.03 2436.6 7040.07 -1 0
1607.43 2752.03 -1257.25 3427.74 -1 1
542.118 12471.3 -6177.87 13928.5 1 1
2878.83 -284.864 1637.69 3325.96 1 0
event 6
10529.8 -3363.61 4282.78 12252.5
-3213.72 1047.83 -13615.3 14029 1 0
2398.36 -2215.54 1202.66 3481.13 -1 1
8131.45 -1148.07 3080.13 8771.37 1 1
-5734.05 -963.013 -22008.7 22764.1 -1 0
event 7
-14545 227.736 -24500.7 28661.6
2296.86 -3848.37 -4267.86 6189.61 1 0
-6291.91 1517.42 -9592.37 11572.2 1 1
2855.32 -547.973 -1842.2 3443.54 -1 0
-8253.13 -1289.68 -14908.4 17089.4 -1 1
event 8
-5895.25 11210.7 61675.6 63038.9
-5128.08 6634.46 40985.2 41834.3 -1 1
-767.172 4576.27 20690.4 21204.6 1 1
3570.1 -2299.58 4235.95 5999.01 -1 0
2360.89 -2374.01 5859.85 6749.72 1 0
event 9
-5803.18 9665.29 65073.8 66115.7
4101.22 -1722.29 4272.42 6168.55 -1 0
-584.11 3472.67 16576.7 16946.9 -1 1
-5219.07 6192.61 48497.1 49168.7 1 1
1446.82 -1546.61 2058.41 2955.26 1 0
event 10
7438.21 -16856.7 -9188.75 20820.7
5264.97 -8913.38 -6152 12042.7 -1 1
2173.24 -7943.35 -3036.75 8777.97 1 1
1912.22 2964.93 1838.13 3979.61 -1 0
-556.388 3147.72 4017.17 5134.83 1 0
event 11
6575.24 5790.17 -22633.6 24466.9
3942 3419.21 -17239.4 18012.1 -1 1
2633.24 2370.96 -5394.22 6454.78 1 1
-3022.41 -5517.55 -27677 28383.2 -1 0
-1147.79 -1975.04 -6362.48 6760.95 1 0
event 12
13405.8 11767 -39175.6 43156.6
8535.44 6028.52 -25243.2 27320.8 -1 1
4870.33 5738.45 -13932.4 15835.8 1 1
-1470.24 -7198.49 -23188.8 24325.1 -1 0
-1936.59 -1743.04 -10784.1 11094.8 1 0
event 13
11582.7 -7439.97 -71468.7 72875.8
415.969 3124.28 287.013 3166.65 1 0
4493.17 -4631.74 -38443.1 38981.1 1 1
-1778.7 2578.39 847.408 3246.71 -1 0
7089.49 -2808.23 -33025.7 33894.7 -1 1
event 14
-8193.54 -22981.7 123343 125771
5822.78 1225.81 -2423.65 6425.93 1 0
-1048.66 -5723.06 34272.3 34762.8 1 1
-7144.88 -17258.6 89070.3 91007.9 -1 1
7361.8 -173.971 -1282.67 7475.48 -1 0
event 15
5357.19 -4344.76 16366.6 18028.6
-4029.02 3288 -1103.17 5317.15 1 0
2201.81 -145.436 3606.45 4229.28 1 1
-2636.58 5101.07 -1367.28 5903.66 -1 0
3155.38 -4199.32 12760.1 13799.4 -1 1
event 16
6967.74 -3242.94 27489.7 28711.3
-1674.82 3422.57 -350.883 3827.97 1 0
2057.54 -2526.71 9219.08 9778.56 1 1
-5210.54 2732.54 -995.322 5968.11 -1 0
4910.2 -716.236 18270.6 18932.8 -1 1
event 17
-14127.1 -2957.87 -16417.9 22078.5
-7125.14 -1368.51 -5946.49 9381.49 1 1
-7001.99 -1589.35 -10471.4 12697 -1 1
6017.26 -3077.08 -25757.1 26629.2 -1 0
3134.64 1704.55 -4043.99 5394.12 -1 0
event 18
-22285.3 30109.5 99111.3 105999
-11420 17740.2 57575.2 61319.2 -1 1
-10865.3 12369.3 41536.1 44680.1 1 1
579.771 -3185.37 -8450.3 9049.94 -1 0
1355.58 -1967.97 -5853.11 6323.01 1 0
event 19
-11141.1 1249.15 6948.91 13548.5
-4873.14 3221.36 -20976 21774.5 -1 0
-4131.02 -425.07 3979.99 5753.04 1 1
-7010.06 1674.22 2968.92 7795.48 -1 1
1964.24 690.007 -4758.06 5194.67 -1 0
event 20
-4617.37 6505.37 -37108.2 38082.2
-1610.28 2671.8 -11765 12172.1 1 0
-2458.13 1031.05 -12125.2 12415.2 1 1
-6126.69 7703.04 -37610.4 38877.1 -1 0
-2159.24 5474.32 -24983.1 25667 -1 1
event 21
-7168.92 1789.33 15631.2 17564.8
-3734.93 1755.11 5569.08 6932.23 1 1
-3434 34.2179 10062.2 10632.6 -1 1
2416.33 -4563.58 -434.425 5183.13 -1 0
637.831 -4302.38 511.169 4380.61 1 0
event 22
5933.31 -6403.57 -15887.5 18390.6
-1466.15 2912.22 569.841 3311.57 1 0
1035.17 -3075.89 -4426.68 5489.93 -1 1
-7937.55 9557.04 1039.88 12467.3 -1 0
4898.14 -3327.68 -11460.8 12900.6 1 1
event 23
7808.17 4874.74 -8409.23 12846.7
-3505.43 -39.7066 -5913 6874.91 1 0
1887.98 994.735 -429.432 2179.35 1 1
5920.19 3880 -7979.8 10667.3 -1 1
-3749.36 -1535.1 -4386.15 5971.92 -1 0
event 24
9571.39 -8485.92 3626.49 13651.5
-3921.11 -1410.12 10578.4 11370.1 -1 0
2080.67 -3583.44 1774.94 4509.07 -1 1
7490.73 -4902.49 1851.55 9142.47 1 1
-2173.31 -1508.18 4535.39 5251.55 1 0
event 25
2577.67 8977.29 1848.87 10012.3
208.022 5641.43 363.519 5657.94 -1 1
2369.65 3335.86 1485.35 4354.38 1 1
-382.819 -7127.04 703.625 7172.69 -1 0
-270.796 -2644.19 435.623 2695.56 1 0
event 26
-7835.72 12106 30574.2 33946
-798.37 -8532.34 -9156.03 12541.2 -1 0
-3755.93 3392.2 9066.64 10384.1 -1 1
-4079.8 8713.85 21507.6 23561.9 1 1
-923.953 -1836.99 -2395.57 3158.82 1 0
event 27
-9732.96 3951.56 -2722.63 11284.7
-5959.04 3943.87 -1387.08 7280.07 1 1
-3773.93 7.68362 -1335.54 4004.68 -1 1
2201.07 -2380.14 -749.527 3329.07 -1 0
3942.26 -970.657 -23.5364 4061.44 1 0
event 28
-7015.19 5003.94 8980.69 12825.6
6470.2 1007.97 1805.81 6793.5 1 0
-3210.45 1795.44 1822.29 4106.4 1 1
2721.07 1610.82 55.2919 3164.36 -1 0
-3804.74 3208.5 7158.4 8719.19 -1 1
event 29
11892.9 -15127.9 -41867.9 46182.3
8742.74 -9689.82 -30858.2 33504.7 -1 1
3150.11 -5438.12 -11009.7 12677.6 1 1
-3576.02 -3450.71 -11119.7 12180.1 -1 0
-2004.18 -1366.62 -5406.71 5926.89 1 0
event 30
12978.4 8545.49 -71692.6 73422.6
8944.07 7454.94 -54345.3 55578.7 1 1
4034.34 1090.55 -17347.3 17843.9 -1 1
-2332.38 -2086.43 -7198.77 7850.26 -1 0
-1417.03 1597.34 11366.7 11566 -1 0
event 31
-9177.95 5454.85 -544.639 11130
2310.66 -3094.29 -434.132 3887.6 1 0
-2022.32 2672.18 -801.78 3447.36 -1 1
3472.52 -7093.22 951.31 7955.39 -1 0
-7155.63 2782.67 257.141 7682.68 1 1
event 32
-6172.83 -9737.58 -19819.8 23137.4
-4122.43 -5271.38 -8674.56 10956.3 -1 1
-2050.4 -4466.2 -11145.2 12181.1 1 1
8522.84 6510.3 -49187.6 50343.3 -1 0
1604.43 2223.33 -11564.2 11885.2 1 0
event 33
5010.47 6864.89 4634.75 10163.8
1602.05 4123.49 1154.58 4573.18 -1 1
3408.42 2741.4 3480.16 5590.65 1 1
2977.53 2137.7 3875.65 5335.47 -1 0
1574.92 2475.86 4597.31 5454.97 1 0
event 34
9439.73 15495.7 7706.94 19955.3
3329.68 4542.36 4452.84 7180.45 -1 0
2284.43 3866.76 3412.44 5641.49 1 1
7155.29 11629 4294.5 14313.8 -1 1
1938.87 529.919 3633.78 4153.98 1 0
event 35
-3739.58 8598.63 -23570.3 25555.2
-645.874 3662.6 -2732.62 4616.29 1 0
98.6603 3024.34 -8841.65 9345.71 1 1
-1344.08 8628.3 -11086.9 14113.3 -1 0
-3838.24 5574.29 -14728.6 16209.5 -1 1
event 36
-8763.15 -673.862 12769.7 15808.3
-5410.97 907.637 6331.17 8378.38 -1 1
-3352.18 -1581.5 6438.56 7429.97 1 1
2323.21 38.7498 11247 11485 -1 0
3538.52 2720.07 13562.5 14278.4 1 0
event 37
-7671.72 -6648.05 6422.11 12405
-2095.28 -2769.43 1999.24 4008.5 1 0
-2633.59 -4030.91 3875.37 6181.72 -1 1
-1387.56 -1973.69 -145.654 2419.33 -1 0
-5038.13 -2617.14 2546.74 6223.28 1 1
event 38
7506.28 -561.458 -27443.5 28625.1
4533.3 73.6048 -21204.4 21684 1 1
2972.98 -635.063 -6239.07 6941.11 -1 1
-3014.7 -3784.71 -821.183 4908.96 -1 0
-2167 -1776.9 -916.299 2950.26 1 0
event 39
5649.57 -6349.11 -26369.4 27877.6
3566.58 -2737.09 -9658.43 10654 -1 1
2082.99 -3612.02 -16710.9 17223.6 1 1
-10173.4 6412.64 -9127.41 15097.7 1 0
-4817.82 5722.17 -6725.13 10059.5 -1 0
event 40
8396.79 -12246.8 -610.958 15180.7
-2554.06 4373.11 -293.882 5073.94 1 0
1132.24 -3874.81 -683.047 4095.59 1 1
-6827.65 12261.3 -1045.24 14073.4 -1 0
7264.56 -8371.98 72.089 11085.1 -1 1
event 41
2021.5 6954.1 903.851 7927.99
375.316 4645.04 -627.493 4703.42 1 1
1646.19 2309.07 1531.34 3224.58 -1 1
-4861.2 -20026.3 22510.7 30519.3 -1 0
-2767.43 -9767.8 8157.77 13024.2 1 0
event 42
1842.71 -5816.82 10104.2 12203.2
1630.98 -3770.53 3898.51 5664.5 -1 1
211.724 -2046.29 6205.72 6538.67 1 1
5733.51 1531.37 19248.7 20143 -1 0
5634.56 879.847 15417.8 16439.1 1 0
event 43
-6754.17 8376.94 -7978.55 13749.2
-5491.01 4685.4 -5922.52 9337.64 1 1
-1263.16 3691.54 -2056.03 4411.51 -1 1
-8833.64 5319.96 -9187.28 13811.3 -1 0
-1859.27 880.105 -1744.42 2699.19 1 0
event 44
3175.17 -15307.5 -11288.6 19530.1
1939.25 -10847.6 -9559.36 14588.5 1 1
1235.92 -4459.84 -1729.24 4941.57 -1 1
2845.85 1347.16 -2668.81 4128.85 -1 0
1870.25 1700.69 -3271.73 4135.89 1 0
event 45
2867.33 -5544.34 12220.7 14067.6
297.633 -3478.6 4704.73 5859.6 1 1
2569.7 -2065.74 7515.94 8207.99 -1 1
2944.57 -15542.2 61446.6 63450.2 -1 0
920.839 -3988.31 12922 13555.2 1 0
event 46
4396.17 7084.94 1302.99 8989.46
-2493.65 -4758.91 8989.97 10473.6 1 0
486.374 3408.94 1106.1 3618.3 1 1
-2099.25 -2678.2 2743.12 4372.13 -1 0
3909.8 3676 196.89 5371.17 -1 1
event 47
44004.8 -10390.6 18178.6 48830.7
-7476.15 4894.48 40451.1 41426.4 -1 0
2936.26 -1318.23 767.678 3310.57 1 1
41068.5 -9072.42 17410.9 45520.1 -1 1
-1845.35 1978.42 13595.6 13862.5 1 0
event 48
36456.6 -8142.3 12891.6 39637.9
19274.2 -5758.51 7556.06 21488.6 1 1
17182.4 -2383.79 5335.52 18149.3 -1 1
-14051 8227.85 74960.1 76708.2 -1 0
-5837.4 4297.61 40014.2 40665.6 1 0
event 49
10084.2 11121.4 71393.4 73020.4
-1503.29 -3988.24 -181.534 4267.33 1 0
3141.28 1786.63 20277.1 20596.9 1 1
6942.96 9334.8 51116.2 52423.5 -1 1
-7242.63 -8912.59 1148.03 11542.1 -1 0
event 50
11179.6 12837.4 74685.6 76663.7
6714.91 8433.92 40672.4 42077 1 1
4464.71 4403.5 34013.3 34586.7 -1 1
-7558.27 -10506.8 1992.75 13095.9 -1 0
-1429.25 -2487.75 747.769 2966.81 1 0
event 51
9857.35 11066 65922.6 67638.8
-3422.03 -4272.85 948.9 5556.9 1 0
1418.89 3307.81 13043.5 13531.4 1 1
8438.46 7758.19 52879.2 54107.4 -1 1
-6232.49 -9132.53 -872.059 11091.4 -1 0
event 52
-6204.42 -4529.02 -10004 12987.6
3342.57 -19.901 239.196 3352.85 1 0
-2917.03 -1349.66 -2055.36 3816.58 -1 1
5760.38 -376.457 -834.551 5833.64 -1 0
-3287.39 -3179.36 -7948.66 9171.02 1 1
event 53
1402.22 12331.2 -23119.5 26422.1
-289.9 -4737.75 -782.687 4811.87 1 0
1904.67 4180.33 -9195.72 10279.9 -1 1
-502.448 8150.87 -13923.7 16142.2 1 1
-2241.33 -7377.33 -1604.73 7876.22 -1 0
event 54
-8730.47 -21978.4 55004.1 59952.6
9420.22 10610.4 38151.7 40704.9 -1 0
-4830.1 -8071.85 21628.6 23585.8 1 1
-3900.36 -13906.5 33375.5 36366.8 -1 1
3785.39 7872.94 23072.8 24671.4 1 0
event 55
11847.5 17079.3 53112.7 57154.3
-4329.67 -10403.6 29792 31852.1 1 0
2056.93 5339.48 12097.8 13383.1 1 1
9790.6 11739.8 41014.9 43771.2 -1 1
-4659.89 -10691.3 23002 25789.9 -1 0
event 56
-1250.08 -9786.18 -687.737 10363.3
4760.03 -785.524 5173.92 7075 -1 0
-353.856 -4240.59 -1824.02 4630.99 -1 1
-896.222 -5545.59 1136.28 5732.28 1 1
1858.27 -1223.64 2521.78 3364.67 1 0
event 57
-7668.14 -10569.3 9175.88 16257.2
-4805.03 -5406.29 3384.23 7986.27 -1 1
-2863.11 -5163.04 5791.65 8270.95 1 1
2693.95 4830.93 9516.89 11008.1 -1 0
1394.96 3630.35 5145.65 6450.91 1 0
event 58
12593.1 693.952 9182.73 15905.4
-3701.34 -1954.79 -2525.5 4889.83 -1 0
2292.15 387.957 3301.76 4039.46 1 1
10300.9 305.995 5880.97 11865.9 -1 1
-4888.44 -867.837 -3974.46 6360.62 1 0
event 59
-4914.7 -5110.83 -24192.3 25399.5
-2497.18 3123.14 -7320.56 8342.17 1 0
-1173.66 -3078.61 -7909.45 8568.89 1 1
-3741.04 -2032.21 -16282.9 16830.6 -1 1
-698.962 3973.19 -7195.88 8250.25 -1 0
event 60
10770.9 -2199.5 -6047.93 12923.6
5543.23 -1312.41 -1388.89 5864.3 1 1
5227.67 -887.084 -4659.04 7059.27 -1 1
-2945.53 -1861.37 -7452.84 8227.81 -1 0
-2570.91 819.514 -4675.07 5398.95 1 0
event 61
10968 185.991 14504.1 18447
-5150.43 -1118.01 25260.1 25804.2 -1 0
4201.91 -842.47 7596.51 8722.61 -1 1
-11868.1 -938.151 63290 64400 1 0
6766.07 1028.46 6907.61 9724.38 1 1
event 62
4737.73 -22.5097 7625.32 9496.49
2903.95 975.121 6341.64 7043.53 -1 1
1833.78 -997.631 1283.68 2452.96 1 1
-6902.17 -551.925 33495.9 34204.2 1 0
-6049.18 -42.7439 29557.5 30170.4 -1 0
event 63
1894.16 10058.5 4367.53 11551.2
-1425.1 3048.89 3629.66 4950.99 1 0
-731.088 3989.62 1295.06 4259.1 -1 1
-1356.98 2373.01 1661.19 3200.51 -1 0
2625.25 6068.88 3072.48 7292.08 1 1
event 64
2722.14 9185.31 4079.6 10863.5
-147.529 4220.32 4765.72 6368.37 -1 0
417.9 3480.87 3001.86 4616.64 -1 1
2304.24 5704.44 1077.74 6246.83 1 1
-2022.91 2557.75 3336.8 4666.87 1 0
event 65
6176.82 -10642.8 -10073.6 16201.6
4513.92 358.983 5865.74 7410.96 1 0
2449.95 -1918.04 -1701.1 3547.69 1 1
10703.9 3376.39 8808.05 14267.7 -1 0
3726.87 -8724.76 -8372.53 12653.9 -1 1
event 66
5649.24 -13327.3 19197.8 24242
4900.22 -7877.63 12695 15724 1 1
749.016 -5449.72 6502.71 8518.03 -1 1
-402.816 2386.09 10103.2 10389.4 -1 0
1038.91 6233.56 28180.8 28880.8 1 0
event 67
8917.84 -12828.3 5800.07 16950.6
1913.68 8758.19 11050.7 14230.2 -1 0
1954.14 -3690.44 233.284 4183.73 1 1
6963.7 -9137.81 5566.79 12766.9 -1 1
4955.71 8310.1 10694.1 14421.9 1 0
event 68
-13435.7 7138.62 -32634.5 36195
-4464.45 1989.47 -15618.2 16365.5 1 0
-5714.01 2400.52 -9434.24 11288.4 1 1
-697.379 2384.23 -10636.8 10923.5 -1 0
-7721.73 4738.09 -23200.3 24906.6 -1 1
event 69
13677.5 -35392.4 49186.7 62198.2
3201.27 -11579.1 5730.47 13310.6 -1 0
3779.96 -7076.54 9116.41 12144.4 -1 1
9897.58 -28315.8 40070.3 50053.9 1 1
1521.08 -17241.3 11289.5 20664.9 1 0
