event 0
-3145.4 -4923.59 5727.77 8748.46
-2971.27 -1787.73 2928.6 4540.08 -1 1
-174.123 -3135.86 2799.17 4208.38 1 1
-2281.64 7313.83 16437.9 18136 -1 0
-745.7 4927.6 7961.18 9393.02 1 0
event 1
-5575.76 -5859.74 6231.82 10670.1
3819.27 1772.5 602.371 4254.71 1 0
-2643.36 -1576.44 855.733 3196.24 -1 1
3381.3 4499.83 1500.74 5826.24 -1 0
-2932.4 -4283.29 5376.09 7473.89 1 1
event 2
7211.85 -9499.23 -18433.3 22172.6
3522.38 -5007.54 -12190.9 13642.2 1 1
3689.47 -4491.69 -6242.41 8530.32 -1 1
138.876 3196.63 -3505.45 4747.32 -1 0
-293.429 2804.4 -4177.07 5040.82 1 0
event 3
-8504.17 1617.6 -2917.88 9645.84
3125.36 -3413.48 8205.7 9421.48 -1 0
-2893.09 -915.874 -980.163 3190.72 -1 1
-5611.07 2533.48 -1937.72 6455.12 1 1
1249.7 -1757.07 2024.51 2959.54 1 0
event 4
3544.35 9997.33 -6697.1 12921
1825.08 -4240.45 -108.337 4619.01 1 0
792.881 4671.12 -1457.13 4958.06 -1 1
786.758 -3917.58 2676.53 4810.55 -1 0
2751.47 5326.22 -5239.97 7962.89 1 1
event 5
-2052.26 -8174.94 -25159.3 26713.7
2283.04 2768.03 -7909.48 8685.93 1 0
-1000.45 -3225.42 -5884.07 6785.11 1 1
1736.99 9224.05 -25303.6 26988.6 -1 0
-1051.81 -4949.52 -19275.2 19928.6 -1 1
event 6
7787.83 1393.6 3214.98 9084.03
-3242.96 173.906 -15269.6 15611.5 1 0
2483.83 1953.02 1169.24 3370.76 -1 1
-6830.58 2965.59 -30561.6 31456 -1 0
5304 -559.414 2045.74 5713.28 1 1
event 7
16478.6 2086.69 33729.8 37725.1
8927.23 662.945 14830.6 17323.2 -1 1
7551.33 1423.74 18899.2 20402 1 1
-10177.4 -8708.75 5377.55 14434.4 -1 0
-1710.93 -1091.13 699.631 2149.07 1 0
event 8
-11587.6 -1166.52 35231.7 37235.7
7201.06 8801.96 25804.3 28199.3 1 0
-4584.13 -1244.4 10379.6 11415.3 1 1
3353.99 2171.05 8353.82 9260.68 -1 0
-7003.42 77.8811 24852.1 25820.4 -1 1
event 9
10374.1 16622.6 -11457.6 22908.5
4317.51 9468.98 -6887.21 12479.9 -1 1
6056.6 7153.63 -4570.38 10428.6 1 1
-1693.38 -3165.3 -1842.09 4036.22 -1 0
535.267 -2173.17 -820.882 2386.25 1 0
event 10
5950.07 1989.38 28410 29258.9
2672.85 2489.67 16133.1 16541.8 1 1
3277.22 -500.284 12276.9 12717.1 -1 1
-4729.68 -561.88 5961.12 7630.97 1 0
-4201.83 -22.4056 1634.81 4509.95 -1 0
event 11
-12674.3 6143.15 47992.4 50112.2
-9898.42 4682.14 32202.6 34013.5 -1 1
-2775.89 1461.02 15789.8 16098.7 1 1
8128.29 -11432.7 20340.9 24709.1 -1 0
2285.68 -1856.13 5711.29 6426.47 1 0
event 12
-22864.5 29697.8 208441 211806
3137.51 -3600.08 9916.69 11007.1 1 0
-8562.45 8953.63 65377.8 66541.4 1 1
1699.65 -1338.25 1758.22 2789.66 -1 0
-14302.1 20744.2 143063 145265 -1 1
event 13
-21703.5 26696.3 191996 195079
1597.48 -4086.91 6262.41 7647.46 -1 0
-10245.1 12286.2 80689.1 82259.7 1 1
1768.77 -1996.3 4532.52 5260.1 1 0
-11458.4 14410 111307 112820 -1 1
event 14
-9581.17 387.718 16249.2 19120
-5051.13 -188.528 5669.07 7595.99 -1 1
-4530.04 576.246 10580.1 11524 1 1
-2057.42 -6317.27 17534.5 18751.2 -1 0
97.6844 -2354.82 8080.28 8417.65 1 0
event 15
-5248.17 6622.02 -4353.05 9996.53
4049.28 -516.157 -12577.7 13223.9 -1 0
-2174.41 2697.62 -3522.03 4941.77 -1 1
-3073.76 3924.39 -831.016 5054.76 1 1
2589.26 -3237.67 -12417.3 13091.4 1 0
event 16
8222.41 -1406.66 46637.9 47479.2
-4533.68 -376.773 5323.89 7003.66 -1 0
3336.53 766.1 14477.6 14877.2 1 1
4885.88 -2172.76 32160.3 32602 -1 1
-4555.81 -336.739 7994.27 9208.05 1 0
event 17
5422.84 -8290.23 -2205.62 10610.9
3794.12 -5338.43 54.9423 6550.45 1 1
1628.72 -2951.8 -2260.56 4060.44 -1 1
-2375.77 1475 4131.37 4989.92 -1 0
-4651.57 1139.05 8630.38 9870.62 -1 0
event 18
11801 4390.12 51288.8 52902.5
8693.69 1709.73 35278.9 36374.6 -1 1
3107.35 2680.39 16009.9 16527.8 1 1
-2300.44 -1663.02 -1717.49 3319.43 -1 0
-5615.38 256.084 -966.425 5704.67 1 0
event 19
-5511.37 -8511.23 -2998.36 11018.1
-4103.91 -5343.57 -525.749 6758.95 1 1
-1407.47 -3167.66 -2472.61 4259.11 -1 1
-4775.57 7030.24 6254.53 10552.8 -1 0
-5289.3 4541.59 8013.24 10622 1 0
event 20
7023.92 -15740 -8691.33 19550.3
2456.68 -8351.69 -5489.54 10292.3 1 1
4567.24 -7388.33 -3201.79 9257.96 -1 1
-213.456 3296.33 1027.4 3460.93 -1 0
80.5275 2945.85 -470.877 2986.2 1 0
event 21
-7406.12 1319.82 139.995 8136.52
-4074.84 914.745 1602.42 4474.37 1 1
-3331.27 405.075 -1462.42 3662.15 -1 1
-6074.44 2127.23 -1824.92 6690.7 -1 0
-4786.55 -940.834 -2265.73 5379.68 1 0
event 22
3647.35 -15986 11996.3 20551.4
2378.31 -9432.57 5226.27 11043.3 1 1
1269.05 -6553.46 6770.06 9508.06 -1 1
497.774 4810.13 3828.07 6168.5 -1 0
2082.1 2877.38 1168.08 3740.32 1 0
event 23
844.142 -9487.68 4531.38 10993.4
28.4767 -5075.54 4021.12 6476.3 -1 1
815.666 -4412.14 510.266 4517.06 1 1
3844.91 5995.85 176.522 7125.72 1 0
4711.3 3057.81 1534.25 5823.37 -1 0
event 24
-4456.25 13823.5 23085.2 27449.3
-2396.67 7192.58 14877 16697.7 1 1
-2059.58 6630.92 8208.21 10751.6 -1 1
3645.91 9282.88 7665.2 12579 -1 0
483.149 8296.79 8444.64 11848.8 1 0
event 25
12788.5 -2716.48 24087.9 27581.6
6828.6 -2938.48 12356.2 14420.5 1 1
5959.88 222.001 11731.7 13161.1 -1 1
4192.04 -1146.78 7697.49 8840.3 -1 0
6454.96 -3009.08 9940.5 12228.9 1 0
event 26
10521.8 -3378.2 -17815.3 21192
1307.97 -3377.91 -2620 4471.76 1 0
4695.65 -1430.78 -5151.99 7116.91 -1 1
715.615 -2712.96 -1394.14 3134.81 -1 0
5826.15 -1947.42 -12663.3 14075.1 1 1
event 27
-8097.86 -6066.1 -20510.9 23079.5
5936.44 1834.95 24265.7 25048.9 -1 0
-3669.41 -928.208 -7858.75 8723.38 1 1
-4428.45 -5137.89 -12652.1 14356.1 -1 1
2436.52 -699.789 9379.43 9716.55 1 0
event 28
7920.55 6916.95 -15500.5 18985.1
2147.39 -2860.06 -2034.12 4115.82 1 0
3827.31 1404.38 -6294.62 7500.26 1 1
2077.27 -456.717 -664.525 2230.78 -1 0
4093.25 5512.57 -9205.87 11484.9 -1 1
event 29
3527.86 -13118.1 -6635.42 15432.1
218.198 4539.69 -6997.77 8344.84 1 0
1482.19 -4531.92 -3986.81 6216.19 -1 1
2031.01 3173.69 -7024.77 7972.19 -1 0
2045.67 -8586.2 -2648.61 9215.96 1 1
event 30
4671.15 -8273.12 -17121.2 19824
-2612.95 2214.59 -1056.61 3586.01 -1 0
2418.77 -1554.27 -5643.75 6334.77 1 1
2252.38 -6718.85 -11477.5 13489.3 -1 1
-3502.06 2884.25 2881.26 5375.51 1 0
event 31
1537.83 -5389.41 -1269.97 6527.97
1524.01 -2724.75 713.737 3204.29 1 1
13.8199 -2664.66 -1983.7 3323.68 -1 1
-346.234 4338.72 -10126.9 11023.1 1 0
1151.44 4177.93 -15830.4 16413.2 -1 0
event 32
5244.43 -2194.38 60.8718 6474.08
2350.59 -1980.73 -1209.2 3304.82 1 1
2893.84 -213.658 1270.07 3169.26 -1 1
-5352.53 1652.59 101.352 5603.75 -1 0
-4597.06 -1431.77 -177.217 4819.28 1 0
event 33
2481.04 -7909.13 3486.82 9511.19
1861.81 -4747.04 3668.02 6282.21 -1 1
619.232 -3162.09 -181.199 3228.98 1 1
-9495.03 233.747 11938.1 15255.8 -1 0
-1950.32 499.898 3135.78 3727.99 1 0
event 34
1395.86 -9568.68 -3450.55 10724
4401.93 3337.54 -30239.5 30740.1 -1 0
2044.52 -3547.59 -1464.62 4349.91 -1 1
-648.651 -6021.09 -1985.93 6374.12 1 1
1951.42 1059 -9362.6 9622.83 1 0
event 35
427.889 12228.3 -7567.42 14716.3
-64.8562 -4668.54 -17261 17881.6 -1 0
253.76 3910.11 -822.214 4005.07 -1 1
174.129 8318.16 -6745.21 10711.3 1 1
2320.13 -5076.5 -13327.6 14449.5 1 0
event 36
-6215.62 -5825.06 10005.7 13500.7
19.627 -3661.05 3989.89 5416.09 1 0
-3157.38 -1263.38 5131.44 6156.95 1 1
-2956.54 -5376.48 8050.43 10122.7 -1 0
-3058.24 -4561.67 4874.26 7343.79 -1 1
event 37
-3636.01 9259.49 3140.27 10881.8
-815.412 -5672.27 5837.31 8180.76 -1 0
114.118 3558.32 1486.66 3859.53 1 1
-3750.13 5701.18 1653.6 7022.29 -1 1
-938.566 -2983.83 4219.93 5253.86 1 0
event 38
20630.1 -4661.22 -6862.35 22450.2
2040.12 2280.65 5011.13 5872.48 1 0
2576.39 -1571.76 -504.614 3061.71 -1 1
18053.7 -3089.46 -6357.74 19388.5 1 1
-15.9848 5522.57 6855.37 8803.76 -1 0
event 39
-8433.78 -10688.6 8947.41 16583.7
5354.65 4822.95 9419.04 11860.1 -1 0
-875.789 -2998.76 2640.67 4091.93 -1 1
-7558 -7689.87 6306.74 12491.7 1 1
1663.56 1152.49 1216.05 2363.39 1 0
event 40
-4389.39 -5651.87 7451.82 10785.8
-3499.02 -2284.86 5040.82 6548.65 1 1
-890.372 -3367.01 2411 4237.17 -1 1
5109.52 2619.52 5041.77 7641.97 -1 0
945.94 2210.59 2411.96 3407.38 1 0
event 41
1423.46 -8494.02 27214.7 28712.5
-283.102 -4392.96 13667.3 14359.1 1 0
-77.0971 -3106.81 14373.7 14706.2 1 1
1500.56 -5387.21 12841 14006.3 -1 1
-895.345 -4917.21 22321.6 22874.6 -1 0
event 42
-9858.69 -12988.8 2617.98 16803.2
4712.53 5191.04 12783.8 14580.5 -1 0
-3160.1 -3691.19 2201.94 5335.8 -1 1
-6698.59 -9297.62 416.048 11467.4 1 1
6492.67 6247.61 19204.7 21213.7 1 0
event 43
8829.48 -8581.41 -24364.7 27474.2
-17754.9 -4954.62 -10818.9 21373.9 1 0
1656.96 -2528.02 -3708.6 4785.53 1 1
-2064.67 -1400.23 -602.795 2568.67 -1 0
7172.53 -6053.39 -20656.1 22688.6 -1 1
event 44
6071.04 2400.85 -3563.1 8056.54
-374.24 -3224.11 -15376.6 15715.8 1 0
2830.14 -485.817 -1637.28 3307.2 -1 1
-413.761 -5516.58 -33254.3 33711.4 -1 0
3240.9 2886.66 -1925.82 4749.34 1 1
event 45
9139.17 3490.04 -21229.3 23579.2
4234.81 3253.17 -11551.2 12726.3 -1 1
4904.36 236.87 -9678.1 10852.9 1 1
-775.857 -8034.31 -2351.02 8407.77 -1 0
-1197.31 -2378.16 -1874.42 3257.88 1 0
event 46
16511.5 61631.6 42778.2 76880.7
15311.1 53144.7 37228.7 66669.2 -1 1
1200.39 8486.88 5549.42 10211.5 1 1
1023.17 7517.93 1950.87 7834.74 -1 0
572.004 2897.72 1956.04 3544.18 1 0
event 47
2881.04 4043.82 299.471 5859.43
859.49 3437.22 -540.055 3585.53 -1 1
2021.55 606.602 839.526 2273.9 1 1
-3176.31 -5936.22 11301.6 13155.4 1 0
-102.723 -5653.13 7684.98 9541.41 -1 0
event 48
-6361.18 -189.579 -9391.7 11759.9
-2794.13 1522.95 -16213.9 16523.6 -1 0
-2111.74 -863.31 -1388.22 2672.65 -1 1
-3057.55 3273.42 -8920.11 9982.15 1 0
-4249.44 673.731 -8003.48 9087.27 1 1
event 49
-2994.94 -19064.9 -38455.5 43137.6
-1148.55 -4430.33 -7356.07 8664.3 1 0
-1801.95 -7501.1 -12370.6 14579.3 -1 1
-2189.13 -3348.2 -7410.64 8422.08 -1 0
-1192.98 -11563.8 -26084.9 28558.3 1 1
event 50
5264.75 8383.5 8771.49 13584.2
-4246.95 753.112 -8079.81 9159.6 1 0
1140.5 3157.84 4710.31 5785.4 -1 1
4124.25 5225.67 4061.18 7798.81 1 1
-1622.76 -1308.36 -1888.42 2814.68 -1 0
event 51
-11400.2 230.207 -22049.8 25016
4158.42 -2175.11 -10470.9 11475 -1 0
-4453.45 -1401.74 -8249.2 9479.38 1 1
-6946.72 1631.95 -13800.6 15536.6 -1 1
4234.8 638.368 -13143.7 13824.3 1 0
event 52
10620.3 -17612.8 32476.9 38566.1
-5480.83 4033.49 37854.3 38461.3 1 0
1805.65 -2477.28 3081.34 4347.77 1 1
8814.65 -15135.5 29395.5 34218.3 -1 1
-4878.73 7176.96 38658 39620.3 -1 0
event 53
7100.45 -12742.3 26448.5 30362.7
-4601.66 3862.14 35560.4 36064.4 1 0
2039.27 -6824.26 12445 14339.4 1 1
-2836.5 4277.9 18727.7 19418.6 -1 0
5061.18 -5918.04 14003.5 16023.4 -1 1
event 54
3435.3 4195.21 21703.4 22583.9
3067.07 1870.99 9543.46 10197.9 -1 1
368.234 2324.21 12160 12386 1 1
-5586.64 -5550.33 4670.06 9156.27 1 0
-5529.67 -4608.62 2752.78 7707.5 -1 0
event 55
11236.6 2419.01 4157.73 12766.6
4024.19 -3769.4 10564.9 11917.7 -1 0
3942.71 -864.385 1846.11 4439.75 -1 1
6755.28 -10343.8 20873.5 24255.8 1 0
7293.89 3283.4 2311.62 8326.84 1 1
event 56
-15677.2 -5952.92 -44856.6 47988.8
7602.52 1642.37 -6972.83 10446.4 -1 0
-4788.7 -1388.72 -17413 18113.1 1 1
-10888.5 -4564.21 -27443.6 29875.7 -1 1
3485.56 1718.21 -3223.78 5050.28 1 0
event 57
477.682 -15977.3 -924.89 16308
1749.22 4756.52 20673.9 21286.3 1 0
169.577 -4646.88 -1685.98 4947.32 -1 1
308.104 -11330.4 761.091 11360.7 1 1
2526.54 7949.33 30565 31682.9 -1 0
event 58
470.712 14792.2 -10648.5 18493.5
3226.6 -6271.51 -1839.76 7289.63 -1 0
-278.29 3973.46 -4562.33 6057.38 1 1
749.003 10818.7 -6086.14 12436.1 -1 1
1568.38 -2461.59 -3082.12 4246.16 1 0
