event 0
-7590.41 3537.83 -9431.11 12987.2
1477.73 -2994.49 -2117.9 3955.67 -1 0
-2283.55 445.544 -4658.06 5207.86 -1 1
-5306.86 3092.29 -4773.05 7779.34 1 1
3300.99 -2905.26 -2451.19 5035.53 1 0
event 1
-13185.1 3108.28 -68023 69427.9
-4049.3 424.425 -17487.3 17955.4 -1 0
-2499.13 -504.989 -10167.6 10482.9 -1 1
-10686 3613.27 -57855.4 58944.9 1 1
-7477.36 140.914 -17624.5 19145.9 1 0
event 2
-2392.04 -7987.4 -24224.3 25805.6
-2090.09 -4527.83 -10158.7 11317.3 -1 1
-301.95 -3459.57 -14065.6 14488.3 1 1
2119.67 1563.55 -3083.75 4056.9 -1 0
2436.24 4134.16 -7172.77 8630.55 1 0
event 3
10295.6 -8106.95 11292.2 17573.5
5098.36 -4495.44 7791.24 10340.1 -1 1
5197.22 -3611.51 3500.97 7233.39 1 1
-6119.31 -4628.79 8812.97 11685.5 -1 0
-1405.36 -1481.93 461.351 2096.46 1 0
event 4
-5815.13 4660.1 -599.416 8092.09
-4073.18 1886.83 -1428.83 4712.07 1 1
-1741.95 2773.27 829.414 3380.02 -1 1
-7027.93 4850.77 -5513.64 10165.3 -1 0
-2601.32 3750.15 -2074.84 5014.64 1 0
event 5
-6519.14 5961.8 2171 9609.71
-3744.7 3059.08 2730.66 5554.13 1 1
-2774.44 2902.72 -559.657 4055.57 -1 1
-5898.14 4648.8 -4407.05 8708.19 1 0
-3535.89 3525.22 -1483.2 5209.68 -1 0
event 6
16645.5 31378.9 61955.5 71482.7
11479.9 18556.7 38764.4 44484 -1 1
5165.53 12822.2 23191.1 26998.7 1 1
5361.81 -7740.44 8214.49 12496.1 -1 0
1203.66 -2839.53 3348.11 4553.32 1 0
event 7
8826.36 6190.81 -21385.8 24149
5618.49 5446.61 -16420.2 18189.8 -1 1
3207.87 744.204 -4965.54 5959.2 1 1
-5354.31 -8100.39 253.542 9713.93 -1 0
-430.329 -2165.51 -121.363 2213.71 1 0
event 8
-3448.21 -10727.4 -27769 30127.6
-2414.66 -5629.65 -11266.9 12824.9 -1 1
-1033.54 -5097.72 -16502.1 17302.8 1 1
3223.07 3558.53 -3299.85 5826.79 -1 0
210.117 2518.02 -1252.99 2822.36 1 0
event 9
-9455.13 4574.32 -39438.7 40930.8
-5130.57 2222.47 -32451.4 32929.7 -1 0
-3813.63 243.007 -14806.5 15292 1 1
-5641.51 4331.31 -24632.2 25638.7 -1 1
-1914.89 766.105 -11567.9 11750.8 1 0
event 10
-158.148 13118 -14864.4 20066.2
-1075.31 -6445.55 -36249.5 36834 -1 0
-240.475 5445.49 -8492.46 10091.8 1 1
82.3265 7672.55 -6371.97 9974.37 -1 1
-149.958 -2230.9 -12236.5 12439.6 1 0
event 11
-10603.3 7187.55 -8151.01 15495.8
5599.86 -6744.02 -2357 9077.82 -1 0
-2366.98 2991.24 -1466.83 4088.14 -1 1
-8236.34 4196.31 -6684.18 11407.7 1 1
1665.15 -2138.76 297.263 2728.83 1 0
event 12
-6318.98 6399.65 -7467.62 12093
-2821.67 1688.64 -735.344 3371.23 1 0
-1896.26 2039.91 -4290.82 5116.57 1 1
-7295.51 6576.3 -3506.66 10429.8 -1 0
-4422.72 4359.74 -3176.8 6976.46 -1 1
event 13
6322.36 8284.46 916.769 10910.4
2525.31 -4660.52 14517.3 15455.1 -1 0
1970.73 4584.59 -523.599 5018.72 1 1
4351.63 3699.87 1440.37 5891.65 -1 1
3268.85 -2325.25 8809.54 9680.46 1 0
event 14
3529.77 8105.36 478.324 9379.57
1243.09 -3897.48 11724.9 12418.6 -1 0
2545.85 2439.49 -440.663 3554.97 -1 1
983.919 5665.87 918.987 5824.6 1 1
2099.37 -2676.67 7665.4 8386.98 1 0
event 15
16935.1 -13829.7 7013.1 23169.7
8828.07 -7209.65 5272.42 12558.8 -1 1
8107.06 -6620.06 1740.68 10610.9 1 1
989.377 6289.37 11833.9 13438.2 -1 0
-1232.91 2105.02 7016.64 7429.37 1 0
event 16
-1923.09 5423.15 13222.8 14749.3
-652.005 3667.57 4945.92 6192.7 -1 1
-1271.08 1755.58 8276.88 8556.61 1 1
7769.77 -5957.57 3725.1 10476.1 1 0
3429.9 -3418.72 1618.26 5107.03 -1 0
event 17
14464.6 2252.11 1000.31 14996.3
12222.4 2981.34 1134.83 12632.3 -1 1
2242.25 -729.231 -134.52 2364.05 1 1
-29466.6 23576.8 31495.4 49154 1 0
-10696.8 7267.14 9596.59 16104 -1 0
event 18
14334.5 3503.36 2089.23 15222
8073.03 597.366 354.445 8103.55 1 1
6261.51 2905.99 1734.78 7118.42 -1 1
-28238.6 23263.1 29760.6 47162.4 -1 0
-4011.35 2955.95 3218.62 5932.9 1 0
event 19
7449.05 -2544.17 -15019.1 17237.4
3704.06 -1722.73 -10738.6 11489.9 1 1
3744.99 -821.446 -4280.5 5747.48 -1 1
-11036.4 10761.4 -54744.2 56873.1 -1 0
-8640.13 6352.96 -38866.4 40319 1 0
event 20
-2916.76 -9220.86 11192.7 15112.9
-4095.15 -586.773 8136.59 9128.52 -1 0
-2181.86 -3200.85 2907.38 4844.58 -1 1
-734.907 -6020.01 8285.27 10268.3 1 1
-5792.85 -400.01 4388.36 7279.14 1 0
event 21
-1540.7 -8611.31 8542.8 12613.4
-978.112 -4570.62 6613.89 8099.51 1 1
-562.592 -4040.68 1928.91 4513.92 -1 1
-5679.3 -920.74 6548.36 8717.48 -1 0
-3386.17 -0.557526 5738.81 6664.18 1 0
event 22
2553.66 11530.3 17490.8 21330.5
1789.71 6349.88 7089.08 9684.54 -1 1
763.944 5180.45 10401.7 11645.9 1 1
28710 8305.24 -26222.7 39760.3 -1 0
3107.99 1436.11 -2721.54 4374.92 1 0
event 23
8122.68 -1748.97 19149.3 21102.7
-186.103 4281.24 4450.82 6179.37 1 0
2386.2 514.513 7954 8320.82 1 1
-2066.07 26315.9 20521.1 33435.3 -1 0
5736.48 -2263.48 11195.3 12781.9 -1 1
event 24
-6118.34 -4387.8 -20315 21885.6
1855.87 3681.19 -1775.43 4489.84 -1 0
-3151.43 -998.158 -5682.12 6574.61 -1 1
-2966.91 -3389.64 -14632.9 15310.9 1 1
873.674 1883.31 -1592.73 2618.8 1 0
event 25
1790.93 13511.4 -20141.7 24516.2
-332.415 -3055.06 -14935.9 15249.1 1 0
1367.77 2121.96 -2883.4 3833.89 1 1
423.16 11389.5 -17258.3 20682.3 -1 1
-185.182 -4609.65 -15556.1 16226.1 -1 0
event 26
9751.82 -1405.25 -3784.9 10999.5
-3174.96 1590.47 2168.26 4162.03 -1 0
2358.36 -37.4497 -2374.86 3348.79 1 1
-12137.6 4408.5 1820.32 13041.5 1 0
7393.46 -1367.8 -1410.04 7650.71 -1 1
event 27
8076.38 -4238.83 -5552.6 11118.4
4809.39 -1038 -3806.62 6221.67 1 1
3266.99 -3200.83 -1745.98 4896.75 -1 1
-5870.38 241.378 -20550.4 21374.1 1 0
-5066.83 -309.778 -17168.9 17904 -1 0
event 28
-4441.33 -1388 3051.77 6368.4
-2330.78 -2108.35 907.789 3273.05 -1 1
-2110.55 720.344 2143.98 3095.34 1 1
-5205.98 6025.62 5972.84 9954.71 -1 0
-3839.18 1988.91 5475.03 6977.26 1 0
event 29
11270.5 1871.33 -222.729 11839.2
-3946.23 -190.909 2098.91 4475.01 1 0
2451.74 116.596 1201.47 2734.84 1 1
-9564.15 -3564.51 10238.1 14457.1 -1 0
8818.8 1754.73 -1424.2 9104.38 -1 1
event 30
4106.36 -10999.7 -6513.81 13779.4
1694.73 -8283.38 -3954.49 9334.65 1 1
2411.63 -2716.29 -2559.33 4444.72 -1 1
-1576.77 2700.68 3441.39 4651.26 -1 0
-2165.5 4827.8 3345.48 6261.03 1 0
event 31
1004.28 -7042.33 31403.8 32348
1678.26 -3649.48 21080.2 21459.7 1 1
-673.979 -3392.85 10323.6 10888.3 -1 1
5068.85 3392.27 14337.7 15581.5 -1 0
392.999 1967.74 4194.21 4650.7 1 0
event 32
-9585.59 604.784 22182 24369.7
5309.41 -2332.46 -12960.9 14199.5 -1 0
-3400.57 1195.04 11014.2 11589.5 -1 1
-6185.01 -590.26 11167.8 12780.2 1 1
2331.41 -892.837 -4496.08 5143.78 1 0
event 33
-11322.2 -9234.97 -49418.1 51625.8
3565.32 2498.01 9348.52 10313 1 0
-5143.73 -2952.63 -24048.5 24769.3 -1 1
3020.7 -590.267 10331.2 10780.4 -1 0
-6178.5 -6282.35 -25369.6 26856.5 1 1
event 34
-17689.2 9228.71 3455.01 20484.2
3401.27 -1604.35 -17106.7 17515.5 1 0
-4584.7 3909.06 601.804 6055.87 -1 1
2080.67 -2126.18 -16547.4 16813.1 -1 0
-13104.5 5319.65 2853.21 14428.4 1 1
event 35
-11350.9 -4893.59 -1134.9 12793.3
-2442.06 1867.15 -3209.26 4445.26 1 0
-1975.63 -2261.02 -276.541 3017.11 -1 1
-9375.31 -2632.57 -858.361 9776.24 1 1
-4114.62 4128.73 -2267.72 6255.41 -1 0
event 36
10632.4 -37263.1 18484.8 43044.9
-1332.16 6395.08 4242.67 7789.94 1 0
1852.85 -3674.14 1372.02 4338.89 1 1
8779.51 -33588.9 17112.8 38706 -1 1
-3042.87 7661.3 6086.49 10247.5 -1 0
event 37
11827.7 -42989.5 23324.2 50414.3
5562.13 -22205.8 13607.5 26631 -1 1
6265.59 -20783.7 9716.66 23783.3 1 1
-1269.45 7312.32 3666.75 8278.76 -1 0
-1447.18 4682.31 4026.75 6343.83 1 0
event 38
-8706.41 -5654.06 -18198.5 21179
123.087 -5135.28 -14919.9 15779.7 -1 0
-1898.09 -2929.13 -6239.09 7149.82 -1 1
-1793.32 -9784.45 -25076.2 26977.3 1 0
-6808.32 -2724.93 -11959.4 14029.2 1 1
event 39
-7774.79 -4486.78 -15999.5 18605.2
-4515.84 -3539.56 -12362.7 13629.7 -1 1
-3258.95 -947.216 -3636.75 4975.45 1 1
-3521.76 -11921.9 -36926 38962.5 -1 0
-133.504 -2068.05 -6236.07 6572.24 1 0
event 40
-9887.52 -7285.43 -24622.3 27689.2
-6645.56 -3673.26 -17421.6 19004.7 1 1
-3241.95 -3612.18 -7200.74 8684.46 -1 1
-167.734 -2882.39 -10404.9 10798.6 -1 0
-1170.94 -4941.11 -15749.6 16548.3 1 0
event 41
-12245.3 -6084.25 -25301.6 28926.3
6171.06 3227 -20600.1 21745.6 -1 0
-5079.7 -4009.89 -13367.6 14852.1 -1 1
-7165.65 -2074.37 -11934.1 14074.2 1 1
2991.13 2028 -16446.5 16839.2 1 0
event 42
-8292.28 763.894 -39879.4 40857.1
-4436.13 -1115.49 -21879.5 22352.8 -1 1
-3856.15 1879.38 -17999.9 18504.3 1 1
2309.59 11247.7 -39849.6 41471 -1 0
-351.911 3309.62 -15327.4 15685 1 0
event 43
-25734 8145.81 -32669.5 42490.9
-2262.58 3877.7 -3782.43 5871.44 1 0
-11379.4 2622.21 -16013.1 19819.2 -1 1
-2986.78 635.011 -3442.74 4603.02 -1 0
-14354.6 5523.6 -16656.4 22671.8 1 1
event 44
16177.4 1046.13 -41636.7 44788.5
5468.89 -563.46 -12297.4 13470.9 1 0
6725.49 -1074.36 -16630.6 17971.5 -1 1
2764.3 1107.22 -5215.22 6006.41 -1 0
9451.93 2120.49 -25006.1 26817 1 1
event 45
12958.9 1171.97 -30350.6 33167.1
7200.23 1539.4 -20056.1 21365.2 -1 1
5758.66 -367.432 -10294.5 11801.9 1 1
4891.01 -761.69 -13383.5 14270 -1 0
3772.12 55.2452 -6485.02 7503.24 1 0
event 46
15986.4 810.022 -39140.9 42400.7
3910.39 614.988 -6511.95 7621.42 1 0
1803.33 -898.581 -4804.09 5210.56 1 1
14183.1 1708.6 -34336.8 37190.1 -1 1
7524.11 -428.252 -16437.3 18082.9 -1 0
event 47
13570.2 1128.86 -34322.4 37054.6
6992.35 26.8471 -21375.8 22490.7 -1 1
6577.85 1102.01 -12946.6 14564 1 1
5952.89 -496.769 -15158.6 16293.5 -1 0
2065.66 102.94 -3102.9 3730.5 1 0
event 48
-9124.19 -5853.69 63079.4 64079
-651.42 -5721.46 8267.01 10075.4 -1 0
-3161.61 -406.614 16787.5 17087.8 1 1
-5962.58 -5447.07 46291.8 46991.2 -1 1
-1598.13 -1372.8 1500.1 2588.45 1 0
event 49
4510.34 789.949 25328.6 25924.8
2481.12 1957.57 15679.8 15995.5 1 1
2029.22 -1167.62 9648.85 9929.38 -1 1
-3638.99 6043.2 11614.3 13589.1 1 0
-813.872 4886.98 29175.9 29593.8 -1 0
event 50
5612.04 -8029.22 -37347.7 38735
1911.56 4772.43 -404.949 5158.03 -1 0
948.264 -3010.07 -16200.6 16505.5 1 1
4663.78 -5019.15 -21147.1 22229.6 -1 1
-202.193 2134.33 -411.977 2185.66 1 0
event 51
-5550.78 1716.03 -18134.7 19292.8
-3513.6 851.036 -15149.1 15574.9 -1 1
-2037.17 864.997 -2985.54 3717.92 1 1
10887.1 9661.59 -21855.7 26259.4 -1 0
5358.91 3785.79 -9419.85 11480.2 1 0
event 52
8838.35 3069.42 5959.58 11517.2
525.61 3268.42 3764.87 5014.41 1 0
2125.39 908.552 3187.96 3939.16 -1 1
-1285.85 -9246.06 54036.2 54836.8 -1 0
6712.96 2160.86 2771.62 7578.01 1 1
event 53
16168.6 -13842.1 82803.2 85551
-7025.85 2253.41 11407.5 13586.1 -1 0
2823.3 -1360.52 15325 15642.5 1 1
13345.3 -12481.6 67478.2 69908.5 -1 1
-2106.32 1662.73 2419.79 3614.94 1 0
event 54
19324.7 9254.26 1543.97 21703.9
8081.01 3253.8 735.144 8743.08 -1 0
5026.2 3378.81 -642.082 6091.18 -1 1
14298.5 5875.45 2186.05 15612.7 1 1
10667.2 3228.71 1442.17 11238.6 1 0
event 55
5658.39 -4557.35 2241.09 8209.74
-1959.13 4080.1 3289.45 5596.17 -1 0
3282.85 -698.814 777.581 3446.91 1 1
2375.54 -3858.53 1463.51 4762.82 -1 1
-1413.63 2216.1 5818.91 6385.94 1 0
event 56
-3564.04 23240.8 -102732 105434
815.035 -5171.95 -6670.28 8480.4 1 0
-1436.83 2838.33 -12412.6 12814.3 1 1
-2127.21 20402.5 -90319.2 92619.4 -1 1
67.8772 -7867.79 -5816.94 9785.43 -1 0
event 57
-13520.1 -5260.71 57310 59198.8
4335.87 3550.01 -18345.5 19182.6 -1 0
-3867.19 -1904.79 12023.8 12773.6 -1 1
-9652.87 -3355.91 45286.2 46425.1 1 1
1772.41 1575.79 -7174.8 7557.35 1 0
event 58
18818.3 16126 -63482.1 68218.3
11431.9 8136.66 -38116.5 40617.4 -1 1
7386.33 7989.38 -25365.6 27601 1 1
-9004.51 -4313.39 44235.8 45348.7 -1 0
-9040.87 -1432.09 34922.6 36102.4 1 0
event 59
-13112.7 9807.33 13985.6 21755.8
-10174.9 5914.33 10331.6 15660.8 1 1
-2937.86 3893 3653.97 6095.01 -1 1
240.232 -4092.74 3724.37 5539.89 -1 0
-1991.38 -6502.18 2452.92 7229.93 1 0
event 60
10771.7 9585.53 -1794.97 14856.8
6380.08 5165.12 -2508.42 8584.13 1 1
4391.65 4420.4 713.451 6272.7 -1 1
-11619.2 -9089.56 -25129.6 29139.9 -1 0
-8052.29 -6210.74 -16644.2 19505.2 1 0
event 61
7018.01 11385.2 -22499.8 26357.3
3669.17 8458.93 -16286.3 18715.5 1 1
3348.84 2926.25 -6213.46 7641.72 -1 1
-1677.75 -1777.28 -130.605 2449.86 -1 0
-7421.12 -3998.26 -1798.11 8619.94 1 0
event 62
14836.2 24648 -45496.7 53918.3
-11557 -4340.1 -1719.76 12464.7 -1 0
4621.96 7145.09 -16135.9 18242.7 1 1
10214.2 17502.9 -29360.8 35675.6 -1 1
-3188.61 -2031.39 -1151.65 3953.64 1 0
event 63
43636.2 -3748.01 -63569.2 77258
28194.2 -1120.55 -39610.5 48633.1 1 1
15441.9 -2627.46 -23958.7 28624.9 -1 1
-7976.48 -1393.79 606.941 8120.74 -1 0
-7199.98 837.355 522.052 7268.06 1 0
