event 0
1534.52 -11498.6 -27317.9 29840.1
-3365.19 3107.1 -9031.06 10126.7 -1 0
591.325 -4288.01 -14145.4 14793.2 -1 1
943.191 -7210.54 -13172.5 15046.9 1 1
-6058.23 3429.65 -16608.6 18009 1 0
event 1
527.213 -10449.8 -25479.5 27717.7
-5911.13 2799.62 -13368.4 14883.1 1 0
-1149.45 -2116.33 -5646.28 6139.36 -1 1
-10861.4 4650.48 -30474.3 32684.8 -1 0
1676.66 -8333.45 -19833.2 21578.3 1 1
event 2
5908.8 1535.01 -34286.7 34963.4
-2285.71 -2830.72 -9700.89 10361.3 1 0
2320.35 -917.226 -12752.2 12994.4 1 1
-4202.34 -1641.09 -10290.6 11236.6 -1 0
3588.45 2452.24 -21534.6 21969.1 -1 1
event 3
6126.12 -13428.1 -23228.2 27694.4
-4508.14 5070.6 36939.8 37557.8 -1 0
2595.85 -2545.8 -5818.68 6862.05 1 1
3530.27 -10882.3 -17409.5 20832.4 -1 1
-3334.55 6629.13 31272.1 32140.6 1 0
event 4
-5284.21 -5318.87 -4550.24 9301.01
-3824.68 -1737.22 -2833.88 5068.34 -1 1
-1459.53 -3581.64 -1716.36 4232.67 1 1
6688.94 8330.33 8460.98 13628.5 -1 0
503.48 2779.68 3305.23 4349.23 1 0
event 5
6062.83 -4617.61 -34398.2 35368.2
3896.99 -1680.18 -23337.2 23720.2 1 1
2165.83 -2937.43 -11061 11648 -1 1
642.54 -6190.01 -5027.82 8001.2 1 0
-4318.56 -1139.19 -1966.76 4881.29 -1 0
event 6
9720.27 7556.8 32037.1 34460.9
-2614.48 -3517.48 14263 14921.5 -1 0
3337.11 1769.15 6614.8 7617.94 -1 1
6383.16 5787.65 25422.3 26843 1 1
-1111.1 -2606.47 4252.64 5111.2 1 0
event 7
-5941.17 5814.43 9017.58 12649.6
-2503.48 3768.3 3023.76 5442.59 1 1
-3437.69 2046.13 5993.82 7207.04 -1 1
-3592.52 3788.86 5899.93 7879.22 -1 0
-3042.03 2501.1 7141.84 8156.38 1 0
event 8
-21788.3 16571.6 -36853.3 46012
-16139.3 10594 -26587.7 32857.7 1 1
-5648.95 5977.51 -10265.6 13154.3 -1 1
2576.38 -2519.04 -7497 8318.62 -1 0
1745.1 -1380.61 -6604.46 6970.04 1 0
event 9
-25040.7 20644.1 -43646.1 54477.4
-16690.2 14357 -31818.5 38692.6 -1 1
-8350.46 6287.1 -11827.7 15784.9 1 1
4674.01 -3611.79 -13526.3 14760.2 -1 0
1312.86 -2194.62 -5972.04 6497.41 1 0
event 10
6602.01 -862.641 -30.2544 7610.58
3847.21 -2013.18 988.333 4454.42 -1 1
2754.8 1150.54 -1018.59 3156.16 1 1
-11375.8 -7680.6 2007.74 13872.4 -1 0
-3968.47 -2995.19 1256.32 5129.27 1 0
event 11
-4965.39 2898.57 680.294 6565.85
-3832.37 488.353 436.831 3889.42 1 1
-1133.01 2410.22 243.462 2676.43 -1 1
4789.39 5265.56 -1317.56 7239.58 1 0
2969.49 3321.93 -3526.29 5683.22 -1 0
event 12
5840.98 -4882.24 8584.46 11884.4
-4418.65 3467.67 14262.1 15328.7 -1 0
2190.13 -519.023 1172.35 2540.01 1 1
-7850.83 1776.31 23586.5 24922.4 1 0
3650.86 -4363.22 7412.1 9344.35 -1 1
event 13
-4820.51 15726.5 -78219.1 79989.9
-1383.09 8249.61 -34218.3 35226 1 1
-3437.42 7476.9 -44000.8 44763.9 -1 1
-4752.01 1145.67 -4352.82 6546.17 -1 0
-2856.41 51.445 -938.78 3009.02 1 0
event 14
-12722.8 -2101.55 -9605.41 16375
-8384.52 -1875.09 -4598.83 9745.59 -1 1
-4338.24 -226.464 -5006.58 6629.38 1 1
-3405.5 10863.5 -57692.8 58805.5 -1 0
-749.376 2783.28 -8440.43 8919.65 1 0
event 15
-6563.19 7415.77 -37833.9 39230.9
-5213.34 3704.78 -21937 22850.6 1 1
-1349.85 3710.99 -15896.9 16380.4 -1 1
-912.428 -1882.64 -2030.16 2917.12 -1 0
-1843.01 -4256.99 -10723.6 11684.4 1 0
event 16
8780.27 5064.87 -2149.98 10814.7
6010.43 1749.2 -1567.88 6454.02 -1 1
2769.85 3315.67 -582.095 4360.7 1 1
-3987.41 -206.406 -9606.31 10403.6 -1 0
-2134.19 -272.462 -11586.2 11784.8 1 0
event 17
3074.98 -11800.5 -67741 68899.5
-510.737 7298.18 -16926.8 18440.5 -1 0
-315.684 -4263.93 -20568.1 21008.1 1 1
3390.67 -7536.57 -47172.9 47891.4 -1 1
-847.651 2149.3 -9897.76 10164.4 1 0
event 18
-17113.2 932.327 -28550.8 33443.5
-13893.3 -466.806 -22574.9 26511.8 -1 1
-3219.83 1399.13 -5975.96 6931.67 1 1
-1227.6 1871.86 -2344.32 3243.12 -1 0
-3245.07 8050.36 -20023.9 21824.4 1 0
event 19
5123.83 -5123.38 7692.13 11011.9
314.385 3827.66 5508.66 6716.12 1 0
2145.23 -315.016 1589.82 2690.71 1 1
2978.59 -4808.37 6102.31 8321.17 -1 1
1259.8 4904.29 4477.66 6760.16 -1 0
event 20
-23319.9 -24010 -37669.1 50486.2
6658.9 -16429 -30399.2 35190.6 -1 0
-6250.01 -8471.54 -11516.1 15603.2 -1 1
-17069.9 -15538.5 -26153 34882.9 1 1
2475.68 -8835.51 -17015.5 19332.2 1 0
event 21
-6589.21 -4679.32 -3770.2 9440.28
3440.53 -1211.26 7766.39 8580.93 -1 0
-1634.98 -2722.18 -578.07 3229.36 1 1
5128.96 -2598.39 8273.73 10075.9 1 0
-4954.22 -1957.14 -3192.13 6210.93 -1 1
event 22
6820.07 -24485.3 -12849.8 28648.8
4653.48 -20418.4 -11230 23763.2 -1 1
2166.59 -4066.89 -1619.82 4885.56 1 1
-4396.27 1159.77 -1035.62 4664.32 -1 0
-3969.74 1685.5 -4402.69 6163.98 1 0
event 23
-6964.63 11581.6 -9672.01 16905
7258.53 -1205.66 1787.09 7572.63 -1 0
-4499.73 4511.52 -4642.39 7884.43 -1 1
-2464.9 7070.07 -5029.63 9020.53 1 1
2309.9 -948.348 210.939 2508.12 1 0
event 24
2495.87 -6147.23 -1132.62 7408.83
1687.57 -3339.28 897.744 3849.13 1 1
808.304 -2807.95 -2030.37 3559.71 -1 1
1054.68 12080 -13457.3 18114.9 -1 0
436.646 8866.47 -12935.6 15689 1 0
event 25
20552.3 -1832.19 -97239.9 99453.2
-4181.19 7013.27 -3977.86 9083.1 -1 0
6423.28 158.163 -24624.7 25449.3 -1 1
14129 -1990.36 -72615.2 74003.9 1 1
-2453.28 1977.04 -2644.5 4114.83 1 0
event 26
4759.23 -20432.1 -12774.5 24756.8
1103.4 -10594.1 -7353.88 12943.8 -1 1
3655.82 -9838.03 -5420.63 11813 1 1
3012.56 1173.8 -4418.88 5476.4 -1 0
1910.09 1674.13 -2659.55 3679.07 1 0
event 27
-7493.35 3094.17 -28632.2 29918.6
-5579.03 732.972 -19229.6 20036.3 1 1
-1914.32 2361.2 -9402.64 9882.34 -1 1
-9123.32 5594.61 -23342.4 25679 -1 0
-2532.47 1294.17 -3930.76 4852.87 1 0
event 28
156.134 4332.37 -23370.8 23970.3
-1350.51 2895.88 -12563 12963.4 -1 1
1506.64 1436.49 -10807.7 11006.9 1 1
-5735.8 -2891.85 -19220.7 20266 1 0
-3314.25 -3277.78 -16942.7 17572.5 -1 0
event 29
1628.79 -17478.7 74445.1 76549.5
2101.99 -8730.04 41370.8 42334.2 -1 1
-473.193 -8748.7 33074.3 34215.3 1 1
-2327.83 2882.45 757.472 3783.15 -1 0
57.7906 2994.13 1395.3 3305.48 1 0
event 30
-11734.2 -847.091 22603.4 25669.3
3533.68 -502.32 -5014.62 6156.04 1 0
-5662.46 -927.965 14069.9 15195.3 1 1
2082.29 1084.6 -3383.61 4119.74 -1 0
-6071.71 80.8737 8533.49 10474 -1 1
event 31
-6147.03 -7872.78 -24063 26237.1
3232.49 1141.72 -8527.03 9190.97 1 0
-2761.77 -1752.91 -10153.9 10668.3 1 1
7029.01 3067.88 -23760.5 24967.8 -1 0
-3385.26 -6119.87 -13909.1 15568.8 -1 1
event 32
4869.97 -4304.15 3478.44 7995.8
4578.39 -2240.59 2695.39 5766.99 1 1
291.582 -2063.55 783.051 2228.81 -1 1
-4140.26 3439.71 7223.59 9009.15 -1 0
-3255.34 4014.3 6082.23 7982.26 1 0
event 33
-4447.4 -5445.51 12144.8 14370.8
-1416.81 -2902.5 5666.13 6522.89 -1 0
-1957.31 -1234.22 6498.79 6899.26 1 1
-2490.09 -4211.29 5646 7471.55 -1 1
848.535 -4626.87 7249.78 8642.82 1 0
event 34
-4752.46 -5410.25 35129.5 35993.5
936.591 3043.78 631.732 3248.39 -1 0
-1895.14 -1013.56 5548.25 5950.89 1 1
-2857.33 -4396.69 29581.3 30042.6 -1 1
385.283 5082.33 2020.67 5483.86 1 0
event 35
-3526.62 -8708.25 9266.57 13701.4
-936.948 -6392.88 4840.76 8074.09 -1 1
-2589.68 -2315.37 4425.81 5627.28 1 1
-830.776 2101.24 1.80484 2261.99 -1 0
-79.3531 4086.5 4136.97 5816.48 1 0
event 36
-6800.67 -6242.61 10228.6 14122.1
-4217.02 -3411.5 8063.84 9718.96 -1 1
-2583.65 -2831.11 2164.81 4403.18 1 1
6014.33 -1272.46 185.63 6151.18 -1 0
1691.53 -1131.37 -10.6547 2037.78 1 0
event 37
-17273.5 -5041.75 33594.5 38235.8
-10802.1 -1708.91 18885.5 21823.8 1 1
-6471.41 -3332.84 14709 16411.9 -1 1
4681.45 -1036.3 -2533.01 5423.76 -1 0
3263.97 -316.757 -763.265 3368.61 1 0
event 38
-4279.83 -207.673 -802.64 5347.49
-2866.11 1224.37 142.612 3121.73 1 1
-1413.72 -1432.04 -945.252 2225.76 -1 1
1376.8 -4722.41 1333.39 5097.63 1 0
3815.74 -2837.1 1020.55 4864.33 -1 0
event 39
4357.59 -6264.22 25159.7 26473.2
617.339 -4576.54 1065.17 4740.42 1 0
1676.6 -1118.63 3408.92 3961.59 -1 1
2680.99 -5145.6 21750.8 22511.6 1 1
-2363.44 -4276.87 2320.1 5410.31 -1 0
event 40
-7523.55 -5098.43 -17311.7 19796.1
-4188.88 -3530.35 -13095.1 14195.2 1 1
-3334.67 -1568.08 -4216.62 5600.89 -1 1
10711.2 1505.12 38885.9 40362.3 -1 0
2526.14 109.023 9760.58 10083.3 1 0
event 41
-7372.15 1215 1196.37 8176.2
-4709.8 -755.368 818.693 4840.89 -1 1
-2662.35 1970.37 377.681 3335.31 1 1
4633.22 -4583.37 3190.8 7257.16 -1 0
2145.46 -899.51 838.455 2475.13 1 0
event 42
9556.59 -8740.2 33996.4 36511.2
3254.38 1461.82 6922.96 7788.86 1 0
3233.84 -1200.74 9824.54 10413.1 -1 1
6322.76 -7539.45 24171.9 26098.1 1 1
5281.06 -123.478 10642.1 11881.5 -1 0
event 43
9506.49 -7511.58 31056.6 33479.9
3817.36 942.956 8807.29 9645.77 1 0
3115.79 -1263.58 11411.6 11897.1 1 1
6390.71 -6248 19645 21582.7 -1 1
7287.59 1562.37 13068.4 15044.7 -1 0
event 44
-11960.2 3206.78 -41619.4 43532.6
4293.05 -2577.92 -4850.54 6972.44 1 0
-2475.43 1547.15 -13428.6 13742.6 -1 1
-9484.77 1659.62 -28190.8 29790 1 1
6091.95 -1770.89 -4101.24 7555.08 -1 0
event 45
-6707.55 4877.4 27285.9 28686.1
1416.17 -2948.62 1263.92 3508.36 -1 0
-2628.79 293.418 9946.21 10292.5 1 1
-4078.76 4583.98 17339.7 18393.6 -1 1
-1350.04 -5209.93 3692.01 6527.49 1 0
event 46
9610.51 -3569.94 6775.07 12672.7
-3969.42 -656.78 3026.31 5035.61 -1 0
2042.8 -1666.4 3026.18 4014.83 1 1
7567.72 -1903.54 3748.89 8657.89 -1 1
-4340.24 -2493.39 5799.59 7661.66 1 0
event 47
3574.76 12343.2 -18972.7 23123.3
-5827.98 -6040.36 -23278.6 24745.8 1 0
3056.67 5043.04 -8321.59 10199.8 1 1
-2118.63 -1531.73 -13850.4 14095.3 -1 0
518.092 7300.19 -10651.1 12923.5 -1 1
event 48
13599.9 19423.2 45071 51021.5
1965.51 -4862.31 25508.6 26042.3 -1 0
3137.53 3441.04 11299.5 12221.9 -1 1
10462.3 15982.1 33771.4 38799.6 1 1
-161.291 -2244.56 10105 10353.1 1 0
event 49
5636.15 6220.41 14911 17503.9
-2683.24 -3241.51 9099.57 10026 -1 0
2555.85 2765.19 3315.75 5018.37 1 1
3080.3 3455.22 11595.3 12485.5 -1 1
-270.456 -2519.97 4293.52 4986.87 1 0
event 50
9132.65 11079.5 -13740.5 20113.5
6947.8 7468.93 -11355.6 15264.9 -1 1
2184.85 3610.58 -2384.88 4848.57 1 1
-3618.74 -1059.01 -12291.6 12857.3 -1 0
-2525.89 -739.05 -12377.8 12654.9 1 0
event 51
0 0 0 0
1824.47 -4236.87 -12144.3 12991.3 -1 0
-2450.26 -3867.93 -1955.25 4979.84 1 0
3920.4 13882.7 -5765.99 15535.6 -1 0
473.668 1999.51 -904.181 2247.46 1 0
event 52
-313.478 10513.4 27173.3 29302
-3084 2594.71 5486.84 6808.83 -1 0
-1359.84 3058.04 6744.81 7530.23 1 1
1046.36 7455.39 20428.5 21771.8 -1 1
-1424.97 1595.32 6384.57 6734.2 1 0
event 53
-11887 5177.39 25778.9 29021.5
13912.3 94.1242 55327.1 57049.6 1 0
-4846.67 627.337 8213.51 9558.06 -1 1
3360.68 -590.62 11920.6 12399.8 -1 0
-7040.31 4550.06 17565.4 19463.4 1 1
event 54
-13388.3 9764.67 33402.7 37415.6
6723.19 -1033.26 29706.9 30475.9 -1 0
-4664.26 1836.13 11393.6 12448 -1 1
-8724.06 7928.54 22009.1 24967.6 1 1
4493.81 -243.35 15739.4 16370.5 1 0
event 55
1114.02 10144 -2348.42 11101.4
1246.62 -5371.65 389.288 5529.14 1 0
-1123.77 2690.99 -1476.41 3270.36 -1 1
2237.79 7452.97 -872.009 7831.09 1 1
3001.97 -6856.62 2825.84 8001.35 -1 0
