event 0
5935.44 -3718.4 20478.2 21863.2
2495.99 -2862.88 7474.9 8385.18 1 1
3439.44 -855.522 13003.3 13478 -1 1
-6688.43 6357.93 40013.1 41063.6 -1 0
-2834.52 5252.19 34151.4 34669.2 1 0
event 1
6394.58 -106.886 -8247.95 10886.8
3322.01 -1044.41 -61.4353 3484.46 1 0
2089.12 -352.635 -775.638 2258.66 1 1
16631.7 1915.71 -1315.21 16793.6 -1 0
4305.47 245.749 -7472.31 8628.1 -1 1
event 2
3571.1 7099.98 -7781.99 11546.1
731.491 4014.42 -4076.58 5768.91 -1 0
2642.71 2026.54 -3599.25 4904.74 -1 1
928.399 5073.44 -4182.74 6641.4 1 1
1550.35 1490.83 -2711.7 3462.75 1 0
event 3
6372.78 -8259.5 2302.99 11123.2
5831.62 -3293.66 -1233.58 6810.94 1 0
2822.92 -2597.28 -510.677 3871.26 -1 1
1627.59 -2556.02 -215.196 3039.7 -1 0
3549.86 -5662.22 2813.67 7251.9 1 1
event 4
-3942.7 -6578.83 -3580.79 9013.27
-944.181 -4076.89 -2780.69 5025.52 1 1
-2998.52 -2501.94 -800.097 3987.75 -1 1
-3783.02 10645.5 -2835.58 11648.6 -1 0
-2479.78 6330.46 -796.724 6846.16 1 0
event 5
-6391.4 -6189.25 -5222.76 10771.5
-961.48 3905.94 -463.333 4050.51 1 0
-1183.59 -2535.27 -492.079 2842.85 -1 1
-6693.3 23912.2 -2787.39 24987.5 -1 0
-5207.82 -3653.98 -4730.68 7928.65 1 1
event 6
-3947.23 -12429.9 -4988.83 14302.5
-2298.06 -9159.92 -4894.85 10637.5 -1 1
-1649.17 -3269.98 -93.9787 3665.05 1 1
-571.928 2694.29 -14234.6 14499 -1 0
1333.34 4019.38 -13432.5 14084.6 1 0
event 7
10313.6 7197.96 -1126.71 13001.6
6010.1 5684.68 -1556.14 8418.41 -1 1
4303.47 1513.28 429.431 4583.17 1 1
3054.61 -1840.62 -1063.79 3723.08 -1 0
2764 -1255.44 -999.018 3197.66 1 0
event 8
10570.9 -4406.89 -7635.44 14108.7
7130.59 -1346.89 -4577.32 8580.36 1 1
3440.3 -3060 -3058.11 5528.34 -1 1
2939.39 702.385 -4862.32 5725.96 -1 0
5409.38 697.153 -5872.02 8014.93 1 0
event 9
-12327.5 -9313.12 -10375.3 18971.7
3652.75 6947.67 7840.55 11095 1 0
-3088.63 -555.518 -1753.94 3596.62 -1 1
-9238.91 -8757.61 -8621.38 15375.1 1 1
842.96 8259.4 7765.94 11368.8 -1 0
event 10
-5199.16 -10596.9 47096.5 48651.8
-2973.48 -6302.34 33576.6 34292.3 -1 1
-2225.68 -4294.57 13519.9 14359.5 1 1
6045.44 -3552.69 5327.97 8807.23 -1 0
3499.32 -985.86 3541.5 5076.47 1 0
event 11
10262.6 17918 -28049.5 34967.6
5376.23 10744.8 -13955.6 18415.4 -1 1
4886.33 7173.19 -14093.8 16552.3 1 1
-7695.98 -16890 -54255.5 57342.6 -1 0
-1450.87 -2373.83 -7521.82 8020.54 1 0
event 12
-11036.8 -637.282 8372.97 14209.7
-6834.4 -492.872 6972.53 9776.47 1 1
-4202.44 -144.41 1400.43 4433.25 -1 1
-3375.62 -1159.81 743.022 3647.36 -1 0
-3154.25 -170.854 855.28 3274.31 1 0
event 13
-4040.18 -16354 12936.2 21464.2
-5344.51 7146.7 14183.9 16758.1 -1 0
30.1702 -4675.09 2633.21 5366.78 1 1
-4070.35 -11678.9 10303 16097.4 -1 1
-2506.26 1425.9 4598.18 5428.53 1 0
event 14
4828.01 23107 102598 105343
4260.19 15187.3 61938.2 63915.2 -1 1
567.821 7919.78 40659.8 41428 1 1
120.157 -3803.6 22698.9 23015.9 -1 0
1065.71 -2194.26 10487.6 10768.1 1 0
event 15
-10342.1 7936.18 -38203.3 40484.9
5962.39 -3625.23 3026.3 7606.71 -1 0
-5106.28 3175.7 -13322.2 14616.8 -1 1
-5235.79 4760.48 -24881.1 25868.1 1 1
2243.57 -2941.07 607.266 3750.13 1 0
event 16
-12122.6 10422.3 -50861.4 53404.6
3976.68 -1613.85 1261.93 4474.61 1 0
-5948.08 5339.75 -20389.4 21900.5 -1 1
1904 -2438.74 1770.88 3566.5 -1 0
-6174.55 5082.59 -30472 31504.1 1 1
event 17
-8224.94 -1921.53 -3470.63 9642.51
4495.27 1912.61 -5336.96 7236.01 -1 0
-3267.61 -1993.88 -2544.82 4597.84 -1 1
-4957.33 72.3438 -925.813 5044.67 1 1
3355.55 498.77 -3350.41 4769.17 1 0
event 18
-14937.5 -3639.32 -6769.86 17082
-9884.84 -3881.42 -4413.97 11500.9 1 1
-5052.61 242.099 -2355.89 5581.12 -1 1
11010.7 2247.41 -12113.1 16523.5 -1 0
3460 462.721 -2712.81 4422.24 1 0
event 19
3788.33 12272.5 7129.25 15012.8
1289.02 4384.7 1429.24 4789.68 1 0
486.764 4322.13 3818.66 5788.87 -1 1
3301.56 7950.4 3310.59 9223.9 1 1
2495.35 5672.93 417.118 6212.41 -1 0
event 20
1962.22 4974.02 -3051.82 6891.7
2638.44 2631.91 -1643.46 4074.36 -1 1
-676.221 2342.11 -1408.36 2817.34 1 1
8827.88 -4649.73 -9773.76 13967.4 -1 0
6178.64 -3229.15 -6549.33 9565.97 1 0
event 21
3242.75 6309.95 -3643.42 8555.49
7722.39 -4686.48 -7631.94 11826.1 1 0
187.877 3372.76 -2374.79 4130.57 -1 1
2532.19 -359.257 -2636.25 3674.51 -1 0
3054.87 2937.19 -1268.63 4424.92 1 1
event 22
-858.185 6728.64 -8728.42 11479.9
-2021.48 4606 -5745.94 7637.32 -1 1
1163.3 2122.64 -2982.48 3842.55 1 1
-6701.83 -450.975 -21040.6 22087 1 0
-5323.34 -1779.97 -17921.5 18780.2 -1 0
event 23
52.4332 8965.27 -13351.2 16377.6
-4029.07 -543.823 -10949.1 11680 -1 0
-1469.18 3544.35 -4954.66 6267.44 -1 1
1521.61 5420.92 -8396.58 10110.2 1 1
-4646.23 -709.16 -16059.7 16733.6 1 0
event 24
1644.03 5846.17 -6330.32 9302.94
-318.592 3985.14 -2934.6 4960.43 -1 1
1962.62 1861.03 -3395.72 4342.51 1 1
-9515.74 4989.52 -15887.7 19180.1 1 0
-5152.34 1486.58 -6003.46 8050.42 -1 0
event 25
-6117.01 5007.6 -6831.16 10897.2
-4034.56 1544.93 -2588.94 5037.68 1 1
-2082.46 3462.67 -4242.22 5859.55 -1 1
3339.15 111.805 3089.14 4551.53 -1 0
1575.88 -1280.91 1135.37 2329.03 1 0
event 26
4426.49 -5370.12 -2329.2 7965.42
3631.71 -2069.88 -880.896 4273.28 1 1
794.775 -3300.23 -1448.3 3692.15 -1 1
-4544.68 2555.1 6487.64 8323.66 -1 0
-1058.94 2311.17 3142.76 4043.63 1 0
event 27
2433.82 -6773.23 35110 36029.1
-293.363 -4053.54 21656.6 22034.9 1 1
2727.19 -2719.68 13453.4 13994.2 -1 1
-3527.37 3024.53 9368.8 10458.3 -1 0
-735.462 2116.13 1613.36 2762.79 1 0
event 28
-793.106 7173.25 13076.8 15253.8
1565.78 -2790.06 376.36 3223.18 1 0
916.148 2986.53 3704.23 4846.77 1 1
4134.7 -12641.5 -634.506 13316 -1 0
-1709.25 4186.73 9372.52 10407 -1 1
event 29
-10868.6 -13170.2 -11905.5 21045.5
5812.41 144.12 -1755.09 6074.24 -1 0
-3784.02 -2519.24 -3508.62 5743.43 -1 1
-7084.61 -10650.9 -8396.83 15302 1 1
630.372 2886.07 4184.88 5123.59 1 0
event 30
9168.27 766.96 10126.3 14027.7
6162.92 830.096 4599.42 7735.4 1 1
3005.35 -63.1357 5526.87 6292.35 -1 1
-5944 5876.58 -18176.4 20006.5 -1 0
-1114.3 2421.8 -4235.14 5005.44 1 0
event 31
-12281.5 -4037.01 9586.24 16389.6
8118.87 5584.67 -4622.89 10885.2 1 0
-3555.37 77.4897 3447.82 4954.32 1 1
3057.34 1181.9 -1102.02 3459.75 -1 0
-8726.12 -4114.5 6138.42 11435.3 -1 1
event 32
-8750.54 13026.9 -809.761 16016.2
1949.06 -2311.11 -5083.96 5915.89 1 0
-1867.69 4661.7 723.561 5074.89 1 1
2758.22 -869.292 -4948.83 5732.85 -1 0
-6882.85 8365.15 -1533.32 10941.3 -1 1
event 33
-8342.54 -6306.07 11848.1 16103.8
2664.94 2382.42 3854.36 5257.86 -1 0
-1493.07 -2537.43 4471.43 5354.69 -1 1
-6849.47 -3768.64 7376.64 10749.1 1 1
5427.45 5470.38 11387.9 13750.5 1 0
event 34
6291.06 -19857.7 -39638.6 44885.6
-71.7565 8465.89 -22549.8 24086.9 -1 0
1335.56 -5788.88 -14252.6 15441.5 1 1
4955.5 -14068.8 -25386.1 29444.1 -1 1
-916.911 3790.12 -9833.31 10578.8 1 0
event 35
6674.99 3495.86 4483.14 9298.7
3147.08 2750.44 3752.8 5618.16 1 1
3527.92 745.428 730.343 3680.55 -1 1
-4676.49 886.226 5977.61 7641.85 -1 0
-2811.12 1724.57 2328.09 4038.28 1 0
event 36
-9895.83 3170.43 -25284.6 27511.5
-4777.11 2239.21 -16250.5 17085.8 -1 1
-5118.72 931.227 -9034.12 10425.7 1 1
-3007.56 -12158.4 375.079 12530.9 -1 0
-137.902 -2634.33 1285.3 2936.3 1 0
event 37
-1403.01 -19099.4 2758.49 19594.8
-764.05 -15704.8 3381.55 16083.3 -1 1
-638.964 -3394.58 -623.059 3511.53 1 1
-2286.04 2555.66 -8518.15 9182.99 -1 0
-4937.1 357.814 -12305 13263.7 1 0
event 38
-10347.5 -1688.26 -17144.8 20333.6
-5530.84 -737.176 -11928.2 13169.2 -1 1
-4816.71 -951.082 -5216.56 7164.42 1 1
7820.27 -849.359 -29915.5 30932.6 -1 0
2211.32 -466.202 -13230.6 13422.7 1 0
event 39
-6690.22 -1907.26 -9674.03 12311.5
-3710.73 -1629.62 -7767.32 8761.71 1 1
-2979.49 -277.643 -1906.72 3549.81 -1 1
6000.08 594.782 691.469 6069.93 -1 0
5175.52 2857.82 2671.89 6488.71 1 0
event 40
-5872.05 4821.04 -12542.6 14987.7
-4314.99 -2531.64 19543.2 20173.6 -1 0
-973.649 2264.32 -2426.16 3460.14 -1 1
-3087.43 -5623.89 28389.3 29105.4 1 0
-4898.4 2556.71 -10116.4 11527.5 1 1
event 41
7510.51 8073.44 7313 13588.9
3022.27 5388.11 4546.17 7671.02 -1 1
4488.24 2685.33 2766.83 5917.92 1 1
9655.47 -4033.53 4311.34 11318 -1 0
2821.79 -1358.78 863.987 3250.6 1 0
event 42
-19961.7 3489.6 -19819.4 28514
-14271.4 3868.31 -14679 20835.6 1 1
-5690.28 -378.707 -5140.41 7678.39 -1 1
3046.3 -2395.48 -11864.2 12481.5 -1 0
1871.29 -1386.9 -9232.5 9522.37 1 0
event 43
-3929.55 -9668.83 51595.5 52731.6
4932.13 365.967 -6743.94 8363.72 1 0
-968.042 -5099.17 30812 31246.2 1 1
-834.537 -2533.35 3725.51 4583.11 -1 0
-2961.51 -4569.66 20783.5 21485.3 -1 1
event 44
4451.25 -6533.49 -130.493 8491.65
3165.13 -3441.9 1291.57 4852.22 1 1
1286.12 -3091.59 -1422.07 3639.43 -1 1
8289.48 -11514.9 -15247 20827.6 1 0
1520.32 -2461.66 5715.47 6406.95 -1 0
event 45
-2389.21 14704.8 -10655.3 18575.9
281.415 7695.69 -5783.14 9631.14 1 1
-2670.63 7009.1 -4872.13 8944.75 -1 1
5181.42 3138.9 -1135.62 6164.46 -1 0
1522.2 2287.54 -1232.35 3013.27 1 0
event 46
-4626.94 -3754.53 -9571.34 11692.2
-2077.98 -2982.64 -7433.36 8275.27 -1 1
-2548.96 -771.894 -2137.98 3416.89 1 1
1991.01 4688.06 -24695.4 25215.4 -1 0
1428.1 3979.05 -14956.4 15542.8 1 0
event 47
-6786.74 2873.77 -17592.5 19323.7
4574.43 -74.9875 4201.95 6212.78 1 0
-2241.54 -526.731 -4612.32 5156.22 -1 1
6590.79 1616.95 3698.12 7729.19 -1 0
-4545.2 3400.5 -12980.2 14167.5 1 1
event 48
-5337.7 4231.94 3804.73 8394.8
1767.11 11186.1 26476.2 28796.7 1 0
-3152.5 704.89 2352.69 3997.67 -1 1
1594.33 2212.8 6712.89 7246.54 -1 0
-2185.2 3527.05 1452.04 4397.13 1 1
event 49
-8903.45 2914.31 -8071.99 12748.1
2626.32 2630.59 -21006.9 21333.5 1 0
-3144.73 -429.173 -3091.53 4431.96 -1 1
-5758.72 3343.48 -4980.47 8316.12 1 1
4034.02 971.162 -20359.8 20778.6 -1 0
event 50
-23592.6 6540.31 31504.7 40019
-11735.5 3132.14 23442.1 26402.2 -1 0
-8536.89 3919.98 12129.6 15342.2 1 1
-15055.8 2620.33 19375.1 24676.8 -1 1
-3687.3 695.472 5450.9 6618.41 1 0
event 51
5510.76 23842.9 -1190.39 24695.3
3715.36 13180.1 726.147 13713.4 -1 1
1795.4 10662.8 -1916.54 10981.9 1 1
-3348.71 -7611.86 -1508.33 8452.24 -1 0
-1491.6 -2018.94 -500.142 2561.69 1 0
event 52
-5701.67 8847.57 -19662 22516
-3056.17 6748.16 -11471 13655.5 -1 1
-2645.5 2099.41 -8190.92 8860.5 1 1
3932.67 -6491.07 23793 24974.3 -1 0
1058.02 -2060.4 5331.56 5813.89 1 0
event 53
-7571.67 7503.72 -11358.8 15882.3
-5376.34 3772.53 -5328.31 8458.08 -1 1
-2195.32 3731.19 -6030.52 7424.25 1 1
-3509.29 -1868.87 -1612.21 4291.64 -1 0
-1001.58 -2067.64 303.829 2319.86 1 0
event 54
-3846.52 11850.8 9370.66 15894.6
3744.59 -2151 -1423.97 4548.36 1 0
-142.342 4639.92 4323.79 6344.72 1 1
2361.37 -1889.25 -2451.94 3894.68 -1 0
-3704.18 7210.9 5046.86 9549.87 -1 1
event 55
-5790.56 3130.77 -7894.05 10735
-1898.14 2871.16 -8758.49 9411.1 1 0
-1567.54 2499.58 -2610.84 3941.16 1 1
-3032.59 4642.85 -15104.6 16090.8 -1 0
-4223.02 631.19 -5283.21 6793.81 -1 1
