event 0
9045.41 -1246.24 -32562 33959.5
-3749.62 1095.37 -2452.15 4613.43 -1 0
3266.61 -873.533 -7356.52 8097.12 1 1
5778.8 -372.704 -25205.5 25862.4 -1 1
-5433.43 231.88 127.218 5440.89 1 0
event 1
-2774.09 8855.7 34094.5 35470.4
331.306 -4646.4 10203.1 11216.7 1 0
-1447.23 1802.97 5097.24 5598.05 -1 1
-1326.86 7052.73 28997.3 29872.3 1 1
1967.28 -4655.71 7685.08 9198.78 -1 0
event 2
4067.24 13831.3 -3241.4 15097.8
2337.95 8162.17 -339.849 8497.86 1 1
1729.29 5669.09 -2901.55 6599.94 -1 1
-199.685 -3306.55 2411.77 4098.89 -1 0
231.397 -2208.98 2453.17 3310.94 1 0
event 3
-4568.95 -19377.1 -1683.44 20218.2
410.463 3319.38 -4936 5963.39 1 0
-2528.45 -6960.58 -1848.44 7633.52 1 1
551.44 2052.17 -3148.28 3799.78 -1 0
-2040.5 -12416.6 164.994 12584.6 -1 1
event 4
-5362.28 -14619 -1204.28 15922
-1194.35 6578.7 -7685.19 10187.2 -1 0
-509.182 -5678.69 -509.121 5725.14 -1 1
-4853.1 -8940.35 -695.158 10196.9 1 1
751.512 4130.28 -6395.01 7650.57 1 0
event 5
-10219.4 -2946.4 11327 15968.9
4332.98 96.3232 12005.9 12764.7 -1 0
-2376.9 -2390.37 3854.59 5121.77 1 1
-7842.45 -556.03 7472.37 10847.1 -1 1
6300.09 618.875 31890 32512.4 1 0
event 6
-1296.98 14215 29574.9 32985
6438.28 -2653.21 -18007.6 19307.4 -1 0
698.298 6610.56 11690.4 13448.5 1 1
-1995.28 7604.48 17884.5 19536.5 -1 1
1919.74 -1444.23 -5017.36 5563.84 1 0
event 7
7477.59 -4770.86 -9381.16 13276.8
5764.43 -2212.54 -7286.52 9551.36 -1 1
1713.16 -2558.32 -2094.63 3725.4 1 1
11403.6 4996.37 -7873.25 14731.1 -1 0
2309.13 904.956 -1345.34 2823.49 1 0
event 8
-3415.59 6787.29 897.887 8254.14
1591.52 -3040.73 538.936 3475.71 -1 0
-478.613 2610.91 1597.22 3099.71 1 1
1677.51 -6086.2 1264.51 6439.41 1 0
-2936.98 4176.38 -699.331 5154.44 -1 1
event 9
-392.397 16571 35585.2 39378.2
-2583.41 -6279.82 5984.75 9052 -1 0
1105.8 2938.33 7050.2 7718.36 -1 1
-1498.19 13632.6 28535 31659.9 1 1
-4852.1 -10260.9 7529.54 13621.1 1 0
event 10
7133.5 -10101 4090.62 13536.4
3276.6 -7653.17 2874.91 8808.14 1 1
3856.9 -2447.87 1215.71 4728.31 -1 1
-1204.3 2799.87 1177.37 3269.1 -1 0
1617.65 4581.28 3868.09 6211.14 1 0
event 11
6058.26 534.941 22516.6 23528.2
-3606.73 -1762.96 5766.98 7027.49 -1 0
1651.93 1426.21 5269.64 5704.67 1 1
-11340.3 -359.477 26649.9 28964.8 1 0
4406.33 -891.269 17246.9 17823.5 -1 1
event 12
-28005.4 1945.59 -105934 109634
-19532.2 456.194 -77682.7 80102 -1 1
-8473.15 1489.4 -28251 29532 1 1
6786.75 553.786 3338.19 7584.28 -1 0
4690.3 1000.2 -67.2104 4797.39 1 0
event 13
8809.43 10528.6 2858.25 14498.8
4101.44 7370.93 2582.18 8822.2 -1 1
4707.99 3157.7 276.071 5676.58 1 1
3186.41 1343.17 489.286 3493.98 -1 0
746.173 -2957.61 -1415.81 3364.51 1 0
event 14
-1913.21 14592.8 19723.1 24803.3
-2258.62 9067.74 14065.6 16887.2 1 1
345.408 5525.08 5657.53 7916.1 -1 1
-2705.21 2675.59 1845.33 4230.06 -1 0
-378.736 2611.11 2448.06 3600.76 1 0
event 15
-7028.12 5952.99 2429.88 10016.4
2623.98 -1899.7 -3154.08 4522.55 1 0
-2031.55 130.866 370.691 2071.93 1 1
-4996.57 5822.13 2059.19 7944.45 -1 1
4601.73 -2444.55 -4824.1 7101.75 -1 0
event 16
-10617.2 -12781.8 50447.7 53203.9
6044.07 5961.28 32718.7 33802.3 -1 0
-3287.39 -4286.75 12169.6 13315.1 -1 1
-7329.79 -8495.04 38278.1 39888.8 1 1
2634.85 3492.75 12793.9 13521.7 1 0
event 17
10746.9 -8403.48 -7981.69 16106.3
6307.42 -3065.1 -3466.33 7823.36 1 1
4439.53 -5338.38 -4515.37 8282.96 -1 1
-1664.08 -3534.24 -13126.6 13695.9 -1 0
-2086.6 -1890.98 -10525.7 10896.4 1 0
event 18
-9179.54 -490.177 4705.75 10781.4
-5099.33 -257.153 -15117.7 15957 1 0
-2207.69 -826.858 2552.3 3476.06 -1 1
-7144.82 -47.9898 -29255.5 30115.5 -1 0
-6971.85 336.681 2153.45 7305.38 1 1
event 19
-7658.4 3952.98 -9935.9 13512.6
-3993.15 3276.55 -4138.39 6619.55 1 1
-3665.25 676.433 -5797.51 6893.04 -1 1
5332.03 -1623.48 -7058.22 8994.21 -1 0
2291.11 -949.444 -4280.09 4947.82 1 0
event 20
6986.46 3799.34 29677.8 30880.6
-4122.58 -380.213 5048.3 6529.68 1 0
1602.3 1641.01 13501.8 13695.7 1 1
5384.16 2158.33 16176 17184.9 -1 1
-4977.34 -1988.96 9328.29 10759.1 -1 0
event 21
5674.67 2220.07 -1649.87 7031.75
4102.67 57.4684 -559.32 4142.37 1 1
1572 2162.61 -1090.55 2889.38 -1 1
-3854.43 -4365.91 -2289.04 6258.48 -1 0
-2418.34 -4125.69 -4214.75 6375.34 1 0
event 22
8076.28 -7954.71 -23598.7 26438.3
5037.78 -7131.14 -16370 18553.2 1 1
3038.49 -823.575 -7228.65 7885.13 -1 1
11991.9 -1705.21 -15054.8 19322.8 -1 0
2342.49 -477.99 -5255.09 5774.33 1 0
event 23
-5931.28 -6635.35 5945.89 11142.4
-4615.47 -2915.69 3128.72 6293.16 1 1
-1315.81 -3719.66 2817.17 4849.21 -1 1
5724.3 1025.78 -3723.02 6905.93 -1 0
3324.88 -106.467 -3864.06 5099.83 1 0
event 24
-5586.74 5472.99 23609.8 25063.5
-2450.47 4501.86 14323.6 15213.4 1 1
-3136.27 971.13 9286.23 9850.1 -1 1
2029.36 -4847.57 -5268.13 7441.88 -1 0
1757.1 -1675.61 -3560.81 4311.11 1 0
event 25
-6525.29 909.065 -23453.8 24557.6
-175.179 3168.1 859.522 3288.99 1 0
-2296.38 306.64 -13895.8 14088 -1 1
-3028.48 -3092.82 -13528.7 14204.7 -1 0
-4228.91 602.425 -9558.02 10469.6 1 1
event 26
-12031.6 1823.8 -11771.4 17211.6
5744.28 -992.082 -4743.76 7516.34 -1 0
-4254.7 1625.15 -2847.25 5372.3 1 1
-7776.85 198.654 -8924.1 11839.3 -1 1
2657.05 682.376 -290.922 2760.68 1 0
event 27
1902.22 8129.4 -31647.2 32876.2
3505.68 712.152 -3864.63 5267.21 1 0
2130.44 2755.05 -13996.8 14423.9 1 1
8652.79 1141.02 -8230.14 11996.6 -1 0
-228.217 5374.35 -17650.5 18452.3 -1 1
event 28
11984.1 -25743.5 79881.4 84835
298.832 6522.47 19239.6 20317.6 -1 0
3707.95 -5084.03 16478.8 17639.7 1 1
8276.2 -20659.5 63402.6 67195.3 -1 1
-2675.27 -2242 8429.75 9124.45 -1 0
event 29
-12570.1 -9034.66 -8268.74 17821.2
-7633.77 -5413.35 -3260.05 9910.49 1 1
-4936.32 -3621.31 -5008.69 7910.7 -1 1
2494.03 -10073.2 -5536.6 11762.4 -1 0
-423.45 -2050.3 -51.3159 2096.87 1 0
event 30
1600.84 -12177.6 -53875 55344
2134.67 -6287.68 -32113.5 32793 1 1
-533.829 -5889.97 -21761.4 22551 -1 1
13818.5 8272.21 -45618.6 48378.2 -1 0
3785.18 2905.46 -10708.9 11724.3 1 0
event 31
2848.03 -16550.7 -71251.5 73269.4
3090.89 -9157.22 -38908.9 40091.4 -1 1
-242.858 -7393.53 -32342.6 33178 1 1
29362 17140.9 -85689.2 92187.8 -1 0
4000.5 2977.28 -13539.9 14429.5 1 0
event 32
-9708.16 9058.1 -38904.3 41224.2
-7041.4 4794.78 -26619.5 27949.6 -1 1
-2666.76 4263.32 -12284.7 13274.6 1 1
-4888.43 598.427 -2232.18 5408.21 -1 0
-1768.82 1061 -2307.37 3096.71 1 0
event 33
-15991.5 9911.82 -11877.6 22464.2
-9430.63 7160.58 -8572.84 14619 -1 1
-6560.86 2751.24 -3304.72 7845.17 1 1
18726.1 -15156.2 -76243.5 79959.1 -1 0
1647.44 -1569.34 -9483.61 9753.3 1 0
event 34
-6405.02 -3986.34 1276.89 8254.49
-4335.06 -3030.58 -566.5 5320.64 1 1
-2069.96 -955.766 1843.39 2933.85 -1 1
8592.31 5137.15 -14390.2 17530.2 -1 0
5111.11 3252.36 -6609.23 8966.29 1 0
event 35
21264.8 12159.4 60926.7 65739.6
-3339.66 -2023.12 6236.75 7358.98 1 0
9402.26 7096.12 28043.3 30417 -1 1
-3428.11 -804.109 4426.66 5657.29 -1 0
11862.5 5063.31 32883.4 35322.6 1 1
event 36
-13063.1 8620.83 10802.9 19268
4015.67 -5264.17 -8087.94 10452.9 1 0
-2027.57 540.628 543.87 2170.32 1 1
-11035.6 8080.2 10259 17097.7 -1 1
4845.15 -5431.97 -7580.37 10509.8 -1 0
event 37
-9118.61 6975.38 7008.48 13802.7
-7380.67 3942.47 5348.99 9931.78 1 1
-1737.94 3032.91 1659.5 3870.93 -1 1
6638.29 -8980.54 -12071.1 16445.1 -1 0
1049.74 -2236.05 -4054.01 4748.48 1 0
event 38
-5891.67 5751.42 6270.06 10802.6
2536.52 -3077.8 -6040.57 7239.22 1 0
-982.313 2459.97 854.16 2785.16 -1 1
-4909.36 3291.46 5415.9 8017.4 1 1
3790.48 -3529.44 -6017.43 7940.11 -1 0
event 39
-3161.76 -8815.4 34844.6 36213.9
3428.25 -2416.9 21561.8 21966.3 -1 0
-1630.53 -2890.29 17718.8 18027.2 1 1
-1531.22 -5925.11 17125.8 18186.7 -1 1
3916.89 -1834.03 10842.9 11674.1 1 0
event 40
9681.23 19601.4 -36631.6 42771.6
-2712.33 -3954.2 -3379.95 5867.51 1 0
2780.78 4059.62 -6257.39 7961.11 -1 1
-2160.04 -944.748 -1191.15 2643.55 -1 0
6900.45 15541.8 -30374.3 34810.5 1 1
event 41
6539.9 1239.78 2534.7 7766.77
-1413.28 -2829.57 880.919 3284.97 1 0
2439.88 1801.2 1895.97 3578.16 1 1
4100.01 -561.422 638.726 4188.61 -1 1
-3391.45 -2256.23 2208.01 4634.54 -1 0
event 42
-8445.74 -12387 1336.93 15367
2352.72 -2591.25 -858.822 3605.35 1 0
-1922.48 -972.436 63.7163 2157.96 -1 1
-6523.26 -11414.6 1273.22 13209 1 1
2488.91 -3365.17 -178.102 4190.7 -1 0
event 43
-5075.45 6249.89 17770.4 19753.4
2722.55 1941.7 4326.83 5469.47 -1 0
-2960.39 1365.66 7703.23 8365.4 -1 1
-2115.06 4884.22 10067.1 11388 1 1
1311.37 3882.81 10067.5 10870.2 1 0
event 44
9545.54 1152.83 -2001.98 10490
5518.89 2309.86 -378.495 5995.67 1 1
4026.64 -1157.02 -1623.48 4494.38 -1 1
1258.81 -1621.33 -590.956 2138.62 -1 0
725.85 -4540.94 -6388.45 7872.13 1 0
event 45
7361.63 14120.1 -9189.51 18644.3
6438.84 9357.44 -6746.77 13211.8 -1 1
922.793 4762.69 -2442.74 5432.58 1 1
-3222.64 -2380.18 -4958.71 6375.78 -1 0
-2363.27 -326.306 -5076.06 5609.73 1 0
event 46
-5553.18 4334.01 15358.7 17178.5
1939.61 -3202.74 9476.59 10190 1 0
-2214.34 920.169 8415.6 8751.2 -1 1
5508.31 -4995.48 20661.1 21958.8 -1 0
-3338.83 3413.84 6943.07 8427.31 1 1
