event 0
-15675.8 -11095.8 43037.2 47229.7
6186.06 938.542 9113.83 11055.4 -1 0
-2384.7 -1883.02 4438.96 5380.34 -1 1
-13291.1 -9212.78 38598.3 41849.4 1 1
2858.92 110.902 1847.38 3407.3 1 0
event 1
-3348.13 6853.61 -722.712 8264.11
2564.37 -2008.91 13778.5 14158.7 1 0
29.6562 2371.9 696.366 2474.45 1 1
1182.16 -5533.09 27863.7 28432.6 -1 0
-3377.79 4481.71 -1419.08 5789.66 -1 1
event 2
4034.67 -5852.39 4282.01 8857.65
-2033.24 3110.61 2550.09 4508.22 -1 0
666.456 -2700.61 369.48 2808.04 1 1
-5701.85 4184.63 6856.06 9850.83 1 0
3368.21 -3151.78 3912.53 6049.6 -1 1
event 3
-5597.18 -6981.66 8677.5 12843.8
-3939.24 -2931.3 5822.44 7617.22 -1 1
-1657.93 -4050.37 2855.06 5226.54 1 1
-9984.26 -5781.59 6324.82 13157.8 1 0
-5413.07 -893.328 2119.34 5882.35 -1 0
event 4
-8508.53 5660.84 45347.9 46588.2
-5530.62 5135.58 29234.3 30193 -1 1
-2977.91 525.259 16113.6 16395.2 1 1
3271.72 -7847.39 3758.44 9296.38 1 0
3195.16 -7117.97 1139.4 7885.67 -1 0
event 5
-956.795 11175.5 19164.9 22420.8
683.909 8233.25 13365 15712.7 -1 1
-1640.7 2942.27 5799.95 6708.17 1 1
-2337.08 -1332.66 8925.24 9322.5 -1 0
-3523.4 -5299.37 38186.1 38712.9 1 0
event 6
12102.1 -48.3235 2550.95 12905.8
-3504.9 2873.75 2710.66 5282.2 1 0
3002.88 -1041.16 1954.32 3732.54 1 1
-18018 13344.7 9368.06 24300.3 -1 0
9099.18 992.839 596.63 9173.22 -1 1
event 7
14377.8 -16172.5 -45469.9 50451.7
7302.5 -9504.42 -22130.1 25167.7 1 1
7075.27 -6668.04 -23339.8 25284 -1 1
-8845.26 11789.9 -7093.17 16357.4 -1 0
-1161.11 1816.59 -361.391 2188.59 1 0
event 8
7259.13 2395.76 5655.41 10000.5
4149.79 1825.98 1496.54 4775.53 -1 1
3109.35 569.777 4158.87 5224.94 1 1
5285.87 396.641 1509.31 5512.43 1 0
4932.25 -1354.57 4284.62 6673.16 -1 0
event 9
-7268.06 -2690.77 34067.5 35074.9
2638.34 4266.53 11875 12891.5 -1 0
-2679.64 506.364 9971.42 10338.1 1 1
-4588.41 -3197.14 24096.1 24736.7 -1 1
1131.53 -5068.75 11080.7 12237.9 -1 0
event 10
18719.5 818.89 -64855.3 67578.8
10602.5 1427.92 -40993.5 42366.6 -1 1
8116.97 -609.032 -23861.9 25212.2 1 1
6641.34 -1044.01 -4948.72 8348.55 -1 0
-2057.03 242.349 3828.73 4354.36 -1 0
event 11
7919.16 1876.56 -1552.99 8845.19
-6518.01 -498.906 -10375.5 12263.6 1 0
2401.97 1849.69 -1357.74 3323.47 -1 1
-2699.61 -830.927 -4977.06 5723.69 -1 0
5517.19 26.8708 -195.249 5521.72 1 1
event 12
-1853.95 7419.57 -10384 13263
7087.01 3834.64 -6252.16 10199.6 1 0
612.528 3914.58 -4943.96 6336.64 -1 1
3191.54 985.311 -1266.4 3573.75 -1 0
-2466.48 3504.99 -5440.07 6926.33 1 1
event 13
13008 -1555.57 32284.4 34978.6
7939.18 -945.254 15594.4 17524.9 -1 1
5068.85 -610.313 16690 17453.7 1 1
-463.833 3540.17 3154.45 4765.46 -1 0
-856.646 1896.53 961.258 2294.74 1 0
event 14
2385.35 6816.47 -6393.47 10130.1
966.814 -2842.42 -11292.1 11684.9 -1 0
-259.949 2917.55 -3634.78 4669.31 -1 1
2645.29 3898.92 -2758.69 5460.83 1 1
4114.37 -1851.72 -12901.6 13668.1 1 0
event 15
9447.28 -10501.9 51797.7 53815.8
-3451.43 -2903 17169.7 17752.5 -1 0
2874.93 -3346.85 23103 23520.7 1 1
6572.34 -7155.1 28694.8 30295.1 -1 1
-3187.72 -1799.97 14033.7 14503.7 1 0
event 16
1195.92 16372.9 -6768.58 18025.1
-2305.65 -8187.67 -3373.37 9151.22 -1 0
-927.8 6697.76 -2156.27 7097.99 1 1
2123.72 9675.12 -4612.31 10927.2 -1 1
-3139.06 -4916.86 -2808.2 6475.06 1 0
event 17
2352.98 18111.2 -4659.29 19101.1
1430.26 11012.4 -1262.76 11177 1 1
922.725 7098.81 -3396.53 7924.15 -1 1
-1611.37 -2594.54 -1636.72 3466.72 -1 0
-4441.19 -7530.75 -2772.16 9172.37 1 0
event 18
-4191.79 13581.1 1199.28 14596.2
-2767.92 3397.71 2986.9 5304.57 1 0
-2088.95 3696.68 1446.51 4486.95 -1 1
-4760.55 10794 6603.48 13520 -1 0
-2102.84 9884.46 -247.235 10109.2 1 1
event 19
-16678 3004.76 53018.4 55747
-13600.4 3583.77 44547.1 46714.8 1 1
-3077.56 -579.011 8471.3 9032.21 -1 1
304.17 -2166.7 7515.42 7828.14 -1 0
6349.29 -3021.12 19417.3 20651.4 1 0
event 20
-4460.02 -6379.19 -11113.6 14060
-2733.56 -3118.41 -8731.94 9667.2 -1 1
-1726.46 -3260.78 -2381.62 4392.79 1 1
3893.46 4989.29 -9135.86 11114.3 -1 0
1913 776.399 -2041.65 2905.49 1 0
event 21
-8268.04 1500.98 -6668.02 11165.2
-4805.7 1019.66 -5721.89 7542.25 -1 1
-3462.35 481.325 -946.132 3622.96 1 1
5264.28 466.867 22732.2 23338.7 -1 0
1835.86 -859.63 8157.88 8406.63 1 0
event 22
10082.6 6216.94 26266.4 28979.8
-4686.38 -2728.83 -8364.19 9968.92 -1 0
4091.72 1581.39 12765.9 13498.9 1 1
5990.9 4635.56 13500.6 15480.8 -1 1
-3617.1 -1509.7 -2212.74 4502.22 1 0
event 23
-7013.41 1080.75 5633.06 9574.88
-3767.68 1143.39 1275.85 4140.25 -1 1
-3245.73 -62.6389 4357.21 5434.63 1 1
5919.87 -3657.13 -6691.34 9654.25 1 0
4545.85 -2147.6 -6195.77 7979.7 -1 0
event 24
4860.54 5714.73 -35262.1 36184.1
-342.934 -3362.95 396.54 3405.21 -1 0
2901.24 1671.81 -10629.3 11144.8 1 1
-4166.48 -4055.02 1489.67 6002.75 1 0
1959.3 4042.92 -24632.7 25039.3 -1 1
event 25
-322.197 15013.9 -37832.5 40821.7
654.852 -3907.79 -12583 13192.6 -1 0
-1004.82 1919.4 -4289.38 4806.63 -1 1
682.626 13094.5 -33543.1 36015 1 1
-1209.21 -4669.38 -18800.3 19409.4 1 0
event 26
3574.68 4096.82 2913 6902.09
1433.43 3744.36 1373.91 4239.55 -1 1
2141.25 352.459 1539.09 2662.54 1 1
-4521.43 -3964.03 13440.1 14724.2 1 0
-1572.65 -4743.81 13940 14809.2 -1 0
event 27
15119.4 -23195.7 10098 29634.4
4634.71 -10596.2 3918.36 12211.6 -1 0
1358.71 -3826.4 929.905 4166.93 -1 1
13760.7 -19369.3 9168.09 25467.5 1 1
5331.74 -11668.9 2269.99 13029 1 0
event 28
5124.65 7789.54 -3942.09 10586.3
4387.43 4322.28 -3280.2 6978.72 1 1
737.22 3467.26 -661.896 3607.59 -1 1
-2631.34 -7082.85 10581.7 13002.8 -1 0
-2019.09 -2676.68 4127.14 5318.44 1 0
event 29
-6027.29 -3297.49 -4689.67 8876.07
-3112.5 -2717.05 -1226.17 4310.99 1 1
-2914.79 -580.435 -3463.49 4565.07 -1 1
8666.18 8428.46 19461.6 22910.9 -1 0
2302.2 4187.6 7430.02 8834.73 1 0
event 30
3904.22 -33143.3 169807 173094
1704.33 -24804.6 120396 122937 1 1
2199.88 -8338.66 49410.9 50157.9 -1 1
-887.671 8439.53 15941.8 18060.1 -1 0
-1699.96 4915.52 8555.18 10012.7 1 0
event 31
12644.3 5619.6 11869.1 18491.2
-6086.51 861.645 17741 18776.1 -1 0
4743.36 1612.45 2512.73 5605.75 -1 1
7900.93 4007.15 9356.34 12885.4 1 1
-3165.94 3085.16 14038.5 14718.4 1 0
event 32
-12630.5 -5345.96 26360.9 29876.4
5754.56 -5673.65 24484.4 25783.8 -1 0
-2721.21 -1666.36 3810.26 4971.02 1 1
-9909.33 -3679.6 22550.7 24905.4 -1 1
1443.52 -1742.51 3924.61 4531.43 1 0
event 33
14242 12640.1 -3071.82 19535.4
-6905.92 -6004.3 -6768.67 11382.9 -1 0
5936.02 5235.18 258.724 7919.7 1 1
8305.96 7404.91 -3330.54 11615.7 -1 1
-4370.4 -1869.03 -4236.2 6367.91 1 0
event 34
19041.5 17790.6 -2830.54 26394.9
-9213.57 -6359.44 -11782.2 16253.1 -1 0
6818.33 5438.3 345.323 8728.98 -1 1
12223.2 12352.3 -3175.86 17665.9 1 1
-5405.62 -3665.92 -4361.36 7854.45 1 0
event 35
-7800.66 -2622.11 861.645 8835.08
-4718.05 -86.3444 1058.56 4837.27 1 1
-3082.6 -2535.76 -196.911 3997.81 -1 1
4092.35 3555.8 -2031.66 5790.49 -1 0
4899.51 2281.37 -1254.06 5549.21 1 0
event 36
-13059.5 -7365.08 570.776 15320.3
5401.64 3763.56 -1183.28 6689.8 -1 0
-4736.63 -1095.79 -236.646 4868.63 -1 1
-8322.88 -6269.29 807.422 10451.7 1 1
1915.6 682.15 -26.1767 2036.34 1 0
event 37
-10714.4 923.168 6266.46 12826.2
-6245.79 -627.095 4700.09 7842.52 1 1
-4468.64 1550.26 1566.37 4983.65 -1 1
1034.53 -4472.64 -3423.1 5727.44 1 0
-1757.1 -1418.81 -11107.8 11335.5 -1 0
event 38
8855.94 -2927.86 -16978.7 19618
-2795.24 -2102.58 4010.58 5322.6 1 0
2925.59 -631.146 -2897.77 4167.22 -1 1
5930.34 -2296.71 -14080.9 15450.8 1 1
-6339.06 135.237 6787.82 9289.12 -1 0
event 39
2495.45 8711.86 -5655.42 11122
-372.845 -3009.15 -308.935 3049.69 -1 0
799.606 2577.92 -3459.11 4388.81 -1 1
1695.85 6133.94 -2196.3 6733.21 1 1
1779.36 -4632.23 -1865.39 5302.31 1 0
event 40
-2181.28 21703.7 13894.8 26047.3
-695.277 11113.4 8842.59 14219.5 1 1
-1486 10590.3 5052.2 11827.9 -1 1
1074.72 -4129.12 332.019 4280.9 -1 0
-1476.46 -1886.63 766.855 2517.64 1 0
event 41
-12831.5 -6563.64 -1783.11 14849.2
-3880.14 -1004.59 -849.89 4098.56 1 0
-2384.32 -2444.55 -1135.46 3600.17 -1 1
-10447.1 -4119.09 -647.65 11249 1 1
-2780.11 -4391.12 75.9162 5198.83 -1 0
event 42
-12268.2 -6627.78 -2596.64 14517.9
4377.79 -1419.52 -20061.9 20583.3 -1 0
-4914.46 -1001.75 -687.62 5063.54 1 1
-3425.54 -1024.36 -794.308 3664.11 1 0
-7353.72 -5626.02 -1909.02 9454.36 -1 1
event 43
9152.83 -7436.76 -14911.8 19262.2
-3725.35 2245.5 8402.55 9462.27 -1 0
2920.69 -747.401 -3105.71 4329.63 1 1
6232.14 -6689.36 -11806 14932.5 -1 1
-4230.05 1732.76 7655.75 8917.25 1 0
event 44
-9977.3 -3270.33 803.393 10976.1
3052.44 1133.42 2086.27 3868.55 1 0
-1808.57 -1188.09 -949.196 2365.3 1 1
-8168.73 -2082.24 1752.59 8610.84 -1 1
3635.48 3075.35 246.698 4769.33 -1 0
event 45
4982.02 13283 -11950.3 18805.8
-2414.69 -6460.59 -2832.03 7456.64 1 0
454.189 4439.19 -2620.09 5175.79 -1 1
-3589.51 -14994.2 -6100.38 16581.2 -1 0
4527.83 8843.85 -9330.16 13630 1 1
event 46
20061.1 5566.08 70254.3 73339.6
14792 2921.51 47642.7 49971.8 -1 1
5269.16 2644.57 22611.6 23367.8 1 1
-2247.45 5170.71 11720.3 13006.3 -1 0
-118.541 2206.11 6352.31 6726.36 1 0
event 47
-5709.26 4400.6 1473.31 7982.67
3370.42 2882.71 3790.33 5835.02 1 0
-569.924 2051.65 -38.3912 2132.31 1 1
-5139.33 2348.95 1511.7 5850.36 -1 1
4767.55 1603.46 3106.76 5913.02 -1 0
event 48
-4119.06 -4962.51 -11721.8 13732.6
-3002.4 429.773 -9340.79 9821.44 1 0
51.0977 -2077.38 -3278.91 3883.37 -1 1
-5351.06 1371.39 -12141.8 13339.8 -1 0
-4170.16 -2885.13 -8442.92 9849.28 1 1
event 49
-9726.35 -579.145 -5504.68 11611.6
-4328.82 1745.07 -4516.04 6495.36 1 0
-4339.05 -1134.08 -3947.08 5975.29 1 1
-5591.46 147.018 -2709.24 6215.88 -1 0
-5387.3 554.933 -1557.6 5636.33 -1 1
event 50
2843.26 -11267.8 -4440.6 12820.2
5252.34 1068.84 586.859 5393.05 -1 0
299.765 -3699.84 -62.3507 3713.99 1 1
2543.49 -7567.96 -4378.25 9106.24 -1 1
2909.04 2061.59 122.52 3569.15 1 0
event 51
11846.2 -2585.79 -6180.66 13957.4
6640.55 127.289 -3213.96 7379.29 1 1
5205.64 -2713.08 -2966.7 6578.14 -1 1
-9385.49 6134.75 36622.3 38300.4 -1 0
-3614.07 509.131 11115.9 11700.2 1 0
event 52
5825.48 13947.2 -926.178 15456.7
2348.16 8379.73 575.315 8722.15 1 1
3477.33 5567.52 -1501.49 6734.59 -1 1
-596.331 -3177.16 -4426.26 5482.05 -1 0
-152.364 -2558.65 -1851.27 3163.59 1 0
event 53
-7202.92 5928.13 -7330.79 12262
-4620.94 2363.02 -2623.81 5816.57 1 1
-2581.98 3565.11 -4706.98 6445.42 -1 1
1243.09 -4048.57 -4720.61 6342.83 -1 0
2822.08 -2880.36 -1608.12 4342.56 1 0
event 54
13503.6 -6606.88 -286.402 15481.3
7855.63 -3190.78 -1890.3 8687.72 -1 1
5647.96 -3416.1 1603.9 6793.59 1 1
-12434.7 60.5036 -3016.07 12795.8 -1 0
-2292.89 305.291 127.065 2319.02 1 0
event 55
4335.44 8156.06 -13083.8 16312.5
-2749.83 -4073.09 -2716 5616 1 0
2936.53 3453.79 -8308.03 9465.01 -1 1
-1083.02 -2938.38 -3643.92 4805.87 -1 0
1398.91 4702.26 -4775.78 6847.44 1 1
event 56
-5727.13 -3855.53 -686.437 7597.85
-2599.51 -3105.64 -1427.73 4295.58 -1 1
-3127.62 -749.894 741.288 3302.27 1 1
4455.91 1625.93 -3239.27 5744.81 -1 0
3398.18 2334.36 -6836.52 7984.11 1 0
event 57
4450.1 10599.4 -42010.3 43664.7
-5696.57 375.787 5823.56 8155.81 -1 0
-112.3 3095.71 -9793.14 10271.9 1 1
4562.4 7503.68 -32217.2 33392.8 -1 1
-2575.41 -858.099 2082.1 3422.77 1 0
event 58
-2063.4 14336.2 3093.3 15130.9
-1126.18 10068.7 3551.46 10736.4 -1 1
-937.227 4267.57 -458.158 4394.5 1 1
-916.962 -3067.29 -2032.38 3793.52 -1 0
-496.199 -6635.34 -2273.99 7032.51 1 0
event 59
-942.044 -11449.3 -5086.36 12939.7
-1453.43 -7466.19 -4608.72 8894.26 1 1
511.386 -3983.07 -477.637 4045.45 -1 1
120.113 10367.2 465.827 10378.9 -1 0
-2303.31 9224.36 2130.24 9743.88 1 0
event 60
77.4082 8791.36 -11150 14532.9
2857.45 1838.67 -12593.3 13044.1 -1 0
-729.425 3000.64 -5964.63 6717.43 1 1
6275.46 3645.89 -17066.8 18546.1 1 0
806.833 5790.72 -5185.32 7815.5 -1 1
event 61
16000.3 -15628 -4638.46 23051
10446.5 -8425.86 -1920.25 13558.2 1 1
5553.76 -7202.13 -2718.2 9492.88 -1 1
-2917.4 2585.04 -2221.77 4487.88 -1 0
-805.338 3247.81 230.966 3355.8 1 0
event 62
13031.3 -11938.3 -2619.3 18132.6
-3404.19 4065.91 1.06423 5303.89 -1 0
3061.5 -1388.52 97.7496 3364.75 -1 1
9969.8 -10549.8 -2717.05 14767.8 1 1
-1907.26 1485.57 -1845.27 3043.15 1 0
event 63
-1899.07 -14153.9 26063.1 29880
3222.19 8658.42 657.078 9262.49 1 0
404.505 -3277.83 4122.67 5283.5 1 1
8779.36 12430.2 523.616 15227.4 -1 0
-2303.57 -10876 21940.4 24596.5 -1 1
