event 0
-5298.33 -6445.36 -6901.98 11262.5
3215.59 344.362 786.032 3329.81 1 0
-1033.24 -2906.95 -3850.96 4935.48 1 1
9381.88 514.268 375.336 9404.06 -1 0
-4265.09 -3538.41 -3051.02 6327.03 -1 1
event 1
-5517.42 -7121.1 -9454.34 13421.2
4373.39 -538.586 -711.056 4464.68 -1 0
-1824.85 -3312.89 -2023.93 4291.01 1 1
-3692.57 -3808.21 -7430.42 9130.16 -1 1
3439.66 538.703 271.78 3493.78 1 0
event 2
12162.1 1409.93 -368.702 12634.5
-313.38 4110.31 -4402.57 6032.13 1 0
6028.66 174.465 -1635.83 6249.98 1 1
-1757.8 3487.3 -10266.5 10984.7 -1 0
6133.47 1235.46 1267.13 6384.56 -1 1
event 3
-9568.35 5793.15 -22679.3 25555
-5403.25 2875.14 -16197.2 17315.3 -1 1
-4165.1 2918.02 -6482.14 8239.67 1 1
-2348.51 -4254.93 -2652.53 5537.78 -1 0
-1519.8 -1728.6 -3552.03 4233.9 1 0
event 4
2373.11 9086.95 6645.13 12081
3900.91 4323.26 11344.3 12752 -1 0
1611.67 3071.72 4424.19 5622.95 1 1
761.441 6015.23 2220.94 6458.06 -1 1
2184.57 523.142 5893.28 6307.77 1 0
event 5
9511.75 1884.75 -9935.4 14224.2
5838.28 1384.6 -3955.19 7187.3 1 1
3673.47 500.154 -5980.21 7036.95 -1 1
-6727.78 269.221 -2773.97 7282.96 -1 0
-2233.32 -344.485 -212.251 2272.13 1 0
event 6
8706.75 2483.64 -8668.73 12911.8
4279.54 2755.67 -4032.83 6494.85 1 1
4427.21 -272.026 -4635.9 6416.92 -1 1
-7276.24 1135.8 -3166.18 8016.83 -1 0
-2304.13 -661.519 -357.926 2426.08 1 0
event 7
8549.59 13543.2 732.625 16329.2
7592.41 10581.9 -359.523 13029.3 1 1
957.185 2961.3 1092.15 3299.92 -1 1
2276.23 -2003.6 3379.89 4542.08 -1 0
4380.55 543.383 3685.35 5751.3 1 0
event 8
8313.28 -6603.07 -1909.07 11222.6
-2467.67 3975.87 4100.05 6222.42 -1 0
3835.84 -1770.4 -1900.57 4633.71 1 1
4477.44 -4832.67 -8.50342 6588.89 -1 1
-840.176 1958.47 2528.2 3308.24 1 0
event 9
-1731.1 9141.47 -18676 21093.8
1922.52 -2435.31 1491.35 3444.14 1 0
-1832.04 3722.29 -10430.5 11225.8 -1 1
2124.15 -1710.56 4867.61 5580.58 -1 0
100.933 5419.18 -8245.53 9868.01 1 1
event 10
7998.78 -2899.93 21771.7 23579.4
-4462.09 -2392.19 29080.8 29518.4 -1 0
3270.39 -283.08 5218.14 6165.69 -1 1
4728.39 -2616.85 16553.5 17413.7 1 1
-2040.12 -261.265 8045.08 8304.5 1 0
event 11
5102.08 11751.9 -31228.3 33895.9
1340.38 6843.65 -17509.5 18847.5 1 1
3761.7 4908.21 -13718.8 15048.5 -1 1
-3597.14 -2965.25 -9965.52 11002.5 -1 0
-1975.08 -1861.62 -2555.71 3729.53 1 0
event 12
11868.6 -182.706 20440.2 23838.8
7697.12 -573.929 15807.9 17592 1 1
4171.44 391.223 4632.31 6246.87 -1 1
3670.33 791.443 3717.2 5284.55 1 0
5253.31 3767.54 9478.94 11474 -1 0
event 13
6298.4 4418.17 24408.7 25779.2
-1208.54 -6269.26 28187.3 28901.5 1 0
2456.3 2435.82 6593.73 7446.81 1 1
-1369.71 -2802.72 7108.3 7763.4 -1 0
3842.11 1982.35 17815 18332.4 -1 1
event 14
9199.37 12052.9 4896.58 16231.7
5915.59 5353.08 3072.9 8550.06 -1 1
3283.78 6699.82 1823.68 7681.65 1 1
-4359.3 -136.425 -4958.9 6604.84 -1 0
-2444.29 -387.046 -2586.97 3581.61 1 0
event 15
-67.3289 5438.83 -28021.7 28712.2
1001.79 3588.08 -22179.4 22490.3 -1 1
-1069.12 1850.75 -5842.32 6221.91 1 1
8951.11 564.786 -21738.6 23516.4 -1 0
3715.38 2170.42 -9222.33 10177.3 1 0
event 16
-12.9796 -8442.16 -10979.3 14191.7
-611.477 6130.38 -29147.6 29791.8 1 0
-1524.52 -4029.26 -5709.12 7152.92 -1 1
-317.895 2247.46 -12758.7 12959.5 -1 0
1511.54 -4412.89 -5270.21 7038.8 1 1
event 17
-17332.7 4988.18 33201.5 37910.9
-886.56 11163.9 19287.7 22303.4 1 0
-3704.61 1011.28 9974.89 10689.1 -1 1
-3167.06 16205.5 35486.6 39140.3 -1 0
-13628.1 3976.9 23226.6 27221.8 1 1
event 18
-5197.39 27436.1 56316.8 62935.9
-7687.62 1131.18 15601.3 17429.6 1 0
-1847.81 8941.54 21760.7 23598.8 -1 1
-2877.32 1893.36 5581.33 6559.44 -1 0
-3349.58 18494.6 34556 39337 1 1
event 19
7878.72 962.095 -576.613 8539.42
-3442.31 2587.47 10470.1 11321.6 -1 0
2476.06 1769.08 4.88807 3044.95 -1 1
-6005.69 5915.33 15667.7 17791.8 1 0
5402.66 -806.99 -581.501 5494.47 1 1
event 20
-18779.5 -10666.4 -93436.7 95950.2
-15585.4 -9710.85 -82349.8 84372.4 1 1
-3194.11 -955.542 -11086.9 11577.8 -1 1
1583.29 2465.13 -184.793 2937.52 -1 0
2950.27 4361.85 -2488.05 5825.06 1 0
event 21
-15342.7 -8903.08 -70245.9 72517.2
-8648.68 -4590.67 -44646.6 45707.8 1 1
-6694.01 -4312.41 -25599.3 26809.4 -1 1
9422.76 12421 -4889.11 16339.7 -1 0
1834.03 2653.64 -1416.26 3524.55 1 0
event 22
-9439.43 16325.4 -15509.5 24612.1
5183.37 -7075.39 5243.14 10219.1 1 0
-3646.23 6445.82 -4191.97 8510.43 -1 1
9031.88 -9116.48 4136.22 13483.5 -1 0
-5793.2 9879.56 -11317.5 16101.7 1 1
event 23
-1167.04 -8800.39 -11358.5 14745
594.294 -4708.74 -7359.35 8757.66 1 1
-1761.33 -4091.66 -3999.18 5987.36 -1 1
3380.07 5831.06 7960.54 10431.1 -1 0
2007.83 2410.02 5682.55 6491.7 1 0
event 24
3395.4 -11533.7 9428.98 15590.1
708.414 -7680.16 6026.68 9788.71 -1 1
2686.98 -3853.55 3402.3 5801.43 1 1
-7275.02 4428.23 -2273.06 8815.51 -1 0
-1588.04 1353.88 -523.1 2153.99 1 0
event 25
2919.27 -12130.3 9247.15 15835.7
-2593.91 2179.84 -133.687 3392.5 1 0
-177.7 -2229.07 568.958 2309.81 1 1
3096.97 -9901.26 8678.19 13525.8 -1 1
-8283.37 5963.68 -4940.52 11340.2 -1 0
event 26
8838.3 851.74 -15807.1 18392.9
5446.87 509.044 -6592.31 8567.22 -1 1
3391.43 342.697 -9214.81 9825.64 1 1
-9030.61 -6685.49 9485.6 14704.9 -1 0
-2699.59 -1114.95 1872.94 3471.31 1 0
event 27
4114.64 -5956.27 2615.81 8297.04
-518.311 3308.46 -2103.56 3956.09 1 0
2361.06 -1008.64 409.682 2602.11 1 1
-1924.45 8007.56 -1724.35 8414.81 -1 0
1753.58 -4947.63 2206.13 5694.93 -1 1
event 28
-6869.82 8849.77 3786.97 12224.7
1725.26 -5321.14 -4296.54 7054.25 -1 0
-1180.16 2813 -119.878 3054.71 -1 1
-5689.67 6036.78 3906.85 9170.04 1 1
1217.67 -2299.1 -2058.33 3319.11 1 0
event 29
-3248.7 -4399.88 -13013.5 14451.8
-3000.4 -2209.62 -5684.35 6797.63 1 1
-248.296 -2190.27 -7329.16 7654.19 -1 1
1690.05 6671.19 -24107.4 25070.7 1 0
1401.04 4650.61 -9678.15 10829.1 -1 0
event 30
1141.38 -13336.7 -13750.1 19437.7
1811.96 -7823.91 -9523.22 12457.9 1 1
-670.583 -5512.75 -4226.83 6979.78 -1 1
3279.65 4133.54 -10138.1 11429.5 -1 0
1792.38 2354.37 -9851.57 10286.9 1 0
event 31
17954.8 -5846.38 16953.7 25565.1
-2927.22 -1453.71 6053.64 6880.38 1 0
5683.97 -2352.78 7412.44 9633.2 -1 1
-2011.36 -2573.53 4402.14 5482.57 -1 0
12270.8 -3493.59 9541.31 15931.9 1 1
event 32
-13993.5 8270.53 225.228 16548.8
-9751.76 7043.07 972.697 12068.9 -1 1
-4241.76 1227.46 -747.469 4479.85 1 1
1682.45 -3378.03 -8211.86 9038.11 -1 0
2604.1 -649.212 -3299.06 4254.14 1 0
event 33
7025.71 -2501.45 -25068.7 26337.2
-3227.02 -354.647 -8619.52 9211.23 1 0
2470.76 -1121.68 -14411.2 14664.9 -1 1
4554.94 -1379.77 -10657.5 11672.4 1 1
-4489.73 265.796 -15457.8 16099.2 -1 0
event 34
4086.38 -6360.1 -908.689 8219.85
-4311.35 4522.36 -5244.83 8158.36 1 0
696.465 -3920.63 -628.632 4032.71 -1 1
-1008.61 1895.02 365.461 2180.17 -1 0
3389.92 -2439.47 -280.057 4187.14 1 1
event 35
14982.5 9527.48 -44254.6 47784
-2817.72 -1333.76 639.857 3184.19 1 0
4513.12 2690.44 -9631.09 10971.6 -1 1
-2790.86 243.56 1309.65 3094.28 -1 0
10469.4 6837.04 -34623.5 36812.4 1 1
event 36
-161.617 7227.69 5620.06 9666.54
-895.943 3834.47 4579.6 6040.68 -1 1
734.326 3393.22 1040.45 3625.86 1 1
-2469.87 -5659.96 -6791.07 9179.61 -1 0
-4545.91 -1013.8 -1132.16 4794.38 -1 0
event 37
-5272.22 9927.69 42211.5 43792.1
-1972.54 6595.91 22477.3 23508.2 -1 1
-3299.68 3331.78 19734.2 20283.9 1 1
-6930.01 1714.71 22259.6 23376.6 -1 0
-2663.72 1149.26 5792.42 6479.16 1 0
event 38
-25211.8 4401.64 -3521.83 26019.3
-14169 923.328 -2111.24 14355.5 -1 1
-11042.9 3478.31 -1410.59 11663.8 1 1
10599.1 2032.61 13866 17571.2 -1 0
6260.11 -12.5627 7233.14 9566.53 1 0
event 39
-3922.8 -6304.07 28200.7 29325.7
-2196.8 -4838.21 23673.1 24262.3 -1 1
-1726 -1465.86 4527.57 5063.38 1 1
3249.34 -5374.9 -2458.31 6745.54 1 0
-1787.83 5447.98 14430.4 15528.2 -1 0
event 40
-23653 -14640 23567.9 36590
-15284.4 -11106.5 15442.5 24401.8 -1 1
-8368.63 -3533.48 8125.36 12188.2 1 1
4545.57 -1139.8 -10586.4 11577.8 -1 0
800.885 -2107.72 2165.26 3127.85 -1 0
event 41
2653.17 10324.7 -13862.8 17759.7
282.771 6159.68 -6381.36 8874.37 1 1
2370.4 4165.02 -7481.46 8885.36 -1 1
4262.09 -60.6913 3243.32 5357.18 -1 0
4247.54 -2780.94 1778.76 5380.56 1 0
event 42
-5875.96 -9469.18 9650.51 15063.7
2807.69 -3477.04 554.574 4504.63 1 0
-3580.03 -3665.27 5752.97 7704.46 -1 1
44.5894 -2469.19 2120.74 3256.93 -1 0
-2295.92 -5803.91 3897.54 7359.26 1 1
event 43
-9699.33 -9315.85 15695.5 20995.8
-1070.62 3181.59 3435.31 4804.29 1 0
-2167.85 -386.819 1829.05 2864.58 -1 1
-7531.48 -8929.03 13866.4 18131.2 1 1
-769.255 10884.1 12719.1 16758.4 -1 0
event 44
3020.09 5515.92 1641.08 7199.33
1820.99 3001.93 2466.77 4292.28 -1 1
1199.1 2513.99 -825.688 2907.04 1 1
4965 2539.79 -2975.03 6321.69 -1 0
3286.31 3179.96 -1156.95 4718.23 1 0
event 45
3157.91 5183.17 637.562 6843.64
1109.58 3032.44 -1085.55 3408.29 1 1
2048.33 2150.73 1723.11 3435.35 -1 1
2614.38 3624.16 -2113.65 4944.52 -1 0
3850.62 2074.83 -1354.22 4580.09 1 0
event 46
4103.06 -10217.4 -12422.4 16886.1
-3049.73 1835.07 -2076.11 4121.86 1 0
1634.27 -2127.8 -4799.02 5499.1 1 1
2468.79 -8089.6 -7623.34 11387 -1 1
-5306.05 538.784 -467.402 5354.82 -1 0
event 47
1232.89 -7760.72 -26808.2 28107.3
-3664.56 1039.34 -6330.5 7388.88 -1 0
-843.804 -3148.94 -8234.67 8857.14 -1 1
-6737.58 2330.32 -12659.4 14529.2 1 0
2076.69 -4611.77 -18573.6 19250.2 1 1
event 48
9712.76 2913.74 2785.08 10962.4
-2242.01 -3389.05 22442.5 22807.6 -1 0
3035.33 2266.45 1747.52 4173.13 1 1
6677.44 647.293 1037.56 6789.32 -1 1
-1759.39 -2468.92 12989.5 13339 1 0
event 49
-18517.3 -2906.35 8790.58 20933.2
5554 -128.811 -9437.82 10952 1 0
-8429.44 -2571.84 5118.44 10192.1 1 1
4214.46 2658.38 -9555.82 10777.5 -1 0
-10087.8 -334.517 3672.14 10741.1 -1 1
event 50
-2087.84 -10648.2 10551.7 15449.1
-76.3207 3615.71 6890.74 7782.84 1 0
376.851 -4954.37 5769.33 7614.73 -1 1
-1187.78 2278.47 4032.77 4782.95 -1 0
-2464.69 -5693.84 4782.35 7834.32 1 1
event 51
11672.7 -1405.16 -41259.7 43013.7
6607.57 707.671 -23896 24803.1 -1 1
5065.15 -2112.83 -17363.7 18210.7 1 1
-626.539 3896.5 -11503.2 12161.8 -1 0
-1699.39 1999.6 -3212.61 4149.5 1 0
event 52
-5072.97 -3716.55 -12317.8 14172.7
2313.51 2156.94 -537.405 3210.09 1 0
-2435.56 -109.744 -5543.79 6057.13 1 1
3332.56 3145.23 -5102.58 6859 -1 0
-2637.41 -3606.81 -6773.96 8115.58 -1 1
event 53
-5648.68 -2502.56 8746.15 11147.1
-3413.48 -2796.2 4306.33 6166.54 1 1
-2235.2 293.637 4439.82 4980.51 -1 1
6917.45 -3343.58 -2511.41 8083.88 -1 0
5406.92 -2545.27 -4873.75 7712.19 1 0
event 54
-5090.26 10815.7 19368.5 22970
-3740.93 6937.56 9944.31 12689.6 1 1
-1349.33 3878.17 9424.21 10280.5 -1 1
3048.48 -1575.85 3095.13 4622.51 -1 0
2397.26 -1545.43 4481.68 5313.36 1 0
event 55
-6634.05 5522.13 -2878.9 9611.62
-3035.41 3473.23 -2935.98 5468.84 1 1
-3598.64 2048.9 57.0793 4142.78 -1 1
-3849.04 -10172.4 4801.7 11889.5 -1 0
-1997.88 -3356.64 1483.1 4179.63 1 0
event 56
-10236 9496.02 -4595.55 15022
-2978.49 -6553.66 3522.29 8014.96 1 0
-4233.6 2753.66 -400.834 5067.33 -1 1
-5084.37 -12916.9 7284.45 15677.1 -1 0
-6002.45 6742.36 -4194.72 9954.68 1 1
event 57
11913.7 10869.3 33532.6 37337.7
-4433.83 -2521.7 5619.55 7590.01 -1 0
2374.94 3095.1 5723.43 6927.4 1 1
9538.73 7774.15 27809.2 30410.3 -1 1
-1336.6 -2090.78 4739.94 5351.27 1 0
event 58
-8123.02 -5624.79 21228.7 23619.3
3051.71 1280.46 1395.5 3593.2 1 0
-1191.32 -2019.58 3186.06 3957.28 -1 1
-6931.7 -3605.2 18042.6 19662 1 1
5752.6 2384 3116.76 6964.28 -1 0
event 59
-13633.1 2523.55 75825.6 77144.9
-2020.43 -2259.23 4079.21 5083.05 1 0
-2228.9 -179.346 7713.97 8032.22 1 1
-11404.2 2702.89 68111.6 69112.7 -1 1
-4330.11 -6302.55 13733 15718.8 -1 0
event 60
-3690.43 7818.53 3815.89 9944.87
745.636 -3148.37 -502.728 3275.99 1 0
-2277.62 1563.27 1307.43 3058.09 1 1
-1412.81 6255.26 2508.46 6886.79 -1 1
1877 -5163.47 -1742.25 5764.64 -1 0
event 61
6850.19 10277.5 5127.61 13727.2
-4623.74 -3155.54 -13202.2 14340.3 1 0
1748.7 1105.38 61.0555 2072.37 -1 1
5101.49 9172.12 5066.56 11654.8 1 1
-7893.38 -2536.49 -21067.2 22640.2 -1 0
event 62
1751.03 10116.6 15861.9 19146.8
-19703.4 7416.22 39955.4 45162.7 1 0
2026.38 3302.14 5101.71 6406.94 1 1
-2834.41 1995.74 6350.27 7235.6 -1 0
-275.351 6814.44 10760.2 12739.9 -1 1
event 63
1679.16 9954.02 13795 17372.3
-4887.11 1569.33 9442.03 10747.5 1 0
1608.67 3077.81 6339.12 7228.86 -1 1
-14179.5 6015.97 28227.7 32156.9 -1 0
70.4914 6876.21 7455.92 10143.4 1 1
event 64
20825.5 17226.6 -48154.2 55307.1
13507.1 10310.9 -32892.9 37023.1 1 1
7318.4 6915.66 -15261.3 18284 -1 1
-8230.74 -48.0366 -6406.94 10431.1 -1 0
-4331.84 66.301 -5130.19 6715.6 1 0
event 65
15177.4 9734.75 -33366.6 38053.1
-6245.81 -280.962 -5795.24 8525.55 1 0
2042.6 2492.61 -7271.79 7954.59 -1 1
13134.7 7242.14 -26094.8 30098.5 1 1
-9398.93 -1716.89 -9439.89 13431.7 -1 0
event 66
11129.5 -2421.68 37582 39392
-3735.26 666.847 3530.96 5184.18 1 0
3297.8 672.274 9864.14 10423 1 1
7831.68 -3093.96 27717.9 28968.9 -1 1
-7039.82 2146.97 5413.62 9137.12 -1 0
event 67
-8074.69 -3775.65 -4264.15 10355.2
4125.83 -759.988 -12685.5 13361.6 1 0
-2723.48 -2822.6 -1144.5 4087.23 -1 1
9142.84 1604.94 -28443.3 29919.9 -1 0
-5351.21 -953.052 -3119.65 6267.94 1 1
event 68
5116.84 -34603.7 -11036.2 36810.1
4877.56 -23202.9 -7666.74 24919 -1 1
239.279 -11400.8 -3369.47 11891.2 1 1
-2226.23 2770.19 2860.07 4563.02 -1 0
-221.367 3366.14 5280.55 6267 1 0
event 69
21926.6 38160.8 -39764.6 59395.6
18839.7 31581.2 -31842.2 48644 1 1
3086.86 6579.63 -7922.46 10751.6 -1 1
187.448 -3938.08 5331.01 6631.33 -1 0
-797.158 -2142.16 3936.48 4553.17 1 0
