event 0
1143.43 -10095.8 -23168.9 25487.7
2771.67 3343.61 -422.071 4364.77 -1 0
1889.3 -3901.68 -8354.95 9413.23 1 1
-745.872 -6194.09 -14814 16074.5 -1 1
2931.7 82.6864 483.565 2974.34 1 0
event 1
-7245.84 1421.85 1045.23 8075.12
-3873.91 2042.64 1465.24 4619.27 -1 1
-3371.93 -620.792 -420.011 3455.85 1 1
2047.29 -4359.53 -12195.4 13112.4 -1 0
3110.73 -3381.6 -9314.64 10386.8 1 0
event 2
0 0 0 0
2532.28 4118.9 6249.5 7902.23 1 0
673.285 2508.78 6840.96 7318.27 -1 0
4116.83 4661.43 12427.9 13897.6 1 0
4042.38 3091.54 6981.16 8639.8 -1 0
event 3
-15142 -12938.2 33345.3 38963.8
10927.5 6614.85 -4044.09 13398.9 -1 0
-7434.62 -4454.28 13384.2 15945.6 -1 1
-1943.25 -880.817 -9160.63 9406.4 1 0
-7707.4 -8483.88 19961.1 23018.2 1 1
event 4
6433.88 6438.14 19681.6 21904.4
-5380.21 -2040.11 987.156 5839.04 -1 0
1281.87 3121.19 8639.68 9275.79 1 1
5152.01 3316.95 11041.9 12628.6 -1 1
-1440.84 -1596.88 -510.016 2212.99 1 0
event 5
-7502.69 -10606.8 -9698.82 16506.1
2252.94 3224.78 6050.29 7217.49 1 0
-1408.92 -3989.12 -2072.83 4712.32 1 1
-857.392 2870.27 6006.94 6713.27 -1 0
-6093.77 -6617.65 -7626 11793.8 -1 1
event 6
-9590.01 -3398.93 -9711.3 14402
-4991.17 -3152.96 -6529.91 8803.62 1 1
-4598.85 -245.961 -3181.4 5598.42 -1 1
6606.98 -2094.75 -5954.2 9138.04 -1 0
3238.68 -349.945 -4717.82 5734.15 1 0
event 7
12984.6 1201 -737.872 13423.1
-3980.86 46.3637 -9903.09 10673.9 1 0
5341.54 -1009.59 -62.8566 5437.5 -1 1
-2236.16 706.583 -2185.01 3207.04 -1 0
7643.03 2210.59 -675.015 7985.58 1 1
event 8
-4825.48 10127.5 -14199.8 18359.6
1734.21 -7000.03 4954.91 8750.44 -1 0
-71.6314 3095.09 -3063.44 4356.67 1 1
-4753.85 7032.42 -11136.3 14003 -1 1
-89.0227 -2266.29 935.762 2455.77 1 0
event 9
8737.46 8664.78 5007.64 13641.4
5665.93 4611.76 4374.25 8515.65 -1 1
3071.52 4053.02 633.389 5125.78 1 1
2.4195 -8104.05 -5095.41 9573.4 -1 0
-1086 -2688.7 -1423.59 3232.07 1 0
event 10
11465.5 -12268.3 -35965.8 39813.3
370.186 3148.81 -9671.21 10178.2 1 0
4903.37 -5234.23 -19012.6 20320.7 -1 1
731.67 2826.4 -7107.77 7684.76 -1 0
6562.12 -7034.02 -16953.2 19492.6 1 1
event 11
6705.02 -8739.39 -23899.6 26497.4
720.411 5422.39 -14469.8 15469.6 -1 0
1558.64 -4381.31 -8604.2 9781.04 1 1
5146.38 -4358.09 -15295.4 16716.4 -1 1
1147.53 6229.95 -19742.1 20733.8 1 0
event 12
3714.38 7964.85 -36294.6 37471.6
-2758.96 -2906.44 -371.933 4026 1 0
-214.833 2105.08 -11457.7 11651.9 1 1
-3614.39 -10877.1 -2631.47 11760.6 -1 0
3929.21 5859.78 -24836.9 25819.7 -1 1
event 13
-8605.82 -12146.9 -3042.02 15506.5
4823.52 2488.26 -8529.02 10110.1 1 0
-2753.12 -2950.82 -2137.35 4567.98 -1 1
-5852.7 -9196.12 -904.666 10938.6 1 1
4298.97 3861.38 -11748.8 13093.4 -1 0
event 14
11770.5 10092.9 33375.5 36931.4
-1415.98 -4773.19 27003.5 27458.9 -1 0
3455.09 1259.9 7634.94 8475.16 -1 1
8315.42 8833.02 25740.6 28456.2 1 1
200.524 -2460.75 12410.5 12654.1 1 0
event 15
6697.18 -13416 -64009.1 65814.8
-2676.39 5210.73 1112.46 5963.51 1 0
2221.49 -3877.5 -25568.6 25956.4 -1 1
4475.68 -9538.52 -38440.5 39858.4 1 1
-707.36 -1892.92 2298.8 3062.54 -1 0
event 16
11551.4 -23742.3 -5513.33 27149.9
8702.69 -15714.7 -2623.55 18154.4 -1 1
2848.67 -8027.62 -2889.78 8995.53 1 1
3797.9 23431.8 18069.1 29832.5 -1 0
448.913 3273.3 2512.06 4151.82 1 0
event 17
9931.96 -18277.1 -3785.6 21368.6
5093.14 -12041.9 -1561.42 13168 -1 1
4838.83 -6235.18 -2224.19 8200.61 1 1
2569.77 22645.5 17264.4 28591.9 -1 0
1682.96 7064.97 5837.99 9318.77 1 0
event 18
-5430.15 6156.27 2834.34 9220.2
-2149.22 4257.96 572.894 4805.08 1 1
-3280.93 1898.32 2261.44 4415.13 -1 1
1973.03 5335.69 2234.36 6112.77 -1 0
-62.0054 2124.74 1077.18 2385.34 1 0
event 19
-15582.9 11137.8 3705.52 19753.4
-10314.1 6009.31 3317.09 12389.8 -1 1
-5268.76 5128.49 388.425 7363.65 1 1
19856.6 -66894.2 -25135.9 74168.3 -1 0
777.939 -4505.68 -1924.14 4961.84 1 0
event 20
-15134.5 10899.4 3499.87 19227.3
2514.23 -10392.9 -4968.27 11791 1 0
-2541.68 565.997 269.71 2619.99 1 1
13864.2 -44103 -15869.8 48878.9 -1 0
-12592.8 10333.4 3230.16 16607.3 -1 1
event 21
12806 1739.49 26642.3 29772.8
7714.52 1425.35 19281 20816.2 1 1
5091.52 314.143 7361.26 8956.65 -1 1
-3262.24 1989.38 -1370.39 4060.66 -1 0
-7256.87 -322.117 -2155.55 7577.83 1 0
event 22
2166.26 -7627.86 25536.5 26918.1
-2594.75 -3169.3 3763.4 5563.41 1 0
646.557 -3466.67 16248.6 16627.2 1 1
-4816.54 -3248.06 3596.42 6833.32 -1 0
1519.71 -4161.2 9287.91 10290.8 -1 1
event 23
104.723 -11506 -34681.7 36671.7
901.543 6303.62 1157.23 6472.92 -1 0
1334.82 -3719.44 -13649.3 14210.2 -1 1
-1230.09 -7786.53 -21032.4 22461.5 1 1
747.654 3655.22 -67.1062 3732.99 1 0
event 24
-10595.8 4239.57 -6793.06 13637.5
4556.66 -1329.81 1613.31 5014.53 1 0
-2458.55 2423.52 -1532.16 3778.43 -1 1
-8137.24 1816.05 -5260.9 9859.06 1 1
4926.09 -3659.3 3690.61 7161.61 -1 0
event 25
-10805.3 -6213.98 23495.8 26777.1
2098.95 3336.92 16542 17005.6 1 0
-1320.23 -2084.26 3854.6 4577.8 1 1
-9485.03 -4129.72 19641.2 22199.3 -1 1
5737.3 3806.41 20365.8 21498.4 -1 0
event 26
7154 1111.52 -7128.28 10621.6
4090.76 1764.79 -2747.79 5235.49 -1 1
3063.24 -653.273 -4380.49 5386.1 1 1
-1109 -6367.64 17418.8 18579.6 -1 0
-2153.42 -5730.14 18289.9 19287.4 1 0
event 27
6522.86 -396.205 -5508.59 9090.65
-1177.28 -3195.55 10144 10700.9 1 0
2629.67 1338.61 -2547.35 3899.64 1 1
-6230.47 -13351.7 45178.5 47520.4 -1 0
3893.18 -1734.82 -2961.24 5191.01 -1 1
event 28
-16945.3 6820.01 7389.78 19946.3
-9740.83 3711.01 5835.33 11946.5 1 1
-7204.48 3109 1554.45 7999.86 -1 1
-1344.49 5602.02 10463.1 11944.8 -1 0
-1250.62 3596.82 5589.12 6763.92 1 0
event 29
4578.99 -8472.6 -8573.96 13410.9
-4837.27 -1643.18 569.184 5141.44 -1 0
3048.95 -2221.69 -2283.02 4410.82 1 1
-7907.75 -3132.43 -2013.89 8741.37 1 0
1530.04 -6250.91 -6290.94 9000.11 -1 1
event 30
1722.94 7193.84 -18939.9 20567.7
-422.633 4029.15 -11659 12343.3 1 1
2145.58 3164.69 -7280.82 8224.37 -1 1
-2103.07 -6544.77 481.351 6892.01 -1 0
-1439.2 -2785.9 -653.697 3204.84 1 0
event 31
4637.43 9179.1 -14934.4 18395.3
1927.13 -7206.46 8088.99 11004.1 1 0
2824.43 3066.43 -7660.01 8721.66 -1 1
834.26 -2282.98 5421.49 5942.36 -1 0
1813 6112.67 -7274.39 9673.66 1 1
event 32
7859.41 960.582 15392.6 17584.6
4150.96 -887.604 6370.61 7655.98 1 1
3708.45 1848.19 9022.02 9928.57 -1 1
-2861.61 -2177.08 17415.2 17782.8 -1 0
-1703.69 -2962.84 19688.2 19982.9 1 0
event 33
12165.6 -3670.36 17876.5 22150.2
-4389.47 -1207.57 5934.14 7480.03 -1 0
2250.29 -920.865 1664.98 2948.74 1 1
9915.29 -2749.49 16211.5 19201.5 -1 1
-5765.33 -2407.26 7310.03 9616.74 1 0
event 34
-5469.22 5972.77 25623.4 27050.6
-2315.61 -2653.39 12490 12977.4 -1 0
-2242.25 2511.72 15685.1 16042.7 -1 1
-3226.97 3461.05 9938.31 11007.9 1 1
-3476.68 -2367.73 23583.7 23956.2 1 0
event 35
7953.56 -3581.81 36504.5 37712.8
4548.11 -1815.34 27369.9 27804.8 -1 1
3405.45 -1766.48 9134.55 9908.01 1 1
-1553.33 1718.16 2508.45 3415.9 -1 0
-4702.4 -631.33 5172.09 7019.46 1 0
event 36
2068.19 -15877.1 20143.4 25917.4
-46.7403 -9591.83 10604.9 14299.7 1 1
2114.93 -6285.32 9538.47 11617.7 -1 1
-5665.66 10362.8 6249.36 13362.4 -1 0
102.026 2736.72 1801.22 3279.57 1 0
event 37
3488.51 10333.7 -23971.1 26517.2
3427.18 5416.73 -13049.3 14539 1 1
61.3358 4916.97 -10921.8 11978.2 -1 1
3925.62 -380.968 -22616.7 22958.3 -1 0
2492.62 -217.905 -9959.31 10269.4 1 0
event 38
1795.27 10696.5 17016.3 20415.3
-196.698 7541.78 11201.5 13505.7 1 1
1991.96 3154.74 5814.72 6909.59 -1 1
5618.56 -15368.4 15854.8 22784.7 -1 0
285.439 -2993.99 2495.33 3909.39 1 0
event 39
-128.66 12525.8 -37223.6 39396.7
-932.291 8256.49 -20558.8 22174.6 1 1
803.631 4269.36 -16664.8 17222 -1 1
10860.9 -707.404 -46703.5 47955 -1 0
2244.22 -709.91 -11696.3 11931.3 1 0
event 40
3324.41 -10076.2 19620 22519.2
700.426 3721.45 3792.05 5360.09 -1 0
348.941 -2157.82 6935.25 7272.33 -1 1
2975.47 -7918.37 12684.7 15246.9 1 1
829.181 4883.21 5393.46 7323.51 1 0
event 41
2802.69 -10964 23818.9 26551.8
1178.89 5599.7 4839.94 7495.5 -1 0
-248.193 -3807.85 6041.86 7146.79 -1 1
3050.88 -7156.18 17777.1 19405 1 1
717.176 2866.39 2742.42 4032.69 1 0
event 42
8068.25 7084.42 40265.5 41787.4
-2703.31 -2163.11 3951.34 5254.64 1 0
2081.22 837.959 12654.6 12852.3 1 1
-6974.69 -6088.09 4534.35 10309.3 -1 0
5987.03 6246.46 27611 28935.1 -1 1
event 43
-1960.96 8570.63 28921 30386.1
296.99 5411.88 17726.3 18536.7 -1 1
-2257.95 3158.76 11194.7 11849.4 1 1
1905.13 16046.9 56833.7 59086.5 -1 0
538.691 3456.6 12026.1 12525 1 0
event 44
3026.34 -5687.18 11489.4 13531.4
3110.29 -3549.63 9500.02 10608.3 -1 1
-83.9561 -2137.55 1989.37 2923.17 1 1
-8615.22 -3809.01 12462.5 15622.3 1 0
-4871.64 -917.652 8773.1 10077.4 -1 0
event 45
4703.54 -10348.2 -65639.7 66688.6
-4202.83 2079.69 -6498.34 8014.27 1 0
480.085 -4562.32 -23403.5 23849.1 1 1
-11436.1 9306.75 -22443.8 26854 -1 0
4223.46 -5785.86 -42236.2 42839.5 -1 1
event 46
-13311 -6376.02 -79468.9 80887.1
-6581.44 -4722.26 -39556.4 40377.4 1 1
-6729.54 -1653.77 -39912.4 40509.7 -1 1
997.402 2371.17 -4302.76 5014.19 -1 0
4226.53 5641.01 -15118.1 16680.9 1 0
event 47
-11747.1 -7317.82 -71375.8 72771.2
4003.88 3885.84 -15369.3 16351.1 -1 0
-1893.15 -2643.86 -14754.5 15109 1 1
-9853.97 -4673.96 -56621.3 57662.2 -1 1
5925.85 7027.69 -16126.3 18562.7 1 0
event 48
14494.1 -5842.74 -25985.2 30480.2
-7282.8 523.641 17545.8 19004.7 1 0
4102.76 -3147.76 -7687.98 9265.92 1 1
10391.4 -2694.98 -18297.2 21214.2 -1 1
-7675.54 -1659.74 25737.3 26908.9 -1 0
event 49
6635.36 -10730.7 21138.1 24811
5183.57 -6658.28 16049.9 18133.2 -1 1
1451.79 -4072.39 5088.18 6677.79 1 1
1575.51 1357.02 -231.502 2094.87 1 0
437.124 4656.19 20495.7 21022.7 -1 0
event 50
6404.83 14084.9 70511.3 72255.4
-934.247 -4694.74 -7213.66 8658.02 -1 0
472.186 3255.16 19130 19411 1 1
5932.65 10829.7 51381.3 52844.4 -1 1
650.866 -2365.86 -3910.13 4617.49 1 0
event 51
5080.15 11610.2 63724.5 65046.2
654.805 -3227.83 -4825.61 5843.4 1 0
355.04 4139.55 23111.4 23482.1 -1 1
-647.012 -2529.02 -4884.17 5539.03 -1 0
4725.11 7470.7 40613.2 41564.1 1 1
event 52
-11504.8 -6646.15 -38650.7 40987.8
-2828.09 2058.88 -6065.02 7002.34 1 0
-4455.89 -3156.2 -20307 21028.6 1 1
1137.8 1690.4 -5088.6 5482.44 -1 0
-7048.95 -3489.96 -18343.7 19959.2 -1 1
event 53
-2268.32 -12064.5 -9493.8 15824.6
-466.429 -8456.66 -7549.9 11346.6 1 1
-1801.89 -3607.8 -1943.9 4478.05 -1 1
-5808 6672.54 -8909.41 12555.6 -1 0
-1658.39 2236.93 -1590.4 3208.53 1 0
event 54
2620.06 -9664.43 43159.7 44459.1
3024.86 -5088.84 20481.9 21320.5 -1 1
-404.798 -4575.58 22677.8 23138.6 1 1
1182.41 3386.82 5471.68 6543.63 -1 0
775.26 2065.45 4310.72 4843.61 1 0
event 55
-5954.73 6093.24 -4782.93 10249.5
2651.08 -5312.03 -432.044 5953.46 -1 0
-3717.9 1720.17 -1620.66 4406.76 -1 1
-224.139 -2445.4 -10255.5 10545.9 1 0
-2236.83 4373.07 -3162.26 5842.79 1 1
