event 0
11439.6 -6641.51 19032.4 23383.7
-4016.48 -695.997 5784.48 7077.28 1 0
1152.6 -1951.67 3531.02 4197.23 -1 1
10287 -4689.84 15501.4 19186.5 1 1
-5132.45 1209.51 6795.51 8602.03 -1 0
event 1
8834.39 -6192.22 18756.8 21858.6
-3163.87 -408.892 3166.24 4495.95 1 0
2618.24 -622.84 3029.59 4053.73 1 1
6216.15 -5569.38 15727.2 17804.9 -1 1
-6604.85 141.387 5704.03 8728.75 -1 0
event 2
3806.23 -6879.71 28552 29776.3
597.971 -4259.43 14065.4 14708.7 1 1
3208.26 -2620.28 14486.6 15067.6 -1 1
-1105.03 3511.26 18477.1 18840.5 -1 0
-1884.02 905.258 12223.9 12401.8 1 0
event 3
2509.94 33261 -6080.15 34046.3
-350.515 -9754.56 12538.7 15890.4 1 0
253.73 3109.16 -1507.32 3466.18 1 1
2256.21 30151.8 -4572.83 30580.1 -1 1
620.734 -13088.9 18416.7 22602.9 -1 0
event 4
5114.96 -5838.72 -5521.06 10016.3
-4459.8 312.548 -6316.1 7738.98 1 0
2753.6 -986.191 -1523.4 3299.51 -1 1
-6372.3 120.862 -11549.9 13192.1 -1 0
2361.36 -4852.53 -3997.66 6716.81 1 1
event 5
-13731.7 -7693.92 -20789.2 26334.9
-8235.32 -2530.51 -10675 13718.3 1 1
-5496.35 -5163.41 -10114.1 12616.6 -1 1
2396.88 2916.62 -100.998 3777.97 -1 0
1657.03 1765.26 1600.99 2904.52 1 0
event 6
-4262.35 -8370.6 -3516.21 10497.1
-2125.58 4025.68 -1956.4 4956.09 -1 0
-2781.63 -2231.52 -1459.51 3854.67 1 1
-1480.72 -6139.07 -2056.7 6642.44 -1 1
-1340.17 1955.99 -2597.38 3518.45 1 0
event 7
5687.52 -1689.73 18083.4 19282.2
4578.59 1.29129 13888.5 14624.2 -1 1
1108.94 -1691.03 4194.9 4658.07 1 1
-6341.65 6269.24 28276.3 29649.3 1 0
-1870.74 5275.87 17131.6 18023.2 -1 0
event 8
5114.88 -5361.1 -19917.2 21475.3
2981.61 -2804.06 -14902.4 15454.7 -1 1
2133.27 -2557.04 -5014.78 6020.67 1 1
-6518.89 16922.2 13369.1 22530 1 0
-5029.37 13522.2 7593.4 16303.9 -1 0
event 9
-13947 -10084.4 -6456.91 18641.2
-11972.6 -7592.09 -4366.02 14834.3 -1 1
-1974.36 -2492.32 -2090.89 3806.94 1 1
2115.66 958.083 -3042.07 3828.74 -1 0
4624.59 1956.6 -7648.32 9150.04 1 0
event 10
9864.66 -6921.44 4878.87 13364.6
-4949.62 8121.36 -16761.5 19272.1 1 0
1172.9 -2265.9 647.629 2634.5 -1 1
-6547.62 9289.77 -21175.5 24033 -1 0
8691.76 -4655.54 4231.25 10730.1 1 1
event 11
772.01 7827.78 9821.26 12958.3
-825.772 4103.7 6429.41 7672.72 -1 1
1597.78 3724.09 3391.85 5285.6 1 1
-2374.18 -5624.53 -885.765 6169.91 -1 0
-557.116 -2715.98 -2128.19 3496.76 1 0
event 12
-6947.44 -888.987 17939.4 19505.7
-4396.45 204.518 7438.84 8643.96 1 1
-2550.99 -1093.5 10500.6 10861.7 -1 1
3264.08 -4465.92 6143.47 8267.52 -1 0
4200.72 -3598.32 6963.64 8893.67 1 0
event 13
5607.82 -5968.19 8794.77 12409.8
-4963 -2029.96 10481.7 11774.1 -1 0
3023.53 -1084.8 2884.54 4318.59 -1 1
2584.29 -4883.39 5910.24 8091.23 1 1
-2387.3 1123.93 6176.5 6717.34 1 0
event 14
7203.43 -8887.35 -17435.3 21082.1
-1930.26 4644.54 -6303.41 8064.85 1 0
1953.25 -2261.33 -7267.13 7858.19 1 1
5250.18 -6626.02 -10168.2 13223.9 -1 1
-3432.23 3886.42 -3975.07 6534.28 -1 0
event 15
7787.67 -2503.17 37344.8 38407.5
4099.64 -2985.54 17658.5 18372.7 1 1
3688.03 482.368 19686.3 20034.9 -1 1
5881.33 -7765.56 49938.1 50879.4 -1 0
4560.19 -3964.95 32617.8 33173 1 0
event 16
-4739.42 7057.21 -10581.9 13922.4
1577.9 -4379.62 -3733.17 5968.13 -1 0
-940.076 4077.56 -4331.43 6023.51 -1 1
-3799.35 2979.65 -6250.5 7898.94 1 1
-382.597 -2343.21 -2629.77 3544.55 1 0
event 17
-9337.63 -4825.57 -8819.88 14066.2
4205.9 1306.04 -623.208 4449.14 -1 0
-1632.77 -1684.71 -3412.32 4142.38 -1 1
-7704.86 -3140.85 -5407.56 9923.84 1 1
5158.65 451.634 522.936 5205.79 1 0
event 18
-4953 -8799.07 -30477.6 32255.7
-3952.78 1073.2 -20304.4 20713.6 1 0
-2441.84 -2837.37 -7476.15 8361.65 1 1
-2511.16 -5961.7 -23001.4 23894 -1 1
-4653.55 495.542 -21045 21559.3 -1 0
event 19
12008.2 2924.14 -22879.4 26187.9
8892.14 869.518 -14813.6 17299.7 -1 1
3116.07 2054.62 -8065.88 8888.25 1 1
7399.47 6651.51 -16478.2 19249.4 -1 0
7773.8 4851.6 -15841.7 18301.4 1 0
event 20
-8257.25 5241.44 20375.2 22812.1
3150.85 -5011.23 270.498 5926.6 -1 0
-2594.65 2109.45 10368.8 10895.2 -1 1
-5662.6 3131.99 10006.4 11917 1 1
798.396 -1927.02 -1344.24 2483.75 1 0
event 21
-6838.29 9621.11 -44967.4 46593.8
1499.65 -4106.28 -2294.26 4938.14 1 0
-3122.27 4638.87 -27236.3 27804.6 1 1
547.813 -3540.75 -710.677 3654.21 -1 0
-3716.02 4982.24 -17731.1 18789.2 -1 1
event 22
-6144.69 7956.78 -45822.3 47014.3
-3925.73 3763.98 -18505.4 19288.3 1 1
-2218.97 4192.8 -27316.9 27725.9 -1 1
4412.42 -8070.45 -3805.15 9954.5 1 0
501.487 -6765.28 -3518.5 7642.74 -1 0
event 23
4236.57 -11968.8 4207.86 13729.4
235.331 6244.23 -8711.17 10721.1 -1 0
510.1 -5289.97 2583.14 5909.97 1 1
3726.47 -6678.78 1624.73 7819.44 -1 1
390.582 3002.91 -5261.17 6071.33 1 0
event 24
3050.45 -5077.23 -12786.5 14428.1
-2763.33 1704.82 -752.895 3334.73 1 0
501.699 -1938.29 -1706.52 2632.88 1 1
-3574.14 3049.5 612.199 4739.18 -1 0
2548.76 -3138.94 -11080 11795.2 -1 1
event 25
-3397.48 22486.4 -12843.5 26300.7
-3782.41 5902.08 -5071.22 8652.72 -1 0
379.808 5538.07 -2499.65 6088.84 1 1
-3777.29 16948.3 -10343.8 20211.8 -1 1
-2161.1 3020.7 -1236.64 3916.04 1 0
event 26
-10034.7 9076.63 -8953.82 16517.9
838.453 3279.2 -2696.38 4328.72 1 0
-626.439 1924.77 -1743.7 2673.73 -1 1
-9408.28 7151.86 -7210.12 13844.2 1 1
4495.16 8797.45 -11271.2 14988.4 -1 0
event 27
-8919.82 10916.4 10801.9 18027.8
2743.32 -1343.46 2.01373 3056.45 1 0
-3739.05 2377.59 2970.67 5335.68 1 1
2565.32 -497.67 1330.79 2934.4 -1 0
-5180.77 8538.78 7831.22 12692.1 -1 1
event 28
1499.92 -9820.35 327.941 10410.9
899.907 -6762.05 -1218.01 6930.36 -1 1
600.016 -3058.3 1545.95 3480.57 1 1
2764.5 814.979 3803.08 4772.96 -1 0
2788.61 3484.78 9402.7 10408.7 1 0
event 29
7768.8 -8460.91 -11814 16766.1
-4341.14 -1639.35 13048.5 13849.4 1 0
2885.29 -1581.58 -4652.49 5699.4 -1 1
4883.51 -6879.33 -7161.47 11066.7 1 1
1004.87 2185.79 -1477.68 2825.27 -1 0
event 30
-6108.86 651.604 11858.2 13709.5
-3472.75 -848.497 4486.87 5737.87 1 1
-2636.12 1500.1 7371.3 7971.61 -1 1
-2555.51 7802.1 23160.1 24572.4 1 0
-3448.89 3739.12 11348.8 12437.1 -1 0
event 31
-2068.06 -10141.7 1253.93 10876.3
758.882 3662.79 9007.09 9753.5 1 0
-1344.82 -3985.59 1950.84 4637.93 -1 1
1192.43 3544.76 11958.4 12530.1 -1 0
-723.239 -6156.12 -696.908 6238.41 1 1
event 32
5367.89 -16348.8 -13422.6 22042.1
1887.49 -8492.95 -5131.12 10101.1 -1 1
3480.4 -7855.84 -8291.49 11941 1 1
3553.47 -7972.56 -7440.91 11470.3 -1 0
2207.45 -3880.86 -5779.5 7303.95 1 0
event 33
-2351.75 6207.59 -852.958 7374.51
38.4586 -4065.12 21290.1 21675 -1 0
414.256 3205.13 -545.858 3279.27 -1 1
-2766.01 3002.46 -307.1 4095.24 1 1
-1667.88 -1295.89 7193.46 7497.88 1 0
event 34
-8951.12 -4874.11 -6135.83 12293.1
-5109.47 -1410.71 -1988.09 5662.19 -1 1
-3841.66 -3463.4 -4147.75 6630.87 1 1
2957.54 3207.53 1089.77 4498.23 -1 0
2108.44 1321.11 1380.42 2847.38 1 0
event 35
-22758.4 -1603.92 -7363.35 24172.9
3918.46 -4631.15 7897.71 9959.26 -1 0
-4118.85 846.363 -984.057 4319.81 1 1
-18639.6 -2450.28 -6379.3 19853.1 -1 1
1566.98 -1263.54 2759.17 3417.04 1 0
event 36
-20710.6 -1729.51 -5942.07 21836.2
-17906.3 -415.505 -4956.69 18584.6 1 1
-2804.32 -1314 -985.381 3251.61 -1 1
1466.08 -1769.37 1989.15 3041.04 -1 0
3419.31 -3858.51 11645.6 12736.2 1 0
event 37
-9367.68 -9071.45 46816 48696.8
3520.8 2722.63 6386.61 7785.16 1 0
-3072.67 -1236.79 10092.7 10622.8 1 1
-6295.02 -7834.66 36723.4 38073.9 -1 1
2567.11 6700.24 11409.6 13478.6 -1 0
event 38
10543.8 -2093.38 -8209.75 13876
74.1179 -3123.1 -7753.04 8359.42 1 0
2400.87 28.4112 -483.069 2451.43 1 1
8142.91 -2121.8 -7726.68 11424.6 -1 1
1628.93 -7071.57 -17155.4 18627.4 -1 0
event 39
9892.64 -2638.21 -8819.89 13863.8
490.045 -4315.38 -11243.2 12053.4 1 0
3119.42 -2312.99 -2720.93 4742.92 1 1
1866.95 -8670.73 -25709.2 27196.4 -1 0
6773.22 -325.212 -6098.96 9120.9 -1 1
event 40
7373.29 -16342.9 -2499.37 18365.6
-5082.66 -662.35 68.1186 5127.17 1 0
3700.81 -5699.52 -2042.1 7096.61 1 1
-4652.26 -1208.06 -761.47 4867.64 -1 0
3672.48 -10643.4 -457.272 11269 -1 1
event 41
-4988.85 -9456.58 8114.07 13775
-2877.23 3842.62 6107.24 7768.77 -1 0
-707.655 -4590.36 3217.38 5651.09 1 1
-4281.19 -4866.22 4896.69 8123.88 -1 1
229.484 2312 1198.09 2616.22 1 0
event 42
-617.823 12784.5 5153.54 14281.9
488.945 -5672.63 -13973.8 15089.6 1 0
-1957.64 5822.32 3200.04 6926.99 1 1
-292.944 -2898.73 -4399.58 5277.87 -1 0
1339.82 6962.23 1953.5 7354.93 -1 1
event 43
10154 -3347.02 12188.8 16506.5
-4009.98 2957.89 -9212.35 10474.1 -1 0
4394.09 -1514.62 3089.05 5581.71 -1 1
5759.89 -1832.4 9099.74 10924.8 1 1
-2091.34 239.027 -5329.78 5731.37 1 0
event 44
-6506.41 -4252.37 -18973.8 20832.8
-3459.62 -2509.72 -5839.93 7237.65 -1 1
-3046.79 -1742.65 -13133.9 13595.2 1 1
3337.1 7810.51 -37263.5 38219.4 -1 0
1240.75 2344.04 -6667.83 7176.71 1 0
event 45
-3756.49 -10864.7 7930.92 14305.3
-3393.14 -5278.61 3677.72 7274.19 1 1
-363.346 -5586.07 4253.2 7031.16 -1 1
3920.18 -351.222 -890.45 4036.74 -1 0
2124.7 26.9508 113.563 2130.52 1 0
event 46
-5737.54 -11308.6 8384.07 15514.1
4168.07 2126.16 -42.4759 4680.42 -1 0
-968.738 -4103.3 1535.87 4488.38 -1 1
-4768.8 -7205.32 6848.2 11025.7 1 1
2818.15 345.275 923.731 2987.58 1 0
event 47
-3663.88 5874.64 -36647.4 37424.1
1342.37 -3327.31 -2565.2 4411.84 1 0
-2773.95 1607.04 -14327.7 14682.4 -1 1
1595.83 -7043.54 -5353.88 8990.74 -1 0
-889.937 4267.6 -22319.7 22741.7 1 1
