event 0
-5790.37 -5163.79 1856.19 8557.53
2610.8 2035.84 8614.05 9228.97 1 0
-2046.14 -191.222 949.783 2266.39 -1 1
10437.9 9773.15 31075.8 34207.9 -1 0
-3744.23 -4972.57 906.408 6291.14 1 1
event 1
-4233.07 12409.1 -6938.18 15153.7
-3849.52 9063.14 -6392.36 11740.2 -1 1
-383.55 3345.95 -545.819 3413.44 1 1
2062.96 -1795.07 4328.59 5121.12 -1 0
4436.37 -1675.98 3274.34 5763.92 1 0
event 2
14500.1 3885.91 -3613.44 15748
9544.72 4048.83 -2482.42 10661.5 1 1
4955.35 -162.918 -1131.01 5086.49 -1 1
-2153.22 -2456.1 12552.7 12971.1 -1 0
-2225.45 69.7584 9074.81 9344.57 1 0
event 3
-5666.81 7645.57 -14907.2 18066
-3730.5 3360.02 -10411.2 11559 1 1
-1936.31 4285.55 -4496.01 6506.96 -1 1
-444.934 -5416.5 -10534.4 11854.1 -1 0
776.588 -4248.84 -7458.61 8619.62 1 0
event 4
5867.54 7364.31 3107.7 10387.9
-2579.43 -5020.29 2964.69 6376.31 -1 0
3040.39 2275.48 23.522 3799.14 -1 1
2827.15 5088.83 3084.18 6588.8 1 1
-707.57 -2536.77 686.928 2723.77 1 0
event 5
-2557.99 8449.66 -48922.3 49808.9
3905.34 -2607.5 -4509.24 6511.16 -1 0
194.136 4637.85 -23153.6 23614.6 1 1
-2752.13 3811.82 -25768.7 26194.3 -1 1
3529.2 180.39 -5821.77 6811.17 1 0
event 6
416.488 -7407.79 13706.5 15890.5
5201.88 4621.28 -11166.2 13157.2 -1 0
-641.207 -3172.12 8495.02 9091.2 -1 1
1984.61 1378.52 -3621.98 4355.33 -1 0
1057.7 -4235.67 5211.49 6799.3 1 1
event 7
-21183.6 -654.458 5090.86 22015.5
10431.7 23907 68572.7 73366.1 -1 0
-5961.81 -1078.42 362.861 6070.34 -1 1
1398.73 3610.57 11644.8 12272.2 1 0
-15221.8 423.958 4728 15945.1 1 1
event 8
-21813.1 -18660.7 81255.1 86232.3
-3363.53 -1881.59 9621.18 10364.9 1 0
-8961.97 -6695.53 35623 37338.4 1 1
-2504.89 -1461.55 10188 10593.3 -1 0
-12851.1 -11965.2 45632.1 48893.9 -1 1
event 9
-17158.9 -12248.9 6595.82 22306
-7960.96 -7570.83 3560.68 11549.2 -1 1
-9197.9 -4678.04 3035.14 10756.8 1 1
-2174.88 3038.57 628.069 3790.6 -1 0
-1510.34 2020.15 1650.51 3016.2 1 0
event 10
-2893.61 -5434.52 13353.1 15026.8
-2110.49 -2831.38 10527.1 11104.2 -1 1
-783.115 -2603.14 2826.03 3922.65 1 1
5496.33 1481.47 -6263.84 8464.71 -1 0
3410.92 3099.51 -2796.87 5392.12 1 0
event 11
-1548.65 7203.73 -30274.8 31312.1
1930.4 -2803.06 -2082.53 3991.45 -1 0
-1716.91 2730.12 -16965.4 17269.6 -1 1
168.264 4473.62 -13309.4 14042.5 1 1
978.878 -4065.81 -2818.41 5044.17 1 0
event 12
-2671.37 32099.8 156176 159493
-3896.83 -1013.84 3419.2 5283.49 1 0
607.631 2496.58 13034.1 13285.4 -1 1
-3279 29603.2 143142 146208 1 1
-17077.2 -6578.7 19415 26680.8 -1 0
event 13
2805.63 7087.8 -1915.72 8448.03
-12.0746 4107.96 -693.896 4167.51 -1 1
2817.7 2979.83 -1221.82 4280.52 1 1
-3641.2 -3325.6 3261.48 5913.23 -1 0
-1217.05 -2337.85 3899.21 4707.63 1 0
event 14
649.381 -6602.45 17299.6 18785.2
1398.68 2738.42 2595.65 4025.4 1 0
79.2396 -2135.89 2380.46 3200.95 1 1
9694.05 13505.1 20388.3 26307 -1 0
570.142 -4466.56 14919.2 15584.2 -1 1
event 15
-8175.49 -9924.49 -52584.8 54222.6
-3002.83 -6058.97 -27605.2 28421.6 1 1
-5172.66 -3865.52 -24979.6 25801 -1 1
-475.585 -5014.7 -1007.02 5137.97 -1 0
-228.978 -2222.32 -568.871 2307.79 1 0
event 16
-9584.85 -13319.4 -58361.1 60703.3
-665.585 -9528.2 -700.9 9577.69 1 0
-2033.75 -5280.02 -20803.1 21559.1 1 1
-1796.88 -17745.3 1209.3 17877.3 -1 0
-7551.1 -8039.38 -37558.1 39144.2 -1 1
event 17
-2621.08 -9388.76 3868.94 10935.2
-2708.19 -6081.88 3708.74 7621.64 1 1
87.1048 -3306.89 160.201 3313.6 -1 1
-1123.1 13645 -5766.88 14856.5 -1 0
-1690.54 9698.21 -3255.94 10369.5 1 0
event 18
12911.9 2263.64 -40535.8 42715.1
-6693.55 -1840.1 585.728 6967.34 -1 0
3853.67 -266.576 -15394 15871.6 1 1
9058.2 2530.22 -25141.8 26843.5 -1 1
-2422.93 -360.43 -1821.8 3054.6 1 0
event 19
-17974 -2359.27 86540.8 88473.3
-11459.6 -48.7347 55843.4 57007.2 1 1
-6514.4 -2310.53 30697.3 31466.1 -1 1
-4242.73 -3203.49 30468.7 30929.2 -1 0
-2796.56 -1333.8 16405.3 16695.6 1 0
event 20
7242.7 17333.5 -24259.6 30838.7
3021.66 10641.5 -15375.4 18941.7 -1 1
4221.04 6691.99 -8884.16 11897 1 1
-4972.12 -951.411 -17242.7 17970.8 -1 0
-2524.83 -579.37 -12355.7 12624.8 1 0
event 21
9983.71 2042.75 -42442.3 43758.3
4043.31 2992.08 -7314.57 8877.78 -1 0
3750.8 -694.573 -13795.6 14313.7 1 1
6232.91 2737.33 -28646.7 29444.6 -1 1
2080.73 273.773 -3837.98 4375.57 1 0
event 22
-3954.95 -12983.3 -19276.5 23777.7
-3185.84 -6716.96 -8547.59 11328.7 1 1
-769.109 -6266.3 -10728.9 12449 -1 1
1325.44 10046.7 10619.4 14679.1 -1 0
1470.7 2873.42 2824.75 4290.67 1 0
event 23
6771.55 3234.58 1049.33 8185.87
117.239 -4090.96 -1205.26 4267.73 1 0
3121.75 557.261 -836.258 3281.21 -1 1
-84.9831 -6964.03 -6752.69 9701.28 -1 0
3649.8 2677.32 1885.59 4904.66 1 1
event 24
6902.7 10446.9 5363.5 13969.3
4185.09 6012.01 1471.8 7472.39 -1 1
2717.61 4434.9 3891.7 6496.94 1 1
-2755.94 2691.28 -882.44 3953.24 -1 0
-4274.74 3990.77 2480.79 6353.35 1 0
event 25
-10130.5 9593.59 3379.37 14685.8
-7542.6 6296.39 1029.93 9879.64 -1 1
-2587.88 3297.2 2349.44 4806.21 1 1
2352.57 -3423.61 21092.7 21498.1 -1 0
1111.86 -2165.37 8357.05 8704.97 1 0
event 26
-7777.92 8105.9 6601.06 13392.8
-1966.29 -2699.5 7.73746 3341.38 -1 0
-2687.13 999.469 2131.94 3574.34 1 1
-5090.79 7106.43 4469.12 9818.44 -1 1
824.922 -4447.07 373.043 4539.52 1 0
event 27
3407.5 -23431.1 81965.5 85373
-382.28 4202 -816.346 4298.89 1 0
1513.24 -3676.38 16007.8 16494.4 -1 1
1565.64 27621.3 -2217.97 27754.6 -1 0
1894.26 -19754.7 65957.7 68878.6 1 1
event 28
6341.52 -54939.2 188476 196447
-638.985 13084.4 -1895.79 13236.8 -1 0
211.698 -12048.7 42807.7 44471.7 -1 1
6129.82 -42890.4 145669 151976 1 1
1289.61 8188.42 -40.8887 8290.12 1 0
event 29
-9643.74 7365.97 857.735 12553.3
2680.47 -1663.22 11542.9 11966.7 1 0
-1665.02 1228.01 1352.68 2474.11 1 1
-7978.72 6137.96 -494.947 10079.2 -1 1
4171.9 1829.89 -3612.46 5815 -1 0
event 30
7203.68 -4385.25 -16297.1 18609.4
-4926.52 -27.274 -21211.3 21776.2 -1 0
1824.07 -2806.67 -6813.5 7592.08 -1 1
5379.61 -1578.58 -9483.57 11017.3 1 1
-2003.09 2068.29 -9712.77 10131.1 1 0
event 31
14913.4 4517.89 -38471.9 41623.4
-3026.63 -1458.27 8352.45 9003.42 1 0
2706.41 1532.76 -5239.23 6093.83 1 1
12207 2985.13 -33232.7 35529.5 -1 1
-3926.54 -1827.33 16218.1 16786.8 -1 0
event 32
11338.4 5274.35 -33976.1 36336.6
6330.18 1768.66 -14435.7 15861.9 1 1
5008.25 3505.69 -19540.4 20474.6 -1 1
-6983.15 -2049.91 17230.4 18704.7 -1 0
-5214.89 -3164.8 18675.2 19646.5 1 0
event 33
-17966.5 11503.8 -9108.29 23402.7
-6487.7 2635.35 -2922.4 7588.6 -1 0
-3132.84 2006.54 -369.358 3740.12 -1 1
-14833.6 9497.31 -8738.93 19662.5 1 1
-1792.07 1011.4 -243.467 2074.82 1 0
event 34
7121.1 4543.23 3181.2 9542.64
2940.43 3478.72 2425.63 5161.64 -1 1
4180.67 1064.5 755.566 4381 1 1
-1345.06 -5328.24 938.867 5576.02 -1 0
459.945 -2365.21 907.049 2576.75 1 0
event 35
-1864.59 12708.3 -29006.9 31874.2
163.026 8616.6 -19890.2 21677.3 -1 1
-2027.61 4091.71 -9116.7 10197 1 1
995.414 2782.6 -3676.84 4718.48 -1 0
4371.62 1979.08 -4216.59 6388.95 1 0
event 36
10665.2 -22423.7 -14955.5 29151.8
7065.06 -11349.3 -7609.15 15382.9 -1 1
3600.11 -11074.4 -7346.31 13768.9 1 1
329.307 -8127.77 -25280.3 26557 -1 0
-2175.23 -4599.35 -15003.8 15843.3 1 0
event 37
-2811.44 -21269.4 5911.32 22468.3
3155.21 -187.881 1013.26 3320.92 -1 0
526.285 -6549.77 2128.73 6907.9 -1 1
2209.53 -266.681 3843.62 4442.71 -1 0
-3337.72 -14719.6 3782.6 15560.4 1 1
event 38
-7977.86 -7966.74 -1534.96 11792.4
-4624.48 -4113.26 672.853 6226.44 -1 1
-3353.38 -3853.48 -2207.81 5565.97 1 1
-2069.75 2286.14 -1083.67 3270.44 -1 0
-2333.84 975.65 -369.078 2558.53 1 0
event 39
-4934.13 545.572 1410.33 6018.64
-2784.03 1774.98 1258.33 3534.96 1 1
-2150.1 -1229.41 152.006 2483.68 -1 1
-2961.52 3689.01 -1137.42 4866.65 -1 0
-3403.32 2952.63 84.2154 4507.65 1 0
event 40
10954.6 -6022.49 -42160.4 44083.6
-4797.92 1638.23 -6713.58 8413.51 1 0
1772.7 -1379.35 -4333.21 4881.9 -1 1
-17662.9 6707.51 -25419.1 31671.9 -1 0
9181.94 -4643.14 -37827.2 39201.7 1 1
event 41
-9845.05 5598.47 -1562.69 11844.9
4347.89 -249.938 -1598.55 4640.38 1 0
-5251.77 1611.45 241.394 5499.76 1 1
1697.63 1448.05 -2627.68 3448.86 -1 0
-4593.28 3987.02 -1804.08 6345.11 -1 1
event 42
-10612.2 -1536.33 -8630.35 14108.6
-6223.85 -1597.15 -3367.89 7255.42 -1 1
-4388.34 60.8192 -5262.46 6853.16 1 1
11230.1 -8817.91 2884.77 14567.2 -1 0
2588.62 -1283.69 535.109 2940.46 1 0
event 43
-8650.66 7875.66 20421.8 23738.2
3763.87 -44.6731 -5888.06 6989.21 -1 0
-2494.18 4313.69 8724.77 10048 -1 1
1881.17 -1903.94 215.797 2687.29 1 0
-6156.48 3561.97 11697 13690.2 1 1
event 44
-2110.47 7134.89 8682.94 11846.7
-635.522 -4038.1 12863.5 13497.8 -1 0
-2101.75 2804.28 5280.08 6338.12 1 1
-8.71827 4330.6 3402.87 5508.62 -1 1
126.981 -3148.38 13896.4 14249.5 1 0
event 45
-2334.82 5828.61 7792.69 10664.2
-3074.81 -705.063 -4155.31 5218.17 1 0
-1887.11 675.8 3016.06 3622.94 1 1
-12885.2 -6237.51 -12679.6 19123.8 -1 0
-447.714 5152.82 4776.63 7041.26 -1 1
event 46
-2284.3 4600.74 8446.37 10359.4
-2636.85 1903.75 5038.11 5997.58 1 1
352.554 2696.99 3408.26 4361.81 -1 1
-6509.03 -2795.51 -5120.14 8741.24 -1 0
-4096.95 -2446 -4204.27 6360.42 1 0
event 47
9817.82 12441 55016.7 57372.4
7000.36 6600.88 28772.6 30339 -1 1
2817.46 5840.1 26244.1 27033.4 1 1
903.072 -2920.01 5872.66 6621.27 -1 0
-551.158 -8136.84 14589 16714.2 1 0
event 48
9160.67 10402.2 43350.1 45617.4
6254.24 7928.5 35150 36571.9 1 1
2906.42 2473.72 8200.14 9045.44 -1 1
-308.534 -15233.7 27542.4 31476.3 -1 0
666.189 -12519.7 23900.7 26989.6 1 0
event 49
9035.43 10020.2 48963.4 50882.7
6751.32 5524.84 28400.9 29710.7 1 1
2284.11 4495.32 20562.5 21172 -1 1
341.063 -17761.9 33259.8 37707.1 -1 0
35.7758 -2096.8 2653.42 3383.74 1 0
event 50
9064.24 2557.97 -3713.45 10587.1
-5576.97 -1645.34 -10109.3 11662.7 -1 0
2952.61 2322.38 -1874.71 4199.65 -1 1
-7603.24 -3349.28 -16325.8 18318.6 1 0
6111.63 235.596 -1838.74 6387.46 1 1
event 51
14110.6 5885.48 51013.5 53345.3
6752.96 4441.87 27710.8 28865.7 1 1
7357.68 1443.61 23302.8 24479.6 -1 1
-2574.99 -2614.21 10356 10987.4 -1 0
-7354.75 -1887.03 27434.5 28466 1 0
event 52
14595.3 -19454.6 18722.4 30848.3
11620.7 -17297.4 16071 26315.9 1 1
2974.57 -2157.17 2651.39 4532.39 -1 1
-2556.52 1600.04 793.8 3120.45 -1 0
-4218.97 3335.56 149.123 5381.36 1 0
event 53
9717.82 -10911.8 10694.8 18370.5
-2952.86 1868.34 628.416 3551.93 1 0
786.1 -2659.77 1958.37 3396.86 -1 1
8931.72 -8252.04 8736.46 14973.6 1 1
-7309.76 2670.08 -816.706 7825.6 -1 0
event 54
-8333.45 5612.85 12122.2 16046.5
-5122.31 4894.03 9420.38 11787.5 1 1
-3211.14 718.817 2701.81 4259 -1 1
2437.82 766.372 -677.892 2645.94 -1 0
3826.78 -1236.28 -1168.17 4189.08 1 0
event 55
-5993.48 6770.78 -11369.9 14853.7
-3285.11 4298.08 -8950.48 10458.9 1 1
-2708.36 2472.7 -2419.46 4394.81 -1 1
4393.3 -3935.87 -5269.1 7909.91 -1 0
3437.39 -1203.71 -1734.04 4035.18 1 0
event 56
11974.7 21733 -68980.5 73373.1
5371.65 11731.7 -32196.1 34685.5 1 1
6603.08 10001.3 -36784.4 38687.6 -1 1
-13661.2 -20553.6 41873 48605 -1 0
-7923.78 -12922.3 22767.1 27351.9 1 0
event 57
17325.1 29714.6 -99571.8 105391
-4876.8 -5786.8 10716.1 13119.3 -1 0
3676.3 4076.98 -15986.5 16903.1 1 1
13648.8 25637.6 -83585.4 88487.9 -1 1
-1321.15 -2915.67 4570.21 5580.73 1 0
event 58
-1890.4 4360.49 -20464.3 21235.9
-21.0385 3634.8 -12143.1 12675.9 1 1
-1869.36 725.693 -8321.21 8560.07 -1 1
4639.12 -11702.1 -18319.8 22228.1 -1 0
397.235 -4022.99 -6091.39 7311.53 1 0
event 59
-3502.55 6174.61 -31471.9 32410.9
-3552.11 3586.75 -23189 23732.3 1 1
49.5552 2587.85 -8282.92 8678.56 -1 1
7399.38 -23938.7 -37735.4 45296.6 -1 0
3683.69 -14172.7 -21546.3 26051.6 1 0
event 60
15143.9 23007.1 -54861.4 61465.7
8227.52 11259.6 -24664.7 28334.3 -1 1
6916.41 11747.5 -30196.7 33131.4 1 1
-1385.61 -7556.35 -12355.4 14549.4 -1 0
1402.57 -3134.04 -6455.55 7312.64 1 0
event 61
8456.49 -4663.93 -5909.99 11907.1
6787.39 -1813.03 -3837.19 8005.68 1 1
1669.1 -2850.9 -2072.8 3901.43 -1 1
-7525.03 3980.01 16040.1 18159.4 -1 0
-2393.37 847.403 2357.5 3466.31 1 0
event 62
4462.79 8181.91 -37253.7 38526.5
-2745.26 -3134.22 -9446.37 10325 -1 0
2249.2 2254.4 -8329.93 8918.52 -1 1
2213.59 5927.51 -28923.7 29607.9 1 1
-2514.39 -1235.87 -2354.45 3661.16 1 0
event 63
-10061.8 -4208.64 7143.96 13400.7
1305.08 -3035.91 -3283.84 4659.91 -1 0
-1865.54 -2129.91 2342.34 3676.2 1 1
-8196.22 -2078.73 4801.62 9724.5 -1 1
-1615.26 3847.97 7395.89 8492.72 -1 0
event 64
-4466.16 -5262.92 1006.18 7888.67
4119.63 956.511 -9660.23 10546 1 0
-1763.02 -1397.62 2062.5 3053.95 -1 1
5048.74 -1167.96 -9240.1 10594.6 -1 0
-2703.14 -3865.29 -1056.31 4834.71 1 1
event 65
-11686.3 2944.75 -22769.6 26024.6
2871.02 -1636.75 835.121 3410.32 1 0
-4133.42 2592.56 -6970.28 8508.96 1 1
2218.87 -605.989 1587.48 2796.76 -1 0
-7552.85 352.192 -15799.3 17515.6 -1 1
event 66
-785.158 -8354.82 -14976.4 17444.3
682.811 -5528.13 -7733.35 9531.12 -1 1
-1467.97 -2826.69 -7243.05 7913.16 1 1
-2198.37 464.327 -1783.91 2870.88 -1 0
-3211.17 4427.64 -1232.67 5607.69 1 0
event 67
942.811 -5630.25 8694.71 11035
-790.371 -3691.15 6924.18 7886.99 -1 1
1733.18 -1939.1 1770.53 3148.01 1 1
3765.55 2418.36 6713.53 8069.1 -1 0
3361.94 2610.5 2248.72 4815.11 1 0
event 68
-7997.98 -392.427 41028.9 41917.6
3832.41 140.118 -7711.49 8613.08 1 0
-2113.02 -1472.2 10957.8 11256.8 1 1
-5884.96 1079.78 30071.1 30660.7 -1 1
4134.41 448.175 -5695.47 7052.92 -1 0
event 69
-9492.47 4300.49 -28225.1 30246.5
-1461.81 -3297.72 -7440.07 8269.08 1 0
-2991.72 214.87 -5596.12 6350.14 1 1
-6500.74 4085.62 -22629 23896.3 -1 1
-2177.02 -5240.81 -5050.51 7597.65 -1 0
event 70
-15568.9 -27168.6 159623 162695
-8740.88 -13971 76642.1 78393.9 -1 1
-6827.99 -13197.5 82981.3 84301.2 1 1
15013.5 9591.99 47863 51071.5 -1 0
5106.75 1858.11 13673.8 14714.4 1 0
event 71
-5633.46 -11786.1 12939.4 18645.8
-5213.93 -7615.52 9057.84 12932 1 1
-419.522 -4170.6 3881.52 5713.78 -1 1
4217.32 9010.14 17783.7 20377.4 -1 0
440.748 2203.83 4531.67 5059.48 1 0
