event 0
21283.9 8866.44 -12220.2 26278.2
1012.8 -10771.8 -25999 28160.6 -1 0
9891.59 3974.92 -3924.26 11360.2 1 1
11392.3 4891.52 -8295.96 14918 -1 1
1177.73 -5653.06 -11054.2 12472 1 0
event 1
41330 17617.9 -27586.4 52812.5
1340.92 -14038 -32385.8 35323 -1 0
9139 2959.13 -6998.14 11885.4 -1 1
32191 14658.7 -20588.3 40927.1 1 1
490.175 -3521.65 -5412.32 6476.62 1 0
event 2
3860.44 -9748.1 -251.855 10935.4
1307.87 -5222.25 -1501.79 5590.07 -1 1
2552.57 -4525.86 1249.93 5345.32 1 1
-4420.05 3766.85 -14036.5 15190.8 -1 0
-949.688 2464.2 -8371.02 8778.34 1 0
event 3
1400.71 -6767.18 2042.1 7843.34
2306.44 -3684.72 1372.91 4559.93 1 1
-905.735 -3082.45 669.184 3283.42 -1 1
-4503.44 5962.99 30842.2 31734.7 1 0
-3326.61 2884.67 25700.9 26075.6 -1 0
event 4
-2589.74 3850.92 -19521.1 20302.7
-2991.79 1820.74 -11941.2 12444.7 -1 1
402.055 2030.19 -7579.88 7858.06 1 1
8286.4 -359.964 -5146.01 9761.48 1 0
6090.59 2405.57 -4435.65 7910.01 -1 0
event 5
-14500.4 -3108.46 -27945.4 31787.8
-8403.72 -1249.58 -12891.2 15439.5 1 1
-6096.65 -1858.88 -15054.2 16348.2 -1 1
-3333.78 1663.63 -13055.6 13577.3 -1 0
-3049.59 -49.3073 -9291.75 9780.1 1 0
event 6
10283.1 1048.16 12229.9 16309.6
5767.49 -179.265 8729.8 10465 -1 1
4515.59 1227.42 3500.11 5844.58 1 1
4001.35 -4929.35 17552.5 18665.8 -1 0
2314.83 -181.861 5420.69 5898.01 1 0
event 7
-7793.05 4140.85 -334.969 9569.74
-5921.36 1222.49 -673.988 6084.6 1 1
-1871.69 2918.36 339.019 3485.14 -1 1
1958.46 -1362.89 -1477.71 2808.52 -1 0
4339.47 -770.854 279.339 4417.51 1 0
event 8
6914.38 -5142.54 38580.8 39652.6
4419.4 -4811.35 24976.9 25817.4 -1 1
2494.98 -331.187 13603.9 13835.2 1 1
-14223 6601.01 3023.94 15969.4 -1 0
-7997.08 2674.57 2678.42 8848.26 1 0
event 9
-12092.5 20319.1 -65818.1 70005.1
-7026.42 13630 -45805 48303.8 1 1
-5066.12 6689.11 -20013.1 21701.3 -1 1
-2701.07 7899.49 -12784.9 15269.6 -1 0
-4119.32 11611.2 -25143.9 28000.2 1 0
event 10
-23878.2 -8515.49 -32241.9 41131.6
4879.96 1530.54 5386.5 7428.46 1 0
-2482.24 -767.525 -1978.84 3267.66 1 1
-21395.9 -7747.96 -30263.1 37864 -1 1
13379.5 8032.75 17674.8 23578.5 -1 0
event 11
-19657.1 -7483.6 -25556.9 33243.8
3913.92 2316.41 6185.89 7678.61 -1 0
-3395.3 -426.736 -5470.76 6453.72 -1 1
-16261.8 -7056.87 -20086.2 26790.1 1 1
7614.68 3774.97 8373.99 11931.8 1 0
event 12
14434.1 5928.22 15146.4 21965.7
-3133.19 -1409.93 4368.34 5558.63 1 0
6478.25 1149.96 5460.27 8550.78 -1 1
-2572.79 -1296.54 899.222 3019.94 -1 0
7955.81 4778.25 9686.18 13414.9 1 1
event 13
6302.58 1394.03 -11844.8 13840.4
3354.89 2206.35 -5662.45 6942.46 -1 1
2947.69 -812.314 -6182.33 6897.91 1 1
-5226.27 32.5893 -14081.7 15020.7 -1 0
-1953.13 826.957 -7678.96 7967.19 1 0
event 14
5321.96 5365.13 19304.3 20960.8
-3884.35 995.23 -2459.33 4705.11 -1 0
3074.16 963.727 7692.62 8340.67 1 1
2247.81 4401.41 11611.7 12620.1 -1 1
-4165.33 -1543.1 -708.258 4499.33 1 0
event 15
-4996.53 1945.82 3717.6 7222.69
-3834.08 -55.6857 2706.8 4694.81 1 1
-1162.44 2001.51 1010.8 2527.88 -1 1
5699.59 2387.3 1796.22 6436 -1 0
4352.97 4165.1 -378.967 6037.48 1 0
event 16
8482.68 -4551.28 -25627.2 27550.2
-3952.85 2377.93 -956.968 4712.38 -1 0
3688.12 -337.012 -10324.7 10969.3 1 1
4794.56 -4214.26 -15302.5 16580.9 -1 1
-5663.31 2542.43 -24508.9 25283.1 1 0
event 17
5171.26 -193.933 6681.07 9000.32
3305.29 -1341.8 5361.45 6440.62 1 1
1865.97 1147.87 1319.63 2559.69 -1 1
9115.06 687.993 9206.27 12974 -1 0
5310.73 740.65 3018.65 6154.33 1 0
event 18
10623.7 28.3976 6947.17 13065.9
6699.86 -710.192 5851.14 8924.1 1 1
3923.8 738.59 1096.02 4141.76 -1 1
-6977.58 -2514.4 36951.1 37688.2 -1 0
-2143.45 -25.0412 12507 12689.8 1 0
event 19
11258.6 7130.29 9977.36 16933.3
6366.43 3167.42 3598.97 7970.42 1 1
4892.15 3962.87 6378.4 8962.84 -1 1
5541.64 -2660.3 990.471 6227.29 -1 0
2354.02 953.182 -503.143 2591.19 1 0
event 20
2741.97 -5510.07 26043.9 26939.9
656.517 -3966.49 19270.8 19686 1 1
2085.46 -1543.58 6773.18 7253.89 -1 1
-3363.54 6621.39 -11337.9 13554.2 -1 0
-148.045 6462.14 -9318.46 11341.3 1 0
event 21
15730 -15427.9 66404.7 70061.5
-5303.74 5058.71 -6597.46 9861.94 1 0
6550.82 -8942.03 34213.6 35964.6 1 1
-2693.51 939.256 -2017.49 3495.52 -1 0
9179.13 -6485.85 32191.1 34096.9 -1 1
event 22
18834.2 15546.9 74001 77988.3
13614.6 9552.82 48041.7 50839.3 -1 1
5219.66 5994.11 25959.3 27149 1 1
-3940.81 -4770.25 28337 29004.8 -1 0
-3455.27 -2583.57 16599.3 17151.2 1 0
event 23
543.073 -4846.23 -4968.74 7619.71
1827.52 -2902.74 -2704.64 4369.43 -1 1
-1284.45 -1943.49 -2264.11 3250.27 1 1
-3675.92 -11530.6 -175.668 12104.1 -1 0
-687.459 -4942.1 -1595.81 5239.72 1 0
event 24
-28731.6 -2192.39 126744 130015
5391.62 4199.72 24097.3 25047.9 1 0
-14064.6 195.828 65610.2 67101.1 1 1
4380.43 2347.69 25728.3 26204.1 -1 0
-14667 -2388.22 61133.8 62914.1 -1 1
event 25
8108.46 18551.4 -9437.61 22551.3
4076.25 5875.27 -2270.34 7503.34 -1 0
3859.15 5826.21 -4164.77 8135.99 1 1
4249.3 12725.2 -5272.84 14415.3 -1 1
1593.98 2253.6 -1922.75 3365.66 1 0
event 26
5498.71 12021.4 -4922.25 14442
4769.09 6884.31 -5177.1 9846.4 -1 0
729.465 3250.52 -52.6403 3333.45 1 1
4769.25 8770.92 -4869.61 11108.5 -1 1
4333.26 7365.82 -1970.9 8770.87 1 0
event 27
1228.14 -12382.8 28006.3 30802.4
4388.97 2115.45 11283.4 12290.8 -1 0
1933.28 -4460.04 10163.5 11266.6 1 1
-705.137 -7922.8 17842.8 19535.7 -1 1
1030.65 2276.51 4165 4858.31 1 0
event 28
-11460.7 5127.45 7167.49 14785.2
-10716.4 -1484.62 4618.98 11764 1 0
-4781.93 3828.24 3459.33 7035.65 1 1
-2073.9 211.417 180.252 2095.1 -1 0
-6678.74 1299.22 3708.15 7749.52 -1 1
event 29
2433.16 8887.66 18310.6 20731.1
-2022.59 -3025.29 -7605.59 8432.05 1 0
1668.63 2130.05 7335.71 7819.54 1 1
764.528 6757.61 10974.9 12911.6 -1 1
-2503.46 -6020.58 -6585.06 9267.62 -1 0
event 30
-9052.08 3063.2 12900 16350.1
-6748.94 787.954 8376.22 10786.2 -1 1
-2303.14 2275.25 4523.83 5563.94 1 1
2355.59 -768.667 -271.582 2494.91 -1 0
4242.31 2009.84 1964.47 5089.89 1 0
event 31
19567.4 22387.3 -51671.7 59696.2
14863.5 18107 -38459.7 45032.7 1 1
4703.9 4280.36 -13212.1 14663.5 -1 1
3678.23 1689.4 -10192.5 10967.3 -1 0
15405 12465.4 -38444.3 43251.3 1 0
event 32
13860.7 12978.3 -38800.7 43308.7
2208.4 2908.72 -6284.49 7269.36 1 0
4581.41 3154.25 -8897.46 10493.5 1 1
1829.75 2810.25 -4990.79 6013.71 -1 0
9279.31 9824.06 -29903.2 32815.1 -1 1
event 33
-18150.3 1420.4 37268.7 41593.3
3508.17 -905.389 8068.94 8845.67 1 0
-6368.79 -752.114 11280.5 12976.4 1 1
2390.37 -587.996 2772.99 3709.48 -1 0
-11781.5 2172.52 25988.2 28616.8 -1 1
event 34
-1475.94 6383.98 -6250.63 9570.5
-2442.05 -3037.69 4036.16 5611.85 1 0
-1167.73 1977.6 -560.609 2366.42 1 1
-2199.1 -6844.83 6814.24 9906.2 -1 0
-308.217 4406.39 -5690.02 7204.08 -1 1
event 35
2258.61 -11117.3 127.19 11929
-172.026 -7284.3 -676.651 7318.44 -1 1
2430.64 -3833.01 803.841 4610.56 1 1
4121.17 -1758.24 -5737 7280.1 -1 0
1374.62 -1596.32 -2236.94 3074.55 1 0
event 36
-2944.3 8268.91 -2578.89 9658.67
3582.36 -1559.84 5929.14 7101.57 1 0
-1591.33 3499.98 -2699.38 4698.94 -1 1
4964.41 -2059.48 7421.6 9163.96 -1 0
-1352.96 4768.93 120.489 4959.73 1 1
event 37
-13936.7 -2147.56 5903.59 15597.7
-3040.04 -2899.34 1443.07 4443.15 -1 0
-2227.99 -1524.95 886.356 2843.62 -1 1
-11708.7 -622.601 5017.23 12754.1 1 1
-5480.35 -2680.56 1448.43 6271.26 1 0
event 38
19370.7 16473.2 27098.7 37289.6
-834.162 -6572.84 -13090.7 14672.2 -1 0
3989.4 4121.63 7891.63 9756.64 1 1
15381.3 12351.6 19207 27533 -1 1
-514.437 -8249.85 -11307.1 14006.6 1 0
event 39
8720.47 2803.8 -8072.58 12596.2
4121.29 2586.23 -2878.07 5654.03 -1 1
4599.17 217.563 -5194.52 6942.18 1 1
22.9872 3634.12 -20675.6 20992.8 -1 0
1797.33 1465.66 6342.71 6754.24 1 0
event 40
-1079.93 -16897.9 -69280 71386.4
-81.5027 -9359.99 -44127.9 45109.8 1 1
-998.431 -7537.94 -25152.2 26276.6 -1 1
-610.806 5027.51 -20232.7 20857.2 -1 0
412.709 3202.33 -14150.2 14514.3 1 0
event 41
-22032.5 35864.4 7477.61 42909.1
-11241.4 18873.5 5742.58 22706.1 -1 1
-10791.1 16991 1735.03 20203 1 1
25171.1 -12901.4 -35704.1 45550.3 -1 0
3030.98 -1409.43 -3787.71 5052.85 1 0
event 42
-16480.7 28914.5 5349.2 33850.6
10481.9 -4935.58 -15208.1 19118.7 1 0
-7576.1 10468.8 1507.34 13010.6 -1 1
2540.73 -1874.85 -5215.07 6097.42 -1 0
-8904.58 18445.7 3841.85 20840 1 1
event 43
4097.21 -7819.58 7759.22 12154.4
-3083.22 2152.05 343.835 3777.16 -1 0
571.293 -1963.83 357.867 2079 1 1
3525.91 -5855.75 7401.35 10075.4 -1 1
-3975.59 729.153 -974.014 4158.95 1 0
event 44
-8060.2 -6250.12 37548.7 39032.4
-818.446 2908.82 -235.579 3032.78 -1 0
-1216.84 -2667.71 10209.2 10622.5 1 1
2115.81 13423.1 1583.08 13681.2 1 0
-6843.35 -3582.42 27339.5 28409.9 -1 1
event 45
-365.845 -7471.19 -36416.7 37305.8
1303.31 -4255.6 -18780.9 19301.3 -1 1
-1669.15 -3215.59 -17635.9 18004.5 1 1
-927.78 4978 -22421.4 22986.4 -1 0
-1823.82 1186.67 -8575.05 8847.43 1 0
event 46
5015.29 -9530.44 44256.6 45697
-4652.76 518.45 -4709.33 6641.23 -1 0
1952.01 -4191.82 12046.5 12904 -1 1
3063.27 -5338.61 32210.1 32793.1 1 1
-2016.92 267.431 -1282.94 2407.61 1 0
event 47
3214.09 -6388.3 2144.56 8082.73
3263.87 -3243.06 1689.29 4902.57 -1 1
-49.7847 -3145.24 455.273 3180.16 1 1
-1949.04 1542.08 -1926.82 3146.51 -1 0
-2130.81 3825.05 -241.468 4386.43 1 0
event 48
9859.1 -2080.47 -2071.3 10743
-3998.49 -2397.48 -15663.6 16343.1 -1 0
2460.98 -1722.87 -1366.74 3302.1 1 1
7398.12 -357.602 -704.558 7440.94 -1 1
-2253.85 301.175 -9191.27 9468.96 1 0
event 49
-8498.51 2867.29 5050.64 10749.2
4968.52 570.769 6325.35 8064.31 1 0
-3956.52 90.3704 3269.68 5134.61 -1 1
8329.78 2326.26 10294.8 13445.8 -1 0
-4541.99 2776.92 1780.95 5614.62 1 1
event 50
-3565.08 -9125.49 2491.26 10572.6
-646.518 -3409.18 11581.5 12090.6 1 0
-2911.09 -3636.6 458.132 4681.92 1 1
-1641.32 -2018.44 5631.75 6204.5 -1 0
-653.985 -5488.89 2033.13 5890.71 -1 1
event 51
11077.5 -5213.52 -3774.14 13331.3
-5115.12 2086.53 834.423 5587.98 -1 0
2390.69 -2918.04 -727.077 3843.2 -1 1
-10014.6 5018.99 1255.26 11272.5 1 0
8686.77 -2295.48 -3047.07 9488.15 1 1
event 52
12743.7 -7923.14 -4033.13 15844.1
9846.55 -6263.89 -1757.2 11802.1 1 1
2897.19 -1659.25 -2275.93 4042.01 -1 1
-19677.6 11082.1 3240.91 22815.2 -1 0
-2124.05 1084.85 -66.73 2388.33 1 0
event 53
4852.24 7901.64 6540.16 11762
3393.37 4080.16 5264.61 7475.96 -1 1
1458.87 3821.48 1275.55 4286.05 1 1
-1542.38 -2684.66 10.6986 3098 -1 0
-1985.68 -1913.53 956.188 2920.61 1 0
event 54
-5132.49 -3583.96 -6295.92 9403.25
-3898.04 -1807.26 -5733.23 7165.33 -1 1
-1234.45 -1776.7 -562.688 2237.92 1 1
8358.11 -4106.45 38511.8 39621.9 1 0
-3565.38 3080.75 -8136.85 9403.32 -1 0
event 55
-3808.5 -3727.21 11055.6 12657.6
-2924.12 -1030.05 4076.14 5122.26 -1 1
-884.38 -2697.16 6979.5 7535.34 1 1
2014.89 4385.87 3867.9 6186.07 1 0
3236.58 2689.76 3548.3 5505.62 -1 0
event 56
-5983.81 -7976.36 18026.4 20831.8
3127.14 1303.35 7641.98 8359.95 1 0
-2812.19 -1429.08 5061.97 5965.34 -1 1
12299.9 4814.22 26436.6 29552.9 -1 0
-3171.62 -6547.28 12964.4 14866.5 1 1
event 57
-4748.84 -3597.09 -10557 12511.3
-2382.78 2460.04 -11702.4 12193.8 -1 0
-2151.73 141.049 -3240.06 3893.46 1 1
-7100.44 4646.38 -36730.3 37697.9 1 0
-2597.11 -3738.14 -7316.92 8617.84 -1 1
event 58
5559.8 6690.18 26311 27884.2
3518.42 3334.99 18706.8 19325.1 -1 1
2041.38 3355.18 7604.15 8559.14 1 1
1905.41 4569.6 18097.7 18763 -1 0
-873.94 2118.5 6853.44 7227.21 1 0
event 59
3190.41 -10600.8 -3958.86 12158.1
-2961.58 2375.08 3372.36 5078.97 -1 0
1543.76 -1446.01 -208.054 2128.05 -1 1
1646.66 -9154.79 -3750.8 10030 1 1
-2655.36 5547.06 6380.33 8862.31 1 0
event 60
4939.64 2464.36 -2372.64 6759.67
3237.09 1109.55 149.708 3426.87 -1 1
1702.54 1354.8 -2522.35 3332.8 1 1
15148.6 6536.84 -9857.64 19219.6 -1 0
4581.12 1343.13 -2988.41 5633.16 1 0
event 61
6250.26 4058.51 1958.41 8304.43
-4771.95 1114.01 12432.2 13363.5 -1 0
1113.65 2359.61 1063.63 2819.65 1 1
2498.55 -5623.17 2530.61 6654.16 -1 0
5136.61 1698.9 894.779 5484.78 -1 1
event 62
-13078.4 -5224.85 -60737.9 62426.2
-8915.67 -4402.2 -37061 38371.8 1 1
-4162.77 -822.651 -23676.9 24054.4 -1 1
2799.82 2330.4 -216.518 3650.73 -1 0
1430.96 1611.99 -829.282 2311.93 1 0
event 63
-7155.39 2958.71 17975.6 19815.8
2448.21 -3269.73 3069.42 5110.52 -1 0
-2146.84 -505.824 3963.22 4536.85 1 1
-5008.55 3464.54 14012.4 15279 -1 1
4219.29 -1513.91 5117.4 6803.91 1 0
event 64
-5125.12 -8544.52 4669.65 11431.2
-3087.08 -5228.77 1146.26 6180.22 -1 1
-2038.05 -3315.75 3523.39 5251.02 1 1
9054.49 6431.32 17604.2 20815 -1 0
1700.52 1337.69 4607.93 5091.7 1 0
event 65
-4497.91 -9005.06 37013.4 38534.4
-5936.29 -8626.66 32797.7 34429 1 0
-875.671 -4235.41 20913.2 21356 -1 1
-1446.43 -1993.66 6102.61 6581.78 -1 0
-3622.24 -4769.65 16100.1 17178.4 1 1
event 66
11691.8 1859.46 -16918.3 20880
7130.17 -361.295 -9261.67 11694.4 1 1
4561.65 2220.75 -7656.6 9185.59 -1 1
-3881.15 647.492 -4816.23 6220.11 -1 0
-5145.02 -2634.48 -8629.09 10386.7 1 0
