event 0
6488.65 -5865.01 12551.8 15609
-3175.27 3020.19 -7580.42 8756.59 -1 0
3218.78 -2476.24 8397.06 9328.13 1 1
3269.87 -3388.77 4154.79 6280.86 -1 1
-226.774 2250.07 -8164.1 8472.19 1 0
event 1
-3653.72 9498.36 -40259.1 41640.8
-1474.96 5780.93 -28466.9 29085.5 -1 1
-2178.77 3717.43 -11792.3 12555.3 1 1
-1537.78 -2651.67 -5303.88 6126.86 -1 0
-1511.89 -1384.8 -4663.29 5095.18 1 0
event 2
2167.79 -10981.2 -34839.3 36724
352.711 -6879.59 -17333.7 18652.6 1 1
1815.08 -4101.58 -17505.6 18071.4 -1 1
-914.768 -3693.31 3706.72 5313.03 -1 0
753.689 -2833.86 1720.65 3401.56 1 0
event 3
935.705 -9418.62 -9826.25 13990.4
1795.54 -4851.06 -4017.99 6550.73 1 1
-859.833 -4567.57 -5808.26 7439.69 -1 1
5350.96 7.22929 -21089.4 21757.9 -1 0
3480.77 -2089.75 -16869.1 17351.1 1 0
event 4
1505.65 -9312.93 -9866.23 13997.5
1470.17 -6177.54 -8410.13 10538.7 -1 1
35.4791 -3135.4 -1456.1 3458.81 1 1
7088.02 241.636 -32520.4 33284.9 -1 0
1899.18 -729.254 -6857.33 7153.52 1 0
event 5
-5772.3 12822.9 -36581.4 39313.3
1599.29 -2911.43 30.2323 3323.59 1 0
-356.917 2451.21 -4131.81 4818.59 -1 1
-5415.38 10371.7 -32449.6 34494.8 1 1
2579.99 -4422.12 -1407.25 5310.65 -1 0
event 6
-8864.96 14999.4 -45360.2 48689.9
-6804.59 11538.2 -30897.5 33676.4 -1 1
-2060.38 3461.17 -14462.7 15013.5 1 1
2135.26 -2574.35 368.201 3366.5 1 0
2084.6 -4468.42 -2067.13 5347.57 -1 0
event 7
1877 6873.1 -4462.51 8959.23
2102.38 4706.58 -4399.07 6777.53 1 1
-225.378 2166.53 -63.44 2181.7 -1 1
2840.7 -6900.13 -21431.2 22693.3 1 0
5063.81 -4687.19 -19381.1 20573.1 -1 0
event 8
16784.9 10533.8 -38146.8 43098.2
2096.55 2297.92 -3358.17 4578.69 1 0
2097.09 1781.2 -7720.39 8196.71 -1 1
14687.8 8752.61 -30426.4 34901.5 1 1
4125.24 4398.47 -10951.6 12502.5 -1 0
event 9
7569.66 -5597.05 8817.23 13265
4161.64 -2681.37 6626.79 8272.52 1 1
3408.02 -2915.69 2190.44 4992.5 -1 1
-2791.45 1632.34 1064.77 3406.12 -1 0
-2696.92 1187.04 1042.11 3127.24 1 0
event 10
-28319.1 -18817.7 -91815.3 97957.8
2791.83 1174.47 -722.581 3115.6 -1 0
-6108.63 -4668.39 -24333.6 25519.5 -1 1
-2376.35 -1000.26 -3307.12 4194.73 -1 0
-22210.5 -14149.3 -67481.7 72438.3 1 1
event 11
-3203.83 -5242.84 8518.15 10950
3709.09 -2363.71 4264.48 6127.11 -1 0
296.354 -2181.81 3187.7 3875.66 -1 1
10244.5 -4749.87 10290.3 15277.9 1 0
-3500.18 -3061.03 5330.45 7074.33 1 1
event 12
-4134.73 -10307.3 20614.5 23619.6
-5194.02 87.4752 3775.27 6422.56 -1 0
-1357.39 -4304.96 11526.5 12379.2 -1 1
-2777.34 -6002.36 9088.02 11240.3 1 1
-3293.02 1767.29 5560.44 6700.52 1 0
event 13
5338.13 5552.47 36127 37068.6
3629.29 2209.74 23994.4 24367.9 1 1
1708.85 3342.72 12132.6 12700.6 -1 1
-6113.91 -321.535 23902.1 24674 -1 0
-3392.99 1105.91 12574.9 13071.9 1 0
event 14
1474.65 -9144.87 16205 19026.6
-285.904 -6477.9 8553.88 10734.3 1 1
1760.55 -2666.97 7651.12 8292.35 -1 1
-2728.89 9759.76 -4397.63 11047.6 -1 0
-23.3749 2150.33 381.554 2186.6 1 0
event 15
2029.24 -14274.3 3719.7 15208.6
-3334.89 6207.53 10463 12615.1 1 0
1401.38 -1938.39 626.993 2474.97 1 1
627.865 -12335.9 3092.7 12733.6 -1 1
-6428.24 5348.83 14445.6 16691.8 -1 0
event 16
-8418.27 7542.18 6353.35 13330.6
2194.34 3868.1 1282.69 4629.66 1 0
-2920.18 4680.39 3126.3 6341.79 -1 1
-691.667 2522.86 752.391 2724.05 -1 0
-5498.1 2861.8 3227.05 6988.84 1 1
event 17
-6685.01 2044.41 -3895.56 8581.21
-4009.39 -198.672 -1271.08 4212.07 -1 1
-2675.62 2243.08 -2624.48 4369.15 1 1
2664.25 -4520.63 9772.41 11092.6 -1 0
3005.59 -1203.84 4961.18 5925.13 1 0
event 18
1837.6 -9521 -105.15 10179.8
-670.438 4465.81 -5021.96 6754.56 -1 0
1594.61 -4163.37 1280.16 4639.66 -1 1
242.996 -5357.63 -1385.31 5540.17 1 1
-942.103 2317.59 -5224.82 5793.85 1 0
event 19
6626.97 561.131 8974.65 11762.8
3760.48 1636.82 3116.74 5152.24 -1 1
2866.49 -1075.69 5857.91 6610.6 1 1
-5101.65 1951.37 3380.55 6424.48 -1 0
-797.245 2290.56 1239.87 2725.93 1 0
event 20
-5128.06 -7989.3 17502.5 20150.8
-1289.45 -3882.91 6695.8 7847.58 -1 0
-954.472 -3768.04 5225.12 6513.23 -1 1
-4648.59 -4662.08 16410 17681.7 1 0
-4173.59 -4221.26 12277.4 13637.6 1 1
event 21
-3868.83 -5952.92 16738.6 18443.9
-1326.07 -4302.65 10959.5 11848.7 1 0
189.433 -2214.96 4989.59 5463.43 -1 1
-5829.57 -6857.29 16241.6 18569 -1 0
-4058.26 -3737.96 11749 12980.5 1 1
event 22
-13577.5 -3846.26 -2068.84 14594.9
2161.11 -2153.99 -1213.72 3285.47 -1 0
-2310.45 278.373 -1043.11 2552.43 -1 1
-11267 -4124.63 -1025.73 12042.5 1 1
4239.95 -4005.34 -432.594 5849.63 1 0
event 23
-20992.7 1689.79 1320.45 21328
-13130.7 2498.62 1230.78 13423.3 1 1
-7862.01 -808.83 89.6713 7904.72 -1 1
-3053.89 -2047.41 -3766.78 5264.78 1 0
-1024.17 1771.49 911.168 2242.43 -1 0
event 24
-18766.2 2130.08 2310.34 19277.9
-2189.18 3438.93 1621.33 4388.46 -1 0
-3924.86 849.868 1718.35 4369.29 -1 1
-14841.4 1280.21 591.997 14908.6 1 1
-8030.16 -5427.11 -10698.5 14436.3 1 0
event 25
7072.05 -4779.99 -30937.8 32242.8
-2885.54 -1249.71 -669.585 3216.77 1 0
1970.63 -1902.72 -15305 15548.6 -1 1
5101.42 -2877.27 -15632.7 16694.2 1 1
-3614.28 1732.86 199.891 4014.59 -1 0
event 26
-4157.8 -9058.69 8934.7 13739.2
-2578.08 -6782.21 8028.77 10822.1 -1 1
-1579.72 -2276.48 905.925 2917.15 1 1
4274.2 13370 -4727.47 14811.7 1 0
472.175 8068.72 -1498.76 8220.99 -1 0
event 27
-7536.92 -5564.19 -10020 14062.6
-4398.35 -4885.52 -5865.89 8811 1 1
-3138.57 -678.67 -4154.15 5251.6 -1 1
2907 1109.95 -5094.07 5970.2 -1 0
4929.72 1474.27 -19023.8 19707.7 1 0
event 28
-1110.6 -6399.76 15022.4 16656.9
-3128.09 1511.79 -7333.1 8115.17 1 0
-1696.1 -1748.62 4095.31 4766.25 -1 1
-4290.17 4586.3 -9036.4 11004.9 -1 0
585.501 -4651.14 10927.1 11890.7 1 1
event 29
-2690.48 -16725.2 -4809.51 17880
2439.7 4085.98 3637.81 5991.01 1 0
-1173.5 -4739.38 -20.8891 4883.69 1 1
953.742 2788.4 2234.24 3699.71 -1 0
-1516.99 -11985.9 -4788.62 12996.3 -1 1
event 30
-7044.99 -3942.71 1596.82 8793.04
867.76 4151.5 15548.4 16116.8 -1 0
-3736.57 -505.289 36.0945 3772.23 -1 1
-3308.42 -3437.43 1560.73 5020.81 1 1
744.758 3655.51 17755.4 18143.4 1 0
event 31
4555.28 -7890.12 8041.61 12540.4
-1608.54 5450.98 19125.9 19952.7 -1 0
315.256 -2860.41 3564.32 4582.23 1 1
-1920.93 6873.95 22902.6 23989.2 1 0
4240.02 -5029.72 4477.29 7958.21 -1 1
event 32
3719.97 -4905.19 4300.19 8122.96
1729.37 -4303.38 3760.76 5971.95 -1 1
1990.6 -601.814 539.438 2151 1 1
-2509.5 6156.29 20953.7 21983.3 1 0
-1502.91 4661.6 11260.8 12280.3 -1 0
event 33
9277.45 3709.62 -15661.6 18833.7
-1786.49 -3332.66 -17613.6 18015.2 1 0
2356.81 2408.44 -5924.8 6816.86 1 1
-7485.02 -5134.03 -33284.4 34500 -1 0
6920.64 1301.19 -9736.84 12016.9 -1 1
event 34
-2096.22 -9731.65 -25467.4 27518.7
-4684.52 57.5216 20490.8 21019.8 -1 0
-1841.34 -3755.27 -7589 8665.84 1 1
-254.886 -5976.38 -17878.4 18852.9 -1 1
-178.448 -3324.5 77.4577 3331.86 -1 0
event 35
8525.31 2874.09 -25524.3 27313.3
5490.88 79.4636 -12569.3 13717 1 1
3034.43 2794.62 -12955 13596.3 -1 1
1091.28 -3190.84 -3042.9 4543.43 -1 0
674.652 -2420.16 -885.519 2666.01 1 0
event 36
-11815.2 -2855.44 -57565.7 58916.5
1810.32 5115.55 1944.49 5765.27 1 0
-4506.6 263.737 -17744.7 18310.3 -1 1
-7308.62 -3119.18 -39821 40606.3 1 1
2355.11 5667.18 4867.74 7833.87 -1 0
event 37
12144.8 -1727.73 -33254.5 35580
-3237.74 5722.21 10138.8 12084.4 1 0
2695.86 -1490.34 -10420.8 10867 -1 1
-4806.14 10506.9 18652.1 21940.9 -1 0
9448.96 -237.396 -22833.8 24713 1 1
event 38
4109.63 -4595.1 6480.31 9465.19
-3415.7 -634.579 6456.16 7332.32 1 0
2320.44 -574.109 3093.12 3910.57 1 1
1789.19 -4020.99 3387.19 5554.62 -1 1
-3601.72 1868.21 6495.38 7659.23 -1 0
event 39
5220.05 -6769.05 10392.3 13808
2091.46 -5159.93 6549.23 8596.67 -1 1
3128.59 -1609.11 3843.09 5211.32 1 1
-5826.68 1086.81 9180.02 10927.7 -1 0
-2232.12 -365.673 6396.34 6785.31 1 0
event 40
-7956.69 7416.14 18180.2 21410.7
-4785.32 5645 14253.8 16060.7 -1 1
-3171.37 1771.14 3926.45 5350.02 1 1
1657.18 -2164.62 4615.54 5361.55 -1 0
6231.96 -3175.98 5770.23 9068.13 1 0
event 41
-5543.88 -8234.37 16034 19110.7
-4008.79 -3520.29 9649.55 11026.7 -1 1
-1535.09 -4714.08 6384.41 8083.99 1 1
-12161.3 1571.45 1538.52 12359 -1 0
-1887.99 847.857 832.097 2233.14 1 0
event 42
8918.83 -6400.86 -18204.9 21483.1
-3111.61 761.975 -3158.14 4499.75 1 0
1647.89 -1287.51 -1552.9 2606.89 1 1
7270.94 -5113.36 -16652 18876.3 -1 1
-5171.97 1976.88 -6888 8838.16 -1 0
event 43
-851.353 8136.77 18815.3 20749.5
803.429 4319.96 7498.26 8691.53 -1 1
-1654.78 3816.81 11317.1 12057.9 1 1
-1847.3 4411.94 10809.2 11820.7 -1 0
-3108.18 3272.51 9533.42 10548.3 1 0
event 44
-38718.1 -9189.75 -145204 150590
2835.75 2543.69 -2121.58 4361.66 1 0
-17006.7 -5149.32 -60655.8 63205.1 1 1
2992.05 1648.21 -2386.59 4168.45 -1 0
-21711.3 -4040.44 -84547.8 87384.5 -1 1
event 45
-31053.1 -6778.22 -112154 116612
12435.1 9424.08 -6692.76 16977.9 -1 0
-6870.76 -832.083 -28609.5 29434.9 -1 1
-24182.3 -5946.13 -83544.2 87176.7 1 1
2032.12 728.515 -1571.46 2672.25 1 0
event 46
5809.15 4506.01 7019.83 10626.4
3405.38 2121.78 5742.71 7006.31 1 1
2403.77 2384.23 1277.13 3620.07 -1 1
-6636.63 -2892.81 6586.19 9787.86 1 0
-4069.23 -776.881 6316.8 7554.82 -1 0
event 47
-3317.47 6571.15 38357.1 39179.6
-3264.04 3067.96 21469.5 21932.1 -1 1
-53.4374 3503.19 16887.6 17247.5 1 1
7738.25 -2633.78 29153.8 30278.3 -1 0
2345.75 708.434 9076.61 9402.15 1 0
