event 0
-8704.51 2865.2 -39173.8 40399.9
-5019.8 -64.8267 -23672.1 24198.8 1 1
-3684.71 2930.03 -15501.7 16201.1 -1 1
-366.548 -4080.3 -10624.9 11387.9 -1 0
-2075.61 -971.214 -7930.14 8255.28 1 0
event 1
4475.45 -4711.77 11271.3 13374
2600.6 -2213.88 8631.58 9283.3 -1 1
1874.85 -2497.89 2639.75 4090.72 1 1
-4939.28 5398.65 10051.1 12432.9 1 0
-1898.27 3539.45 7995.56 8948.26 -1 0
event 2
5836.93 4977.25 -1843.42 8475.37
-1500.8 -3190.7 -7141.26 7965.03 1 0
1968.02 2006.35 -2218.14 3581.88 1 1
-5282.57 -3279.81 -9427.83 11294.2 -1 0
3868.9 2970.9 374.725 4893.49 -1 1
event 3
-29083 14182.7 -142875 146525
6692.04 -8819.74 -21157.6 23879.4 -1 0
-8695.99 4504.77 -37176.8 38445.3 1 1
-20387 9677.92 -105698 108080 -1 1
2768.82 -5080.54 -12707.5 13963.2 1 0
event 4
-28211.6 14384.2 -139915 143487
2451.77 -4960.59 -11425.7 12695.5 1 0
-8475.18 4174.34 -48355.2 49269.6 1 1
1777.83 -1670.18 -6058.14 6531.65 -1 0
-19736.4 10209.9 -91559.4 94217.3 -1 1
event 5
-22689.6 10703.7 -112404 115211
-19243.2 8340.01 -89084.4 91519.9 1 1
-3446.37 2363.64 -23319.4 23691.1 -1 1
24589.9 -38160.8 -89276.3 100156 -1 0
1031.7 -1723.22 -3176.13 3759.37 1 0
event 6
3904.07 11167.2 -6675.41 13931.9
3427.76 5473.45 -2881.84 7072.79 -1 1
476.303 5693.71 -3793.57 6859.12 1 1
543.402 -4742.74 -17029.5 17686.2 -1 0
663.596 -1946.43 -3103.17 3724.21 1 0
event 7
5588.98 -8948.44 -29979.2 31932
1517.54 6181.06 -735.547 6407.86 1 0
1367.09 -1934.69 -3593.92 4305.74 -1 1
6759.87 8456.3 -93.9294 10827 -1 0
4221.9 -7013.76 -26385.2 27626.2 1 1
event 8
7682.65 -2584.63 -6957.74 11122.3
5069.83 -970.909 -5973.77 7895.76 -1 1
2612.82 -1613.72 -983.969 3226.5 1 1
-9311.86 -16938.5 -26981.8 33191.1 -1 0
-4136.65 -7061.72 -13235.4 15561.7 1 0
event 9
5393.26 -1078.33 -4523.03 7765.22
3546.99 -1880.69 -4030.99 5690.18 -1 1
1846.27 802.366 -492.038 2075.04 1 1
-6088.94 -10264.1 -18336 21878 -1 0
-2697.18 -5228.91 -8806.81 10591.9 1 0
event 10
-2734.12 7635.33 -17736.7 19848.2
-272.717 4633.1 -6724.67 8171.43 -1 1
-2461.4 3002.23 -11012 11676.8 1 1
2150.63 -4516.47 -3821.96 6296.21 1 0
1668.29 -4684.84 -510.658 5000.29 -1 0
event 11
-4898.94 4481.54 -2659.36 7794.03
-3710.61 2072.37 -378.1 4268.19 1 1
-1188.34 2409.17 -2281.26 3525.84 -1 1
2818.34 -5083.21 -17065.5 18028.4 1 0
4656.97 -3297.71 -12137 13412 -1 0
event 12
20018.4 14740 77025.8 81022
-7256.41 -5567.09 22408.7 24203.5 -1 0
5924.68 2493.13 18015.4 19128 1 1
14093.7 12246.8 59010.5 61894 -1 1
-2216.34 -2490.34 6942.61 7702.27 1 0
event 13
9196.19 7256.6 41349 43087.8
4201.86 4980.07 25302.3 26128.1 -1 1
4994.33 2276.53 16046.6 16959.7 1 1
-5734.98 -7293.25 18623 20806.4 -1 0
-3836.82 -2930.29 10138.5 11229.8 1 0
event 14
7570.03 -127.114 5360.8 9780.14
4847.7 1402.87 3516.41 6151.79 -1 1
2722.34 -1529.98 1844.39 3628.35 1 1
-13543.9 -2525.47 16875.6 21785.6 -1 0
-6423.59 -3419.04 8296.58 11036.2 1 0
event 15
6137.71 8322.24 -21328.4 23904.5
-3542.31 -2598.87 -440.741 4416.73 1 0
1660.47 4220.19 -11352.9 12225.7 1 1
-2989.71 -3001.32 990.332 4351.8 -1 0
4477.24 4102.05 -9975.49 11678.8 -1 1
event 16
-7712.34 3619.09 9504.92 13134.4
4033.08 190.757 1179.46 4207.66 -1 0
-3503.07 887.479 6026.89 7028.06 -1 1
-4209.28 2731.61 3478.04 6106.36 1 1
2330.68 -407.252 -582.57 2438.95 1 0
event 17
10531.6 92.4589 -979.407 11021.5
6680.44 -1240.9 128.61 6796.75 -1 1
3851.17 1333.36 -1108.02 4224.72 1 1
-2339.64 2092.29 505.135 3180.87 -1 0
-667.897 2285.74 1287.77 2709.28 1 0
event 18
1807.03 35403.2 -107912 113628
1147.72 22923.8 -65035.5 68967 1 1
659.304 12479.4 -42876.5 44660.7 -1 1
-2453.27 -7469.85 37070.7 37895.4 -1 0
-909.389 -1988.54 9808.77 10050.1 1 0
event 19
19162.6 -16236.8 111426 114264
15092.1 -12898.4 93269.5 95359 -1 1
4070.54 -3338.47 18156.6 18904.7 1 1
-2738.48 771.883 447.219 2882.06 -1 0
-6260.08 4003.23 3400.56 8172.48 1 0
event 20
5952.3 11677.3 -31662.3 34407.5
4521.48 5620.6 -15864.3 17427.6 -1 1
1430.82 6056.66 -15798 16979.9 1 1
-2326.93 -9324.55 -46642.2 47622.2 -1 0
-1180.76 -2376.89 -7737.45 8180.65 1 0
event 21
3429.45 9054.69 -22478.6 24670.3
-1427.51 -3621.83 -13427.5 13980.9 -1 0
1246.12 2834.38 -11052.2 11478.2 -1 1
-4134.1 -7659.19 -35975 37013 1 0
2183.33 6220.31 -11426.4 13192.1 1 1
event 22
-4420.19 10630.5 -9237.18 15081.9
-2214.43 7178.89 -7547.12 10649.4 -1 1
-2205.75 3451.65 -1690.06 4432.46 1 1
-938.544 -3838 -5575.59 6834.44 -1 0
636.999 -4573.94 -3531.56 5814.62 1 0
event 23
-7053.55 -1263.43 -13272.4 15397.9
-4190.21 422.38 -9356.65 10261.3 1 1
-2863.34 -1685.81 -3915.72 5136.61 -1 1
8797.67 8081.48 -5780.9 13271.8 1 0
7714.21 8182.09 -4727.64 12199.1 -1 0
event 24
-11155.5 25374.1 -7635.15 28916.8
-4806.74 -1128.98 17162.8 17859.3 1 0
-3450.55 4992.45 -2232.55 6467.33 1 1
-744.909 -2386.62 10146.7 10450.7 -1 0
-7704.95 20381.7 -5402.6 22449.5 -1 1
event 25
4193.42 7372.3 -1256.77 9116.25
1366.62 5421.11 -711.014 5636.74 1 1
2826.81 1951.18 -545.761 3479.51 -1 1
-1569.26 -12880.3 -45158.7 46985.9 -1 0
-1131.83 -2946.04 -11170.7 11608.4 1 0
event 26
5565.4 6583.59 44437.8 45372.1
293.828 -3618.74 15293.8 15719.2 -1 0
3074.23 1438.21 18830.9 19134.6 1 1
2491.18 5145.38 25606.9 26237.5 -1 1
-840.566 -4114.89 13930.6 14550.3 1 0
event 27
-7348.38 -1589.07 2747.19 8582.64
-65.0189 -3527.65 2858.79 4542.28 1 0
-2037.69 752.442 34.1649 2175.01 -1 1
-5310.69 -2341.51 2713.02 6407.63 1 1
-1568.42 -3920.38 3843.74 5710.93 -1 0
event 28
-6936 -4109.84 753.703 8669.37
-1099.02 -4343.06 3557.33 5721.52 -1 0
-3273.17 -1101.41 1674.75 3839.62 1 1
-3662.83 -3008.43 -921.047 4829.75 -1 1
-753.091 -2011.96 809.225 2298.07 1 0
event 29
4147.8 28092 -24182 37426.3
-2677.09 6044.75 1769.62 6844.6 1 0
1597.44 7652.66 -8414.35 11486 1 1
-3715.14 5245.28 2749.27 6991.77 -1 0
2550.36 20439.3 -15767.7 25940.3 -1 1
event 30
3081.64 16921.6 -13347.7 21990.6
-6437.87 8536.1 3855.04 11365.9 -1 0
-603.952 3698.26 -2860.1 4715.22 -1 1
3685.59 13223.3 -10487.6 17275.4 1 1
-1172.77 2119.05 578.139 2492.22 1 0
event 31
3424.83 -5280.28 -3273.12 7740.49
158.306 -3172.43 -5986.3 6777.63 1 0
240.822 -2185.82 36.1712 2201.88 -1 1
299.228 -11432.5 -32516.2 34468.9 -1 0
3184.01 -3094.46 -3309.29 5538.61 1 1
event 32
10215.9 13001.1 -28765.1 33322.9
8124.27 8626.58 -22143.5 25115.1 -1 1
2091.67 4374.54 -6621.62 8207.85 1 1
-1497.46 3615.6 -4646.71 6076.02 -1 0
-1406.94 1700.64 -3035.82 3754.86 1 0
event 33
5997.81 8005.01 57881.5 58821
-2171.7 -2175.42 5096.53 5952.69 1 0
2624.6 1280.16 14428.6 14721.5 1 1
-6136.5 -8065.65 15004.8 18107.1 -1 0
3373.22 6724.85 43452.9 44099.5 -1 1
event 34
5639.34 6611.92 -23075.3 24931.5
4948.12 3229.51 -12989 14270.2 -1 1
691.224 3382.41 -10086.3 10661.3 1 1
-1490.92 -1969.4 -6585.92 7034.69 -1 0
-4016.5 329.026 -8859.8 9733.84 1 0
event 35
-6821.1 -16944.7 -41169.2 45145.8
-6402.89 -12453.2 -30444.3 33510.4 -1 1
-418.209 -4491.46 -10725 11635.5 1 1
379.316 3990.51 -156.323 4012.94 -1 0
-1258.67 2019.32 -2080.1 3162.26 1 0
event 36
-6495.09 -18804.2 -7526.5 21494.7
-1597.02 4780.88 3337.4 6046.22 1 0
8.20213 -2563.8 -1598.9 3023.37 1 1
-6503.29 -16240.4 -5927.6 18471.4 -1 1
-14.3446 6905.97 5772.51 9001.43 -1 0
event 37
4668.67 -5960.65 -31326 32376.5
-3759.44 -43.2476 -8060.28 8894.64 -1 0
1079.24 -3549.67 -17520.1 17908.9 1 1
-4790.27 91.3066 -4216.93 6383.47 1 0
3589.43 -2410.99 -13805.9 14467.5 -1 1
event 38
-4163.3 -15847.3 -49564.1 52294
-6601.49 2689.92 -33005.5 33766.7 -1 0
-3020.63 -5873.37 -21221.3 22225.6 -1 1
-1142.67 -9973.88 -28342.8 30068.4 1 1
1012.9 3661.45 573.397 3843.45 -1 0
event 39
7012.69 2916.52 12798.8 15201.5
4483.52 2695.79 10680.1 11893.1 1 1
2529.17 220.737 2118.7 3308.39 -1 1
-27487.5 7174.25 -60053.4 66433.8 -1 0
-5408.19 1218.9 -11723 12968.2 1 0
event 40
-2261.41 5693.86 8401.76 10849.8
-167.389 3818.93 6171.01 7259.8 -1 1
-2094.03 1874.93 2230.75 3589.95 1 1
6937.32 -3506.52 45526.5 46185.4 1 0
5269.06 -876.909 21433.8 22089.6 -1 0
event 41
9182.69 -9726.31 7592.69 15816.5
-2437.9 -2219.7 2762.8 4302.87 1 0
1181.99 -2584.09 328.081 2862.42 -1 1
-8132.73 -10707.5 11790 17883.2 -1 0
8000.7 -7142.23 7264.61 12954.1 1 1
event 42
5138.9 -2964.35 -3731.27 7662.28
3115.78 -2765.45 -3779.67 5626.08 1 1
2023.12 -198.904 48.3909 2036.19 -1 1
-6060.28 16248.3 15994.4 23591.7 1 0
-5403.59 -3838.32 -590.849 6655.21 -1 0
event 43
10679.7 21283 -9253.54 25734
6237.7 10307.4 -5969.97 13446.3 1 1
4441.97 10975.6 -3283.57 12287.7 -1 1
746.444 -5576.23 -27127.1 27704.6 -1 0
422.333 -4985.69 -22667.2 23213.1 1 0
event 44
-7668.99 -4061.98 33085.7 34344.8
4729.94 238.26 5259.83 7078.57 -1 0
-2618.77 -3122.05 14681.6 15236.9 1 1
-5050.23 -939.932 18404.1 19107.9 -1 1
3895.94 535.412 1038.27 4068.68 1 0
event 45
-11191.8 12500.5 7159.95 18503.4
3438.67 -5059.08 -24388.8 25144.4 1 0
-4361.97 2754.56 2091.08 5567.6 -1 1
-6829.88 9745.95 5068.86 12935.8 1 1
6151.37 -3348.76 -26969.4 27864.1 -1 0
event 46
16078.8 -12016.8 -83269.4 85710.7
-4006.25 3115.05 2405.38 5616.99 1 0
1801.81 -2699.97 -12173.2 12599 -1 1
14276.9 -9316.88 -71096.2 73111.7 1 1
-2727.9 6475.66 4204.46 8189.28 -1 0
event 47
-5532.68 8293.25 4192.63 11249.8
-3387.31 5605.16 1136.97 6647.97 -1 1
-2145.37 2688.08 3055.66 4601.81 1 1
5013.76 -5753.73 7260.19 10534 -1 0
869.594 -2062.56 3242.19 3941.24 1 0
event 48
6768.38 4738.62 7425.9 11532.6
-681.158 -3579.75 3031.1 4741.02 -1 0
815.328 2177.63 2260.63 3244.75 1 1
5953.05 2560.99 5165.27 8287.87 -1 1
-1148.6 -3882.52 1339.39 4265.96 1 0
event 49
-1925.31 8319.43 -866.597 9124.78
-1011.54 -3943.11 4320.21 5936.9 -1 0
-2031.63 3251.55 514.658 3869.9 1 1
106.322 5067.89 -1381.25 5254.88 -1 1
1536.56 -4689.71 7334.26 8840.64 1 0
event 50
3516.8 -7546.97 -6610.2 11252
1982.51 4150.44 1794.6 4938.45 -1 0
2669.93 -1738.48 -1790.86 3656.39 -1 1
846.866 -5808.49 -4819.34 7595.59 1 1
-1151.44 1870.42 465.62 2247.72 1 0
event 51
9547.4 -3112.12 -1683.5 10828.6
-3313.17 2672.41 -6035.36 7386.18 1 0
1801.61 -1495.88 890.033 2507.34 1 1
-6054.86 7233.73 -15768.2 18374.9 -1 0
7745.8 -1616.24 -2573.53 8321.29 -1 1
event 52
7310.83 3431.95 18824.6 20716.8
3004.61 1586.37 19252.5 19550.3 -1 0
2638.05 996.728 10428.4 10803.5 -1 1
5435.89 5093.72 28309.8 29273.8 1 0
4672.78 2435.22 8396.26 9913.3 1 1
event 53
6580.09 5688.81 43040.9 44020.1
3747.66 2784.2 8354.97 9571.49 -1 0
1189.69 2939.88 13934.8 14291.5 1 1
5390.4 2748.93 29106.1 29728.6 -1 1
2510 -676.759 5574.1 6151.41 1 0
event 54
10524.4 8053.33 -3943.38 14309.3
-3036.39 -3859.34 11860.4 12837.2 1 0
3604.78 1253.5 -2333.49 4474.6 1 1
6919.62 6799.83 -1609.89 9834.72 -1 1
-5254.4 -4412.56 18443 19678.3 -1 0
event 55
20078.4 16049 -7160.71 26936.5
9233.41 9347.01 -2583.7 13390.6 1 1
10844.9 6701.98 -4577.02 13545.8 -1 1
-5159.59 -5574.26 16424 18095.7 -1 0
-3044.29 -3032.75 12111.5 12851.7 1 0
event 56
10419.1 6968.69 -4429.74 13650.4
-2977.47 -3089.4 10737.2 11563.2 1 0
2040.48 3024.65 -1200.21 3842.37 1 1
-7120.92 -11938.2 37026.2 39549.7 -1 0
8378.61 3944.04 -3229.53 9808.04 -1 1
event 57
-12828.8 -18969.2 79926.7 83200.2
-6735.01 -9725.28 46801.5 48273.6 1 1
-6093.75 -9243.91 33125.2 34926.7 -1 1
6715.3 3018.95 2899.55 7913.78 -1 0
3473.5 764.016 974.408 3689.11 1 0
event 58
-1953.86 -6651.6 -1738.59 7789.12
-2114.89 -4223.67 -2351.56 5277.61 1 1
161.031 -2427.93 612.967 2511.51 -1 1
7096.34 5656.37 9247.2 12956.6 1 0
4587.69 1672.71 7617.06 9048.52 -1 0
event 59
-14545.3 -5007.27 4884.33 16434.3
3743.47 3208.32 1035.36 5038.85 1 0
-2232.38 -48.6694 1630.91 2767.11 -1 1
-12313 -4958.6 3253.43 13667.2 1 1
8492.76 4114.09 5778.1 11065.7 -1 0
event 60
9033.47 11492.5 19219.2 24344.4
-5561.2 -3842.22 -403.244 6772.25 -1 0
1569.13 3314.74 3184.8 4858.38 1 1
7464.34 8177.77 16034.4 19486 -1 1
-2880.46 -1540.17 -78.8864 3269.03 1 0
event 61
10886.4 11255.8 20685.8 26128.5
-6811.46 -5668.61 1726.28 9028.86 -1 0
3444.99 3180.71 8622.44 9815.42 1 1
7441.38 8075.06 12063.4 16313.1 -1 1
-1768.72 -1158.41 -1093.11 2382.5 1 0
event 62
-12778 20062.6 174.316 23987.6
4454.8 -11503.5 -705.684 12356.6 -1 0
-3292.51 5499.22 1409.09 6563.44 1 1
-9485.52 14563.4 -1234.77 17424.2 -1 1
2194.24 -3973.91 1067.46 4664.47 1 0
event 63
7277.18 -4435.81 -944.442 9116.84
3700.5 -1438.14 -4155.71 5748.31 1 0
1920.97 -2156.92 870.809 3018.59 1 1
26628.3 -4898.74 -20734.2 34102.5 -1 0
5356.21 -2278.89 -1815.25 6098.25 -1 1
event 64
3939.6 -1418.43 -5928.06 7890.81
3035.49 505.945 -3504.79 4665.29 -1 1
904.111 -1924.37 -2423.27 3225.53 1 1
-8281.12 6645.03 3432.25 11159.1 -1 0
-4135.84 3700.01 3104.41 6359.54 1 0
event 65
-9203.3 -2213.69 -23970.3 25957
3704.43 2235.33 -10885.8 11714.6 1 0
-2007.52 -319.474 -9145.6 9369.39 1 1
-7195.78 -1894.22 -14824.7 16587.6 -1 1
4092.03 1783.72 -7077.19 8368.04 -1 0
event 66
-8064.23 1451.11 6965.6 11191.4
-4111.04 494.077 1560.72 4426.26 1 1
-3953.19 957.034 5404.88 6765.17 -1 1
6156.63 -5715.3 23517.9 24973.4 -1 0
2866.76 -1213.1 5853.97 6630.99 1 0
event 67
6627.77 12437.4 67592.2 69115.2
-2204.55 -6953.82 10851.1 13075.7 -1 0
2918.06 3197.58 16294.1 16859.7 1 1
3709.71 9239.82 51298 52255.5 -1 1
-1492.33 -2628.22 2639.43 4014.01 1 0
event 68
-5758.34 13472 5446.32 16059.3
3354.52 -2475.8 -2522.76 4874.2 1 0
-3047.01 2955.98 1595.81 4536.5 1 1
1444.52 -2524.24 566.216 2964.83 -1 0
-2711.34 10516 3850.51 11522.8 -1 1
event 69
16836.4 8415.59 -426.742 19080.3
4619.31 2808.07 -2331.79 5888.27 1 0
2378.93 993.665 -1122.45 2813.85 1 1
14457.5 7421.93 695.71 16266.5 -1 1
9845.42 6052.95 -3345.96 12032.3 -1 0
event 70
13167.8 9468.18 -36133.8 39727.6
7247.54 4531.02 -22436.4 24009.6 -1 1
5920.27 4937.16 -13697.4 15718 1 1
4282.58 2812.88 -10433.4 11624.1 -1 0
2251.32 1981.46 -6461.76 7124.62 1 0
event 71
12674.1 7589.12 -34484.5 37643.1
6122.07 5058.27 -20712.8 22183.3 1 1
6552.06 2530.86 -13771.7 15459.8 -1 1
9978.57 3138.16 -24804 26919.7 -1 0
2784.86 1366.24 -6901.12 7566.95 1 0
event 72
3487.02 -6480.5 1660.59 8155.06
-1772.69 3608.51 4509.89 6042.69 -1 0
577.001 -3421.12 -328.333 3486.54 1 1
2910.02 -3059.38 1988.93 4668.51 -1 1
-2694.64 1553.32 1028.87 3277.75 1 0
event 73
3371.9 -10833 -2713.21 12069.6
1053.66 -6863.7 -489.275 6962.13 1 1
2318.24 -3969.25 -2223.93 5107.47 -1 1
-8315.56 3390.18 -13395 16126.9 -1 0
-1854.99 1205.77 -3929.29 4510.58 1 0
