event 0
4521.5 2480.5 2210.66 6713.48
1874.77 3011.51 696.894 3616.73 1 1
2646.73 -531.004 1513.77 3096.74 -1 1
-2436.87 -8055.62 32615.6 33684.1 -1 0
-533.573 -4016.8 13404.2 14003.6 1 0
event 1
-3689.59 2578.08 719.745 5510.79
-3374.29 575.594 298.531 3437.64 1 1
-315.302 2002.48 421.214 2073.15 -1 1
8030.56 900.404 19264.5 20891 1 0
4073.17 610.89 14055.6 14647 -1 0
event 2
8033.57 -6923.66 503.863 11059.9
2840.61 3765.39 -5973.31 7611.75 1 0
4410.86 -2170.96 -688.239 4965.23 -1 1
657.819 3398.24 -6421.94 7296.11 -1 0
3622.72 -4752.7 1192.1 6094.63 1 1
event 3
-1166.7 9271.31 -451.557 9854.61
851.275 5480.2 -333.657 5556.96 -1 1
-2017.98 3791.11 -117.9 4297.65 1 1
1713.24 -3447.62 4310.74 5780.57 -1 0
2383.58 -2055.45 5428.19 6275.57 1 0
event 4
-3403.08 -8646.67 -7191.76 12151.5
-286.538 4889.22 -1122.24 5025.65 -1 0
-2432.78 -2252.25 -2691.36 4271.49 1 1
-970.293 -6394.43 -4500.41 7880.04 -1 1
-1656.9 1933.65 942.14 2717.18 1 0
event 5
8543.7 -1439.12 -1221.14 9281.59
6863.47 -115.505 -1731.11 7080.15 1 1
1680.22 -1323.61 509.964 2201.44 -1 1
11471 3022.46 -9890.8 15445.3 -1 0
9394.86 3119.42 -5285.67 11222.5 1 0
event 6
4606.69 -12350 25252.6 28653.6
1001.13 -7057.96 13737.9 15477.6 -1 1
3605.56 -5292.07 11514.7 13175.9 1 1
-4337.96 8430.89 -7339.03 11990.4 -1 0
309.545 2984.58 -2222.11 3735.3 1 0
event 7
-12796.4 -5400.56 33782.8 36657.6
-6440.36 -3762.37 21041.4 22324.6 -1 1
-6356.04 -1638.19 12741.3 14333 1 1
2511.06 -242.1 488.679 2571.77 -1 0
5922.68 3680.5 3436.59 7774.67 1 0
event 8
2952.16 16091.1 -51280.2 53915.5
564.244 11110.9 -34092.8 35862.3 -1 1
2387.92 4980.24 -17187.3 18053.3 1 1
-798.435 -3174.06 -5339.65 6263.8 -1 0
-1138.62 -10791.6 -30549.2 32419.5 1 0
event 9
-8081.54 5127.56 -22437.6 24589.4
5058.54 -962.35 -2218.31 5607.76 -1 0
-4157.39 1645.89 -7224.9 8497.25 -1 1
12138.7 510.429 -4048.83 12806.8 1 0
-3924.15 3481.67 -15212.7 16092.1 1 1
event 10
-6568.59 8001.22 -39790.1 41231.2
-3741.92 -510.23 -18360.7 18745.4 1 0
-3089.84 2012.19 -10368.7 11005.3 -1 1
-3478.75 5989.02 -29421.4 30225.8 1 1
-3783.6 2699.47 -22738.9 23209.3 -1 0
event 11
12855 -5977.02 -4521.9 15199.2
-4007.69 -19.3051 1658.23 4338.53 1 0
5696.49 -2760.47 -424.182 6345.18 -1 1
-2170.73 1062.08 1220.08 2709.21 -1 0
7158.54 -3216.55 -4097.72 8854.01 1 1
event 12
13067.1 -3765.79 -2190.7 14118.1
8472.93 -3484.61 -2520.01 9502.35 -1 1
4594.16 -281.175 329.31 4615.73 1 1
-15457.3 827.064 7360.06 17140.4 -1 0
-2904.79 249.83 1583.53 3319.48 1 0
event 13
7277.43 6191.71 -19071 21554.4
4482.95 2877.07 -8414.68 9959.54 -1 0
1744.19 3432.37 -6883.75 7888 1 1
8571.39 4795.01 -9041.14 13349.7 1 0
5533.24 2759.34 -12187.2 13666.4 -1 1
event 14
-4704.6 5574.48 8978.08 11975.2
-3181.27 2917.02 3000.79 5257.89 -1 1
-1523.33 2657.46 5977.29 6717.27 1 1
2538.38 -33.6413 759.259 2651.82 -1 0
3613.26 -1989.27 -2609.78 4882.1 1 0
event 15
827.197 4898.81 -122.503 5855.61
1734.51 2610.47 -916.114 3267.04 -1 1
-907.316 2288.34 793.611 2588.57 1 1
-4089.91 -4268.46 10383.1 11948.5 1 0
-3839.82 -2215.42 11674.2 12488 -1 0
event 16
1884.44 7714.62 5521.16 10155.7
2301.05 4451.35 2180.04 5465.62 -1 1
-416.61 3263.27 3341.13 4690.07 1 1
-1997.48 -7822.43 2086.36 8339.33 1 0
988.166 -6393.42 2690.35 7007.24 -1 0
event 17
15381.7 11803.7 -2674.88 19815.9
-5413.09 3945.51 1696 6910.59 1 0
5896.78 5332.54 291.159 7956.38 1 1
-3285.1 1927.41 -932.938 3922.8 -1 0
9484.94 6471.11 -2966.04 11859.5 -1 1
event 18
-4263.77 5063.33 -982.838 7373.9
2639.18 -2939.37 2755.62 4817.65 1 0
-118.298 2139.92 227.544 2157.82 -1 1
5194.65 -6225.58 12070.4 14541.2 -1 0
-4145.47 2923.42 -1210.38 5216.08 1 1
event 19
9067.59 -17383.8 -4511.18 20355.8
4351.39 -11531.2 -3067.79 12701.4 -1 1
4716.2 -5852.57 -1443.4 7654.39 1 1
-3008.63 650.911 4529.48 5477.49 -1 0
-928.752 2217.96 7149.36 7543.64 1 0
event 20
613.515 -10595.5 -19909.1 22772.9
-1101.31 -5473.62 -11389.1 12684.5 -1 1
1714.82 -5121.86 -8520.02 10088.4 1 1
-5091.18 -444.443 -13985.7 14890.5 -1 0
-1383.34 -1680.43 -6685.7 7031.88 1 0
event 21
8037.57 -1410.51 -2650.51 9121.8
-3879.57 -1106.11 9850.25 10644.9 1 0
1884.89 -874.262 568.094 2156.63 1 1
-8140.84 -896.106 14546.8 16694.2 -1 0
6152.68 -536.251 -3218.6 6965.17 -1 1
event 22
-1716.4 5897.69 -687.428 6913.22
4075.08 326.999 -2415.24 4749.5 -1 0
-1648.65 1164.02 386.697 2057.59 -1 1
4527.95 -1975 -6130.48 7873.82 1 0
-67.7558 4733.67 -1074.13 4855.63 1 1
event 23
-17812.9 -6133.54 21865 29027.4
3249.64 1964.61 16962.6 17382.8 1 0
-3811.92 -2462.68 4146.79 6148.38 1 1
1906.42 2576.97 11528 11965.9 -1 0
-14000.9 -3670.86 17718.2 22879 -1 1
event 24
-16025.1 10167.7 -5856.62 20101.7
-5681.45 4946.37 -6185.85 9747.89 1 0
-3880.03 1142.21 -1846.35 4447.41 -1 1
-12145.1 9025.5 -4010.27 15654.3 1 1
-7632.57 6037.12 -11911.4 15381.7 -1 0
event 25
-13070.4 7830.83 -4496.74 16185.4
-4639.64 3559.14 -7178.53 9259.39 1 0
-4523.53 4379.5 -2345.63 6719.78 -1 1
-2231.85 2147.6 -3508.63 4681.34 -1 0
-8546.85 3451.33 -2151.11 9465.66 1 1
event 26
-9532.55 -1314.41 16841.3 19642.2
4559.98 1348.25 22872.8 23362.1 -1 0
-3380.06 -1387.57 4101.13 5493.69 1 1
7020.49 237.255 36479.8 37150.1 1 0
-6152.49 73.1595 12740.1 14148.5 -1 1
event 27
4773.73 -6587.38 -12663 15495.9
1046.08 11192.3 -19239.4 22282.9 1 0
3258.47 -2605.16 -3725.69 5594.32 -1 1
-538.397 2224.21 -6827.32 7201.42 -1 0
1515.26 -3982.21 -8937.29 9901.54 1 1
event 28
-1681.6 -7008.89 -11817.8 14184.7
-2115.74 -3559.51 -8073.7 9074.26 -1 1
434.134 -3449.38 -3744.15 5110.43 1 1
-5535.55 1491.8 -12525.7 13775.8 -1 0
-2296.02 273.244 -9593.42 9868.7 1 0
event 29
8544.47 -2145.08 -37229 38382.3
-2375.24 3015.98 -3945.73 5506.17 -1 0
2265.7 -918.573 -5580.09 6093.08 1 1
-5911.23 6420.51 -12575.9 15307.9 1 0
6278.78 -1226.51 -31648.9 32289.2 -1 1
event 30
7313.44 -3642.71 24104.1 25638.9
-1278.76 -3264.81 5038.19 6139.12 1 0
2430.65 -191.375 4218.92 4873.92 -1 1
4882.78 -3451.34 19885.2 20765 1 1
-3651.52 -2871.84 6710.34 8162.16 -1 0
event 31
-9065.07 4149.51 -27777.6 29674.5
-4828.5 3875.92 -16584.7 17703.1 -1 1
-4236.57 273.59 -11192.8 11971.4 1 1
6504.78 -576.948 -7937.25 10278.9 -1 0
2859.15 -758.77 -4841.12 5674.33 1 0
event 32
-11710 -5296.81 -3057.96 13569.2
3346.34 1192.27 5578.96 6614.79 1 0
-6300.71 -1500.86 -2474.3 6934.32 1 1
3175.67 1545.95 1983.95 4052.41 -1 0
-5409.27 -3795.95 -583.659 6634.86 -1 1
event 33
-7245.92 1994.69 -13106.1 15422.1
2115.98 5497.08 419.441 5906.13 1 0
-3216.75 865.034 -8831.29 9439.21 1 1
-625.274 2166.58 -1125.81 2522.62 -1 0
-4029.17 1129.66 -4274.79 5982.92 -1 1
event 34
-12322.6 2102.11 -10529.8 16635.3
-9195.16 2104.45 -6182.6 11279 1 1
-3127.48 -2.33814 -4347.18 5356.33 -1 1
-2423.56 -457.139 1880.13 3103.01 -1 0
-5884.54 -637.765 8926.95 10711.5 1 0
event 35
-8182.71 525.137 -6482.17 10901.4
-5625.23 -1099.75 -4198.92 7105.96 1 1
-2557.48 1624.88 -2283.26 3795.44 -1 1
-16774.2 -422.212 22221.8 27845.5 -1 0
-2179.72 -524.162 3210.92 3917.54 1 0
event 36
-2406.35 -7193.29 3806.6 9034.04
2286.84 3192.58 -5729.2 6946.73 -1 0
461.433 -2913.6 2034.67 3585.11 -1 1
3779.09 3713.26 -10263.6 11550.9 1 0
-2867.78 -4279.69 1771.94 5448.93 1 1
event 37
-5248.59 -8105.99 20568.8 22933
4315.16 915.6 9560.02 10529.2 1 0
-2191.3 -1569.87 7964.23 8408.71 1 1
10081.8 5734.71 25524.4 28036.4 -1 0
-3057.29 -6536.13 12604.5 14524.2 -1 1
event 38
7172.99 9862.95 33984.1 36238.6
-3869.32 -2288.4 -438.975 4518 -1 0
1578.4 4132.19 14866.7 15511.2 1 1
5594.59 5730.76 19117.4 20727.4 -1 1
-2630.62 -654.573 -448.326 2749.69 1 0
event 39
-658.175 -7526.55 -6876.26 10675
-1860.36 3823.09 22548 22945.6 -1 0
-1654.43 -2747.56 -3439.27 4703.82 1 1
97.3895 6491.27 23801.5 24671.2 1 0
996.25 -4778.99 -3436.99 5971.21 -1 1
event 40
204.38 13150.4 15432.8 20511.9
-662.447 -3038.13 -5849.38 6625.37 -1 0
-772.987 1897.89 1338.61 2450.01 -1 1
977.367 11252.5 14094.2 18061.9 1 1
-3839.29 -2300.03 -6384.08 7797.3 1 0
event 41
9034.72 -3944.51 11100.2 15165.4
-8807.71 -3500.84 -12936.6 16037.4 1 0
3595.45 -2513.37 6764.39 8063.02 -1 1
-3919.29 -28.3772 -4904.93 6279.42 -1 0
5439.27 -1431.14 4335.8 7102.41 1 1
event 42
7760.23 -3233.13 11057.6 14231.5
-4942.99 -485.844 -5937.07 7741.39 -1 0
2089.93 476.338 3230.22 3878.17 1 1
5670.3 -3709.47 7827.4 10353.4 -1 1
-5408.38 -1707.62 -6473.09 8606.89 1 0
event 43
5257.33 18146.9 34341.5 39317.6
7635.4 3139.89 5883 10138 -1 0
646.737 4420.25 10674.3 11571.9 -1 1
4610.59 13726.7 23667.2 27745.7 1 1
3445.99 1510.96 2029.09 4276.24 1 0
event 44
3813.22 14447.7 25729.7 29914.6
2803.92 1634.37 2739.01 4248.11 1 0
1413.62 1518.83 2880.41 3551.49 1 1
2399.6 12928.8 22849.3 26363.1 -1 1
4009.34 1745.18 2865.96 5229.28 -1 0
event 45
6201.22 -10548.8 -20552.1 24118.7
2872.03 -7885.42 -14590 16831.8 1 0
3468.93 -4795.04 -7169.66 9297.37 -1 1
2232.13 -1380.79 -4269.52 5012.88 -1 0
2732.3 -5753.78 -13382.4 14821.3 1 1
event 46
8981.74 573.332 -7262.96 11972.4
5600.95 1117.05 -2844.07 6381.09 -1 1
3380.79 -543.718 -4418.9 5591.35 1 1
2994.74 696.213 -3701.43 4813 -1 0
5153.81 -248.644 -9439.25 10758 1 0
