event 0
-8544.17 531.438 44946.2 45858.9
-4470.96 1853.86 25636.2 26089.3 -1 0
-3650.92 1686.65 22428.5 22786.5 -1 1
-4893.25 -1155.21 22517.7 23072.4 1 1
-2840.82 1933.1 15130.9 15516.6 1 0
event 1
-7978.32 1271.38 -4548.11 9774.83
2682.78 -2468.31 -9501.07 10177 1 0
-2717.77 362.047 -3299.28 4291.12 -1 1
-5260.55 909.333 -1248.84 5483.71 1 1
1367.25 -4255.83 -16397.1 16995.8 -1 0
event 2
-2558.73 -6860.23 4300.17 9038.38
1278.1 3198.06 -4162.31 5403.44 1 0
458.004 -3063.37 1699.88 3534.79 1 1
2249.17 9083.5 -8499.97 12642.4 -1 0
-3016.73 -3796.86 2600.29 5503.59 -1 1
event 3
-10824.7 2539.76 -3589 12087
728.453 -5407.4 9252.29 10741.8 -1 0
-5333.07 -45.5884 -2607.53 5937.51 -1 1
-5491.64 2585.35 -981.468 6149.52 1 1
-1502.77 -1561.4 2814.68 3553.85 1 0
event 4
19142.8 -6248.55 -1963.05 20467.9
5347.47 -2383.83 -6059.34 8426.44 -1 0
4071.86 -337.264 402.13 4106.9 1 1
15071 -5911.28 -2365.18 16361 -1 1
1518.97 -2814.37 -3133.67 4478.73 1 0
event 5
-7776.9 2239.93 33009.6 34128
-5245.09 2788.01 20051.2 20912.8 1 1
-2531.81 -548.082 12958.4 13215.2 -1 1
-4488.32 -7973.32 -5536.92 10695.2 1 0
-3149.06 -5773.58 -3039.32 7245.65 -1 0
event 6
-14127.7 3731.36 61150.5 62948.3
-2534.55 -4579.2 -2891.86 5980.55 1 0
-6310.65 1366.49 33498.8 34115.6 1 1
-1549.93 -1790.93 -471.159 2417.21 -1 0
-7817.03 2364.87 27651.6 28832.7 -1 1
event 7
3440.04 -9037.36 -11038.8 14998.5
-846.842 3026.59 -2431.33 3974.91 1 0
1164.87 -4344.6 -2972.66 5392.62 1 1
476.241 2392.98 -153.474 2447.01 -1 0
2275.16 -4692.76 -8066.15 9605.85 -1 1
event 8
12619.5 867.689 -15032.9 19889.2
20908.7 4917.09 -36557.6 42400.8 1 0
5595.53 1328.15 -8642.24 10381.4 1 1
2776.33 1829.62 -6103.16 6950.91 -1 0
7023.92 -460.463 -6390.65 9507.84 -1 1
event 9
11354 91.1789 -14075.9 18347.9
6971.34 -846.437 -10405.2 12553.7 1 1
4382.7 937.616 -3670.66 5794.14 -1 1
21708.8 6714.03 -40057.7 46054 -1 0
3212.58 339.35 -5736.88 6584.74 1 0
event 10
16309 -600.933 -20332.3 26331.2
9232.79 2543.26 -13516.7 16565.8 -1 0
6187.95 1461.37 -6848.4 9345.48 1 1
10121 -2062.3 -13483.9 16985.7 -1 1
4886.52 1128.44 -8473.02 9846.56 1 0
event 11
5494.35 5156.72 1373.72 8261.82
4147.62 859.225 6734.17 7956.2 -1 0
296.638 2067.83 513.145 2153.7 -1 1
5197.71 3088.89 860.573 6108.12 1 1
-4483.22 2633.97 3780.06 6429.39 -1 0
event 12
1799.26 -10316.2 -39622.5 41099.8
-912.254 2887.51 832.199 3142.23 1 0
-74.6157 -2863.83 -16114.7 16367.7 1 1
-2100.77 8328.23 -2816.39 9039.68 -1 0
1873.87 -7452.41 -23507.8 24732.1 -1 1
event 13
4068.11 -13224.6 -46595.5 48705
574.485 -7062.69 -22507.9 23597.3 1 1
3493.63 -6161.93 -24087.6 25107.7 -1 1
-1234.54 3986.75 1279.53 4366.53 -1 0
-406.287 3787.77 -1234.15 4005.81 1 0
event 14
23242.4 27962.3 -108872 114825
-4876.32 -5861.77 2974.53 8185.22 1 0
9600.77 10975.5 -48347.9 50499.2 1 1
-2107.81 -970.904 1141.65 2588.44 -1 0
13641.7 16986.8 -60523.6 64325.5 -1 1
event 15
-15196.7 9843.43 -104394 105998
-6988.48 6330.31 -55377.8 56174.9 1 1
-8208.2 3513.13 -49016.7 49823.3 -1 1
-1219.43 -8038.52 -8469.79 11741.1 -1 0
1622 -3381.52 -5808.8 6915.12 1 0
event 16
9474.24 -8918.57 -38046.8 40329.3
-3639.95 2984.64 -4901.29 6796.4 -1 0
2248.91 -4137.84 -13415.2 14218.3 -1 1
-1867.58 2086.17 -4725.86 5494.08 1 0
7225.33 -4780.73 -24631.6 26111 1 1
event 17
2065.95 -11783.5 2551.98 12618.4
-1715.21 2875.39 6386.76 7211.91 -1 0
1410.56 -2997.07 1808.79 3775.58 -1 1
655.385 -8786.46 743.184 8842.79 1 1
9.21895 7191.89 9219.65 11693.4 1 0
event 18
-436.021 -10340.1 -3663.21 11407
7966.47 1372.51 -19027 20673.3 1 0
1200.77 -2299.25 -848.341 2731.16 -1 1
9150.1 -1196.87 -24032.6 25743.6 -1 0
-1636.79 -8040.88 -2814.87 8675.8 1 1
event 19
-13783.4 269.293 -23280.4 27232.7
7781.2 -4848.07 4032.33 10016.1 1 0
-6295.73 630.329 -7896.81 10119.5 1 1
4423.28 -1110.07 1864.99 4928.19 -1 0
-7487.64 -361.036 -15383.6 17113.2 -1 1
event 20
-7436.7 2678.92 -537.265 8506.51
-10230.5 -4930.46 -558.007 11370.8 1 0
-3188.87 -299.476 413.115 3231.16 1 1
-2437.14 -1472.59 -1737.22 3337.26 -1 0
-4247.84 2978.39 -950.38 5275.35 -1 1
event 21
-3741.71 -17693.4 3155.67 18617.3
2805.24 7816 4067.07 9247.24 -1 0
-1789.05 -4128.07 1792.55 4844.18 1 1
-1952.66 -13565.3 1363.12 13773.1 -1 1
812.046 2761.28 949.445 3032.61 1 0
event 22
-8824.06 63.4984 -18075.7 20351.6
-4775.52 3201.16 -2262.39 6179.21 1 0
-4325.84 -1421.94 -7721.99 8965.22 -1 1
-4105.55 423.162 99.8046 4129.86 -1 0
-4498.22 1485.44 -10353.7 11386.4 1 1
event 23
-6120.13 -11050.2 12470 18018.2
2675.58 -3010.05 1227.89 4211.65 -1 0
-2394.7 -3155.01 5831.49 7050.25 1 1
-3725.43 -7895.24 6638.52 10967.9 -1 1
1983.38 -308.539 -1105.78 2294.1 1 0
event 24
-5788.27 -4074.65 9291.93 12084.6
3348.13 130.969 -5271.35 6247.03 1 0
-2745.8 -141.013 3400.23 4374.02 1 1
5948.25 -829.787 -14033.1 15264.6 -1 0
-3042.47 -3933.63 5891.7 7710.61 -1 1
event 25
9017.53 -2522.08 -3892.92 10603
5783.65 -68.0755 -1984.51 6115.94 -1 1
3233.88 -2454 -1908.41 4487.02 1 1
-3355.03 219.846 7150.63 7902.36 -1 0
-2288.81 -959.608 4456.16 5101.77 1 0
event 26
-4704.76 -5731.94 -4098.5 9020.93
-3680.17 -2159.36 -2688.92 5044.6 1 1
-1024.59 -3572.58 -1409.58 3976.33 -1 1
-6101.82 -9891.05 -771.813 11647.8 -1 0
-4963.12 -6470.4 -190.397 8157.57 1 0
event 27
2930.56 6726.46 -7922.16 11233.2
340.626 3994.88 -2869.29 4931.44 -1 1
2589.93 2731.58 -5052.87 6301.74 1 1
-6541.49 1852.68 33528.2 34210.7 -1 0
-2991.92 198.648 12555.5 12909.1 1 0
event 28
6562.11 -3222.86 33800.5 34720.5
3187.14 -3230.79 20690.6 21182.8 -1 1
3374.97 7.92855 13109.8 13537.7 1 1
4996.57 -9745.96 31104.5 32976.6 -1 0
1541.57 -1505.92 6583.18 6927.75 1 0
event 29
-7239.15 4588.5 15356.9 17857.4
-4135.54 4043.44 8183.39 10021.5 -1 1
-3103.61 545.064 7173.53 7835.83 1 1
2870.2 -7105.4 2028.58 7927.86 -1 0
1018.38 -2311.96 971.166 2708.61 1 0
event 30
11934.3 53.283 11136.7 16614.7
7329.73 -1148.08 5493.66 9232.26 -1 1
4604.58 1201.36 5642.99 7382.4 1 1
-3510.47 -1612.18 -2910.39 4837.77 -1 0
-359.337 2945.14 -15118.9 15407.6 -1 0
event 31
5082.21 6724.6 -33510.7 34693
3883.29 2578.45 -17310.8 17927.7 1 1
1198.92 4146.15 -16199.8 16765.3 -1 1
-10569.7 -358.263 -38213 39649.6 -1 0
-3380.18 388.645 -20267.7 20551.6 1 0
event 32
-10768.1 673.213 -1496.35 11324.1
772.687 3065.81 -14810 15144.1 1 0
-1825.47 -913.278 -864.596 2219.26 1 1
-8942.67 1586.49 -631.753 9104.87 -1 1
2084.75 4782.41 -30276.4 30722.8 -1 0
event 33
-4019.47 13524.1 -25663.4 29449.3
-1488.87 9097.48 -18315.8 20505.1 1 1
-2530.6 4426.65 -7347.63 8944.16 -1 1
661.575 -3234.74 -6108.54 6944.54 -1 0
-776.226 -2018.71 -2042.1 2976.42 1 0
event 34
-15877.5 -13833.5 -118492 120388
8874.63 6360.15 -21480.8 24096.6 -1 0
-7443.02 -4501.64 -46961 47759.9 1 1
-8434.48 -9331.89 -71530.7 72628.4 -1 1
4997.01 5309.45 -11368.1 13505.7 1 0
event 35
-12568.7 -162.342 10898.9 16922.7
-7205.29 1410.61 6554.61 9842.77 1 1
-5363.45 -1572.96 4344.31 7079.9 -1 1
2210.84 3397.43 7254.51 8310.8 -1 0
3468.31 1081.65 4109.84 5486.44 -1 0
event 36
1220.2 12674 28404.5 31281.3
984.836 7751.75 20795.3 22215.2 -1 1
235.363 4922.28 7609.15 9066.12 1 1
-93.5017 4666.28 12708.9 13539.2 -1 0
-1068.99 3829.71 12898.3 13497.7 1 0
event 37
2709.72 16457.1 38304.6 41892.9
-469.372 6554.91 17071.4 18292.9 -1 0
347.446 3640.1 5622.34 6707.68 -1 1
2362.27 12817 32682.3 35185.2 1 1
-801.43 2477.66 7931.13 8348.36 1 0
event 38
29681.7 10898.2 23102.5 39282.2
19946.6 8033.64 14083.3 25705.2 -1 1
9735.11 2864.59 9019.22 13577 1 1
-6400.12 -2444.76 14670.9 16192.1 -1 0
-2677.71 44.4094 6216.46 6769.61 1 0
event 39
10959.7 27563.5 -13976.2 32936.1
6918.81 18309.1 -10770.9 22341 1 1
4040.9 9254.41 -3205.26 10595.2 -1 1
509.016 -19762.1 65042.6 67980.5 -1 0
-1211.41 -6534.29 21304.2 22316.9 1 0
event 40
11856 28620.5 -14816.1 34479.1
280.119 -7876.14 22425.2 23770 -1 0
1616.66 3226.06 -715.002 3680.14 1 1
10239.3 25394.5 -14101.1 30798.9 -1 1
-287.515 -11821.4 38731.3 40496.4 1 0
event 41
-3884.23 9557.35 8958.79 14010
-3262.4 4793.5 3664.43 6860.04 -1 1
-621.825 4763.85 5294.35 7149.98 1 1
-457.178 -8999.37 -16020.2 18380.9 -1 0
437.604 -3834.49 -6998.33 7992.66 1 0
event 42
-14226.6 -11190.8 -29977.9 35155.3
7053.51 3643 891.931 7989.38 -1 0
-2480.58 -3412.45 -5810.83 7181.57 1 1
-11746.1 -7778.38 -24167.1 27973.8 -1 1
2442.08 1878.8 -596.378 3140.14 1 0
event 43
2578.83 -10109.5 -13708.1 17503
1571.12 -5889.11 -10363.7 12023.6 -1 1
1007.71 -4220.42 -3344.35 5479.35 1 1
10553 1190.8 -9377.17 14167.8 -1 0
4220.88 528.764 -4808.18 6420.68 1 0
event 44
1136.8 -8849.08 -13598.4 16556.1
3980.8 -266.931 -3369.66 5223.39 -1 0
896.351 -2830.62 -7091.71 7688.91 1 1
7213.88 -183.187 -8105.37 10852.7 1 0
240.449 -6018.46 -6506.68 8867.23 -1 1
event 45
8897.9 -6675.79 -15677.7 19471
5245.84 -3937.45 -11708.9 13421.3 1 1
3652.05 -2738.34 -3968.83 6049.69 -1 1
-2163.55 -3632.97 -11808.8 12543.5 -1 0
-3034.92 -5427.9 -12718.4 14157.8 1 0
event 46
5683.6 -7491.22 29376.7 31000
1834.51 -4966.72 15684.5 16554.4 -1 1
3849.09 -2524.5 13692.1 14445.6 1 1
-674.131 3062.94 8802.37 9344.99 -1 0
-1412.81 2699.97 4997.35 5854.1 1 0
event 47
10530.4 11623.2 -16659.9 23089.6
-2541.87 -2899.98 -21859.7 22197.5 1 0
3256.77 5214.27 -4995.12 7921.97 1 1
-93.6581 -2290.07 -5848.98 6282.91 -1 0
7273.65 6408.94 -11664.7 15167.7 -1 1
event 48
-2140.94 -10688.9 -4769.75 12295.4
2489.04 3345.3 -7109.11 8242.39 1 0
-185.949 -2389.89 230.768 2410.52 -1 1
5592.96 6886.29 -7751.21 11781.1 -1 0
-1954.99 -8298.97 -5000.52 9884.89 1 1
event 49
-5149.32 -17961.3 -7313.8 20302.9
2872.69 5817.43 -5646.07 8601.4 -1 0
-584.059 -6454.52 -1646.73 6687.67 -1 1
-4565.26 -11506.8 -5667.08 13615.3 1 1
2118.79 2372.09 -5062.41 5979.57 1 0
event 50
8428.96 8870.06 -22463.2 25766.5
-2634.12 -2965.4 2958.8 4949.54 -1 0
3272.54 1442.54 -6186.45 7146.59 1 1
-10729.6 -4382.33 7952.37 14056.3 1 0
5156.42 7427.52 -16276.8 18619.9 -1 1
event 51
-6767.54 6792.71 7872.57 12787.1
-1395.36 -3474.15 7225.52 8138.55 -1 0
-986.132 2891.85 1862.24 3579.72 -1 1
-5274.93 -5329.53 10365.4 12793.8 1 0
-5781.4 3900.86 6010.33 9207.42 1 1
event 52
-395.69 -7750.86 40766.7 41662.3
1567.57 -4734.77 23129.3 23661.1 -1 1
-1963.26 -3016.1 17637.4 18001.1 1 1
-2271.27 2135.79 15350.8 15664.6 -1 0
-487.762 4539.2 14859.3 15545.2 1 0
event 53
-12979 7684.37 6287 16631.9
-1940.4 -3502.3 7337.27 8359.3 1 0
-1075.47 1818.65 644.638 2211.52 -1 1
-11903.5 5865.73 5642.36 14420.4 1 1
-1280.65 -4269.69 5446.99 7039.26 -1 0
event 54
1759.65 21254.5 -111424 113489
1445.34 11353 -51982.9 53227.9 1 1
314.307 9901.53 -59440.9 60260.9 -1 1
854.104 -4481.23 -9046.72 10132.4 -1 0
362.792 -2539.07 -12949.3 13201.3 1 0
event 55
11858 12603.3 38525.5 42346.9
-3426.63 -5086.36 25691.6 26413.7 -1 0
1495.43 3281.59 6912.15 7797.06 -1 1
10362.6 9321.72 31613.4 34549.9 1 1
-222.75 -3010.34 9344.96 9820.96 1 0
event 56
-7692.23 380.383 891.538 8348.71
-1666.82 -2620.09 -951.121 3249.45 -1 0
-2758.17 -964.738 1335.05 3214.31 -1 1
-4934.05 1345.12 -443.517 5134.41 1 1
998.723 -4308.06 -3287.35 5511.32 1 0
event 57
-567.55 -7671.71 -23333.8 24763.5
4849.17 1819.32 825.874 5245.72 1 0
-1617.55 -2722.56 -10516.1 10983.1 1 1
1688.83 1255.65 2103.45 2977.32 -1 0
1049.99 -4949.15 -12817.7 13780.4 -1 1
event 58
4684.13 -8285.17 11907.5 15555.2
2072.71 -5463.75 5198.4 7821.97 -1 1
2611.42 -2821.42 6709.06 7733.21 1 1
5604.48 2235.54 2140.74 6403.26 -1 0
3102.79 135.7 1168.69 3320.05 1 0
event 59
-6960.02 -6675.02 20687.2 23033.6
1697.04 2684.08 5572.55 6414.73 -1 0
-2158.13 -406.231 3777.45 4370.68 1 1
-4801.89 -6268.79 16909.7 18662.9 -1 1
3387.17 3578.34 4827.42 6898.74 1 0
event 60
-18095.3 2701.65 5083.33 19239.8
-12739 601.214 4139.05 13408.4 1 1
-5356.36 2100.44 944.282 5831.41 -1 1
1703.95 -3214.09 -4179.94 5542.28 -1 0
1652.83 -1936.7 -1811.84 3126.75 1 0
event 61
13828.5 -4891.21 -22938.3 27402.7
9673.36 -2354.07 -13407.8 16700.2 -1 1
4155.12 -2537.14 -9530.45 10702.5 1 1
1325.26 3059.32 1744.92 3764.52 -1 0
-340.631 2492.71 64.8924 2518.93 1 0
event 62
-4222.92 -5513.75 18024.5 19563
-2929.37 -2813.29 13787.2 14373.4 -1 1
-1293.56 -2700.47 4237.36 5189.62 1 1
-2852.5 -3925.25 17764.3 18415.4 -1 0
-724.187 -4081.12 11972.8 12670.4 1 0
event 63
2215.94 10361.4 28028.4 30124
2050.87 -3811.84 2315.35 4910.01 -1 0
626.516 4119.59 7171.71 8295.07 -1 1
1589.43 6241.77 20856.7 21828.9 1 1
1633.08 -2009.59 1946.66 3241.3 1 0
event 64
15031 -28134.2 14705.9 35260.7
12.0766 5133.36 13986.9 14899.5 1 0
2133.17 -2569.58 836.256 3444.36 -1 1
12897.8 -25564.6 13869.6 31816.3 1 1
4862.17 16411.9 39021 42610.4 -1 0
event 65
4340.04 5997.65 3818.46 8887.04
1491.17 4625.09 2284.9 5370.94 -1 1
2848.87 1372.56 1533.56 3516.1 1 1
-1825.99 -9605.7 645.224 9799.55 -1 0
-713.81 -2479.79 -209.784 2591.15 1 0
event 66
7578.62 5048.55 15229.9 18012.9
-1419.63 -3402.76 2103.36 4246.11 1 0
2863.92 3405.73 5492.98 7070.01 -1 1
-366.843 -2762.64 4510.89 5303.4 -1 0
4714.7 1642.82 9736.91 10942.8 1 1
event 67
7387.34 4406.41 40733.8 41747.2
-3503.02 2072.32 20038.6 20448.1 1 0
4030.03 1435.77 13984.4 14624.6 -1 1
-2153.41 452.693 11518.5 11727.2 -1 0
3357.32 2970.64 26749.4 27122.6 1 1
event 68
-12453.9 -1388.7 -17647.8 21864.7
4305.58 2999.07 1313.48 5410.07 -1 0
-3433.71 -1435.76 -3664.95 5224.44 1 1
-9020.23 47.0562 -13982.8 16640.2 -1 1
1626.22 1597.62 1397.21 2675.88 1 0
event 69
-5915.91 -19938.3 -46232.4 50789.4
-5209.28 -12393.6 -30040.2 32911.4 -1 1
-706.627 -7544.71 -16192.2 17878 1 1
805.632 7422.16 -15746.3 17426.8 -1 0
3185.82 -79.5363 9132.94 9673.55 1 0
event 70
-8811.44 2242.19 -29716.1 31229.9
10155.5 2256.69 -17693.8 20525.8 1 0
-3345.28 1450.5 -16633.7 17029 1 1
2516.09 110.279 -2015.19 3227.24 -1 0
-5466.16 791.694 -13082.3 14200.9 -1 1
event 71
-4357.79 -10859.9 2758.52 12414.7
-4281.07 1748.02 -3732.2 5943.36 -1 0
-3415.03 -4379.65 1313.21 5707.84 1 1
3814.72 -692.496 14204.3 14724.3 1 0
-942.76 -6480.23 1445.31 6706.89 -1 1
event 72
9609.56 -8851 -6953.28 15120.3
-7531.72 -376.188 -37.0427 7541.94 -1 0
3003.05 -1180.26 -2381.82 4011.93 1 1
6606.51 -7670.74 -4571.45 11108.4 -1 1
-2566.19 -448.162 849.341 2742.03 1 0
event 73
828.995 -14113.3 -4470.11 15147.4
-6209.88 -1620.24 6106 8859.02 1 0
1609.73 -3860.02 -1099.11 4325.53 1 1
-12405.5 -1423.41 14377.4 19043.2 -1 0
-780.732 -10253.3 -3371.01 10821.9 -1 1
event 74
3728.87 -12820.9 -4077.41 14300.2
3848.21 -8894.01 -2168.66 9931.08 1 1
-119.34 -3926.9 -1908.75 4369.13 -1 1
-15089 -4283.09 16286.1 22611.3 -1 0
-2511.9 -572.335 3216.1 4122.09 1 0
