event 0
20696.2 -262.078 2860.85 21123
10776.8 -694.826 2941.79 11193.2 -1 1
9919.49 432.748 -80.9409 9929.82 1 1
-3253.69 1163.12 7967.7 8685.31 -1 0
-2032.34 1426.26 6678.46 7125.84 1 0
event 1
2691.04 -6908.19 -7647.09 11092
1667.52 -3735.33 -6261.74 7480.23 1 1
1023.52 -3172.86 -1385.35 3611.79 -1 1
-17413.4 5050 -19805.9 26851.7 -1 0
-3024.33 -173.542 -3534.1 4655.93 1 0
event 2
4610.8 -14663.7 -82264.7 83745.7
-2047 7357.72 -7356.54 10604.5 1 0
2371.52 -5322.35 -24204.4 24896.1 1 1
-1303.56 12118 -10172.7 15875.8 -1 0
2239.28 -9341.39 -58060.3 58849.7 -1 1
event 3
10786.9 -4682.67 20479.6 23817.8
7609.25 -2537.13 16157.4 18039.1 -1 1
3177.67 -2145.54 4322.18 5778.69 1 1
-3742.47 528.563 -102.772 3782.48 -1 0
-2981.3 2730.69 2063.11 4540.08 1 0
event 4
-14485.2 5640.91 -20350.1 25794.5
2516.85 -1873.96 -10203.4 10675.5 1 0
-6693.95 1288.21 -10316.1 12365.3 1 1
2501.91 -496.201 -5411.69 5983.59 -1 0
-7791.28 4352.69 -10034.1 13429.2 -1 1
event 5
-5537.03 -3265.78 -611.263 7161.66
-532.684 3883.75 -734.541 3989.73 1 0
-1150.14 -1784.27 873.544 2297.97 -1 1
-1141.14 4726.99 -2702.69 5564.38 -1 0
-4386.89 -1481.5 -1484.81 4863.69 1 1
event 6
-5689.8 21157.9 -34609 41078
-5290.03 15971.3 -24697.7 29884 -1 1
-399.771 5186.53 -9911.39 11194 1 1
1797.27 -3399.34 -6181.86 7280.96 -1 0
-532.551 -1989.44 -4824.71 5246.95 1 0
event 7
4755.3 6196.03 -330.797 8408.57
1732.79 4277.31 729.06 4673.4 1 1
3022.51 1918.72 -1059.86 3735.17 -1 1
-2964.2 -1885.89 -6962.64 7799.52 -1 0
-2480.44 -3207.01 -11154.2 11868.6 1 0
event 8
-492.778 16185.2 1812.49 16585.5
-1088.31 9050.03 2321.16 9406.72 1 1
595.53 7135.13 -508.665 7178.76 -1 1
-36.4859 -6222.39 -20186.8 21124.3 -1 0
-782.431 -3525.4 -8656.14 9379.8 1 0
event 9
9735.44 -1493.48 2306.75 10579.3
-2310.77 1964.87 -2337.52 3830.87 1 0
1886.91 896.182 787.239 2234.84 -1 1
7848.52 -2389.67 1519.51 8344.45 1 1
-4550.24 2468.01 -4353.8 6764.8 -1 0
event 10
-5468.04 -3469.99 -12778.5 14656.8
-3400.8 -3399.38 -6794.75 8324.72 -1 1
-2067.24 -70.6112 -5983.77 6332.07 1 1
5021.79 -2744.48 -5304.45 7803.77 -1 0
4796.21 -1296.44 -1620.7 5227.07 1 0
event 11
-5378.51 6699.67 38563.2 39680.3
-3081.32 -1335.59 3191.76 4634.31 1 0
-1562.63 3706.99 23876.9 24213.6 1 1
-1914.31 636.665 630.544 2116.28 -1 0
-3815.88 2992.68 14686.3 15466.6 -1 1
event 12
-15508.5 11844.7 100073 102024
-9048.57 5496.08 46402.8 47595.3 1 1
-6459.9 6348.6 53670.1 54429.1 -1 1
2490.67 -3714.96 -1581.43 4745.15 -1 0
2143.88 -3707.31 310.928 4295.14 1 0
event 13
-8385.04 11038.8 48580.3 50614.2
-1259.06 -6391.15 8673.04 10847.3 -1 0
-2070.97 4916.89 15928.2 16798.3 -1 1
-6314.07 6121.86 32652.1 33815.9 1 1
895.843 -2190.25 2649.06 3553.65 1 0
event 14
3996.05 -9589.79 18467.7 21414.5
-75.5317 4192.69 12007.1 12718.8 -1 0
-76.0649 -3519.85 5613.86 6627.35 -1 1
4072.12 -6069.94 12853.9 14787.1 1 1
-1063.79 1824.01 7164 7469.45 1 0
event 15
4124.48 -4990.2 2453.83 7584.54
1644.95 -4255.72 1865.46 4930.32 1 1
2479.53 -734.477 588.371 2654.22 -1 1
1114.55 -12420.9 14683.8 19265.2 -1 0
-1032.81 -5057.48 8309.13 9782.51 1 0
event 16
21068.5 -5654.33 -43032.5 48345
11548.3 -1502.69 -22688.7 25503.1 -1 1
9520.14 -4151.64 -20343.8 22841.9 1 1
3515.77 8780.07 -14943 17684.8 -1 0
1353.28 2103.34 -4434.56 5092.33 1 0
event 17
-11445.8 10581.8 12278.9 20083.4
-6450.46 4966.79 8095.06 11481.2 -1 1
-4995.36 5615.02 4183.8 8602.17 1 1
10055.5 -1452.51 34836.4 36287.8 -1 0
8729.96 -3338.15 28910.4 30383.9 1 0
event 18
-13213.1 12076 12994.2 22335.1
-8967.22 6239.22 7272.26 13123.9 1 1
-4245.86 5836.74 5721.98 9211.25 -1 1
13201.2 -3906.14 47128.1 49097.9 -1 0
3649.7 -1451.78 10354 11074.4 1 0
event 19
-6140.38 3994.53 -11691 14139.7
-3285.05 2300.3 -3587.74 5382.01 1 1
-2855.32 1694.23 -8103.28 8757.72 -1 1
4727.34 -3872.86 -4155.64 7391.02 -1 0
3452.52 -3052.29 -1237.95 4772.84 1 0
event 20
5491.7 -2096.42 483.418 6661.73
3343.79 -2517.86 -578.001 4226.79 1 1
2147.91 421.44 1061.42 2434.94 -1 1
-4668.54 -2117.96 17931.1 18649.8 -1 0
-4387.41 -1038.55 10964.3 11855.6 1 0
event 21
9345.18 -4739.7 -6849.03 12895.6
-1864.08 -2578.19 -2004.73 3761.91 -1 0
4437.18 -1414.23 -4620.72 6561.32 -1 1
2317.05 4.44185 -4569.85 5124.79 -1 0
4908 -3325.48 -2228.31 6334.33 1 1
event 22
1757.31 7535.73 4269.46 9364.53
709.498 4540.78 807.796 4667.52 1 1
1047.81 2994.96 3461.66 4697.01 -1 1
-240.882 7649.93 869.215 7703.65 -1 0
899.713 2283.1 713.228 2557.71 1 0
event 23
-5659.39 13798.3 -13001.4 20026.3
992.956 -8567.12 -9374.33 12738.6 1 0
-3935.32 6386.85 -7705.63 10754.8 -1 1
396.089 -4192.73 -6787.08 7988.21 -1 0
-1724.07 7411.49 -5295.8 9271.42 1 1
event 24
-3735.08 10250.6 -11266 15985.6
-438.056 -7816.87 -10056.7 12745.4 -1 0
-433.185 2661.27 -1199.25 2952.85 1 1
2837.23 -11359.5 -17520.6 21073 1 0
-3301.89 7589.32 -10066.8 13032.7 -1 1
event 25
-9652.88 35930.3 -22925.8 43810.4
-3081.56 9766.11 -19571.5 22089.1 -1 0
-1657.95 7372.46 -3286.85 8241.15 1 1
-7994.93 28557.9 -19639 35569.3 -1 1
458.429 4162.01 -6050.61 7358.91 1 0
event 26
7385.45 22423.4 -26257 35445.4
3731.03 14673.3 -18302.9 23753.6 -1 1
3654.42 7750.15 -7954.13 11691.8 1 1
5841.48 1287.36 -197.656 5985.85 -1 0
3818.64 1417.72 -771.097 4147.01 1 0
event 27
3850.33 14568.1 -17960.5 23647.9
2107.09 10610.1 -14594.3 18166.4 -1 1
1743.24 3957.91 -3366.2 5481.46 1 1
11977.1 6885.24 -4029.69 14391.2 -1 0
3061.46 1001.61 -1269.77 3463.99 1 0
event 28
6505.87 10098.5 -8321.67 14938.1
-2226.01 -4740.55 -13264.4 14261.3 1 0
470.364 2937.49 -1384.54 3283.01 1 1
-5702.53 -9416.47 -37796.5 39367.2 -1 0
6035.5 7161 -6937.13 11655.1 -1 1
event 29
-7175.16 1604.23 603.788 8000.67
-4565.28 -272.703 1200.06 4729.42 1 1
-2609.88 1876.93 -596.272 3271.25 -1 1
-3140.33 3907.74 1462.45 5223.22 -1 0
-1687.47 2432.06 384.057 2986.83 1 0
event 30
-3032.9 9646.81 10245.3 14724.7
-2105.19 5042.02 3448.47 6461.96 1 1
-927.708 4604.79 6796.84 8262.74 -1 1
12371.1 -2517.22 20457.6 24039.7 -1 0
4645.83 96.745 10252 11256.4 1 0
event 31
-4071.72 17002.9 18759.3 25907
-2054.74 11531.6 14722.9 18814.2 -1 1
-2016.98 5471.3 4036.42 7092.75 1 1
4522.5 306.52 8606.55 9727.84 -1 0
3578.5 139.288 6775.11 7664.1 1 0
event 32
9367.55 1226.88 3962.22 10887.7
-4594.79 -2744 6498.41 8419.16 -1 0
2780.73 1030.5 -385.286 2992.32 1 1
6586.82 196.382 4347.51 7895.36 -1 1
-4010.98 -4278.69 3413.83 6786.79 1 0
event 33
10558.9 5362.3 -45979.3 47580.8
-5056.47 -5072.21 -17486.6 18896.7 -1 0
2139 2615.76 -13171.9 13598.8 1 1
8419.9 2746.54 -32807.4 33982 -1 1
-861.904 -1934.82 -4391.36 4876.63 1 0
event 34
-39723.3 20802 -62407.1 76908.4
-26289.2 13817.4 -38786.9 48851.6 1 1
-13434.1 6984.6 -23620.1 28056.8 -1 1
7104.5 -12654 -3095.47 14838.9 -1 0
837.977 -2891.2 -143.882 3015.47 1 0
event 35
-3535.89 -6177.28 -993.85 7825.6
124.784 -4056.4 -847.707 4147.26 -1 0
-2112.84 -2322.9 945.438 3281 -1 1
-1423.05 -3854.39 -1939.29 4544.6 1 1
-1031.4 -1829.83 -1876.2 2818.4 1 0
event 36
-6642.51 -3499.11 5389.76 9747.16
-2669.77 -3023.4 2005.96 4505.96 1 1
-3972.74 -475.708 3383.79 5241.2 -1 1
2759.29 3317.15 -10121.2 11003 -1 0
3462.5 1286.23 -4449.72 5783.98 1 0
event 37
4179.53 6871.57 -31632.2 32846.1
-1802.89 -4200.11 -12073.8 12910.4 -1 0
3176.62 1837.64 -14788.6 15237.5 -1 1
1002.9 5033.92 -16843.6 17608.7 1 1
1284.21 -2288.91 -6158.49 6695.25 1 0
event 38
19137 -8717.08 -4344.8 21695.2
-12016.9 -1975.16 -16982.4 20897.9 -1 0
6403.07 -3897.33 -347.935 7504.71 -1 1
12733.9 -4819.76 -3996.87 14190.5 1 1
-2274.49 -810.773 -2423.39 3422.66 1 0
event 39
3152.04 7300.54 12108.4 14813.3
-818.509 -3304.41 2553.29 4256.71 1 0
1594.7 1519.34 1621.42 2737.09 -1 1
1557.34 5781.19 10487 12076.2 1 1
104.476 -4968.62 2953.66 5782.16 -1 0
event 40
11301.3 6393.01 -15958 20804.8
-2956.44 6602.36 -12119 14114.3 1 0
5473.84 3203.43 -10206.8 12017.3 1 1
-2829.25 4246.33 -8610.01 10009 -1 0
5827.48 3189.58 -5751.22 8787.53 -1 1
event 41
3124.76 -5232.03 7184.33 9916.85
2285.62 -2713.49 6078.96 7039.32 1 1
839.139 -2518.54 1105.37 2877.53 -1 1
-3173.04 -4390.26 7059.51 8898.9 1 0
-1845.3 -4438 3093.98 5717.06 -1 0
event 42
6538.86 -7105.1 261.039 10143.9
2233.54 -4614.79 -304.629 5137.01 -1 1
4305.32 -2490.32 565.668 5006.86 1 1
865.952 5396.95 3289.17 6380.19 -1 0
1146.98 2575 805.773 2933.71 1 0
event 43
-8909.63 5835.77 -9319.29 14487.2
-5639.93 4179.78 -4169.64 8165.56 -1 1
-3269.7 1655.99 -5149.65 6321.65 1 1
-8803.19 -2906.09 -20007.1 22050.8 -1 0
-3413.59 -825.661 -7712.93 8475.54 1 0
event 44
-4330.4 -5504.36 1159.84 7745.1
-2016.95 -4499.28 1595 5183.32 1 1
-2313.45 -1005.08 -435.158 2561.79 -1 1
5335.56 1500.62 -1140.67 5659.71 1 0
4675.84 1928.03 -3011.96 5887.6 -1 0
event 45
-4465.42 6963.53 18463.8 20467.9
1711.44 -3722.09 6431.53 7626.18 1 0
-3026.78 2885.35 11834.9 12552.4 -1 1
2950.27 -708.902 4384 5332.66 -1 0
-1438.63 4078.18 6628.85 7915.43 1 1
event 46
-17074.9 9885.25 34820.8 40141.6
50.8721 -3307.49 2438.52 4110.92 1 0
-2655.93 1640.22 8071.45 8654.69 1 1
-14419 8245.03 26749.3 31486.9 -1 1
-573.019 -4612.1 4297.24 6330.66 -1 0
event 47
-5556.35 5744 2790.76 9232.57
4712.9 2170.1 6150.33 8047.27 1 0
-2152.72 764.959 2196.93 3171.28 1 1
7953.61 6160.82 7833.01 12750.8 -1 0
-3403.62 4979.04 593.836 6061.29 -1 1
event 48
5684.97 1529.89 -6965.46 9631.61
3120.41 2351.05 -4685.9 6101.9 1 1
2564.56 -821.162 -2279.56 3529.71 -1 1
-14376.3 -1843.79 -13374.9 19722.5 -1 0
-5330.24 1112.72 -5820.09 7970.83 1 0
event 49
4759.61 14191.9 30250.6 33893.3
-6315.07 -6316.74 -11313.6 14414.9 -1 0
2628.96 3596.46 8029.79 9183.39 -1 1
2130.65 10595.5 22220.8 24709.9 1 1
-1600.9 -1334.79 -3330.59 3930.46 1 0
event 50
10672.8 -13833.4 -62710.2 65172.3
5773.97 -7941.14 -40645.3 41814.5 1 1
4898.81 -5892.28 -22064.9 23357.8 -1 1
41.0883 7506.81 -14774.7 16572.8 -1 0
-12.6978 2569.12 -7179.71 7626.27 1 0
event 51
-7609.06 6162.38 39899 41199.4
-3215.96 4394.56 23975.6 24586.5 -1 1
-4393.1 1767.83 15923.4 16612.9 1 1
1828.56 -3491.57 8404.87 9283.73 -1 0
2187.54 -1166.99 7982.67 8359.5 1 0
event 52
-11821.8 2465.7 43.7066 12467.1
1351.44 -4058.8 574.08 4317.52 1 0
-4987.12 370.107 1390.86 5191.72 1 1
-1569.17 -2557.23 962.215 3152.58 -1 0
-6834.72 2095.59 -1347.15 7275.36 -1 1
event 53
8969.27 13763.9 23985.5 29236.8
-2518.67 -1790.5 8178.91 8743.88 1 0
2808.57 5558.86 11473.7 13055.5 1 1
-1449.38 -1950.94 4316.29 4954.64 -1 0
6160.7 8205.05 12511.8 16181.3 -1 1
event 54
16544.6 -9499.81 26502.7 32801.8
1903.04 6099.03 2594.6 6896.58 -1 0
3665.76 -3189.64 8417.92 9720.29 1 1
12878.9 -6310.17 18084.8 23081.5 -1 1
4337.45 9260.1 15.8024 10226.2 1 0
event 55
-13824 2882.4 15668.4 21319.1
6561.35 -3380.88 467.873 7396.74 -1 0
-5434.02 2633.79 7152.68 9361.49 1 1
-11317.5 2403.87 21624 24524.9 -1 0
-8390.03 248.605 8515.74 11957.6 -1 1
event 56
-12989.4 -4390.73 14620.5 20380.3
5516.84 631.503 18090.3 18923.7 1 0
-5337.69 -578.403 7664.76 9358.69 -1 1
-7651.68 -3812.33 6955.74 11021.6 1 1
7399.05 919.119 39627.2 40322.6 -1 0
event 57
19228.5 5367.08 758.835 20216.5
11982.2 3986.92 -880.691 12659.2 -1 1
7246.28 1380.16 1639.53 7557.29 1 1
-5615.41 -3709.92 -18114.6 19324.8 -1 0
-1049.31 -1913.72 -4432.75 4942.04 1 0
event 58
3856.59 -13108.1 -3649.1 14477.6
5834.03 -2718.23 1534.93 6617.55 -1 0
3107.08 -5512.39 -2252.85 6717.65 1 1
749.509 -7595.73 -1396.24 7759.99 -1 1
1948.88 -1535.57 553.47 2544.33 1 0
