event 0
6770.98 -28945.4 -63229.7 69937.6
2575.63 -14920.3 -35097 38223.8 -1 1
4195.35 -14025.1 -28132.7 31713.8 1 1
6424.58 9532.39 55216.7 56400.7 -1 0
2532.86 3189.1 24393.7 24731.5 1 0
event 1
-3053.34 -8397.8 -15764.8 18383.8
1535.96 4882.41 -14448.8 15328.9 -1 0
-2187.45 -3009.49 -8646.96 9413.98 1 1
-865.889 -5388.31 -7117.79 8969.82 -1 1
-1284.13 2108.62 -10589.1 10873.6 1 0
event 2
5393.95 15621 17943.5 24590
5152.13 10618.6 12742.1 17368.7 1 1
241.824 5002.33 5201.39 7221.32 -1 1
-3393.09 -1041.59 3410.78 4923.67 -1 0
-5823.54 -470.641 8409.01 10240 1 0
event 3
-11502.4 -6696.24 -9963.28 16911.6
-5375.77 -4864.25 -5737.75 9246.23 1 1
-6126.64 -1831.99 -4225.53 7665.39 -1 1
-8322.27 -4130.12 -8105.19 12329.8 -1 0
-3509.46 -2093.19 -2914.26 5020.14 1 0
event 4
-13914.9 759.002 29060.9 32377.9
-7220.24 -1032.69 16253.3 17815.1 -1 1
-6694.64 1791.69 12807.6 14562.8 1 1
-12026.5 47.1429 24272.7 27089 -1 0
-7483.63 1599.51 15678 17446.4 1 0
event 5
12788.8 8787.42 -21211.5 26463
4847.97 11201.4 13790.1 18416.1 -1 0
2690.39 1913.37 -6876.1 7628.31 1 1
10098.4 6874.04 -14335.4 18834.7 -1 1
1561.57 2695.92 6293.63 7023.35 1 0
event 6
5475.64 10446.3 18495.9 22153.9
5488.23 4554.02 -9025.49 11503.5 1 0
1453.4 2943.65 7941.12 8593.6 -1 1
10053.7 6256.84 -15669.1 19640.7 -1 0
4022.24 7502.67 10554.7 13560.3 1 1
event 7
11714.1 -3552.8 57510.4 58880.2
6982.73 -1926.85 40742 41381 1 1
4731.41 -1625.96 16768.4 17499.2 -1 1
-9998.36 -3414.82 15429.6 18700.6 -1 0
-3979.92 112.968 3848.71 5538.62 1 0
event 8
-1301.01 -8926.14 29099.2 30622.2
-993.402 -4962.84 11267.2 12352.2 -1 1
-307.603 -3963.29 17832 18270 1 1
2734.11 4491.77 -11107.3 12289.6 -1 0
1975.68 723.846 -3494.83 4080.72 1 0
event 9
-3435.04 -7126.83 25415.7 26798.1
-1619.96 -4225.96 18935.8 19469.5 1 1
-1815.08 -2900.86 6479.84 7328.64 -1 1
1115.83 -2543.57 -6935.8 7472.04 -1 0
2373.72 -3667.16 -7110.69 8345.99 1 0
event 10
-2597.32 -7588.38 23550.5 25070.8
-604.537 -5117.66 11381.8 12494.5 1 1
-1992.78 -2470.71 12168.6 12576.3 -1 1
6424.49 -5819.99 -13535.8 16074.1 -1 0
1707.48 -1845.04 -4842.96 5457.57 1 0
event 11
4921.75 6154.28 24528.6 25948.8
-2632.48 3548.47 14669.4 15320.7 -1 0
825.418 2883.79 6252.78 6935.85 1 1
-4665.36 3234.07 13037.3 14219.9 1 0
4096.33 3270.49 18275.8 19013 -1 1
event 12
-9985.8 6595.52 34875.3 37001.3
7076.51 1546.88 37736 38425.1 1 0
-4129.6 4462.35 15609.1 16751.7 -1 1
4436.45 1579.52 14933 15658.3 -1 0
-5856.2 2133.17 19266.2 20249.6 1 1
event 13
-6180.95 7804.13 26241.8 28237.1
-3765.09 4952.82 12058 13568.8 1 1
-2415.86 2851.31 14183.8 14668.2 -1 1
319.69 -3225.12 625.417 3302.41 -1 0
388.418 -4215.49 2985.91 5181.51 1 0
event 14
-11182.9 570.754 12297 16917.2
9143.7 -3180.27 -2555.26 10013.1 1 0
-4298.66 -899.108 3307.15 5498.66 1 1
2341.8 -46.1677 -2303.77 3287.05 -1 0
-6884.21 1469.86 8989.89 11418.5 -1 1
event 15
-13512.9 -192.429 14450.9 20026.4
-8391.06 696.332 10695.7 13612.6 1 1
-5121.82 -888.761 3755.26 6413.74 -1 1
10466.1 -2170.3 -3491.81 11245.1 -1 0
1960.44 -1006.3 -1269.93 2545.56 1 0
event 16
2250.89 -46668.2 45268.9 65129.5
10.8228 3582.13 1738.11 3982.96 1 0
288.698 -21230.5 18688.6 28285.9 1 1
-1466.61 2475.05 1667.47 3326.92 -1 0
1962.19 -25437.7 26580.3 36843.6 -1 1
event 17
119.93 8831.27 17680.2 20004.7
-2476.04 -2033.27 7195.92 7877.65 -1 0
128.061 2662 2661.7 3768.09 1 1
-8.13047 6169.27 15018.5 16236.6 -1 1
-3803.21 -2418.15 16427 17034.4 1 0
event 18
-6727.93 5712.26 2406.9 9658.09
-2067.87 -4062.59 -1666.37 4854.76 -1 0
-2059.84 3725.85 1416.87 4488.16 -1 1
-4668.09 1986.41 990.031 5169.93 1 1
-2401.93 -2287.23 540.975 3362.22 1 0
event 19
6455.57 2402.72 14864.1 16672.7
3106.09 2538.68 9893.94 10676.8 -1 1
3349.48 -135.955 4970.18 5995.94 1 1
7403.62 -8776.14 -20208.8 23243.1 -1 0
1336.12 -1661.05 -3464.08 4068.82 1 0
event 20
2667.08 23804.5 8900.43 25740.5
-79.7258 12754.2 5087.45 13732 1 1
2746.8 11050.3 3812.97 12008.5 -1 1
625.197 -8756.06 2227.62 9057.21 -1 0
39.1032 -3352.57 1441.05 3650.89 1 0
event 21
2979.74 31869.6 10175.5 33729.6
339.201 -3175.17 1379.96 3480.26 1 0
1121.15 2697.23 1068.62 3112.1 -1 1
1858.59 29172.4 9106.9 30617.5 1 1
199.135 -14032 5330.32 15012 -1 0
event 22
-20243.2 2303.06 10620 23183.3
-14824.4 437.948 8334.93 17012.9 1 1
-5418.76 1865.11 2285.05 6170.43 -1 1
3311.87 2578.5 -2106.38 4697.36 -1 0
2944.01 1253.41 -3653.84 4857.98 1 0
event 23
-15038.1 2213.9 10011.9 18462.8
-8269.59 2543.22 4663.14 9829.04 1 1
-6768.51 -329.322 5348.74 8633.73 -1 1
5392.28 2479.34 -6117.99 8524.36 -1 0
2073.34 1412.69 -731.735 2615.53 1 0
event 24
-4806.1 4094.51 14450.7 16071
-3756.38 1189.38 8075.57 8986.15 -1 1
-1049.72 2905.14 6375.12 7084.84 1 1
2494.78 -4790.98 1737.61 5675.2 -1 0
2374.44 -3315.01 2444.96 4755.66 1 0
event 25
21426 2883.99 67868.8 71296.2
15829.2 767.125 48444.4 50970.8 -1 1
5596.8 2116.86 19424.4 20325.5 1 1
-4535.49 1968 869.177 5020.99 -1 0
2831.26 -2159.37 20765.1 21068.5 -1 0
event 26
9361.42 -4073.14 11878.5 15966
-3460.71 707.573 -3760.86 5160.66 -1 0
2971.46 -1492.22 1877.28 3819.9 -1 1
6389.96 -2580.92 10001.2 12146.1 1 1
-3370.98 3960.68 -3434.39 6233.51 1 0
event 27
6403.73 -5761.53 6947.74 11492
-3390.95 766.163 5800.37 6763.21 -1 0
2735.21 -598.622 1807.68 3334.46 1 1
-5206.25 4240.12 11386.9 13219.5 1 0
3668.51 -5162.91 5140.06 8157.52 -1 1
event 28
10492.9 7403.24 51884.1 53539.4
6399.15 4132.64 24460.1 25619.1 -1 1
4093.79 3270.6 27424 27920.3 1 1
-14.4524 -3343.23 13204.1 13621.2 -1 0
-1878.31 -2164.44 10260 10653.2 1 0
event 29
14006.4 -10189.2 2287.67 17743.3
6981.28 -5924.08 -190.495 9158.63 1 1
7025.17 -4265.13 2478.16 8584.68 -1 1
-4237.55 -822.404 -7454.85 8615.05 -1 0
-2546.86 703.137 -5363.84 5980.21 1 0
event 30
47384.7 4218.09 168201 174826
42056.6 2860.72 150338 156136 1 1
5328.06 1357.37 17863.1 18690.5 -1 1
4100.23 11.4724 11330.8 12050.3 -1 0
-2206.37 1083.09 -3874.04 4589.17 1 0
event 31
8923.23 -3699.31 21779.1 24025.6
-3492.68 2693.67 12977.8 13707.2 -1 0
3532.38 -2208.68 12650.6 13319.3 1 1
5390.85 -1490.64 9128.55 10706.3 -1 1
-3972.44 -149.871 15721 16216.2 1 0
event 32
-13616.7 5821.88 16631.1 22483.2
8403.84 -438.532 2235.2 8707.71 -1 0
-2549.43 2458.88 4381.12 5634.8 1 1
-11067.3 3363 12250 16848.4 -1 1
9084.98 -2731.58 1142.76 9555.91 1 0
event 33
-5232.89 3158.45 -13491 15131.4
-3272.09 500.857 -4785.25 5819.55 1 1
-1960.8 2657.59 -8705.8 9311.8 -1 1
4796.05 -960.454 -8926.33 10179.1 -1 0
3178.62 -2482.62 -10394.1 11149.6 1 0
event 34
-3367.54 6508 5857.85 9879.19
-781.61 3962.78 4382.58 5960.93 1 1
-2585.93 2545.23 1475.27 3918.26 -1 1
-567.135 -4404.92 34.6883 4442.67 -1 0
-1522.61 -1517.37 -708.081 2265.68 1 0
event 35
-15902.1 -19517.5 -11833.8 27990
5435.31 2663.27 17851.3 18849.8 1 0
-3792.43 -6849.24 -3290.79 8493.24 -1 1
2503.25 -491.482 729.272 2655.34 -1 0
-12109.7 -12668.2 -8543.02 19496.7 1 1
event 36
311.412 -5876.75 410.208 6662.73
1436.45 -3806.91 -567.966 4109.71 1 1
-1125.04 -2069.84 978.174 2553.02 -1 1
3585.32 8641.41 10571.6 14117.3 1 0
4215.84 3881.09 7026.34 9067.35 -1 0
event 37
8987.96 -6015.62 24150.9 26642.6
6440.51 -2736.28 16796.7 18196.4 -1 1
2547.45 -3279.34 7354.18 8446.23 1 1
-1736.34 1745.26 -5461.21 5991.4 -1 0
-3326.16 3282.31 -6394.35 7920.59 1 0
event 38
-8202.18 -1424.12 -14360.2 16885.2
2004.87 3718.2 -11636.2 12379.7 -1 0
-3277.8 -395.522 -8730.77 9334.77 1 1
-4924.38 -1028.6 -5629.41 7550.43 -1 1
1906.04 683.781 -7874.33 8131.22 1 0
event 39
8095.11 1239.82 -7437.06 11487.7
-4618.88 -710.33 3956.39 6123.95 -1 0
3057.04 -103.605 -1036.22 3231.28 1 1
5038.07 1343.43 -6400.84 8256.44 -1 1
-2350.51 -416.769 914.065 2558.38 1 0
event 40
-523.842 -6638.1 -5956.25 9455.5
2767.19 2872.8 5049.59 6435.83 1 0
-1575.32 -1818.33 -1870.88 3049.47 1 1
5918.59 4655.35 8283.59 11195.1 -1 0
1051.47 -4819.77 -4085.37 6406.03 -1 1
event 41
-5223.63 -3626.78 -1862.7 7314.42
-3745.77 -2273.32 -2691.37 5143.29 1 1
-1477.86 -1353.46 828.674 2171.13 -1 1
9354.71 2748.24 -18626.5 21024.3 -1 0
6942.36 2509.72 -17145.7 18667.7 1 0
event 42
-6994.29 -5436.82 -2988.07 9848.77
-3446.85 -4574.31 -1958.78 6054.18 1 1
-3547.44 -862.509 -1029.29 3794.58 -1 1
11891.4 3928.41 -31411.9 33816.5 1 0
8772.79 4038.68 -19912.3 22131 -1 0
event 43
-37189.1 -915.985 70695.3 79945.5
-29323.7 -1942.35 56340 63544.1 1 1
-7865.38 1026.37 14355.4 16401.4 -1 1
2292.66 -4542.18 1928.54 5442.25 -1 0
1822.1 -1366.93 1237.27 2594.33 1 0
event 44
-9915.3 -167.888 -9498.41 14076.7
2141.05 3667.27 6758.27 7982.38 -1 0
-3227.41 -1488.9 -2898.05 4587.25 1 1
-6687.89 1321.01 -6600.36 9489.41 -1 1
2389.11 2390.74 5011.15 6045.35 1 0
event 45
6408.53 -8681.89 35782.1 37501.9
-2120.82 -2728.22 8095.99 8803.25 -1 0
2858.9 -1771.33 13133.8 13558 -1 1
3549.63 -6910.57 22648.2 23943.9 1 1
-3044.57 -3375.59 6944.04 8300.29 1 0
event 46
2405.42 -10023 -23486.7 25835.3
674.353 3949.18 2855.79 4921.12 -1 0
584.543 -2398.68 -2920.76 3825.88 -1 1
1820.87 -7624.29 -20565.9 22009.4 1 1
3452.54 3157.41 3214.8 5677.62 1 0
event 47
10940.9 -24619.1 90196.4 94184.8
1019.84 6678.4 1800.48 6992.42 -1 0
1113.59 -5129.44 19614.5 20304.9 1 1
9827.35 -19489.7 70581.9 73879.9 -1 1
1241.12 3648.13 -474.875 3884.06 1 0
event 48
5145.7 -4743.25 -1071 7727.57
-3194.78 646.985 3918.58 5098.2 1 0
1954.48 -986.499 963.063 2394.12 -1 1
-6423.77 876.268 9488.51 11492.4 -1 0
3191.22 -3756.76 -2034.06 5333.45 1 1
event 49
2080.05 -9401.11 -8780.17 13393.6
2450.36 -5278.7 -6253.48 8543.19 1 1
-370.317 -4122.41 -2526.69 4850.43 -1 1
3508.17 -7499.62 -5098.34 9723.98 1 0
2648.72 -6990.03 -7603.39 10663 -1 0
event 50
11193.4 -4215.37 -17635.6 21533
3766.06 -4497.54 -7898.23 9838.91 -1 0
3393.08 -785.616 -7645.13 8401.75 1 1
7800.36 -3429.76 -9990.43 13131.2 -1 1
1833.87 -1815.41 -2187.56 3384.58 1 0
event 51
11929.2 -5331.16 -5274.41 14427
-3135.87 -2329.31 1093.11 4057.76 1 0
3249.32 -229.571 -2069.05 3860.43 1 1
8679.85 -5101.59 -3205.35 10566.5 -1 1
-4288.7 -2551.05 -361.924 5004.3 -1 0
event 52
11512.1 -1251.19 -504.228 11997.4
-3655.17 24.9641 6764.54 7689.67 1 0
3207.99 -1605.88 -810.665 3679.46 1 1
8304.07 354.689 306.437 8317.96 -1 1
-4365.64 1560.84 5709.06 7355.24 -1 0
event 53
-3138.74 12634.5 -34449.4 36957.2
-1186.13 -3531.98 -15096.7 15550 -1 0
-972.117 2725.22 -4641.33 5470.37 1 1
-2166.63 9909.3 -29808.1 31486.8 -1 1
1291.6 -4310.34 -24668.6 25075.8 1 0
event 54
-25664.3 8753.75 7522.97 28310.3
10529.2 -6102.33 43312.6 44989.9 -1 0
-7189.39 3081.02 870.007 7870.71 -1 1
-18474.9 5672.73 6652.97 20439.6 1 1
2190.18 -393.209 6786.71 7142.97 1 0
