event 0
5645.05 -4756.16 6025.23 10019.1
2465.12 -3737.67 4492.3 6343.42 1 1
3179.93 -1018.49 1532.93 3675.64 -1 1
-5030.64 3183.66 -9080.86 10858.9 -1 0
-1167.78 2242.11 -2170.39 3333.54 1 0
event 1
-5721.44 -8282.92 4253.74 11359
3260.36 2772.87 -2441.9 4928.77 1 0
-1959.75 -1683.12 -128.107 2588.65 -1 1
5081.85 7951.65 -7691.31 12174.6 -1 0
-3761.69 -6599.8 4381.85 8770.37 1 1
event 2
4678.56 -7067.78 40386.9 41382.8
3586.57 -2908.09 17770.7 18361.1 -1 1
1091.99 -4159.69 22616.2 23021.7 1 1
-3653.81 3286.18 5136.03 7109.09 -1 0
-2100.41 1741.98 1726.93 3231.05 1 0
event 3
-6335.54 15539 -10882 20238.7
-4043.36 8733.42 -4474.24 10613.7 1 1
-2292.18 6805.62 -6407.72 9624.99 -1 1
2396.57 -5473.21 -4804.49 7667.71 -1 0
395.596 -2103.93 -2364.09 3191.1 1 0
event 4
-10624.4 -1354.37 15100 18770
-2510.49 2423.36 -2170.21 4110.5 1 0
-4886.89 -2078.43 6313.48 8250.62 1 1
-2747.42 1300.47 -61.6418 3042.12 -1 0
-5737.55 724.059 8786.52 10519.4 -1 1
event 5
-8710.51 -7748.27 4194.42 12770.8
2460.17 1839.44 -1591.86 3461.38 1 0
-2760.58 -4320.11 2460.1 5687.48 1 1
2526.14 -509.178 -429.082 2614.56 -1 0
-5949.93 -3428.16 1734.32 7083.29 -1 1
event 6
5769.28 -6437.32 -11738.6 14903.3
3651.94 -3018.17 -8527.69 9755.96 1 1
2117.34 -3419.15 -3210.93 5147.33 -1 1
-3534.33 1691.58 -5891.07 7075.93 -1 0
-1849.5 1917.3 -2453.06 3622.89 1 0
event 7
1059.94 -7891.86 12019.8 14746.9
2070.94 -4720.63 6450.48 8257.9 1 1
-1011 -3171.23 5569.31 6489 -1 1
3951.25 6470.15 18273.9 19784.3 -1 0
992.537 2592.02 5638.21 6285.24 1 0
event 8
9351.08 7755.43 13078.9 18117.3
4195.66 5278.27 6096.97 9091.09 1 1
5155.41 2477.16 6981.92 9026.24 -1 1
-3873.76 -2291.67 5376.94 7012.87 -1 0
-844.241 -2219.78 3500.15 4231.12 1 0
event 9
-2741.26 12414.1 10476.2 16880.8
-1089.75 9398.68 9240.9 13226 1 1
-1651.51 3015.43 1235.3 3654.78 -1 1
1879.22 1762.68 -8944.77 9309.05 -1 0
5292.49 2194.54 -10423.2 11894.5 1 0
event 10
4074.73 -8430.59 -47196.8 48216.2
737.429 -5038.33 -23336.1 23885.4 -1 1
3337.3 -3392.26 -23860.7 24330.8 1 1
2712.1 4819.42 -17583.7 18433.1 -1 0
2594.92 1242.77 -7600.08 8127.15 1 0
event 11
-3060.58 11116.6 23204.9 26172.5
-3475.83 6912.62 13021.5 15147.2 -1 1
415.249 4203.95 10183.4 11025.3 1 1
6463.34 -8446.66 4714.83 11634.5 -1 0
2245.26 -1187.75 920.781 2703.87 1 0
event 12
-7265.44 -5548.04 24006.1 25873.8
-5524.83 510.609 8442.8 10103.3 -1 0
-1515.58 -2969.08 8981.73 9580.98 1 1
-5749.86 -2578.96 15024.4 16292.8 -1 1
-2164.1 -699.331 3243.23 3962.58 1 0
event 13
1615.91 -8736.96 -8301.92 12548.2
-224.8 4596.43 17973.9 18554 -1 0
193.435 -3257.89 -1230.35 3489.44 1 1
1422.48 -5479.07 -7071.57 9058.8 -1 1
1184.17 -2726.66 -851.403 3094.02 -1 0
event 14
3199.28 -9376.11 -10865 15026.2
7457.77 -7023.88 -3341.71 10776.4 -1 0
244.807 -3796.45 -5771.98 6913.75 1 1
-199.837 2225.07 6193.44 6584.88 -1 0
2954.47 -5579.66 -5092.99 8112.41 -1 1
event 15
-20176.2 -24173.5 25370.7 40554.9
-13545.9 -15228 14673 25113.6 1 1
-6630.32 -8945.48 10697.7 15441.3 -1 1
2286.75 3335.71 7614.34 8622.39 -1 0
13101.6 9056.87 21564.9 26809.2 1 0
event 16
3248.83 7564.62 -11698.3 14772.1
2086.1 -4817.11 2768.89 5935.85 1 0
2942.2 2737.22 -3940.21 5628.98 1 1
-730.398 -1980.86 2660.76 3398.25 -1 0
306.631 4827.4 -7758.09 9143.14 -1 1
event 17
22693.2 -2514.13 -44641.5 50237
12163.7 -3843.99 -19032.7 22912.6 1 0
4991.2 -1357.75 -12425.6 13459.6 -1 1
17702 -1156.38 -32215.9 36777.4 1 1
13123.8 -5527.53 -23622.4 27582.9 -1 0
event 18
23830.5 -1573.81 -47896.7 53610.2
7186.72 -2535.06 -10618.3 13070.3 -1 0
5621.67 250.547 -13999.5 15088.5 -1 1
18208.8 -1824.36 -33897.2 38521.7 1 1
7815.16 -3422.96 -14098.9 16479.8 1 0
event 19
-1805.03 5766.19 10675.4 12651.6
-2157.13 3123.87 8087.77 8935.04 -1 1
352.103 2642.32 2587.64 3716.57 1 1
2043.1 -4988.65 9865.37 11242.7 1 0
232.686 -4402.08 7627.5 8810.36 -1 0
event 20
-3670.57 -7105.29 -12720.4 15341.4
1102.03 3649 -6439.75 7484.07 -1 0
-1795.91 -1230.81 -5041.19 5492.27 -1 1
-1874.65 -5874.48 -7679.17 9849.09 1 1
1078.27 5299.68 -3659.53 6530.9 1 0
event 21
-4167.52 6023.28 -1531.86 8098.49
-2059.09 5331.99 -1319.06 5866.95 1 1
-2108.42 691.291 -212.798 2231.54 -1 1
4975.32 -5427.81 -35619.5 36372.7 -1 0
4972.77 -4157.17 -24909.2 25738.9 1 0
event 22
5639.35 6785.7 8331.68 12524.2
-1866.4 -2811.29 -12842.6 13278.9 1 0
2257.49 837.696 3006.28 3853.16 -1 1
13437.6 3429.45 24743.2 28364.9 -1 0
3381.86 5948 5325.4 8671.03 1 1
event 23
9290.73 -4505.6 -19385.8 22181.4
-3726.14 4081.18 6563.12 8580.55 1 0
2410.02 -393.095 -7123.08 7530.75 1 1
6880.71 -4112.51 -12262.7 14650.7 -1 1
-4927.05 5078.76 13219 14994.1 -1 0
event 24
17367 -9046.14 -37269.6 42214.4
-7017.87 4507.22 12158 14744.3 -1 0
7058.04 -2045.51 -14603.6 16348.6 1 1
10308.9 -7000.64 -22666 25865.8 -1 1
-1960.55 2882.49 5426.25 6450.41 1 0
event 25
-2742.46 -5065.31 -1978.32 6832.53
-577.082 3274.04 -541.779 3370.02 -1 0
473.115 -2130.4 -681.605 2288.71 -1 1
1634.13 4755.32 2048.26 5430.47 1 0
-3215.58 -2934.92 -1296.72 4543.82 1 1
event 26
-12999.7 15146.6 65055 68118.6
-19694.1 -5343.92 43381.6 47941.6 1 0
-4580.53 5789.47 19307.4 20670.9 -1 1
-4765.67 -1414.46 8134.02 9533.4 -1 0
-8419.14 9357.16 45747.5 47447.7 1 1
event 27
1178.94 16261.4 -24032.4 29205.6
-705.176 9262.94 -14688 17379.5 -1 1
1884.12 6998.42 -9344.38 11826.1 1 1
2671.05 -4997.89 -9681.35 11218.4 -1 0
2901.27 -8279.12 -9986.45 13292.9 1 0
event 28
-3868.46 2726.39 -4856.28 7717.72
-1823.21 3168.92 -4089.76 5486.66 -1 1
-2045.25 -442.534 -766.517 2231.06 1 1
-1663.29 -5423.95 5895.41 8182.47 -1 0
-2753.09 -3691.76 6478.85 7949.55 1 0
event 29
13620 22914.8 15557.9 31019.9
5807.28 9025.8 9955.64 14639.5 -1 0
1654.85 3424.04 3479.89 5155.9 1 1
11965.1 19490.8 12078 25864 -1 1
1683.61 1843.4 3662.75 4433.92 1 0
event 30
15513 22400.2 15362.1 31432.6
9867.97 12502.8 10269.2 18951.6 -1 1
5645.08 9897.38 5092.86 12480.9 1 1
1881.39 6116.49 10169.2 12015.6 -1 0
2452.1 1018.07 14674 14912.6 1 0
event 31
16765.4 -7763.95 -157.988 18734.3
12327.3 -5471.78 1244.96 13544.8 1 1
4438.17 -2292.17 -1402.95 5189.49 -1 1
-2650 2559.23 -450.372 3712.97 -1 0
-2236.97 1802.17 -2745.36 3974.92 1 0
event 32
-5830.13 2525.08 -22201.5 23299.5
-188.276 -4462.86 -784.178 4536.37 1 0
-891.816 1857.73 -7330.09 7614.98 -1 1
-1738.94 -5856.34 -1660.92 6331.7 -1 0
-4938.31 667.345 -14871.4 15684.5 1 1
event 33
207.137 -7453.61 -21567.6 23115.9
1480.98 -4690.11 -16359.1 17082.8 1 1
-1273.85 -2763.49 -5208.49 6033.17 -1 1
-5571.23 3584.04 -14216.5 15684.5 -1 0
-2425.29 933.397 -7366.36 7812.02 1 0
event 34
-5856.62 8815.99 13579 17492.9
-3581.33 3153.39 2875.68 5572.3 -1 0
-1182.93 3890.1 3658.69 5470.78 -1 1
-4673.7 4925.89 9920.34 12022.2 1 1
-1120.83 1824.77 813.959 2293.41 1 0
event 35
-9959.61 -34491.4 -193.943 36034.4
-279.944 7268.35 -20062.7 21340.8 1 0
-2894.99 -7900.92 -1213.85 8502.36 -1 1
1471.09 6696.21 -21765.3 22819.8 -1 0
-7064.61 -26590.5 1019.9 27532.1 1 1
event 36
10099.4 13163.8 14412.8 22194.7
5577.75 9581.18 8944.16 14245 -1 1
4521.61 3582.63 5468.65 7949.68 1 1
1196.25 2502.59 4635.34 5402.92 -1 0
-2685.54 5962.69 8628.73 10827.4 1 0
event 37
1079.89 7767.3 -13370.7 15807.1
313.057 4402.76 -4574.66 6357.75 1 1
766.836 3364.53 -8796.08 9449.36 -1 1
-879.994 -7043.67 -24959.1 25949.1 -1 0
-34.1778 -2954.41 -9848.14 10282.4 1 0
event 38
6070.03 16595.5 -24276.7 30186.2
-4684.32 -3156.94 -31824.6 32322.2 -1 0
2868.09 4248.29 -8082.84 9571.7 1 1
3201.94 12347.2 -16193.8 20614.5 -1 1
-2336.78 -435.71 -9123.72 9428.88 1 0
event 39
5322.76 -362.899 -8043.97 10137
2766.52 1296.23 -4746.68 5645.88 -1 1
2556.25 -1659.13 -3297.28 4491.14 1 1
-865.679 -10800.6 -13013.1 16933.8 -1 0
76.1352 -4881.08 -7268.71 8756.49 1 0
event 40
-5232.86 20323.7 -570.698 21221.5
-4186.95 10257.8 -673.267 11100.3 1 1
-1045.91 10065.9 102.569 10121.2 -1 1
5848.86 -7067.96 2936.72 9633.31 -1 0
1428.91 -4041.21 876.362 4376.34 1 0
event 41
8837.13 -1760.27 121.405 9528.87
6409.79 171.563 297.282 6419.84 1 1
2427.34 -1931.83 -175.877 3109.03 -1 1
-3000 780.986 -2400.78 3922.35 -1 0
1605.53 -5831.21 14068.8 15314.2 1 0
event 42
-12263.8 -5681.39 -40754.8 43049.1
-5599.74 -4160.83 -18706.9 19965.7 1 1
-6664.05 -1520.56 -22047.9 23083.4 -1 1
8165.42 3962.7 -10735.9 14058.7 -1 0
5284.97 1919.69 -3353.97 6548.01 1 0
event 43
-9976.33 -5883.72 21916.3 24981.2
-6496.85 -3462.08 16755.2 18301.4 -1 1
-3479.47 -2421.64 5161.13 6679.78 1 1
4023.21 86.1975 7128.44 8186.55 -1 0
1931.32 1442.1 3331.83 4113.63 1 0
event 44
5853.15 327.692 -17978.2 19161.8
3660.98 -403.368 -14665.7 15121.5 -1 1
2192.18 731.059 -3312.5 4040.28 1 1
10328.4 3275.14 -26858.5 28961.9 -1 0
4408.66 54.3234 -14948.1 15585.1 1 0
event 45
10071.9 12682.7 16271.2 23165.4
-7584.49 -19493.9 -4541.99 21405.1 1 0
4389.65 3984.63 7551.55 9601.22 -1 1
-659.996 -4182.53 -1496.79 4492.3 -1 0
5682.27 8698.03 8719.66 13564.2 1 1
event 46
12027 12766.6 15611 23683.9
-2298.9 -6692.52 -1241.08 7185.14 -1 0
5192.86 3398.92 5119.62 8046.12 -1 1
6834.17 9367.71 10491.4 15637.8 1 1
-858.163 -2687.99 -518.13 2870.78 1 0
event 47
13423.8 3833.47 3876.35 14815.9
7985.53 1777.56 3748.83 8999.63 1 1
5438.32 2055.9 127.516 5816.31 -1 1
-1088.37 4174.9 3421.34 5507.36 -1 0
1531.68 2897.27 3918.76 5109.6 1 0
event 48
1690.54 -8713.51 -9916.26 13664
-5404.04 114.395 65.5401 5406.68 -1 0
410.039 -3135.07 -5822.31 6626.25 1 1
1280.51 -5578.44 -4093.95 7037.78 -1 1
-162.506 -2119.41 1046.77 2371.75 1 0
event 49
-39234.9 -49538.2 -163743 175541
-10081 -9274.14 -40575.5 42825.4 1 0
-15219.3 -18154.9 -65135.1 69309.6 -1 1
-2579.81 -3494.69 -12724.4 13445.9 -1 0
-24015.6 -31383.3 -98607.9 106232 1 1
event 50
-32983.8 -38998.7 -128506 138319
-10292.3 -9716.51 -41308.5 43666.3 -1 0
-9170.26 -9095.13 -30528.9 33148.7 -1 1
-23813.6 -29903.5 -97977.3 105171 1 1
-2150.03 -1671.75 -7812.63 8274.4 1 0
event 51
-7992.14 -1229.14 -15709.7 17938
-5295.96 -1119.73 -13133.9 14206.1 -1 1
-2696.18 -109.414 -2575.78 3731.92 1 1
2024.55 15225.1 -49310.9 51647.7 -1 0
1739.51 6266.41 -19271.6 20339.6 1 0
event 52
-6104.55 -1811.9 -10204.7 12420.9
-2776.13 -2294.41 -4166.42 5508.31 -1 1
-3328.42 482.513 -6038.31 6912.57 1 1
991.091 9215.29 -31882.7 33202.7 1 0
3213.86 8663.38 -29162.7 30591.8 -1 0
event 53
-6297.94 -238.528 -14105.2 15756.5
-3349.12 779.773 -10154.7 10721.7 1 1
-2948.82 -1018.3 -3950.43 5034.83 -1 1
1715.12 5414.25 -15095.4 16128.8 -1 0
1380.7 5230.82 -16184.4 17065 1 0
event 54
10392.9 -3411.36 6225.8 12961.5
-2935.05 -3114.27 3441.38 5492.5 -1 0
3414.34 -684.267 475.495 3516.14 -1 1
6978.52 -2727.09 5750.31 9445.32 1 1
-3839.37 -3210.87 6822.97 8462.54 1 0
event 55
-10824.9 11006.8 -2797.08 15991.9
-6177.84 6342.39 -3148.12 9397.52 1 1
-4647.05 4664.43 351.044 6594.42 -1 1
4439.34 -245.685 5732.26 7255.21 -1 0
2833.34 884.823 2757.12 4052.6 1 0
event 56
-9621.72 9160.79 -3431.52 14066.4
6492.81 1380.31 7773.98 10222.9 -1 0
-3506.86 4809.5 -2662.18 6521.33 1 1
-6114.86 4351.29 -769.338 7545.09 -1 1
2212.01 35.5469 1991.24 2978.32 1 0
event 57
-8850.97 -4525.04 784.87 10441.4
2970.82 -1929.9 6464.69 7372.49 1 0
-2933.19 -3010.45 -381.064 4221.71 1 1
1474.27 -1725.2 5098.28 5581.53 -1 0
-5917.78 -1514.59 1165.93 6219.7 -1 1
event 58
13064.9 -385.252 26626.7 29823
-4071.43 -562.549 2011.86 4577.31 1 0
5768.03 -1564.66 10486.2 12070.2 1 1
-2470.07 -355.042 432.711 2534.89 -1 0
7296.9 1179.41 16140.4 17752.7 -1 1
event 59
10909.8 865.496 18702.4 21889.4
-8245.45 -263.735 3033.62 8790.39 1 0
3760.19 1020.3 9237.96 10026.5 1 1
-3318.95 556.082 2136.57 3987.57 -1 0
7149.6 -154.807 9464.46 11862.9 -1 1
