event 0
25143.1 15793.6 -39909.1 49839.1
-16731.8 -10512.7 -6821.81 20905 -1 0
7564.1 3644.39 -9595.6 12750.8 1 1
17579 12149.2 -30313.5 37088.3 -1 1
-6091.48 -3592.43 -1867.65 7315.11 1 0
event 1
8375.97 -2093.9 16342.5 18740.6
4237.74 428.821 8679.43 9668.82 -1 0
2807.54 700.035 6087.84 6741.31 1 1
5568.43 -2793.93 10254.6 11999.2 -1 1
-6224.96 -3.88418 -10550.7 12250.6 1 0
event 2
16342.6 -6919.92 42218.3 45901.5
-1821.72 -2503.8 -1705.37 3536.54 -1 0
5700.4 -3073.03 12048.2 13678.8 -1 1
-2995.66 -338.403 -4636.65 5531.57 1 0
10642.2 -3846.89 30170.1 32222.7 1 1
event 3
-18831.4 -11457.6 52008.4 56571.7
-22.6744 -5108.77 -122.823 5111.39 1 0
-5220.1 -4859.9 16753.9 18209.1 1 1
1705.96 -1911.66 1152.49 2811.43 -1 0
-13611.3 -6597.72 35254.5 38362.6 -1 1
event 4
2527.01 7147.02 2603.94 8592.91
1607.59 3786.68 2989.19 5086.23 -1 1
919.413 3360.35 -385.247 3506.68 1 1
-3562.64 -2476.38 -6458.43 7781.22 -1 0
-1327.05 -1691.4 -1546.41 2650.36 1 0
event 5
8240.28 15187 19928.8 26557.4
-4804.78 -4185.97 29084.1 29774.2 1 0
863.497 2962.92 2187.01 3784 1 1
7376.79 12224.1 17741.8 22773.4 -1 1
-6808.99 -6626.16 51498.8 52368 -1 0
event 6
3441.02 6988.02 6164.69 10405.2
-2614.6 -2926.01 18861.7 19265.9 1 0
2730.89 2791.36 4135.02 5688.5 1 1
-5887.11 -4422.19 37103.4 37827 -1 0
710.121 4196.66 2029.67 4716.67 -1 1
event 7
-1206.85 21004.1 5270.94 21908.9
706.005 -14143.5 70808.5 72210.8 -1 0
866.662 6715.08 2420.67 7191.26 -1 1
-2073.51 14289 2850.27 14717.7 1 1
-213.901 -2799.1 15837.1 16084.3 1 0
event 8
-6499.64 -3508.79 11657.6 14143.8
-4824.61 -1057.87 6173.73 7907.09 1 1
-1675.03 -2450.92 5483.87 6236.72 -1 1
-2734.9 8566.24 3556.13 9670.43 -1 0
-2104.5 4663.1 4633.4 6903.12 1 0
event 9
61332.6 -54944.5 -385600 394306
41665.9 -39173.9 -269353 275358 1 1
19666.7 -15770.6 -116247 118949 -1 1
7963.22 -4548.77 -42307.8 43290.4 -1 0
3664.22 -2767.95 -25673.6 26081.3 1 0
event 10
38019.3 -34162.3 -241822 247184
14256.8 -10640.3 -102942 104467 -1 0
10155.3 -8123.29 -67046.3 68295.9 1 1
27864 -26039 -174776 178888 -1 1
8228.4 -5181.37 -53840.5 54711.6 1 0
event 11
-2076.6 10831.2 -1952.76 11620.3
-2470.44 6208.12 -2012.4 6978.88 -1 1
393.843 4623.08 59.641 4641.41 1 1
10435.4 -5148.62 14842 18860 -1 0
2387.05 -1217.07 2412.74 3607.19 1 0
event 12
-1392.29 13365 -1222.23 13843.6
-1795.45 9024.03 349.405 9208.15 1 1
403.155 4340.94 -1571.63 4635.46 -1 1
1272.21 -1606.49 4713.33 5140.62 -1 0
5590.44 -2865.82 6999.11 9405.57 1 0
event 13
-15463.6 5440.67 2237.03 16832.1
3068.44 -2679.32 -2448.88 4754.18 -1 0
-3125.73 1668.36 1667.78 3917.43 1 1
-12337.9 3772.32 569.244 12914.7 -1 1
2896.01 -298.682 -1680.63 3363.3 1 0
event 14
-14524.8 5699.45 1879.6 16018
-9955.26 2518.31 503.567 10281.7 1 1
-4569.54 3181.13 1376.03 5736.28 -1 1
10628.3 -1962.69 -4648.1 11765.6 -1 0
2290.1 -195.735 -1165.74 2579.34 1 0
event 15
-12233.9 17459.6 2091.49 21644.2
3772.71 2209.31 -3519.06 5613.32 1 0
-5892.36 6080.35 120.565 8468.55 1 1
3801.38 1737.24 -4946.45 6476.65 -1 0
-6341.54 11379.3 1970.93 13175.7 -1 1
event 16
2486.4 6937.92 -3359.93 8671.62
-263.851 4186.04 -1192.09 4361.74 1 0
792.124 2660.2 -2948.86 4051.05 -1 1
2463.5 5547.43 -3558.78 7036.97 -1 0
1694.28 4277.72 -411.072 4620.57 1 1
event 17
16704 16803.1 4001.81 24227.5
-4320.11 48.0894 7426.87 8592.74 -1 0
1487.5 2961.54 780.422 3406.41 -1 1
15216.4 13841.5 3221.39 20821.1 1 1
-2369.12 634.91 3030.37 3900.02 1 0
event 18
-12780.9 -4463.08 -12399.5 18617.4
-8755.3 -4507.74 -9147.37 13441 1 1
-4025.62 44.6625 -3252.13 5176.4 -1 1
3089.61 1201.3 -3842.55 5075.94 -1 0
2558.73 -62.353 -4084.11 4821.01 1 0
event 19
2985.86 -5993.8 23254.6 24396.9
-3241.29 504.57 303.63 3296.04 1 0
230.647 -2592.24 12801.6 13063.9 1 1
2755.21 -3401.55 10452.9 11333 -1 1
-2737.31 3103.78 -1671.73 4464.55 -1 0
event 20
7930.25 7428.08 3240.46 11754
1005.7 -5669.95 1312.18 5907.01 -1 0
4219.71 2045.44 1998.9 5098.68 1 1
3710.55 5382.64 1241.56 6655.34 -1 1
2979.62 -2848.67 2368.63 4755.48 1 0
event 21
-17913.6 7711.64 94111.9 96161.4
3439.87 -864.051 1475.7 3842.94 1 0
-6016.87 4101.2 32162.8 32976.9 1 1
1858.01 968.822 2110.07 2975.63 -1 0
-11896.7 3610.44 61949.1 63184.4 -1 1
event 22
4744.68 -3178.49 4481.39 7892.28
2487.43 -3192.04 1932.06 4485.58 -1 1
2257.25 13.5562 2549.33 3406.7 1 1
-8594.16 4702.72 -41797.2 42930.1 -1 0
-4397.78 2228.42 -25992.1 26455.7 1 0
event 23
3248.95 9451.92 -19938.8 22517.6
2573.46 6311.85 -16269.2 17639.7 1 1
675.491 3140.07 -3669.65 4877.9 -1 1
-1680.36 -2605.47 -10654.9 11097.3 -1 0
-3826.15 -2260.74 -16404.4 16996.1 1 0
event 24
14597.5 1176.28 20849 25666
3069.81 913.734 29.9597 3204.79 1 0
6145.05 -336.191 10949.4 12560.9 1 1
2290.81 752.881 -525.252 2470.16 -1 0
8452.47 1512.47 9899.6 13105.1 -1 1
event 25
-1487.84 -4472.44 14410.2 15474.5
-2026.14 -2262.23 5561.93 6337.91 -1 1
538.299 -2210.22 8848.26 9136.62 1 1
-1524.3 -4680.82 13009.5 13910.1 -1 0
1508.24 -4237.72 10414 11344.4 1 0
event 26
5885.74 -8516.6 -8197.99 13563.7
-3007.06 4317.87 -11429.3 12582.8 1 0
1759.11 -3378.04 -4859.82 6175.32 -1 1
4126.63 -5138.56 -3338.18 7388.4 1 1
-4517.31 4598.29 -11612.4 13281.9 -1 0
event 27
426.363 -10074.5 22503.1 24852.7
-1234.93 -6233.98 13134.7 14591.7 1 1
1661.3 -3840.55 9368.37 10261 -1 1
-2510.25 2752.01 4662.33 5968.54 -1 0
-257.051 -3019.86 -1329.53 3311.26 -1 0
event 28
-8466.06 8637.3 -26249.6 29067.4
-3213.43 84.4395 757.012 3304.16 1 0
-1208.43 1777.49 -7760.59 8053.43 1 1
-7257.63 6859.81 -18489 21013.9 -1 1
-1109.15 -4595.29 -10753.5 11747.2 -1 0
event 29
16915.2 -16939.1 -22955 33310.3
11437.8 -9456.67 -13411.5 20003.3 -1 1
5477.38 -7482.41 -9543.47 13307 1 1
-734.38 -3627.19 -1620.19 4041.29 -1 0
809.116 -2455.76 -902.072 2740.5 1 0
event 30
7757.26 2048.6 -10449.5 13533.5
6011.38 2919.7 -3643.85 7612.5 1 0
2441.91 2034.37 -2927.74 4322.55 1 1
2091.12 1102.42 564.491 2432.68 -1 0
5315.35 14.2278 -7521.81 9210.97 -1 1
event 31
8731.24 6008.29 19643.5 22534.3
2331.56 -2690.62 16042.8 16433.5 1 0
1977.72 2754.25 4490.01 5627.49 -1 1
6753.52 3254.04 15153.5 16906.8 1 1
3418.94 -3026.89 16048.1 16685.4 -1 0
event 32
-10926 4002.7 -27214.3 29759.2
-5756.16 2530.68 -10927.2 12607.7 -1 1
-5169.82 1472.02 -16287.1 17151.6 1 1
-3486.4 5635.93 -18190.1 19360 -1 0
-617.774 4682.4 -16881.9 17530.4 1 0
event 33
-7278.59 -1889.33 -2911.54 8638.05
3412.16 -474.552 3629.99 5005.6 1 0
-1728.67 -1616.92 -1787.29 2967.88 -1 1
-5549.91 -272.408 -1124.25 5670.17 1 1
4285.97 -1282.6 1949.09 4881.06 -1 0
event 34
2893.67 -11002 48682.6 50090
2287.15 -6664.42 23674.3 24700.8 1 1
606.521 -4337.61 25008.4 25389.2 -1 1
2522.6 2952.26 7022.57 8025.4 -1 0
2436.98 2120.35 10410.9 10901 1 0
event 35
-10060.5 3833.46 4829.53 12199.3
2034.25 -4557.07 11105.1 12175.4 -1 0
-4961.94 967.228 858.198 5128.75 1 1
1285.55 1756.78 4963.42 5420.85 1 0
-5098.54 2866.23 3971.33 7070.58 -1 1
event 36
5946.3 -20503.9 -35084.9 41186.3
-1231.07 3711.87 -1568.29 4214.76 1 0
437.308 -2748.77 -6693.74 7250.12 1 1
5508.99 -17755.2 -28391.2 33936.2 -1 1
-5049.95 9196.45 -4297.11 11338.1 -1 0
event 37
-2825.55 -9527.06 -11785.6 15723.8
-97.1655 -5457.29 -6965.3 8849.75 -1 1
-2728.38 -4069.77 -4820.26 6874.1 1 1
-16136.9 17981.5 -63825 68245 -1 0
-2640.28 2810.5 -11963.4 12570 1 0
event 38
-9349.5 -5277.68 -3817.37 11808.1
-6678.33 -2219.7 -1760.3 7255.13 -1 1
-2671.17 -3057.98 -2057.07 4552.92 1 1
3297.98 -1588.72 9120.46 9828.26 -1 0
2447.33 -3505.8 5418.61 6903.08 1 0
event 39
-6856.53 8156.08 5659.81 12456.2
4000.87 -3835.81 24939.5 25548.2 1 0
-2387.94 2660.5 3610.18 5081.84 1 1
7025.89 -7284.19 55180.2 56100.7 -1 0
-4468.59 5495.58 2049.63 7374.41 -1 1
event 40
-2052.85 8737.04 49984.6 50878.3
-2593.82 4301.01 26678.4 27147.3 -1 1
540.962 4436.02 23306.2 23731 1 1
2486.2 -5144.73 23241.3 23933.7 -1 0
1931.2 -1921.03 8098.55 8545.03 1 0
event 41
5492.09 -14548.4 24151.7 28891.4
1638.37 -7975.64 10909.7 13613.5 1 1
3853.72 -6572.79 13242 15277.9 -1 1
1465.04 10639.5 38302.7 39780.1 -1 0
2244.57 5875.53 17083.9 18205.2 1 0
event 42
-11306.5 -568.442 -5049.01 12776.7
-65.4685 9428.98 -7310.02 11931.4 1 0
-5360.05 604.647 -3768.58 6580.96 1 1
-979.506 3983.69 -1894.34 4519.83 -1 0
-5946.41 -1173.09 -1280.43 6195.69 -1 1
event 43
10428 -7972.38 21729.5 25574.6
-3582.43 -1355.81 5839.79 6984.72 -1 0
1654.73 -2774.38 6278.26 7061.38 -1 1
8773.3 -5198 15451.2 18513.3 1 1
-4810.74 -462.423 4934.34 6907.67 1 0
event 44
-4910.02 -8037.41 -1955.41 10105.6
4975.91 3372 12264.5 13658.7 1 0
-1139.93 -4782.97 -1248.63 5074.1 -1 1
1616.06 1398.25 6210.85 6569.06 -1 0
-3770.1 -3254.43 -706.786 5031.47 1 1
event 45
-4204.88 2417.88 -7198.98 9216.43
-3052.41 132.527 -4894.16 5770.5 -1 1
-1152.47 2285.35 -2304.82 3445.92 1 1
-9611.24 -19585 -92807.2 95336.9 -1 0
-9001.44 -16501.8 -89063.4 91025.5 1 0
event 46
-9479.85 -2904.26 -11056.7 15170.5
3142.71 3801.61 109.972 4934.78 -1 0
-2495.75 -2140.64 -2727.39 4273.28 -1 1
-6984.1 -763.621 -8329.32 10897.2 1 1
1497.38 2132.56 -599.617 2675.94 1 0
event 47
-2710.11 -11420.2 13703.4 18306.8
3996.85 -1643.32 -25635.4 25997.3 1 0
-511.776 -5847.36 8728.07 10518.7 1 1
2197.2 1236.25 -12939.3 13183.1 -1 0
-2198.34 -5572.87 4975.32 7788.1 -1 1
event 48
11884.1 -7966.14 -16334.8 21934.2
-2585.47 1632.67 -9079.5 9581.16 1 0
5181.63 -1700.15 -6443.95 8442.48 1 1
-1917.16 1791.39 -5131.39 5764.28 -1 0
6702.47 -6265.99 -9890.83 13491.7 -1 1
event 49
-1993.45 10978 55902.3 57124
-2867.72 6776.15 31613.9 32459.1 1 1
874.27 4201.9 24288.4 24664.9 -1 1
3111.96 -2839.69 -6161.47 7464.78 -1 0
2109.81 -2717.04 -11179.7 11697.5 1 0
event 50
-22157.5 7427.53 -2079.46 23665.1
8569.4 1460.78 -10119.2 13340.8 -1 0
-5875.62 2288.14 -1913.54 6590.24 1 1
-16281.9 5139.38 -165.928 17074.9 -1 1
5197.88 -104.795 -7382.22 9029.8 1 0
event 51
-11092.7 -8165.01 32062.7 35033.2
-7236.36 -6769.14 20627.2 22884 1 1
-3856.39 -1395.87 11435.5 12149.1 -1 1
-12014.5 -12557.3 45162.4 48391 -1 0
-2075.79 -1987.96 7693.86 8213.86 1 0
