event 0
8094.66 -4089.92 3413.79 10173.3
4614.82 -1313.78 3091.44 5708.83 -1 1
3479.84 -2776.14 322.346 4464.45 1 1
-13934.5 -12197.6 33415.6 38204.3 -1 0
-1643.37 -2584.97 4068.03 5093.41 1 0
event 1
9214.34 1727.51 -10149 14159.1
1670.01 -2985.63 -1184.1 3621.63 1 0
3912.14 1468.57 -2575.22 4909.63 -1 1
-1030.87 -2124.5 -55.6106 2364.41 -1 0
5302.2 258.942 -7573.77 9249.52 1 1
event 2
4521.83 -4399.86 475.247 7044.33
3236.85 -2114.59 1604.97 4187.58 1 1
1284.98 -2285.27 -1129.72 2856.76 -1 1
4736.56 -4957.52 -934.102 6920.67 -1 0
-1062.31 -4067.84 -13208.7 13862 -1 0
event 3
9210.43 -853.652 794.159 9786.82
-3705.79 -2316.16 -2242.62 4913.04 -1 0
3072.7 422.3 -1008.22 3263.05 1 1
6137.73 -1275.95 1802.38 6523.77 -1 1
-1999.99 -1395.57 -4084.15 4758.04 1 0
event 4
8380.6 1774.08 9272.74 12998.3
4420.41 654.329 6973.27 8282.87 1 1
3960.18 1119.75 2299.47 4715.46 -1 1
2447.36 2838.92 2909.32 4745.98 -1 0
4290.22 1016 4307.21 6164.53 1 0
event 5
13906.1 -14369.5 114981 116748
-4136.84 -352.212 204.733 4158.2 -1 0
3171.86 -2080.21 17083.4 17499.8 -1 1
10734.2 -12289.3 97897.8 99248.4 1 1
-6777.68 253.861 537.152 6804.49 1 0
event 6
-25114.2 8431.46 84219.5 88342.1
-4558.56 -212.78 22931.6 23381.6 1 0
-7575.67 3094.06 30581.3 31657.4 1 1
-1836.92 -1389.85 5403.67 5875.1 -1 0
-17538.5 5337.39 53638.1 56684.6 -1 1
event 7
-6076.44 6126.64 8159.56 12273.1
2549.77 -1818.22 -1375.85 3422.19 1 0
-329.697 2084.77 1495.77 2589.11 1 1
5523.48 -8130.43 -6185.81 11614.1 -1 0
-5746.74 4041.87 6663.79 9683.96 -1 1
event 8
-7006.9 -2297.21 -8375.84 11581
-4306.72 32.9766 -5570.66 7042.18 1 1
-2700.18 -2330.19 -2805.18 4538.83 -1 1
2982.66 7582.57 -28592 29730.6 -1 0
2201.49 2684.19 -9538.03 10150.7 1 0
event 9
-12755.6 -3730.38 -13887.3 19469.7
-8447.8 -3113.61 -11133.6 14318.8 -1 1
-4307.79 -616.777 -2753.78 5150.92 1 1
1632.47 1795.37 -5215.27 5753.13 -1 0
2929.56 3999.78 -16371.5 17106.1 1 0
event 10
-1462.41 81691.8 45059.8 93357.8
-2312 64215.9 35985.3 73647.7 1 1
849.585 17475.9 9074.47 19710.1 -1 1
2847.66 -15176.6 53599.4 55779.4 -1 0
469.417 -2941.31 11534.8 11913.6 1 0
event 11
-463.335 41967.7 22899.2 47911
-1755.2 22445.8 12617.1 25808.9 1 1
1291.87 19521.8 10282.1 22102.1 -1 1
2160.27 -9613.42 40703.9 41879.6 -1 0
4569.45 -19926.2 68802.9 71775.9 1 0
event 12
-4150.13 -7813.23 -17090.9 19492.6
3039.75 1680.11 -1150.9 3660.4 1 0
-750.852 -3035 -3523.82 4712.06 1 1
-3399.28 -4778.23 -13567.1 14780.5 -1 1
4074.4 946.47 -4172.62 5909.18 -1 0
event 13
-6141.4 -3556.98 -6346.89 10209.8
-4276.22 -985.933 -1996.94 4822.56 1 1
-1865.18 -2571.04 -4349.96 5387.25 -1 1
-2052.29 -1077.3 10312.7 10570.5 1 0
-2774.92 3075.84 1703.17 4480.28 -1 0
event 14
-5054.42 -6060.81 20306 22004.6
-3283.29 -3352.85 7956.81 9238.16 1 1
-1771.12 -2707.96 12349.2 12766.5 -1 1
2825.55 5281.05 890.646 6056.21 1 0
1663.46 5001.89 2295.34 5750.28 -1 0
event 15
-11564.5 -4828.03 22942.5 26324.9
2602.25 1621.49 1834.81 3574.72 1 0
-3750.12 -2799.32 6537.05 8040.13 -1 1
1781.3 1511.51 2117.22 3154.59 -1 0
-7814.43 -2028.71 16405.5 18284.7 1 1
event 16
7234.03 3426.83 26661.9 28009.3
3247.86 3153.05 12527 13320.2 -1 1
3986.18 273.778 14134.9 14689.2 1 1
295.414 8492.35 -10042.4 13155.6 -1 0
-441.502 2705.28 -3081.71 4125.72 1 0
event 17
-4901.99 14996.7 8968.55 18410.8
-4588.27 9286.66 5814.83 11879.3 -1 1
-313.726 5710.06 3153.72 6531.48 1 1
4917.4 -2071.85 20579.2 21260 -1 0
4589.15 -4985.34 20928.2 21998.1 1 0
event 18
6998.89 -2407.29 8084.86 11390.1
3474.17 -3504.75 6144.2 7881.34 1 0
2283.25 -2257.02 2448.73 4039.17 -1 1
387.949 -2360.49 6579.81 7001.96 -1 0
4715.64 -150.261 5636.13 7350.98 1 1
event 19
-17890.7 24338.2 -92274.4 97142.1
-10622.2 16773.7 -61996.9 65098.5 1 1
-7268.45 7564.51 -30277.5 32043.6 -1 1
-4448.81 83.2849 -25007.7 25400.7 -1 0
-1994.62 -403.876 -8718 8953.01 1 0
event 20
-1431.99 7163.82 2697.06 8380.72
-1789.95 3800.21 2703.31 4996.46 -1 1
357.967 3363.61 -6.24683 3384.26 1 1
-4551.77 -5737.64 4325.11 8506.28 -1 0
-413.092 -2086.5 1037.73 2369 1 0
event 21
-2899.31 -11463.2 4191.75 12921.8
-4803.26 3143.51 -13585.4 14748.8 1 0
144.908 -5228.85 2396.19 5754.54 -1 1
-7378.2 7251.2 -26896.3 28817.3 -1 0
-3044.22 -6234.32 1795.56 7167.24 1 1
event 22
-4391.84 6141.44 -13632.4 15888.3
-1893.45 3853.07 -10186 11054.3 -1 1
-2498.39 2288.38 -3446.44 4834.02 1 1
-6519.43 8309.11 8562.94 13597 -1 0
-1497.51 2099.73 1958.51 3240.11 1 0
event 23
9593.2 8303 -6418.55 14688.5
5218.97 5070.42 -5610.16 9188.68 1 1
4374.23 3232.59 -808.388 5499.83 -1 1
-4100.83 -2975.52 -27256 27723.1 -1 0
-3193.83 -1161.97 -20509.1 20789 1 0
event 24
2977.7 10214.9 18117 21237.4
2187.56 5331 6989.73 9059.39 -1 1
790.139 4883.95 11127.3 12178.1 1 1
2572.83 6200.34 19260.8 20397.4 -1 0
1707.7 1961.58 5221.2 5834.05 1 0
event 25
-9982.3 -3888.66 1725.42 11284.2
-6134.47 -2663.71 -435.994 6702.86 -1 1
-3847.83 -1224.95 2161.41 4581.39 1 1
-1731.34 2684.46 -4582.66 5587.11 -1 0
-4912.41 4325.41 -4498.48 7942.82 1 0
event 26
-10794.3 -5153.19 -373.533 12361.3
-5689.1 4796.58 -7345.76 10456.8 -1 0
-2151.62 -2490.04 201.857 3298.73 1 1
-8642.7 -2663.16 -575.391 9062.61 -1 1
-1706.34 1816.82 -2501.8 3533.07 1 0
event 27
-7432.46 15977.7 2139.04 18019.3
-2741.44 9390.74 1608.67 9914.66 1 1
-4691.02 6586.93 530.369 8104.68 -1 1
9552.25 -2286.03 6579.57 11822.6 -1 0
7632.15 565.489 3546.27 8435.44 1 0
event 28
-11023.7 -3922.04 -46710.7 48253.3
1308.65 2832.57 -7063.47 7722.68 1 0
-1575.44 -1814.36 -10364 10639.4 -1 1
-9448.27 -2107.68 -36346.7 37613.9 1 1
5791.29 5455.64 -13443.4 15621.8 -1 0
event 29
9024.56 4430.33 -7533.95 12939.2
-5403.02 -1308.26 -29201.3 29726 1 0
2976.27 2920.02 -3966.71 5755.92 1 1
6048.29 1510.31 -3567.24 7183.26 -1 1
2407.76 -791.168 -287.435 2552.85 -1 0
event 30
5246.29 5688.77 -11685.7 14353.8
-4117.9 569.813 -11791.2 12503 -1 0
2276.02 1773.04 -2063.91 3548.92 1 1
-6224.1 509.092 -10797.3 12473.7 1 0
2970.27 3915.73 -9621.79 10804.9 -1 1
event 31
-7026.6 1879.75 5179.21 9451
-4078.39 1273.52 1159.9 4428.5 -1 1
-2948.21 606.226 4019.31 5022.5 1 1
10560.1 -3.76789 -21046.9 23547.8 -1 0
2104.88 -38.9029 -3442.04 4036.19 1 0
event 32
2236.7 -58540 -76316.1 96258.4
-4687.13 330.635 -2714.68 5427.63 1 0
-702.502 -11423.3 -14170.8 18215.6 -1 1
-3781.25 -337.693 -1638.33 4136.08 -1 0
2939.2 -47116.7 -62145.4 78042.8 1 1
event 33
3479.85 12640.1 -7910.46 15622
53.0338 -7895.39 20039.3 21538.9 -1 0
-312.782 4110.03 -2121.33 4636.96 -1 1
3792.63 8530.03 -5789.13 10985 1 1
-1875.39 -2937.61 9850.17 10449.1 1 0
event 34
-6826.18 6311.31 4674.28 10856.9
-3205.15 4873.38 2171.09 6224.76 1 1
-3621.03 1437.93 2503.19 4632.13 -1 1
4184.85 -5967.07 1220.07 7390.44 -1 0
2448.11 -1414.06 1255.95 3095.38 1 0
event 35
-5951.09 -29364.1 -124825 128408
-2512.87 -18456.7 -81099.7 83211.4 1 1
-3438.23 -10907.4 -43725.6 45196.5 -1 1
10827.6 2789.8 -1243.82 11250.7 -1 0
5133.92 2123.96 -1425.19 5736.78 1 0
event 36
-9191.15 -34332.7 -139558 144046
-7177 -23058 -98872.5 101779 -1 1
-2014.14 -11274.6 -40685.6 42267 1 1
6194.5 1503.52 -1667.55 6589.71 -1 0
4179.15 844.42 -588.342 4305.3 1 0
event 37
-10468.4 -93.9371 -12390.4 16514
-5926.32 1420.12 -6293.53 8761.14 -1 1
-4542.11 -1514.06 -6096.86 7752.81 1 1
-14928.3 -5028.33 -25122 29652.4 -1 0
-2848.33 -1167.59 -3771.57 4869.51 1 0
event 38
16014.8 -387.762 -6010.89 17388.1
10212.7 285.813 -2318.43 10477 -1 1
5802.05 -673.576 -3692.46 6911.07 1 1
-10429.2 -6465.34 -14202 18769.1 -1 0
-2487.07 -2396.01 -5493.94 6490.07 1 0
event 39
10983.5 11747.3 26547.4 31192.8
3323.61 3213.14 14267.7 14998.3 -1 0
2119.29 3855.67 5669.5 7177.18 1 1
8864.25 7891.67 20877.9 24015.7 -1 1
1641.14 1872.02 5072.75 5651.7 1 0
event 40
-8536.31 -2358.4 9605.16 13426.9
2986.38 -2178.79 6009.88 7056.59 -1 0
-2733.79 -871.102 1215.88 3118.01 -1 1
-5802.52 -1487.3 8389.28 10308.9 1 1
3972.93 -1706.03 11395.2 12188.4 1 0
event 41
-12845 -137.106 -25121.9 28385.1
-3696.95 4708.27 -11604.1 13057.6 -1 0
-4521.78 948.984 -11372.8 12276 1 1
-8323.21 -1086.09 -13749.1 16109.1 -1 1
-525.538 2326.46 -4980.12 5522.8 1 0
event 42
-11192.4 1709.14 32641.9 34688.2
3586.86 -4556.94 8583.87 10359.8 -1 0
-4774.15 2004.6 12017.1 13085.6 -1 1
-6418.26 -295.466 20624.8 21602.6 1 1
1761.84 -2938.09 3532.34 4921.89 1 0
event 43
-12743.2 -5023.49 -1021.24 14080.4
-2616.2 1660.76 402.258 3126.6 1 0
-4059.41 -3165.79 -78.2088 5149.6 -1 1
-2019.23 -482.102 -1777.54 2735.05 -1 0
-8683.76 -1857.7 -943.029 8930.8 1 1
event 44
8287.58 4873.25 3030.57 10545.5
4211.44 3284.57 5196.03 7452.15 -1 0
3520.99 1399.94 -244.752 3798.46 1 1
4766.6 3473.31 3275.32 6747.09 -1 1
2828.97 126.705 2111.35 3533.85 1 0
event 45
6850.88 4792.67 2897.9 9375.14
3588.46 477.613 3921.58 5338.08 1 0
2353.63 2348.16 -298.141 3339.68 1 1
4497.25 2444.51 3196.04 6035.45 -1 1
3699.53 2757.4 3074.87 5545.79 -1 0
event 46
5717.28 4767.36 -26906.3 28088.3
-3877.17 -642.728 -22699.6 23037.5 1 0
1226.72 2915.06 -9283.42 9807.93 -1 1
-17576.4 -2170.75 -102450 103969 -1 0
4490.57 1852.3 -17622.9 18280.4 1 1
event 47
-2593.89 14120.9 17334.5 22720.1
-867.448 -6882.04 -8098.57 10663.6 -1 0
-2154.87 5842.24 9162.78 11078.9 1 1
-439.027 8278.68 8171.68 11641.2 -1 1
36.666 -2866.96 -1172.62 3099.52 1 0
event 48
-5863.1 -12159.4 -4275.68 14494.8
-1515.17 -7031.88 3984.07 8223.57 -1 0
-2510.26 -4611.23 -3239.41 6170.08 -1 1
432.342 -9538.03 4771.67 10674.3 1 0
-3352.84 -7548.17 -1036.27 8324.75 1 1
event 49
5131.65 -1630.97 10602 12287.6
3342.18 -169.794 3612.63 4925.58 -1 1
1789.46 -1461.18 6989.32 7362 1 1
-9024.42 -3404.32 -43711.8 44763.4 1 0
-6100.95 -3544.84 -28959.7 29807.1 -1 0
event 50
-6262.44 9700.72 15619.8 19669.6
1740.6 -4564.73 9322.11 10525.2 -1 0
-2837.63 2957.57 7665.68 8693.28 -1 1
-3424.81 6743.15 7954.13 10976.3 1 1
-1099.34 -2241.47 7210.21 7630.92 1 0
event 51
-1722.86 9870.09 -952.293 10530.2
-2046.12 4883.52 515.628 5320.94 -1 1
323.256 4986.57 -1467.92 5209.26 1 1
3340.69 -2779.95 -1623.21 4640.5 -1 0
2465.1 -1880.26 1052.23 3275.73 1 0
event 52
25291.3 5438.27 20822.6 33352.6
-861.627 5423.18 8526.8 10142.5 1 0
10399.1 3626.55 7931.31 13572.4 1 1
-2151.42 1768.33 2774.71 3932.66 -1 0
14892.1 1811.72 12891.3 19780.2 -1 1
event 53
3261.63 -4245.52 6466.44 9168.87
-3179.99 -1053.32 7997.33 8671.23 -1 0
-397.021 -2283.79 1924.66 3014.77 1 1
-4057.43 -1575.98 6602.88 7909.22 1 0
3658.65 -1961.73 4541.78 6154.1 -1 1
event 54
3963.25 8310.46 -2087.23 9935.73
3415.9 4733.33 -173.461 5840.72 1 1
547.346 3577.13 -1913.76 4095.01 -1 1
-1803.47 -6324.23 24354.4 25226.9 -1 0
933.854 -2008.76 9962.57 10206.4 1 0
event 55
10093.2 5447.4 61099.6 62243.9
-6797.43 -3630.19 -23117.3 24368.1 1 0
1924.73 595.509 5975 6306.42 1 1
-12323.7 -4468.71 -29389.9 32181.1 -1 0
8168.49 4851.89 55124.6 55937.5 -1 1
event 56
5709.35 13887.6 -42867.1 45526.3
4232.87 6450.93 -23101 24355.7 -1 1
1476.48 7436.68 -19766.1 21170.6 1 1
-4299.03 88.182 5645.65 7097.46 -1 0
-1177.28 1907.76 2034.13 3028.92 1 0
event 57
6460.26 3393.1 138.008 7928.3
4487.51 661.754 349.713 4550.73 1 1
1972.74 2731.34 -211.705 3377.56 -1 1
-1972.85 -1534.27 8868.31 9214.35 -1 0
-2626.32 -3215.97 9991.52 10820.4 1 0
event 58
16578.8 8380.28 -11524.9 22079.4
-1966.23 -2293.1 -14302.8 14618.7 1 0
6201.73 1502.78 -3793.51 7424.4 -1 1
-2447.67 -1282.64 -13760.9 14036 -1 0
10377 6877.5 -7731.38 14655 1 1
event 59
-7539.22 -7959.49 -54444 55623.2
5364.19 5524.62 -4516.57 8927.85 1 0
-2107.17 -1555.23 -7786.95 8216.24 -1 1
9567.81 4896.09 -5133.07 11911.1 -1 0
-5432.05 -6404.26 -46657.1 47406.9 1 1
event 60
11295.4 6277.61 -56435.3 58013.2
5400.86 4840.03 -34489.1 35243.5 -1 1
5894.53 1437.58 -21946.2 22769.7 1 1
-4122.69 -17.9653 -20125.5 20543.7 -1 0
-3689.82 -1089.22 -15857.6 16318 1 0
event 61
449.453 9853.42 -25165.5 27206.4
526.421 5279.16 -17417.4 18207.8 -1 1
-76.9679 4574.27 -7748.14 8998.59 1 1
1925.91 -7035.76 -28529.1 29447.1 -1 0
-473.052 -3070.67 -16432.8 16724.2 1 0
event 62
6373.57 4216.04 9672.15 12709.8
-2744.48 -1323.8 -455.173 3082.69 1 0
2127.82 2102.56 6019.29 6722.46 1 1
-7491.38 -4964.37 -3709.1 9722.88 -1 0
4245.75 2113.48 3652.86 5987.3 -1 1
event 63
1009.76 10459.7 17439.3 20594.7
729.073 5835.42 6804.65 8994.34 1 1
280.689 4624.26 10634.6 11600.4 -1 1
5895.74 -5739.89 20769.2 22340 -1 0
538.38 -2792.64 9067.8 9503.93 1 0
